Date,Time,Open,High,Low,Close,Volume,OpenInt
2017-03-28,15:35:00,23.87,23.87,23.87,23.87,6200,0
2017-03-28,15:40:00,23.87,23.87,23.87,23.87,122,0
2017-03-28,15:50:00,23.87,23.87,23.87,23.87,400,0
2017-03-28,16:00:00,23.89,23.89,23.89,23.89,100,0
2017-03-28,16:05:00,23.89,23.89,23.89,23.89,349,0
2017-03-28,16:10:00,23.89,23.9025,23.89,23.9025,1350,0
2017-03-28,16:45:00,23.91,23.919,23.8982,23.91,1140,0
2017-03-28,16:55:00,23.9043,23.9043,23.9043,23.9043,850,0
2017-03-28,17:00:00,23.91,23.92,23.91,23.92,348,0
2017-03-28,17:10:00,23.91,23.91,23.9083,23.9083,1042,0
2017-03-28,17:25:00,23.9199,23.92,23.9001,23.9001,1220,0
2017-03-28,17:35:00,23.92,23.97,23.9039,23.93,6580,0
2017-03-28,17:50:00,23.92,23.92,23.92,23.92,1000,0
2017-03-28,18:00:00,23.93,23.93,23.93,23.93,1000,0
2017-03-28,18:05:00,23.96,23.96,23.96,23.96,100,0
2017-03-28,18:10:00,23.95,23.95,23.93,23.93,3545,0
2017-03-28,18:15:00,23.9364,23.94,23.9364,23.94,1200,0
2017-03-28,18:20:00,23.9314,23.94,23.9314,23.94,1100,0
2017-03-28,18:30:00,23.935,23.935,23.93,23.93,304,0
2017-03-28,18:40:00,23.9024,23.9024,23.89,23.89,2500,0
2017-03-28,18:45:00,23.914,23.93,23.914,23.93,200,0
2017-03-28,18:55:00,23.93,23.93,23.93,23.93,3200,0
2017-03-28,19:10:00,23.92,23.93,23.92,23.93,2300,0
2017-03-28,19:15:00,23.93,23.93,23.93,23.93,100,0
2017-03-28,19:25:00,23.93,23.93,23.93,23.93,500,0
2017-03-28,19:30:00,23.9167,23.94,23.89,23.94,2354,0
2017-03-28,19:40:00,23.9399,23.94,23.9399,23.94,659,0
2017-03-28,19:45:00,24,24,23.94,23.96,2700,0
2017-03-28,19:55:00,23.96,23.96,23.89,23.9266,1400,0
2017-03-28,20:00:00,23.95,23.95,23.95,23.95,200,0
2017-03-28,20:05:00,23.95,23.95,23.8906,23.8906,510,0
2017-03-28,20:10:00,23.95,23.95,23.89,23.9278,1600,0
2017-03-28,20:15:00,23.95,23.95,23.95,23.95,300,0
2017-03-28,20:20:00,23.89,23.95,23.89,23.95,1238,0
2017-03-28,20:25:00,23.8878,23.93,23.8878,23.93,800,0
2017-03-28,20:30:00,23.9162,23.93,23.9162,23.93,2318,0
2017-03-28,20:40:00,23.92,23.93,23.917,23.93,820,0
2017-03-28,20:50:00,23.88,23.88,23.88,23.88,500,0
2017-03-28,20:55:00,23.9218,23.9218,23.9218,23.9218,1000,0
2017-03-28,21:00:00,23.93,23.93,23.88,23.88,1700,0
2017-03-28,21:05:00,23.88,23.88,23.88,23.88,250,0
2017-03-28,21:15:00,23.93,23.93,23.93,23.93,200,0
2017-03-28,21:25:00,23.91,23.9275,23.8843,23.9275,4008,0
2017-03-28,21:30:00,23.9152,23.9152,23.9152,23.9152,130,0
2017-03-28,21:40:00,23.89,23.89,23.88,23.88,500,0
2017-03-28,21:45:00,23.88,23.93,23.88,23.93,2971,0
2017-03-28,21:50:00,23.9299,23.9299,23.9299,23.9299,121,0
2017-03-28,21:55:00,23.8825,23.8825,23.8825,23.8825,111,0
2017-03-28,22:00:00,23.9131,23.9131,23.9131,23.9131,100,0
2017-03-29,15:35:00,23.99,23.99,23.9899,23.9899,4739,0
2017-03-29,15:40:00,23.97,23.97,23.96,23.96,2271,0
2017-03-29,16:00:00,23.98,23.9899,23.98,23.9899,815,0
2017-03-29,16:15:00,23.9747,23.9747,23.9747,23.9747,500,0
2017-03-29,16:20:00,23.99,23.99,23.99,23.99,1607,0
2017-03-29,16:25:00,23.99,23.99,23.989,23.99,3200,0
2017-03-29,16:30:00,23.97,23.97,23.97,23.97,138,0
2017-03-29,16:35:00,23.97,23.99,23.97,23.99,500,0
2017-03-29,16:40:00,23.99,23.99,23.99,23.99,300,0
2017-03-29,16:45:00,23.99,23.99,23.99,23.99,100,0
2017-03-29,17:00:00,23.98,23.98,23.98,23.98,600,0
2017-03-29,17:10:00,23.99,24.02,23.99,24.02,11245,0
2017-03-29,17:15:00,24.0199,24.0199,23.97,23.97,953,0
2017-03-29,17:20:00,23.971,23.971,23.971,23.971,400,0
2017-03-29,17:35:00,24.02,24.02,23.9863,23.9863,900,0
2017-03-29,17:40:00,24.02,24.02,24.02,24.02,100,0
2017-03-29,17:45:00,23.98,23.98,23.98,23.98,400,0
2017-03-29,18:10:00,24.0056,24.0056,24.0056,24.0056,400,0
2017-03-29,18:15:00,24.0056,24.0056,24.0014,24.0014,1300,0
2017-03-29,18:30:00,24.01,24.02,24.01,24.02,500,0
2017-03-29,18:45:00,24,24,24,24,875,0
2017-03-29,18:55:00,23.981,23.981,23.981,23.981,600,0
2017-03-29,19:00:00,24.0165,24.02,24.01,24.01,1350,0
2017-03-29,19:05:00,24.0292,24.0292,24.0292,24.0292,821,0
2017-03-29,19:25:00,24.01,24.04,24.01,24.04,200,0
2017-03-29,19:30:00,24.041,24.041,24.0237,24.0237,946,0
2017-03-29,19:35:00,24.04,24.04,24.034,24.034,1300,0
2017-03-29,19:40:00,24.0499,24.0499,24.0499,24.0499,820,0
2017-03-29,19:45:00,24.0499,24.0499,24.0101,24.0101,610,0
2017-03-29,19:50:00,24.01,24.04,24.01,24.01,1600,0
2017-03-29,20:05:00,24.0499,24.0499,24.01,24.01,600,0
2017-03-29,20:10:00,24.0499,24.0499,23.99,24.008,2042,0
2017-03-29,20:15:00,24.05,24.05,24.0049,24.0049,382,0
2017-03-29,20:20:00,23.98,23.98,23.98,23.98,205,0
2017-03-29,20:30:00,23.98,23.99,23.98,23.98,300,0
2017-03-29,20:40:00,24.017,24.017,24.017,24.017,493,0
2017-03-29,20:45:00,24.01,24.04,24.01,24.01,300,0
2017-03-29,20:50:00,24.03,24.05,24.0289,24.03,3936,0
2017-03-29,20:55:00,24.03,24.03,24.03,24.03,420,0
2017-03-29,21:00:00,24.04,24.04,24.03,24.03,2100,0
2017-03-29,21:05:00,23.99,23.99,23.99,23.99,100,0
2017-03-29,21:10:00,23.99,23.99,23.98,23.98,1600,0
2017-03-29,21:15:00,23.98,23.98,23.98,23.98,100,0
2017-03-29,21:20:00,23.99,24.04,23.97,24.0399,2926,0
2017-03-29,21:25:00,24.03,24.04,24.006,24.016,1000,0
2017-03-29,21:30:00,24.03,24.03,24.03,24.03,200,0
2017-03-29,21:35:00,23.97,23.9917,23.97,23.9917,1000,0
2017-03-29,21:50:00,23.99,24.0099,23.99,24.0099,400,0
2017-03-29,21:55:00,23.99,24.0099,23.99,24,1100,0
2017-03-29,22:00:00,24,24,24,24,300,0
2017-03-30,15:35:00,24.03,24.03,24.03,24.03,3955,0
2017-03-30,15:40:00,24.02,24.02,24.02,24.02,100,0
2017-03-30,15:45:00,24.02,24.0299,24.01,24.0109,3727,0
2017-03-30,15:50:00,24,24,23.99,23.999,1200,0
2017-03-30,15:55:00,23.99,23.99,23.98,23.98,400,0
2017-03-30,16:05:00,23.9964,23.9964,23.9964,23.9964,100,0
2017-03-30,16:10:00,23.9964,23.9964,23.9964,23.9964,100,0
2017-03-30,16:15:00,23.98,24,23.97,23.97,923,0
2017-03-30,16:40:00,23.97,23.97,23.93,23.93,1250,0
2017-03-30,16:45:00,23.9634,23.9634,23.93,23.93,368,0
2017-03-30,16:50:00,23.9689,23.9689,23.9689,23.9689,417,0
2017-03-30,17:35:00,23.948,23.99,23.948,23.99,300,0
2017-03-30,17:45:00,23.9899,23.9899,23.9207,23.97,1400,0
2017-03-30,17:55:00,23.9899,23.99,23.94,23.99,608,0
2017-03-30,18:00:00,23.9519,23.99,23.9519,23.97,1340,0
2017-03-30,18:05:00,23.97,23.9701,23.97,23.97,613,0
2017-03-30,18:10:00,23.9899,23.9899,23.9899,23.9899,500,0
2017-03-30,18:15:00,23.99,23.99,23.99,23.99,100,0
2017-03-30,18:30:00,23.99,23.99,23.95,23.95,1325,0
2017-03-30,18:50:00,23.95,23.95,23.94,23.94,1000,0
2017-03-30,19:00:00,23.9558,24,23.9558,23.9999,2196,0
2017-03-30,19:05:00,23.9835,23.9835,23.9835,23.9835,1200,0
2017-03-30,19:10:00,24,24,24,24,600,0
2017-03-30,19:15:00,23.9781,23.9781,23.9781,23.9781,660,0
2017-03-30,19:20:00,23.972,24,23.972,24,1974,0
2017-03-30,19:25:00,23.96,23.96,23.96,23.96,1000,0
2017-03-30,19:30:00,23.9999,23.9999,23.9999,23.9999,400,0
2017-03-30,19:35:00,24,24,23.9999,23.9999,3000,0
2017-03-30,19:40:00,24.02,24.02,24.02,24.02,550,0
2017-03-30,19:45:00,24.0199,24.0199,24.0199,24.0199,400,0
2017-03-30,20:00:00,23.97,23.9786,23.95,23.95,1934,0
2017-03-30,20:05:00,23.958,24,23.958,23.9845,5750,0
2017-03-30,20:10:00,24.02,24.04,24.0124,24.0124,2801,0
2017-03-30,20:20:00,24,24,24,24,300,0
2017-03-30,20:35:00,24,24,24,24,1115,0
2017-03-30,20:40:00,24.01,24.01,23.9878,23.9878,200,0
2017-03-30,20:45:00,23.9716,23.9716,23.9716,23.9716,110,0
2017-03-30,20:50:00,24.01,24.01,23.9872,23.9872,26100,0
2017-03-30,20:55:00,23.98,24.01,23.9501,23.955,4400,0
2017-03-30,21:00:00,24.0099,24.01,23.992,24.01,1534,0
2017-03-30,21:05:00,24.009,24.009,24.009,24.009,527,0
2017-03-30,21:10:00,24,24.01,23.9891,24.01,600,0
2017-03-30,21:15:00,23.975,24.01,23.975,24.01,2825,0
2017-03-30,21:35:00,23.9903,24,23.99,24,1297,0
2017-03-30,21:45:00,24,24,23.9969,23.9969,675,0
2017-03-30,21:50:00,24,24.01,24,24.01,775,0
2017-03-30,21:55:00,24,24,24,24,200,0
2017-03-30,22:00:00,24.009,24.0099,24.009,24.0099,2297,0
2017-03-31,15:35:00,24.02,24.02,24.0062,24.0062,2165,0
2017-03-31,16:15:00,24.01,24.02,24.006,24.006,720,0
2017-03-31,16:20:00,24.006,24.02,24,24.018,740,0
2017-03-31,16:30:00,24.01,24.01,24.01,24.01,100,0
2017-03-31,16:45:00,24.02,24.02,24.02,24.02,280,0
2017-03-31,17:05:00,24.0199,24.0199,24.0199,24.0199,800,0
2017-03-31,17:10:00,24.02,24.02,24.02,24.02,300,0
2017-03-31,17:15:00,24.02,24.02,24.02,24.02,600,0
2017-03-31,17:20:00,24,24,24,24,114,0
2017-03-31,17:40:00,24.0122,24.0122,24.0122,24.0122,100,0
2017-03-31,17:55:00,24.02,24.02,24.0158,24.02,1060,0
2017-03-31,18:05:00,24.0199,24.0199,24.0199,24.0199,200,0
2017-03-31,18:25:00,24,24,24,24,500,0
2017-03-31,18:35:00,24.0149,24.0149,24.0149,24.0149,1000,0
2017-03-31,18:40:00,24.0001,24.0117,24.0001,24.0117,2650,0
2017-03-31,18:55:00,24.006,24.006,24.006,24.006,100,0
2017-03-31,19:00:00,24.02,24.04,24.02,24.02,2080,0
2017-03-31,19:35:00,24.0312,24.0312,24.0312,24.0312,250,0
2017-03-31,19:45:00,24.013,24.013,24,24,3000,0
2017-03-31,19:55:00,24.0308,24.0308,24.0308,24.0308,330,0
2017-03-31,20:35:00,24.0265,24.0265,24.0201,24.0201,316,0
2017-03-31,20:40:00,24.0201,24.0201,24.0201,24.0201,434,0
2017-03-31,20:45:00,24.0276,24.0276,24.0276,24.0276,4000,0
2017-03-31,20:55:00,24.0278,24.0278,24.0278,24.0278,102,0
2017-03-31,21:00:00,24.0317,24.0317,24.0317,24.0317,400,0
2017-03-31,21:10:00,24.03,24.03,24.01,24.02,1171,0
2017-03-31,21:15:00,24.0199,24.0199,24.0102,24.0102,1600,0
2017-03-31,21:20:00,24.0199,24.0199,24.0199,24.0199,330,0
2017-03-31,21:25:00,24.02,24.02,24,24.01,1317,0
2017-03-31,21:30:00,24.01,24.01,24.01,24.01,100,0
2017-03-31,21:35:00,24.0199,24.0199,23.9997,23.9997,890,0
2017-03-31,21:50:00,24.01,24.01,24.0034,24.0034,5000,0
2017-03-31,22:00:00,24.03,24.03,23.98,24.03,8733,0
2017-04-03,15:35:00,24.03,24.03,24.03,24.03,616,0
2017-04-03,15:40:00,24.0486,24.051,24.0486,24.051,1300,0
2017-04-03,15:45:00,24.08,24.1,24.08,24.1,5900,0
2017-04-03,16:10:00,24.05,24.05,24.04,24.04,340,0
2017-04-03,16:35:00,24.08,24.08,24.08,24.08,335,0
2017-04-03,16:45:00,24.09,24.1,24.09,24.1,4835,0
2017-04-03,16:50:00,24.12,24.13,24.12,24.12,997,0
2017-04-03,16:55:00,24.11,24.15,24.11,24.15,200,0
2017-04-03,17:00:00,24.14,24.14,24.14,24.14,100,0
2017-04-03,17:05:00,24.15,24.18,24.1414,24.1799,2670,0
2017-04-03,17:10:00,24.1398,24.18,24.1341,24.1341,2100,0
2017-04-03,17:15:00,24.18,24.18,24.1348,24.18,1200,0
2017-04-03,17:20:00,24.141,24.1718,24.14,24.1718,500,0
2017-04-03,17:25:00,24.18,24.18,24.18,24.18,104,0
2017-04-03,17:30:00,24.18,24.2,24.18,24.19,1104,0
2017-04-03,17:35:00,24.18,24.22,24.18,24.22,5605,0
2017-04-03,17:40:00,24.2,24.23,24.2,24.23,2108,0
2017-04-03,17:45:00,24.25,24.27,24.24,24.27,5141,0
2017-04-03,17:50:00,24.26,24.26,24.2432,24.2432,600,0
2017-04-03,17:55:00,24.23,24.23,24.2259,24.2259,200,0
2017-04-03,18:00:00,24.25,24.25,24.25,24.25,140,0
2017-04-03,18:05:00,24.2434,24.2434,24.2434,24.2434,244,0
2017-04-03,18:10:00,24.23,24.23,24.23,24.23,440,0
2017-04-03,18:15:00,24.258,24.258,24.258,24.258,400,0
2017-04-03,18:20:00,24.27,24.27,24.27,24.27,113,0
2017-04-03,18:25:00,24.28,24.28,24.24,24.28,3104,0
2017-04-03,18:35:00,24.28,24.28,24.27,24.27,877,0
2017-04-03,18:40:00,24.272,24.272,24.27,24.27,4107,0
2017-04-03,18:55:00,24.23,24.25,24.23,24.25,1361,0
2017-04-03,19:05:00,24.2572,24.2572,24.2572,24.2572,200,0
2017-04-03,19:10:00,24.2799,24.2799,24.2799,24.2799,200,0
2017-04-03,19:15:00,24.26,24.28,24.26,24.28,600,0
2017-04-03,19:20:00,24.28,24.28,24.28,24.28,700,0
2017-04-03,19:30:00,24.29,24.3,24.29,24.3,2046,0
2017-04-03,19:35:00,24.29,24.35,24.2892,24.2892,1815,0
2017-04-03,19:40:00,24.34,24.34,24.34,24.34,200,0
2017-04-03,19:45:00,24.34,24.35,24.319,24.319,6855,0
2017-04-03,19:50:00,24.35,24.38,24.35,24.38,1124,0
2017-04-03,19:55:00,24.38,24.38,24.37,24.37,300,0
2017-04-03,20:00:00,24.379,24.379,24.379,24.379,426,0
2017-04-03,20:10:00,24.38,24.38,24.37,24.37,550,0
2017-04-03,20:15:00,24.35,24.37,24.3335,24.3335,1126,0
2017-04-03,20:20:00,24.32,24.37,24.32,24.37,200,0
2017-04-03,20:25:00,24.32,24.32,24.3,24.3,1012,0
2017-04-03,20:30:00,24.36,24.37,24.3063,24.3063,435,0
2017-04-03,20:35:00,24.36,24.37,24.36,24.37,1800,0
2017-04-03,20:40:00,24.35,24.37,24.35,24.3553,1460,0
2017-04-03,20:45:00,24.36,24.36,24.3225,24.3225,692,0
2017-04-03,20:50:00,24.37,24.37,24.36,24.36,4315,0
2017-04-03,21:00:00,24.37,24.37,24.36,24.37,687,0
2017-04-03,21:05:00,24.37,24.37,24.35,24.35,3035,0
2017-04-03,21:10:00,24.34,24.35,24.25,24.33,5675,0
2017-04-03,21:15:00,24.32,24.33,24.2949,24.3299,2601,0
2017-04-03,21:35:00,24.25,24.25,24.25,24.25,250,0
2017-04-03,21:40:00,24.2876,24.2876,24.2876,24.2876,242,0
2017-04-03,21:50:00,24.2873,24.2873,24.251,24.251,1640,0
2017-04-03,21:55:00,24.287,24.287,24.287,24.287,400,0
2017-04-03,22:00:00,24.29,24.29,24.29,24.29,300,0
2017-04-04,15:35:00,24.31,24.31,24.31,24.31,879,0
2017-04-04,15:45:00,24.271,24.4,24.271,24.28,12945,0
2017-04-04,15:50:00,24.39,24.39,24.384,24.384,600,0
2017-04-04,15:55:00,24.3744,24.4,24.372,24.4,15949,0
2017-04-04,16:00:00,24.4,24.4419,24.4,24.4419,2342,0
2017-04-04,16:15:00,24.45,24.45,24.45,24.45,1000,0
2017-04-04,16:25:00,24.33,24.34,24.3,24.3,6000,0
2017-04-04,16:30:00,24.4149,24.4149,24.35,24.4067,2750,0
2017-04-04,16:35:00,24.35,24.35,24.35,24.35,4149,0
2017-04-04,16:40:00,24.35,24.43,24.35,24.43,2400,0
2017-04-04,16:45:00,24.423,24.423,24.423,24.423,400,0
2017-04-04,17:00:00,24.4139,24.4139,24.4139,24.4139,204,0
2017-04-04,17:10:00,24.43,24.43,24.43,24.43,800,0
2017-04-04,17:15:00,24.37,24.37,24.36,24.37,1000,0
2017-04-04,17:30:00,24.3701,24.3701,24.3701,24.3701,2000,0
2017-04-04,17:35:00,24.37,24.38,24.36,24.38,2583,0
2017-04-04,17:40:00,24.4,24.4,24.4,24.4,2100,0
2017-04-04,17:50:00,24.35,24.38,24.35,24.38,1591,0
2017-04-04,18:00:00,24.3327,24.3327,24.3327,24.3327,1000,0
2017-04-04,18:05:00,24.3699,24.3699,24.3699,24.3699,115,0
2017-04-04,18:10:00,24.374,24.38,24.374,24.38,2296,0
2017-04-04,18:15:00,24.38,24.39,24.38,24.39,9249,0
2017-04-04,18:20:00,24.3801,24.3849,24.3801,24.3849,568,0
2017-04-04,18:30:00,24.38,24.389,24.38,24.389,1800,0
2017-04-04,18:35:00,24.39,24.39,24.39,24.39,600,0
2017-04-04,18:55:00,24.4145,24.42,24.4116,24.4116,2346,0
2017-04-04,19:00:00,24.38,24.38,24.38,24.38,834,0
2017-04-04,19:05:00,24.38,24.3872,24.38,24.3872,2300,0
2017-04-04,19:10:00,24.3976,24.3976,24.3976,24.3976,905,0
2017-04-04,19:20:00,24.37,24.37,24.37,24.37,113,0
2017-04-04,19:25:00,24.37,24.37,24.35,24.36,1377,0
2017-04-04,19:35:00,24.37,24.37,24.37,24.37,200,0
2017-04-04,19:40:00,24.37,24.3985,24.37,24.394,1930,0
2017-04-04,19:45:00,24.4,24.4,24.3999,24.3999,1081,0
2017-04-04,19:50:00,24.36,24.3775,24.36,24.373,6300,0
2017-04-04,20:00:00,24.4,24.4,24.37,24.37,1020,0
2017-04-04,20:10:00,24.4,24.4,24.3989,24.3989,1650,0
2017-04-04,20:15:00,24.396,24.396,24.396,24.396,500,0
2017-04-04,20:20:00,24.3601,24.4,24.3601,24.4,333,0
2017-04-04,20:25:00,24.39,24.4,24.39,24.4,500,0
2017-04-04,20:30:00,24.3852,24.3852,24.3852,24.3852,133,0
2017-04-04,20:40:00,24.39,24.39,24.39,24.39,400,0
2017-04-04,20:45:00,24.3999,24.4001,24.3999,24.4001,934,0
2017-04-04,20:50:00,24.4,24.42,24.4,24.415,2287,0
2017-04-04,20:55:00,24.42,24.42,24.42,24.42,169,0
2017-04-04,21:05:00,24.42,24.42,24.4,24.42,2950,0
2017-04-04,21:15:00,24.4072,24.4072,24.4072,24.4072,1505,0
2017-04-04,21:20:00,24.4185,24.4185,24.4086,24.4086,563,0
2017-04-04,21:25:00,24.4122,24.4122,24.4122,24.4122,3400,0
2017-04-04,21:40:00,24.41,24.41,24.409,24.41,1200,0
2017-04-04,21:45:00,24.4,24.4,24.4,24.4,600,0
2017-04-04,21:50:00,24.41,24.43,24.4092,24.43,2000,0
2017-04-04,21:55:00,24.43,24.43,24.43,24.43,300,0
2017-04-04,22:00:00,24.42,24.43,24.42,24.43,4100,0
2017-04-05,15:35:00,24.43,24.45,24.43,24.45,10357,0
2017-04-05,15:40:00,24.44,24.44,24.43,24.43,1700,0
2017-04-05,15:50:00,24.44,24.44,24.44,24.44,1189,0
2017-04-05,15:55:00,24.45,24.45,24.45,24.45,1900,0
2017-04-05,16:00:00,24.45,24.45,24.45,24.45,300,0
2017-04-05,16:05:00,24.43,24.44,24.43,24.432,2171,0
2017-04-05,16:15:00,24.45,24.45,24.43,24.449,1055,0
2017-04-05,16:20:00,24.45,24.46,24.43,24.4365,6755,0
2017-04-05,16:25:00,24.43,24.43,24.4299,24.43,769,0
2017-04-05,16:30:00,24.43,24.43,24.43,24.43,500,0
2017-04-05,16:40:00,24.43,24.4328,24.4101,24.4328,2500,0
2017-04-05,16:50:00,24.46,24.47,24.45,24.47,2966,0
2017-04-05,16:55:00,24.47,24.47,24.4685,24.4685,1500,0
2017-04-05,17:00:00,24.49,24.49,24.45,24.455,1745,0
2017-04-05,17:05:00,24.45,24.46,24.45,24.46,6805,0
2017-04-05,17:10:00,24.45,24.457,24.45,24.45,7499,0
2017-04-05,17:15:00,24.43,24.4382,24.43,24.4382,1000,0
2017-04-05,17:20:00,24.44,24.44,24.44,24.44,250,0
2017-04-05,17:25:00,24.45,24.45,24.45,24.45,500,0
2017-04-05,17:30:00,24.45,24.45,24.45,24.45,100,0
2017-04-05,17:55:00,24.4499,24.45,24.4499,24.45,2415,0
2017-04-05,18:00:00,24.44,24.44,24.44,24.44,100,0
2017-04-05,18:20:00,24.43,24.44,24.43,24.44,1200,0
2017-04-05,18:25:00,24.44,24.44,24.44,24.44,400,0
2017-04-05,18:35:00,24.43,24.43,24.43,24.43,612,0
2017-04-05,18:40:00,24.44,24.44,24.44,24.44,100,0
2017-04-05,18:45:00,24.43,24.43,24.43,24.43,370,0
2017-04-05,18:50:00,24.43,24.45,24.423,24.45,10277,0
2017-04-05,18:55:00,24.43,24.43,24.4,24.4175,1987,0
2017-04-05,19:00:00,24.4345,24.48,24.4345,24.48,3700,0
2017-04-05,19:05:00,24.44,24.49,24.43,24.4301,11127,0
2017-04-05,19:10:00,24.4875,24.4875,24.45,24.45,967,0
2017-04-05,19:20:00,24.47,24.47,24.47,24.47,800,0
2017-04-05,19:30:00,24.4401,24.4401,24.4401,24.4401,750,0
2017-04-05,19:35:00,24.48,24.49,24.48,24.49,800,0
2017-04-05,19:45:00,24.49,24.49,24.43,24.43,2200,0
2017-04-05,20:10:00,24.4664,24.48,24.4664,24.48,795,0
2017-04-05,20:20:00,24.4641,24.4641,24.4641,24.4641,161,0
2017-04-05,20:30:00,24.4699,24.47,24.4684,24.47,2434,0
2017-04-05,20:40:00,24.44,24.44,24.44,24.44,1408,0
2017-04-05,20:45:00,24.44,24.44,24.44,24.44,100,0
2017-04-05,20:50:00,24.45,24.45,24.45,24.45,300,0
2017-04-05,20:55:00,24.44,24.45,24.44,24.44,3715,0
2017-04-05,21:00:00,24.45,24.46,24.4496,24.459,1182,0
2017-04-05,21:05:00,24.46,24.46,24.46,24.46,100,0
2017-04-05,21:10:00,24.46,24.49,24.46,24.46,2912,0
2017-04-05,21:15:00,24.49,24.49,24.4795,24.4795,700,0
2017-04-05,21:20:00,24.4669,24.4669,24.4669,24.4669,470,0
2017-04-05,21:30:00,24.48,24.48,24.4679,24.4789,1300,0
2017-04-05,21:40:00,24.46,24.46,24.45,24.45,4520,0
2017-04-05,21:45:00,24.4631,24.4631,24.4631,24.4631,400,0
2017-04-05,21:50:00,24.44,24.44,24.44,24.44,200,0
2017-04-05,21:55:00,24.4522,24.47,24.4414,24.47,1053,0
2017-04-05,22:00:00,24.44,24.46,24.39,24.39,22920,0
2017-04-06,15:35:00,24.45,24.45,24.37,24.37,14781,0
2017-04-06,15:40:00,24.39,24.39,24.39,24.39,628,0
2017-04-06,15:45:00,24.3434,24.3434,24.3434,24.3434,1000,0
2017-04-06,15:50:00,24.35,24.35,24.35,24.35,800,0
2017-04-06,15:55:00,24.4026,24.4026,24.4026,24.4026,443,0
2017-04-06,16:15:00,24.3844,24.3844,24.3844,24.3844,600,0
2017-04-06,16:20:00,24.3836,24.3836,24.3836,24.3836,1041,0
2017-04-06,16:25:00,24.3601,24.42,24.3601,24.37,4099,0
2017-04-06,16:30:00,24.41,24.4192,24.41,24.4192,500,0
2017-04-06,16:35:00,24.41,24.41,24.41,24.41,100,0
2017-04-06,16:40:00,24.3988,24.3988,24.3988,24.3988,1000,0
2017-04-06,16:55:00,24.4045,24.419,24.4045,24.419,600,0
2017-04-06,17:00:00,24.38,24.38,24.37,24.37,500,0
2017-04-06,17:20:00,24.4,24.4,24.4,24.4,100,0
2017-04-06,17:25:00,24.4115,24.4115,24.4115,24.4115,150,0
2017-04-06,17:30:00,24.41,24.43,24.41,24.43,548,0
2017-04-06,17:35:00,24.44,24.44,24.44,24.44,100,0
2017-04-06,17:40:00,24.44,24.44,24.44,24.44,1000,0
2017-04-06,17:45:00,24.4383,24.4383,24.4383,24.4383,200,0
2017-04-06,18:00:00,24.46,24.46,24.46,24.46,200,0
2017-04-06,18:15:00,24.5,24.5,24.5,24.5,10000,0
2017-04-06,18:30:00,24.4488,24.4488,24.4488,24.4488,300,0
2017-04-06,18:45:00,24.47,24.47,24.47,24.47,308,0
2017-04-06,18:55:00,24.45,24.452,24.45,24.452,1200,0
2017-04-06,19:05:00,24.469,24.469,24.469,24.469,801,0
2017-04-06,19:10:00,24.465,24.465,24.465,24.465,200,0
2017-04-06,19:20:00,24.48,24.48,24.48,24.48,100,0
2017-04-06,19:30:00,24.45,24.48,24.45,24.48,1753,0
2017-04-06,19:40:00,24.4618,24.5,24.454,24.454,11897,0
2017-04-06,19:45:00,24.4744,24.4744,24.4744,24.4744,253,0
2017-04-06,20:00:00,24.4692,24.48,24.4501,24.4501,2100,0
2017-04-06,20:25:00,24.4599,24.4599,24.4599,24.4599,1000,0
2017-04-06,20:30:00,24.48,24.48,24.479,24.48,453,0
2017-04-06,20:35:00,24.48,24.48,24.48,24.48,200,0
2017-04-06,20:40:00,24.48,24.49,24.4718,24.49,700,0
2017-04-06,20:45:00,24.49,24.5,24.489,24.5,6000,0
2017-04-06,20:50:00,24.5,24.5,24.5,24.5,4900,0
2017-04-06,20:55:00,24.5,24.52,24.4853,24.52,4200,0
2017-04-06,21:00:00,24.52,24.52,24.52,24.52,500,0
2017-04-06,21:05:00,24.52,24.52,24.52,24.52,200,0
2017-04-06,21:10:00,24.52,24.52,24.4811,24.4811,338,0
2017-04-06,21:15:00,24.52,24.52,24.52,24.52,100,0
2017-04-06,21:20:00,24.52,24.52,24.52,24.52,200,0
2017-04-06,21:25:00,24.52,24.55,24.52,24.55,1900,0
2017-04-06,21:30:00,24.56,24.56,24.5233,24.56,1300,0
2017-04-06,21:35:00,24.5,24.56,24.5,24.56,796,0
2017-04-06,21:40:00,24.56,24.56,24.56,24.56,100,0
2017-04-06,21:45:00,24.56,24.58,24.5,24.58,3400,0
2017-04-06,21:50:00,24.58,24.58,24.5201,24.58,1600,0
2017-04-06,21:55:00,24.58,24.58,24.58,24.58,200,0
2017-04-06,22:00:00,24.58,24.63,24.57,24.63,2200,0
2017-04-07,15:35:00,24.59,24.59,24.53,24.59,7605,0
2017-04-07,15:50:00,24.559,24.559,24.54,24.54,2510,0
2017-04-07,15:55:00,24.59,24.59,24.59,24.59,258,0
2017-04-07,16:00:00,24.5517,24.585,24.5517,24.585,953,0
2017-04-07,16:05:00,24.59,24.59,24.59,24.59,400,0
2017-04-07,16:10:00,24.588,24.588,24.588,24.588,100,0
2017-04-07,16:15:00,24.5425,24.55,24.54,24.545,4796,0
2017-04-07,16:20:00,24.59,24.59,24.59,24.59,856,0
2017-04-07,16:30:00,24.5899,24.5899,24.589,24.589,2000,0
2017-04-07,16:35:00,24.588,24.588,24.588,24.588,100,0
2017-04-07,16:40:00,24.588,24.588,24.568,24.57,1932,0
2017-04-07,16:50:00,24.548,24.548,24.548,24.548,100,0
2017-04-07,17:00:00,24.548,24.548,24.548,24.548,100,0
2017-04-07,17:15:00,24.55,24.55,24.515,24.549,1000,0
2017-04-07,17:20:00,24.5369,24.5369,24.5369,24.5369,800,0
2017-04-07,17:25:00,24.55,24.55,24.52,24.52,600,0
2017-04-07,17:30:00,24.55,24.579,24.55,24.579,1245,0
2017-04-07,17:35:00,24.53,24.53,24.47,24.4959,9400,0
2017-04-07,17:40:00,24.47,24.5,24.47,24.5,1500,0
2017-04-07,17:45:00,24.47,24.47,24.47,24.47,1500,0
2017-04-07,18:15:00,24.4601,24.4601,24.4601,24.4601,2600,0
2017-04-07,18:25:00,24.48,24.4996,24.48,24.488,10000,0
2017-04-07,18:40:00,24.4672,24.5,24.4672,24.5,3500,0
2017-04-07,18:45:00,24.473,24.473,24.473,24.473,142,0
2017-04-07,18:50:00,24.46,24.46,24.45,24.45,577,0
2017-04-07,18:55:00,24.49,24.5,24.42,24.43,6300,0
2017-04-07,19:00:00,24.46,24.4767,24.42,24.43,3382,0
2017-04-07,19:05:00,24.47,24.47,24.445,24.4545,2040,0
2017-04-07,19:10:00,24.4227,24.4227,24.4227,24.4227,2000,0
2017-04-07,19:15:00,24.47,24.47,24.42,24.47,8290,0
2017-04-07,19:25:00,24.42,24.42,24.42,24.42,200,0
2017-04-07,19:40:00,24.47,24.47,24.45,24.47,1800,0
2017-04-07,19:45:00,24.4711,24.4711,24.4711,24.4711,180,0
2017-04-07,19:50:00,24.48,24.48,24.47,24.47,548,0
2017-04-07,19:55:00,24.47,24.48,24.4635,24.48,3200,0
2017-04-07,20:10:00,24.47,24.4799,24.45,24.4799,1312,0
2017-04-07,20:15:00,24.47,24.47,24.47,24.47,1000,0
2017-04-07,20:20:00,24.48,24.48,24.48,24.48,200,0
2017-04-07,20:35:00,24.45,24.48,24.4469,24.48,971,0
2017-04-07,20:40:00,24.479,24.479,24.4775,24.4775,1000,0
2017-04-07,20:45:00,24.469,24.47,24.45,24.47,1200,0
2017-04-07,20:50:00,24.4685,24.47,24.435,24.4441,2144,0
2017-04-07,20:55:00,24.4,24.4,24.4,24.4,25325,0
2017-04-07,21:00:00,24.4606,24.47,24.4552,24.4552,1325,0
2017-04-07,21:10:00,24.47,24.47,24.4611,24.4636,2000,0
2017-04-07,21:25:00,24.4465,24.4465,24.4465,24.4465,1000,0
2017-04-07,21:30:00,24.4662,24.4662,24.43,24.4415,1912,0
2017-04-07,21:40:00,24.466,24.466,24.466,24.466,400,0
2017-04-07,21:45:00,24.4303,24.4303,24.4303,24.4303,2880,0
2017-04-07,21:50:00,24.467,24.467,24.4453,24.4453,478,0
2017-04-07,21:55:00,24.4426,24.45,24.43,24.4499,3061,0
2017-04-07,22:00:00,24.42,24.42,24.42,24.42,100,0
2017-04-10,15:35:00,24.43,24.4301,24.43,24.43,14307,0
2017-04-10,15:40:00,24.43,24.43,24.43,24.43,200,0
2017-04-10,15:55:00,24.4372,24.4372,24.43,24.43,1200,0
2017-04-10,16:05:00,24.449,24.449,24.449,24.449,270,0
2017-04-10,16:25:00,24.47,24.48,24.45,24.45,2693,0
2017-04-10,16:30:00,24.4698,24.4698,24.4698,24.4698,368,0
2017-04-10,16:35:00,24.47,24.49,24.4685,24.47,3200,0
2017-04-10,16:45:00,24.48,24.48,24.48,24.48,400,0
2017-04-10,16:50:00,24.4948,24.4948,24.4948,24.4948,300,0
2017-04-10,16:55:00,24.48,24.48,24.48,24.48,100,0
2017-04-10,17:00:00,24.48,24.48,24.48,24.48,100,0
2017-04-10,17:05:00,24.48,24.48,24.48,24.48,333,0
2017-04-10,17:10:00,24.48,24.481,24.48,24.48,792,0
2017-04-10,17:15:00,24.48,24.48,24.48,24.48,100,0
2017-04-10,17:25:00,24.486,24.486,24.486,24.486,815,0
2017-04-10,17:30:00,24.48,24.48,24.45,24.46,6019,0
2017-04-10,17:35:00,24.47,24.47,24.44,24.44,5232,0
2017-04-10,17:40:00,24.44,24.44,24.44,24.44,100,0
2017-04-10,17:45:00,24.44,24.44,24.44,24.44,200,0
2017-04-10,17:50:00,24.435,24.435,24.43,24.43,4200,0
2017-04-10,17:55:00,24.43,24.43,24.43,24.43,5164,0
2017-04-10,18:00:00,24.448,24.448,24.43,24.43,1200,0
2017-04-10,18:05:00,24.43,24.444,24.43,24.444,200,0
2017-04-10,18:10:00,24.43,24.4441,24.43,24.4441,1700,0
2017-04-10,18:20:00,24.45,24.45,24.4331,24.4405,800,0
2017-04-10,18:30:00,24.43,24.43,24.43,24.43,1800,0
2017-04-10,18:35:00,24.43,24.445,24.43,24.445,2800,0
2017-04-10,18:40:00,24.46,24.46,24.43,24.46,900,0
2017-04-10,18:45:00,24.4798,24.4798,24.4798,24.4798,1000,0
2017-04-10,18:50:00,24.4799,24.4799,24.4799,24.4799,200,0
2017-04-10,18:55:00,24.48,24.48,24.48,24.48,800,0
2017-04-10,19:10:00,24.47,24.47,24.47,24.47,1100,0
2017-04-10,19:15:00,24.4799,24.4799,24.45,24.45,2200,0
2017-04-10,19:20:00,24.45,24.45,24.45,24.45,200,0
2017-04-10,19:25:00,24.4799,24.4799,24.4799,24.4799,400,0
2017-04-10,19:30:00,24.48,24.48,24.4696,24.4696,400,0
2017-04-10,19:35:00,24.48,24.48,24.4683,24.4683,514,0
2017-04-10,19:45:00,24.48,24.4884,24.4682,24.4859,1420,0
2017-04-10,19:50:00,24.5,24.5,24.5,24.5,100,0
2017-04-10,19:55:00,24.495,24.51,24.45,24.5,2100,0
2017-04-10,20:10:00,24.4789,24.4789,24.4789,24.4789,115,0
2017-04-10,20:15:00,24.49,24.49,24.45,24.45,1400,0
2017-04-10,20:40:00,24.45,24.45,24.43,24.45,2696,0
2017-04-10,20:45:00,24.4852,24.4852,24.451,24.451,1222,0
2017-04-10,20:50:00,24.4975,24.4975,24.4783,24.4783,2227,0
2017-04-10,20:55:00,24.45,24.45,24.45,24.45,200,0
2017-04-10,21:00:00,24.45,24.45,24.45,24.45,1762,0
2017-04-10,21:05:00,24.5,24.5,24.48,24.4872,2880,0
2017-04-10,21:15:00,24.45,24.4907,24.45,24.4907,1800,0
2017-04-10,21:20:00,24.49,24.49,24.49,24.49,2400,0
2017-04-10,21:25:00,24.49,24.49,24.49,24.49,3800,0
2017-04-10,21:50:00,24.4808,24.4808,24.4808,24.4808,400,0
2017-04-10,21:55:00,24.45,24.45,24.45,24.45,349,0
2017-04-10,22:00:00,24.46,24.5,24.45,24.495,2600,0
2017-04-11,15:35:00,24.43,24.43,24.43,24.43,7523,0
2017-04-11,16:10:00,24.4515,24.4687,24.45,24.45,1030,0
2017-04-11,16:15:00,24.4469,24.4537,24.43,24.4537,1588,0
2017-04-11,16:20:00,24.4361,24.4361,24.434,24.434,1500,0
2017-04-11,16:25:00,24.4121,24.4121,24.39,24.39,1657,0
2017-04-11,16:30:00,24.409,24.41,24.408,24.408,404,0
2017-04-11,16:40:00,24.4003,24.4003,24.4003,24.4003,800,0
2017-04-11,16:50:00,24.399,24.42,24.3666,24.4109,2079,0
2017-04-11,16:55:00,24.47,24.47,24.47,24.47,200,0
2017-04-11,17:10:00,24.42,24.42,24.42,24.42,226,0
2017-04-11,17:15:00,24.47,24.47,24.47,24.47,415,0
2017-04-11,17:25:00,24.4468,24.4468,24.4468,24.4468,100,0
2017-04-11,17:30:00,24.4699,24.4699,24.4699,24.4699,1200,0
2017-04-11,17:35:00,24.45,24.45,24.45,24.45,300,0
2017-04-11,17:40:00,24.4366,24.4366,24.4366,24.4366,1000,0
2017-04-11,17:50:00,24.45,24.47,24.45,24.47,700,0
2017-04-11,18:10:00,24.4511,24.48,24.4511,24.4633,2820,0
2017-04-11,18:15:00,24.48,24.48,24.48,24.48,100,0
2017-04-11,18:20:00,24.47,24.47,24.46,24.46,1000,0
2017-04-11,18:30:00,24.45,24.46,24.41,24.41,2654,0
2017-04-11,18:35:00,24.47,24.48,24.47,24.48,690,0
2017-04-11,18:40:00,24.47,24.47,24.47,24.47,100,0
2017-04-11,18:50:00,24.46,24.46,24.46,24.46,1200,0
2017-04-11,18:55:00,24.46,24.48,24.46,24.48,3200,0
2017-04-11,19:00:00,24.47,24.47,24.47,24.47,400,0
2017-04-11,19:20:00,24.49,24.49,24.49,24.49,1000,0
2017-04-11,19:30:00,24.48,24.48,24.48,24.48,100,0
2017-04-11,20:00:00,24.4203,24.46,24.4203,24.46,1100,0
2017-04-11,20:05:00,24.459,24.46,24.4119,24.46,2966,0
2017-04-11,20:10:00,24.4405,24.4599,24.4405,24.4599,440,0
2017-04-11,20:15:00,24.46,24.46,24.46,24.46,200,0
2017-04-11,20:20:00,24.4599,24.4599,24.4599,24.4599,125,0
2017-04-11,20:30:00,24.4599,24.46,24.4599,24.46,1300,0
2017-04-11,20:35:00,24.4599,24.46,24.442,24.46,1199,0
2017-04-11,20:40:00,24.4599,24.46,24.4575,24.46,1900,0
2017-04-11,20:50:00,24.4201,24.48,24.4201,24.48,2000,0
2017-04-11,20:55:00,24.421,24.48,24.421,24.48,1450,0
2017-04-11,21:05:00,24.47,24.47,24.42,24.42,1400,0
2017-04-11,21:15:00,24.4618,24.4618,24.4618,24.4618,2000,0
2017-04-11,21:30:00,24.41,24.47,24.41,24.47,4200,0
2017-04-11,21:45:00,24.41,24.41,24.4,24.4,998,0
2017-04-11,21:50:00,24.4599,24.46,24.4383,24.4383,1323,0
2017-04-11,22:00:00,24.46,24.46,24.46,24.46,100,0
2017-04-12,15:35:00,24.43,24.43,24.43,24.43,5964,0
2017-04-12,15:40:00,24.44,24.45,24.44,24.45,2418,0
2017-04-12,15:45:00,24.46,24.46,24.46,24.46,500,0
2017-04-12,15:50:00,24.456,24.456,24.4537,24.4537,3100,0
2017-04-12,16:10:00,24.43,24.46,24.43,24.46,2400,0
2017-04-12,16:20:00,24.46,24.46,24.43,24.43,3500,0
2017-04-12,16:25:00,24.47,24.4799,24.4607,24.4799,1600,0
2017-04-12,16:30:00,24.476,24.476,24.476,24.476,600,0
2017-04-12,16:35:00,24.45,24.45,24.45,24.45,4000,0
2017-04-12,16:40:00,24.47,24.48,24.47,24.475,1400,0
2017-04-12,16:45:00,24.45,24.475,24.45,24.47,2200,0
2017-04-12,17:00:00,24.47,24.47,24.45,24.47,2100,0
2017-04-12,17:05:00,24.47,24.47,24.47,24.47,700,0
2017-04-12,17:10:00,24.475,24.475,24.475,24.475,2300,0
2017-04-12,17:15:00,24.475,24.475,24.475,24.475,100,0
2017-04-12,17:20:00,24.475,24.475,24.475,24.475,200,0
2017-04-12,17:25:00,24.475,24.475,24.4401,24.4401,1300,0
2017-04-12,17:30:00,24.475,24.475,24.475,24.475,100,0
2017-04-12,17:35:00,24.452,24.452,24.452,24.452,1000,0
2017-04-12,17:40:00,24.4735,24.4799,24.4735,24.4799,2200,0
2017-04-12,18:00:00,24.44,24.44,24.44,24.44,1125,0
2017-04-12,18:05:00,24.4475,24.475,24.4475,24.475,1400,0
2017-04-12,18:15:00,24.47,24.475,24.44,24.475,2325,0
2017-04-12,18:25:00,24.47,24.47,24.47,24.47,600,0
2017-04-12,18:45:00,24.44,24.44,24.44,24.44,1170,0
2017-04-12,19:15:00,24.47,24.47,24.44,24.47,2000,0
2017-04-12,19:20:00,24.4586,24.4586,24.4586,24.4586,150,0
2017-04-12,19:25:00,24.4488,24.4488,24.4488,24.4488,550,0
2017-04-12,19:45:00,24.44,24.48,24.44,24.48,1700,0
2017-04-12,19:55:00,24.47,24.47,24.47,24.47,1200,0
2017-04-12,20:05:00,24.47,24.47,24.451,24.451,1300,0
2017-04-12,20:20:00,24.47,24.47,24.453,24.453,1530,0
2017-04-12,20:25:00,24.475,24.48,24.47,24.48,1992,0
2017-04-12,20:30:00,24.4799,24.4799,24.4799,24.4799,500,0
2017-04-12,20:35:00,24.48,24.48,24.4599,24.475,1600,0
2017-04-12,20:45:00,24.4689,24.47,24.45,24.4623,2346,0
2017-04-12,20:50:00,24.4734,24.4734,24.4734,24.4734,500,0
2017-04-12,20:55:00,24.478,24.478,24.4587,24.4587,2250,0
2017-04-12,21:00:00,24.44,24.44,24.44,24.44,1000,0
2017-04-12,21:05:00,24.46,24.46,24.46,24.46,400,0
2017-04-12,21:10:00,24.4501,24.46,24.4501,24.46,800,0
2017-04-12,21:15:00,24.44,24.46,24.44,24.46,3100,0
2017-04-12,21:20:00,24.44,24.46,24.44,24.46,1750,0
2017-04-12,21:25:00,24.46,24.478,24.4474,24.45,2962,0
2017-04-12,21:35:00,24.4699,24.47,24.4699,24.47,1100,0
2017-04-12,21:50:00,24.45,24.47,24.45,24.47,3125,0
2017-04-12,22:00:00,24.44,24.44,24.44,24.44,1300,0
2017-04-13,15:35:00,24.5,24.51,24.5,24.5,9392,0
2017-04-13,15:40:00,24.51,24.51,24.5,24.5,13445,0
2017-04-13,15:50:00,24.51,24.52,24.51,24.51,826,0
2017-04-13,16:10:00,24.496,24.496,24.496,24.496,1029,0
2017-04-13,16:15:00,24.4863,24.525,24.4863,24.525,1129,0
2017-04-13,16:30:00,24.525,24.525,24.525,24.525,122,0
2017-04-13,16:35:00,24.525,24.525,24.52,24.52,300,0
2017-04-13,16:40:00,24.52,24.52,24.46,24.46,400,0
2017-04-13,17:00:00,24.47,24.47,24.47,24.47,330,0
2017-04-13,17:10:00,24.5311,24.5311,24.5311,24.5311,800,0
2017-04-13,17:15:00,24.5399,24.5399,24.5399,24.5399,297,0
2017-04-13,17:20:00,24.5,24.5,24.5,24.5,100,0
2017-04-13,17:25:00,24.515,24.515,24.5,24.5,500,0
2017-04-13,17:35:00,24.46,24.46,24.46,24.46,800,0
2017-04-13,17:55:00,24.4601,24.4601,24.4601,24.4601,1000,0
2017-04-13,18:05:00,24.5,24.5,24.4806,24.4806,1800,0
2017-04-13,18:20:00,24.46,24.46,24.46,24.46,1200,0
2017-04-13,18:30:00,24.46,24.46,24.45,24.46,4142,0
2017-04-13,18:35:00,24.45,24.48,24.37,24.4493,7251,0
2017-04-13,18:40:00,24.4493,24.4493,24.4493,24.4493,300,0
2017-04-13,18:50:00,24.459,24.4599,24.459,24.4599,1305,0
2017-04-13,18:55:00,24.44,24.44,24.44,24.44,1000,0
2017-04-13,19:00:00,24.4406,24.4406,24.4406,24.4406,500,0
2017-04-13,19:20:00,24.459,24.49,24.4335,24.46,7300,0
2017-04-13,19:30:00,24.47,24.47,24.4545,24.4545,1000,0
2017-04-13,19:45:00,24.4536,24.47,24.4536,24.47,910,0
2017-04-13,19:55:00,24.42,24.46,24.42,24.46,2100,0
2017-04-13,20:00:00,24.46,24.46,24.458,24.458,278,0
2017-04-13,20:10:00,24.47,24.51,24.4294,24.51,1398,0
2017-04-13,20:15:00,24.43,24.43,24.43,24.43,200,0
2017-04-13,20:20:00,24.5199,24.5199,24.5199,24.5199,195,0
2017-04-13,20:25:00,24.4785,24.4785,24.4352,24.4494,3837,0
2017-04-13,20:30:00,24.49,24.49,24.49,24.49,100,0
2017-04-13,20:35:00,24.49,24.49,24.48,24.48,400,0
2017-04-13,20:45:00,24.52,24.52,24.52,24.52,1000,0
2017-04-13,21:00:00,24.4412,24.4412,24.4412,24.4412,400,0
2017-04-13,21:05:00,24.46,24.46,24.46,24.46,500,0
2017-04-13,21:10:00,24.42,24.42,24.42,24.42,1000,0
2017-04-13,21:15:00,24.42,24.4358,24.42,24.4358,1149,0
2017-04-13,21:25:00,24.4487,24.4487,24.4487,24.4487,104,0
2017-04-13,21:30:00,24.4456,24.4485,24.4456,24.4485,475,0
2017-04-13,21:45:00,24.46,24.46,24.4443,24.46,446,0
2017-04-13,21:50:00,24.46,24.48,24.46,24.47,820,0
2017-04-13,21:55:00,24.49,24.49,24.4456,24.4456,2515,0
2017-04-13,22:00:00,24.47,24.53,24.47,24.53,5290,0
2017-04-17,15:35:00,24.5,24.5,24.5,24.5,12338,0
2017-04-17,15:40:00,24.5,24.5,24.45,24.45,2922,0
2017-04-17,15:45:00,24.45,24.45,24.45,24.45,1178,0
2017-04-17,15:55:00,24.5,24.5,24.5,24.5,600,0
2017-04-17,16:15:00,24.49,24.49,24.49,24.49,100,0
2017-04-17,16:20:00,24.46,24.47,24.46,24.47,3689,0
2017-04-17,16:30:00,24.4643,24.4643,24.4643,24.4643,800,0
2017-04-17,16:35:00,24.46,24.4648,24.46,24.4648,991,0
2017-04-17,16:40:00,24.4733,24.4733,24.4733,24.4733,100,0
2017-04-17,16:45:00,24.4614,24.4614,24.4614,24.4614,616,0
2017-04-17,16:50:00,24.4967,24.4967,24.4967,24.4967,500,0
2017-04-17,17:15:00,24.5032,24.5032,24.44,24.44,3200,0
2017-04-17,17:20:00,24.5,24.5007,24.5,24.5007,750,0
2017-04-17,17:25:00,24.508,24.52,24.44,24.52,1200,0
2017-04-17,17:35:00,24.52,24.52,24.5192,24.5192,638,0
2017-04-17,17:40:00,24.5199,24.5199,24.5199,24.5199,157,0
2017-04-17,17:45:00,24.52,24.52,24.52,24.52,400,0
2017-04-17,17:55:00,24.5037,24.52,24.44,24.52,7300,0
2017-04-17,18:00:00,24.44,24.4831,24.44,24.4831,1500,0
2017-04-17,18:05:00,24.451,24.51,24.451,24.51,1200,0
2017-04-17,18:10:00,24.4501,24.46,24.45,24.45,785,0
2017-04-17,18:20:00,24.4612,24.4612,24.4612,24.4612,1076,0
2017-04-17,18:30:00,24.45,24.45,24.45,24.45,425,0
2017-04-17,18:35:00,24.45,24.4935,24.45,24.4935,474,0
2017-04-17,18:50:00,24.47,24.52,24.45,24.52,700,0
2017-04-17,19:00:00,24.475,24.475,24.475,24.475,103,0
2017-04-17,19:05:00,24.52,24.52,24.45,24.45,2182,0
2017-04-17,19:30:00,24.485,24.485,24.471,24.471,300,0
2017-04-17,19:55:00,24.4601,24.4601,24.4601,24.4601,658,0
2017-04-17,20:00:00,24.46,24.46,24.45,24.45,509,0
2017-04-17,20:15:00,24.4501,24.4501,24.4501,24.4501,405,0
2017-04-17,20:30:00,24.4994,24.4994,24.45,24.45,1651,0
2017-04-17,20:50:00,24.489,24.489,24.489,24.489,250,0
2017-04-17,21:00:00,24.4902,24.4902,24.4902,24.4902,300,0
2017-04-17,21:15:00,24.5193,24.52,24.45,24.52,1800,0
2017-04-17,21:20:00,24.5199,24.5199,24.5199,24.5199,125,0
2017-04-17,21:35:00,24.49,24.517,24.49,24.517,1500,0
2017-04-17,21:40:00,24.5,24.5,24.5,24.5,1150,0
2017-04-17,21:45:00,24.4545,24.4685,24.45,24.45,720,0
2017-04-17,21:50:00,24.485,24.485,24.47,24.47,350,0
2017-04-17,21:55:00,24.46,24.46,24.46,24.46,100,0
2017-04-17,22:00:00,24.4945,24.4945,24.45,24.46,1600,0
2017-04-18,15:35:00,24.46,24.46,24.46,24.46,7998,0
2017-04-18,15:55:00,24.4916,24.5,24.4916,24.5,1386,0
2017-04-18,16:05:00,24.4999,24.4999,24.4999,24.4999,420,0
2017-04-18,16:10:00,24.4999,24.4999,24.484,24.484,1000,0
2017-04-18,16:25:00,24.4826,24.4826,24.4826,24.4826,300,0
2017-04-18,16:30:00,24.48,24.48,24.48,24.48,600,0
2017-04-18,16:35:00,24.4784,24.4784,24.46,24.46,816,0
2017-04-18,16:40:00,24.4566,24.4566,24.4566,24.4566,400,0
2017-04-18,16:50:00,24.45,24.45,24.41,24.41,1200,0
2017-04-18,17:00:00,24.4499,24.4499,24.4499,24.4499,1300,0
2017-04-18,17:10:00,24.4101,24.4101,24.4101,24.4101,400,0
2017-04-18,17:20:00,24.45,24.45,24.4328,24.4328,400,0
2017-04-18,17:25:00,24.449,24.4499,24.411,24.4499,2208,0
2017-04-18,17:30:00,24.414,24.42,24.41,24.4101,2200,0
2017-04-18,17:35:00,24.422,24.422,24.4101,24.4101,900,0
2017-04-18,17:40:00,24.4101,24.4354,24.41,24.4354,1500,0
2017-04-18,17:45:00,24.42,24.424,24.41,24.424,1200,0
2017-04-18,17:50:00,24.41,24.41,24.41,24.41,658,0
2017-04-18,18:10:00,24.45,24.45,24.45,24.45,200,0
2017-04-18,18:20:00,24.4251,24.4459,24.401,24.4459,4000,0
2017-04-18,18:30:00,24.45,24.45,24.45,24.45,200,0
2017-04-18,18:50:00,24.4452,24.4452,24.4452,24.4452,294,0
2017-04-18,19:00:00,24.4129,24.4129,24.4129,24.4129,125,0
2017-04-18,19:05:00,24.4499,24.4499,24.4171,24.4171,1050,0
2017-04-18,19:15:00,24.4499,24.4499,24.4499,24.4499,114,0
2017-04-18,19:25:00,24.443,24.443,24.443,24.443,200,0
2017-04-18,19:30:00,24.443,24.443,24.443,24.443,500,0
2017-04-18,19:45:00,24.4163,24.4163,24.4163,24.4163,1000,0
2017-04-18,19:50:00,24.4317,24.4381,24.4317,24.4381,965,0
2017-04-18,20:05:00,24.42,24.42,24.41,24.41,1100,0
2017-04-18,20:10:00,24.39,24.4,24.39,24.4,3000,0
2017-04-18,20:15:00,24.39,24.39,24.39,24.39,100,0
2017-04-18,20:25:00,24.4131,24.4131,24.4131,24.4131,150,0
2017-04-18,20:30:00,24.4266,24.4266,24.4266,24.4266,123,0
2017-04-18,20:40:00,24.39,24.4114,24.39,24.4114,1609,0
2017-04-18,20:55:00,24.425,24.44,24.405,24.425,4798,0
2017-04-18,21:05:00,24.38,24.45,24.38,24.45,948,0
2017-04-18,21:30:00,24.3996,24.3996,24.3996,24.3996,300,0
2017-04-18,21:40:00,24.4183,24.4183,24.4183,24.4183,125,0
2017-04-18,21:50:00,24.45,24.45,24.45,24.45,200,0
2017-04-18,21:55:00,24.4356,24.46,24.4356,24.458,2300,0
2017-04-18,22:00:00,24.45,24.46,24.45,24.46,600,0
2017-04-19,15:35:00,24.42,24.4932,24.42,24.4932,5779,0
2017-04-19,15:50:00,24.43,24.5,24.4,24.5,5532,0
2017-04-19,16:00:00,24.5,24.5,24.5,24.5,1200,0
2017-04-19,16:10:00,24.44,24.46,24.44,24.46,1400,0
2017-04-19,16:30:00,24.47,24.47,24.47,24.47,400,0
2017-04-19,16:40:00,24.47,24.48,24.47,24.475,1408,0
2017-04-19,16:45:00,24.41,24.44,24.4,24.44,1100,0
2017-04-19,16:50:00,24.4899,24.4899,24.45,24.45,1100,0
2017-04-19,16:55:00,24.45,24.45,24.45,24.45,261,0
2017-04-19,17:10:00,24.45,24.45,24.4,24.4,1274,0
2017-04-19,17:25:00,24.41,24.4434,24.41,24.4434,1450,0
2017-04-19,17:35:00,24.45,24.48,24.45,24.48,400,0
2017-04-19,17:40:00,24.46,24.47,24.411,24.411,750,0
2017-04-19,17:45:00,24.4291,24.4291,24.4291,24.4291,1250,0
2017-04-19,17:50:00,24.44,24.44,24.44,24.44,100,0
2017-04-19,18:15:00,24.41,24.41,24.41,24.41,700,0
2017-04-19,18:20:00,24.41,24.41,24.41,24.41,300,0
2017-04-19,18:30:00,24.4699,24.47,24.46,24.4699,2600,0
2017-04-19,18:35:00,24.44,24.44,24.44,24.44,100,0
2017-04-19,18:40:00,24.45,24.45,24.45,24.45,425,0
2017-04-19,18:45:00,24.45,24.45,24.45,24.45,100,0
2017-04-19,18:50:00,24.4452,24.4452,24.42,24.42,508,0
2017-04-19,18:55:00,24.44,24.44,24.42,24.42,200,0
2017-04-19,19:05:00,24.44,24.44,24.4212,24.4212,320,0
2017-04-19,19:40:00,24.422,24.46,24.422,24.46,2013,0
2017-04-19,19:45:00,24.45,24.45,24.45,24.45,300,0
2017-04-19,19:50:00,24.46,24.47,24.4365,24.4365,1671,0
2017-04-19,19:55:00,24.4365,24.4365,24.4365,24.4365,1000,0
2017-04-19,20:00:00,24.421,24.421,24.421,24.421,200,0
2017-04-19,20:15:00,24.46,24.47,24.4556,24.4556,2600,0
2017-04-19,20:35:00,24.44,24.48,24.44,24.4708,2562,0
2017-04-19,20:40:00,24.477,24.477,24.477,24.477,500,0
2017-04-19,20:45:00,24.4708,24.4708,24.4708,24.4708,204,0
2017-04-19,20:50:00,24.45,24.45,24.44,24.44,900,0
2017-04-19,21:00:00,24.44,24.4564,24.4,24.4564,1803,0
2017-04-19,21:05:00,24.479,24.479,24.4,24.4,1100,0
2017-04-19,21:15:00,24.4488,24.4488,24.4488,24.4488,212,0
2017-04-19,21:25:00,24.48,24.48,24.43,24.43,9300,0
2017-04-19,21:30:00,24.44,24.44,24.44,24.44,100,0
2017-04-19,21:35:00,24.4401,24.4401,24.4401,24.4401,172,0
2017-04-19,21:45:00,24.44,24.44,24.44,24.44,300,0
2017-04-19,22:00:00,24.44,24.44,24.44,24.44,100,0
2017-04-20,15:35:00,24.49,24.49,24.451,24.451,9752,0
2017-04-20,16:00:00,24.49,24.49,24.49,24.49,650,0
2017-04-20,16:15:00,24.47,24.47,24.44,24.44,3741,0
2017-04-20,16:25:00,24.4599,24.4599,24.4599,24.4599,1115,0
2017-04-20,16:35:00,24.45,24.45,24.45,24.45,200,0
2017-04-20,16:45:00,24.4752,24.48,24.4752,24.48,1450,0
2017-04-20,16:50:00,24.469,24.469,24.469,24.469,911,0
2017-04-20,16:55:00,24.4699,24.4699,24.4523,24.4523,912,0
2017-04-20,17:00:00,24.47,24.47,24.4588,24.47,3100,0
2017-04-20,17:10:00,24.4455,24.47,24.4455,24.47,200,0
2017-04-20,17:15:00,24.47,24.47,24.47,24.47,1562,0
2017-04-20,17:20:00,24.47,24.47,24.47,24.47,600,0
2017-04-20,17:25:00,24.47,24.47,24.47,24.47,550,0
2017-04-20,17:35:00,24.44,24.47,24.4,24.4583,5265,0
2017-04-20,17:40:00,24.47,24.47,24.4572,24.47,800,0
2017-04-20,17:50:00,24.41,24.41,24.41,24.41,2560,0
2017-04-20,17:55:00,24.45,24.45,24.45,24.45,2610,0
2017-04-20,18:00:00,24.47,24.47,24.47,24.47,1011,0
2017-04-20,18:05:00,24.4421,24.4421,24.4421,24.4421,250,0
2017-04-20,18:10:00,24.47,24.47,24.47,24.47,200,0
2017-04-20,18:15:00,24.45,24.45,24.41,24.446,754,0
2017-04-20,18:25:00,24.4323,24.4323,24.4323,24.4323,126,0
2017-04-20,18:40:00,24.41,24.41,24.41,24.41,993,0
2017-04-20,18:50:00,24.46,24.46,24.45,24.46,1144,0
2017-04-20,18:55:00,24.45,24.45,24.45,24.45,400,0
2017-04-20,19:05:00,24.4235,24.4235,24.4235,24.4235,2000,0
2017-04-20,19:10:00,24.4216,24.4356,24.4216,24.4356,1150,0
2017-04-20,19:25:00,24.42,24.42,24.42,24.42,500,0
2017-04-20,19:45:00,24.4339,24.4339,24.4339,24.4339,400,0
2017-04-20,19:50:00,24.4138,24.44,24.4138,24.44,564,0
2017-04-20,19:55:00,24.41,24.41,24.41,24.41,1400,0
2017-04-20,20:05:00,24.4382,24.4382,24.4382,24.4382,200,0
2017-04-20,20:10:00,24.44,24.44,24.44,24.44,200,0
2017-04-20,20:15:00,24.4499,24.4499,24.4499,24.4499,500,0
2017-04-20,20:25:00,24.4104,24.4104,24.4104,24.4104,300,0
2017-04-20,20:35:00,24.45,24.4614,24.4359,24.4614,1218,0
2017-04-20,20:50:00,24.4395,24.4547,24.4395,24.4547,650,0
2017-04-20,21:00:00,24.4604,24.4604,24.4139,24.4139,1500,0
2017-04-20,21:05:00,24.4502,24.4502,24.4502,24.4502,1000,0
2017-04-20,21:10:00,24.4598,24.47,24.4475,24.47,1500,0
2017-04-20,21:15:00,24.41,24.47,24.41,24.47,1625,0
2017-04-20,21:20:00,24.445,24.47,24.4442,24.47,1726,0
2017-04-20,21:25:00,24.452,24.47,24.422,24.422,1405,0
2017-04-20,21:40:00,24.47,24.47,24.47,24.47,2154,0
2017-04-20,21:45:00,24.47,24.47,24.46,24.4632,2900,0
2017-04-20,22:00:00,24.46,24.46,24.46,24.46,300,0
2017-04-21,15:35:00,24.55,24.55,24.5,24.5,15050,0
2017-04-21,16:10:00,24.48,24.48,24.48,24.48,800,0
2017-04-21,16:20:00,24.52,24.52,24.52,24.52,100,0
2017-04-21,16:30:00,24.52,24.52,24.5,24.5117,500,0
2017-04-21,16:40:00,24.52,24.53,24.5,24.5,1943,0
2017-04-21,16:50:00,24.54,24.54,24.54,24.54,1100,0
2017-04-21,16:55:00,24.55,24.55,24.5407,24.55,700,0
2017-04-21,17:00:00,24.55,24.5713,24.5225,24.5713,4725,0
2017-04-21,17:05:00,24.59,24.59,24.58,24.58,1100,0
2017-04-21,17:10:00,24.57,24.6199,24.56,24.6199,3440,0
2017-04-21,17:15:00,24.62,24.62,24.58,24.62,3500,0
2017-04-21,17:20:00,24.62,24.6299,24.58,24.6299,1253,0
2017-04-21,17:25:00,24.62,24.64,24.5687,24.64,1722,0
2017-04-21,17:30:00,24.6,24.64,24.6,24.64,5649,0
2017-04-21,17:45:00,24.52,24.52,24.52,24.52,1075,0
2017-04-21,18:05:00,24.542,24.542,24.542,24.542,500,0
2017-04-21,18:45:00,24.5725,24.5725,24.5725,24.5725,1300,0
2017-04-21,18:50:00,24.56,24.56,24.56,24.56,400,0
2017-04-21,19:15:00,24.64,24.64,24.64,24.64,396,0
2017-04-21,19:50:00,24.6,24.6,24.6,24.6,100,0
2017-04-21,19:55:00,24.63,24.63,24.56,24.6233,1000,0
2017-04-21,20:05:00,24.6165,24.6165,24.6165,24.6165,1000,0
2017-04-21,20:10:00,24.63,24.63,24.63,24.63,263,0
2017-04-21,20:20:00,24.64,24.64,24.63,24.64,800,0
2017-04-21,20:30:00,24.621,24.64,24.58,24.58,1700,0
2017-04-21,20:35:00,24.5527,24.5527,24.5527,24.5527,153,0
2017-04-21,20:40:00,24.5893,24.63,24.5441,24.5441,1397,0
2017-04-21,20:50:00,24.629,24.629,24.629,24.629,270,0
2017-04-21,21:10:00,24.6,24.6,24.5999,24.6,2252,0
2017-04-21,21:15:00,24.582,24.582,24.582,24.582,400,0
2017-04-21,21:20:00,24.592,24.592,24.592,24.592,250,0
2017-04-21,21:25:00,24.59,24.6,24.58,24.58,2190,0
2017-04-21,21:45:00,24.58,24.6,24.58,24.6,200,0
2017-04-21,21:50:00,24.58,24.58,24.58,24.58,117,0
2017-04-21,21:55:00,24.6,24.6,24.6,24.6,100,0
2017-04-21,22:00:00,24.6,24.6,24.5936,24.6,2761,0
2017-04-24,15:35:00,24.6,24.6,24.6,24.6,5695,0
2017-04-24,16:00:00,24.6,24.6,24.5945,24.5945,1016,0
2017-04-24,16:05:00,24.6,24.6,24.592,24.6,950,0
2017-04-24,16:10:00,24.57,24.57,24.57,24.57,100,0
2017-04-24,16:20:00,24.6,24.6,24.6,24.6,2100,0
2017-04-24,16:25:00,24.6,24.6,24.6,24.6,100,0
2017-04-24,16:30:00,24.5813,24.5813,24.5813,24.5813,200,0
2017-04-24,16:35:00,24.61,24.61,24.61,24.61,1880,0
2017-04-24,16:40:00,24.601,24.61,24.601,24.61,6098,0
2017-04-24,17:00:00,24.6459,24.6459,24.6459,24.6459,200,0
2017-04-24,17:05:00,24.65,24.65,24.65,24.65,200,0
2017-04-24,17:30:00,24.62,24.62,24.6,24.6018,5200,0
2017-04-24,17:40:00,24.615,24.615,24.615,24.615,200,0
2017-04-24,17:45:00,24.6,24.6,24.6,24.6,300,0
2017-04-24,17:50:00,24.605,24.605,24.605,24.605,200,0
2017-04-24,17:55:00,24.6,24.6,24.6,24.6,100,0
2017-04-24,18:15:00,24.67,24.67,24.63,24.63,1993,0
2017-04-24,18:25:00,24.614,24.614,24.614,24.614,275,0
2017-04-24,18:35:00,24.6,24.6,24.6,24.6,200,0
2017-04-24,18:40:00,24.6247,24.6247,24.6247,24.6247,2000,0
2017-04-24,18:45:00,24.6153,24.6153,24.6153,24.6153,370,0
2017-04-24,19:10:00,24.62,24.62,24.6059,24.6059,500,0
2017-04-24,19:15:00,24.598,24.67,24.598,24.6,2475,0
2017-04-24,19:20:00,24.6,24.6,24.6,24.6,100,0
2017-04-24,19:25:00,24.6,24.6,24.59,24.59,1500,0
2017-04-24,19:35:00,24.59,24.59,24.59,24.59,1000,0
2017-04-24,19:45:00,24.6187,24.6187,24.6187,24.6187,1000,0
2017-04-24,20:05:00,24.6532,24.6532,24.59,24.59,1063,0
2017-04-24,20:10:00,24.59,24.59,24.56,24.58,542,0
2017-04-24,20:15:00,24.58,24.6349,24.5785,24.6349,2073,0
2017-04-24,20:35:00,24.57,24.65,24.57,24.57,2095,0
2017-04-24,20:40:00,24.6308,24.6308,24.6308,24.6308,186,0
2017-04-24,20:45:00,24.6499,24.6499,24.6499,24.6499,1000,0
2017-04-24,21:05:00,24.6073,24.6073,24.57,24.57,500,0
2017-04-24,21:10:00,24.6039,24.6039,24.5792,24.5792,3000,0
2017-04-24,21:15:00,24.65,24.65,24.65,24.65,800,0
2017-04-24,21:20:00,24.6234,24.6234,24.6234,24.6234,400,0
2017-04-24,21:55:00,24.6,24.6,24.6,24.6,195,0
2017-04-24,22:00:00,24.58,24.58,24.58,24.58,100,0
2017-04-25,15:35:00,24.6,24.66,24.6,24.6448,7340,0
2017-04-25,15:40:00,24.61,24.61,24.51,24.51,4359,0
2017-04-25,15:45:00,24.58,24.58,24.58,24.58,800,0
2017-04-25,15:50:00,24.58,24.58,24.58,24.58,100,0
2017-04-25,15:55:00,24.5595,24.5595,24.47,24.47,43264,0
2017-04-25,16:05:00,24.5073,24.5073,24.5073,24.5073,125,0
2017-04-25,16:10:00,24.5,24.5,24.48,24.5,800,0
2017-04-25,16:15:00,24.5,24.5,24.5,24.5,300,0
2017-04-25,16:35:00,24.54,24.5665,24.5375,24.5665,400,0
2017-04-25,16:45:00,24.55,24.57,24.5266,24.5266,6548,0
2017-04-25,16:50:00,24.5268,24.5268,24.5268,24.5268,900,0
2017-04-25,17:00:00,24.5268,24.57,24.5268,24.57,1200,0
2017-04-25,17:05:00,24.57,24.57,24.525,24.53,2000,0
2017-04-25,17:15:00,24.5573,24.5573,24.5573,24.5573,360,0
2017-04-25,17:20:00,24.521,24.521,24.521,24.521,1600,0
2017-04-25,17:25:00,24.52,24.52,24.52,24.52,1600,0
2017-04-25,17:30:00,24.5538,24.5538,24.5538,24.5538,200,0
2017-04-25,17:40:00,24.5506,24.5506,24.5506,24.5506,700,0
2017-04-25,18:00:00,24.57,24.57,24.5581,24.5611,1600,0
2017-04-25,18:20:00,24.53,24.53,24.53,24.53,4719,0
2017-04-25,18:25:00,24.53,24.53,24.53,24.53,880,0
2017-04-25,19:10:00,24.53,24.53,24.53,24.53,1000,0
2017-04-25,19:15:00,24.5301,24.558,24.5301,24.558,2000,0
2017-04-25,19:25:00,24.57,24.57,24.53,24.53,4531,0
2017-04-25,19:30:00,24.5101,24.5101,24.5101,24.5101,305,0
2017-04-25,19:35:00,24.5454,24.5454,24.5454,24.5454,254,0
2017-04-25,19:40:00,24.5101,24.5694,24.5101,24.5694,2000,0
2017-04-25,19:45:00,24.5699,24.5699,24.5699,24.5699,1000,0
2017-04-25,20:00:00,24.57,24.57,24.57,24.57,400,0
2017-04-25,20:10:00,24.56,24.56,24.5327,24.5327,1000,0
2017-04-25,20:20:00,24.5523,24.56,24.5419,24.5419,1672,0
2017-04-25,20:25:00,24.5484,24.56,24.511,24.511,2655,0
2017-04-25,20:30:00,24.51,24.51,24.51,24.51,200,0
2017-04-25,20:35:00,24.57,24.57,24.51,24.51,800,0
2017-04-25,20:40:00,24.57,24.57,24.51,24.51,1900,0
2017-04-25,20:45:00,24.5569,24.56,24.5569,24.56,460,0
2017-04-25,20:50:00,24.5634,24.5634,24.5634,24.5634,530,0
2017-04-25,21:05:00,24.5633,24.5633,24.5633,24.5633,1000,0
2017-04-25,21:10:00,24.52,24.56,24.51,24.56,2994,0
2017-04-25,21:20:00,24.5699,24.5699,24.5699,24.5699,800,0
2017-04-25,21:30:00,24.52,24.52,24.52,24.52,422,0
2017-04-25,21:35:00,24.5265,24.532,24.525,24.53,2800,0
2017-04-25,21:40:00,24.57,24.57,24.57,24.57,230,0
2017-04-25,21:50:00,24.5205,24.56,24.5205,24.5544,799,0
2017-04-25,21:55:00,24.53,24.53,24.53,24.53,400,0
2017-04-25,22:00:00,24.53,24.57,24.51,24.57,3114,0
2017-04-26,15:35:00,24.57,24.57,24.57,24.57,5553,0
2017-04-26,15:40:00,24.56,24.56,24.56,24.56,300,0
2017-04-26,15:55:00,24.57,24.57,24.51,24.51,2000,0
2017-04-26,16:05:00,24.5322,24.5322,24.5322,24.5322,500,0
2017-04-26,16:20:00,24.5699,24.5699,24.5699,24.5699,245,0
2017-04-26,16:25:00,24.57,24.57,24.57,24.57,1000,0
2017-04-26,16:30:00,24.5236,24.5475,24.5236,24.5475,621,0
2017-04-26,16:35:00,24.5585,24.57,24.5585,24.57,1035,0
2017-04-26,16:45:00,24.52,24.52,24.52,24.52,500,0
2017-04-26,17:05:00,24.569,24.569,24.56,24.56,350,0
2017-04-26,17:10:00,24.5428,24.5428,24.52,24.52,4239,0
2017-04-26,17:20:00,24.5547,24.57,24.5547,24.5611,1614,0
2017-04-26,17:25:00,24.565,24.57,24.565,24.565,1920,0
2017-04-26,17:30:00,24.5543,24.57,24.55,24.55,1100,0
2017-04-26,17:35:00,24.531,24.531,24.531,24.531,320,0
2017-04-26,17:45:00,24.53,24.53,24.53,24.53,200,0
2017-04-26,18:05:00,24.5649,24.5649,24.56,24.56,300,0
2017-04-26,18:10:00,24.56,24.56,24.56,24.56,227,0
2017-04-26,18:15:00,24.56,24.56,24.5521,24.56,304,0
2017-04-26,18:20:00,24.5516,24.5516,24.5516,24.5516,206,0
2017-04-26,18:25:00,24.5414,24.55,24.54,24.55,1000,0
2017-04-26,18:30:00,24.5427,24.5427,24.5427,24.5427,250,0
2017-04-26,18:40:00,24.55,24.55,24.55,24.55,450,0
2017-04-26,18:45:00,24.5392,24.5392,24.5392,24.5392,250,0
2017-04-26,18:50:00,24.55,24.55,24.55,24.55,130,0
2017-04-26,19:00:00,24.5468,24.56,24.5345,24.551,2000,0
2017-04-26,19:20:00,24.5401,24.56,24.54,24.54,1429,0
2017-04-26,19:25:00,24.5572,24.5572,24.5572,24.5572,200,0
2017-04-26,19:40:00,24.5258,24.5258,24.5258,24.5258,1500,0
2017-04-26,19:45:00,24.5419,24.5419,24.5419,24.5419,415,0
2017-04-26,20:00:00,24.55,24.55,24.55,24.55,426,0
2017-04-26,20:10:00,24.5364,24.5499,24.5364,24.5499,1360,0
2017-04-26,20:20:00,24.5298,24.5298,24.5298,24.5298,149,0
2017-04-26,20:30:00,24.5308,24.535,24.52,24.5246,3000,0
2017-04-26,20:35:00,24.549,24.549,24.549,24.549,163,0
2017-04-26,20:45:00,24.5388,24.5388,24.5388,24.5388,629,0
2017-04-26,20:50:00,24.52,24.55,24.52,24.55,2100,0
2017-04-26,20:55:00,24.535,24.55,24.5,24.5476,4249,0
2017-04-26,21:00:00,24.55,24.55,24.5337,24.5337,268,0
2017-04-26,21:15:00,24.5341,24.5341,24.5341,24.5341,361,0
2017-04-26,21:20:00,24.5159,24.55,24.5159,24.55,1100,0
2017-04-26,21:35:00,24.5499,24.5499,24.5499,24.5499,355,0
2017-04-26,21:40:00,24.53,24.5424,24.53,24.5424,1233,0
2017-04-26,21:45:00,24.53,24.5321,24.53,24.5321,500,0
2017-04-26,21:50:00,24.54,24.54,24.5329,24.5329,700,0
2017-04-26,21:55:00,24.53,24.5315,24.5,24.5,3297,0
2017-04-26,22:00:00,24.55,24.55,24.55,24.55,100,0
