Date,Time,Open,High,Low,Close,Volume,OpenInt
2017-04-10,15:35:00,40.89,41,40.765,40.91,28638,0
2017-04-10,15:40:00,40.89,40.96,40.89,40.95,7503,0
2017-04-10,15:45:00,40.96,40.98,40.82,40.87,32967,0
2017-04-10,15:50:00,40.87,40.87,40.82,40.87,16282,0
2017-04-10,15:55:00,40.86,40.87,40.83,40.83,15055,0
2017-04-10,16:00:00,40.84,40.92,40.82,40.9,28524,0
2017-04-10,16:05:00,40.9,40.92,40.86,40.875,15530,0
2017-04-10,16:10:00,40.88,40.915,40.87,40.89,37359,0
2017-04-10,16:15:00,40.89,40.925,40.87,40.9,14306,0
2017-04-10,16:20:00,40.9,40.93,40.86,40.91,15204,0
2017-04-10,16:25:00,40.91,40.93,40.88,40.91,18726,0
2017-04-10,16:30:00,40.9,40.9,40.86,40.88,16968,0
2017-04-10,16:35:00,40.89,40.97,40.89,40.94,24558,0
2017-04-10,16:40:00,40.94,40.965,40.89,40.89,35435,0
2017-04-10,16:45:00,40.89,40.89,40.86,40.86,16500,0
2017-04-10,16:50:00,40.87,40.885,40.83,40.84,25170,0
2017-04-10,16:55:00,40.84,40.85,40.78,40.85,45478,0
2017-04-10,17:00:00,40.85,40.865,40.8,40.82,18175,0
2017-04-10,17:05:00,40.815,40.86,40.8,40.82,25138,0
2017-04-10,17:10:00,40.815,40.83,40.79,40.81,31625,0
2017-04-10,17:15:00,40.805,40.86,40.805,40.86,14275,0
2017-04-10,17:20:00,40.865,40.89,40.855,40.865,15702,0
2017-04-10,17:25:00,40.87,40.895,40.84,40.845,14638,0
2017-04-10,17:30:00,40.85,40.85,40.795,40.795,9700,0
2017-04-10,17:35:00,40.8,40.82,40.655,40.66,22856,0
2017-04-10,17:40:00,40.66,40.66,40.54,40.54,25754,0
2017-04-10,17:45:00,40.54,40.63,40.525,40.58,68775,0
2017-04-10,17:50:00,40.58,40.585,40.55,40.585,12139,0
2017-04-10,17:55:00,40.585,40.615,40.57,40.61,12644,0
2017-04-10,18:00:00,40.61,40.63,40.595,40.63,7874,0
2017-04-10,18:05:00,40.635,40.68,40.635,40.64,25770,0
2017-04-10,18:10:00,40.65,40.655,40.6,40.615,21086,0
2017-04-10,18:15:00,40.615,40.615,40.53,40.555,17383,0
2017-04-10,18:20:00,40.57,40.6,40.56,40.59,8834,0
2017-04-10,18:25:00,40.59,40.59,40.55,40.56,10148,0
2017-04-10,18:30:00,40.5513,40.58,40.53,40.58,18490,0
2017-04-10,18:35:00,40.58,40.61,40.54,40.595,22962,0
2017-04-10,18:40:00,40.61,40.61,40.58,40.605,5667,0
2017-04-10,18:45:00,40.61,40.62,40.605,40.61,27675,0
2017-04-10,18:50:00,40.62,40.64,40.61,40.635,15771,0
2017-04-10,18:55:00,40.64,40.69,40.64,40.6848,21351,0
2017-04-10,19:00:00,40.69,40.7,40.675,40.68,12711,0
2017-04-10,19:05:00,40.67,40.7,40.65,40.65,8822,0
2017-04-10,19:10:00,40.641,40.69,40.64,40.68,7645,0
2017-04-10,19:15:00,40.69,40.7,40.68,40.69,9220,0
2017-04-10,19:20:00,40.69,40.7,40.63,40.63,15815,0
2017-04-10,19:25:00,40.63,40.69,40.63,40.69,15336,0
2017-04-10,19:30:00,40.69,40.7,40.68,40.69,9057,0
2017-04-10,19:35:00,40.695,40.71,40.68,40.7,12780,0
2017-04-10,19:40:00,40.7,40.74,40.7,40.72,15320,0
2017-04-10,19:45:00,40.72,40.73,40.711,40.715,5100,0
2017-04-10,19:50:00,40.71,40.73,40.69,40.72,8874,0
2017-04-10,19:55:00,40.71,40.73,40.695,40.695,10741,0
2017-04-10,20:00:00,40.7,40.7,40.65,40.65,13748,0
2017-04-10,20:05:00,40.655,40.665,40.59,40.59,22058,0
2017-04-10,20:10:00,40.59,40.6,40.58,40.59,10824,0
2017-04-10,20:15:00,40.585,40.635,40.57,40.63,22838,0
2017-04-10,20:20:00,40.62,40.63,40.59,40.6,18480,0
2017-04-10,20:25:00,40.595,40.62,40.59,40.595,19498,0
2017-04-10,20:30:00,40.59,40.6,40.53,40.535,13779,0
2017-04-10,20:35:00,40.535,40.55,40.52,40.55,18550,0
2017-04-10,20:40:00,40.545,40.56,40.53,40.535,19659,0
2017-04-10,20:45:00,40.535,40.56,40.51,40.555,17953,0
2017-04-10,20:50:00,40.56,40.6,40.53,40.535,33748,0
2017-04-10,20:55:00,40.535,40.5636,40.495,40.55,30090,0
2017-04-10,21:00:00,40.555,40.575,40.52,40.521,18495,0
2017-04-10,21:05:00,40.53,40.56,40.53,40.535,13882,0
2017-04-10,21:10:00,40.54,40.55,40.52,40.52,20739,0
2017-04-10,21:15:00,40.5266,40.54,40.491,40.52,36616,0
2017-04-10,21:20:00,40.5242,40.525,40.48,40.48,21355,0
2017-04-10,21:25:00,40.48,40.48,40.41,40.41,48743,0
2017-04-10,21:30:00,40.42,40.42,40.39,40.41,23465,0
2017-04-10,21:35:00,40.41,40.42,40.36,40.39,52085,0
2017-04-10,21:40:00,40.39,40.43,40.39,40.42,34933,0
2017-04-10,21:45:00,40.42,40.43,40.38,40.39,44520,0
2017-04-10,21:50:00,40.39,40.42,40.38,40.38,45387,0
2017-04-10,21:55:00,40.39,40.4,40.38,40.39,42817,0
2017-04-10,22:00:00,40.39,40.43,40.38,40.41,369625,0
2017-04-11,15:35:00,40.41,40.5,40.26,40.485,59305,0
2017-04-11,15:40:00,40.47,40.5,40.32,40.345,18252,0
2017-04-11,15:45:00,40.34,40.37,40.22,40.35,24005,0
2017-04-11,15:50:00,40.31,40.32,40.23,40.26,41017,0
2017-04-11,15:55:00,40.26,40.31,40.2,40.2,35919,0
2017-04-11,16:00:00,40.21,40.27,40.16,40.26,18547,0
2017-04-11,16:05:00,40.27,40.4,40.24,40.39,30735,0
2017-04-11,16:10:00,40.38,40.4,40.34,40.39,20634,0
2017-04-11,16:15:00,40.38,40.415,40.31,40.32,24629,0
2017-04-11,16:20:00,40.31,40.32,40.24,40.26,25976,0
2017-04-11,16:25:00,40.26,40.26,40.18,40.22,128365,0
2017-04-11,16:30:00,40.22,40.24,40.16,40.23,20301,0
2017-04-11,16:35:00,40.22,40.22,40.07,40.08,35281,0
2017-04-11,16:40:00,40.09,40.17,40.0799,40.16,17925,0
2017-04-11,16:45:00,40.16,40.18,40.0899,40.17,35181,0
2017-04-11,16:50:00,40.17,40.22,40.15,40.2,23422,0
2017-04-11,16:55:00,40.2,40.22,40.14,40.16,30049,0
2017-04-11,17:00:00,40.16,40.18,40.15,40.17,21596,0
2017-04-11,17:05:00,40.17,40.28,40.17,40.28,18174,0
2017-04-11,17:10:00,40.28,40.34,40.26,40.3,18000,0
2017-04-11,17:15:00,40.29,40.34,40.29,40.29,19540,0
2017-04-11,17:20:00,40.3,40.315,40.25,40.31,22295,0
2017-04-11,17:25:00,40.31,40.32,40.27,40.3,14341,0
2017-04-11,17:30:00,40.3,40.33,40.2499,40.33,27617,0
2017-04-11,17:35:00,40.33,40.4,40.32,40.4,24202,0
2017-04-11,17:40:00,40.39,40.46,40.39,40.45,30183,0
2017-04-11,17:45:00,40.445,40.45,40.39,40.425,22286,0
2017-04-11,17:50:00,40.42,40.5,40.4,40.49,28608,0
2017-04-11,17:55:00,40.49,40.525,40.475,40.49,20926,0
2017-04-11,18:00:00,40.48,40.53,40.48,40.49,13841,0
2017-04-11,18:05:00,40.48,40.48,40.4,40.41,22243,0
2017-04-11,18:10:00,40.41,40.435,40.41,40.435,9441,0
2017-04-11,18:15:00,40.44,40.49,40.435,40.48,70094,0
2017-04-11,18:20:00,40.48,40.52,40.47,40.52,10544,0
2017-04-11,18:25:00,40.53,40.56,40.515,40.53,11783,0
2017-04-11,18:30:00,40.53,40.56,40.505,40.56,12396,0
2017-04-11,18:35:00,40.56,40.57,40.52,40.52,9497,0
2017-04-11,18:40:00,40.52,40.545,40.52,40.53,13368,0
2017-04-11,18:45:00,40.53,40.56,40.505,40.51,12576,0
2017-04-11,18:50:00,40.5,40.51,40.47,40.47,21093,0
2017-04-11,18:55:00,40.47,40.57,40.47,40.56,37675,0
2017-04-11,19:00:00,40.56,40.59,40.56,40.565,21806,0
2017-04-11,19:05:00,40.57,40.61,40.57,40.61,13352,0
2017-04-11,19:10:00,40.62,40.66,40.62,40.65,14922,0
2017-04-11,19:15:00,40.64,40.655,40.575,40.575,19217,0
2017-04-11,19:20:00,40.58,40.58,40.54,40.54,26602,0
2017-04-11,19:25:00,40.54,40.565,40.52,40.5399,21031,0
2017-04-11,19:30:00,40.54,40.59,40.54,40.58,6858,0
2017-04-11,19:35:00,40.58,40.63,40.57,40.5724,16512,0
2017-04-11,19:40:00,40.58,40.655,40.575,40.655,15202,0
2017-04-11,19:45:00,40.65,40.66,40.57,40.57,9475,0
2017-04-11,19:50:00,40.574,40.6,40.56,40.57,8030,0
2017-04-11,19:55:00,40.57,40.6,40.56,40.57,10844,0
2017-04-11,20:00:00,40.57,40.61,40.5599,40.61,10684,0
2017-04-11,20:05:00,40.605,40.63,40.505,40.51,46904,0
2017-04-11,20:10:00,40.51,40.53,40.42,40.44,65532,0
2017-04-11,20:15:00,40.44,40.46,40.4,40.43,88607,0
2017-04-11,20:20:00,40.43,40.43,40.4,40.42,19207,0
2017-04-11,20:25:00,40.42,40.43,40.41,40.425,16514,0
2017-04-11,20:30:00,40.43,40.445,40.415,40.43,61839,0
2017-04-11,20:35:00,40.43,40.45,40.41,40.43,95936,0
2017-04-11,20:40:00,40.43,40.435,40.41,40.425,27473,0
2017-04-11,20:45:00,40.43,40.47,40.4,40.42,68910,0
2017-04-11,20:50:00,40.42,40.44,40.4,40.42,22640,0
2017-04-11,20:55:00,40.42,40.475,40.42,40.44,85169,0
2017-04-11,21:00:00,40.45,40.46,40.425,40.43,34308,0
2017-04-11,21:05:00,40.43,40.44,40.415,40.43,21165,0
2017-04-11,21:10:00,40.43,40.4334,40.4,40.405,22218,0
2017-04-11,21:15:00,40.4,40.4,40.35,40.35,28646,0
2017-04-11,21:20:00,40.36,40.395,40.33,40.395,27548,0
2017-04-11,21:25:00,40.39,40.4,40.36,40.4,27433,0
2017-04-11,21:30:00,40.395,40.405,40.38,40.39,24656,0
2017-04-11,21:35:00,40.39,40.42,40.375,40.41,49502,0
2017-04-11,21:40:00,40.405,40.42,40.39,40.4,42208,0
2017-04-11,21:45:00,40.4,40.42,40.39,40.415,43543,0
2017-04-11,21:50:00,40.41,40.45,40.39,40.42,109016,0
2017-04-11,21:55:00,40.43,40.46,40.42,40.45,126209,0
2017-04-11,22:00:00,40.45,40.55,40.445,40.54,341749,0
2017-04-12,15:35:00,40.69,40.72,40.4,40.52,36129,0
2017-04-12,15:40:00,40.52,40.53,40.42,40.47,36910,0
2017-04-12,15:45:00,40.48,40.53,40.43,40.43,12046,0
2017-04-12,15:50:00,40.44,40.54,40.405,40.405,14838,0
2017-04-12,15:55:00,40.41,40.45,40.37,40.41,17568,0
2017-04-12,16:00:00,40.4,40.41,40.345,40.41,11756,0
2017-04-12,16:05:00,40.41,40.46,40.33,40.3433,19022,0
2017-04-12,16:10:00,40.345,40.35,40.275,40.29,16717,0
2017-04-12,16:15:00,40.28,40.28,40.18,40.18,26230,0
2017-04-12,16:20:00,40.19,40.28,40.185,40.24,106286,0
2017-04-12,16:25:00,40.23,40.24,40.11,40.12,23868,0
2017-04-12,16:30:00,40.125,40.14,40.01,40.02,24068,0
2017-04-12,16:35:00,40.02,40.12,40.02,40.08,34720,0
2017-04-12,16:40:00,40.08,40.1,40.04,40.07,30988,0
2017-04-12,16:45:00,40.08,40.085,40.0189,40.0189,17248,0
2017-04-12,16:50:00,40.02,40.02,39.94,39.975,35804,0
2017-04-12,16:55:00,39.97,39.98,39.91,39.94,25640,0
2017-04-12,17:00:00,39.93,39.965,39.895,39.91,38584,0
2017-04-12,17:05:00,39.905,39.93,39.87,39.89,43192,0
2017-04-12,17:10:00,39.89,39.94,39.885,39.92,38904,0
2017-04-12,17:15:00,39.92,39.92,39.88,39.9,21771,0
2017-04-12,17:20:00,39.9,39.9,39.86,39.89,10824,0
2017-04-12,17:25:00,39.885,39.9,39.85,39.86,16813,0
2017-04-12,17:30:00,39.87,39.8801,39.855,39.87,17796,0
2017-04-12,17:35:00,39.87,39.89,39.855,39.86,22927,0
2017-04-12,17:40:00,39.85,39.86,39.74,39.745,39946,0
2017-04-12,17:45:00,39.76,39.81,39.76,39.77,18512,0
2017-04-12,17:50:00,39.76,39.78,39.74,39.75,19439,0
2017-04-12,17:55:00,39.75,39.75,39.71,39.73,19961,0
2017-04-12,18:00:00,39.735,39.8,39.735,39.795,17187,0
2017-04-12,18:05:00,39.8,39.8,39.69,39.695,40694,0
2017-04-12,18:10:00,39.69,39.75,39.69,39.74,15982,0
2017-04-12,18:15:00,39.745,39.825,39.745,39.795,10452,0
2017-04-12,18:20:00,39.81,39.81,39.745,39.745,11425,0
2017-04-12,18:25:00,39.75,39.8,39.75,39.78,10946,0
2017-04-12,18:30:00,39.78,39.79,39.705,39.72,9462,0
2017-04-12,18:35:00,39.71,39.72,39.65,39.65,10248,0
2017-04-12,18:40:00,39.655,39.71,39.655,39.68,14459,0
2017-04-12,18:45:00,39.69,39.72,39.68,39.72,14532,0
2017-04-12,18:50:00,39.73,39.76,39.715,39.72,5800,0
2017-04-12,18:55:00,39.72,39.73,39.67,39.69,11905,0
2017-04-12,19:00:00,39.7,39.7,39.66,39.68,7600,0
2017-04-12,19:05:00,39.69,39.79,39.69,39.78,30293,0
2017-04-12,19:10:00,39.77,39.7975,39.73,39.79,22608,0
2017-04-12,19:15:00,39.78,39.8,39.75,39.79,20187,0
2017-04-12,19:20:00,39.79,39.81,39.75,39.76,26136,0
2017-04-12,19:25:00,39.75,39.76,39.72,39.74,14449,0
2017-04-12,19:30:00,39.74,39.78,39.73,39.775,11932,0
2017-04-12,19:35:00,39.78,39.83,39.78,39.83,12156,0
2017-04-12,19:40:00,39.82,39.8736,39.785,39.8736,16362,0
2017-04-12,19:45:00,39.87,39.9,39.84,39.87,21610,0
2017-04-12,19:50:00,39.88,39.88,39.835,39.86,8638,0
2017-04-12,19:55:00,39.86,39.86,39.815,39.82,10178,0
2017-04-12,20:00:00,39.82,39.91,39.805,39.905,22280,0
2017-04-12,20:05:00,39.91,39.91,39.81,39.86,23409,0
2017-04-12,20:10:00,39.86,39.9,39.85,39.85,66154,0
2017-04-12,20:15:00,39.8475,39.88,39.845,39.86,13134,0
2017-04-12,20:20:00,39.85,39.87,39.83,39.83,15239,0
2017-04-12,20:25:00,39.83,39.86,39.805,39.85,14077,0
2017-04-12,20:30:00,39.85,39.85,39.78,39.79,40429,0
2017-04-12,20:35:00,39.78,39.82,39.78,39.79,18930,0
2017-04-12,20:40:00,39.79,39.8,39.7,39.7,25942,0
2017-04-12,20:45:00,39.69,39.73,39.65,39.66,25027,0
2017-04-12,20:50:00,39.66,39.71,39.64,39.67,22168,0
2017-04-12,20:55:00,39.665,39.73,39.66,39.71,24103,0
2017-04-12,21:00:00,39.72,39.75,39.72,39.74,12506,0
2017-04-12,21:05:00,39.74,39.77,39.735,39.76,12267,0
2017-04-12,21:10:00,39.755,39.755,39.7075,39.72,20665,0
2017-04-12,21:15:00,39.72,39.76,39.69,39.71,21948,0
2017-04-12,21:20:00,39.705,39.71,39.635,39.635,17665,0
2017-04-12,21:25:00,39.64,39.75,39.64,39.72,26803,0
2017-04-12,21:30:00,39.73,39.74,39.68,39.7,27575,0
2017-04-12,21:35:00,39.71,39.72,39.685,39.72,28418,0
2017-04-12,21:40:00,39.71,39.72,39.65,39.65,31045,0
2017-04-12,21:45:00,39.655,39.68,39.615,39.63,32270,0
2017-04-12,21:50:00,39.62,39.665,39.61,39.63,43880,0
2017-04-12,21:55:00,39.63,39.65,39.61,39.62,94940,0
2017-04-12,22:00:00,39.63,39.665,39.61,39.65,695101,0
2017-04-13,15:35:00,39.65,39.8,39.54,39.74,39146,0
2017-04-13,15:40:00,39.68,39.88,39.64,39.87,26298,0
2017-04-13,15:45:00,39.87,39.89,39.82,39.88,30899,0
2017-04-13,15:50:00,39.86,39.93,39.82,39.88,42265,0
2017-04-13,15:55:00,39.88,40.07,39.85,40,39898,0
2017-04-13,16:00:00,39.99,40.01,39.9,39.93,31615,0
2017-04-13,16:05:00,39.93,40.05,39.89,40.04,27820,0
2017-04-13,16:10:00,40.06,40.06,39.95,39.96,16660,0
2017-04-13,16:15:00,39.955,40.04,39.9525,40.01,18154,0
2017-04-13,16:20:00,40.01,40.06,39.98,40.01,22721,0
2017-04-13,16:25:00,40.02,40.02,39.935,40,19600,0
2017-04-13,16:30:00,39.99,40.01,39.9365,39.96,15518,0
2017-04-13,16:35:00,39.95,40,39.94,39.98,17690,0
2017-04-13,16:40:00,39.97,40.02,39.96,40.01,46530,0
2017-04-13,16:45:00,40,40,39.96,40,17453,0
2017-04-13,16:50:00,40,40,39.95,39.9667,22078,0
2017-04-13,16:55:00,39.96,40.01,39.95,40.01,7487,0
2017-04-13,17:00:00,40.005,40.02,39.98,40.01,17438,0
2017-04-13,17:05:00,40.02,40.08,40.005,40.05,18304,0
2017-04-13,17:10:00,40.045,40.05,40.035,40.04,6543,0
2017-04-13,17:15:00,40.035,40.045,40.005,40.02,60773,0
2017-04-13,17:20:00,40.02,40.03,39.96,39.97,15016,0
2017-04-13,17:25:00,39.96,40.045,39.955,40.035,11884,0
2017-04-13,17:30:00,40.03,40.05,40.015,40.03,17383,0
2017-04-13,17:35:00,40.0325,40.05,40.0242,40.04,14927,0
2017-04-13,17:40:00,40.03,40.04,40.015,40.03,11054,0
2017-04-13,17:45:00,40.035,40.035,39.97,39.97,11909,0
2017-04-13,17:50:00,39.975,40.035,39.97,40,16407,0
2017-04-13,17:55:00,40,40.01,39.975,40,9067,0
2017-04-13,18:00:00,40.01,40.01,39.93,39.94,16667,0
2017-04-13,18:05:00,39.94,39.94,39.88,39.89,15858,0
2017-04-13,18:10:00,39.88,39.905,39.83,39.855,26054,0
2017-04-13,18:15:00,39.86,39.87,39.85,39.87,17657,0
2017-04-13,18:20:00,39.88,39.88,39.79,39.8,24318,0
2017-04-13,18:25:00,39.8,39.8,39.73,39.735,13400,0
2017-04-13,18:30:00,39.73,39.8,39.73,39.8,10549,0
2017-04-13,18:35:00,39.8,39.875,39.8,39.85,15618,0
2017-04-13,18:40:00,39.85,39.86,39.8236,39.835,10192,0
2017-04-13,18:45:00,39.84,39.855,39.81,39.835,12981,0
2017-04-13,18:50:00,39.83,39.83,39.74,39.74,15349,0
2017-04-13,18:55:00,39.75,39.79,39.75,39.77,10055,0
2017-04-13,19:00:00,39.77,39.78,39.725,39.77,11603,0
2017-04-13,19:05:00,39.77,39.77,39.705,39.71,8854,0
2017-04-13,19:10:00,39.72,39.73,39.68,39.72,14943,0
2017-04-13,19:15:00,39.71,39.72,39.685,39.715,15350,0
2017-04-13,19:20:00,39.71,39.77,39.71,39.75,16724,0
2017-04-13,19:25:00,39.76,39.76,39.73,39.74,7810,0
2017-04-13,19:30:00,39.74,39.795,39.73,39.78,10868,0
2017-04-13,19:35:00,39.78,39.79,39.77,39.775,12950,0
2017-04-13,19:40:00,39.77,39.78,39.755,39.76,10364,0
2017-04-13,19:45:00,39.755,39.755,39.69,39.7,18246,0
2017-04-13,19:50:00,39.7,39.71,39.66,39.67,20171,0
2017-04-13,19:55:00,39.67,39.695,39.66,39.68,15638,0
2017-04-13,20:00:00,39.685,39.69,39.65,39.65,12671,0
2017-04-13,20:05:00,39.65,39.7,39.64,39.68,16638,0
2017-04-13,20:10:00,39.68,39.77,39.675,39.76,20517,0
2017-04-13,20:15:00,39.77,39.79,39.73,39.73,15095,0
2017-04-13,20:20:00,39.73,39.77,39.72,39.76,14568,0
2017-04-13,20:25:00,39.76,39.8,39.75,39.7799,27165,0
2017-04-13,20:30:00,39.77,39.83,39.77,39.82,16445,0
2017-04-13,20:35:00,39.81,39.84,39.79,39.83,17547,0
2017-04-13,20:40:00,39.82,39.83,39.76,39.765,13975,0
2017-04-13,20:45:00,39.76,39.82,39.76,39.8,11680,0
2017-04-13,20:50:00,39.8,39.81,39.77,39.8,19033,0
2017-04-13,20:55:00,39.79,39.795,39.725,39.735,20359,0
2017-04-13,21:00:00,39.73,39.75,39.72,39.73,17298,0
2017-04-13,21:05:00,39.73,39.74,39.68,39.68,18528,0
2017-04-13,21:10:00,39.68,39.68,39.63,39.63,18368,0
2017-04-13,21:15:00,39.635,39.635,39.58,39.61,28814,0
2017-04-13,21:20:00,39.61,39.63,39.56,39.63,23265,0
2017-04-13,21:25:00,39.63,39.66,39.62,39.64,24572,0
2017-04-13,21:30:00,39.64,39.65,39.58,39.59,25987,0
2017-04-13,21:35:00,39.59,39.63,39.54,39.54,42129,0
2017-04-13,21:40:00,39.545,39.57,39.53,39.54,41692,0
2017-04-13,21:45:00,39.54,39.56,39.51,39.54,44962,0
2017-04-13,21:50:00,39.55,39.64,39.545,39.61,74093,0
2017-04-13,21:55:00,39.61,39.61,39.53,39.56,93186,0
2017-04-13,22:00:00,39.56,39.57,39.47,39.49,757729,0
2017-04-17,15:35:00,39.63,39.63,39.51,39.54,19519,0
2017-04-17,15:40:00,39.57,39.65,39.55,39.57,11500,0
2017-04-17,15:45:00,39.57,39.585,39.46,39.46,12665,0
2017-04-17,15:50:00,39.46,39.51,39.44,39.46,18288,0
2017-04-17,15:55:00,39.47,39.49,39.43,39.49,21209,0
2017-04-17,16:00:00,39.5,39.55,39.47,39.48,15896,0
2017-04-17,16:05:00,39.48,39.54,39.48,39.49,30931,0
2017-04-17,16:10:00,39.51,39.58,39.51,39.545,25119,0
2017-04-17,16:15:00,39.54,39.59,39.53,39.59,16226,0
2017-04-17,16:20:00,39.6,39.675,39.595,39.66,18894,0
2017-04-17,16:25:00,39.66,39.77,39.66,39.77,22302,0
2017-04-17,16:30:00,39.77,39.77,39.685,39.7,20200,0
2017-04-17,16:35:00,39.71,39.78,39.71,39.75,17046,0
2017-04-17,16:40:00,39.745,39.757,39.69,39.75,19588,0
2017-04-17,16:45:00,39.745,39.745,39.685,39.685,23616,0
2017-04-17,16:50:00,39.69,39.75,39.68,39.715,21496,0
2017-04-17,16:55:00,39.715,39.77,39.715,39.735,28422,0
2017-04-17,17:00:00,39.73,39.77,39.73,39.74,8685,0
2017-04-17,17:05:00,39.74,39.78,39.735,39.78,8393,0
2017-04-17,17:10:00,39.78,39.79,39.77,39.77,5550,0
2017-04-17,17:15:00,39.78,39.82,39.775,39.785,14248,0
2017-04-17,17:20:00,39.79,39.82,39.775,39.8,26837,0
2017-04-17,17:25:00,39.79,39.795,39.76,39.79,6288,0
2017-04-17,17:30:00,39.785,39.8,39.77,39.77,5357,0
2017-04-17,17:35:00,39.78,39.785,39.73,39.735,10507,0
2017-04-17,17:40:00,39.74,39.8066,39.74,39.79,7500,0
2017-04-17,17:45:00,39.8,39.83,39.79,39.8,28691,0
2017-04-17,17:50:00,39.79,39.8,39.73,39.76,17999,0
2017-04-17,17:55:00,39.76,39.77,39.72,39.72,35369,0
2017-04-17,18:00:00,39.715,39.73,39.66,39.66,17234,0
2017-04-17,18:05:00,39.655,39.69,39.63,39.67,32866,0
2017-04-17,18:10:00,39.67,39.68,39.67,39.68,5067,0
2017-04-17,18:15:00,39.68,39.71,39.68,39.71,5400,0
2017-04-17,18:20:00,39.71,39.71,39.69,39.7,3964,0
2017-04-17,18:25:00,39.7,39.75,39.7,39.75,8045,0
2017-04-17,18:30:00,39.74,39.74,39.69,39.69,10600,0
2017-04-17,18:35:00,39.7,39.73,39.7,39.71,8053,0
2017-04-17,18:40:00,39.7,39.7,39.68,39.69,6250,0
2017-04-17,18:45:00,39.69,39.72,39.69,39.72,5100,0
2017-04-17,18:50:00,39.73,39.73,39.67,39.67,16990,0
2017-04-17,18:55:00,39.665,39.69,39.665,39.685,4732,0
2017-04-17,19:00:00,39.685,39.69,39.66,39.66,5461,0
2017-04-17,19:05:00,39.66,39.68,39.65,39.675,10300,0
2017-04-17,19:10:00,39.675,39.7,39.675,39.7,5095,0
2017-04-17,19:15:00,39.7,39.72,39.68,39.69,9906,0
2017-04-17,19:20:00,39.69,39.71,39.69,39.71,2000,0
2017-04-17,19:25:00,39.7,39.72,39.695,39.71,5146,0
2017-04-17,19:30:00,39.71,39.75,39.7,39.72,8184,0
2017-04-17,19:35:00,39.73,39.73,39.69,39.7,11915,0
2017-04-17,19:40:00,39.7,39.71,39.68,39.71,5306,0
2017-04-17,19:45:00,39.71,39.73,39.68,39.6868,6448,0
2017-04-17,19:50:00,39.695,39.71,39.695,39.7,5661,0
2017-04-17,19:55:00,39.69,39.69,39.68,39.68,6550,0
2017-04-17,20:00:00,39.68,39.72,39.68,39.71,9297,0
2017-04-17,20:05:00,39.71,39.71,39.69,39.69,4800,0
2017-04-17,20:10:00,39.7,39.75,39.7,39.71,15860,0
2017-04-17,20:15:00,39.72,39.74,39.7169,39.72,22748,0
2017-04-17,20:20:00,39.71,39.76,39.71,39.75,13759,0
2017-04-17,20:25:00,39.75,39.77,39.74,39.74,22135,0
2017-04-17,20:30:00,39.74,39.74,39.68,39.7,13169,0
2017-04-17,20:35:00,39.695,39.75,39.695,39.725,15906,0
2017-04-17,20:40:00,39.72,39.74,39.69,39.715,159744,0
2017-04-17,20:45:00,39.71,39.74,39.71,39.72,10840,0
2017-04-17,20:50:00,39.725,39.74,39.72,39.74,30384,0
2017-04-17,20:55:00,39.74,39.75,39.72,39.73,25498,0
2017-04-17,21:00:00,39.735,39.74,39.71,39.7299,33494,0
2017-04-17,21:05:00,39.72,39.74,39.71,39.71,8736,0
2017-04-17,21:10:00,39.715,39.72,39.7,39.72,11064,0
2017-04-17,21:15:00,39.72,39.75,39.72,39.75,6894,0
2017-04-17,21:20:00,39.75,39.82,39.74,39.81,14329,0
2017-04-17,21:25:00,39.81,39.81,39.77,39.8,9701,0
2017-04-17,21:30:00,39.8,39.83,39.79,39.825,34237,0
2017-04-17,21:35:00,39.825,39.83,39.775,39.79,18025,0
2017-04-17,21:40:00,39.79,39.83,39.79,39.83,17415,0
2017-04-17,21:45:00,39.83,39.85,39.8,39.81,27887,0
2017-04-17,21:50:00,39.82,39.84,39.81,39.82,48366,0
2017-04-17,21:55:00,39.82,39.825,39.79,39.8,56115,0
2017-04-17,22:00:00,39.8,39.81,39.78,39.79,506050,0
2017-04-18,15:35:00,39.62,39.67,39.58,39.64,19479,0
2017-04-18,15:40:00,39.62,39.695,39.59,39.68,8798,0
2017-04-18,15:45:00,39.66,39.74,39.64,39.74,6701,0
2017-04-18,15:50:00,39.76,39.8,39.72,39.77,9899,0
2017-04-18,15:55:00,39.77,39.85,39.75,39.805,26846,0
2017-04-18,16:00:00,39.81,39.87,39.81,39.87,16200,0
2017-04-18,16:05:00,39.88,39.88,39.8,39.81,12900,0
2017-04-18,16:10:00,39.81,39.81,39.76,39.775,12226,0
2017-04-18,16:15:00,39.78,39.8,39.77,39.8,29886,0
2017-04-18,16:20:00,39.8,39.82,39.69,39.69,9393,0
2017-04-18,16:25:00,39.69,39.69,39.65,39.66,7769,0
2017-04-18,16:30:00,39.65,39.67,39.62,39.67,7680,0
2017-04-18,16:35:00,39.66,39.705,39.66,39.69,10000,0
2017-04-18,16:40:00,39.69,39.74,39.69,39.725,5337,0
2017-04-18,16:45:00,39.725,39.74,39.71,39.735,5123,0
2017-04-18,16:50:00,39.735,39.735,39.685,39.695,14244,0
2017-04-18,16:55:00,39.69,39.69,39.66,39.68,6500,0
2017-04-18,17:00:00,39.68,39.72,39.65,39.72,6070,0
2017-04-18,17:05:00,39.72,39.735,39.71,39.72,8856,0
2017-04-18,17:10:00,39.72,39.75,39.72,39.75,10180,0
2017-04-18,17:15:00,39.75,39.78,39.75,39.775,13791,0
2017-04-18,17:20:00,39.77,39.8,39.74,39.74,9939,0
2017-04-18,17:25:00,39.74,39.765,39.72,39.76,6580,0
2017-04-18,17:30:00,39.76,39.805,39.75,39.78,8099,0
2017-04-18,17:35:00,39.77,39.79,39.73,39.73,11882,0
2017-04-18,17:40:00,39.72,39.74,39.68,39.71,10371,0
2017-04-18,17:45:00,39.71,39.71,39.675,39.68,9600,0
2017-04-18,17:50:00,39.675,39.73,39.675,39.72,70054,0
2017-04-18,17:55:00,39.72,39.72,39.66,39.695,11604,0
2017-04-18,18:00:00,39.7,39.71,39.62,39.62,11990,0
2017-04-18,18:05:00,39.62,39.64,39.57,39.63,17946,0
2017-04-18,18:10:00,39.64,39.65,39.62,39.63,7388,0
2017-04-18,18:15:00,39.625,39.625,39.58,39.6,16309,0
2017-04-18,18:20:00,39.59,39.61,39.54,39.56,12700,0
2017-04-18,18:25:00,39.56,39.595,39.555,39.585,5212,0
2017-04-18,18:30:00,39.59,39.605,39.56,39.56,13087,0
2017-04-18,18:35:00,39.55,39.585,39.55,39.57,8657,0
2017-04-18,18:40:00,39.575,39.575,39.54,39.56,9882,0
2017-04-18,18:45:00,39.55,39.6,39.55,39.6,6925,0
2017-04-18,18:50:00,39.59,39.59,39.565,39.57,4100,0
2017-04-18,18:55:00,39.58,39.59,39.56,39.56,19712,0
2017-04-18,19:00:00,39.56,39.58,39.51,39.52,12712,0
2017-04-18,19:05:00,39.51,39.5438,39.51,39.54,8987,0
2017-04-18,19:10:00,39.54,39.56,39.53,39.53,14452,0
2017-04-18,19:15:00,39.54,39.58,39.53,39.58,9141,0
2017-04-18,19:20:00,39.58,39.615,39.57,39.6,10217,0
2017-04-18,19:25:00,39.61,39.63,39.605,39.6175,9053,0
2017-04-18,19:30:00,39.615,39.63,39.61,39.63,13404,0
2017-04-18,19:35:00,39.63,39.645,39.61,39.645,7050,0
2017-04-18,19:40:00,39.65,39.665,39.64,39.64,8570,0
2017-04-18,19:45:00,39.65,39.675,39.65,39.67,7257,0
2017-04-18,19:50:00,39.68,39.69,39.67,39.68,9300,0
2017-04-18,19:55:00,39.68,39.68,39.665,39.68,5889,0
2017-04-18,20:00:00,39.67,39.68,39.665,39.665,6506,0
2017-04-18,20:05:00,39.665,39.7,39.665,39.67,14358,0
2017-04-18,20:10:00,39.68,39.68,39.63,39.635,20844,0
2017-04-18,20:15:00,39.635,39.645,39.62,39.625,6710,0
2017-04-18,20:20:00,39.625,39.665,39.625,39.66,66910,0
2017-04-18,20:25:00,39.66,39.66,39.6,39.61,32366,0
2017-04-18,20:30:00,39.61,39.67,39.59,39.665,47493,0
2017-04-18,20:35:00,39.66,39.71,39.655,39.705,15531,0
2017-04-18,20:40:00,39.71,39.735,39.705,39.705,9687,0
2017-04-18,20:45:00,39.71,39.725,39.675,39.68,15254,0
2017-04-18,20:50:00,39.68,39.685,39.66,39.685,10176,0
2017-04-18,20:55:00,39.69,39.725,39.68,39.7,12027,0
2017-04-18,21:00:00,39.695,39.72,39.67,39.715,16920,0
2017-04-18,21:05:00,39.72,39.73,39.69,39.695,17514,0
2017-04-18,21:10:00,39.695,39.73,39.69,39.715,16706,0
2017-04-18,21:15:00,39.715,39.73,39.69,39.71,13441,0
2017-04-18,21:20:00,39.72,39.75,39.71,39.75,11015,0
2017-04-18,21:25:00,39.75,39.768,39.74,39.765,23113,0
2017-04-18,21:30:00,39.76,39.765,39.75,39.75,12338,0
2017-04-18,21:35:00,39.76,39.76,39.72,39.725,19851,0
2017-04-18,21:40:00,39.73,39.77,39.7266,39.75,25955,0
2017-04-18,21:45:00,39.75,39.77,39.735,39.74,27710,0
2017-04-18,21:50:00,39.74,39.76,39.735,39.75,31778,0
2017-04-18,21:55:00,39.75,39.76,39.72,39.73,42899,0
2017-04-18,22:00:00,39.73,39.775,39.73,39.73,178875,0
2017-04-19,15:35:00,39.85,40.28,39.675,40.26,120244,0
2017-04-19,15:40:00,40.27,40.31,40.14,40.14,14015,0
2017-04-19,15:45:00,40.14,40.16,39.93,39.96,41930,0
2017-04-19,15:50:00,39.95,40.04,39.94,40,40332,0
2017-04-19,15:55:00,39.99,40.08,39.96,40.08,41072,0
2017-04-19,16:00:00,40.08,40.11,40.03,40.06,15641,0
2017-04-19,16:05:00,40.06,40.07,39.97,39.98,14302,0
2017-04-19,16:10:00,39.97,40.01,39.95,39.99,17558,0
2017-04-19,16:15:00,39.985,40,39.96,39.97,15228,0
2017-04-19,16:20:00,39.98,39.98,39.94,39.96,22207,0
2017-04-19,16:25:00,39.955,39.98,39.92,39.96,13488,0
2017-04-19,16:30:00,39.9565,40.005,39.95,39.99,9679,0
2017-04-19,16:35:00,39.99,40.03,39.98,40.005,19094,0
2017-04-19,16:40:00,40.01,40.03,39.97,39.99,25631,0
2017-04-19,16:45:00,39.99,40.035,39.97,40.01,52822,0
2017-04-19,16:50:00,40.01,40.01,39.94,39.95,16477,0
2017-04-19,16:55:00,39.945,39.99,39.94,39.98,17933,0
2017-04-19,17:00:00,39.99,40.01,39.97,39.98,18742,0
2017-04-19,17:05:00,39.98,40.02,39.98,40.01,64683,0
2017-04-19,17:10:00,40.02,40.045,39.995,39.9999,21786,0
2017-04-19,17:15:00,40,40.05,39.98,40.05,13645,0
2017-04-19,17:20:00,40.05,40.065,40.03,40.065,20045,0
2017-04-19,17:25:00,40.07,40.07,40.015,40.045,33461,0
2017-04-19,17:30:00,40.05,40.085,40.03,40.08,12799,0
2017-04-19,17:35:00,40.08,40.08,40.015,40.015,46495,0
2017-04-19,17:40:00,40.01,40.03,39.99,39.995,21955,0
2017-04-19,17:45:00,40,40.015,39.99,39.995,12044,0
2017-04-19,17:50:00,39.9942,40.025,39.99,40.0162,11939,0
2017-04-19,17:55:00,40.02,40.035,40.02,40.02,8281,0
2017-04-19,18:00:00,40.01,40.04,40.01,40.035,7831,0
2017-04-19,18:05:00,40.04,40.04,39.98,39.98,6566,0
2017-04-19,18:10:00,39.97,39.985,39.94,39.95,12500,0
2017-04-19,18:15:00,39.95,39.975,39.91,39.97,17227,0
2017-04-19,18:20:00,39.96,39.975,39.94,39.96,5691,0
2017-04-19,18:25:00,39.965,40.02,39.965,40.005,8428,0
2017-04-19,18:30:00,40.01,40.04,40,40.015,23475,0
2017-04-19,18:35:00,40.015,40.03,40.01,40.03,2716,0
2017-04-19,18:40:00,40.02,40.03,40.015,40.025,4099,0
2017-04-19,18:45:00,40.03,40.03,40,40,8231,0
2017-04-19,18:50:00,40.01,40.015,39.98,39.9901,6513,0
2017-04-19,18:55:00,39.995,40.02,39.975,40.02,6754,0
2017-04-19,19:00:00,40.01,40.065,40.01,40.04,15137,0
2017-04-19,19:05:00,40.04,40.06,40.01,40.02,12175,0
2017-04-19,19:10:00,40.02,40.03,39.96,39.97,14649,0
2017-04-19,19:15:00,39.97,39.99,39.96,39.98,6050,0
2017-04-19,19:20:00,39.975,40.005,39.975,40,28106,0
2017-04-19,19:25:00,39.99,40.07,39.99,40.045,13781,0
2017-04-19,19:30:00,40.04,40.05,40.04,40.05,15130,0
2017-04-19,19:35:00,40.04,40.06,40.03,40.055,4653,0
2017-04-19,19:40:00,40.06,40.06,40.035,40.05,8671,0
2017-04-19,19:45:00,40.055,40.06,40.015,40.055,14210,0
2017-04-19,19:50:00,40.05,40.07,40.01,40.06,12741,0
2017-04-19,19:55:00,40.07,40.09,40.06,40.075,9900,0
2017-04-19,20:00:00,40.0709,40.0709,40.03,40.0642,14141,0
2017-04-19,20:05:00,40.065,40.07,40.025,40.03,14077,0
2017-04-19,20:10:00,40.02,40.03,40,40.01,14915,0
2017-04-19,20:15:00,40,40.005,39.94,39.94,21406,0
2017-04-19,20:20:00,39.94,39.94,39.89,39.905,18327,0
2017-04-19,20:25:00,39.905,39.91,39.86,39.87,19932,0
2017-04-19,20:30:00,39.88,39.935,39.875,39.91,18287,0
2017-04-19,20:35:00,39.915,39.915,39.86,39.86,23273,0
2017-04-19,20:40:00,39.86,39.89,39.84,39.87,20148,0
2017-04-19,20:45:00,39.875,39.88,39.77,39.8,53565,0
2017-04-19,20:50:00,39.8,39.8,39.735,39.74,43627,0
2017-04-19,20:55:00,39.74,39.74,39.655,39.68,84832,0
2017-04-19,21:00:00,39.68,39.7,39.67,39.68,34094,0
2017-04-19,21:05:00,39.7,39.77,39.67,39.76,18966,0
2017-04-19,21:10:00,39.77,39.81,39.76,39.81,11336,0
2017-04-19,21:15:00,39.81,39.83,39.8,39.82,13539,0
2017-04-19,21:20:00,39.81,39.85,39.8,39.85,15700,0
2017-04-19,21:25:00,39.84,39.845,39.81,39.81,13890,0
2017-04-19,21:30:00,39.81,39.82,39.71,39.71,24727,0
2017-04-19,21:35:00,39.72,39.735,39.68,39.7057,24254,0
2017-04-19,21:40:00,39.7,39.775,39.7,39.76,25045,0
2017-04-19,21:45:00,39.76,39.78,39.73,39.75,32107,0
2017-04-19,21:50:00,39.74,39.76,39.72,39.73,25402,0
2017-04-19,21:55:00,39.74,39.77,39.73,39.735,66197,0
2017-04-19,22:00:00,39.74,39.75,39.71,39.75,297700,0
2017-04-20,15:35:00,39.93,39.99,39.85,39.905,27949,0
2017-04-20,15:40:00,39.99,40.02,39.88,39.92,58619,0
2017-04-20,15:45:00,39.91,39.92,39.81,39.86,47132,0
2017-04-20,15:50:00,39.87,39.89,39.8,39.84,28336,0
2017-04-20,15:55:00,39.84,39.94,39.84,39.94,16897,0
2017-04-20,16:00:00,39.93,39.95,39.88,39.95,23700,0
2017-04-20,16:05:00,39.94,40.02,39.9025,39.92,36817,0
2017-04-20,16:10:00,39.91,40.01,39.9,40,19268,0
2017-04-20,16:15:00,40,40.04,39.975,40.03,41185,0
2017-04-20,16:20:00,40.03,40.04,40.0048,40.02,12615,0
2017-04-20,16:25:00,40.02,40.08,40.01,40.01,15612,0
2017-04-20,16:30:00,40.01,40.01,39.97,39.99,32453,0
2017-04-20,16:35:00,39.985,40.015,39.92,39.93,59226,0
2017-04-20,16:40:00,39.93,39.935,39.875,39.89,14538,0
2017-04-20,16:45:00,39.8974,39.94,39.87,39.93,30110,0
2017-04-20,16:50:00,39.94,39.96,39.92,39.93,13527,0
2017-04-20,16:55:00,39.94,39.94,39.89,39.9,19324,0
2017-04-20,17:00:00,39.9,39.93,39.87,39.895,37795,0
2017-04-20,17:05:00,39.9,39.9,39.84,39.87,18226,0
2017-04-20,17:10:00,39.86,39.92,39.85,39.92,12635,0
2017-04-20,17:15:00,39.92,39.94,39.885,39.885,10654,0
2017-04-20,17:20:00,39.89,39.91,39.87,39.91,12852,0
2017-04-20,17:25:00,39.92,39.93,39.89,39.92,10552,0
2017-04-20,17:30:00,39.91,39.96,39.9,39.95,11902,0
2017-04-20,17:35:00,39.94,39.96,39.91,39.93,10689,0
2017-04-20,17:40:00,39.93,39.99,39.93,39.965,18300,0
2017-04-20,17:45:00,39.96,39.99,39.945,39.99,16483,0
2017-04-20,17:50:00,40,40.02,39.985,39.995,28058,0
2017-04-20,17:55:00,40,40.07,39.9997,40.05,30163,0
2017-04-20,18:00:00,40.06,40.1,40.04,40.06,19005,0
2017-04-20,18:05:00,40.07,40.11,40.055,40.1,18308,0
2017-04-20,18:10:00,40.11,40.13,40.09,40.12,35793,0
2017-04-20,18:15:00,40.12,40.16,40.11,40.11,24271,0
2017-04-20,18:20:00,40.12,40.12,40.085,40.1,14699,0
2017-04-20,18:25:00,40.11,40.135,40.1,40.11,18389,0
2017-04-20,18:30:00,40.12,40.14,40.11,40.13,16337,0
2017-04-20,18:35:00,40.13,40.1665,40.13,40.16,12032,0
2017-04-20,18:40:00,40.16,40.185,40.15,40.16,17824,0
2017-04-20,18:45:00,40.16,40.2201,40.16,40.21,12791,0
2017-04-20,18:50:00,40.21,40.21,40.18,40.205,20907,0
2017-04-20,18:55:00,40.205,40.28,40.205,40.27,33604,0
2017-04-20,19:00:00,40.27,40.27,40.205,40.21,9346,0
2017-04-20,19:05:00,40.21,40.26,40.21,40.25,10982,0
2017-04-20,19:10:00,40.245,40.265,40.2,40.235,32986,0
2017-04-20,19:15:00,40.225,40.235,40.16,40.16,17280,0
2017-04-20,19:20:00,40.15,40.16,40.13,40.15,14653,0
2017-04-20,19:25:00,40.155,40.2,40.155,40.195,12662,0
2017-04-20,19:30:00,40.195,40.26,40.195,40.23,23346,0
2017-04-20,19:35:00,40.23,40.24,40.22,40.22,14200,0
2017-04-20,19:40:00,40.23,40.2899,40.23,40.28,18929,0
2017-04-20,19:45:00,40.27,40.3,40.25,40.27,18151,0
2017-04-20,19:50:00,40.26,40.27,40.25,40.26,10804,0
2017-04-20,19:55:00,40.27,40.3,40.27,40.28,11619,0
2017-04-20,20:00:00,40.29,40.315,40.27,40.28,22626,0
2017-04-20,20:05:00,40.28,40.3,40.28,40.3,8179,0
2017-04-20,20:10:00,40.3,40.3,40.25,40.255,23563,0
2017-04-20,20:15:00,40.25,40.26,40.23,40.25,17717,0
2017-04-20,20:20:00,40.255,40.33,40.25,40.315,18763,0
2017-04-20,20:25:00,40.315,40.3399,40.29,40.33,21472,0
2017-04-20,20:30:00,40.33,40.33,40.28,40.29,14017,0
2017-04-20,20:35:00,40.29,40.3,40.25,40.3,21902,0
2017-04-20,20:40:00,40.29,40.315,40.29,40.3,14801,0
2017-04-20,20:45:00,40.295,40.3,40.23,40.235,26863,0
2017-04-20,20:50:00,40.25,40.26,40.23,40.24,15310,0
2017-04-20,20:55:00,40.245,40.31,40.24,40.28,32478,0
2017-04-20,21:00:00,40.29,40.31,40.235,40.24,25378,0
2017-04-20,21:05:00,40.24,40.26,40.2,40.225,13278,0
2017-04-20,21:10:00,40.23,40.28,40.23,40.275,14840,0
2017-04-20,21:15:00,40.28,40.32,40.275,40.3,24067,0
2017-04-20,21:20:00,40.305,40.31,40.28,40.3,32243,0
2017-04-20,21:25:00,40.295,40.295,40.25,40.255,33467,0
2017-04-20,21:30:00,40.26,40.33,40.25,40.325,35910,0
2017-04-20,21:35:00,40.32,40.37,40.32,40.355,39817,0
2017-04-20,21:40:00,40.35,40.35,40.31,40.325,40975,0
2017-04-20,21:45:00,40.33,40.4,40.32,40.385,47057,0
2017-04-20,21:50:00,40.38,40.385,40.33,40.34,66145,0
2017-04-20,21:55:00,40.35,40.37,40.3301,40.36,93607,0
2017-04-20,22:00:00,40.36,40.38,40.29,40.31,314137,0
2017-04-21,15:35:00,40.33,40.35,40.1306,40.25,84318,0
2017-04-21,15:40:00,40.22,40.25,40.1,40.22,17198,0
2017-04-21,15:45:00,40.23,40.26,40.17,40.26,16553,0
2017-04-21,15:50:00,40.25,40.26,40.15,40.15,14100,0
2017-04-21,15:55:00,40.15,40.195,40.1,40.1,35878,0
2017-04-21,16:00:00,40.11,40.12,40.02,40.03,24525,0
2017-04-21,16:05:00,40.03,40.11,40.03,40.09,14937,0
2017-04-21,16:10:00,40.09,40.1,40.04,40.08,12641,0
2017-04-21,16:15:00,40.085,40.095,40.06,40.08,8613,0
2017-04-21,16:20:00,40.09,40.15,40.09,40.15,11022,0
2017-04-21,16:25:00,40.15,40.15,40.11,40.12,3824,0
2017-04-21,16:30:00,40.11,40.11,40.06,40.09,7550,0
2017-04-21,16:35:00,40.1,40.115,40.02,40.02,10812,0
2017-04-21,16:40:00,40.02,40.02,39.935,39.95,13910,0
2017-04-21,16:45:00,39.95,39.99,39.92,39.97,17520,0
2017-04-21,16:50:00,39.965,40,39.92,39.92,7270,0
2017-04-21,16:55:00,39.92,39.945,39.915,39.925,7157,0
2017-04-21,17:00:00,39.9251,39.94,39.87,39.93,13389,0
2017-04-21,17:05:00,39.93,39.94,39.82,39.82,28541,0
2017-04-21,17:10:00,39.82,39.83,39.76,39.795,24353,0
2017-04-21,17:15:00,39.8,39.82,39.76,39.76,15362,0
2017-04-21,17:20:00,39.765,39.83,39.75,39.82,21661,0
2017-04-21,17:25:00,39.8201,39.85,39.82,39.825,9276,0
2017-04-21,17:30:00,39.83,39.92,39.83,39.89,13764,0
2017-04-21,17:35:00,39.89,39.94,39.87,39.94,8421,0
2017-04-21,17:40:00,39.93,39.93,39.89,39.91,11396,0
2017-04-21,17:45:00,39.91,39.94,39.88,39.94,9238,0
2017-04-21,17:50:00,39.94,39.95,39.92,39.925,9050,0
2017-04-21,17:55:00,39.925,39.94,39.91,39.94,5161,0
2017-04-21,18:00:00,39.94,39.97,39.925,39.94,22851,0
2017-04-21,18:05:00,39.94,39.94,39.9,39.9,9822,0
2017-04-21,18:10:00,39.9,39.9,39.845,39.85,8083,0
2017-04-21,18:15:00,39.86,39.89,39.82,39.82,11885,0
2017-04-21,18:20:00,39.82,39.84,39.8,39.82,18588,0
2017-04-21,18:25:00,39.825,39.85,39.81,39.83,16136,0
2017-04-21,18:30:00,39.82,39.85,39.81,39.81,7269,0
2017-04-21,18:35:00,39.81,39.86,39.8,39.86,6524,0
2017-04-21,18:40:00,39.86,39.86,39.825,39.84,8142,0
2017-04-21,18:45:00,39.835,39.84,39.79,39.81,12011,0
2017-04-21,18:50:00,39.805,39.805,39.76,39.78,8418,0
2017-04-21,18:55:00,39.79,39.82,39.79,39.81,5803,0
2017-04-21,19:00:00,39.805,39.82,39.77,39.77,8359,0
2017-04-21,19:05:00,39.78,39.79,39.735,39.74,11865,0
2017-04-21,19:10:00,39.74,39.76,39.71,39.73,10900,0
2017-04-21,19:15:00,39.73,39.74,39.65,39.7,20176,0
2017-04-21,19:20:00,39.69,39.69,39.65,39.66,6567,0
2017-04-21,19:25:00,39.66,39.71,39.65,39.71,5923,0
2017-04-21,19:30:00,39.705,39.71,39.6736,39.7,6777,0
2017-04-21,19:35:00,39.7,39.71,39.695,39.7,3369,0
2017-04-21,19:40:00,39.69,39.69,39.64,39.66,10544,0
2017-04-21,19:45:00,39.66,39.68,39.653,39.68,8955,0
2017-04-21,19:50:00,39.68,39.68,39.67,39.675,1700,0
2017-04-21,19:55:00,39.67,39.705,39.665,39.68,14145,0
2017-04-21,20:00:00,39.69,39.77,39.69,39.74,23921,0
2017-04-21,20:05:00,39.73,39.75,39.73,39.74,4100,0
2017-04-21,20:10:00,39.74,39.741,39.72,39.73,4565,0
2017-04-21,20:15:00,39.725,39.73,39.71,39.72,13000,0
2017-04-21,20:20:00,39.72,39.72,39.67,39.675,9702,0
2017-04-21,20:25:00,39.68,39.685,39.65,39.66,55238,0
2017-04-21,20:30:00,39.66,39.66,39.625,39.635,37165,0
2017-04-21,20:35:00,39.64,39.66,39.63,39.66,54160,0
2017-04-21,20:40:00,39.66,39.66,39.627,39.65,13320,0
2017-04-21,20:45:00,39.65,39.65,39.58,39.58,15067,0
2017-04-21,20:50:00,39.59,39.6,39.56,39.56,14505,0
2017-04-21,20:55:00,39.56,39.57,39.54,39.57,12518,0
2017-04-21,21:00:00,39.58,39.58,39.53,39.555,14153,0
2017-04-21,21:05:00,39.55,39.571,39.53,39.53,17173,0
2017-04-21,21:10:00,39.54,39.545,39.5,39.545,18789,0
2017-04-21,21:15:00,39.53,39.53,39.485,39.51,12400,0
2017-04-21,21:20:00,39.5,39.51,39.485,39.5,19063,0
2017-04-21,21:25:00,39.5,39.53,39.49,39.515,14058,0
2017-04-21,21:30:00,39.51,39.56,39.5,39.54,21986,0
2017-04-21,21:35:00,39.54,39.55,39.5,39.51,18519,0
2017-04-21,21:40:00,39.51,39.56,39.5,39.535,30475,0
2017-04-21,21:45:00,39.54,39.595,39.54,39.57,36817,0
2017-04-21,21:50:00,39.58,39.625,39.575,39.6,43854,0
2017-04-21,21:55:00,39.6,39.61,39.57,39.59,57510,0
2017-04-21,22:00:00,39.58,39.59,39.48,39.49,355620,0
2017-04-24,15:35:00,40.09,40.23,39.98,40.225,21588,0
2017-04-24,15:40:00,40.15,40.17,39.94,40.03,18084,0
2017-04-24,15:45:00,40.04,40.07,39.96,40.02,33046,0
2017-04-24,15:50:00,40.05,40.08,39.99,40.01,13300,0
2017-04-24,15:55:00,40.02,40.03,39.98,39.99,18500,0
2017-04-24,16:00:00,39.99,40.07,39.97,40.04,14502,0
2017-04-24,16:05:00,40.05,40.1,40.04,40.09,14600,0
2017-04-24,16:10:00,40.09,40.13,40.08,40.09,14875,0
2017-04-24,16:15:00,40.09,40.125,40.06,40.103,10695,0
2017-04-24,16:20:00,40.105,40.115,40.0795,40.1,9749,0
2017-04-24,16:25:00,40.09,40.13,40.09,40.12,8400,0
2017-04-24,16:30:00,40.11,40.11,40.08,40.11,8400,0
2017-04-24,16:35:00,40.11,40.12,40.04,40.06,21473,0
2017-04-24,16:40:00,40.06,40.1,40.06,40.065,13658,0
2017-04-24,16:45:00,40.06,40.115,40.06,40.07,21016,0
2017-04-24,16:50:00,40.06,40.06,40,40.05,14612,0
2017-04-24,16:55:00,40.05,40.08,40.035,40.055,7502,0
2017-04-24,17:00:00,40.06,40.125,40.06,40.11,24074,0
2017-04-24,17:05:00,40.11,40.125,40.1,40.12,22726,0
2017-04-24,17:10:00,40.12,40.135,40.09,40.1,10566,0
2017-04-24,17:15:00,40.1,40.12,40.08,40.09,13988,0
2017-04-24,17:20:00,40.1,40.1,39.965,39.98,35243,0
2017-04-24,17:25:00,39.99,40.055,39.985,40.05,19429,0
2017-04-24,17:30:00,40.05,40.12,40.04,40.12,10419,0
2017-04-24,17:35:00,40.11,40.12,40.085,40.12,11615,0
2017-04-24,17:40:00,40.13,40.155,40.12,40.13,20164,0
2017-04-24,17:45:00,40.13,40.15,40.12,40.15,11871,0
2017-04-24,17:50:00,40.14,40.15,40.12,40.15,14714,0
2017-04-24,17:55:00,40.15,40.18,40.05,40.065,32030,0
2017-04-24,18:00:00,40.06,40.15,40.06,40.08,51351,0
2017-04-24,18:05:00,40.09,40.13,40.09,40.105,30386,0
2017-04-24,18:10:00,40.1,40.11,40.09,40.1,13705,0
2017-04-24,18:15:00,40.11,40.12,40.095,40.095,12721,0
2017-04-24,18:20:00,40.09,40.11,40.08,40.11,6410,0
2017-04-24,18:25:00,40.11,40.12,40.09,40.1,15913,0
2017-04-24,18:30:00,40.1,40.125,40.09,40.11,10382,0
2017-04-24,18:35:00,40.116,40.12,40.09,40.12,15062,0
2017-04-24,18:40:00,40.12,40.125,40.1,40.105,19071,0
2017-04-24,18:45:00,40.11,40.12,40.1042,40.12,6229,0
2017-04-24,18:50:00,40.115,40.13,40.11,40.115,7429,0
2017-04-24,18:55:00,40.12,40.12,40.105,40.115,15000,0
2017-04-24,19:00:00,40.115,40.12,40.07,40.12,11492,0
2017-04-24,19:05:00,40.13,40.14,40.11,40.11,23012,0
2017-04-24,19:10:00,40.11,40.16,40.11,40.15,9237,0
2017-04-24,19:15:00,40.15,40.205,40.14,40.205,19623,0
2017-04-24,19:20:00,40.2,40.21,40.185,40.21,6819,0
2017-04-24,19:25:00,40.21,40.22,40.175,40.205,35919,0
2017-04-24,19:30:00,40.21,40.26,40.21,40.26,6088,0
2017-04-24,19:35:00,40.26,40.28,40.25,40.26,9161,0
2017-04-24,19:40:00,40.27,40.28,40.23,40.25,18609,0
2017-04-24,19:45:00,40.24,40.29,40.24,40.29,3202,0
2017-04-24,19:50:00,40.29,40.3,40.26,40.28,22283,0
2017-04-24,19:55:00,40.28,40.295,40.22,40.225,10219,0
2017-04-24,20:00:00,40.22,40.24,40.14,40.15,26038,0
2017-04-24,20:05:00,40.16,40.18,40.105,40.135,41948,0
2017-04-24,20:10:00,40.14,40.155,40.12,40.13,15135,0
2017-04-24,20:15:00,40.14,40.14,40.0925,40.1,15600,0
2017-04-24,20:20:00,40.1,40.13,40.095,40.13,25606,0
2017-04-24,20:25:00,40.13,40.14,40.12,40.12,11567,0
2017-04-24,20:30:00,40.12,40.13,40.1,40.12,14936,0
2017-04-24,20:35:00,40.125,40.18,40.125,40.18,13466,0
2017-04-24,20:40:00,40.1746,40.18,40.155,40.16,14226,0
2017-04-24,20:45:00,40.16,40.18,40.1542,40.165,8375,0
2017-04-24,20:50:00,40.165,40.17,40.12,40.12,20607,0
2017-04-24,20:55:00,40.125,40.14,40.09,40.09,25330,0
2017-04-24,21:00:00,40.09,40.115,40.085,40.105,37978,0
2017-04-24,21:05:00,40.105,40.14,40.105,40.14,17971,0
2017-04-24,21:10:00,40.14,40.16,40.11,40.125,33295,0
2017-04-24,21:15:00,40.12,40.15,40.11,40.15,34248,0
2017-04-24,21:20:00,40.1473,40.1473,40.06,40.065,39003,0
2017-04-24,21:25:00,40.065,40.08,40.045,40.05,30207,0
2017-04-24,21:30:00,40.05,40.07,40.02,40.02,29351,0
2017-04-24,21:35:00,40.029,40.04,40,40,37468,0
2017-04-24,21:40:00,40,40.03,40,40,55146,0
2017-04-24,21:45:00,40.005,40.01,39.98,39.99,59945,0
2017-04-24,21:50:00,39.985,39.99,39.96,39.96,48534,0
2017-04-24,21:55:00,39.965,40,39.94,39.9699,96183,0
2017-04-24,22:00:00,39.965,39.97,39.92,39.94,383609,0
2017-04-25,15:35:00,40.18,40.18,40.04,40.12,16681,0
2017-04-25,15:40:00,40.1,40.1,40.02,40.09,25801,0
2017-04-25,15:45:00,40.1,40.16,40.04,40.12,50220,0
2017-04-25,15:50:00,40.12,40.16,40.09,40.09,13408,0
2017-04-25,15:55:00,40.09,40.09,39.975,40.02,16040,0
2017-04-25,16:00:00,40.02,40.05,40.01,40.03,10371,0
2017-04-25,16:05:00,40.03,40.165,40.03,40.145,21041,0
2017-04-25,16:10:00,40.15,40.17,40.13,40.141,14017,0
2017-04-25,16:15:00,40.14,40.14,40.08,40.09,11091,0
2017-04-25,16:20:00,40.09,40.095,40.06,40.06,9800,0
2017-04-25,16:25:00,40.06,40.13,40.06,40.13,10868,0
2017-04-25,16:30:00,40.14,40.165,40.1,40.1,13589,0
2017-04-25,16:35:00,40.11,40.13,40.09,40.105,11676,0
2017-04-25,16:40:00,40.11,40.18,40.1,40.16,21472,0
2017-04-25,16:45:00,40.165,40.17,40.09,40.145,32496,0
2017-04-25,16:50:00,40.15,40.16,40.08,40.09,15589,0
2017-04-25,16:55:00,40.1,40.12,40.08,40.1,11945,0
2017-04-25,17:00:00,40.1,40.14,40.09,40.1,14467,0
2017-04-25,17:05:00,40.1,40.15,40.1,40.14,11751,0
2017-04-25,17:10:00,40.15,40.17,40.13,40.13,16273,0
2017-04-25,17:15:00,40.14,40.15,40.12,40.13,15976,0
2017-04-25,17:20:00,40.13,40.19,40.13,40.18,14183,0
2017-04-25,17:25:00,40.185,40.185,40.15,40.155,11712,0
2017-04-25,17:30:00,40.15,40.17,40.145,40.155,13707,0
2017-04-25,17:35:00,40.1599,40.17,40.11,40.13,14057,0
2017-04-25,17:40:00,40.125,40.125,40.09,40.12,6881,0
2017-04-25,17:45:00,40.11,40.11,40.05,40.06,7824,0
2017-04-25,17:50:00,40.06,40.06,40.03,40.04,23782,0
2017-04-25,17:55:00,40.04,40.05,40.02,40.0244,6620,0
2017-04-25,18:00:00,40.03,40.04,40.02,40.03,5034,0
2017-04-25,18:05:00,40.02,40.04,40.02,40.03,23319,0
2017-04-25,18:10:00,40.04,40.05,39.995,40,58971,0
2017-04-25,18:15:00,40,40,39.97,40,7913,0
2017-04-25,18:20:00,40,40.03,40,40.025,12827,0
2017-04-25,18:25:00,40.02,40.025,39.995,40.015,18912,0
2017-04-25,18:30:00,40.02,40.04,40.015,40.035,7032,0
2017-04-25,18:35:00,40.04,40.065,40.03,40.06,41100,0
2017-04-25,18:40:00,40.06,40.06,40.03,40.03,16119,0
2017-04-25,18:45:00,40.03,40.03,39.985,39.99,8926,0
2017-04-25,18:50:00,39.9901,40.02,39.97,40.02,10640,0
2017-04-25,18:55:00,40.01,40.03,39.98,40.02,14503,0
2017-04-25,19:00:00,40.01,40.03,40.005,40.01,9262,0
2017-04-25,19:05:00,40.01,40.05,40.01,40.05,6267,0
2017-04-25,19:10:00,40.05,40.095,40.05,40.09,13533,0
2017-04-25,19:15:00,40.09,40.11,40.08,40.09,6431,0
2017-04-25,19:20:00,40.09,40.13,40.09,40.13,9344,0
2017-04-25,19:25:00,40.13,40.15,40.11,40.11,16948,0
2017-04-25,19:30:00,40.11,40.13,40.11,40.11,5843,0
2017-04-25,19:35:00,40.12,40.12,40.09,40.095,8261,0
2017-04-25,19:40:00,40.09,40.1,40.071,40.08,10426,0
2017-04-25,19:45:00,40.075,40.08,40.05,40.07,8234,0
2017-04-25,19:50:00,40.07,40.08,40.06,40.07,5942,0
2017-04-25,19:55:00,40.07,40.09,40.07,40.08,5800,0
2017-04-25,20:00:00,40.08,40.08,40.05,40.06,5811,0
2017-04-25,20:05:00,40.055,40.09,40.05,40.0844,10290,0
2017-04-25,20:10:00,40.09,40.1033,40.08,40.1,17151,0
2017-04-25,20:15:00,40.09,40.1,40.085,40.085,4900,0
2017-04-25,20:20:00,40.08,40.095,40.07,40.08,12855,0
2017-04-25,20:25:00,40.08,40.08,40.05,40.055,8338,0
2017-04-25,20:30:00,40.0565,40.065,40.0565,40.06,3880,0
2017-04-25,20:35:00,40.06,40.06,40.01,40.02,31555,0
2017-04-25,20:40:00,40.03,40.09,40.03,40.09,21426,0
2017-04-25,20:45:00,40.09,40.09,40.06,40.08,9692,0
2017-04-25,20:50:00,40.07,40.08,40.05,40.061,7339,0
2017-04-25,20:55:00,40.06,40.065,40.05,40.05,5422,0
2017-04-25,21:00:00,40.05,40.085,40.035,40.07,21193,0
2017-04-25,21:05:00,40.07,40.08,40.04,40.04,32624,0
2017-04-25,21:10:00,40.04,40.075,40.04,40.07,36482,0
2017-04-25,21:15:00,40.07,40.07,40.04,40.065,27410,0
2017-04-25,21:20:00,40.06,40.065,40.04,40.05,43091,0
2017-04-25,21:25:00,40.05,40.05,40.01,40.03,26653,0
2017-04-25,21:30:00,40.02,40.03,40.015,40.03,17887,0
2017-04-25,21:35:00,40.025,40.03,40.01,40.02,19202,0
2017-04-25,21:40:00,40.02,40.03,40.01,40.02,10712,0
2017-04-25,21:45:00,40.015,40.03,39.98,39.985,26709,0
2017-04-25,21:50:00,39.98,39.99,39.97,39.98,39348,0
2017-04-25,21:55:00,39.99,40.01,39.96,39.975,81510,0
2017-04-25,22:00:00,39.97,39.98,39.945,39.96,174725,0
2017-04-26,15:35:00,39.78,39.79,39.51,39.71,60875,0
2017-04-26,15:40:00,39.73,39.9,39.7,39.7,19221,0
2017-04-26,15:45:00,39.71,39.74,39.65,39.7,16234,0
2017-04-26,15:50:00,39.68,39.7,39.62,39.66,21487,0
2017-04-26,15:55:00,39.67,39.67,39.61,39.645,18229,0
2017-04-26,16:00:00,39.65,39.69,39.64,39.66,15844,0
2017-04-26,16:05:00,39.66,39.66,39.585,39.59,32740,0
2017-04-26,16:10:00,39.59,39.6,39.555,39.565,22350,0
2017-04-26,16:15:00,39.565,39.6,39.49,39.58,26488,0
2017-04-26,16:20:00,39.58,39.59,39.53,39.54,20238,0
2017-04-26,16:25:00,39.54,39.55,39.52,39.52,14807,0
2017-04-26,16:30:00,39.525,39.53,39.48,39.52,25790,0
2017-04-26,16:35:00,39.53,39.58,39.53,39.57,20717,0
2017-04-26,16:40:00,39.57,39.57,39.51,39.52,34042,0
2017-04-26,16:45:00,39.53,39.53,39.43,39.47,38172,0
2017-04-26,16:50:00,39.48,39.49,39.465,39.47,14546,0
2017-04-26,16:55:00,39.47,39.49,39.435,39.435,24943,0
2017-04-26,17:00:00,39.44,39.455,39.42,39.44,15766,0
2017-04-26,17:05:00,39.445,39.56,39.44,39.545,41092,0
2017-04-26,17:10:00,39.545,39.55,39.455,39.46,52913,0
2017-04-26,17:15:00,39.455,39.48,39.44,39.46,35403,0
2017-04-26,17:20:00,39.46,39.49,39.45,39.45,22203,0
2017-04-26,17:25:00,39.45,39.57,39.45,39.57,31761,0
2017-04-26,17:30:00,39.57,39.64,39.565,39.63,19328,0
2017-04-26,17:35:00,39.63,39.685,39.63,39.67,20454,0
2017-04-26,17:40:00,39.67,39.68,39.61,39.63,27096,0
2017-04-26,17:45:00,39.64,39.641,39.59,39.59,23095,0
2017-04-26,17:50:00,39.59,39.59,39.49,39.49,24564,0
2017-04-26,17:55:00,39.49,39.57,39.485,39.555,27260,0
2017-04-26,18:00:00,39.55,39.56,39.51,39.55,21302,0
2017-04-26,18:05:00,39.54,39.62,39.53,39.61,16874,0
2017-04-26,18:10:00,39.61,39.62,39.575,39.61,14449,0
2017-04-26,18:15:00,39.61,39.645,39.61,39.63,7602,0
2017-04-26,18:20:00,39.625,39.65,39.61,39.64,7456,0
2017-04-26,18:25:00,39.64,39.65,39.62,39.63,8200,0
2017-04-26,18:30:00,39.63,39.64,39.615,39.62,6897,0
2017-04-26,18:35:00,39.62,39.64,39.6101,39.63,5210,0
2017-04-26,18:40:00,39.63,39.64,39.62,39.64,10241,0
2017-04-26,18:45:00,39.63,39.64,39.59,39.61,9993,0
2017-04-26,18:50:00,39.61,39.64,39.59,39.6,9001,0
2017-04-26,18:55:00,39.59,39.67,39.59,39.67,14254,0
2017-04-26,19:00:00,39.67,39.71,39.66,39.695,7400,0
2017-04-26,19:05:00,39.69,39.745,39.69,39.73,17382,0
2017-04-26,19:10:00,39.73,39.76,39.73,39.74,12746,0
2017-04-26,19:15:00,39.75,39.84,39.7475,39.78,52221,0
2017-04-26,19:20:00,39.78,39.83,39.78,39.82,18871,0
2017-04-26,19:25:00,39.821,39.83,39.81,39.815,10418,0
2017-04-26,19:30:00,39.81,39.81,39.78,39.78,13929,0
2017-04-26,19:35:00,39.78,39.78,39.685,39.74,21125,0
2017-04-26,19:40:00,39.74,39.77,39.73,39.765,10783,0
2017-04-26,19:45:00,39.76,39.795,39.695,39.76,24172,0
2017-04-26,19:50:00,39.76,39.76,39.63,39.66,18368,0
2017-04-26,19:55:00,39.655,39.7,39.63,39.67,13568,0
2017-04-26,20:00:00,39.67,39.67,39.63,39.63,10321,0
2017-04-26,20:05:00,39.63,39.64,39.58,39.64,11547,0
2017-04-26,20:10:00,39.63,39.65,39.59,39.59,38722,0
2017-04-26,20:15:00,39.6,39.68,39.5975,39.68,11689,0
2017-04-26,20:20:00,39.68,39.695,39.65,39.65,13761,0
2017-04-26,20:25:00,39.65,39.72,39.64,39.72,11755,0
2017-04-26,20:30:00,39.71,39.71,39.64,39.64,15046,0
2017-04-26,20:35:00,39.65,39.72,39.645,39.69,14545,0
2017-04-26,20:40:00,39.67,39.695,39.67,39.68,7658,0
2017-04-26,20:45:00,39.68,39.7,39.6699,39.695,16145,0
2017-04-26,20:50:00,39.69,39.69,39.65,39.69,15810,0
2017-04-26,20:55:00,39.68,39.6999,39.67,39.67,9125,0
2017-04-26,21:00:00,39.67,39.69,39.655,39.665,20072,0
2017-04-26,21:05:00,39.66,39.69,39.64,39.69,13325,0
2017-04-26,21:10:00,39.69,39.71,39.685,39.7,10449,0
2017-04-26,21:15:00,39.7,39.75,39.69,39.75,20155,0
2017-04-26,21:20:00,39.75,39.75,39.71,39.71,23424,0
2017-04-26,21:25:00,39.71,39.72,39.69,39.695,16766,0
2017-04-26,21:30:00,39.69,39.7,39.65,39.65,38157,0
2017-04-26,21:35:00,39.66,39.69,39.65,39.665,26840,0
2017-04-26,21:40:00,39.665,39.67,39.62,39.625,36256,0
2017-04-26,21:45:00,39.625,39.65,39.595,39.64,30387,0
2017-04-26,21:50:00,39.645,39.645,39.58,39.585,47053,0
2017-04-26,21:55:00,39.58,39.6055,39.56,39.575,64932,0
2017-04-26,22:00:00,39.57,39.65,39.57,39.63,265939,0
