Date,Time,Open,High,Low,Close,Volume,OpenInt
2017-04-10,15:35:00,85.67,86.09,85.6,85.795,18464,0
2017-04-10,15:40:00,85.78,85.85,85.78,85.79,2463,0
2017-04-10,15:45:00,85.77,85.9199,85.76,85.83,4250,0
2017-04-10,15:50:00,85.825,85.88,85.66,85.67,7400,0
2017-04-10,15:55:00,85.695,85.71,85.62,85.705,17791,0
2017-04-10,16:00:00,85.705,85.72,85.59,85.64,5840,0
2017-04-10,16:05:00,85.64,85.73,85.64,85.71,14535,0
2017-04-10,16:10:00,85.73,85.8,85.7,85.745,6503,0
2017-04-10,16:15:00,85.76,85.78,85.69,85.72,8745,0
2017-04-10,16:20:00,85.7,85.73,85.65,85.69,5939,0
2017-04-10,16:25:00,85.6764,85.6764,85.61,85.615,7518,0
2017-04-10,16:30:00,85.62,85.63,85.56,85.57,10307,0
2017-04-10,16:35:00,85.58,85.65,85.58,85.59,8992,0
2017-04-10,16:40:00,85.59,85.61,85.51,85.51,45264,0
2017-04-10,16:45:00,85.51,85.51,85.435,85.44,10781,0
2017-04-10,16:50:00,85.45,85.63,85.41,85.41,65423,0
2017-04-10,16:55:00,85.42,85.44,85.3301,85.42,16735,0
2017-04-10,17:00:00,85.4,85.41,85.3,85.37,21974,0
2017-04-10,17:05:00,85.37,85.38,85.32,85.33,8920,0
2017-04-10,17:10:00,85.3298,85.52,85.31,85.455,18377,0
2017-04-10,17:15:00,85.465,85.61,85.465,85.6,16772,0
2017-04-10,17:20:00,85.58,85.6,85.51,85.55,10390,0
2017-04-10,17:25:00,85.54,85.54,85.47,85.49,9264,0
2017-04-10,17:30:00,85.48,85.48,85.38,85.38,7599,0
2017-04-10,17:35:00,85.385,85.45,85.33,85.4,18563,0
2017-04-10,17:40:00,85.35,85.42,85.34,85.37,9945,0
2017-04-10,17:45:00,85.38,85.42,85.32,85.36,9756,0
2017-04-10,17:50:00,85.33,85.4,85.29,85.4,9844,0
2017-04-10,17:55:00,85.44,85.47,85.37,85.37,9364,0
2017-04-10,18:00:00,85.36,85.36,85.28,85.28,2831,0
2017-04-10,18:05:00,85.28,85.305,85.26,85.28,9416,0
2017-04-10,18:10:00,85.28,85.29,85.25,85.28,10557,0
2017-04-10,18:15:00,85.29,85.295,85.18,85.2,16073,0
2017-04-10,18:20:00,85.23,85.29,85.23,85.285,7428,0
2017-04-10,18:25:00,85.26,85.31,85.26,85.28,9853,0
2017-04-10,18:30:00,85.27,85.35,85.26,85.335,8712,0
2017-04-10,18:35:00,85.335,85.37,85.315,85.37,11782,0
2017-04-10,18:40:00,85.39,85.39,85.35,85.3784,6161,0
2017-04-10,18:45:00,85.38,85.43,85.36,85.42,6360,0
2017-04-10,18:50:00,85.42,85.47,85.41,85.47,10638,0
2017-04-10,18:55:00,85.465,85.58,85.465,85.5,10639,0
2017-04-10,19:00:00,85.51,85.53,85.5,85.52,16914,0
2017-04-10,19:05:00,85.53,85.54,85.48,85.49,7878,0
2017-04-10,19:10:00,85.5,85.53,85.48,85.49,6614,0
2017-04-10,19:15:00,85.495,85.59,85.49,85.54,7700,0
2017-04-10,19:20:00,85.54,85.54,85.5,85.51,14234,0
2017-04-10,19:25:00,85.51,85.53,85.51,85.51,3401,0
2017-04-10,19:30:00,85.5101,85.5101,85.43,85.45,8268,0
2017-04-10,19:35:00,85.45,85.49,85.42,85.485,9062,0
2017-04-10,19:40:00,85.485,85.62,85.485,85.61,12312,0
2017-04-10,19:45:00,85.62,85.62,85.54,85.54,9084,0
2017-04-10,19:50:00,85.53,85.545,85.49,85.53,10987,0
2017-04-10,19:55:00,85.52,85.58,85.51,85.56,9910,0
2017-04-10,20:00:00,85.58,85.62,85.58,85.605,11518,0
2017-04-10,20:05:00,85.605,85.64,85.515,85.515,22372,0
2017-04-10,20:10:00,85.48,85.52,85.46,85.49,10645,0
2017-04-10,20:15:00,85.49,85.55,85.48,85.54,17705,0
2017-04-10,20:20:00,85.54,85.57,85.53,85.54,22180,0
2017-04-10,20:25:00,85.54,85.585,85.53,85.585,13408,0
2017-04-10,20:30:00,85.59,85.59,85.465,85.47,21314,0
2017-04-10,20:35:00,85.47,85.525,85.47,85.52,34329,0
2017-04-10,20:40:00,85.5,85.54,85.49,85.52,14012,0
2017-04-10,20:45:00,85.52,85.61,85.51,85.61,10732,0
2017-04-10,20:50:00,85.59,85.63,85.58,85.63,26420,0
2017-04-10,20:55:00,85.63,85.68,85.605,85.65,25185,0
2017-04-10,21:00:00,85.645,85.66,85.54,85.58,13582,0
2017-04-10,21:05:00,85.56,85.56,85.44,85.44,9194,0
2017-04-10,21:10:00,85.46,85.49,85.4,85.4,12141,0
2017-04-10,21:15:00,85.4,85.458,85.37,85.38,16365,0
2017-04-10,21:20:00,85.38,85.42,85.34,85.355,15754,0
2017-04-10,21:25:00,85.36,85.365,85.2,85.215,24623,0
2017-04-10,21:30:00,85.22,85.23,85.16,85.17,17290,0
2017-04-10,21:35:00,85.18,85.19,85.11,85.13,22387,0
2017-04-10,21:40:00,85.13,85.2,85.13,85.18,31981,0
2017-04-10,21:45:00,85.18,85.19,85.06,85.06,31609,0
2017-04-10,21:50:00,85.06,85.1,85.03,85.05,34976,0
2017-04-10,21:55:00,85.05,85.08,84.995,85,50894,0
2017-04-10,22:00:00,85.01,85.08,84.98,85,199539,0
2017-04-11,15:35:00,84.98,85.17,84.9101,85.04,19159,0
2017-04-11,15:40:00,85.11,85.18,84.92,84.97,9185,0
2017-04-11,15:45:00,84.96,84.96,84.72,84.84,10208,0
2017-04-11,15:50:00,84.82,84.82,84.68,84.68,5433,0
2017-04-11,15:55:00,84.68,84.9,84.56,84.8,18479,0
2017-04-11,16:00:00,84.795,84.795,84.5,84.575,20821,0
2017-04-11,16:05:00,84.575,84.65,84.49,84.6,27433,0
2017-04-11,16:10:00,84.6,84.77,84.57,84.77,41561,0
2017-04-11,16:15:00,84.73,84.77,84.68,84.7,22282,0
2017-04-11,16:20:00,84.72,84.98,84.67,84.91,27745,0
2017-04-11,16:25:00,84.9,84.9,84.66,84.73,10763,0
2017-04-11,16:30:00,84.73,84.89,84.68,84.85,5510,0
2017-04-11,16:35:00,84.8,84.8,84.55,84.6,14746,0
2017-04-11,16:40:00,84.62,84.74,84.61,84.7,11647,0
2017-04-11,16:45:00,84.68,84.73,84.64,84.71,17578,0
2017-04-11,16:50:00,84.7,84.72,84.61,84.625,12426,0
2017-04-11,16:55:00,84.61,84.64,84.46,84.48,100805,0
2017-04-11,17:00:00,84.48,84.57,84.44,84.55,25422,0
2017-04-11,17:05:00,84.52,84.6,84.46,84.515,14911,0
2017-04-11,17:10:00,84.515,84.545,84.45,84.5,18091,0
2017-04-11,17:15:00,84.5,84.54,84.47,84.5,7339,0
2017-04-11,17:20:00,84.49,84.59,84.45,84.56,10284,0
2017-04-11,17:25:00,84.57,84.58,84.49,84.53,54666,0
2017-04-11,17:30:00,84.55,84.57,84.45,84.52,33136,0
2017-04-11,17:35:00,84.51,84.63,84.48,84.54,30145,0
2017-04-11,17:40:00,84.535,84.7,84.53,84.66,10858,0
2017-04-11,17:45:00,84.665,84.68,84.56,84.58,17650,0
2017-04-11,17:50:00,84.57,84.69,84.53,84.675,36228,0
2017-04-11,17:55:00,84.66,84.74,84.6,84.64,29413,0
2017-04-11,18:00:00,84.63,84.68,84.56,84.6,28715,0
2017-04-11,18:05:00,84.6,84.63,84.56,84.61,6569,0
2017-04-11,18:10:00,84.61,84.65,84.56,84.62,10667,0
2017-04-11,18:15:00,84.6,84.63,84.52,84.58,12576,0
2017-04-11,18:20:00,84.61,84.7,84.58,84.64,21022,0
2017-04-11,18:25:00,84.64,84.68,84.52,84.52,26731,0
2017-04-11,18:30:00,84.51,84.56,84.49,84.49,13011,0
2017-04-11,18:35:00,84.5,84.65,84.5,84.58,43303,0
2017-04-11,18:40:00,84.57,84.63,84.5,84.54,24881,0
2017-04-11,18:45:00,84.54,84.56,84.51,84.51,10349,0
2017-04-11,18:50:00,84.51,84.52,84.45,84.45,8281,0
2017-04-11,18:55:00,84.48,84.54,84.47,84.48,11661,0
2017-04-11,19:00:00,84.47,84.5,84.43,84.47,8557,0
2017-04-11,19:05:00,84.47,84.56,84.47,84.52,13733,0
2017-04-11,19:10:00,84.53,84.56,84.49,84.54,13309,0
2017-04-11,19:15:00,84.54,84.62,84.5275,84.55,8033,0
2017-04-11,19:20:00,84.52,84.53,84.44,84.44,33753,0
2017-04-11,19:25:00,84.47,84.52,84.44,84.46,21568,0
2017-04-11,19:30:00,84.45,84.46,84.39,84.41,15369,0
2017-04-11,19:35:00,84.41,84.48,84.41,84.42,11528,0
2017-04-11,19:40:00,84.43,84.51,84.43,84.5,19181,0
2017-04-11,19:45:00,84.5,84.5,84.4,84.42,9265,0
2017-04-11,19:50:00,84.42,84.48,84.38,84.39,11426,0
2017-04-11,19:55:00,84.38,84.41,84.37,84.38,10185,0
2017-04-11,20:00:00,84.38,84.42,84.34,84.38,19169,0
2017-04-11,20:05:00,84.39,84.5,84.33,84.5,42274,0
2017-04-11,20:10:00,84.5,84.57,84.48,84.52,22272,0
2017-04-11,20:15:00,84.525,84.56,84.37,84.49,20884,0
2017-04-11,20:20:00,84.49,84.53,84.45,84.46,15114,0
2017-04-11,20:25:00,84.46,84.47,84.35,84.355,28282,0
2017-04-11,20:30:00,84.35,84.37,84.29,84.34,22269,0
2017-04-11,20:35:00,84.35,84.36,84.13,84.22,67485,0
2017-04-11,20:40:00,84.22,84.32,84.21,84.24,51227,0
2017-04-11,20:45:00,84.25,84.3,84.21,84.225,31205,0
2017-04-11,20:50:00,84.23,84.6,84.2,84.6,60721,0
2017-04-11,20:55:00,84.61,84.67,84.52,84.67,14106,0
2017-04-11,21:00:00,84.69,84.7,84.52,84.52,16808,0
2017-04-11,21:05:00,84.51,84.64,84.51,84.58,20172,0
2017-04-11,21:10:00,84.6,84.6,84.45,84.51,14844,0
2017-04-11,21:15:00,84.57,84.58,84.51,84.56,15400,0
2017-04-11,21:20:00,84.56,84.56,84.48,84.51,23528,0
2017-04-11,21:25:00,84.5,84.6,84.5,84.59,22711,0
2017-04-11,21:30:00,84.59,84.61,84.55,84.58,14682,0
2017-04-11,21:35:00,84.58,84.65,84.55,84.65,23912,0
2017-04-11,21:40:00,84.645,84.69,84.63,84.67,19096,0
2017-04-11,21:45:00,84.68,84.685,84.59,84.6,25129,0
2017-04-11,21:50:00,84.6,84.73,84.575,84.65,33024,0
2017-04-11,21:55:00,84.66,84.7,84.64,84.66,38665,0
2017-04-11,22:00:00,84.66,84.82,84.65,84.77,185303,0
2017-04-12,15:35:00,84.31,84.96,84.19,84.75,34090,0
2017-04-12,15:40:00,84.87,85.12,84.77,84.98,37556,0
2017-04-12,15:45:00,84.965,85.12,84.92,85.0901,18251,0
2017-04-12,15:50:00,85.14,85.16,84.95,85.04,7538,0
2017-04-12,15:55:00,85.01,85.17,84.93,85.1,4968,0
2017-04-12,16:00:00,85.1,85.14,84.98,85.14,18215,0
2017-04-12,16:05:00,85.15,85.24,85.07,85.11,5553,0
2017-04-12,16:10:00,85.13,85.1784,85.1,85.13,9144,0
2017-04-12,16:15:00,85.12,85.12,84.9,84.9,10600,0
2017-04-12,16:20:00,84.96,85.01,84.88,84.99,4000,0
2017-04-12,16:25:00,84.995,85.07,84.99,85,36007,0
2017-04-12,16:30:00,85,85.02,84.821,84.821,11220,0
2017-04-12,16:35:00,84.85,84.94,84.81,84.87,15647,0
2017-04-12,16:40:00,84.87,84.88,84.74,84.8,13012,0
2017-04-12,16:45:00,84.81,84.81,84.73,84.75,14877,0
2017-04-12,16:50:00,84.735,84.74,84.67,84.73,8172,0
2017-04-12,16:55:00,84.72,84.78,84.67,84.76,15218,0
2017-04-12,17:00:00,84.765,84.765,84.71,84.75,9943,0
2017-04-12,17:05:00,84.75,84.78,84.68,84.76,9948,0
2017-04-12,17:10:00,84.75,84.9,84.73,84.9,6087,0
2017-04-12,17:15:00,84.88,84.9,84.86,84.88,6857,0
2017-04-12,17:20:00,84.88,84.89,84.86,84.87,5606,0
2017-04-12,17:25:00,84.87,84.87,84.77,84.77,11698,0
2017-04-12,17:30:00,84.77,84.82,84.76,84.8,6663,0
2017-04-12,17:35:00,84.8,84.8,84.74,84.765,9894,0
2017-04-12,17:40:00,84.76,84.76,84.61,84.61,8508,0
2017-04-12,17:45:00,84.6,84.602,84.54,84.57,9737,0
2017-04-12,17:50:00,84.5569,84.61,84.53,84.6,8821,0
2017-04-12,17:55:00,84.59,84.59,84.41,84.4199,12188,0
2017-04-12,18:00:00,84.42,84.465,84.38,84.465,29135,0
2017-04-12,18:05:00,84.465,84.58,84.45,84.545,11872,0
2017-04-12,18:10:00,84.54,84.7,84.54,84.66,11441,0
2017-04-12,18:15:00,84.65,84.65,84.49,84.51,12074,0
2017-04-12,18:20:00,84.5,84.56,84.43,84.44,11157,0
2017-04-12,18:25:00,84.44,84.52,84.43,84.52,11699,0
2017-04-12,18:30:00,84.54,84.63,84.54,84.57,12197,0
2017-04-12,18:35:00,84.57,84.575,84.51,84.52,14901,0
2017-04-12,18:40:00,84.52,84.56,84.52,84.53,9700,0
2017-04-12,18:45:00,84.53,84.57,84.52,84.55,6159,0
2017-04-12,18:50:00,84.57,84.62,84.53,84.62,12412,0
2017-04-12,18:55:00,84.61,84.61,84.54,84.57,17831,0
2017-04-12,19:00:00,84.57,84.61,84.55,84.585,12500,0
2017-04-12,19:05:00,84.58,84.63,84.58,84.62,7062,0
2017-04-12,19:10:00,84.62,84.77,84.6,84.76,10600,0
2017-04-12,19:15:00,84.75,84.76,84.64,84.68,16758,0
2017-04-12,19:20:00,84.68,84.695,84.66,84.68,9367,0
2017-04-12,19:25:00,84.67,84.73,84.67,84.71,9828,0
2017-04-12,19:30:00,84.69,84.69,84.65,84.69,10300,0
2017-04-12,19:35:00,84.68,84.7,84.65,84.69,28423,0
2017-04-12,19:40:00,84.69,84.77,84.68,84.77,6850,0
2017-04-12,19:45:00,84.77,84.81,84.76,84.77,10098,0
2017-04-12,19:50:00,84.77,84.79,84.735,84.77,5130,0
2017-04-12,19:55:00,84.75,84.77,84.72,84.75,10782,0
2017-04-12,20:00:00,84.75,84.87,84.715,84.87,7446,0
2017-04-12,20:05:00,84.84,84.84,84.75,84.75,7170,0
2017-04-12,20:10:00,84.75,84.83,84.75,84.82,9008,0
2017-04-12,20:15:00,84.8,84.84,84.77,84.8074,16646,0
2017-04-12,20:20:00,84.8,84.825,84.77,84.82,11929,0
2017-04-12,20:25:00,84.82,84.82,84.78,84.8,10776,0
2017-04-12,20:30:00,84.78,84.83,84.77,84.79,14027,0
2017-04-12,20:35:00,84.785,84.8,84.7301,84.75,12107,0
2017-04-12,20:40:00,84.74,84.78,84.67,84.67,23430,0
2017-04-12,20:45:00,84.66,84.67,84.61,84.615,27482,0
2017-04-12,20:50:00,84.61,84.64,84.59,84.605,13202,0
2017-04-12,20:55:00,84.605,84.64,84.585,84.64,10302,0
2017-04-12,21:00:00,84.65,84.74,84.645,84.74,17983,0
2017-04-12,21:05:00,84.74,84.7536,84.7,84.725,13608,0
2017-04-12,21:10:00,84.72,84.75,84.69,84.72,13087,0
2017-04-12,21:15:00,84.73,84.775,84.66,84.7,20320,0
2017-04-12,21:20:00,84.69,84.7,84.6,84.62,20150,0
2017-04-12,21:25:00,84.62,84.76,84.62,84.71,19444,0
2017-04-12,21:30:00,84.7,84.72,84.63,84.63,15710,0
2017-04-12,21:35:00,84.63,84.7,84.63,84.7,21001,0
2017-04-12,21:40:00,84.7,84.7,84.62,84.66,25372,0
2017-04-12,21:45:00,84.67,84.71,84.6,84.62,31222,0
2017-04-12,21:50:00,84.62,84.7,84.61,84.68,45902,0
2017-04-12,21:55:00,84.675,84.77,84.675,84.77,40482,0
2017-04-12,22:00:00,84.76,84.8,84.67,84.67,429266,0
2017-04-13,15:35:00,84.67,84.94,84.67,84.86,12881,0
2017-04-13,15:40:00,84.82,85.21,84.78,85.18,11015,0
2017-04-13,15:45:00,85.08,85.16,84.98,85.04,10337,0
2017-04-13,15:50:00,84.97,85.09,84.94,85.09,7999,0
2017-04-13,15:55:00,85.02,85.1,85.02,85.03,8932,0
2017-04-13,16:00:00,85.015,85.05,84.97,84.97,8690,0
2017-04-13,16:05:00,84.985,85.02,84.92,84.98,8100,0
2017-04-13,16:10:00,84.98,85,84.73,84.73,15450,0
2017-04-13,16:15:00,84.73,84.85,84.73,84.82,10814,0
2017-04-13,16:20:00,84.82,84.82,84.7,84.71,7773,0
2017-04-13,16:25:00,84.715,84.74,84.67,84.71,10989,0
2017-04-13,16:30:00,84.71,84.74,84.67,84.7,12459,0
2017-04-13,16:35:00,84.67,84.765,84.67,84.75,5811,0
2017-04-13,16:40:00,84.77,84.77,84.68,84.72,6500,0
2017-04-13,16:45:00,84.74,84.83,84.72,84.8,12262,0
2017-04-13,16:50:00,84.81,84.85,84.76,84.77,7216,0
2017-04-13,16:55:00,84.76,84.9,84.76,84.86,18330,0
2017-04-13,17:00:00,84.8509,84.86,84.795,84.83,10428,0
2017-04-13,17:05:00,84.82,84.905,84.81,84.81,12335,0
2017-04-13,17:10:00,84.81,84.83,84.77,84.79,9368,0
2017-04-13,17:15:00,84.76,84.76,84.72,84.75,7042,0
2017-04-13,17:20:00,84.735,84.765,84.69,84.76,13027,0
2017-04-13,17:25:00,84.76,84.81,84.74,84.81,6521,0
2017-04-13,17:30:00,84.8,84.8,84.705,84.71,33642,0
2017-04-13,17:35:00,84.725,84.8836,84.71,84.8836,6904,0
2017-04-13,17:40:00,84.89,84.9,84.76,84.78,9549,0
2017-04-13,17:45:00,84.785,84.79,84.7,84.75,8471,0
2017-04-13,17:50:00,84.7367,84.79,84.72,84.78,5444,0
2017-04-13,17:55:00,84.81,84.85,84.795,84.82,10133,0
2017-04-13,18:00:00,84.81,84.83,84.77,84.8,41862,0
2017-04-13,18:05:00,84.8,84.82,84.79,84.81,7111,0
2017-04-13,18:10:00,84.81,84.82,84.78,84.81,21377,0
2017-04-13,18:15:00,84.8,84.83,84.76,84.76,12727,0
2017-04-13,18:20:00,84.765,84.79,84.74,84.78,20983,0
2017-04-13,18:25:00,84.78,84.785,84.72,84.72,8400,0
2017-04-13,18:30:00,84.71,84.77,84.71,84.76,8584,0
2017-04-13,18:35:00,84.78,84.79,84.73,84.73,7188,0
2017-04-13,18:40:00,84.73,84.74,84.69,84.72,9807,0
2017-04-13,18:45:00,84.72,84.725,84.68,84.7,16170,0
2017-04-13,18:50:00,84.7,84.72,84.67,84.69,11478,0
2017-04-13,18:55:00,84.69,84.77,84.69,84.77,6580,0
2017-04-13,19:00:00,84.77,84.77,84.7,84.76,9045,0
2017-04-13,19:05:00,84.77,84.77,84.69,84.72,15407,0
2017-04-13,19:10:00,84.72,84.73,84.68,84.71,13607,0
2017-04-13,19:15:00,84.71,84.72,84.67,84.69,12186,0
2017-04-13,19:20:00,84.68,84.7,84.5,84.54,9951,0
2017-04-13,19:25:00,84.54,84.63,84.54,84.63,8241,0
2017-04-13,19:30:00,84.61,84.65,84.59,84.6309,5780,0
2017-04-13,19:35:00,84.64,84.67,84.6,84.63,7237,0
2017-04-13,19:40:00,84.6183,84.67,84.6,84.63,5871,0
2017-04-13,19:45:00,84.63,84.64,84.56,84.565,10842,0
2017-04-13,19:50:00,84.58,84.61,84.53,84.56,26965,0
2017-04-13,19:55:00,84.56,84.63,84.557,84.62,5110,0
2017-04-13,20:00:00,84.61,84.62,84.57,84.58,17084,0
2017-04-13,20:05:00,84.5725,84.62,84.53,84.58,17657,0
2017-04-13,20:10:00,84.56,84.71,84.56,84.68,9333,0
2017-04-13,20:15:00,84.69,84.75,84.69,84.72,13510,0
2017-04-13,20:20:00,84.72,84.77,84.7,84.71,20032,0
2017-04-13,20:25:00,84.7,84.8,84.69,84.8,23699,0
2017-04-13,20:30:00,84.8,84.9,84.8,84.84,16238,0
2017-04-13,20:35:00,84.84,84.92,84.83,84.835,42194,0
2017-04-13,20:40:00,84.83,84.83,84.78,84.79,23647,0
2017-04-13,20:45:00,84.79,84.8,84.73,84.75,15161,0
2017-04-13,20:50:00,84.75,84.79,84.72,84.745,21010,0
2017-04-13,20:55:00,84.74,84.81,84.74,84.74,17818,0
2017-04-13,21:00:00,84.74,84.785,84.73,84.78,12472,0
2017-04-13,21:05:00,84.77,84.78,84.74,84.77,11901,0
2017-04-13,21:10:00,84.76,84.79,84.74,84.76,17064,0
2017-04-13,21:15:00,84.75,84.75,84.68,84.72,21013,0
2017-04-13,21:20:00,84.71,84.72,84.68,84.695,29537,0
2017-04-13,21:25:00,84.695,84.76,84.695,84.76,17872,0
2017-04-13,21:30:00,84.77,84.77,84.705,84.72,20726,0
2017-04-13,21:35:00,84.71,84.72,84.63,84.63,26946,0
2017-04-13,21:40:00,84.63,84.63,84.549,84.57,25106,0
2017-04-13,21:45:00,84.56,84.605,84.52,84.6,29547,0
2017-04-13,21:50:00,84.59,84.75,84.59,84.71,33540,0
2017-04-13,21:55:00,84.71,84.71,84.51,84.55,40366,0
2017-04-13,22:00:00,84.56,84.6,84.44,84.46,192977,0
2017-04-17,15:35:00,84.88,85.06,84.82,85.03,19670,0
2017-04-17,15:40:00,85.04,85.08,84.87,85.07,15275,0
2017-04-17,15:45:00,85.04,85.07,84.94,85,16048,0
2017-04-17,15:50:00,85.04,85.21,85.04,85.15,19861,0
2017-04-17,15:55:00,85.15,85.37,85.15,85.33,15104,0
2017-04-17,16:00:00,85.32,85.37,85.29,85.37,22225,0
2017-04-17,16:05:00,85.39,85.46,85.33,85.42,26867,0
2017-04-17,16:10:00,85.4,85.5,85.39,85.39,24822,0
2017-04-17,16:15:00,85.37,85.42,85.34,85.41,15722,0
2017-04-17,16:20:00,85.41,85.65,85.4,85.56,25542,0
2017-04-17,16:25:00,85.54,85.62,85.48,85.57,17737,0
2017-04-17,16:30:00,85.58,85.62,85.5,85.52,33129,0
2017-04-17,16:35:00,85.525,85.65,85.51,85.64,26444,0
2017-04-17,16:40:00,85.61,85.7,85.49,85.49,42384,0
2017-04-17,16:45:00,85.5,85.5,85.3,85.3,22085,0
2017-04-17,16:50:00,85.325,85.325,85.23,85.28,17213,0
2017-04-17,16:55:00,85.28,85.35,85.28,85.35,18241,0
2017-04-17,17:00:00,85.34,85.58,85.32,85.56,26282,0
2017-04-17,17:05:00,85.58,85.58,85.38,85.45,21262,0
2017-04-17,17:10:00,85.45,85.45,85.295,85.4,21987,0
2017-04-17,17:15:00,85.41,85.5,85.39,85.47,20298,0
2017-04-17,17:20:00,85.46,85.465,85.38,85.43,13071,0
2017-04-17,17:25:00,85.44,85.4532,85.39,85.445,15912,0
2017-04-17,17:30:00,85.44,85.47,85.4221,85.44,8864,0
2017-04-17,17:35:00,85.45,85.56,85.45,85.56,24661,0
2017-04-17,17:40:00,85.555,85.59,85.52,85.545,23826,0
2017-04-17,17:45:00,85.54,85.55,85.39,85.4,44227,0
2017-04-17,17:50:00,85.4,85.41,85.33,85.36,10466,0
2017-04-17,17:55:00,85.35,85.47,85.35,85.46,11359,0
2017-04-17,18:00:00,85.46,85.48,85.44,85.4646,8860,0
2017-04-17,18:05:00,85.46,85.505,85.44,85.5,13122,0
2017-04-17,18:10:00,85.5,85.5025,85.46,85.49,6882,0
2017-04-17,18:15:00,85.49,85.5,85.46,85.481,9057,0
2017-04-17,18:20:00,85.495,85.51,85.47,85.4934,23736,0
2017-04-17,18:25:00,85.49,85.55,85.49,85.55,19113,0
2017-04-17,18:30:00,85.54,85.56,85.5,85.54,8890,0
2017-04-17,18:35:00,85.56,85.58,85.49,85.49,14376,0
2017-04-17,18:40:00,85.49,85.51,85.42,85.43,20284,0
2017-04-17,18:45:00,85.43,85.47,85.4,85.46,15619,0
2017-04-17,18:50:00,85.46,85.52,85.43,85.45,52628,0
2017-04-17,18:55:00,85.45,85.485,85.4,85.43,26195,0
2017-04-17,19:00:00,85.42,85.5,85.42,85.45,16794,0
2017-04-17,19:05:00,85.43,85.51,85.43,85.47,25668,0
2017-04-17,19:10:00,85.48,85.51,85.46,85.47,16593,0
2017-04-17,19:15:00,85.47,85.5,85.46,85.46,12372,0
2017-04-17,19:20:00,85.47,85.51,85.46,85.48,8479,0
2017-04-17,19:25:00,85.49,85.56,85.48,85.54,22400,0
2017-04-17,19:30:00,85.56,85.64,85.54,85.59,8578,0
2017-04-17,19:35:00,85.62,85.63,85.59,85.6,6605,0
2017-04-17,19:40:00,85.6,85.61,85.55,85.59,8847,0
2017-04-17,19:45:00,85.6,85.6054,85.505,85.59,11608,0
2017-04-17,19:50:00,85.59,85.63,85.575,85.63,5457,0
2017-04-17,19:55:00,85.63,85.63,85.55,85.62,10522,0
2017-04-17,20:00:00,85.63,85.695,85.63,85.69,13780,0
2017-04-17,20:05:00,85.69,85.77,85.65,85.75,14454,0
2017-04-17,20:10:00,85.755,85.78,85.7,85.72,16394,0
2017-04-17,20:15:00,85.73,85.74,85.7,85.72,15379,0
2017-04-17,20:20:00,85.73,85.77,85.71,85.71,16936,0
2017-04-17,20:25:00,85.71,85.88,85.71,85.88,28919,0
2017-04-17,20:30:00,85.87,85.94,85.84,85.91,17790,0
2017-04-17,20:35:00,85.91,86.04,85.91,86.0025,30090,0
2017-04-17,20:40:00,86.005,86.045,85.99,86.045,56794,0
2017-04-17,20:45:00,86.045,86.05,85.9925,86.04,32395,0
2017-04-17,20:50:00,86.05,86.12,86.03,86.07,69534,0
2017-04-17,20:55:00,86.07,86.07,86.04,86.04,26066,0
2017-04-17,21:00:00,86.05,86.1,86.02,86.07,54124,0
2017-04-17,21:05:00,86.08,86.08,85.82,85.845,35244,0
2017-04-17,21:10:00,85.84,85.96,85.81,85.96,22791,0
2017-04-17,21:15:00,85.96,86.035,85.94,86.02,23189,0
2017-04-17,21:20:00,86.02,86.16,86,86.14,31219,0
2017-04-17,21:25:00,86.15,86.18,86.075,86.09,34971,0
2017-04-17,21:30:00,86.105,86.34,86.105,86.27,35285,0
2017-04-17,21:35:00,86.27,86.29,86.16,86.19,54894,0
2017-04-17,21:40:00,86.2,86.3325,86.19,86.31,48104,0
2017-04-17,21:45:00,86.31,86.39,86.27,86.28,65446,0
2017-04-17,21:50:00,86.3,86.4025,86.27,86.35,84042,0
2017-04-17,21:55:00,86.35,86.47,86.32,86.44,139607,0
2017-04-17,22:00:00,86.44,86.71,86.17,86.17,641791,0
2017-04-18,15:35:00,84.74,85,84.06,84.21,116830,0
2017-04-18,15:40:00,84.1801,84.4,83.79,84.31,178623,0
2017-04-18,15:45:00,84.29,84.54,83.88,84.07,206076,0
2017-04-18,15:50:00,84.04,84.34,84.04,84.27,121670,0
2017-04-18,15:55:00,84.26,84.43,84.16,84.25,63314,0
2017-04-18,16:00:00,84.28,84.43,84.1,84.1,39371,0
2017-04-18,16:05:00,84.0701,84.11,83.86,83.88,57816,0
2017-04-18,16:10:00,83.88,83.91,83.69,83.8,47951,0
2017-04-18,16:15:00,83.83,83.95,83.68,83.75,86187,0
2017-04-18,16:20:00,83.73,83.78,83.4201,83.56,59110,0
2017-04-18,16:25:00,83.555,83.57,83.14,83.18,101585,0
2017-04-18,16:30:00,83.18,83.29,82.985,83.24,112864,0
2017-04-18,16:35:00,83.23,83.24,82.98,83.19,101429,0
2017-04-18,16:40:00,83.19,83.28,83.05,83.12,48621,0
2017-04-18,16:45:00,83.1,83.11,82.86,82.88,94698,0
2017-04-18,16:50:00,82.88,83.21,82.85,83.1999,81161,0
2017-04-18,16:55:00,83.17,83.47,83.14,83.47,28498,0
2017-04-18,17:00:00,83.46,83.54,83.4,83.41,46333,0
2017-04-18,17:05:00,83.44,83.55,83.43,83.445,48670,0
2017-04-18,17:10:00,83.46,83.52,83.26,83.4,40376,0
2017-04-18,17:15:00,83.42,83.61,83.41,83.47,124660,0
2017-04-18,17:20:00,83.48,83.52,83.39,83.445,71692,0
2017-04-18,17:25:00,83.43,83.53,83.42,83.51,24895,0
2017-04-18,17:30:00,83.51,83.51,83.27,83.48,61783,0
2017-04-18,17:35:00,83.46,83.57,83.35,83.4,24429,0
2017-04-18,17:40:00,83.36,83.39,83.2,83.2,62141,0
2017-04-18,17:45:00,83.2,83.21,82.99,82.99,31091,0
2017-04-18,17:50:00,83.02,83.04,82.9,82.96,98573,0
2017-04-18,17:55:00,82.94,83.01,82.94,83,36574,0
2017-04-18,18:00:00,83,83,82.88,83,54132,0
2017-04-18,18:05:00,82.99,83,82.71,82.81,41083,0
2017-04-18,18:10:00,82.825,82.94,82.82,82.92,41042,0
2017-04-18,18:15:00,82.935,83.03,82.935,83.03,56309,0
2017-04-18,18:20:00,83.03,83.07,82.86,82.87,19960,0
2017-04-18,18:25:00,82.88,82.9,82.84,82.89,17823,0
2017-04-18,18:30:00,82.88,82.901,82.7,82.79,23988,0
2017-04-18,18:35:00,82.79,82.93,82.77,82.875,44219,0
2017-04-18,18:40:00,82.89,82.92,82.78,82.86,54444,0
2017-04-18,18:45:00,82.8666,82.94,82.83,82.895,33482,0
2017-04-18,18:50:00,82.895,82.9125,82.77,82.77,29268,0
2017-04-18,18:55:00,82.78,82.96,82.78,82.958,29206,0
2017-04-18,19:00:00,82.96,83,82.91,83,34440,0
2017-04-18,19:05:00,83,83.17,82.98,83.17,44932,0
2017-04-18,19:10:00,83.16,83.26,83.09,83.26,48595,0
2017-04-18,19:15:00,83.27,83.4,83.25,83.4,22325,0
2017-04-18,19:20:00,83.4,83.48,83.34,83.4,116862,0
2017-04-18,19:25:00,83.41,83.42,83.29,83.405,26384,0
2017-04-18,19:30:00,83.41,83.48,83.395,83.47,25912,0
2017-04-18,19:35:00,83.48,83.49,83.325,83.39,38308,0
2017-04-18,19:40:00,83.39,83.4,83.24,83.3,27616,0
2017-04-18,19:45:00,83.3,83.46,83.29,83.43,33520,0
2017-04-18,19:50:00,83.43,83.49,83.4,83.49,26539,0
2017-04-18,19:55:00,83.4825,83.49,83.43,83.48,27733,0
2017-04-18,20:00:00,83.48,83.59,83.47,83.58,36368,0
2017-04-18,20:05:00,83.58,83.72,83.56,83.71,35545,0
2017-04-18,20:10:00,83.73,83.76,83.6602,83.71,28961,0
2017-04-18,20:15:00,83.715,83.72,83.63,83.695,30873,0
2017-04-18,20:20:00,83.7,83.73,83.645,83.69,24089,0
2017-04-18,20:25:00,83.68,83.75,83.68,83.72,33122,0
2017-04-18,20:30:00,83.72,83.785,83.67,83.781,20360,0
2017-04-18,20:35:00,83.78,83.87,83.77,83.86,26985,0
2017-04-18,20:40:00,83.86,83.89,83.73,83.78,40960,0
2017-04-18,20:45:00,83.78,83.79,83.69,83.73,24888,0
2017-04-18,20:50:00,83.71,83.845,83.71,83.845,27424,0
2017-04-18,20:55:00,83.85,83.85,83.7301,83.75,29844,0
2017-04-18,21:00:00,83.75,83.76,83.715,83.74,33278,0
2017-04-18,21:05:00,83.75,83.76,83.7,83.72,43713,0
2017-04-18,21:10:00,83.72,83.78,83.72,83.76,26001,0
2017-04-18,21:15:00,83.77,83.78,83.65,83.7,29342,0
2017-04-18,21:20:00,83.7,83.73,83.64,83.73,37972,0
2017-04-18,21:25:00,83.74,83.91,83.73,83.87,52303,0
2017-04-18,21:30:00,83.88,83.91,83.77,83.84,49213,0
2017-04-18,21:35:00,83.825,83.85,83.77,83.79,50779,0
2017-04-18,21:40:00,83.795,83.81,83.61,83.6601,63982,0
2017-04-18,21:45:00,83.66,83.74,83.54,83.54,53816,0
2017-04-18,21:50:00,83.56,83.7,83.54,83.635,118626,0
2017-04-18,21:55:00,83.64,83.75,83.52,83.52,131728,0
2017-04-18,22:00:00,83.54,83.56,83.41,83.5,310334,0
2017-04-19,15:35:00,83.33,83.59,83.13,83.34,33601,0
2017-04-19,15:40:00,83.33,83.48,83.23,83.35,14691,0
2017-04-19,15:45:00,83.32,83.32,83.14,83.17,15476,0
2017-04-19,15:50:00,83.175,83.7,83.175,83.6724,58956,0
2017-04-19,15:55:00,83.66,83.74,83.57,83.62,24001,0
2017-04-19,16:00:00,83.64,83.84,83.61,83.61,26291,0
2017-04-19,16:05:00,83.64,83.64,83.4,83.44,35337,0
2017-04-19,16:10:00,83.44,83.52,83.33,83.44,30650,0
2017-04-19,16:15:00,83.42,83.45,83.29,83.29,17434,0
2017-04-19,16:20:00,83.3,83.32,83.19,83.29,89389,0
2017-04-19,16:25:00,83.3,83.46,83.29,83.46,15278,0
2017-04-19,16:30:00,83.49,83.51,83.45,83.49,11714,0
2017-04-19,16:35:00,83.49,83.53,83.405,83.5,46186,0
2017-04-19,16:40:00,83.48,83.6,83.34,83.6,32437,0
2017-04-19,16:45:00,83.59,83.59,83.4,83.42,33543,0
2017-04-19,16:50:00,83.4,83.44,83.32,83.35,30517,0
2017-04-19,16:55:00,83.29,83.33,83.24,83.3,18520,0
2017-04-19,17:00:00,83.28,83.39,83.26,83.39,21610,0
2017-04-19,17:05:00,83.38,83.39,83.27,83.295,13769,0
2017-04-19,17:10:00,83.31,83.33,83.26,83.29,17076,0
2017-04-19,17:15:00,83.3,83.31,83.26,83.26,12484,0
2017-04-19,17:20:00,83.26,83.27,83.22,83.23,14001,0
2017-04-19,17:25:00,83.24,83.31,83.2,83.31,20471,0
2017-04-19,17:30:00,83.33,83.34,83.23,83.31,16691,0
2017-04-19,17:35:00,83.31,83.33,83.27,83.32,17273,0
2017-04-19,17:40:00,83.33,83.39,83.33,83.35,8619,0
2017-04-19,17:45:00,83.3501,83.41,83.3501,83.41,11930,0
2017-04-19,17:50:00,83.4,83.49,83.4,83.49,14503,0
2017-04-19,17:55:00,83.49,83.51,83.47,83.49,14574,0
2017-04-19,18:00:00,83.49,83.5,83.43,83.44,9141,0
2017-04-19,18:05:00,83.45,83.54,83.41,83.45,12303,0
2017-04-19,18:10:00,83.435,83.48,83.39,83.44,9600,0
2017-04-19,18:15:00,83.43,83.43,83.35,83.4,13743,0
2017-04-19,18:20:00,83.39,83.435,83.36,83.388,8087,0
2017-04-19,18:25:00,83.39,83.42,83.38,83.39,11834,0
2017-04-19,18:30:00,83.39,83.51,83.37,83.51,15287,0
2017-04-19,18:35:00,83.48,83.6,83.48,83.57,12287,0
2017-04-19,18:40:00,83.56,83.58,83.45,83.57,14922,0
2017-04-19,18:45:00,83.57,83.58,83.47,83.51,16963,0
2017-04-19,18:50:00,83.5,83.52,83.44,83.45,8585,0
2017-04-19,18:55:00,83.45,83.57,83.44,83.53,20460,0
2017-04-19,19:00:00,83.54,83.57,83.5,83.515,8434,0
2017-04-19,19:05:00,83.5,83.585,83.48,83.48,10170,0
2017-04-19,19:10:00,83.5,83.6,83.5,83.57,14712,0
2017-04-19,19:15:00,83.56,83.56,83.46,83.53,12421,0
2017-04-19,19:20:00,83.51,83.54,83.47,83.53,10666,0
2017-04-19,19:25:00,83.55,83.67,83.55,83.63,6972,0
2017-04-19,19:30:00,83.63,83.63,83.55,83.55,3700,0
2017-04-19,19:35:00,83.57,83.6107,83.495,83.51,10603,0
2017-04-19,19:40:00,83.49,83.58,83.48,83.54,11458,0
2017-04-19,19:45:00,83.53,83.58,83.5,83.57,9867,0
2017-04-19,19:50:00,83.57,83.64,83.55,83.62,7002,0
2017-04-19,19:55:00,83.62,83.64,83.58,83.63,8301,0
2017-04-19,20:00:00,83.63,83.72,83.61,83.72,11456,0
2017-04-19,20:05:00,83.715,83.715,83.66,83.66,10836,0
2017-04-19,20:10:00,83.65,83.72,83.59,83.675,9405,0
2017-04-19,20:15:00,83.68,83.69,83.6,83.65,15868,0
2017-04-19,20:20:00,83.64,83.64,83.56,83.56,4782,0
2017-04-19,20:25:00,83.57,83.63,83.56,83.5803,12839,0
2017-04-19,20:30:00,83.54,83.68,83.53,83.68,12569,0
2017-04-19,20:35:00,83.7,83.71,83.66,83.675,6053,0
2017-04-19,20:40:00,83.66,83.71,83.63,83.685,9449,0
2017-04-19,20:45:00,83.6863,83.69,83.64,83.68,25699,0
2017-04-19,20:50:00,83.7,83.7,83.52,83.52,50204,0
2017-04-19,20:55:00,83.5,83.53,83.445,83.52,13308,0
2017-04-19,21:00:00,83.5,83.54,83.48,83.52,6128,0
2017-04-19,21:05:00,83.525,83.625,83.52,83.615,14650,0
2017-04-19,21:10:00,83.615,83.67,83.6,83.63,12926,0
2017-04-19,21:15:00,83.6266,83.74,83.61,83.7,19543,0
2017-04-19,21:20:00,83.69,83.7,83.65,83.7,13571,0
2017-04-19,21:25:00,83.7,83.72,83.6,83.62,11095,0
2017-04-19,21:30:00,83.62,83.62,83.51,83.51,20299,0
2017-04-19,21:35:00,83.525,83.63,83.49,83.56,22522,0
2017-04-19,21:40:00,83.555,83.62,83.51,83.575,31260,0
2017-04-19,21:45:00,83.57,83.59,83.51,83.58,33721,0
2017-04-19,21:50:00,83.58,83.58,83.45,83.4739,39507,0
2017-04-19,21:55:00,83.47,83.5,83.45,83.5,42873,0
2017-04-19,22:00:00,83.49,83.61,83.45,83.55,257514,0
2017-04-20,15:35:00,83.93,83.93,83.67,83.84,30942,0
2017-04-20,15:40:00,83.87,83.87,83.63,83.63,16332,0
2017-04-20,15:45:00,83.635,83.66,83.56,83.62,22501,0
2017-04-20,15:50:00,83.62,83.72,83.5225,83.5225,27299,0
2017-04-20,15:55:00,83.52,83.8325,83.51,83.76,32802,0
2017-04-20,16:00:00,83.75,83.83,83.69,83.7,5878,0
2017-04-20,16:05:00,83.69,83.79,83.63,83.77,12860,0
2017-04-20,16:10:00,83.76,83.82,83.7,83.76,28543,0
2017-04-20,16:15:00,83.73,83.83,83.72,83.8,27330,0
2017-04-20,16:20:00,83.79,83.96,83.78,83.95,22379,0
2017-04-20,16:25:00,83.95,84.12,83.93,83.97,22768,0
2017-04-20,16:30:00,83.97,83.98,83.9,83.9,8783,0
2017-04-20,16:35:00,83.9,83.92,83.855,83.875,14216,0
2017-04-20,16:40:00,83.88,83.8998,83.84,83.88,8125,0
2017-04-20,16:45:00,83.87,83.94,83.87,83.94,12813,0
2017-04-20,16:50:00,83.945,84,83.936,83.98,8391,0
2017-04-20,16:55:00,83.99,83.99,83.94,83.94,10358,0
2017-04-20,17:00:00,83.97,84,83.95,83.96,11093,0
2017-04-20,17:05:00,83.96,83.97,83.87,83.87,8987,0
2017-04-20,17:10:00,83.8755,83.88,83.81,83.85,11436,0
2017-04-20,17:15:00,83.86,83.92,83.86,83.91,7364,0
2017-04-20,17:20:00,83.895,83.91,83.825,83.87,7480,0
2017-04-20,17:25:00,83.84,83.86,83.8,83.84,17501,0
2017-04-20,17:30:00,83.83,83.84,83.78,83.79,17492,0
2017-04-20,17:35:00,83.79,83.8,83.77,83.8,10787,0
2017-04-20,17:40:00,83.8,83.84,83.795,83.835,12928,0
2017-04-20,17:45:00,83.835,83.85,83.81,83.81,9986,0
2017-04-20,17:50:00,83.83,83.94,83.83,83.94,13139,0
2017-04-20,17:55:00,83.94,84.04,83.93,84.03,13600,0
2017-04-20,18:00:00,84.04,84.06,84.02,84.03,11250,0
2017-04-20,18:05:00,84.03,84.03,83.95,83.96,9347,0
2017-04-20,18:10:00,83.9501,84.07,83.9501,84,19210,0
2017-04-20,18:15:00,84.01,84.03,83.96,84.02,12118,0
2017-04-20,18:20:00,84.02,84.07,84,84,10763,0
2017-04-20,18:25:00,84.01,84.08,84,84.025,11715,0
2017-04-20,18:30:00,84.03,84.06,83.9901,84.0257,9044,0
2017-04-20,18:35:00,84.02,84.02,83.98,84,4470,0
2017-04-20,18:40:00,83.98,84.04,83.98,84.035,7250,0
2017-04-20,18:45:00,84.04,84.16,84.03,84.15,11210,0
2017-04-20,18:50:00,84.1486,84.17,84.11,84.15,5700,0
2017-04-20,18:55:00,84.15,84.15,84.12,84.12,4586,0
2017-04-20,19:00:00,84.1327,84.14,84.05,84.1,11928,0
2017-04-20,19:05:00,84.11,84.13,84.07,84.12,7299,0
2017-04-20,19:10:00,84.12,84.13,84.1,84.12,6600,0
2017-04-20,19:15:00,84.101,84.125,84.08,84.09,8081,0
2017-04-20,19:20:00,84.09,84.1,84.02,84.02,7478,0
2017-04-20,19:25:00,84.03,84.05,84.01,84.01,9393,0
2017-04-20,19:30:00,84,84.04,83.99,83.99,14497,0
2017-04-20,19:35:00,83.99,83.99,83.93,83.97,8036,0
2017-04-20,19:40:00,83.97,84.04,83.96,84.04,29601,0
2017-04-20,19:45:00,84.05,84.16,84.05,84.1,7614,0
2017-04-20,19:50:00,84.11,84.16,84.07,84.16,9297,0
2017-04-20,19:55:00,84.17,84.21,84.16,84.2,7778,0
2017-04-20,20:00:00,84.21,84.22,84.16,84.1775,9452,0
2017-04-20,20:05:00,84.18,84.2,84.11,84.11,10724,0
2017-04-20,20:10:00,84.12,84.12,84.0189,84.03,11376,0
2017-04-20,20:15:00,84.04,84.04,84.01,84.02,8681,0
2017-04-20,20:20:00,84,84,83.97,83.98,9481,0
2017-04-20,20:25:00,83.97,83.995,83.93,83.93,21545,0
2017-04-20,20:30:00,83.93,83.96,83.86,83.91,13887,0
2017-04-20,20:35:00,83.92,83.93,83.88,83.88,4977,0
2017-04-20,20:40:00,83.89,84.035,83.89,83.99,21132,0
2017-04-20,20:45:00,83.98,83.99,83.93,83.93,8928,0
2017-04-20,20:50:00,83.93,83.98,83.9,83.98,8899,0
2017-04-20,20:55:00,83.97,84.01,83.965,83.97,8622,0
2017-04-20,21:00:00,83.97,84,83.97,83.98,7628,0
2017-04-20,21:05:00,83.96,83.97,83.88,83.92,11790,0
2017-04-20,21:10:00,83.915,84.01,83.915,84.01,8636,0
2017-04-20,21:15:00,84,84.08,83.975,84.06,10618,0
2017-04-20,21:20:00,84.08,84.09,84.06,84.06,9450,0
2017-04-20,21:25:00,84.055,84.06,84.02,84.03,12511,0
2017-04-20,21:30:00,84.02,84.1,84.01,84.01,17464,0
2017-04-20,21:35:00,84.02,84.06,84.01,84.04,21091,0
2017-04-20,21:40:00,84.05,84.055,84,84.04,21212,0
2017-04-20,21:45:00,84.04,84.06,84,84.03,20216,0
2017-04-20,21:50:00,84.03,84.1,83.99,84.1,34614,0
2017-04-20,21:55:00,84.09,84.18,84.08,84.13,42721,0
2017-04-20,22:00:00,84.13,84.2,84.05,84.08,172956,0
2017-04-21,15:35:00,83.81,83.81,83.23,83.45,90836,0
2017-04-21,15:40:00,83.46,83.59,83.37,83.52,22863,0
2017-04-21,15:45:00,83.565,83.64,83.5,83.6,17200,0
2017-04-21,15:50:00,83.615,83.62,83.49,83.51,21087,0
2017-04-21,15:55:00,83.5296,83.61,83.46,83.56,22483,0
2017-04-21,16:00:00,83.59,83.69,83.56,83.6,6626,0
2017-04-21,16:05:00,83.62,83.68,83.45,83.51,28407,0
2017-04-21,16:10:00,83.53,83.72,83.5,83.72,25578,0
2017-04-21,16:15:00,83.72,83.78,83.7,83.75,14167,0
2017-04-21,16:20:00,83.755,83.77,83.59,83.66,14365,0
2017-04-21,16:25:00,83.65,83.65,83.54,83.6,19670,0
2017-04-21,16:30:00,83.6,83.6,83.52,83.6,9447,0
2017-04-21,16:35:00,83.6,83.6,83.48,83.57,18359,0
2017-04-21,16:40:00,83.58,83.58,83.48,83.52,16941,0
2017-04-21,16:45:00,83.53,83.53,83.48,83.48,14789,0
2017-04-21,16:50:00,83.49,83.59,83.485,83.53,11676,0
2017-04-21,16:55:00,83.52,83.56,83.52,83.55,9622,0
2017-04-21,17:00:00,83.56,83.56,83.46,83.53,13728,0
2017-04-21,17:05:00,83.54,83.57,83.42,83.47,42572,0
2017-04-21,17:10:00,83.47,83.55,83.47,83.52,15064,0
2017-04-21,17:15:00,83.5,83.5,83.43,83.44,11078,0
2017-04-21,17:20:00,83.45,83.59,83.4,83.5745,28567,0
2017-04-21,17:25:00,83.57,83.62,83.57,83.58,9207,0
2017-04-21,17:30:00,83.58,83.61,83.56,83.59,12698,0
2017-04-21,17:35:00,83.59,83.6,83.48,83.48,11101,0
2017-04-21,17:40:00,83.47,83.5,83.4,83.435,28508,0
2017-04-21,17:45:00,83.45,83.58,83.45,83.56,21692,0
2017-04-21,17:50:00,83.57,83.65,83.57,83.65,12596,0
2017-04-21,17:55:00,83.64,83.64,83.59,83.61,11693,0
2017-04-21,18:00:00,83.63,83.67,83.62,83.66,11175,0
2017-04-21,18:05:00,83.66,83.69,83.63,83.64,11201,0
2017-04-21,18:10:00,83.63,83.65,83.5,83.5,12883,0
2017-04-21,18:15:00,83.49,83.52,83.39,83.41,9902,0
2017-04-21,18:20:00,83.38,83.43,83.3475,83.43,12022,0
2017-04-21,18:25:00,83.43,83.46,83.43,83.43,3307,0
2017-04-21,18:30:00,83.43,83.48,83.41,83.43,16081,0
2017-04-21,18:35:00,83.43,83.43,83.38,83.38,12022,0
2017-04-21,18:40:00,83.38,83.47,83.34,83.47,13005,0
2017-04-21,18:45:00,83.46,83.475,83.44,83.45,5648,0
2017-04-21,18:50:00,83.46,83.47,83.41,83.43,9031,0
2017-04-21,18:55:00,83.42,83.44,83.4,83.41,6452,0
2017-04-21,19:00:00,83.41,83.44,83.41,83.43,7534,0
2017-04-21,19:05:00,83.42,83.52,83.42,83.52,12766,0
2017-04-21,19:10:00,83.52,83.52,83.41,83.42,12613,0
2017-04-21,19:15:00,83.41,83.43,83.27,83.43,19667,0
2017-04-21,19:20:00,83.4129,83.4129,83.3,83.38,14497,0
2017-04-21,19:25:00,83.4,83.49,83.4,83.46,7033,0
2017-04-21,19:30:00,83.455,83.48,83.42,83.45,7044,0
2017-04-21,19:35:00,83.45,83.47,83.4,83.44,9698,0
2017-04-21,19:40:00,83.425,83.44,83.36,83.37,10724,0
2017-04-21,19:45:00,83.37,83.39,83.31,83.31,22718,0
2017-04-21,19:50:00,83.31,83.33,83.26,83.265,11125,0
2017-04-21,19:55:00,83.26,83.34,83.24,83.34,11261,0
2017-04-21,20:00:00,83.35,83.51,83.35,83.47,14375,0
2017-04-21,20:05:00,83.47,83.48,83.36,83.4,11658,0
2017-04-21,20:10:00,83.41,83.41,83.3101,83.33,17467,0
2017-04-21,20:15:00,83.33,83.35,83.28,83.28,14244,0
2017-04-21,20:20:00,83.2601,83.34,83.2601,83.28,26088,0
2017-04-21,20:25:00,83.28,83.36,83.28,83.34,19401,0
2017-04-21,20:30:00,83.35,83.39,83.34,83.38,14300,0
2017-04-21,20:35:00,83.3656,83.3656,83.29,83.29,6227,0
2017-04-21,20:40:00,83.31,83.41,83.29,83.4,16718,0
2017-04-21,20:45:00,83.4,83.42,83.38,83.4,17799,0
2017-04-21,20:50:00,83.4,83.4,83.27,83.27,12522,0
2017-04-21,20:55:00,83.28,83.31,83.25,83.31,21911,0
2017-04-21,21:00:00,83.29,83.45,83.28,83.38,16093,0
2017-04-21,21:05:00,83.39,83.41,83.3231,83.37,15822,0
2017-04-21,21:10:00,83.36,83.385,83.265,83.28,38748,0
2017-04-21,21:15:00,83.27,83.29,83.24,83.27,16686,0
2017-04-21,21:20:00,83.26,83.29,83.24,83.25,20371,0
2017-04-21,21:25:00,83.24,83.24,83.19,83.205,25847,0
2017-04-21,21:30:00,83.21,83.24,83.17,83.23,26098,0
2017-04-21,21:35:00,83.23,83.23,83.17,83.18,18665,0
2017-04-21,21:40:00,83.18,83.26,83.16,83.22,42497,0
2017-04-21,21:45:00,83.23,83.31,83.22,83.3,50712,0
2017-04-21,21:50:00,83.3,83.42,83.3,83.4038,39380,0
2017-04-21,21:55:00,83.4,83.4,83.33,83.38,51264,0
2017-04-21,22:00:00,83.37,83.37,83.24,83.25,236696,0
2017-04-24,15:35:00,84.22,84.48,83.86,84.47,24433,0
2017-04-24,15:40:00,84.41,84.47,84.01,84.17,37254,0
2017-04-24,15:45:00,84.17,84.19,83.9208,83.94,15150,0
2017-04-24,15:50:00,83.94,83.95,83.75,83.87,12680,0
2017-04-24,15:55:00,83.86,83.96,83.84,83.92,10822,0
2017-04-24,16:00:00,83.87,83.96,83.86,83.89,15141,0
2017-04-24,16:05:00,83.89,83.96,83.76,83.96,21813,0
2017-04-24,16:10:00,83.96,83.96,83.7,83.7,23713,0
2017-04-24,16:15:00,83.69,83.78,83.66,83.73,10307,0
2017-04-24,16:20:00,83.73,83.73,83.581,83.6,21007,0
2017-04-24,16:25:00,83.6,83.68,83.5,83.5,20385,0
2017-04-24,16:30:00,83.5,83.55,83.46,83.5,18934,0
2017-04-24,16:35:00,83.51,83.54,83.48,83.49,26182,0
2017-04-24,16:40:00,83.48,83.53,83.47,83.48,14281,0
2017-04-24,16:45:00,83.49,83.5,83.42,83.47,12494,0
2017-04-24,16:50:00,83.48,83.57,83.48,83.56,25712,0
2017-04-24,16:55:00,83.56,83.56,83.46,83.46,19392,0
2017-04-24,17:00:00,83.47,83.49,83.45,83.46,17541,0
2017-04-24,17:05:00,83.46,83.47,83.4,83.41,18383,0
2017-04-24,17:10:00,83.41,83.46,83.41,83.44,13119,0
2017-04-24,17:15:00,83.42,83.44,83.3,83.3,18740,0
2017-04-24,17:20:00,83.31,83.32,83.21,83.27,20254,0
2017-04-24,17:25:00,83.28,83.3,83.23,83.23,14407,0
2017-04-24,17:30:00,83.24,83.34,83.23,83.3,22750,0
2017-04-24,17:35:00,83.3,83.3,83.25,83.265,16060,0
2017-04-24,17:40:00,83.28,83.29,83.21,83.21,38010,0
2017-04-24,17:45:00,83.21,83.26,83.2,83.2,28056,0
2017-04-24,17:50:00,83.19,83.295,83.13,83.27,133608,0
2017-04-24,17:55:00,83.29,83.36,83.29,83.33,15252,0
2017-04-24,18:00:00,83.32,83.41,83.32,83.39,12749,0
2017-04-24,18:05:00,83.42,83.44,83.35,83.35,13814,0
2017-04-24,18:10:00,83.355,83.38,83.34,83.37,14494,0
2017-04-24,18:15:00,83.36,83.46,83.36,83.42,13522,0
2017-04-24,18:20:00,83.4,83.42,83.29,83.3,15634,0
2017-04-24,18:25:00,83.3,83.38,83.3,83.38,9743,0
2017-04-24,18:30:00,83.38,83.46,83.38,83.46,9622,0
2017-04-24,18:35:00,83.47,83.55,83.45,83.55,11025,0
2017-04-24,18:40:00,83.55,83.55,83.48,83.5,6509,0
2017-04-24,18:45:00,83.49,83.49,83.45,83.47,2100,0
2017-04-24,18:50:00,83.45,83.47,83.43,83.44,7861,0
2017-04-24,18:55:00,83.42,83.48,83.42,83.45,5057,0
2017-04-24,19:00:00,83.44,83.44,83.38,83.43,6458,0
2017-04-24,19:05:00,83.41,83.46,83.41,83.43,10062,0
2017-04-24,19:10:00,83.41,83.44,83.37,83.38,8916,0
2017-04-24,19:15:00,83.35,83.46,83.35,83.44,24457,0
2017-04-24,19:20:00,83.46,83.5,83.425,83.5,10506,0
2017-04-24,19:25:00,83.48,83.5,83.4,83.43,10576,0
2017-04-24,19:30:00,83.45,83.48,83.43,83.45,11313,0
2017-04-24,19:35:00,83.45,83.46,83.38,83.4,11457,0
2017-04-24,19:40:00,83.38,83.39,83.35,83.39,10357,0
2017-04-24,19:45:00,83.38,83.39,83.32,83.36,10585,0
2017-04-24,19:50:00,83.35,83.36,83.27,83.3,9408,0
2017-04-24,19:55:00,83.29,83.32,83.29,83.3,6199,0
2017-04-24,20:00:00,83.3,83.36,83.3,83.35,13674,0
2017-04-24,20:05:00,83.34,83.35,83.33,83.33,6350,0
2017-04-24,20:10:00,83.33,83.36,83.32,83.3418,13574,0
2017-04-24,20:15:00,83.35,83.36,83.3,83.345,10216,0
2017-04-24,20:20:00,83.34,83.43,83.335,83.4,44418,0
2017-04-24,20:25:00,83.41,83.425,83.4,83.4,12341,0
2017-04-24,20:30:00,83.4,83.41,83.37,83.37,17317,0
2017-04-24,20:35:00,83.38,83.39,83.37,83.39,13604,0
2017-04-24,20:40:00,83.38,83.4,83.38,83.39,11631,0
2017-04-24,20:45:00,83.38,83.4,83.34,83.37,32441,0
2017-04-24,20:50:00,83.36,83.37,83.33,83.34,10569,0
2017-04-24,20:55:00,83.34,83.38,83.33,83.34,19240,0
2017-04-24,21:00:00,83.335,83.34,83.29,83.34,19456,0
2017-04-24,21:05:00,83.34,83.3718,83.31,83.34,52823,0
2017-04-24,21:10:00,83.335,83.4,83.335,83.36,60178,0
2017-04-24,21:15:00,83.36,83.4,83.34,83.37,24438,0
2017-04-24,21:20:00,83.38,83.39,83.33,83.33,18330,0
2017-04-24,21:25:00,83.33,83.33,83.2175,83.24,26101,0
2017-04-24,21:30:00,83.24,83.29,83.24,83.24,26359,0
2017-04-24,21:35:00,83.25,83.28,83.24,83.245,34484,0
2017-04-24,21:40:00,83.25,83.28,83.25,83.28,31799,0
2017-04-24,21:45:00,83.28,83.31,83.27,83.3,42501,0
2017-04-24,21:50:00,83.3,83.3125,83.27,83.27,51695,0
2017-04-24,21:55:00,83.28,83.29,83.2434,83.29,68901,0
2017-04-24,22:00:00,83.28,83.28,83.21,83.25,274611,0
2017-04-25,15:35:00,83.54,83.55,83.33,83.5099,21763,0
2017-04-25,15:40:00,83.485,83.51,83.31,83.43,5935,0
2017-04-25,15:45:00,83.44,83.44,83.36,83.3928,5039,0
2017-04-25,15:50:00,83.4,83.54,83.4,83.48,6300,0
2017-04-25,15:55:00,83.47,83.54,83.47,83.53,7012,0
2017-04-25,16:00:00,83.52,83.52,83.45,83.48,3550,0
2017-04-25,16:05:00,83.46,83.52,83.43,83.44,8108,0
2017-04-25,16:10:00,83.45,83.51,83.42,83.48,11728,0
2017-04-25,16:15:00,83.49,83.5,83.44,83.495,9265,0
2017-04-25,16:20:00,83.51,83.61,83.48,83.59,12991,0
2017-04-25,16:25:00,83.6,83.62,83.51,83.52,7886,0
2017-04-25,16:30:00,83.52,83.59,83.49,83.51,26826,0
2017-04-25,16:35:00,83.51,83.63,83.51,83.62,11108,0
2017-04-25,16:40:00,83.62,83.625,83.59,83.6,11950,0
2017-04-25,16:45:00,83.595,83.65,83.58,83.61,15330,0
2017-04-25,16:50:00,83.61,83.74,83.6,83.73,28693,0
2017-04-25,16:55:00,83.73,83.74,83.67,83.67,13112,0
2017-04-25,17:00:00,83.67,83.77,83.67,83.715,25194,0
2017-04-25,17:05:00,83.7,83.705,83.54,83.54,15671,0
2017-04-25,17:10:00,83.54,83.61,83.54,83.6,12939,0
2017-04-25,17:15:00,83.6,83.64,83.58,83.6,6727,0
2017-04-25,17:20:00,83.61,83.72,83.61,83.69,18706,0
2017-04-25,17:25:00,83.69,83.75,83.69,83.7,11952,0
2017-04-25,17:30:00,83.7,83.7,83.64,83.65,10123,0
2017-04-25,17:35:00,83.659,83.75,83.625,83.71,11483,0
2017-04-25,17:40:00,83.69,83.76,83.68,83.76,16726,0
2017-04-25,17:45:00,83.74,83.79,83.72,83.79,4300,0
2017-04-25,17:50:00,83.7583,83.79,83.74,83.77,10542,0
2017-04-25,17:55:00,83.76,83.8,83.7445,83.75,6009,0
2017-04-25,18:00:00,83.75,83.78,83.745,83.77,11090,0
2017-04-25,18:05:00,83.78,83.78,83.75,83.76,4476,0
2017-04-25,18:10:00,83.76,83.78,83.73,83.75,8548,0
2017-04-25,18:15:00,83.74,83.75,83.71,83.7121,6817,0
2017-04-25,18:20:00,83.71,83.78,83.7075,83.76,9296,0
2017-04-25,18:25:00,83.76,83.77,83.73,83.74,8647,0
2017-04-25,18:30:00,83.74,83.74,83.68,83.68,9464,0
2017-04-25,18:35:00,83.68,83.69,83.64,83.64,34844,0
2017-04-25,18:40:00,83.64,83.65,83.6,83.64,7696,0
2017-04-25,18:45:00,83.65,83.66,83.61,83.65,14431,0
2017-04-25,18:50:00,83.6466,83.69,83.64,83.68,5985,0
2017-04-25,18:55:00,83.68,83.68,83.59,83.59,11914,0
2017-04-25,19:00:00,83.585,83.62,83.58,83.6,8024,0
2017-04-25,19:05:00,83.6,83.63,83.59,83.63,11516,0
2017-04-25,19:10:00,83.62,83.64,83.59,83.63,7400,0
2017-04-25,19:15:00,83.63,83.663,83.61,83.64,13170,0
2017-04-25,19:20:00,83.66,83.67,83.64,83.66,6375,0
2017-04-25,19:25:00,83.67,83.69,83.66,83.675,5625,0
2017-04-25,19:30:00,83.67,83.685,83.665,83.685,6128,0
2017-04-25,19:35:00,83.68,83.76,83.68,83.76,10371,0
2017-04-25,19:40:00,83.755,83.77,83.73,83.75,4100,0
2017-04-25,19:45:00,83.7444,83.7444,83.7,83.725,7965,0
2017-04-25,19:50:00,83.73,83.7407,83.68,83.7064,5879,0
2017-04-25,19:55:00,83.705,83.73,83.69,83.73,4513,0
2017-04-25,20:00:00,83.7,83.75,83.7,83.73,6900,0
2017-04-25,20:05:00,83.725,83.75,83.705,83.75,9487,0
2017-04-25,20:10:00,83.74,83.81,83.735,83.805,13610,0
2017-04-25,20:15:00,83.8,83.83,83.785,83.79,10997,0
2017-04-25,20:20:00,83.79,83.8,83.77,83.8,8198,0
2017-04-25,20:25:00,83.79,83.81,83.77,83.79,8424,0
2017-04-25,20:30:00,83.79,83.83,83.785,83.8,12918,0
2017-04-25,20:35:00,83.8,83.86,83.79,83.83,22120,0
2017-04-25,20:40:00,83.83,83.845,83.81,83.83,12792,0
2017-04-25,20:45:00,83.83,83.83,83.75,83.77,14474,0
2017-04-25,20:50:00,83.75,83.77,83.7,83.7,10175,0
2017-04-25,20:55:00,83.69,83.72,83.68,83.71,5425,0
2017-04-25,21:00:00,83.715,83.75,83.7,83.75,7400,0
2017-04-25,21:05:00,83.75,83.83,83.74,83.8,15945,0
2017-04-25,21:10:00,83.8,83.86,83.8,83.84,20124,0
2017-04-25,21:15:00,83.83,83.88,83.83,83.85,14654,0
2017-04-25,21:20:00,83.85,83.87,83.83,83.84,7140,0
2017-04-25,21:25:00,83.83,83.85,83.8035,83.8035,17965,0
2017-04-25,21:30:00,83.8,83.82,83.73,83.73,20394,0
2017-04-25,21:35:00,83.73,83.765,83.7,83.76,21999,0
2017-04-25,21:40:00,83.76,83.76,83.725,83.73,18549,0
2017-04-25,21:45:00,83.74,83.78,83.66,83.69,27616,0
2017-04-25,21:50:00,83.7,83.7,83.67,83.68,21238,0
2017-04-25,21:55:00,83.68,83.68,83.6,83.62,55031,0
2017-04-25,22:00:00,83.63,83.655,83.54,83.54,252016,0
2017-04-26,15:35:00,83.6,83.6,83.42,83.54,25954,0
2017-04-26,15:40:00,83.53,83.69,83.44,83.45,8337,0
2017-04-26,15:45:00,83.45,83.55,83.36,83.41,10623,0
2017-04-26,15:50:00,83.39,83.41,83.32,83.34,8947,0
2017-04-26,15:55:00,83.34,83.35,83.24,83.27,19798,0
2017-04-26,16:00:00,83.26,83.38,83.22,83.35,19557,0
2017-04-26,16:05:00,83.36,83.39,83.3,83.3,15471,0
2017-04-26,16:10:00,83.3,83.33,83.28,83.3,25250,0
2017-04-26,16:15:00,83.3,83.4,83.28,83.4,53701,0
2017-04-26,16:20:00,83.4,83.45,83.37,83.39,18627,0
2017-04-26,16:25:00,83.39,83.42,83.38,83.4,23271,0
2017-04-26,16:30:00,83.41,83.51,83.4,83.5,22295,0
2017-04-26,16:35:00,83.5,83.53,83.46,83.47,26761,0
2017-04-26,16:40:00,83.46,83.65,83.43,83.63,16568,0
2017-04-26,16:45:00,83.6252,83.65,83.58,83.6,41643,0
2017-04-26,16:50:00,83.58,83.59,83.5,83.56,12980,0
2017-04-26,16:55:00,83.56,83.6,83.5201,83.535,11240,0
2017-04-26,17:00:00,83.55,83.59,83.53,83.58,14196,0
2017-04-26,17:05:00,83.57,83.57,83.53,83.54,11078,0
2017-04-26,17:10:00,83.54,83.57,83.53,83.56,16693,0
2017-04-26,17:15:00,83.56,83.58,83.53,83.53,14869,0
2017-04-26,17:20:00,83.54,83.57,83.54,83.57,15930,0
2017-04-26,17:25:00,83.58,83.88,83.58,83.88,21304,0
2017-04-26,17:30:00,83.88,83.97,83.82,83.87,16346,0
2017-04-26,17:35:00,83.87,83.87,83.75,83.75,9501,0
2017-04-26,17:40:00,83.7404,83.78,83.72,83.72,4441,0
2017-04-26,17:45:00,83.71,83.75,83.66,83.66,3419,0
2017-04-26,17:50:00,83.65,83.69,83.49,83.49,6989,0
2017-04-26,17:55:00,83.51,83.64,83.49,83.6,9141,0
2017-04-26,18:00:00,83.62,83.7,83.62,83.69,5792,0
2017-04-26,18:05:00,83.68,83.8,83.6675,83.74,5861,0
2017-04-26,18:10:00,83.74,83.75,83.655,83.68,4733,0
2017-04-26,18:15:00,83.67,83.69,83.66,83.68,14279,0
2017-04-26,18:20:00,83.6714,83.69,83.65,83.69,5595,0
2017-04-26,18:25:00,83.6825,83.69,83.65,83.655,5943,0
2017-04-26,18:30:00,83.6604,83.67,83.63,83.63,5867,0
2017-04-26,18:35:00,83.62,83.69,83.62,83.68,12523,0
2017-04-26,18:40:00,83.69,83.73,83.68,83.72,9237,0
2017-04-26,18:45:00,83.73,83.77,83.72,83.74,14295,0
2017-04-26,18:50:00,83.75,83.86,83.735,83.81,61768,0
2017-04-26,18:55:00,83.82,83.955,83.82,83.955,14998,0
2017-04-26,19:00:00,83.96,84,83.93,84,12892,0
2017-04-26,19:05:00,84,84.05,83.975,84.03,20342,0
2017-04-26,19:10:00,84.03,84.05,83.99,84.05,4858,0
2017-04-26,19:15:00,84.07,84.07,84.01,84.01,5584,0
2017-04-26,19:20:00,84.02,84.05,84,84,3800,0
2017-04-26,19:25:00,84.02,84.14,84.02,84.14,5276,0
2017-04-26,19:30:00,84.11,84.11,83.99,84.04,5293,0
2017-04-26,19:35:00,84.02,84.02,83.88,83.88,5978,0
2017-04-26,19:40:00,83.88,83.96,83.88,83.96,5949,0
2017-04-26,19:45:00,83.95,83.95,83.86,83.91,8694,0
2017-04-26,19:50:00,83.92,83.92,83.64,83.7,7900,0
2017-04-26,19:55:00,83.69,83.69,83.63,83.67,36240,0
2017-04-26,20:00:00,83.67,83.67,83.59,83.595,13290,0
2017-04-26,20:05:00,83.58,83.59,83.445,83.53,19362,0
2017-04-26,20:10:00,83.52,83.53,83.46,83.52,13136,0
2017-04-26,20:15:00,83.54,83.63,83.54,83.63,8544,0
2017-04-26,20:20:00,83.66,83.68,83.62,83.64,9261,0
2017-04-26,20:25:00,83.62,83.69,83.59,83.66,9237,0
2017-04-26,20:30:00,83.66,83.66,83.52,83.52,6016,0
2017-04-26,20:35:00,83.525,83.61,83.525,83.56,7300,0
2017-04-26,20:40:00,83.56,83.58,83.53,83.54,8700,0
2017-04-26,20:45:00,83.55,83.57,83.52,83.54,12293,0
2017-04-26,20:50:00,83.54,83.54,83.35,83.35,27832,0
2017-04-26,20:55:00,83.37,83.4,83.26,83.32,103413,0
2017-04-26,21:00:00,83.31,83.36,83.29,83.295,55016,0
2017-04-26,21:05:00,83.3,83.35,83.27,83.32,50379,0
2017-04-26,21:10:00,83.32,83.36,83.29,83.29,61957,0
2017-04-26,21:15:00,83.29,83.35,83.27,83.28,57385,0
2017-04-26,21:20:00,83.28,83.325,83.26,83.305,20197,0
2017-04-26,21:25:00,83.3,83.33,83.28,83.28,17298,0
2017-04-26,21:30:00,83.29,83.3,83.23,83.26,21752,0
2017-04-26,21:35:00,83.27,83.31,83.23,83.24,26497,0
2017-04-26,21:40:00,83.24,83.29,83.18,83.19,46099,0
2017-04-26,21:45:00,83.19,83.19,83.13,83.15,50950,0
2017-04-26,21:50:00,83.155,83.155,83.03,83.05,68863,0
2017-04-26,21:55:00,83.06,83.1,83.01,83.025,103222,0
2017-04-26,22:00:00,83.03,83.08,82.91,82.98,322162,0
