Date,Time,Open,High,Low,Close,Volume,OpenInt
2017-04-07,15:35:00,51.36,51.36,51.36,51.36,2192,0
2017-04-07,15:40:00,51.13,51.13,50.96,50.96,200,0
2017-04-07,15:45:00,50.98,51.08,50.98,51.08,1200,0
2017-04-07,15:50:00,51.6,51.6,50.91,51.33,4637,0
2017-04-07,15:55:00,51.01,51.21,51.01,51.21,500,0
2017-04-07,16:00:00,50.96,50.98,50.83,50.98,300,0
2017-04-07,16:05:00,50.96,51.21,50.88,51.16,2800,0
2017-04-07,16:10:00,51.07,51.07,51.02,51.02,300,0
2017-04-07,16:15:00,51.01,51.11,50.9577,51.1,2100,0
2017-04-07,16:20:00,50.83,50.83,50.83,50.83,100,0
2017-04-07,16:25:00,50.69,50.69,50.69,50.69,100,0
2017-04-07,16:30:00,50.805,50.88,50.64,50.845,800,0
2017-04-07,16:35:00,50.9,51,50.9,51,400,0
2017-04-07,16:40:00,51.02,51.37,51.02,51.27,3000,0
2017-04-07,16:45:00,51.52,51.52,51.14,51.14,1600,0
2017-04-07,16:50:00,51.4152,51.4152,51.2,51.2,800,0
2017-04-07,16:55:00,51.482,51.482,51.05,51.05,500,0
2017-04-07,17:00:00,51.255,51.255,51.13,51.13,2000,0
2017-04-07,17:05:00,51.15,51.15,51.07,51.09,1500,0
2017-04-07,17:10:00,51,51.16,51,51.16,300,0
2017-04-07,17:15:00,51,51,51,51,1000,0
2017-04-07,17:20:00,51.04,51.05,50.9,50.92,1100,0
2017-04-07,17:25:00,50.94,50.94,50.82,50.875,700,0
2017-04-07,17:30:00,50.82,50.82,50.54,50.54,1525,0
2017-04-07,17:35:00,50.6285,50.6285,50.6285,50.6285,100,0
2017-04-07,17:40:00,50.56,50.68,50.56,50.6,1658,0
2017-04-07,17:45:00,50.77,50.77,50.58,50.685,550,0
2017-04-07,17:50:00,50.7871,50.7871,50.65,50.68,500,0
2017-04-07,17:55:00,50.82,50.9,50.67,50.67,1904,0
2017-04-07,18:00:00,50.78,50.78,50.55,50.55,1050,0
2017-04-07,18:05:00,50.65,50.66,50.65,50.66,300,0
2017-04-07,18:10:00,50.62,50.62,50.62,50.62,100,0
2017-04-07,18:15:00,50.51,50.51,50.5,50.5,400,0
2017-04-07,18:20:00,50.32,50.32,50.32,50.32,100,0
2017-04-07,18:25:00,50.5,50.5,50.3881,50.3881,450,0
2017-04-07,18:30:00,50.31,50.31,50.31,50.31,200,0
2017-04-07,18:45:00,50.32,50.32,50.31,50.32,400,0
2017-04-07,18:50:00,50.38,50.54,50.38,50.54,2027,0
2017-04-07,18:55:00,50.41,50.54,50.41,50.54,300,0
2017-04-07,19:00:00,50.46,50.51,50.46,50.51,300,0
2017-04-07,19:05:00,50.43,50.72,50.43,50.7039,1300,0
2017-04-07,19:10:00,50.69,50.69,50.59,50.59,300,0
2017-04-07,19:15:00,50.77,50.85,50.72,50.79,1100,0
2017-04-07,19:20:00,50.85,50.85,50.85,50.85,100,0
2017-04-07,19:25:00,50.73,50.73,50.71,50.71,300,0
2017-04-07,19:30:00,50.7,50.79,50.7,50.79,300,0
2017-04-07,19:35:00,50.81,50.81,50.72,50.72,398,0
2017-04-07,19:40:00,50.6,50.7056,50.6,50.7056,1700,0
2017-04-07,19:45:00,50.61,50.61,50.6,50.61,1200,0
2017-04-07,19:50:00,50.6,50.65,50.58,50.65,1200,0
2017-04-07,19:55:00,50.62,50.72,50.58,50.72,1200,0
2017-04-07,20:00:00,50.73,50.77,50.73,50.745,600,0
2017-04-07,20:05:00,50.755,50.91,50.755,50.91,1000,0
2017-04-07,20:10:00,50.83,50.83,50.78,50.78,400,0
2017-04-07,20:15:00,50.8511,50.95,50.85,50.86,1000,0
2017-04-07,20:20:00,50.75,50.85,50.75,50.78,700,0
2017-04-07,20:25:00,50.79,50.9,50.79,50.9,1300,0
2017-04-07,20:30:00,50.84,50.84,50.83,50.83,200,0
2017-04-07,20:35:00,50.815,50.83,50.68,50.83,1500,0
2017-04-07,20:40:00,50.76,50.795,50.76,50.795,200,0
2017-04-07,20:45:00,50.79,50.79,50.6,50.6,1529,0
2017-04-07,20:50:00,50.6,50.61,50.6,50.61,300,0
2017-04-07,20:55:00,50.6,50.79,50.6,50.79,3610,0
2017-04-07,21:00:00,50.81,50.9,50.81,50.9,300,0
2017-04-07,21:05:00,50.82,51.15,50.82,51.07,10700,0
2017-04-07,21:10:00,51.15,51.43,51.115,51.3,8460,0
2017-04-07,21:15:00,51.17,51.37,51.17,51.29,6204,0
2017-04-07,21:20:00,51.28,51.3,51.14,51.23,5975,0
2017-04-07,21:25:00,51.305,51.305,51,51.05,5900,0
2017-04-07,21:30:00,50.94,50.94,50.76,50.76,1000,0
2017-04-07,21:35:00,50.83,51.09,50.735,51.09,3366,0
2017-04-07,21:40:00,51.14,51.2,51,51.16,4985,0
2017-04-07,21:45:00,51.05,51.18,51.05,51.09,1200,0
2017-04-07,21:50:00,51.08,51.19,51.08,51.15,5463,0
2017-04-07,21:55:00,51.105,51.16,51,51.04,18875,0
2017-04-07,22:00:00,51.025,51.16,50.97,51.12,34632,0
2017-04-10,15:35:00,51.24,51.46,50.23,50.66,3085,0
2017-04-10,15:40:00,51.36,51.36,50.66,50.66,300,0
2017-04-10,15:45:00,50.813,51.17,50.585,50.86,3567,0
2017-04-10,15:50:00,50.835,51.07,50.835,50.885,1800,0
2017-04-10,15:55:00,50.935,51.43,50.935,51.05,7000,0
2017-04-10,16:00:00,51.02,51.24,50.92,51.06,3200,0
2017-04-10,16:05:00,51.01,51.04,50.94,50.94,500,0
2017-04-10,16:10:00,51.09,51.09,51.02,51.05,500,0
2017-04-10,16:15:00,50.93,50.93,50.9,50.9,300,0
2017-04-10,16:20:00,50.94,50.94,50.8,50.8,200,0
2017-04-10,16:25:00,50.9084,50.9084,50.69,50.69,1500,0
2017-04-10,16:30:00,50.7353,50.77,50.7353,50.77,600,0
2017-04-10,16:35:00,50.86,51.1039,50.86,51.1039,1575,0
2017-04-10,16:45:00,50.88,51.01,50.88,51.01,200,0
2017-04-10,16:50:00,51.04,51.05,51.04,51.05,200,0
2017-04-10,16:55:00,50.93,50.95,50.93,50.95,500,0
2017-04-10,17:05:00,50.81,50.81,50.71,50.7957,1637,0
2017-04-10,17:10:00,50.71,50.72,50.52,50.7,1800,0
2017-04-10,17:15:00,50.8267,50.8267,50.8267,50.8267,208,0
2017-04-10,17:20:00,50.94,51,50.8,50.8,1000,0
2017-04-10,17:30:00,50.74,50.74,50.74,50.74,618,0
2017-04-10,17:35:00,50.74,50.74,50.5,50.5,1353,0
2017-04-10,17:40:00,50.44,50.5568,50.44,50.46,700,0
2017-04-10,17:45:00,50.46,50.46,50.33,50.37,500,0
2017-04-10,17:50:00,50.43,50.43,50.36,50.36,500,0
2017-04-10,17:55:00,50.45,50.56,50.42,50.49,1700,0
2017-04-10,18:00:00,50.48,50.56,50.48,50.56,1300,0
2017-04-10,18:05:00,50.56,50.56,50.54,50.54,900,0
2017-04-10,18:10:00,50.66,50.73,50.54,50.72,2800,0
2017-04-10,18:15:00,50.64,50.64,50.32,50.455,1600,0
2017-04-10,18:25:00,50.395,50.395,50.32,50.32,250,0
2017-04-10,18:30:00,50.28,50.339,50.2,50.249,742,0
2017-04-10,18:35:00,50.22,50.35,50.22,50.33,1300,0
2017-04-10,18:40:00,50.375,50.375,50.31,50.37,400,0
2017-04-10,18:50:00,50.26,50.43,50.26,50.43,400,0
2017-04-10,18:55:00,50.49,50.7,50.42,50.6,1800,0
2017-04-10,19:00:00,50.54,50.54,50.4,50.51,900,0
2017-04-10,19:05:00,50.46,50.54,50.455,50.46,700,0
2017-04-10,19:15:00,50.53,50.875,50.45,50.54,1649,0
2017-04-10,19:20:00,50.71,50.965,50.71,50.8592,800,0
2017-04-10,19:25:00,50.8,50.8,50.75,50.75,500,0
2017-04-10,19:30:00,50.72,50.75,50.52,50.52,1450,0
2017-04-10,19:35:00,50.62,50.74,50.61,50.74,1400,0
2017-04-10,19:40:00,50.65,50.65,50.65,50.65,200,0
2017-04-10,19:45:00,50.73,50.86,50.72,50.86,1300,0
2017-04-10,19:50:00,50.76,50.88,50.76,50.88,900,0
2017-04-10,19:55:00,50.81,50.81,50.81,50.81,100,0
2017-04-10,20:00:00,50.79,50.99,50.79,50.93,400,0
2017-04-10,20:05:00,50.93,50.93,50.82,50.88,980,0
2017-04-10,20:10:00,50.9,50.95,50.9,50.95,700,0
2017-04-10,20:15:00,50.96,51.0183,50.91,50.91,600,0
2017-04-10,20:20:00,50.85,50.98,50.83,50.93,1900,0
2017-04-10,20:30:00,50.64,50.655,50.64,50.655,200,0
2017-04-10,20:35:00,50.63,50.64,50.58,50.6325,530,0
2017-04-10,20:40:00,50.62,50.63,50.52,50.63,900,0
2017-04-10,20:45:00,50.54,50.62,50.52,50.6,1807,0
2017-04-10,20:50:00,50.63,50.81,50.63,50.71,2531,0
2017-04-10,20:55:00,50.7,50.7,50.69,50.69,200,0
2017-04-10,21:00:00,50.6344,50.6344,50.6,50.6,400,0
2017-04-10,21:05:00,50.57,50.59,50.35,50.38,1153,0
2017-04-10,21:10:00,50.39,50.475,50.39,50.475,300,0
2017-04-10,21:15:00,50.48,50.48,50.35,50.39,2000,0
2017-04-10,21:20:00,50.45,50.45,50.39,50.39,700,0
2017-04-10,21:25:00,50.37,50.37,50.18,50.18,1000,0
2017-04-10,21:30:00,50.22,50.22,50.17,50.17,400,0
2017-04-10,21:35:00,50.16,50.32,50.16,50.29,2964,0
2017-04-10,21:40:00,50.3,50.326,50.23,50.23,1046,0
2017-04-10,21:45:00,50.25,50.3,50.17,50.19,1600,0
2017-04-10,21:50:00,50.26,50.4,50.24,50.33,1500,0
2017-04-10,21:55:00,50.24,50.24,50,50.09,3502,0
2017-04-10,22:00:00,50.04,50.26,50.04,50.17,25622,0
2017-04-11,15:35:00,50.02,50.765,50,50.765,1324,0
2017-04-11,15:40:00,50.4754,50.4754,50.35,50.35,250,0
2017-04-11,15:45:00,50.16,50.16,50.16,50.16,200,0
2017-04-11,15:50:00,50.11,50.38,49.82,49.84,2932,0
2017-04-11,15:55:00,49.75,49.75,49.26,49.26,2059,0
2017-04-11,16:00:00,49.31,49.32,49.12,49.12,1800,0
2017-04-11,16:05:00,49.06,49.49,49.06,49.3225,2225,0
2017-04-11,16:10:00,49.22,49.3565,49.22,49.23,702,0
2017-04-11,16:15:00,49.22,49.35,49.115,49.13,1000,0
2017-04-11,16:20:00,49.12,49.12,49.02,49.07,1053,0
2017-04-11,16:25:00,49.06,49.135,48.82,48.82,2510,0
2017-04-11,16:30:00,48.85,49.17,48.71,48.9,3850,0
2017-04-11,16:35:00,48.9,49.01,48.54,48.54,1800,0
2017-04-11,16:40:00,48.525,48.84,48.27,48.65,4216,0
2017-04-11,16:45:00,48.76,48.76,48.36,48.36,1602,0
2017-04-11,16:50:00,48.4037,48.73,48.34,48.655,2500,0
2017-04-11,16:55:00,48.64,48.65,48.3501,48.5199,1400,0
2017-04-11,17:00:00,48.3601,48.48,48.32,48.45,2034,0
2017-04-11,17:05:00,48.51,48.705,48.5,48.5,1000,0
2017-04-11,17:10:00,48.7571,48.7571,48.455,48.455,2294,0
2017-04-11,17:15:00,48.45,48.565,48.45,48.51,800,0
2017-04-11,17:20:00,48.5379,48.5379,48.32,48.35,1400,0
2017-04-11,17:25:00,48.4173,48.445,48.3,48.35,2200,0
2017-04-11,17:30:00,48.42,48.52,48.26,48.4,4611,0
2017-04-11,17:35:00,48.4,48.805,48.4,48.7,6759,0
2017-04-11,17:40:00,48.65,48.93,48.65,48.77,3800,0
2017-04-11,17:45:00,48.675,48.675,48.495,48.495,400,0
2017-04-11,17:50:00,48.565,48.675,48.56,48.63,700,0
2017-04-11,17:55:00,48.61,48.775,48.61,48.67,3679,0
2017-04-11,18:00:00,48.68,48.79,48.68,48.76,800,0
2017-04-11,18:05:00,48.9,48.93,48.685,48.71,635,0
2017-04-11,18:10:00,48.71,48.71,48.7,48.7,1197,0
2017-04-11,18:15:00,48.62,48.74,48.62,48.64,1329,0
2017-04-11,18:20:00,48.66,48.8,48.41,48.8,6648,0
2017-04-11,18:25:00,48.9,49.1299,48.785,49,6194,0
2017-04-11,18:30:00,49.02,49.13,48.95,49.13,700,0
2017-04-11,18:35:00,49.18,49.25,49.13,49.17,2000,0
2017-04-11,18:40:00,49.17,49.2,49.05,49.05,1605,0
2017-04-11,18:45:00,49.08,49.08,49.075,49.075,500,0
2017-04-11,18:50:00,48.99,49.09,48.915,48.9775,2400,0
2017-04-11,18:55:00,49.13,49.2325,49.11,49.2325,1200,0
2017-04-11,19:00:00,49.22,49.25,49.06,49.135,1100,0
2017-04-11,19:05:00,49.135,49.28,49.135,49.28,1300,0
2017-04-11,19:10:00,49.46,49.46,49.395,49.395,200,0
2017-04-11,19:15:00,49.445,49.445,49.35,49.35,1412,0
2017-04-11,19:20:00,49.265,49.3371,49.22,49.22,300,0
2017-04-11,19:25:00,49.225,49.225,49.15,49.17,400,0
2017-04-11,19:30:00,49.14,49.36,49.14,49.36,2067,0
2017-04-11,19:35:00,49.36,49.36,49.28,49.29,1618,0
2017-04-11,19:40:00,49.33,49.395,49.31,49.395,1300,0
2017-04-11,19:45:00,49.395,49.395,49.27,49.29,2400,0
2017-04-11,19:50:00,49.39,49.455,49.355,49.445,1300,0
2017-04-11,19:55:00,49.45,49.46,49.39,49.46,600,0
2017-04-11,20:00:00,49.4001,49.53,49.4,49.53,1700,0
2017-04-11,20:05:00,49.495,49.55,49.47,49.47,1650,0
2017-04-11,20:10:00,49.59,49.68,49.55,49.58,1900,0
2017-04-11,20:15:00,49.625,49.67,49.4,49.4,1300,0
2017-04-11,20:20:00,49.515,49.57,49.43,49.57,400,0
2017-04-11,20:25:00,49.4501,49.545,49.41,49.41,937,0
2017-04-11,20:30:00,49.485,49.6,49.485,49.6,2699,0
2017-04-11,20:35:00,49.61,49.6975,49.59,49.615,500,0
2017-04-11,20:40:00,49.62,49.84,49.62,49.84,1700,0
2017-04-11,20:45:00,49.9,49.9,49.74,49.746,1524,0
2017-04-11,20:50:00,49.74,49.79,49.65,49.65,1100,0
2017-04-11,20:55:00,49.64,49.725,49.505,49.55,2318,0
2017-04-11,21:00:00,49.52,49.565,49.45,49.45,1980,0
2017-04-11,21:05:00,49.4,49.4,49.3,49.385,1200,0
2017-04-11,21:10:00,49.39,49.45,49.38,49.44,900,0
2017-04-11,21:15:00,49.59,49.59,49.43,49.43,1200,0
2017-04-11,21:20:00,49.41,49.43,49.23,49.35,1200,0
2017-04-11,21:25:00,49.44,49.49,49.39,49.4103,2100,0
2017-04-11,21:30:00,49.47,49.48,49.3,49.395,2709,0
2017-04-11,21:35:00,49.335,49.405,49.155,49.26,4082,0
2017-04-11,21:40:00,49.26,49.31,49.16,49.16,2511,0
2017-04-11,21:45:00,49.18,49.27,49.16,49.27,2970,0
2017-04-11,21:50:00,49.27,49.755,49.2475,49.755,5500,0
2017-04-11,21:55:00,49.63,49.63,49.29,49.39,5800,0
2017-04-11,22:00:00,49.41,49.71,49.36,49.66,29743,0
2017-04-12,15:35:00,49.76,49.76,49.02,49.5,3249,0
2017-04-12,15:45:00,49.5,49.8,49.5,49.8,2600,0
2017-04-12,15:50:00,49.795,50.09,49.795,50.07,616,0
2017-04-12,15:55:00,49.89,50.057,49.89,50.04,407,0
2017-04-12,16:00:00,49.89,49.91,49.72,49.885,1200,0
2017-04-12,16:05:00,49.62,50.26,49.62,50.25,1000,0
2017-04-12,16:10:00,49.9154,49.9154,49.72,49.892,500,0
2017-04-12,16:15:00,49.7,49.8999,49.6,49.8999,900,0
2017-04-12,16:20:00,49.67,49.72,49.62,49.62,1500,0
2017-04-12,16:25:00,49.88,50.01,49.88,49.931,400,0
2017-04-12,16:35:00,50.01,50.04,49.85,49.85,1100,0
2017-04-12,16:40:00,49.98,49.98,49.98,49.98,100,0
2017-04-12,16:45:00,49.9,50.08,49.84,49.84,1200,0
2017-04-12,16:50:00,49.85,49.85,49.6,49.6,900,0
2017-04-12,16:55:00,49.56,49.68,49.56,49.68,200,0
2017-04-12,17:00:00,49.66,49.66,49.66,49.66,482,0
2017-04-12,17:05:00,49.44,49.65,49.44,49.58,500,0
2017-04-12,17:10:00,49.46,49.59,49.41,49.41,400,0
2017-04-12,17:15:00,49.45,49.63,49.4,49.63,1000,0
2017-04-12,17:25:00,49.615,49.615,49.54,49.54,200,0
2017-04-12,17:30:00,49.51,49.51,49.49,49.49,300,0
2017-04-12,17:35:00,49.5553,49.605,49.47,49.47,1000,0
2017-04-12,17:40:00,49.43,49.45,49.15,49.15,700,0
2017-04-12,17:45:00,49.32,49.44,49.22,49.23,1400,0
2017-04-12,17:50:00,49.19,49.19,49.19,49.19,100,0
2017-04-12,17:55:00,49.31,49.3575,49.31,49.3575,8800,0
2017-04-12,18:00:00,49.19,49.33,49.19,49.33,400,0
2017-04-12,18:05:00,49.23,49.45,49.23,49.45,300,0
2017-04-12,18:10:00,49.29,50,49.29,50,1300,0
2017-04-12,18:15:00,49.83,49.898,49.83,49.898,200,0
2017-04-12,18:20:00,49.98,50.06,49.92,49.92,2000,0
2017-04-12,18:25:00,50.09,50.09,49.76,49.83,1888,0
2017-04-12,18:30:00,49.92,49.92,49.91,49.91,215,0
2017-04-12,18:35:00,49.84,50.01,49.84,49.87,700,0
2017-04-12,18:40:00,49.88,50.01,49.88,49.88,500,0
2017-04-12,18:45:00,49.97,49.97,49.915,49.915,200,0
2017-04-12,18:50:00,49.86,50.04,49.86,49.88,2442,0
2017-04-12,18:55:00,49.95,50,49.55,49.55,1200,0
2017-04-12,19:00:00,49.8,49.8,49.8,49.8,100,0
2017-04-12,19:05:00,49.695,49.76,49.54,49.57,2100,0
2017-04-12,19:10:00,49.74,49.74,49.74,49.74,100,0
2017-04-12,19:15:00,49.64,49.695,49.64,49.695,300,0
2017-04-12,19:20:00,49.67,49.67,49.65,49.67,500,0
2017-04-12,19:25:00,49.52,49.52,49.51,49.51,400,0
2017-04-12,19:30:00,49.52,49.56,49.5,49.56,732,0
2017-04-12,19:35:00,49.51,49.59,49.5,49.5541,3500,0
2017-04-12,19:40:00,49.52,49.73,49.5,49.73,1400,0
2017-04-12,19:45:00,49.68,49.68,49.68,49.68,100,0
2017-04-12,19:55:00,49.63,49.63,49.61,49.61,200,0
2017-04-12,20:00:00,49.74,50.035,49.74,50.035,1300,0
2017-04-12,20:05:00,49.87,49.87,49.87,49.87,100,0
2017-04-12,20:15:00,49.79,49.8,49.75,49.8,500,0
2017-04-12,20:20:00,49.67,49.83,49.67,49.83,200,0
2017-04-12,20:25:00,49.67,49.86,49.66,49.82,1500,0
2017-04-12,20:30:00,49.8785,49.8785,49.8785,49.8785,400,0
2017-04-12,20:35:00,49.98,50.03,49.98,50.03,1762,0
2017-04-12,20:40:00,50.03,50.03,49.99,49.99,500,0
2017-04-12,20:45:00,49.99,49.99,49.99,49.99,100,0
2017-04-12,20:50:00,49.94,50.07,49.91,50.07,1800,0
2017-04-12,20:55:00,49.96,49.96,49.96,49.96,100,0
2017-04-12,21:00:00,50.1,50.1,49.975,50.08,1803,0
2017-04-12,21:05:00,50,50.1,50,50.04,2100,0
2017-04-12,21:10:00,50.03,50.03,49.76,49.76,500,0
2017-04-12,21:15:00,49.92,50.09,49.9101,49.9101,2300,0
2017-04-12,21:20:00,49.93,50.06,49.79,49.79,2600,0
2017-04-12,21:25:00,49.75,50.35,49.75,50.35,4540,0
2017-04-12,21:30:00,50.2288,50.27,50.2288,50.27,300,0
2017-04-12,21:35:00,50.25,50.3499,50.2,50.23,1600,0
2017-04-12,21:40:00,50.03,50.03,49.9,49.93,500,0
2017-04-12,21:45:00,49.985,50.21,49.9,50.13,4198,0
2017-04-12,21:50:00,50.12,50.19,50.06,50.06,1500,0
2017-04-12,21:55:00,50.02,50.02,50,50,500,0
2017-04-12,22:00:00,50,50.18,50,50.01,20252,0
2017-04-13,15:35:00,49.89,50.2,49.89,49.94,1646,0
2017-04-13,15:40:00,49.81,50.245,49.7746,50.2,1959,0
2017-04-13,15:50:00,49.965,50.42,49.965,50.42,700,0
2017-04-13,15:55:00,50.49,51,50.49,50.8525,3854,0
2017-04-13,16:00:00,50.75,51.36,50.66,51.36,3200,0
2017-04-13,16:05:00,51.48,51.68,51.48,51.68,1525,0
2017-04-13,16:10:00,51.39,51.575,51.24,51.42,1809,0
2017-04-13,16:15:00,51.51,51.8499,51.3014,51.8499,2470,0
2017-04-13,16:20:00,51.839,52.31,51.735,52.01,5970,0
2017-04-13,16:25:00,51.9247,52.02,51.84,51.87,1200,0
2017-04-13,16:30:00,51.99,52.18,51.7051,51.7051,1050,0
2017-04-13,16:35:00,51.8,52.06,51.7726,52.05,3300,0
2017-04-13,16:40:00,52,52.1799,52,52.16,950,0
2017-04-13,16:45:00,52.12,52.12,51.8,51.94,3000,0
2017-04-13,16:50:00,51.89,52.12,51.89,51.99,2400,0
2017-04-13,16:55:00,52,52.06,52,52,1100,0
2017-04-13,17:00:00,52.14,52.5,52.14,52.32,4945,0
2017-04-13,17:05:00,52.26,52.3,52.25,52.25,1500,0
2017-04-13,17:10:00,52.31,52.3266,52.31,52.3266,200,0
2017-04-13,17:15:00,52.27,52.28,51.98,52.11,2690,0
2017-04-13,17:20:00,52.09,52.09,52.09,52.09,200,0
2017-04-13,17:25:00,52.06,52.06,51.965,51.99,2100,0
2017-04-13,17:30:00,52.01,52.28,52.01,52.22,2100,0
2017-04-13,17:35:00,52.26,52.36,52.26,52.29,500,0
2017-04-13,17:40:00,52.28,52.33,52.18,52.18,3500,0
2017-04-13,17:45:00,52.11,52.11,51.9,52,2232,0
2017-04-13,17:50:00,52,52.05,51.91,52.05,2229,0
2017-04-13,17:55:00,52.11,52.38,52.11,52.38,700,0
2017-04-13,18:00:00,52.295,52.295,52,52.14,1700,0
2017-04-13,18:05:00,52.04,52.04,51.88,51.98,1989,0
2017-04-13,18:10:00,51.93,52.02,51.84,52,3324,0
2017-04-13,18:15:00,51.935,52.05,51.87,51.96,1100,0
2017-04-13,18:20:00,52.03,52.15,51.96,51.96,1500,0
2017-04-13,18:25:00,52.11,52.31,52.08,52.31,2610,0
2017-04-13,18:30:00,52.35,52.35,52.24,52.26,1300,0
2017-04-13,18:35:00,52.22,52.29,52.12,52.29,1314,0
2017-04-13,18:40:00,52.26,52.29,52.19,52.24,600,0
2017-04-13,18:45:00,52.17,52.22,52.17,52.215,1100,0
2017-04-13,18:50:00,52.16,52.16,52.16,52.16,100,0
2017-04-13,18:55:00,52.22,52.38,52.22,52.36,1500,0
2017-04-13,19:00:00,52.31,52.34,52.27,52.31,1276,0
2017-04-13,19:05:00,52.34,52.34,51.96,52.05,2700,0
2017-04-13,19:10:00,52,52.05,51.975,51.995,850,0
2017-04-13,19:15:00,51.995,52.2,51.9801,52,7130,0
2017-04-13,19:20:00,51.94,51.995,51.94,51.995,200,0
2017-04-13,19:25:00,51.985,52,51.89,51.96,1800,0
2017-04-13,19:30:00,52.08,52.08,52.03,52.05,400,0
2017-04-13,19:35:00,52.09,52.13,51.97,52,3000,0
2017-04-13,19:40:00,52,52.08,51.94,51.9665,3700,0
2017-04-13,19:45:00,51.93,51.97,51.8,51.8,2100,0
2017-04-13,19:50:00,51.95,52,51.92,52,2931,0
2017-04-13,19:55:00,51.91,52,51.91,51.9395,2900,0
2017-04-13,20:00:00,52,52.06,51.93,51.96,2600,0
2017-04-13,20:05:00,51.99,51.99,51.82,51.82,1000,0
2017-04-13,20:10:00,52.01,52.05,51.96,51.96,400,0
2017-04-13,20:15:00,52.05,52.05,52,52,800,0
2017-04-13,20:20:00,52.05,52.05,51.96,51.96,1100,0
2017-04-13,20:25:00,51.95,52.2637,51.95,52.2637,2800,0
2017-04-13,20:30:00,52.2,52.2,52.14,52.17,5301,0
2017-04-13,20:35:00,52.15,52.3,52.15,52.23,1489,0
2017-04-13,20:45:00,52.22,52.35,52.22,52.24,1000,0
2017-04-13,20:50:00,52.25,52.33,52.22,52.25,1374,0
2017-04-13,20:55:00,52.12,52.12,52.12,52.12,100,0
2017-04-13,21:00:00,52.08,52.12,52,52.08,1951,0
2017-04-13,21:05:00,52.16,52.19,52.14,52.18,500,0
2017-04-13,21:10:00,52.12,52.1699,52.07,52.1699,950,0
2017-04-13,21:15:00,52.06,52.06,52,52.04,3259,0
2017-04-13,21:20:00,52,52.03,51.96,51.98,2811,0
2017-04-13,21:25:00,52,52.065,51.97,52.04,1300,0
2017-04-13,21:30:00,52.09,52.11,52.04,52.05,2700,0
2017-04-13,21:35:00,52.01,52.03,51.87,51.92,10018,0
2017-04-13,21:40:00,51.94,52.11,51.89,52.02,3011,0
2017-04-13,21:45:00,51.93,52.16,51.9201,52.11,3007,0
2017-04-13,21:50:00,52.13,52.34,52.05,52.34,5110,0
2017-04-13,21:55:00,52.41,52.41,52.11,52.11,2738,0
2017-04-13,22:00:00,52.04,52.23,51.98,52.09,22787,0
2017-04-17,15:35:00,52.06,52.06,52.06,52.06,843,0
2017-04-17,15:40:00,51.9713,51.9713,51.78,51.8,3343,0
2017-04-17,15:45:00,51.8,51.86,51.71,51.86,6141,0
2017-04-17,15:50:00,51.77,51.77,51.74,51.74,200,0
2017-04-17,15:55:00,51.98,52.58,51.97,52.58,2700,0
2017-04-17,16:00:00,52.903,52.92,52.6882,52.92,1944,0
2017-04-17,16:05:00,52.8,52.85,52.79,52.81,1250,0
2017-04-17,16:10:00,52.86,53.34,52.86,53.25,1750,0
2017-04-17,16:15:00,53.33,53.38,53.23,53.32,1600,0
2017-04-17,16:20:00,53.32,53.47,53.241,53.36,1050,0
2017-04-17,16:25:00,53.315,53.43,53.31,53.4274,1442,0
2017-04-17,16:30:00,53.3726,53.41,53.2,53.3702,1784,0
2017-04-17,16:35:00,53.45,53.6299,53.37,53.47,2300,0
2017-04-17,16:40:00,53.37,53.37,53.25,53.32,3188,0
2017-04-17,16:45:00,53.42,53.435,53.34,53.435,800,0
2017-04-17,16:50:00,53.39,53.63,53.39,53.59,1600,0
2017-04-17,16:55:00,53.54,53.61,53.48,53.61,2000,0
2017-04-17,17:00:00,53.61,53.8,53.61,53.73,1300,0
2017-04-17,17:05:00,53.78,53.95,53.77,53.81,1700,0
2017-04-17,17:10:00,53.81,54.0759,53.62,53.62,9468,0
2017-04-17,17:15:00,53.4311,53.78,53.4311,53.78,1100,0
2017-04-17,17:25:00,53.87,53.87,53.768,53.768,900,0
2017-04-17,17:30:00,53.91,53.98,53.7801,53.7801,600,0
2017-04-17,17:35:00,53.96,53.97,53.76,53.7868,900,0
2017-04-17,17:40:00,53.82,53.82,53.77,53.82,500,0
2017-04-17,17:45:00,53.75,53.77,53.71,53.77,1875,0
2017-04-17,17:50:00,53.68,53.68,53.53,53.53,1900,0
2017-04-17,17:55:00,53.53,53.58,53.53,53.53,300,0
2017-04-17,18:00:00,53.45,53.54,53.45,53.54,240,0
2017-04-17,18:05:00,53.54,53.77,53.54,53.77,1292,0
2017-04-17,18:10:00,53.86,53.86,53.72,53.72,600,0
2017-04-17,18:15:00,53.76,53.76,53.67,53.685,400,0
2017-04-17,18:20:00,53.75,53.75,53.74,53.74,400,0
2017-04-17,18:25:00,53.68,53.79,53.66,53.66,550,0
2017-04-17,18:30:00,53.61,53.64,53.53,53.53,800,0
2017-04-17,18:35:00,53.63,53.66,53.63,53.66,300,0
2017-04-17,18:40:00,53.67,53.75,53.67,53.75,400,0
2017-04-17,18:45:00,53.7,53.79,53.65,53.79,700,0
2017-04-17,18:50:00,53.64,53.64,53.63,53.63,300,0
2017-04-17,18:55:00,53.55,53.63,53.55,53.63,300,0
2017-04-17,19:00:00,53.65,53.65,53.65,53.65,100,0
2017-04-17,19:05:00,53.69,53.69,53.57,53.58,300,0
2017-04-17,19:10:00,53.52,53.68,53.51,53.51,400,0
2017-04-17,19:15:00,53.61,53.75,53.56,53.615,1997,0
2017-04-17,19:20:00,53.66,53.83,53.52,53.83,700,0
2017-04-17,19:25:00,53.7815,53.7815,53.64,53.64,600,0
2017-04-17,19:30:00,53.72,53.74,53.63,53.74,1900,0
2017-04-17,19:35:00,53.7684,53.82,53.69,53.82,685,0
2017-04-17,19:40:00,53.69,53.74,53.61,53.61,2200,0
2017-04-17,19:45:00,53.6792,53.73,53.6,53.73,2162,0
2017-04-17,19:50:00,53.64,53.75,53.64,53.75,400,0
2017-04-17,19:55:00,53.79,53.87,53.79,53.87,500,0
2017-04-17,20:00:00,53.8,54,53.75,54,1500,0
2017-04-17,20:05:00,53.8882,54.03,53.8,54,1700,0
2017-04-17,20:10:00,53.915,53.915,53.915,53.915,150,0
2017-04-17,20:15:00,54.01,54.095,54.01,54.095,600,0
2017-04-17,20:20:00,54.0882,54.134,53.98,54.0188,1100,0
2017-04-17,20:25:00,53.93,54.12,53.765,54.04,3693,0
2017-04-17,20:30:00,54.04,54.04,54.02,54.04,703,0
2017-04-17,20:35:00,53.9901,53.9901,53.99,53.99,300,0
2017-04-17,20:40:00,53.98,53.99,53.97,53.97,959,0
2017-04-17,20:45:00,53.99,54.08,53.88,53.88,1998,0
2017-04-17,20:50:00,53.87,53.87,53.75,53.75,600,0
2017-04-17,20:55:00,53.73,53.73,53.62,53.62,900,0
2017-04-17,21:00:00,53.64,53.66,53.58,53.58,3857,0
2017-04-17,21:05:00,53.58,53.67,53.58,53.67,900,0
2017-04-17,21:10:00,53.67,53.6775,53.63,53.66,804,0
2017-04-17,21:15:00,53.66,53.905,53.66,53.858,1486,0
2017-04-17,21:20:00,53.8,53.85,53.74,53.85,1600,0
2017-04-17,21:25:00,53.76,53.83,53.76,53.81,600,0
2017-04-17,21:30:00,53.81,53.86,53.81,53.86,500,0
2017-04-17,21:35:00,53.85,53.91,53.74,53.74,2201,0
2017-04-17,21:40:00,53.67,53.69,53.32,53.32,2600,0
2017-04-17,21:45:00,53.4142,53.415,53.28,53.29,1700,0
2017-04-17,21:50:00,53.29,53.56,53.29,53.42,3418,0
2017-04-17,21:55:00,53.53,53.675,53.53,53.5946,4810,0
2017-04-17,22:00:00,53.6403,53.75,53.58,53.71,11928,0
2017-04-18,15:35:00,53.59,54.0039,53.19,53.19,2914,0
2017-04-18,15:40:00,53.5,53.5,52.875,53,667,0
2017-04-18,15:45:00,53.595,53.595,53.27,53.29,600,0
2017-04-18,15:50:00,53.3,53.534,53.3,53.534,500,0
2017-04-18,15:55:00,53.31,53.3477,53.2,53.34,1749,0
2017-04-18,16:00:00,53.34,53.34,53.34,53.34,100,0
2017-04-18,16:05:00,53.205,53.51,53.205,53.51,200,0
2017-04-18,16:10:00,53.3406,53.3406,53.19,53.19,250,0
2017-04-18,16:15:00,53.18,53.355,53.015,53.195,1100,0
2017-04-18,16:20:00,53.15,53.35,53.13,53.13,3000,0
2017-04-18,16:25:00,53.1,53.31,53.1,53.31,1949,0
2017-04-18,16:30:00,53.169,53.245,53.169,53.235,600,0
2017-04-18,16:35:00,53.1,53.1,53,53.05,1500,0
2017-04-18,16:40:00,53.05,53.05,52.53,52.69,3390,0
2017-04-18,16:45:00,52.76,52.76,52.76,52.76,100,0
2017-04-18,16:50:00,52.675,52.675,52.675,52.675,100,0
2017-04-18,16:55:00,52.61,52.68,52.58,52.68,1200,0
2017-04-18,17:00:00,52.62,52.62,52.49,52.6,695,0
2017-04-18,17:05:00,52.56,52.59,52.06,52.06,5400,0
2017-04-18,17:10:00,52.16,52.24,52.16,52.2389,800,0
2017-04-18,17:15:00,52.33,52.4642,52.31,52.4642,1800,0
2017-04-18,17:20:00,52.5,52.56,52.5,52.535,400,0
2017-04-18,17:25:00,52.48,52.48,52.38,52.46,500,0
2017-04-18,17:30:00,52.58,52.6974,52.58,52.675,500,0
2017-04-18,17:35:00,52.5,52.56,52.48,52.55,1100,0
2017-04-18,17:40:00,52.535,52.535,52.45,52.45,1802,0
2017-04-18,17:45:00,52.335,52.49,52.335,52.49,425,0
2017-04-18,17:50:00,52.58,52.6,52.58,52.6,300,0
2017-04-18,17:55:00,52.52,52.62,52.43,52.45,800,0
2017-04-18,18:00:00,52.514,52.72,52.514,52.72,1200,0
2017-04-18,18:05:00,52.57,52.64,52.5197,52.56,2214,0
2017-04-18,18:10:00,52.56,52.56,52.185,52.185,500,0
2017-04-18,18:15:00,52.43,52.43,52.34,52.34,400,0
2017-04-18,18:20:00,52.45,52.52,52.45,52.52,300,0
2017-04-18,18:25:00,52.49,52.49,52.285,52.285,1300,0
2017-04-18,18:30:00,52.385,52.385,52.28,52.365,400,0
2017-04-18,18:35:00,52.48,52.57,52.42,52.57,1000,0
2017-04-18,18:40:00,52.3233,52.3233,52.3233,52.3233,100,0
2017-04-18,18:45:00,52.54,52.54,52.54,52.54,100,0
2017-04-18,18:50:00,52.5287,52.5287,52.5287,52.5287,130,0
2017-04-18,18:55:00,52.55,52.57,52.55,52.57,400,0
2017-04-18,19:00:00,52.56,52.71,52.56,52.61,400,0
2017-04-18,19:05:00,52.62,52.62,52.525,52.525,200,0
2017-04-18,19:10:00,52.61,52.61,52.61,52.61,500,0
2017-04-18,19:15:00,52.7,52.7,52.7,52.7,100,0
2017-04-18,19:20:00,52.59,52.59,52.59,52.59,100,0
2017-04-18,19:25:00,52.69,52.77,52.59,52.77,700,0
2017-04-18,19:30:00,52.735,52.735,52.735,52.735,100,0
2017-04-18,19:35:00,52.78,53.01,52.7,53.01,900,0
2017-04-18,19:40:00,53.065,53.065,53,53,200,0
2017-04-18,19:45:00,52.89,52.935,52.645,52.645,500,0
2017-04-18,19:50:00,52.575,52.575,52.575,52.575,100,0
2017-04-18,19:55:00,52.69,52.69,52.69,52.69,700,0
2017-04-18,20:00:00,52.72,52.72,52.72,52.72,100,0
2017-04-18,20:05:00,52.81,52.93,52.81,52.93,400,0
2017-04-18,20:10:00,53.03,53.03,53.03,53.03,100,0
2017-04-18,20:15:00,53.075,53.075,52.97,53,300,0
2017-04-18,20:20:00,52.98,53.11,52.98,53.1,824,0
2017-04-18,20:25:00,53.17,53.17,52.92,52.92,300,0
2017-04-18,20:30:00,52.96,53.1,52.89,53.1,1607,0
2017-04-18,20:35:00,53.02,53.136,53.02,53.136,600,0
2017-04-18,20:45:00,53.1841,53.22,53.1841,53.22,600,0
2017-04-18,20:50:00,53.05,53.135,52.97,52.97,1097,0
2017-04-18,20:55:00,52.94,53.1,52.94,53.1,450,0
2017-04-18,21:00:00,52.9,52.98,52.9,52.98,200,0
2017-04-18,21:05:00,53.02,53.02,52.76,52.76,699,0
2017-04-18,21:10:00,52.75,52.75,52.75,52.75,100,0
2017-04-18,21:15:00,52.67,52.7,52.66,52.69,500,0
2017-04-18,21:20:00,52.62,52.69,52.62,52.64,1000,0
2017-04-18,21:25:00,52.82,52.95,52.81,52.95,2000,0
2017-04-18,21:30:00,52.86,52.86,52.86,52.86,100,0
2017-04-18,21:35:00,52.95,53.02,52.8585,52.92,1050,0
2017-04-18,21:40:00,52.99,53.05,52.99,53.05,700,0
2017-04-18,21:45:00,53.04,53.125,53.01,53.04,2076,0
2017-04-18,21:50:00,53.07,53.12,53.07,53.12,400,0
2017-04-18,21:55:00,52.99,53.08,52.66,52.715,7124,0
2017-04-18,22:00:00,52.8,52.99,52.72,52.97,23964,0
2017-04-19,15:35:00,53.37,53.97,53.2025,53.22,2559,0
2017-04-19,15:40:00,53.625,53.6325,53.625,53.6325,400,0
2017-04-19,15:45:00,53.28,53.8392,53.28,53.8392,600,0
2017-04-19,15:50:00,53.905,53.905,53.05,53.54,900,0
2017-04-19,15:55:00,53.18,53.18,53.18,53.18,200,0
2017-04-19,16:00:00,52.88,53.36,52.88,53.36,200,0
2017-04-19,16:05:00,53.4,53.59,53.06,53.06,1500,0
2017-04-19,16:15:00,53.59,53.64,53.59,53.64,300,0
2017-04-19,16:20:00,53.65,53.68,53.5,53.5651,652,0
2017-04-19,16:25:00,53.665,53.82,53.665,53.6901,600,0
2017-04-19,16:30:00,53.88,53.96,53.88,53.95,600,0
2017-04-19,16:35:00,53.84,54.26,53.84,54.04,2910,0
2017-04-19,16:40:00,54.135,54.22,54.135,54.15,500,0
2017-04-19,16:45:00,54.1,54.2999,54.1,54.2999,900,0
2017-04-19,16:50:00,54.115,54.115,53.96,54.08,900,0
2017-04-19,16:55:00,54.005,54.105,54.005,54.0715,700,0
2017-04-19,17:00:00,53.9922,53.9922,53.9922,53.9922,300,0
2017-04-19,17:05:00,53.94,54.17,53.8981,54,2100,0
2017-04-19,17:10:00,53.96,54.13,53.96,54.11,700,0
2017-04-19,17:15:00,54.2,54.36,54.045,54.36,3600,0
2017-04-19,17:20:00,54.36,54.36,54.12,54.12,1200,0
2017-04-19,17:25:00,54.0726,54.3,54.04,54.04,4264,0
2017-04-19,17:30:00,54.16,54.43,54.16,54.43,1300,0
2017-04-19,17:35:00,54.374,54.4557,54.275,54.35,625,0
2017-04-19,17:40:00,54.06,54.27,54.06,54.27,200,0
2017-04-19,17:55:00,54.345,54.39,54.25,54.25,325,0
2017-04-19,18:00:00,54.26,54.48,54.21,54.48,2590,0
2017-04-19,18:05:00,54.225,54.355,54.225,54.24,798,0
2017-04-19,18:10:00,54.275,54.275,54.01,54.16,1200,0
2017-04-19,18:20:00,54.025,54.025,53.6401,53.7891,900,0
2017-04-19,18:25:00,53.9925,53.9925,53.9925,53.9925,100,0
2017-04-19,18:30:00,53.7,54,53.7,54,600,0
2017-04-19,18:35:00,53.98,54.03,53.94,53.94,600,0
2017-04-19,18:50:00,54,54,54,54,100,0
2017-04-19,18:55:00,53.93,54.13,53.93,54.13,200,0
2017-04-19,19:00:00,54.15,54.16,54.15,54.16,200,0
2017-04-19,19:05:00,54.24,54.2766,54.2,54.24,1100,0
2017-04-19,19:10:00,54.18,54.19,53.9,53.99,2293,0
2017-04-19,19:15:00,54,54,53.92,53.92,200,0
2017-04-19,19:20:00,53.92,53.97,53.86,53.955,900,0
2017-04-19,19:25:00,54.01,54.01,54.01,54.01,100,0
2017-04-19,19:30:00,53.8904,53.895,53.8904,53.895,815,0
2017-04-19,19:35:00,53.8,53.8,53.8,53.8,100,0
2017-04-19,19:40:00,53.8,53.94,53.4743,53.4743,1400,0
2017-04-19,19:45:00,53.64,53.8,53.6,53.8,1600,0
2017-04-19,19:50:00,53.77,53.8,53.7,53.75,2000,0
2017-04-19,19:55:00,53.67,53.77,53.66,53.77,2000,0
2017-04-19,20:00:00,53.78,53.82,53.76,53.78,1900,0
2017-04-19,20:05:00,53.78,53.78,53.62,53.62,3200,0
2017-04-19,20:10:00,53.67,53.77,53.67,53.77,3400,0
2017-04-19,20:15:00,53.69,53.69,53.61,53.66,2400,0
2017-04-19,20:20:00,53.56,53.56,53.4,53.43,1800,0
2017-04-19,20:25:00,53.45,53.46,53.45,53.46,500,0
2017-04-19,20:30:00,53.51,53.59,53.495,53.59,400,0
2017-04-19,20:35:00,53.625,53.74,53.62,53.72,2400,0
2017-04-19,20:40:00,53.71,53.71,53.53,53.56,2917,0
2017-04-19,20:45:00,53.6,53.69,53.57,53.64,2600,0
2017-04-19,20:50:00,53.63,53.63,53.63,53.63,1000,0
2017-04-19,20:55:00,53.53,53.53,53.45,53.45,400,0
2017-04-19,21:00:00,53.5,53.5,53.39,53.39,700,0
2017-04-19,21:05:00,53.35,53.35,53.25,53.3,1100,0
2017-04-19,21:10:00,53.28,53.28,53.12,53.12,900,0
2017-04-19,21:15:00,53.23,53.37,53.22,53.285,1527,0
2017-04-19,21:20:00,53.22,53.24,53.2,53.22,400,0
2017-04-19,21:25:00,53.1928,53.1928,52.88,53.14,4325,0
2017-04-19,21:30:00,53.195,53.195,53,53.03,1800,0
2017-04-19,21:35:00,53.01,53.01,52.66,52.66,5586,0
2017-04-19,21:40:00,52.66,52.82,52.6,52.82,2916,0
2017-04-19,21:45:00,52.87,52.97,52.82,52.97,4943,0
2017-04-19,21:50:00,53,53.155,52.95,52.95,3077,0
2017-04-19,21:55:00,52.92,52.93,52.8,52.82,2700,0
2017-04-19,22:00:00,52.9,53.04,52.81,52.95,16493,0
2017-04-20,15:35:00,53.2,53.85,53.2,53.21,5048,0
2017-04-20,15:40:00,53.73,53.74,53.73,53.74,200,0
2017-04-20,15:45:00,53.37,53.6,53.37,53.6,200,0
2017-04-20,15:50:00,53.35,53.75,53.35,53.484,1100,0
2017-04-20,15:55:00,53.66,53.66,53.66,53.66,100,0
2017-04-20,16:00:00,53.7997,53.7997,53.52,53.52,1300,0
2017-04-20,16:05:00,53.715,53.81,53.62,53.81,300,0
2017-04-20,16:10:00,53.66,54,53.66,53.8718,1784,0
2017-04-20,16:15:00,54,54.35,54,54.165,3055,0
2017-04-20,16:20:00,54.22,54.35,54.161,54.295,2812,0
2017-04-20,16:25:00,54.43,54.43,53.83,53.83,2200,0
2017-04-20,16:30:00,53.8425,53.99,53.63,53.9,1964,0
2017-04-20,16:35:00,53.9,53.9,53.59,53.77,5500,0
2017-04-20,16:40:00,53.66,53.795,53.52,53.52,800,0
2017-04-20,16:45:00,53.51,53.65,53.43,53.65,600,0
2017-04-20,16:50:00,53.65,53.65,53.65,53.65,100,0
2017-04-20,17:00:00,53.505,53.6884,53.505,53.56,500,0
2017-04-20,17:05:00,53.77,53.82,53.7638,53.7638,300,0
2017-04-20,17:15:00,54.025,54.1353,54.01,54.1144,650,0
2017-04-20,17:20:00,54.03,54.17,54.03,54.17,400,0
2017-04-20,17:25:00,54.125,54.315,54.05,54.05,3200,0
2017-04-20,17:30:00,54.05,54.05,53.765,53.765,1845,0
2017-04-20,17:35:00,53.96,53.96,53.88,53.88,300,0
2017-04-20,17:40:00,53.83,53.83,53.83,53.83,100,0
2017-04-20,17:45:00,54.09,54.09,54.09,54.09,200,0
2017-04-20,17:50:00,54.19,54.37,54.095,54.37,728,0
2017-04-20,17:55:00,54.368,54.38,54.368,54.38,400,0
2017-04-20,18:00:00,54.15,54.22,53.85,53.85,1750,0
2017-04-20,18:05:00,53.96,54.21,53.96,54.14,1150,0
2017-04-20,18:10:00,54.12,54.15,54.12,54.14,1125,0
2017-04-20,18:15:00,54.13,54.34,54.13,54.34,700,0
2017-04-20,18:25:00,54.3214,54.3214,54.3214,54.3214,100,0
2017-04-20,18:30:00,54.22,54.3,54.06,54.06,1100,0
2017-04-20,18:35:00,53.96,54.01,53.96,54.01,200,0
2017-04-20,18:40:00,54.16,54.16,54.11,54.11,700,0
2017-04-20,18:50:00,54.06,54.095,54.06,54.095,200,0
2017-04-20,18:55:00,54.24,54.3,54.24,54.3,300,0
2017-04-20,19:00:00,54.264,54.29,54.16,54.26,1700,0
2017-04-20,19:05:00,54.2001,54.2001,54.2001,54.2001,100,0
2017-04-20,19:20:00,54.34,54.34,54.32,54.32,500,0
2017-04-20,19:25:00,54.25,54.315,54.16,54.16,1100,0
2017-04-20,19:30:00,54.24,54.35,54.03,54.2,2375,0
2017-04-20,19:35:00,54.18,54.18,54.18,54.18,100,0
2017-04-20,19:40:00,54.1,54.12,54.1,54.12,200,0
2017-04-20,19:45:00,54.24,54.24,54.12,54.12,300,0
2017-04-20,19:50:00,54.13,54.175,54.12,54.13,700,0
2017-04-20,19:55:00,54.05,54.05,54.02,54.02,200,0
2017-04-20,20:00:00,53.97,53.97,53.97,53.97,100,0
2017-04-20,20:05:00,53.97,53.97,53.94,53.95,700,0
2017-04-20,20:10:00,53.96,54.07,53.87,53.97,1000,0
2017-04-20,20:15:00,54.03,54.11,54.03,54.11,300,0
2017-04-20,20:20:00,54.15,54.15,54.15,54.15,200,0
2017-04-20,20:25:00,54.13,54.13,54.13,54.13,100,0
2017-04-20,20:30:00,54.22,54.22,54.1,54.1,700,0
2017-04-20,20:35:00,54.11,54.12,54.11,54.11,300,0
2017-04-20,20:45:00,54.1802,54.19,54.01,54.15,1300,0
2017-04-20,20:50:00,54.04,54.04,54.04,54.04,100,0
2017-04-20,20:55:00,54.125,54.17,54.1,54.15,800,0
2017-04-20,21:00:00,54.065,54.065,53.97,53.97,700,0
2017-04-20,21:05:00,53.91,54,53.83,53.85,1400,0
2017-04-20,21:15:00,53.91,53.97,53.88,53.88,300,0
2017-04-20,21:20:00,53.88,53.94,53.84,53.89,1431,0
2017-04-20,21:25:00,53.905,53.905,53.86,53.86,500,0
2017-04-20,21:30:00,53.77,53.89,53.77,53.8,800,0
2017-04-20,21:35:00,53.91,54.01,53.818,54.01,1500,0
2017-04-20,21:40:00,53.93,53.96,53.93,53.96,300,0
2017-04-20,21:45:00,53.98,54.121,53.98,53.995,1800,0
2017-04-20,21:50:00,53.895,54.08,53.87,54.08,700,0
2017-04-20,21:55:00,53.95,54.071,53.89,54.071,2000,0
2017-04-20,22:00:00,54.07,54.21,54.06,54.12,17130,0
2017-04-21,15:35:00,54.17,54.17,53.65,53.87,7116,0
2017-04-21,15:40:00,53.93,53.93,53.83,53.83,300,0
2017-04-21,15:45:00,54,54.03,54,54.03,269,0
2017-04-21,15:50:00,54.12,54.12,54.12,54.12,100,0
2017-04-21,15:55:00,53.78,54.06,53.78,54.06,500,0
2017-04-21,16:00:00,53.86,53.87,53.77,53.77,1400,0
2017-04-21,16:05:00,53.795,53.795,53.71,53.71,400,0
2017-04-21,16:10:00,53.665,53.73,53.57,53.73,700,0
2017-04-21,16:15:00,53.67,53.67,53.56,53.56,400,0
2017-04-21,16:20:00,53.66,53.71,53.66,53.71,200,0
2017-04-21,16:25:00,53.52,53.83,53.52,53.83,900,0
2017-04-21,16:30:00,53.805,53.88,53.64,53.64,1100,0
2017-04-21,16:35:00,53.55,53.55,53.5,53.5,300,0
2017-04-21,16:40:00,53.51,53.57,53.3,53.3,1000,0
2017-04-21,16:45:00,53.5,53.645,53.37,53.5,5300,0
2017-04-21,16:50:00,53.32,53.34,53.14,53.2,4060,0
2017-04-21,16:55:00,53.17,53.17,53,53.05,500,0
2017-04-21,17:00:00,53.1,53.18,53.05,53.05,600,0
2017-04-21,17:05:00,53.125,53.125,52.81,52.81,600,0
2017-04-21,17:10:00,52.9,52.9,52.44,52.44,1400,0
2017-04-21,17:15:00,52.59,52.82,52.59,52.73,1100,0
2017-04-21,17:20:00,52.82,53.07,52.82,53.07,600,0
2017-04-21,17:30:00,53.06,53.09,52.805,52.805,1300,0
2017-04-21,17:40:00,52.84,52.9,52.8,52.9,2300,0
2017-04-21,17:45:00,52.865,52.87,52.75,52.84,3776,0
2017-04-21,17:50:00,52.87,52.99,52.85,52.85,1700,0
2017-04-21,17:55:00,52.85,52.91,52.8,52.82,1283,0
2017-04-21,18:00:00,52.85,52.95,52.81,52.83,400,0
2017-04-21,18:05:00,52.8,52.99,52.8,52.99,600,0
2017-04-21,18:10:00,52.86,52.86,52.86,52.86,100,0
2017-04-21,18:15:00,52.88,52.88,52.68,52.69,670,0
2017-04-21,18:20:00,52.68,52.68,52.68,52.68,198,0
2017-04-21,18:25:00,52.51,52.51,52.51,52.51,100,0
2017-04-21,18:30:00,52.53,52.55,52.53,52.55,500,0
2017-04-21,18:45:00,52.65,52.7,52.61,52.69,972,0
2017-04-21,19:00:00,52.72,52.75,52.66,52.75,800,0
2017-04-21,19:10:00,52.67,52.68,52.5,52.57,1900,0
2017-04-21,19:15:00,52.5,52.5,52.09,52.395,5934,0
2017-04-21,19:20:00,52.39,52.45,52.15,52.3775,2800,0
2017-04-21,19:25:00,52.44,52.49,52.33,52.4293,1200,0
2017-04-21,19:30:00,52.4436,52.51,52.41,52.41,700,0
2017-04-21,19:35:00,52.41,52.41,52.27,52.35,1175,0
2017-04-21,19:40:00,52.27,52.325,52.27,52.28,300,0
2017-04-21,19:45:00,52.27,52.29,52.22,52.24,1200,0
2017-04-21,19:50:00,52.29,52.3,52.1601,52.1601,500,0
2017-04-21,19:55:00,52.3,52.34,52.3,52.31,700,0
2017-04-21,20:00:00,52.39,52.43,52.39,52.409,580,0
2017-04-21,20:05:00,52.49,52.5,52.49,52.5,400,0
2017-04-21,20:10:00,52.39,52.39,52.26,52.26,600,0
2017-04-21,20:20:00,52.3,52.3,52.145,52.145,2502,0
2017-04-21,20:25:00,52.23,52.42,52.23,52.33,1100,0
2017-04-21,20:35:00,52.33,52.33,52.11,52.21,1900,0
2017-04-21,20:40:00,52.15,52.3695,52.15,52.265,1500,0
2017-04-21,20:45:00,52.2,52.3,52.2,52.2,800,0
2017-04-21,20:50:00,52.2,52.2,52.19,52.19,300,0
2017-04-21,20:55:00,52.1,52.17,52.0005,52.08,1600,0
2017-04-21,21:00:00,52.17,52.33,52.1449,52.275,500,0
2017-04-21,21:05:00,52.3,52.3,52.1,52.1942,1000,0
2017-04-21,21:10:00,52.14,52.185,52.03,52.18,1200,0
2017-04-21,21:15:00,52.21,52.25,52.21,52.25,609,0
2017-04-21,21:20:00,52.23,52.25,52.22,52.25,1050,0
2017-04-21,21:25:00,52.19,52.34,52.19,52.34,500,0
2017-04-21,21:30:00,52.27,52.27,52.17,52.17,573,0
2017-04-21,21:35:00,52.16,52.35,52.16,52.33,1550,0
2017-04-21,21:40:00,52.23,52.24,52.19,52.22,800,0
2017-04-21,21:45:00,52.25,52.32,52.01,52.24,2099,0
2017-04-21,21:50:00,52.29,52.73,52.2899,52.73,5300,0
2017-04-21,21:55:00,52.5,52.72,52.49,52.62,11781,0
2017-04-21,22:00:00,52.67,52.71,52.43,52.5,25445,0
2017-04-24,15:35:00,53.5,53.87,53.025,53.87,2027,0
2017-04-24,15:40:00,53.81,53.845,53.188,53.505,3350,0
2017-04-24,15:50:00,53.77,54,53.77,54,1000,0
2017-04-24,15:55:00,54.15,54.3,53.8321,54.3,1300,0
2017-04-24,16:00:00,54.28,54.28,54.19,54.195,359,0
2017-04-24,16:05:00,54.19,54.19,53.74,54.06,1000,0
2017-04-24,16:10:00,53.7,54.19,53.7,54.185,3983,0
2017-04-24,16:15:00,54.12,54.12,54.06,54.06,200,0
2017-04-24,16:20:00,54,54,53.81,53.99,2500,0
2017-04-24,16:25:00,54,54.19,54,54.16,401,0
2017-04-24,16:30:00,53.78,54.02,53.69,53.69,1000,0
2017-04-24,16:35:00,53.74,53.84,53.74,53.84,507,0
2017-04-24,16:40:00,53.815,53.815,53.63,53.63,400,0
2017-04-24,16:45:00,53.64,53.83,53.64,53.83,1719,0
2017-04-24,16:50:00,53.8,53.94,53.75,53.88,1500,0
2017-04-24,16:55:00,54,54.12,53.91,53.91,1900,0
2017-04-24,17:05:00,54.05,54.18,54.04,54.125,2054,0
2017-04-24,17:10:00,54.15,54.28,54.15,54.28,2694,0
2017-04-24,17:15:00,54.37,54.5,54.37,54.485,1337,0
2017-04-24,17:20:00,54.58,54.5845,54.49,54.5845,1100,0
2017-04-24,17:25:00,54.58,54.58,54.41,54.41,200,0
2017-04-24,17:30:00,54.38,54.57,54.37,54.57,1300,0
2017-04-24,17:35:00,54.4,54.49,54.4,54.49,300,0
2017-04-24,17:40:00,54.51,54.57,54.445,54.53,1600,0
2017-04-24,17:45:00,54.44,54.46,54.3,54.3,500,0
2017-04-24,17:50:00,54.3,54.4,54.3,54.4,916,0
2017-04-24,17:55:00,54.33,54.33,54.33,54.33,100,0
2017-04-24,18:00:00,54.39,54.39,54.33,54.33,500,0
2017-04-24,18:05:00,54.3501,54.52,54.35,54.52,600,0
2017-04-24,18:10:00,54.44,54.44,54.39,54.39,500,0
2017-04-24,18:15:00,54.465,54.5165,54.465,54.475,300,0
2017-04-24,18:20:00,54.4,54.51,54.4,54.51,225,0
2017-04-24,18:25:00,54.3814,54.44,54.3814,54.44,600,0
2017-04-24,18:35:00,54.38,54.44,54.32,54.38,3082,0
2017-04-24,18:40:00,54.42,54.63,54.42,54.63,683,0
2017-04-24,18:45:00,54.5,54.5,54.5,54.5,500,0
2017-04-24,18:50:00,54.685,54.76,54.675,54.675,600,0
2017-04-24,18:55:00,54.75,54.75,54.64,54.64,200,0
2017-04-24,19:00:00,54.675,54.72,54.675,54.68,300,0
2017-04-24,19:05:00,54.76,54.76,54.69,54.69,300,0
2017-04-24,19:10:00,54.68,54.7969,54.68,54.7969,450,0
2017-04-24,19:15:00,54.775,54.775,54.65,54.65,200,0
2017-04-24,19:30:00,54.76,54.85,54.73,54.85,400,0
2017-04-24,19:35:00,54.9286,54.9286,54.8868,54.8868,600,0
2017-04-24,19:40:00,54.86,55,54.8558,55,3263,0
2017-04-24,19:45:00,55,55,55,55,100,0
2017-04-24,19:50:00,55,55,54.9,54.92,300,0
2017-04-24,19:55:00,54.84,54.84,54.84,54.84,100,0
2017-04-24,20:00:00,54.9191,54.9191,54.83,54.83,300,0
2017-04-24,20:05:00,54.82,54.82,54.82,54.82,100,0
2017-04-24,20:15:00,54.86,54.9,54.8,54.9,700,0
2017-04-24,20:20:00,54.99,55,54.99,55,1005,0
2017-04-24,20:25:00,54.92,54.9999,54.87,54.935,1855,0
2017-04-24,20:30:00,54.88,54.97,54.8,54.8,2258,0
2017-04-24,20:35:00,54.74,54.9,54.74,54.9,1000,0
2017-04-24,20:40:00,54.92,54.92,54.7001,54.83,2500,0
2017-04-24,20:45:00,54.9,54.9,54.9,54.9,100,0
2017-04-24,20:50:00,54.9,54.9,54.835,54.835,801,0
2017-04-24,20:55:00,54.87,54.87,54.87,54.87,300,0
2017-04-24,21:00:00,54.89,55,54.88,55,2803,0
2017-04-24,21:05:00,54.99,55.01,54.92,54.975,2500,0
2017-04-24,21:10:00,55.02,55.02,54.91,54.97,2536,0
2017-04-24,21:15:00,54.89,55,54.89,55,500,0
2017-04-24,21:20:00,54.955,55,54.84,54.86,700,0
2017-04-24,21:25:00,54.895,54.895,54.83,54.83,200,0
2017-04-24,21:30:00,54.885,54.93,54.81,54.81,1137,0
2017-04-24,21:40:00,54.8,54.94,54.746,54.89,1900,0
2017-04-24,21:45:00,54.761,54.84,54.71,54.71,1751,0
2017-04-24,21:50:00,54.73,54.73,54.61,54.7144,1608,0
2017-04-24,21:55:00,54.72,54.99,54.72,54.96,5304,0
2017-04-24,22:00:00,54.99,54.99,54.74,54.84,19539,0
2017-04-25,15:35:00,55,55.1,54.69,55.1,6866,0
2017-04-25,15:40:00,55.1,55.23,54.6756,55.15,4166,0
2017-04-25,15:45:00,55.23,55.78,55.12,55.29,3236,0
2017-04-25,15:50:00,55.3,55.67,55.3,55.67,3781,0
2017-04-25,15:55:00,55.6475,55.6475,55.11,55.37,5963,0
2017-04-25,16:00:00,55.29,55.48,55.12,55.4,2700,0
2017-04-25,16:05:00,55.48,55.8,55.36,55.8,2015,0
2017-04-25,16:10:00,55.715,56.15,55.62,55.94,4253,0
2017-04-25,16:15:00,56.0391,56.06,55.8,55.8,4528,0
2017-04-25,16:20:00,55.8069,55.8069,55.395,55.395,1400,0
2017-04-25,16:25:00,55.49,55.5,55.4228,55.5,3600,0
2017-04-25,16:30:00,55.5512,55.84,55.5512,55.83,1941,0
2017-04-25,16:35:00,55.865,55.89,55.75,55.76,1700,0
2017-04-25,16:40:00,55.9,56.17,55.89,55.92,1600,0
2017-04-25,16:45:00,55.86,55.97,55.7821,55.8475,2200,0
2017-04-25,16:50:00,55.855,55.98,55.855,55.98,800,0
2017-04-25,16:55:00,55.98,55.99,55.85,55.99,3917,0
2017-04-25,17:00:00,55.9169,56,55.9169,56,979,0
2017-04-25,17:05:00,56.12,56.12,56.01,56.02,600,0
2017-04-25,17:10:00,55.9749,56.3897,55.9749,56.3897,3300,0
2017-04-25,17:15:00,56.19,56.42,56.15,56.33,4250,0
2017-04-25,17:20:00,56.38,56.5,56.33,56.47,2325,0
2017-04-25,17:25:00,56.36,56.52,56.36,56.52,200,0
2017-04-25,17:30:00,56.56,56.6,56.48,56.59,1000,0
2017-04-25,17:35:00,56.48,56.59,56.35,56.57,1500,0
2017-04-25,17:40:00,56.525,56.63,56.525,56.63,200,0
2017-04-25,17:45:00,56.69,56.75,56.69,56.75,400,0
2017-04-25,17:50:00,56.75,56.82,56.66,56.66,600,0
2017-04-25,17:55:00,56.81,56.81,56.7404,56.7404,600,0
2017-04-25,18:00:00,56.74,56.856,56.74,56.8,620,0
2017-04-25,18:05:00,56.82,56.82,56.66,56.69,1500,0
2017-04-25,18:10:00,56.69,56.87,56.65,56.87,750,0
2017-04-25,18:15:00,56.68,56.775,56.37,56.37,2468,0
2017-04-25,18:20:00,56.51,56.9,56.51,56.8,1500,0
2017-04-25,18:25:00,56.86,56.86,56.48,56.48,1500,0
2017-04-25,18:30:00,56.62,56.64,56.62,56.64,408,0
2017-04-25,18:35:00,56.52,56.52,56.52,56.52,100,0
2017-04-25,18:40:00,56.46,56.49,56.31,56.31,2200,0
2017-04-25,18:45:00,56.127,56.45,56.127,56.27,800,0
2017-04-25,18:50:00,56.39,56.48,56.37,56.37,300,0
2017-04-25,18:55:00,56.415,56.52,56.415,56.52,200,0
2017-04-25,19:00:00,56.455,56.56,56.455,56.56,300,0
2017-04-25,19:05:00,56.49,56.51,56.46,56.46,500,0
2017-04-25,19:10:00,56.58,56.63,56.5,56.56,400,0
2017-04-25,19:15:00,56.56,56.77,56.56,56.77,900,0
2017-04-25,19:20:00,56.7,56.745,56.63,56.745,800,0
2017-04-25,19:25:00,56.72,56.8,56.72,56.78,1200,0
2017-04-25,19:30:00,56.8,56.85,56.7,56.7,4936,0
2017-04-25,19:35:00,56.69,56.69,56.68,56.68,200,0
2017-04-25,19:40:00,56.62,56.6346,56.52,56.6346,1600,0
2017-04-25,19:45:00,56.58,56.74,56.58,56.74,500,0
2017-04-25,19:50:00,56.73,56.73,56.65,56.65,200,0
2017-04-25,19:55:00,56.83,56.83,56.65,56.66,600,0
2017-04-25,20:00:00,56.8,56.82,56.68,56.68,1700,0
2017-04-25,20:05:00,56.937,56.937,56.937,56.937,500,0
2017-04-25,20:10:00,56.734,56.77,56.7,56.75,1900,0
2017-04-25,20:15:00,56.9,56.9,56.74,56.74,777,0
2017-04-25,20:20:00,56.8075,56.93,56.8075,56.93,500,0
2017-04-25,20:25:00,56.8493,56.94,56.842,56.865,1762,0
2017-04-25,20:30:00,56.91,56.9225,56.81,56.83,2975,0
2017-04-25,20:35:00,56.83,56.84,56.775,56.8,1020,0
2017-04-25,20:40:00,56.76,56.88,56.64,56.76,2600,0
2017-04-25,20:45:00,56.82,56.86,56.785,56.785,1200,0
2017-04-25,20:50:00,56.82,56.82,56.69,56.705,9000,0
2017-04-25,20:55:00,56.74,56.96,56.725,56.96,2900,0
2017-04-25,21:00:00,56.87,56.87,56.78,56.78,600,0
2017-04-25,21:05:00,56.83,57.08,56.77,56.99,4780,0
2017-04-25,21:10:00,57.04,57.11,57.04,57.11,500,0
2017-04-25,21:15:00,57.12,57.12,57,57.09,1200,0
2017-04-25,21:20:00,57.01,57.03,57.01,57.03,500,0
2017-04-25,21:25:00,57,57.14,57,57.14,1320,0
2017-04-25,21:30:00,57.04,57.065,56.94,56.94,1700,0
2017-04-25,21:35:00,56.92,57.06,56.92,56.9236,2200,0
2017-04-25,21:40:00,56.92,56.99,56.84,56.9,2488,0
2017-04-25,21:45:00,56.94,57.03,56.855,56.855,1000,0
2017-04-25,21:50:00,56.83,56.98,56.78,56.975,2000,0
2017-04-25,21:55:00,57.11,57.19,56.87,56.915,15358,0
2017-04-25,22:00:00,56.915,56.95,56.68,56.92,36329,0
2017-04-26,15:35:00,56.93,57.17,56.92,56.92,4262,0
2017-04-26,15:50:00,56.7,56.78,56.52,56.78,1750,0
2017-04-26,15:55:00,56.975,56.975,56.82,56.83,1100,0
2017-04-26,16:00:00,57.02,57.02,56.575,56.7,1600,0
2017-04-26,16:05:00,56.875,56.875,56.6,56.79,1500,0
2017-04-26,16:10:00,56.75,56.86,56.68,56.72,895,0
2017-04-26,16:15:00,56.7925,56.87,56.7925,56.87,500,0
2017-04-26,16:20:00,56.88,56.88,56.75,56.76,821,0
2017-04-26,16:25:00,56.91,56.91,56.91,56.91,100,0
2017-04-26,16:30:00,56.92,56.96,56.86,56.86,300,0
2017-04-26,16:35:00,56.95,57.11,56.85,56.85,1297,0
2017-04-26,16:40:00,56.85,57.0646,56.77,56.92,1559,0
2017-04-26,16:45:00,57.06,57.06,57.01,57.01,300,0
2017-04-26,16:50:00,57.05,57.23,57.05,57.21,400,0
2017-04-26,16:55:00,57.29,57.295,57.29,57.295,200,0
2017-04-26,17:00:00,57.4,57.59,57.37,57.59,1989,0
2017-04-26,17:05:00,57.66,57.76,57.51,57.69,1400,0
2017-04-26,17:10:00,57.58,57.585,57.41,57.42,1873,0
2017-04-26,17:15:00,57.5,57.75,57.5,57.61,2300,0
2017-04-26,17:20:00,57.6,57.68,57.42,57.49,2311,0
2017-04-26,17:25:00,57.61,57.61,57.41,57.43,400,0
2017-04-26,17:30:00,57.63,57.67,57.39,57.5579,2100,0
2017-04-26,17:35:00,57.63,57.72,57.5,57.5,1840,0
2017-04-26,17:40:00,57.62,57.63,57.44,57.44,300,0
2017-04-26,17:45:00,57.43,57.46,57.2,57.2,800,0
2017-04-26,17:50:00,57.31,57.32,57.25,57.25,300,0
2017-04-26,18:00:00,57.33,57.33,57.2,57.2,200,0
2017-04-26,18:05:00,57.26,57.37,57.19,57.37,1000,0
2017-04-26,18:10:00,57.34,57.35,57.19,57.19,796,0
2017-04-26,18:15:00,57.33,57.36,57.26,57.26,485,0
2017-04-26,18:20:00,57.3,57.3,57.3,57.3,400,0
2017-04-26,18:25:00,57.43,57.46,56.75,56.96,6900,0
2017-04-26,18:30:00,56.96,56.96,56.83,56.95,1200,0
2017-04-26,18:35:00,56.88,56.88,56.59,56.77,5302,0
2017-04-26,18:40:00,56.64,56.81,56.64,56.7,1400,0
2017-04-26,18:50:00,56.71,56.86,56.71,56.73,400,0
2017-04-26,18:55:00,56.82,56.87,56.82,56.87,300,0
2017-04-26,19:00:00,56.95,57,56.845,57,780,0
2017-04-26,19:05:00,56.915,56.915,56.78,56.78,400,0
2017-04-26,19:10:00,56.92,57.02,56.9,56.97,900,0
2017-04-26,19:15:00,56.95,57.03,56.95,56.96,700,0
2017-04-26,19:20:00,57.01,57.09,56.99,56.99,400,0
2017-04-26,19:25:00,56.97,57.01,56.97,57.01,200,0
2017-04-26,19:30:00,56.8,57.01,56.8,57.01,300,0
2017-04-26,19:35:00,57.04,57.04,56.87,56.87,681,0
2017-04-26,19:40:00,56.93,57.04,56.93,56.965,500,0
2017-04-26,19:45:00,56.95,56.95,56.75,56.92,1100,0
2017-04-26,19:50:00,56.77,56.77,56.74,56.74,600,0
2017-04-26,19:55:00,56.91,56.96,56.85,56.85,1389,0
2017-04-26,20:00:00,56.8575,56.8575,56.8575,56.8575,100,0
2017-04-26,20:05:00,56.815,56.815,56.75,56.756,1900,0
2017-04-26,20:10:00,56.83,56.87,56.825,56.86,700,0
2017-04-26,20:15:00,56.9,56.9525,56.9,56.9525,500,0
2017-04-26,20:20:00,56.91,56.98,56.86,56.86,1400,0
2017-04-26,20:25:00,56.93,57.01,56.88,56.91,1000,0
2017-04-26,20:30:00,57.02,57.02,56.9625,56.985,500,0
2017-04-26,20:35:00,56.97,57.15,56.965,57.15,600,0
2017-04-26,20:40:00,57.09,57.09,57.09,57.09,100,0
2017-04-26,20:45:00,57.16,57.23,57.16,57.23,500,0
2017-04-26,20:50:00,57.25,57.3,57.17,57.3,600,0
2017-04-26,20:55:00,57.32,57.32,57.32,57.32,100,0
2017-04-26,21:00:00,57.27,57.41,57.2425,57.41,5205,0
2017-04-26,21:05:00,57.42,57.49,57.3475,57.49,2300,0
2017-04-26,21:10:00,57.465,57.55,57.435,57.5275,2198,0
2017-04-26,21:15:00,57.525,57.72,57.525,57.69,1500,0
2017-04-26,21:20:00,57.68,57.8,57.665,57.79,1152,0
2017-04-26,21:25:00,57.84,57.85,57.645,57.78,1600,0
2017-04-26,21:30:00,57.79,57.97,57.75,57.97,2200,0
2017-04-26,21:35:00,57.99,58,57.61,57.64,9423,0
2017-04-26,21:40:00,57.75,57.84,57.73,57.745,1100,0
2017-04-26,21:45:00,57.82,57.82,57.45,57.5,2800,0
2017-04-26,21:50:00,57.46,57.62,57.4,57.565,3066,0
2017-04-26,21:55:00,57.53,57.53,57.32,57.32,2500,0
2017-04-26,22:00:00,57.32,57.36,57.2,57.24,29457,0
