Date,Time,Open,High,Low,Close,Volume,OpenInt
2017-04-10,15:35:00,11.08,11.14,11.07,11.12,6704,0
2017-04-10,15:40:00,11.13,11.13,11.03,11.05,7362,0
2017-04-10,15:45:00,11.06,11.09,11.05,11.09,4500,0
2017-04-10,15:50:00,11.11,11.11,11.09,11.11,2000,0
2017-04-10,15:55:00,11.13,11.17,11.12,11.17,6686,0
2017-04-10,16:00:00,11.15,11.16,11.12,11.16,3800,0
2017-04-10,16:05:00,11.16,11.16,11.15,11.16,4032,0
2017-04-10,16:10:00,11.16,11.16,11.12,11.15,3741,0
2017-04-10,16:15:00,11.16,11.18,11.16,11.17,2200,0
2017-04-10,16:20:00,11.13,11.13,11.11,11.11,5650,0
2017-04-10,16:25:00,11.1219,11.13,11.11,11.11,3298,0
2017-04-10,16:30:00,11.1,11.12,11.1,11.11,1700,0
2017-04-10,16:35:00,11.1,11.1,11.07,11.07,2100,0
2017-04-10,16:40:00,11.07,11.09,11.07,11.09,2625,0
2017-04-10,16:45:00,11.09,11.1,11.09,11.09,1113,0
2017-04-10,16:50:00,11.09,11.1,11.09,11.1,2700,0
2017-04-10,16:55:00,11.1,11.11,11.1,11.11,575,0
2017-04-10,17:00:00,11.12,11.12,11.1,11.1,3900,0
2017-04-10,17:05:00,11.09,11.1,11.0789,11.08,2350,0
2017-04-10,17:10:00,11.0812,11.0812,11.0812,11.0812,620,0
2017-04-10,17:15:00,11.08,11.08,11.08,11.08,1000,0
2017-04-10,17:20:00,11.07,11.1,11.06,11.1,20002,0
2017-04-10,17:25:00,11.11,11.11,11.11,11.11,700,0
2017-04-10,17:30:00,11.11,11.13,11.11,11.13,2700,0
2017-04-10,17:35:00,11.13,11.17,11.13,11.16,4508,0
2017-04-10,17:40:00,11.15,11.15,11.14,11.15,2300,0
2017-04-10,17:45:00,11.15,11.15,11.141,11.15,3750,0
2017-04-10,17:50:00,11.14,11.15,11.1375,11.15,4484,0
2017-04-10,17:55:00,11.15,11.16,11.14,11.14,4600,0
2017-04-10,18:00:00,11.15,11.16,11.14,11.15,2313,0
2017-04-10,18:05:00,11.14,11.19,11.14,11.17,10151,0
2017-04-10,18:10:00,11.17,11.17,11.15,11.16,5250,0
2017-04-10,18:15:00,11.17,11.2,11.16,11.19,4639,0
2017-04-10,18:20:00,11.19,11.2,11.19,11.19,3400,0
2017-04-10,18:25:00,11.2,11.21,11.19,11.21,3200,0
2017-04-10,18:30:00,11.21,11.21,11.16,11.16,3985,0
2017-04-10,18:35:00,11.16,11.17,11.15,11.16,3463,0
2017-04-10,18:40:00,11.16,11.17,11.16,11.16,1900,0
2017-04-10,18:45:00,11.16,11.16,11.15,11.15,3193,0
2017-04-10,18:50:00,11.16,11.16,11.15,11.1528,4013,0
2017-04-10,18:55:00,11.16,11.17,11.15,11.17,1500,0
2017-04-10,19:00:00,11.17,11.18,11.17,11.18,1200,0
2017-04-10,19:05:00,11.17,11.17,11.15,11.17,2800,0
2017-04-10,19:10:00,11.17,11.17,11.14,11.15,3200,0
2017-04-10,19:15:00,11.14,11.14,11.12,11.14,4038,0
2017-04-10,19:20:00,11.1348,11.15,11.1348,11.15,1604,0
2017-04-10,19:25:00,11.155,11.17,11.155,11.17,1000,0
2017-04-10,19:30:00,11.17,11.175,11.15,11.15,4122,0
2017-04-10,19:35:00,11.15,11.15,11.125,11.13,5456,0
2017-04-10,19:40:00,11.13,11.13,11.09,11.1,7039,0
2017-04-10,19:45:00,11.11,11.13,11.11,11.12,2700,0
2017-04-10,19:50:00,11.12,11.13,11.12,11.12,1197,0
2017-04-10,19:55:00,11.13,11.135,11.11,11.125,3120,0
2017-04-10,20:00:00,11.115,11.14,11.115,11.14,1300,0
2017-04-10,20:05:00,11.15,11.15,11.15,11.15,500,0
2017-04-10,20:10:00,11.16,11.2,11.16,11.2,8655,0
2017-04-10,20:15:00,11.2,11.2,11.19,11.19,2395,0
2017-04-10,20:20:00,11.19,11.19,11.18,11.19,2634,0
2017-04-10,20:25:00,11.18,11.18,11.17,11.175,3963,0
2017-04-10,20:30:00,11.18,11.2,11.18,11.19,1700,0
2017-04-10,20:35:00,11.18,11.2,11.18,11.2,2100,0
2017-04-10,20:40:00,11.19,11.22,11.17,11.22,5700,0
2017-04-10,20:45:00,11.22,11.22,11.18,11.18,4750,0
2017-04-10,20:50:00,11.17,11.17,11.17,11.17,1500,0
2017-04-10,20:55:00,11.17,11.17,11.16,11.16,1301,0
2017-04-10,21:00:00,11.17,11.17,11.16,11.17,1300,0
2017-04-10,21:05:00,11.16,11.16,11.145,11.16,6002,0
2017-04-10,21:10:00,11.16,11.19,11.15,11.19,5645,0
2017-04-10,21:15:00,11.19,11.19,11.17,11.17,3640,0
2017-04-10,21:20:00,11.17,11.175,11.155,11.17,5713,0
2017-04-10,21:25:00,11.18,11.18,11.17,11.17,2900,0
2017-04-10,21:30:00,11.17,11.175,11.15,11.15,4400,0
2017-04-10,21:35:00,11.15,11.17,11.15,11.17,4750,0
2017-04-10,21:40:00,11.16,11.17,11.16,11.17,4617,0
2017-04-10,21:45:00,11.17,11.2,11.17,11.2,8260,0
2017-04-10,21:50:00,11.2,11.21,11.2,11.21,5324,0
2017-04-10,21:55:00,11.21,11.225,11.2,11.21,22392,0
2017-04-10,22:00:00,11.21,11.24,11.21,11.21,48282,0
2017-04-11,15:35:00,11.31,11.34,11.28,11.34,8210,0
2017-04-11,15:40:00,11.34,11.34,11.32,11.33,7423,0
2017-04-11,15:45:00,11.33,11.36,11.32,11.32,8910,0
2017-04-11,15:50:00,11.33,11.34,11.23,11.24,10100,0
2017-04-11,15:55:00,11.23,11.27,11.22,11.23,11520,0
2017-04-11,16:00:00,11.24,11.26,11.23,11.25,5800,0
2017-04-11,16:05:00,11.24,11.24,11.21,11.23,9900,0
2017-04-11,16:10:00,11.23,11.25,11.23,11.23,6644,0
2017-04-11,16:15:00,11.23,11.24,11.22,11.23,5436,0
2017-04-11,16:20:00,11.23,11.25,11.2199,11.23,5207,0
2017-04-11,16:25:00,11.25,11.28,11.25,11.28,4912,0
2017-04-11,16:30:00,11.27,11.27,11.23,11.23,11104,0
2017-04-11,16:35:00,11.24,11.26,11.2199,11.26,6995,0
2017-04-11,16:40:00,11.26,11.26,11.22,11.23,8550,0
2017-04-11,16:45:00,11.24,11.25,11.205,11.24,7450,0
2017-04-11,16:50:00,11.24,11.24,11.205,11.2253,3800,0
2017-04-11,16:55:00,11.23,11.26,11.22,11.25,6195,0
2017-04-11,17:00:00,11.26,11.31,11.26,11.3071,6985,0
2017-04-11,17:05:00,11.32,11.36,11.3,11.32,24855,0
2017-04-11,17:10:00,11.33,11.34,11.31,11.34,6781,0
2017-04-11,17:15:00,11.35,11.35,11.33,11.35,10567,0
2017-04-11,17:20:00,11.36,11.38,11.33,11.34,16174,0
2017-04-11,17:25:00,11.35,11.37,11.32,11.32,9339,0
2017-04-11,17:30:00,11.33,11.36,11.33,11.36,4595,0
2017-04-11,17:35:00,11.37,11.4,11.35,11.3801,10973,0
2017-04-11,17:40:00,11.39,11.39,11.35,11.37,14980,0
2017-04-11,17:45:00,11.38,11.41,11.38,11.41,2691,0
2017-04-11,17:50:00,11.41,11.41,11.39,11.41,5800,0
2017-04-11,17:55:00,11.4133,11.4133,11.36,11.38,9181,0
2017-04-11,18:00:00,11.38,11.435,11.37,11.435,25963,0
2017-04-11,18:05:00,11.435,11.45,11.42,11.45,13702,0
2017-04-11,18:10:00,11.45,11.48,11.43,11.47,10550,0
2017-04-11,18:15:00,11.47,11.47,11.43,11.44,8483,0
2017-04-11,18:20:00,11.445,11.48,11.44,11.44,6705,0
2017-04-11,18:25:00,11.45,11.48,11.435,11.47,8400,0
2017-04-11,18:30:00,11.47,11.49,11.47,11.49,5627,0
2017-04-11,18:35:00,11.49,11.5,11.47,11.47,6923,0
2017-04-11,18:40:00,11.4642,11.47,11.44,11.44,8800,0
2017-04-11,18:45:00,11.45,11.46,11.45,11.454,2700,0
2017-04-11,18:50:00,11.46,11.47,11.45,11.46,7280,0
2017-04-11,18:55:00,11.46,11.46,11.45,11.45,5828,0
2017-04-11,19:00:00,11.45,11.47,11.45,11.47,4800,0
2017-04-11,19:05:00,11.46,11.46,11.45,11.46,2700,0
2017-04-11,19:10:00,11.46,11.47,11.45,11.45,2500,0
2017-04-11,19:15:00,11.45,11.465,11.45,11.46,3599,0
2017-04-11,19:20:00,11.46,11.47,11.46,11.46,1950,0
2017-04-11,19:25:00,11.47,11.47,11.47,11.47,1750,0
2017-04-11,19:30:00,11.47,11.47,11.47,11.47,400,0
2017-04-11,19:35:00,11.4799,11.49,11.47,11.49,5500,0
2017-04-11,19:40:00,11.49,11.495,11.47,11.48,7700,0
2017-04-11,19:45:00,11.48,11.49,11.47,11.48,3545,0
2017-04-11,19:50:00,11.47,11.49,11.47,11.49,3300,0
2017-04-11,19:55:00,11.49,11.49,11.47,11.48,4000,0
2017-04-11,20:00:00,11.49,11.49,11.48,11.48,4600,0
2017-04-11,20:05:00,11.49,11.5,11.48,11.5,3703,0
2017-04-11,20:10:00,11.5,11.5,11.47,11.47,4850,0
2017-04-11,20:15:00,11.4725,11.5,11.47,11.48,3076,0
2017-04-11,20:20:00,11.4837,11.5,11.47,11.49,12250,0
2017-04-11,20:25:00,11.49,11.49,11.45,11.45,10200,0
2017-04-11,20:30:00,11.44,11.45,11.42,11.44,7750,0
2017-04-11,20:35:00,11.43,11.43,11.41,11.41,4650,0
2017-04-11,20:40:00,11.41,11.43,11.4,11.41,5000,0
2017-04-11,20:45:00,11.41,11.41,11.39,11.41,8950,0
2017-04-11,20:50:00,11.4,11.4,11.38,11.38,7295,0
2017-04-11,20:55:00,11.37,11.37,11.35,11.35,6100,0
2017-04-11,21:00:00,11.3535,11.38,11.34,11.37,4828,0
2017-04-11,21:05:00,11.37,11.38,11.34,11.365,12185,0
2017-04-11,21:10:00,11.37,11.37,11.3565,11.3565,2700,0
2017-04-11,21:15:00,11.34,11.36,11.34,11.35,5444,0
2017-04-11,21:20:00,11.34,11.37,11.34,11.37,10005,0
2017-04-11,21:25:00,11.38,11.39,11.38,11.38,6311,0
2017-04-11,21:30:00,11.37,11.38,11.37,11.38,4401,0
2017-04-11,21:35:00,11.38,11.4,11.38,11.399,12776,0
2017-04-11,21:40:00,11.39,11.4,11.36,11.4,25398,0
2017-04-11,21:45:00,11.4,11.4,11.36,11.36,12729,0
2017-04-11,21:50:00,11.37,11.37,11.32,11.34,15494,0
2017-04-11,21:55:00,11.34,11.38,11.3,11.33,38583,0
2017-04-11,22:00:00,11.33,11.35,11.32,11.34,32856,0
2017-04-12,15:35:00,11.35,11.36,11.32,11.32,5349,0
2017-04-12,15:40:00,11.33,11.34,11.3,11.31,6700,0
2017-04-12,15:45:00,11.32,11.32,11.27,11.28,16443,0
2017-04-12,15:50:00,11.29,11.3,11.26,11.26,8150,0
2017-04-12,15:55:00,11.27,11.28,11.27,11.28,2756,0
2017-04-12,16:00:00,11.28,11.31,11.28,11.31,5350,0
2017-04-12,16:05:00,11.32,11.32,11.28,11.29,8684,0
2017-04-12,16:10:00,11.29,11.29,11.25,11.25,11800,0
2017-04-12,16:15:00,11.26,11.29,11.26,11.28,4661,0
2017-04-12,16:20:00,11.28,11.31,11.27,11.3,6300,0
2017-04-12,16:25:00,11.33,11.36,11.32,11.36,1750,0
2017-04-12,16:30:00,11.37,11.37,11.35,11.36,1699,0
2017-04-12,16:35:00,11.37,11.39,11.36,11.39,2200,0
2017-04-12,16:40:00,11.38,11.4,11.37,11.37,6000,0
2017-04-12,16:45:00,11.38,11.41,11.38,11.41,3806,0
2017-04-12,16:50:00,11.42,11.42,11.42,11.42,2250,0
2017-04-12,16:55:00,11.42,11.42,11.395,11.4,2009,0
2017-04-12,17:00:00,11.41,11.41,11.4,11.41,1756,0
2017-04-12,17:05:00,11.41,11.42,11.41,11.41,3286,0
2017-04-12,17:10:00,11.4,11.41,11.39,11.39,4656,0
2017-04-12,17:15:00,11.39,11.39,11.36,11.365,6970,0
2017-04-12,17:20:00,11.37,11.37,11.35,11.35,2500,0
2017-04-12,17:25:00,11.35,11.36,11.348,11.348,11798,0
2017-04-12,17:30:00,11.34,11.34,11.32,11.33,7020,0
2017-04-12,17:35:00,11.33,11.34,11.315,11.33,4300,0
2017-04-12,17:40:00,11.3249,11.35,11.3249,11.34,3800,0
2017-04-12,17:45:00,11.35,11.38,11.35,11.36,7112,0
2017-04-12,17:50:00,11.36,11.37,11.345,11.36,7800,0
2017-04-12,17:55:00,11.36,11.37,11.34,11.34,2351,0
2017-04-12,18:00:00,11.34,11.34,11.29,11.3,7800,0
2017-04-12,18:05:00,11.29,11.29,11.27,11.27,4150,0
2017-04-12,18:10:00,11.265,11.27,11.26,11.27,3620,0
2017-04-12,18:15:00,11.2634,11.27,11.26,11.27,3027,0
2017-04-12,18:20:00,11.26,11.27,11.24,11.27,3100,0
2017-04-12,18:25:00,11.27,11.2964,11.27,11.2964,1650,0
2017-04-12,18:30:00,11.3,11.31,11.27,11.3,4201,0
2017-04-12,18:35:00,11.3,11.32,11.3,11.32,896,0
2017-04-12,18:40:00,11.32,11.34,11.32,11.34,3295,0
2017-04-12,18:45:00,11.3337,11.34,11.31,11.31,5830,0
2017-04-12,18:50:00,11.32,11.34,11.32,11.34,1450,0
2017-04-12,18:55:00,11.34,11.36,11.33,11.36,2351,0
2017-04-12,19:00:00,11.37,11.37,11.367,11.37,1700,0
2017-04-12,19:05:00,11.36,11.36,11.32,11.34,4029,0
2017-04-12,19:10:00,11.34,11.34,11.32,11.33,6899,0
2017-04-12,19:15:00,11.34,11.34,11.34,11.34,4296,0
2017-04-12,19:20:00,11.34,11.36,11.33,11.34,8970,0
2017-04-12,19:25:00,11.35,11.36,11.33,11.34,5300,0
2017-04-12,19:30:00,11.34,11.34,11.32,11.32,3902,0
2017-04-12,19:35:00,11.32,11.325,11.31,11.31,6955,0
2017-04-12,19:40:00,11.3,11.3,11.25,11.25,15100,0
2017-04-12,19:45:00,11.26,11.29,11.26,11.28,5373,0
2017-04-12,19:50:00,11.28,11.29,11.28,11.28,2800,0
2017-04-12,19:55:00,11.28,11.29,11.25,11.29,5397,0
2017-04-12,20:00:00,11.3,11.31,11.3,11.31,1404,0
2017-04-12,20:05:00,11.31,11.32,11.28,11.29,2998,0
2017-04-12,20:10:00,11.29,11.3,11.29,11.3,1000,0
2017-04-12,20:15:00,11.3,11.3118,11.29,11.29,6688,0
2017-04-12,20:20:00,11.3,11.3,11.3,11.3,1150,0
2017-04-12,20:25:00,11.3,11.3036,11.3,11.3,1850,0
2017-04-12,20:30:00,11.3,11.3,11.29,11.3,2400,0
2017-04-12,20:35:00,11.31,11.32,11.3,11.32,1894,0
2017-04-12,20:40:00,11.32,11.32,11.32,11.32,1000,0
2017-04-12,20:45:00,11.33,11.33,11.3,11.3,2078,0
2017-04-12,20:50:00,11.2908,11.3,11.2908,11.3,3095,0
2017-04-12,20:55:00,11.32,11.32,11.3164,11.3164,1103,0
2017-04-12,21:00:00,11.32,11.32,11.31,11.31,1262,0
2017-04-12,21:05:00,11.31,11.33,11.31,11.33,2594,0
2017-04-12,21:10:00,11.33,11.35,11.33,11.35,3500,0
2017-04-12,21:15:00,11.35,11.37,11.35,11.36,6689,0
2017-04-12,21:20:00,11.37,11.43,11.37,11.43,19642,0
2017-04-12,21:25:00,11.427,11.44,11.37,11.4,28624,0
2017-04-12,21:30:00,11.41,11.42,11.37,11.4,15780,0
2017-04-12,21:35:00,11.4,11.41,11.37,11.4,14178,0
2017-04-12,21:40:00,11.41,11.44,11.41,11.44,8016,0
2017-04-12,21:45:00,11.44,11.45,11.43,11.45,17875,0
2017-04-12,21:50:00,11.45,11.45,11.43,11.445,19900,0
2017-04-12,21:55:00,11.45,11.46,11.45,11.455,18825,0
2017-04-12,22:00:00,11.455,11.5,11.45,11.5,120077,0
2017-04-13,15:35:00,11.39,11.4,11.32,11.35,38524,0
2017-04-13,15:40:00,11.37,11.465,11.34,11.35,39546,0
2017-04-13,15:45:00,11.35,11.355,11.32,11.32,4810,0
2017-04-13,15:50:00,11.33,11.35,11.33,11.34,7494,0
2017-04-13,15:55:00,11.35,11.35,11.29,11.31,14468,0
2017-04-13,16:00:00,11.31,11.35,11.3,11.33,7398,0
2017-04-13,16:05:00,11.33,11.35,11.28,11.31,12908,0
2017-04-13,16:10:00,11.32,11.36,11.32,11.35,7816,0
2017-04-13,16:15:00,11.35,11.36,11.26,11.3,25569,0
2017-04-13,16:20:00,11.305,11.305,11.285,11.285,1639,0
2017-04-13,16:25:00,11.285,11.3,11.285,11.3,2340,0
2017-04-13,16:30:00,11.29,11.32,11.29,11.32,11996,0
2017-04-13,16:35:00,11.31,11.315,11.285,11.285,10276,0
2017-04-13,16:40:00,11.29,11.32,11.28,11.305,9135,0
2017-04-13,16:45:00,11.31,11.34,11.31,11.32,10936,0
2017-04-13,16:50:00,11.32,11.335,11.31,11.33,5450,0
2017-04-13,16:55:00,11.33,11.395,11.32,11.36,12959,0
2017-04-13,17:00:00,11.36,11.36,11.33,11.34,10652,0
2017-04-13,17:05:00,11.35,11.35,11.32,11.34,8082,0
2017-04-13,17:10:00,11.34,11.355,11.31,11.31,7219,0
2017-04-13,17:15:00,11.315,11.35,11.3,11.35,7321,0
2017-04-13,17:20:00,11.34,11.34,11.32,11.32,1700,0
2017-04-13,17:25:00,11.325,11.325,11.28,11.28,4875,0
2017-04-13,17:30:00,11.2888,11.29,11.28,11.28,18513,0
2017-04-13,17:35:00,11.28,11.29,11.275,11.28,6725,0
2017-04-13,17:40:00,11.27,11.27,11.23,11.25,7045,0
2017-04-13,17:45:00,11.24,11.25,11.23,11.25,4529,0
2017-04-13,17:50:00,11.25,11.26,11.24,11.255,9120,0
2017-04-13,17:55:00,11.24,11.24,11.21,11.21,1299,0
2017-04-13,18:00:00,11.22,11.26,11.22,11.23,8514,0
2017-04-13,18:05:00,11.225,11.225,11.225,11.225,100,0
2017-04-13,18:10:00,11.23,11.25,11.23,11.25,6050,0
2017-04-13,18:15:00,11.25,11.25,11.23,11.25,3988,0
2017-04-13,18:20:00,11.2401,11.26,11.24,11.26,5160,0
2017-04-13,18:25:00,11.26,11.26,11.24,11.24,3003,0
2017-04-13,18:30:00,11.24,11.27,11.23,11.26,4250,0
2017-04-13,18:35:00,11.26,11.27,11.25,11.27,4250,0
2017-04-13,18:45:00,11.27,11.28,11.26,11.28,4000,0
2017-04-13,18:50:00,11.28,11.28,11.27,11.27,2300,0
2017-04-13,18:55:00,11.27,11.29,11.26,11.29,2885,0
2017-04-13,19:00:00,11.29,11.3,11.27,11.28,5517,0
2017-04-13,19:05:00,11.28,11.3,11.28,11.3,4944,0
2017-04-13,19:10:00,11.29,11.31,11.27,11.28,12805,0
2017-04-13,19:15:00,11.27,11.3,11.26,11.299,5868,0
2017-04-13,19:20:00,11.29,11.29,11.27,11.27,1195,0
2017-04-13,19:25:00,11.26,11.29,11.26,11.29,2514,0
2017-04-13,19:30:00,11.28,11.28,11.26,11.28,2916,0
2017-04-13,19:35:00,11.28,11.28,11.26,11.275,5020,0
2017-04-13,19:40:00,11.28,11.28,11.26,11.26,1879,0
2017-04-13,19:45:00,11.27,11.28,11.26,11.28,7070,0
2017-04-13,19:50:00,11.28,11.31,11.28,11.2911,16416,0
2017-04-13,19:55:00,11.3,11.3,11.28,11.28,2098,0
2017-04-13,20:00:00,11.27,11.3,11.27,11.2884,4878,0
2017-04-13,20:05:00,11.28,11.29,11.27,11.28,3499,0
2017-04-13,20:10:00,11.28,11.28,11.26,11.26,2007,0
2017-04-13,20:15:00,11.26,11.275,11.26,11.275,6591,0
2017-04-13,20:20:00,11.28,11.2958,11.28,11.29,2237,0
2017-04-13,20:25:00,11.28,11.29,11.27,11.28,4000,0
2017-04-13,20:30:00,11.285,11.3,11.275,11.3,5500,0
2017-04-13,20:35:00,11.29,11.29,11.28,11.28,3065,0
2017-04-13,20:40:00,11.28,11.29,11.275,11.28,3200,0
2017-04-13,20:45:00,11.27,11.28,11.27,11.28,1700,0
2017-04-13,20:50:00,11.28,11.28,11.28,11.28,1299,0
2017-04-13,20:55:00,11.275,11.3,11.2725,11.3,6840,0
2017-04-13,21:00:00,11.3,11.3,11.26,11.2658,4394,0
2017-04-13,21:05:00,11.27,11.28,11.27,11.28,2218,0
2017-04-13,21:10:00,11.27,11.27,11.25,11.25,6687,0
2017-04-13,21:15:00,11.26,11.29,11.26,11.265,10423,0
2017-04-13,21:20:00,11.265,11.27,11.26,11.26,1130,0
2017-04-13,21:25:00,11.26,11.26,11.24,11.245,5479,0
2017-04-13,21:30:00,11.24,11.245,11.215,11.24,11102,0
2017-04-13,21:35:00,11.235,11.26,11.23,11.26,4600,0
2017-04-13,21:40:00,11.26,11.26,11.245,11.255,13114,0
2017-04-13,21:45:00,11.25,11.28,11.25,11.28,13439,0
2017-04-13,21:50:00,11.27,11.28,11.27,11.27,7472,0
2017-04-13,21:55:00,11.27,11.28,11.26,11.26,28630,0
2017-04-13,22:00:00,11.26,11.28,11.19,11.27,59394,0
2017-04-17,15:35:00,11.41,11.48,11.33,11.3417,36375,0
2017-04-17,15:40:00,11.33,11.34,11.3,11.31,9750,0
2017-04-17,15:45:00,11.31,11.32,11.295,11.31,9637,0
2017-04-17,15:50:00,11.31,11.32,11.29,11.31,16988,0
2017-04-17,15:55:00,11.3,11.32,11.29,11.3,71675,0
2017-04-17,16:00:00,11.3,11.33,11.28,11.3,31968,0
2017-04-17,16:05:00,11.3,11.31,11.28,11.29,22393,0
2017-04-17,16:10:00,11.29,11.31,11.26,11.27,13687,0
2017-04-17,16:15:00,11.27,11.28,11.25,11.26,12282,0
2017-04-17,16:20:00,11.26,11.29,11.255,11.27,15978,0
2017-04-17,16:25:00,11.28,11.3,11.26,11.26,7823,0
2017-04-17,16:30:00,11.25,11.28,11.25,11.27,5550,0
2017-04-17,16:35:00,11.27,11.28,11.24,11.25,18293,0
2017-04-17,16:40:00,11.25,11.28,11.25,11.26,5812,0
2017-04-17,16:45:00,11.26,11.3,11.25,11.29,10760,0
2017-04-17,16:50:00,11.29,11.32,11.29,11.32,7272,0
2017-04-17,16:55:00,11.32,11.33,11.3,11.33,10141,0
2017-04-17,17:00:00,11.33,11.34,11.3231,11.34,3480,0
2017-04-17,17:05:00,11.34,11.35,11.32,11.34,12953,0
2017-04-17,17:10:00,11.335,11.335,11.31,11.31,10750,0
2017-04-17,17:15:00,11.3,11.31,11.3,11.31,2600,0
2017-04-17,17:20:00,11.31,11.33,11.31,11.33,5400,0
2017-04-17,17:25:00,11.32,11.33,11.32,11.33,2716,0
2017-04-17,17:30:00,11.32,11.36,11.31,11.35,21458,0
2017-04-17,17:35:00,11.35,11.37,11.35,11.36,14557,0
2017-04-17,17:40:00,11.36,11.37,11.31,11.31,10396,0
2017-04-17,17:45:00,11.3099,11.31,11.29,11.3,5233,0
2017-04-17,17:50:00,11.3,11.33,11.3,11.33,1100,0
2017-04-17,17:55:00,11.32,11.32,11.31,11.31,2105,0
2017-04-17,18:00:00,11.31,11.31,11.295,11.3,3311,0
2017-04-17,18:05:00,11.3,11.3,11.26,11.28,8628,0
2017-04-17,18:10:00,11.28,11.285,11.26,11.26,3718,0
2017-04-17,18:15:00,11.26,11.27,11.24,11.25,4668,0
2017-04-17,18:20:00,11.25,11.25,11.21,11.23,14257,0
2017-04-17,18:25:00,11.235,11.235,11.2,11.2,10144,0
2017-04-17,18:30:00,11.2,11.21,11.2,11.21,5850,0
2017-04-17,18:35:00,11.21,11.23,11.2,11.23,6787,0
2017-04-17,18:40:00,11.24,11.24,11.24,11.24,801,0
2017-04-17,18:45:00,11.25,11.25,11.25,11.25,100,0
2017-04-17,18:50:00,11.245,11.26,11.235,11.26,3600,0
2017-04-17,18:55:00,11.26,11.29,11.26,11.27,3650,0
2017-04-17,19:00:00,11.27,11.305,11.27,11.29,3957,0
2017-04-17,19:05:00,11.295,11.295,11.29,11.29,1200,0
2017-04-17,19:10:00,11.29,11.31,11.29,11.29,6755,0
2017-04-17,19:15:00,11.29,11.29,11.27,11.27,1512,0
2017-04-17,19:20:00,11.27,11.27,11.27,11.27,100,0
2017-04-17,19:25:00,11.275,11.28,11.26,11.26,2600,0
2017-04-17,19:30:00,11.265,11.29,11.265,11.29,3540,0
2017-04-17,19:35:00,11.28,11.29,11.27,11.29,3507,0
2017-04-17,19:40:00,11.2842,11.29,11.27,11.28,4700,0
2017-04-17,19:45:00,11.29,11.29,11.285,11.29,2397,0
2017-04-17,19:55:00,11.29,11.29,11.28,11.28,800,0
2017-04-17,20:00:00,11.28,11.28,11.27,11.27,1400,0
2017-04-17,20:05:00,11.27,11.29,11.27,11.285,1800,0
2017-04-17,20:10:00,11.29,11.29,11.26,11.27,5384,0
2017-04-17,20:15:00,11.2799,11.2799,11.26,11.26,2748,0
2017-04-17,20:20:00,11.26,11.26,11.235,11.25,5000,0
2017-04-17,20:25:00,11.2476,11.25,11.245,11.25,3754,0
2017-04-17,20:30:00,11.25,11.26,11.25,11.255,3561,0
2017-04-17,20:35:00,11.25,11.26,11.25,11.25,7806,0
2017-04-17,20:40:00,11.25,11.25,11.21,11.21,12266,0
2017-04-17,20:45:00,11.21,11.22,11.19,11.1962,13991,0
2017-04-17,20:50:00,11.21,11.22,11.2,11.21,10578,0
2017-04-17,20:55:00,11.22,11.22,11.21,11.21,2212,0
2017-04-17,21:00:00,11.21,11.22,11.18,11.18,7839,0
2017-04-17,21:05:00,11.18,11.19,11.16,11.16,14086,0
2017-04-17,21:10:00,11.16,11.16,11.14,11.145,4025,0
2017-04-17,21:15:00,11.15,11.17,11.13,11.14,16654,0
2017-04-17,21:20:00,11.13,11.16,11.13,11.16,13688,0
2017-04-17,21:25:00,11.16,11.19,11.16,11.19,3708,0
2017-04-17,21:30:00,11.2,11.2,11.19,11.2,6458,0
2017-04-17,21:35:00,11.195,11.195,11.18,11.18,5866,0
2017-04-17,21:40:00,11.185,11.2,11.185,11.19,15491,0
2017-04-17,21:45:00,11.2,11.21,11.195,11.21,11922,0
2017-04-17,21:50:00,11.21,11.23,11.21,11.22,35853,0
2017-04-17,21:55:00,11.22,11.25,11.22,11.25,37902,0
2017-04-17,22:00:00,11.25,11.27,11.25,11.27,192300,0
2017-04-18,15:35:00,11.25,11.25,11.2,11.24,3983,0
2017-04-18,15:40:00,11.22,11.26,11.22,11.25,7657,0
2017-04-18,15:45:00,11.25,11.26,11.24,11.25,3250,0
2017-04-18,15:50:00,11.25,11.26,11.21,11.25,19180,0
2017-04-18,15:55:00,11.24,11.26,11.22,11.22,22676,0
2017-04-18,16:00:00,11.22,11.25,11.22,11.25,5629,0
2017-04-18,16:05:00,11.25,11.29,11.25,11.29,6402,0
2017-04-18,16:10:00,11.29,11.345,11.29,11.33,16224,0
2017-04-18,16:15:00,11.33,11.33,11.31,11.32,7091,0
2017-04-18,16:20:00,11.32,11.4,11.295,11.39,29450,0
2017-04-18,16:25:00,11.39,11.41,11.36,11.36,14816,0
2017-04-18,16:30:00,11.36,11.4,11.35,11.4,9513,0
2017-04-18,16:35:00,11.4,11.4,11.36,11.37,11400,0
2017-04-18,16:40:00,11.37,11.42,11.37,11.405,14700,0
2017-04-18,16:45:00,11.4,11.45,11.39,11.41,27500,0
2017-04-18,16:50:00,11.41,11.44,11.4,11.44,15651,0
2017-04-18,16:55:00,11.43,11.48,11.43,11.46,18130,0
2017-04-18,17:00:00,11.466,11.5,11.46,11.46,18680,0
2017-04-18,17:05:00,11.46,11.495,11.44,11.48,34220,0
2017-04-18,17:10:00,11.485,11.49,11.47,11.47,10311,0
2017-04-18,17:15:00,11.48,11.48,11.45,11.45,11554,0
2017-04-18,17:20:00,11.45,11.45,11.415,11.42,9408,0
2017-04-18,17:25:00,11.41,11.43,11.41,11.4275,6751,0
2017-04-18,17:30:00,11.42,11.42,11.38,11.38,7434,0
2017-04-18,17:35:00,11.38,11.45,11.375,11.45,10969,0
2017-04-18,17:40:00,11.45,11.48,11.44,11.45,10353,0
2017-04-18,17:45:00,11.46,11.47,11.44,11.44,8527,0
2017-04-18,17:50:00,11.45,11.4699,11.44,11.46,9813,0
2017-04-18,17:55:00,11.45,11.47,11.44,11.46,14979,0
2017-04-18,18:00:00,11.46,11.49,11.46,11.48,8243,0
2017-04-18,18:05:00,11.49,11.51,11.49,11.5,34751,0
2017-04-18,18:10:00,11.5,11.5001,11.46,11.47,25318,0
2017-04-18,18:15:00,11.475,11.475,11.46,11.46,4400,0
2017-04-18,18:20:00,11.4693,11.49,11.46,11.49,3300,0
2017-04-18,18:25:00,11.49,11.49,11.46,11.48,6800,0
2017-04-18,18:30:00,11.48,11.489,11.465,11.47,1629,0
2017-04-18,18:35:00,11.47,11.4701,11.46,11.46,4141,0
2017-04-18,18:40:00,11.45,11.45,11.44,11.44,2514,0
2017-04-18,18:45:00,11.45,11.46,11.445,11.45,3700,0
2017-04-18,18:50:00,11.46,11.46,11.4499,11.45,3400,0
2017-04-18,18:55:00,11.45,11.46,11.44,11.45,3944,0
2017-04-18,19:00:00,11.45,11.5,11.45,11.48,10864,0
2017-04-18,19:05:00,11.48,11.49,11.48,11.49,2289,0
2017-04-18,19:10:00,11.49,11.49,11.475,11.49,11455,0
2017-04-18,19:15:00,11.5,11.52,11.485,11.49,11000,0
2017-04-18,19:20:00,11.48,11.5,11.48,11.5,1708,0
2017-04-18,19:25:00,11.5,11.5287,11.4889,11.52,18313,0
2017-04-18,19:30:00,11.52,11.5401,11.52,11.53,6600,0
2017-04-18,19:35:00,11.52,11.5394,11.5,11.5,10721,0
2017-04-18,19:40:00,11.5,11.52,11.5,11.52,3692,0
2017-04-18,19:45:00,11.53,11.54,11.51,11.52,8787,0
2017-04-18,19:50:00,11.52,11.52,11.52,11.52,3657,0
2017-04-18,19:55:00,11.52,11.54,11.52,11.53,6588,0
2017-04-18,20:00:00,11.53,11.535,11.52,11.52,2000,0
2017-04-18,20:05:00,11.53,11.54,11.52,11.52,7936,0
2017-04-18,20:10:00,11.52,11.525,11.51,11.51,3050,0
2017-04-18,20:15:00,11.51,11.53,11.51,11.52,2800,0
2017-04-18,20:20:00,11.5257,11.5257,11.51,11.5238,5705,0
2017-04-18,20:25:00,11.525,11.5299,11.49,11.5,5012,0
2017-04-18,20:30:00,11.49,11.49,11.4733,11.49,4911,0
2017-04-18,20:35:00,11.49,11.5,11.47,11.475,3500,0
2017-04-18,20:40:00,11.47,11.47,11.45,11.47,4866,0
2017-04-18,20:45:00,11.465,11.48,11.465,11.48,1205,0
2017-04-18,20:50:00,11.47,11.5,11.47,11.5,3700,0
2017-04-18,20:55:00,11.49,11.5,11.49,11.495,1600,0
2017-04-18,21:00:00,11.5,11.505,11.495,11.5,5750,0
2017-04-18,21:05:00,11.5,11.505,11.49,11.505,3920,0
2017-04-18,21:10:00,11.51,11.52,11.51,11.52,5899,0
2017-04-18,21:15:00,11.53,11.535,11.525,11.53,6971,0
2017-04-18,21:20:00,11.525,11.53,11.515,11.52,3962,0
2017-04-18,21:25:00,11.52,11.53,11.51,11.52,5729,0
2017-04-18,21:30:00,11.52,11.52,11.495,11.51,6818,0
2017-04-18,21:35:00,11.52,11.52,11.5,11.5,5995,0
2017-04-18,21:40:00,11.495,11.5,11.495,11.5,5000,0
2017-04-18,21:45:00,11.5,11.5,11.49,11.5,5730,0
2017-04-18,21:50:00,11.51,11.51,11.49,11.5,12574,0
2017-04-18,21:55:00,11.5,11.51,11.495,11.51,9165,0
2017-04-18,22:00:00,11.51,11.535,11.46,11.51,158571,0
2017-04-19,15:35:00,11.37,11.37,11.35,11.35,2261,0
2017-04-19,15:40:00,11.35,11.38,11.34,11.38,2312,0
2017-04-19,15:45:00,11.38,11.405,11.37,11.37,3200,0
2017-04-19,15:50:00,11.36,11.36,11.34,11.3401,4150,0
2017-04-19,15:55:00,11.34,11.34,11.3,11.319,8952,0
2017-04-19,16:00:00,11.31,11.31,11.24,11.24,16502,0
2017-04-19,16:05:00,11.24,11.28,11.24,11.28,11170,0
2017-04-19,16:10:00,11.27,11.27,11.26,11.26,2270,0
2017-04-19,16:15:00,11.26,11.26,11.23,11.24,4590,0
2017-04-19,16:20:00,11.23,11.27,11.23,11.265,3400,0
2017-04-19,16:25:00,11.26,11.28,11.25,11.27,6601,0
2017-04-19,16:30:00,11.28,11.285,11.27,11.27,3743,0
2017-04-19,16:35:00,11.27,11.32,11.27,11.3,8540,0
2017-04-19,16:40:00,11.29,11.29,11.285,11.29,3006,0
2017-04-19,16:45:00,11.29,11.31,11.28,11.28,5830,0
2017-04-19,16:50:00,11.27,11.28,11.26,11.28,9574,0
2017-04-19,16:55:00,11.29,11.3,11.28,11.28,4150,0
2017-04-19,17:00:00,11.28,11.28,11.26,11.265,9082,0
2017-04-19,17:05:00,11.27,11.29,11.26,11.26,9754,0
2017-04-19,17:10:00,11.26,11.28,11.2525,11.28,10564,0
2017-04-19,17:15:00,11.28,11.28,11.27,11.27,5004,0
2017-04-19,17:20:00,11.271,11.28,11.27,11.274,2300,0
2017-04-19,17:25:00,11.27,11.28,11.25,11.25,10968,0
2017-04-19,17:30:00,11.25,11.28,11.24,11.26,9056,0
2017-04-19,17:35:00,11.25,11.28,11.25,11.26,4947,0
2017-04-19,17:40:00,11.26,11.2732,11.26,11.27,4901,0
2017-04-19,17:45:00,11.26,11.263,11.2,11.2,20480,0
2017-04-19,17:50:00,11.2,11.21,11.15,11.16,16272,0
2017-04-19,17:55:00,11.16,11.17,11.14,11.145,15377,0
2017-04-19,18:00:00,11.14,11.15,11.08,11.08,41644,0
2017-04-19,18:05:00,11.07,11.075,11,11.03,42049,0
2017-04-19,18:10:00,11.04,11.11,11.04,11.105,16274,0
2017-04-19,18:15:00,11.11,11.11,11.09,11.0999,3793,0
2017-04-19,18:20:00,11.1,11.13,11.09,11.12,20525,0
2017-04-19,18:25:00,11.13,11.13,11.11,11.12,2211,0
2017-04-19,18:30:00,11.12,11.15,11.12,11.12,6061,0
2017-04-19,18:35:00,11.1149,11.13,11.11,11.11,4136,0
2017-04-19,18:40:00,11.11,11.15,11.09,11.15,12329,0
2017-04-19,18:45:00,11.14,11.14,11.11,11.11,5454,0
2017-04-19,18:50:00,11.1,11.15,11.08,11.15,8664,0
2017-04-19,18:55:00,11.15,11.15,11.095,11.11,10485,0
2017-04-19,19:00:00,11.12,11.14,11.1,11.12,8209,0
2017-04-19,19:05:00,11.115,11.14,11.1,11.12,11751,0
2017-04-19,19:10:00,11.12,11.15,11.12,11.135,6636,0
2017-04-19,19:15:00,11.13,11.14,11.11,11.14,5658,0
2017-04-19,19:20:00,11.14,11.14,11.09,11.11,7178,0
2017-04-19,19:25:00,11.11,11.13,11.08,11.095,17208,0
2017-04-19,19:30:00,11.1,11.11,11.08,11.08,10511,0
2017-04-19,19:35:00,11.08,11.08,11.045,11.05,14261,0
2017-04-19,19:40:00,11.06,11.13,11.06,11.1,26522,0
2017-04-19,19:45:00,11.11,11.11,11.08,11.1,12543,0
2017-04-19,19:50:00,11.09,11.11,11.08,11.1,8840,0
2017-04-19,19:55:00,11.09,11.11,11.07,11.1,15994,0
2017-04-19,20:00:00,11.1,11.12,11.08,11.1,12395,0
2017-04-19,20:05:00,11.09,11.09,11.06,11.06,17551,0
2017-04-19,20:10:00,11.058,11.07,11.05,11.06,12540,0
2017-04-19,20:15:00,11.06,11.07,11.05,11.06,13373,0
2017-04-19,20:20:00,11.06,11.1,11.06,11.085,9809,0
2017-04-19,20:25:00,11.09,11.1,11.07,11.075,5426,0
2017-04-19,20:30:00,11.07,11.1,11.07,11.1,6581,0
2017-04-19,20:35:00,11.095,11.11,11.09,11.1,8331,0
2017-04-19,20:40:00,11.09,11.09,11.06,11.07,7580,0
2017-04-19,20:45:00,11.08,11.09,11.07,11.09,9200,0
2017-04-19,20:50:00,11.08,11.09,11.07,11.08,8177,0
2017-04-19,20:55:00,11.0833,11.11,11.08,11.1,8950,0
2017-04-19,21:00:00,11.1,11.1,11.08,11.09,4830,0
2017-04-19,21:05:00,11.09,11.11,11.08,11.11,9596,0
2017-04-19,21:10:00,11.11,11.12,11.1,11.12,9102,0
2017-04-19,21:15:00,11.11,11.1118,11.09,11.095,7903,0
2017-04-19,21:20:00,11.09,11.1,11.075,11.09,19413,0
2017-04-19,21:25:00,11.1,11.13,11.095,11.12,5976,0
2017-04-19,21:30:00,11.12,11.13,11.12,11.1254,8464,0
2017-04-19,21:35:00,11.13,11.15,11.12,11.15,13729,0
2017-04-19,21:40:00,11.15,11.16,11.145,11.16,6350,0
2017-04-19,21:45:00,11.155,11.16,11.14,11.15,9475,0
2017-04-19,21:50:00,11.15,11.18,11.15,11.175,15808,0
2017-04-19,21:55:00,11.18,11.24,11.175,11.23,77156,0
2017-04-19,22:00:00,11.24,11.24,11.19,11.23,481537,0
2017-04-20,15:35:00,11.17,11.19,11.13,11.13,6521,0
2017-04-20,15:40:00,11.13,11.14,11.08,11.08,10818,0
2017-04-20,15:45:00,11.08,11.14,11.08,11.12,10536,0
2017-04-20,15:50:00,11.12,11.16,11.1158,11.15,4812,0
2017-04-20,15:55:00,11.15,11.15,11.08,11.08,3931,0
2017-04-20,16:00:00,11.09,11.09,11.07,11.07,5400,0
2017-04-20,16:05:00,11.08,11.12,11.065,11.11,14430,0
2017-04-20,16:10:00,11.1,11.14,11.09,11.11,9680,0
2017-04-20,16:15:00,11.12,11.12,11.08,11.11,8641,0
2017-04-20,16:20:00,11.09,11.09,11.07,11.07,3200,0
2017-04-20,16:25:00,11.08,11.09,11.08,11.09,3700,0
2017-04-20,16:30:00,11.1,11.11,11.08,11.08,4000,0
2017-04-20,16:35:00,11.08,11.14,11.08,11.14,12087,0
2017-04-20,16:40:00,11.14,11.165,11.12,11.14,12550,0
2017-04-20,16:45:00,11.13,11.14,11.13,11.135,2350,0
2017-04-20,16:50:00,11.13,11.16,11.13,11.16,4640,0
2017-04-20,16:55:00,11.16,11.1662,11.15,11.15,3200,0
2017-04-20,17:00:00,11.15,11.17,11.15,11.16,5250,0
2017-04-20,17:05:00,11.16,11.17,11.15,11.15,6009,0
2017-04-20,17:10:00,11.15,11.15,11.13,11.14,2558,0
2017-04-20,17:15:00,11.14,11.14,11.12,11.12,3461,0
2017-04-20,17:20:00,11.11,11.125,11.11,11.11,4404,0
2017-04-20,17:25:00,11.11,11.1264,11.11,11.12,4250,0
2017-04-20,17:30:00,11.115,11.13,11.105,11.12,5229,0
2017-04-20,17:35:00,11.13,11.14,11.13,11.13,3500,0
2017-04-20,17:40:00,11.14,11.14,11.14,11.14,1400,0
2017-04-20,17:45:00,11.14,11.14,11.125,11.125,1440,0
2017-04-20,17:50:00,11.12,11.12,11.1,11.1,2192,0
2017-04-20,17:55:00,11.1,11.13,11.095,11.1238,7904,0
2017-04-20,18:00:00,11.12,11.12,11.09,11.0999,2895,0
2017-04-20,18:05:00,11.09,11.09,11.08,11.09,7961,0
2017-04-20,18:10:00,11.081,11.085,11.081,11.085,400,0
2017-04-20,18:15:00,11.09,11.12,11.085,11.115,6400,0
2017-04-20,18:20:00,11.12,11.13,11.115,11.12,7495,0
2017-04-20,18:25:00,11.12,11.12,11.115,11.12,1995,0
2017-04-20,18:30:00,11.12,11.14,11.12,11.14,2100,0
2017-04-20,18:35:00,11.13,11.13,11.1232,11.1232,1544,0
2017-04-20,18:40:00,11.13,11.14,11.13,11.13,2420,0
2017-04-20,18:45:00,11.14,11.14,11.13,11.13,4489,0
2017-04-20,18:50:00,11.135,11.14,11.135,11.14,549,0
2017-04-20,18:55:00,11.16,11.18,11.16,11.17,5987,0
2017-04-20,19:00:00,11.16,11.16,11.15,11.15,2200,0
2017-04-20,19:05:00,11.15,11.16,11.15,11.16,850,0
2017-04-20,19:10:00,11.16,11.165,11.16,11.16,1417,0
2017-04-20,19:15:00,11.16,11.16,11.15,11.16,3900,0
2017-04-20,19:20:00,11.17,11.2,11.17,11.2,3030,0
2017-04-20,19:25:00,11.2,11.2,11.2,11.2,400,0
2017-04-20,19:30:00,11.2,11.2,11.2,11.2,400,0
2017-04-20,19:35:00,11.205,11.205,11.205,11.205,300,0
2017-04-20,19:40:00,11.2,11.2,11.15,11.15,12905,0
2017-04-20,19:45:00,11.16,11.1675,11.16,11.16,1308,0
2017-04-20,19:50:00,11.1637,11.1637,11.16,11.16,1089,0
2017-04-20,20:00:00,11.16,11.16,11.15,11.15,800,0
2017-04-20,20:05:00,11.15,11.15,11.14,11.15,3301,0
2017-04-20,20:10:00,11.14,11.17,11.14,11.17,2500,0
2017-04-20,20:15:00,11.16,11.16,11.16,11.16,1300,0
2017-04-20,20:20:00,11.17,11.185,11.17,11.17,3300,0
2017-04-20,20:25:00,11.16,11.16,11.15,11.15,600,0
2017-04-20,20:30:00,11.15,11.16,11.15,11.15,2111,0
2017-04-20,20:35:00,11.14,11.14,11.135,11.135,1000,0
2017-04-20,20:40:00,11.14,11.15,11.12,11.15,5100,0
2017-04-20,20:45:00,11.15,11.1543,11.14,11.1507,4121,0
2017-04-20,20:50:00,11.15,11.15,11.13,11.13,2500,0
2017-04-20,20:55:00,11.135,11.15,11.135,11.15,785,0
2017-04-20,21:00:00,11.14,11.14,11.14,11.14,2700,0
2017-04-20,21:05:00,11.14,11.15,11.14,11.15,3000,0
2017-04-20,21:10:00,11.14,11.14,11.12,11.12,3601,0
2017-04-20,21:15:00,11.125,11.125,11.11,11.11,6480,0
2017-04-20,21:20:00,11.11,11.13,11.11,11.12,7000,0
2017-04-20,21:25:00,11.12,11.125,11.12,11.125,1932,0
2017-04-20,21:30:00,11.12,11.12,11.115,11.115,3800,0
2017-04-20,21:35:00,11.11,11.13,11.1,11.115,10355,0
2017-04-20,21:40:00,11.11,11.125,11.11,11.125,3600,0
2017-04-20,21:45:00,11.12,11.15,11.12,11.15,19906,0
2017-04-20,21:50:00,11.15,11.165,11.13,11.13,13910,0
2017-04-20,21:55:00,11.13,11.16,11.13,11.155,10920,0
2017-04-20,22:00:00,11.155,11.2,11.15,11.19,186299,0
2017-04-21,15:35:00,11.13,11.14,11.13,11.14,4622,0
2017-04-21,15:40:00,11.12,11.15,11.09,11.15,4526,0
2017-04-21,15:45:00,11.14,11.15,11.14,11.14,4350,0
2017-04-21,15:50:00,11.14,11.17,11.14,11.16,8451,0
2017-04-21,15:55:00,11.17,11.19,11.165,11.19,9491,0
2017-04-21,16:00:00,11.19,11.21,11.18,11.2,8794,0
2017-04-21,16:05:00,11.19,11.21,11.18,11.19,5100,0
2017-04-21,16:10:00,11.18,11.1899,11.165,11.1899,6395,0
2017-04-21,16:15:00,11.18,11.21,11.165,11.21,4200,0
2017-04-21,16:20:00,11.2,11.2,11.135,11.16,9300,0
2017-04-21,16:25:00,11.16,11.1642,11.155,11.16,5737,0
2017-04-21,16:30:00,11.16,11.16,11.15,11.16,5293,0
2017-04-21,16:35:00,11.16,11.16,11.15,11.15,6252,0
2017-04-21,16:40:00,11.15,11.17,11.15,11.17,2350,0
2017-04-21,16:45:00,11.17,11.21,11.1699,11.19,15400,0
2017-04-21,16:50:00,11.18,11.19,11.18,11.19,3195,0
2017-04-21,16:55:00,11.19,11.19,11.18,11.18,1300,0
2017-04-21,17:00:00,11.18,11.18,11.175,11.1753,3523,0
2017-04-21,17:05:00,11.18,11.2,11.17,11.19,3500,0
2017-04-21,17:10:00,11.19,11.235,11.185,11.22,5827,0
2017-04-21,17:15:00,11.21,11.21,11.165,11.17,5200,0
2017-04-21,17:20:00,11.15,11.15,11.12,11.14,7500,0
2017-04-21,17:25:00,11.14,11.16,11.12,11.13,6681,0
2017-04-21,17:30:00,11.13,11.15,11.12,11.15,7808,0
2017-04-21,17:35:00,11.15,11.16,11.14,11.16,4478,0
2017-04-21,17:40:00,11.16,11.16,11.15,11.15,2407,0
2017-04-21,17:45:00,11.15,11.15,11.12,11.13,10695,0
2017-04-21,17:50:00,11.14,11.14,11.135,11.135,2803,0
2017-04-21,17:55:00,11.14,11.15,11.14,11.14,3087,0
2017-04-21,18:00:00,11.14,11.15,11.135,11.14,2677,0
2017-04-21,18:05:00,11.14,11.15,11.14,11.14,3277,0
2017-04-21,18:10:00,11.14,11.15,11.135,11.135,2600,0
2017-04-21,18:15:00,11.14,11.1443,11.135,11.135,2367,0
2017-04-21,18:20:00,11.14,11.16,11.14,11.15,4105,0
2017-04-21,18:25:00,11.15,11.16,11.15,11.16,2020,0
2017-04-21,18:30:00,11.16,11.17,11.15,11.16,4896,0
2017-04-21,18:35:00,11.16,11.17,11.15,11.155,2125,0
2017-04-21,18:40:00,11.15,11.16,11.15,11.15,2455,0
2017-04-21,18:45:00,11.15,11.15,11.14,11.14,700,0
2017-04-21,18:55:00,11.14,11.14,11.13,11.135,5770,0
2017-04-21,19:00:00,11.13,11.137,11.12,11.13,3734,0
2017-04-21,19:05:00,11.13,11.14,11.12,11.14,3800,0
2017-04-21,19:10:00,11.13,11.13,11.13,11.13,1300,0
2017-04-21,19:15:00,11.13,11.16,11.105,11.11,8091,0
2017-04-21,19:20:00,11.11,11.12,11.11,11.11,1642,0
2017-04-21,19:25:00,11.11,11.11,11.09,11.1,3936,0
2017-04-21,19:30:00,11.1,11.13,11.1,11.12,4970,0
2017-04-21,19:35:00,11.12,11.12,11.11,11.11,4800,0
2017-04-21,19:40:00,11.11,11.115,11.11,11.115,400,0
2017-04-21,19:45:00,11.11,11.11,11.1,11.1,1400,0
2017-04-21,19:50:00,11.11,11.115,11.11,11.115,1500,0
2017-04-21,19:55:00,11.12,11.12,11.12,11.12,1600,0
2017-04-21,20:00:00,11.13,11.13,11.08,11.11,8398,0
2017-04-21,20:05:00,11.1,11.1,11.09,11.1,2882,0
2017-04-21,20:10:00,11.09,11.09,11.075,11.09,5940,0
2017-04-21,20:15:00,11.08,11.08,11.07,11.0701,1350,0
2017-04-21,20:20:00,11.07,11.07,11.065,11.07,1500,0
2017-04-21,20:25:00,11.08,11.09,11.0625,11.09,3661,0
2017-04-21,20:30:00,11.09,11.09,11.09,11.09,200,0
2017-04-21,20:35:00,11.1,11.1066,11.08,11.08,3150,0
2017-04-21,20:40:00,11.08,11.08,11.07,11.07,1200,0
2017-04-21,20:45:00,11.065,11.065,11.065,11.065,100,0
2017-04-21,20:50:00,11.07,11.08,11.065,11.08,3109,0
2017-04-21,20:55:00,11.09,11.1,11.08,11.09,4680,0
2017-04-21,21:00:00,11.09,11.1,11.08,11.09,6485,0
2017-04-21,21:05:00,11.09,11.11,11.09,11.11,5510,0
2017-04-21,21:10:00,11.1,11.11,11.09,11.09,4000,0
2017-04-21,21:15:00,11.095,11.1,11.09,11.1,4032,0
2017-04-21,21:20:00,11.1,11.1,11.095,11.1,2806,0
2017-04-21,21:25:00,11.1,11.1043,11.095,11.1043,3150,0
2017-04-21,21:30:00,11.1,11.11,11.1,11.1,3623,0
2017-04-21,21:35:00,11.1,11.1,11.09,11.095,3000,0
2017-04-21,21:40:00,11.09,11.11,11.09,11.11,11500,0
2017-04-21,21:45:00,11.11,11.14,11.1,11.13,43973,0
2017-04-21,21:50:00,11.13,11.15,11.1,11.1,32722,0
2017-04-21,21:55:00,11.1,11.13,11.1,11.11,16569,0
2017-04-21,22:00:00,11.12,11.13,11.1,11.12,153470,0
2017-04-24,15:35:00,10.99,10.99,10.84,10.98,18095,0
2017-04-24,15:40:00,10.9999,11.01,10.93,10.95,11894,0
2017-04-24,15:45:00,10.95,10.98,10.95,10.98,3800,0
2017-04-24,15:50:00,10.98,11.01,10.97,10.98,7861,0
2017-04-24,15:55:00,10.97,10.99,10.96,10.98,5100,0
2017-04-24,16:00:00,10.99,10.99,10.93,10.94,10200,0
2017-04-24,16:05:00,10.94,10.94,10.88,10.89,16150,0
2017-04-24,16:10:00,10.89,10.91,10.88,10.9,4709,0
2017-04-24,16:15:00,10.89,10.9,10.87,10.87,11958,0
2017-04-24,16:20:00,10.88,10.89,10.86,10.88,31820,0
2017-04-24,16:25:00,10.89,10.89,10.88,10.89,3539,0
2017-04-24,16:30:00,10.89,10.89,10.88,10.89,2700,0
2017-04-24,16:35:00,10.9,10.93,10.9,10.92,2850,0
2017-04-24,16:40:00,10.93,10.95,10.92,10.9363,11138,0
2017-04-24,16:45:00,10.94,10.95,10.91,10.91,6559,0
2017-04-24,16:50:00,10.92,10.93,10.9,10.9,6388,0
2017-04-24,16:55:00,10.91,10.93,10.91,10.92,2700,0
2017-04-24,17:00:00,10.91,10.91,10.89,10.91,8300,0
2017-04-24,17:05:00,10.9,10.9,10.88,10.89,5350,0
2017-04-24,17:10:00,10.89,10.91,10.89,10.91,4556,0
2017-04-24,17:15:00,10.9099,10.92,10.885,10.9,5905,0
2017-04-24,17:20:00,10.91,10.93,10.91,10.91,5652,0
2017-04-24,17:25:00,10.91,10.96,10.91,10.93,5601,0
2017-04-24,17:30:00,10.93,10.93,10.91,10.91,8131,0
2017-04-24,17:35:00,10.9,10.9,10.89,10.89,2889,0
2017-04-24,17:40:00,10.89,10.9,10.88,10.9,4655,0
2017-04-24,17:45:00,10.89,10.89,10.875,10.88,2100,0
2017-04-24,17:50:00,10.88,10.89,10.875,10.89,2790,0
2017-04-24,17:55:00,10.89,10.89,10.87,10.88,3251,0
2017-04-24,18:00:00,10.89,10.8901,10.89,10.89,2151,0
2017-04-24,18:05:00,10.89,10.89,10.88,10.88,6401,0
2017-04-24,18:10:00,10.88,10.89,10.88,10.88,1600,0
2017-04-24,18:20:00,10.88,10.88,10.88,10.88,1481,0
2017-04-24,18:25:00,10.87,10.87,10.85,10.85,4289,0
2017-04-24,18:30:00,10.86,10.86,10.86,10.86,950,0
2017-04-24,18:35:00,10.87,10.87,10.86,10.865,500,0
2017-04-24,18:40:00,10.86,10.86,10.85,10.85,3801,0
2017-04-24,18:45:00,10.85,10.86,10.85,10.86,1801,0
2017-04-24,18:50:00,10.85,10.85,10.85,10.85,1982,0
2017-04-24,18:55:00,10.85,10.85,10.85,10.85,2900,0
2017-04-24,19:00:00,10.85,10.85,10.845,10.85,1723,0
2017-04-24,19:05:00,10.87,10.87,10.87,10.87,300,0
2017-04-24,19:10:00,10.86,10.86,10.845,10.85,3700,0
2017-04-24,19:15:00,10.85,10.85,10.83,10.84,7356,0
2017-04-24,19:20:00,10.83,10.84,10.82,10.82,2756,0
2017-04-24,19:25:00,10.8179,10.83,10.81,10.83,3530,0
2017-04-24,19:30:00,10.83,10.84,10.81,10.83,10024,0
2017-04-24,19:35:00,10.82,10.82,10.81,10.81,600,0
2017-04-24,19:40:00,10.81,10.82,10.81,10.82,1200,0
2017-04-24,19:45:00,10.82,10.82,10.82,10.82,600,0
2017-04-24,19:50:00,10.82,10.82,10.81,10.81,3345,0
2017-04-24,19:55:00,10.82,10.82,10.82,10.82,1199,0
2017-04-24,20:00:00,10.82,10.82,10.79,10.79,3083,0
2017-04-24,20:05:00,10.8,10.82,10.8,10.81,7289,0
2017-04-24,20:10:00,10.8021,10.82,10.8021,10.82,1850,0
2017-04-24,20:15:00,10.83,10.83,10.83,10.83,100,0
2017-04-24,20:20:00,10.821,10.83,10.82,10.83,1950,0
2017-04-24,20:25:00,10.83,10.83,10.825,10.83,3198,0
2017-04-24,20:30:00,10.84,10.84,10.825,10.825,5303,0
2017-04-24,20:35:00,10.83,10.84,10.83,10.84,2537,0
2017-04-24,20:40:00,10.84,10.85,10.84,10.85,1900,0
2017-04-24,20:45:00,10.85,10.86,10.85,10.85,3018,0
2017-04-24,20:50:00,10.84,10.84,10.84,10.84,500,0
2017-04-24,20:55:00,10.835,10.86,10.835,10.86,4700,0
2017-04-24,21:00:00,10.87,10.87,10.86,10.87,2609,0
2017-04-24,21:05:00,10.87,10.88,10.87,10.87,3760,0
2017-04-24,21:10:00,10.86,10.9,10.86,10.89,3872,0
2017-04-24,21:15:00,10.891,10.891,10.885,10.885,5600,0
2017-04-24,21:20:00,10.89,10.89,10.875,10.88,3400,0
2017-04-24,21:25:00,10.87,10.88,10.87,10.88,5959,0
2017-04-24,21:30:00,10.89,10.9,10.885,10.9,1400,0
2017-04-24,21:35:00,10.89,10.89,10.88,10.89,2965,0
2017-04-24,21:40:00,10.89,10.92,10.88,10.92,14600,0
2017-04-24,21:45:00,10.92,10.95,10.92,10.94,42859,0
2017-04-24,21:50:00,10.95,10.96,10.93,10.94,12862,0
2017-04-24,21:55:00,10.94,10.95,10.93,10.94,12061,0
2017-04-24,22:00:00,10.94,10.97,10.92,10.97,132649,0
2017-04-25,15:35:00,10.81,10.84,10.78,10.82,17570,0
2017-04-25,15:40:00,10.8148,10.8148,10.73,10.73,20367,0
2017-04-25,15:45:00,10.73,10.76,10.71,10.72,17610,0
2017-04-25,15:50:00,10.72,10.72,10.64,10.64,20671,0
2017-04-25,15:55:00,10.63,10.69,10.63,10.64,27150,0
2017-04-25,16:00:00,10.63,10.65,10.59,10.61,31928,0
2017-04-25,16:05:00,10.62,10.66,10.6,10.66,22997,0
2017-04-25,16:10:00,10.67,10.67,10.62,10.646,11200,0
2017-04-25,16:15:00,10.64,10.67,10.63,10.67,8958,0
2017-04-25,16:20:00,10.67,10.68,10.64,10.65,14513,0
2017-04-25,16:25:00,10.65,10.65,10.59,10.6,15988,0
2017-04-25,16:30:00,10.59,10.6,10.58,10.6,9541,0
2017-04-25,16:35:00,10.59,10.6,10.57,10.58,35007,0
2017-04-25,16:40:00,10.57,10.57,10.5,10.53,23008,0
2017-04-25,16:45:00,10.52,10.5242,10.49,10.51,12143,0
2017-04-25,16:50:00,10.5,10.5,10.44,10.44,22775,0
2017-04-25,16:55:00,10.44,10.5,10.44,10.48,7243,0
2017-04-25,17:00:00,10.48,10.4916,10.48,10.48,6675,0
2017-04-25,17:05:00,10.48,10.49,10.46,10.49,6768,0
2017-04-25,17:10:00,10.48,10.49,10.47,10.47,4434,0
2017-04-25,17:15:00,10.48,10.48,10.465,10.47,3994,0
2017-04-25,17:20:00,10.47,10.47,10.43,10.44,8919,0
2017-04-25,17:25:00,10.435,10.44,10.43,10.435,5700,0
2017-04-25,17:30:00,10.43,10.4593,10.425,10.45,12955,0
2017-04-25,17:35:00,10.46,10.47,10.46,10.47,400,0
2017-04-25,17:40:00,10.47,10.47,10.44,10.44,6400,0
2017-04-25,17:45:00,10.4453,10.45,10.44,10.44,2060,0
2017-04-25,17:50:00,10.445,10.45,10.435,10.435,1700,0
2017-04-25,17:55:00,10.44,10.46,10.435,10.46,6234,0
2017-04-25,18:00:00,10.455,10.46,10.45,10.45,1500,0
2017-04-25,18:05:00,10.46,10.47,10.42,10.43,9988,0
2017-04-25,18:10:00,10.43,10.43,10.37,10.37,11131,0
2017-04-25,18:15:00,10.37,10.37,10.36,10.36,5969,0
2017-04-25,18:20:00,10.35,10.37,10.32,10.32,13064,0
2017-04-25,18:25:00,10.32,10.329,10.3142,10.32,8408,0
2017-04-25,18:30:00,10.31,10.32,10.3,10.32,5200,0
2017-04-25,18:35:00,10.33,10.33,10.31,10.32,5300,0
2017-04-25,18:40:00,10.32,10.33,10.31,10.32,6466,0
2017-04-25,18:45:00,10.31,10.31,10.2975,10.2975,10064,0
2017-04-25,18:50:00,10.3,10.31,10.3,10.305,950,0
2017-04-25,18:55:00,10.3099,10.31,10.3,10.3,4100,0
2017-04-25,19:00:00,10.31,10.33,10.3099,10.33,6796,0
2017-04-25,19:05:00,10.32,10.32,10.31,10.31,2990,0
2017-04-25,19:10:00,10.31,10.34,10.31,10.33,3728,0
2017-04-25,19:15:00,10.33,10.34,10.32,10.33,10044,0
2017-04-25,19:20:00,10.34,10.36,10.33,10.36,5141,0
2017-04-25,19:25:00,10.35,10.3564,10.33,10.34,7219,0
2017-04-25,19:30:00,10.34,10.35,10.33,10.35,3600,0
2017-04-25,19:35:00,10.35,10.35,10.34,10.34,3761,0
2017-04-25,19:40:00,10.35,10.35,10.3348,10.34,3250,0
2017-04-25,19:45:00,10.34,10.345,10.33,10.33,3675,0
2017-04-25,19:50:00,10.34,10.36,10.34,10.35,6932,0
2017-04-25,19:55:00,10.36,10.36,10.36,10.36,2097,0
2017-04-25,20:00:00,10.35,10.37,10.35,10.35,5424,0
2017-04-25,20:05:00,10.36,10.36,10.35,10.35,500,0
2017-04-25,20:10:00,10.35,10.36,10.345,10.35,4595,0
2017-04-25,20:15:00,10.36,10.37,10.35,10.36,9429,0
2017-04-25,20:20:00,10.35,10.38,10.35,10.35,9564,0
2017-04-25,20:25:00,10.35,10.35,10.34,10.35,2917,0
2017-04-25,20:30:00,10.35,10.38,10.35,10.38,3103,0
2017-04-25,20:35:00,10.38,10.4,10.38,10.4,4634,0
2017-04-25,20:40:00,10.39,10.4,10.39,10.39,3650,0
2017-04-25,20:45:00,10.39,10.4,10.38,10.395,4795,0
2017-04-25,20:50:00,10.39,10.399,10.39,10.395,2750,0
2017-04-25,20:55:00,10.4,10.4,10.4,10.4,1050,0
2017-04-25,21:00:00,10.4,10.4,10.38,10.39,5050,0
2017-04-25,21:05:00,10.385,10.385,10.38,10.38,2161,0
2017-04-25,21:10:00,10.38,10.4,10.38,10.4,3795,0
2017-04-25,21:15:00,10.4,10.4,10.39,10.39,3100,0
2017-04-25,21:20:00,10.38,10.385,10.375,10.38,7050,0
2017-04-25,21:25:00,10.39,10.39,10.38,10.38,2645,0
2017-04-25,21:30:00,10.37,10.37,10.35,10.37,16725,0
2017-04-25,21:35:00,10.37,10.37,10.36,10.365,7700,0
2017-04-25,21:40:00,10.36,10.38,10.36,10.38,25614,0
2017-04-25,21:45:00,10.37,10.41,10.37,10.405,34916,0
2017-04-25,21:50:00,10.41,10.415,10.39,10.4,28347,0
2017-04-25,21:55:00,10.4,10.41,10.4,10.405,21754,0
2017-04-25,22:00:00,10.41,10.5,10.4,10.5,470032,0
2017-04-26,15:35:00,10.42,10.48,10.34,10.35,10432,0
2017-04-26,15:40:00,10.33,10.42,10.33,10.41,9929,0
2017-04-26,15:45:00,10.42,10.42,10.33,10.36,13520,0
2017-04-26,15:50:00,10.38,10.44,10.38,10.43,11552,0
2017-04-26,15:55:00,10.43,10.44,10.41,10.41,7156,0
2017-04-26,16:00:00,10.41,10.43,10.41,10.42,7001,0
2017-04-26,16:05:00,10.42,10.42,10.4,10.41,2950,0
2017-04-26,16:10:00,10.41,10.41,10.39,10.39,5260,0
2017-04-26,16:15:00,10.39,10.39,10.36,10.36,4300,0
2017-04-26,16:20:00,10.355,10.4099,10.35,10.4,6042,0
2017-04-26,16:25:00,10.4,10.45,10.4,10.44,9913,0
2017-04-26,16:30:00,10.43,10.465,10.42,10.46,7635,0
2017-04-26,16:35:00,10.475,10.48,10.44,10.47,10531,0
2017-04-26,16:40:00,10.48,10.48,10.45,10.45,8612,0
2017-04-26,16:45:00,10.45,10.45,10.43,10.43,2200,0
2017-04-26,16:50:00,10.43,10.43,10.405,10.42,4188,0
2017-04-26,16:55:00,10.42,10.42,10.39,10.4,3910,0
2017-04-26,17:00:00,10.4,10.41,10.4,10.4,1208,0
2017-04-26,17:05:00,10.4,10.42,10.4,10.41,3502,0
2017-04-26,17:10:00,10.4,10.4,10.39,10.39,3800,0
2017-04-26,17:15:00,10.38,10.4,10.38,10.39,1300,0
2017-04-26,17:20:00,10.39,10.4,10.39,10.39,500,0
2017-04-26,17:25:00,10.4,10.42,10.39,10.39,13150,0
2017-04-26,17:30:00,10.39,10.4,10.39,10.4,1800,0
2017-04-26,17:35:00,10.395,10.4,10.385,10.4,7152,0
2017-04-26,17:40:00,10.395,10.395,10.38,10.39,1623,0
2017-04-26,17:45:00,10.38,10.38,10.36,10.37,5208,0
2017-04-26,17:50:00,10.37,10.47,10.37,10.47,24131,0
2017-04-26,17:55:00,10.47,10.48,10.45,10.47,10903,0
2017-04-26,18:00:00,10.47,10.47,10.44,10.44,4900,0
2017-04-26,18:05:00,10.44,10.44,10.39,10.4,6505,0
2017-04-26,18:10:00,10.4,10.41,10.39,10.4,5686,0
2017-04-26,18:15:00,10.4,10.4,10.38,10.38,3912,0
2017-04-26,18:20:00,10.39,10.4,10.385,10.39,3163,0
2017-04-26,18:25:00,10.395,10.395,10.37,10.375,3450,0
2017-04-26,18:30:00,10.375,10.39,10.37,10.3748,5030,0
2017-04-26,18:35:00,10.38,10.38,10.35,10.35,27525,0
2017-04-26,18:40:00,10.36,10.36,10.34,10.36,7300,0
2017-04-26,18:45:00,10.35,10.36,10.34,10.34,4521,0
2017-04-26,18:50:00,10.34,10.35,10.335,10.34,4095,0
2017-04-26,18:55:00,10.34,10.35,10.2952,10.31,19381,0
2017-04-26,19:00:00,10.3085,10.31,10.28,10.28,6608,0
2017-04-26,19:05:00,10.28,10.286,10.26,10.27,11300,0
2017-04-26,19:10:00,10.27,10.28,10.25,10.25,11008,0
2017-04-26,19:15:00,10.26,10.28,10.255,10.28,8900,0
2017-04-26,19:20:00,10.28,10.31,10.28,10.29,4100,0
2017-04-26,19:25:00,10.29,10.3,10.26,10.28,2700,0
2017-04-26,19:30:00,10.26,10.27,10.24,10.25,23908,0
2017-04-26,19:35:00,10.25,10.27,10.25,10.27,5700,0
2017-04-26,19:40:00,10.26,10.27,10.22,10.23,6672,0
2017-04-26,19:45:00,10.23,10.23,10.2,10.2,12403,0
2017-04-26,19:50:00,10.21,10.27,10.19,10.27,21888,0
2017-04-26,19:55:00,10.26,10.27,10.24,10.25,5795,0
2017-04-26,20:00:00,10.25,10.28,10.25,10.28,9571,0
2017-04-26,20:05:00,10.28,10.37,10.28,10.35,23036,0
2017-04-26,20:10:00,10.35,10.425,10.35,10.39,19213,0
2017-04-26,20:15:00,10.3892,10.5,10.38,10.5,37853,0
2017-04-26,20:20:00,10.49,10.58,10.48,10.57,50796,0
2017-04-26,20:25:00,10.57,10.61,10.55,10.59,24846,0
2017-04-26,20:30:00,10.57,10.63,10.57,10.61,43947,0
2017-04-26,20:35:00,10.61,10.63,10.58,10.605,21703,0
2017-04-26,20:40:00,10.61,10.63,10.59,10.6,15752,0
2017-04-26,20:45:00,10.59,10.595,10.54,10.54,13415,0
2017-04-26,20:50:00,10.54,10.54,10.5,10.52,6500,0
2017-04-26,20:55:00,10.51,10.51,10.5,10.51,5800,0
2017-04-26,21:00:00,10.51,10.51,10.5,10.5,13046,0
2017-04-26,21:05:00,10.5,10.51,10.47,10.47,14967,0
2017-04-26,21:10:00,10.46,10.5,10.46,10.48,16700,0
2017-04-26,21:15:00,10.47,10.47,10.445,10.465,12250,0
2017-04-26,21:20:00,10.48,10.51,10.47,10.51,13117,0
2017-04-26,21:25:00,10.51,10.52,10.49,10.49,8623,0
2017-04-26,21:30:00,10.49,10.49,10.48,10.49,7506,0
2017-04-26,21:35:00,10.49,10.505,10.48,10.48,7853,0
2017-04-26,21:40:00,10.47,10.47,10.45,10.46,27844,0
2017-04-26,21:45:00,10.45,10.46,10.38,10.46,81535,0
2017-04-26,21:50:00,10.46,10.49,10.46,10.46,87139,0
2017-04-26,21:55:00,10.47,10.48,10.46,10.46,54645,0
2017-04-26,22:00:00,10.47,10.49,10.42,10.49,369352,0
