Date,Time,Open,High,Low,Close,Volume,OpenInt
2017-04-10,15:35:00,69.66,69.81,69.58,69.71,3652,0
2017-04-10,15:40:00,69.7,69.73,69.66,69.68,1100,0
2017-04-10,15:45:00,69.735,69.9224,69.735,69.9224,4600,0
2017-04-10,15:50:00,69.84,69.94,69.82,69.83,4900,0
2017-04-10,15:55:00,69.88,69.88,69.685,69.72,700,0
2017-04-10,16:00:00,69.78,69.78,69.44,69.6,4252,0
2017-04-10,16:05:00,69.65,69.71,69.57,69.71,2600,0
2017-04-10,16:10:00,69.69,69.93,69.69,69.9,3100,0
2017-04-10,16:15:00,69.865,69.865,69.74,69.74,1400,0
2017-04-10,16:20:00,69.73,69.79,69.67,69.75,3614,0
2017-04-10,16:25:00,69.7,69.78,69.695,69.695,3890,0
2017-04-10,16:30:00,69.69,69.78,69.67,69.73,2300,0
2017-04-10,16:35:00,69.76,70.07,69.76,70.07,5701,0
2017-04-10,16:40:00,70.08,70.1,69.97,70,4103,0
2017-04-10,16:45:00,69.97,70.12,69.97,70.07,5604,0
2017-04-10,16:50:00,70.05,70.08,69.99,70.01,3397,0
2017-04-10,16:55:00,70.02,70.05,69.98,70.0475,4000,0
2017-04-10,17:00:00,70.03,70.05,69.94,69.94,9001,0
2017-04-10,17:05:00,69.93,70.01,69.89,69.935,4152,0
2017-04-10,17:10:00,69.965,69.965,69.82,69.83,2034,0
2017-04-10,17:15:00,69.88,69.9,69.845,69.8562,4300,0
2017-04-10,17:20:00,69.86,69.9,69.845,69.87,2900,0
2017-04-10,17:25:00,69.89,69.94,69.89,69.94,2900,0
2017-04-10,17:30:00,69.96,70.02,69.92,69.97,2700,0
2017-04-10,17:35:00,69.95,69.975,69.605,69.605,3305,0
2017-04-10,17:40:00,69.56,69.67,69.54,69.54,8330,0
2017-04-10,17:45:00,69.58,69.605,69.45,69.56,3200,0
2017-04-10,17:50:00,69.565,69.68,69.54,69.64,8297,0
2017-04-10,17:55:00,69.65,69.815,69.65,69.8,4780,0
2017-04-10,18:00:00,69.79,69.9,69.76,69.89,13291,0
2017-04-10,18:05:00,69.88,69.98,69.87,69.98,7959,0
2017-04-10,18:10:00,69.96,69.96,69.76,69.8,2900,0
2017-04-10,18:15:00,69.79,69.79,69.45,69.45,2300,0
2017-04-10,18:20:00,69.44,69.5599,69.44,69.55,2250,0
2017-04-10,18:25:00,69.52,69.65,69.49,69.57,3812,0
2017-04-10,18:30:00,69.55,69.63,69.54,69.59,2205,0
2017-04-10,18:35:00,69.615,69.8,69.57,69.8,3851,0
2017-04-10,18:40:00,69.79,69.8,69.77,69.78,1276,0
2017-04-10,18:45:00,69.8,69.9,69.8,69.9,16395,0
2017-04-10,18:50:00,69.88,69.98,69.88,69.98,1200,0
2017-04-10,18:55:00,70,70.09,70,70.03,3000,0
2017-04-10,19:00:00,70.04,70.06,70,70.05,12600,0
2017-04-10,19:05:00,70.02,70.04,69.95,69.95,4301,0
2017-04-10,19:10:00,69.97,70.03,69.97,70.01,900,0
2017-04-10,19:15:00,70.039,70.16,70.03,70.16,12225,0
2017-04-10,19:20:00,70.13,70.13,70.06,70.13,5151,0
2017-04-10,19:25:00,70.14,70.19,70.14,70.19,800,0
2017-04-10,19:30:00,70.19,70.19,70.14,70.14,1600,0
2017-04-10,19:35:00,70.17,70.26,70.17,70.26,1400,0
2017-04-10,19:40:00,70.27,70.46,70.27,70.41,4331,0
2017-04-10,19:45:00,70.38,70.44,70.38,70.38,771,0
2017-04-10,19:50:00,70.37,70.39,70.33,70.38,2800,0
2017-04-10,19:55:00,70.34,70.38,70.27,70.27,4000,0
2017-04-10,20:00:00,70.29,70.32,70.29,70.32,1800,0
2017-04-10,20:05:00,70.31,70.31,70,70,5800,0
2017-04-10,20:10:00,70.01,70.12,70.01,70.06,3700,0
2017-04-10,20:15:00,70.04,70.12,70.04,70.12,3135,0
2017-04-10,20:20:00,70.18,70.2,70.12,70.12,3300,0
2017-04-10,20:25:00,70.11,70.2,70.11,70.2,1696,0
2017-04-10,20:30:00,70.2,70.22,70.1,70.1,2400,0
2017-04-10,20:35:00,70.05,70.12,70.05,70.12,2500,0
2017-04-10,20:40:00,70.13,70.14,70.08,70.11,3125,0
2017-04-10,20:45:00,70.07,70.22,70.07,70.215,2600,0
2017-04-10,20:50:00,70.22,70.34,70.22,70.285,3700,0
2017-04-10,20:55:00,70.31,70.35,70.27,70.285,3500,0
2017-04-10,21:00:00,70.27,70.31,70.21,70.23,4000,0
2017-04-10,21:05:00,70.2,70.22,70.14,70.165,3774,0
2017-04-10,21:10:00,70.18,70.26,70.175,70.21,7796,0
2017-04-10,21:15:00,70.18,70.25,70.16,70.22,5908,0
2017-04-10,21:20:00,70.22,70.3,70.19,70.24,6102,0
2017-04-10,21:25:00,70.19,70.2,70.07,70.09,5700,0
2017-04-10,21:30:00,70.11,70.12,70.07,70.1,7862,0
2017-04-10,21:35:00,70.1,70.17,70.07,70.11,11038,0
2017-04-10,21:40:00,70.12,70.14,70.08,70.13,7490,0
2017-04-10,21:45:00,70.11,70.17,70.09,70.14,10942,0
2017-04-10,21:50:00,70.1,70.11,70,70,13677,0
2017-04-10,21:55:00,70.02,70.08,70.01,70.02,16986,0
2017-04-10,22:00:00,70.02,70.11,70,70.08,39700,0
2017-04-11,15:35:00,70.1,70.24,70.1,70.24,1399,0
2017-04-11,15:40:00,69.85,69.85,69.5,69.82,2000,0
2017-04-11,15:45:00,69.76,69.79,69.72,69.72,1000,0
2017-04-11,15:50:00,69.78,69.78,69.5,69.6,1900,0
2017-04-11,15:55:00,69.63,69.68,69.44,69.55,3120,0
2017-04-11,16:00:00,69.53,69.53,69.39,69.52,1600,0
2017-04-11,16:05:00,69.64,69.9,69.64,69.88,2918,0
2017-04-11,16:10:00,69.855,69.855,69.73,69.8,1600,0
2017-04-11,16:15:00,69.82,69.905,69.81,69.825,1200,0
2017-04-11,16:20:00,69.77,69.855,69.69,69.775,2481,0
2017-04-11,16:25:00,69.795,69.795,69.54,69.54,1500,0
2017-04-11,16:30:00,69.61,69.89,69.61,69.89,1800,0
2017-04-11,16:35:00,69.85,69.88,69.54,69.54,3230,0
2017-04-11,16:40:00,69.535,69.765,69.46,69.765,2355,0
2017-04-11,16:45:00,69.755,69.755,69.48,69.6,3587,0
2017-04-11,16:50:00,69.58,69.715,69.57,69.6,4811,0
2017-04-11,16:55:00,69.6,69.67,69.35,69.35,5573,0
2017-04-11,17:00:00,69.43,69.47,69.39,69.41,2308,0
2017-04-11,17:05:00,69.44,69.585,69.42,69.55,5620,0
2017-04-11,17:10:00,69.55,69.74,69.52,69.66,8501,0
2017-04-11,17:15:00,69.62,69.65,69.53,69.53,1900,0
2017-04-11,17:20:00,69.48,69.65,69.45,69.54,1500,0
2017-04-11,17:25:00,69.56,69.68,69.56,69.68,1000,0
2017-04-11,17:30:00,69.63,69.66,69.56,69.66,1000,0
2017-04-11,17:35:00,69.67,69.7,69.63,69.7,1233,0
2017-04-11,17:40:00,69.86,69.9,69.81,69.9,500,0
2017-04-11,17:45:00,69.92,69.92,69.8,69.89,2836,0
2017-04-11,17:50:00,69.84,69.915,69.815,69.905,2200,0
2017-04-11,17:55:00,69.835,69.93,69.83,69.85,1798,0
2017-04-11,18:00:00,69.86,69.96,69.86,69.91,2587,0
2017-04-11,18:05:00,69.86,69.93,69.8,69.9,2800,0
2017-04-11,18:10:00,69.94,69.98,69.93,69.98,700,0
2017-04-11,18:15:00,69.95,70.13,69.935,70.13,2474,0
2017-04-11,18:20:00,70.11,70.16,70.085,70.16,3136,0
2017-04-11,18:25:00,70.22,70.34,70.21,70.34,1903,0
2017-04-11,18:30:00,70.3,70.36,70.285,70.36,600,0
2017-04-11,18:35:00,70.3,70.335,70.14,70.14,3466,0
2017-04-11,18:40:00,70.22,70.3,70.17,70.23,3000,0
2017-04-11,18:45:00,70.19,70.2,69.98,69.98,1356,0
2017-04-11,18:50:00,69.9982,70.02,69.87,69.91,5700,0
2017-04-11,18:55:00,69.9,69.99,69.86,69.99,9726,0
2017-04-11,19:00:00,69.9,70,69.87,69.87,1000,0
2017-04-11,19:05:00,69.92,70.13,69.92,70.13,1805,0
2017-04-11,19:10:00,70.16,70.2,70.07,70.08,2766,0
2017-04-11,19:15:00,70.08,70.1,69.98,69.98,1342,0
2017-04-11,19:20:00,69.97,70.07,69.97,70.07,900,0
2017-04-11,19:25:00,70.07,70.08,69.91,69.91,2000,0
2017-04-11,19:30:00,70.01,70.04,70.01,70.04,401,0
2017-04-11,19:35:00,70.04,70.13,70.01,70.11,2827,0
2017-04-11,19:40:00,70.13,70.25,70.13,70.25,777,0
2017-04-11,19:45:00,70.24,70.24,70.065,70.11,1500,0
2017-04-11,19:50:00,70.2,70.2,70.09,70.16,1200,0
2017-04-11,19:55:00,70.18,70.22,70.09,70.1,1400,0
2017-04-11,20:00:00,70.17,70.24,70.12,70.24,1205,0
2017-04-11,20:05:00,70.24,70.33,70.22,70.29,2290,0
2017-04-11,20:10:00,70.33,70.41,70.33,70.38,1995,0
2017-04-11,20:15:00,70.39,70.39,70.215,70.28,1900,0
2017-04-11,20:20:00,70.28,70.35,70.28,70.31,4837,0
2017-04-11,20:25:00,70.29,70.39,70.28,70.36,4627,0
2017-04-11,20:30:00,70.35,70.36,70.26,70.29,10819,0
2017-04-11,20:35:00,70.28,70.295,70.24,70.295,6764,0
2017-04-11,20:40:00,70.3,70.3,70.19,70.19,10757,0
2017-04-11,20:45:00,70.24,70.27,70.23,70.24,2421,0
2017-04-11,20:50:00,70.24,70.29,70.2,70.25,15313,0
2017-04-11,20:55:00,70.26,70.32,70.26,70.31,16940,0
2017-04-11,21:00:00,70.32,70.35,70.3,70.33,1400,0
2017-04-11,21:05:00,70.3,70.35,70.25,70.2806,2200,0
2017-04-11,21:10:00,70.33,70.33,70.15,70.18,1472,0
2017-04-11,21:15:00,70.2352,70.25,70.15,70.15,1555,0
2017-04-11,21:20:00,70.1,70.1,70.04,70.04,1200,0
2017-04-11,21:25:00,70.14,70.14,70.02,70.02,1900,0
2017-04-11,21:30:00,70.05,70.17,70.05,70.17,1302,0
2017-04-11,21:35:00,70.19,70.27,70.14,70.27,2700,0
2017-04-11,21:40:00,70.27,70.3,70.22,70.25,6830,0
2017-04-11,21:45:00,70.25,70.25,70.18,70.2,2915,0
2017-04-11,21:50:00,70.17,70.27,70.09,70.27,38568,0
2017-04-11,21:55:00,70.26,70.36,70.21,70.33,17600,0
2017-04-11,22:00:00,70.33,70.5,70.29,70.5,84136,0
2017-04-12,15:35:00,70.59,70.59,70.08,70.08,4061,0
2017-04-12,15:40:00,70.07,70.13,69.9,70.12,1100,0
2017-04-12,15:45:00,70.18,70.18,70.11,70.11,500,0
2017-04-12,15:50:00,70.07,70.15,70.03,70.08,1400,0
2017-04-12,15:55:00,69.96,70.09,69.89,69.89,2800,0
2017-04-12,16:00:00,69.77,69.81,69.57,69.57,1400,0
2017-04-12,16:05:00,69.71,69.71,69.47,69.555,2343,0
2017-04-12,16:10:00,69.63,69.71,69.54,69.54,2200,0
2017-04-12,16:15:00,69.52,69.52,69.37,69.37,700,0
2017-04-12,16:20:00,69.47,69.79,69.41,69.74,1700,0
2017-04-12,16:25:00,69.74,69.74,69.6,69.6,1200,0
2017-04-12,16:30:00,69.56,69.56,69.35,69.35,900,0
2017-04-12,16:35:00,69.42,69.51,69.41,69.5,2220,0
2017-04-12,16:40:00,69.485,69.54,69.41,69.51,6456,0
2017-04-12,16:45:00,69.47,69.47,69.25,69.25,1800,0
2017-04-12,16:50:00,69.15,69.15,68.91,68.91,2815,0
2017-04-12,16:55:00,68.91,68.98,68.82,68.91,3207,0
2017-04-12,17:00:00,68.915,68.96,68.82,68.83,2550,0
2017-04-12,17:05:00,68.86,68.86,68.69,68.69,1300,0
2017-04-12,17:10:00,68.76,68.9,68.71,68.9,2200,0
2017-04-12,17:15:00,68.82,68.85,68.82,68.85,300,0
2017-04-12,17:20:00,68.85,68.86,68.56,68.66,3400,0
2017-04-12,17:25:00,68.69,68.74,68.63,68.65,1952,0
2017-04-12,17:30:00,68.67,68.69,68.53,68.6,1400,0
2017-04-12,17:35:00,68.53,68.68,68.47,68.68,3029,0
2017-04-12,17:40:00,68.62,68.62,68.45,68.52,3000,0
2017-04-12,17:45:00,68.51,68.58,68.49,68.58,2351,0
2017-04-12,17:50:00,68.6174,68.6174,68.51,68.515,1900,0
2017-04-12,17:55:00,68.51,68.51,68.4,68.45,16117,0
2017-04-12,18:00:00,68.41,68.52,68.32,68.52,3226,0
2017-04-12,18:05:00,68.55,68.58,68.51,68.58,600,0
2017-04-12,18:10:00,68.61,68.69,68.61,68.69,600,0
2017-04-12,18:15:00,68.67,68.77,68.67,68.73,1520,0
2017-04-12,18:20:00,68.79,68.81,68.73,68.76,1000,0
2017-04-12,18:25:00,68.71,68.73,68.5501,68.64,2600,0
2017-04-12,18:30:00,68.66,68.66,68.51,68.51,1300,0
2017-04-12,18:35:00,68.51,68.615,68.4704,68.5925,2398,0
2017-04-12,18:40:00,68.58,68.59,68.46,68.46,2000,0
2017-04-12,18:45:00,68.5,68.59,68.5,68.565,1500,0
2017-04-12,18:50:00,68.58,68.68,68.58,68.61,2358,0
2017-04-12,18:55:00,68.58,68.58,68.5,68.51,800,0
2017-04-12,19:00:00,68.46,68.53,68.42,68.53,1600,0
2017-04-12,19:05:00,68.54,68.71,68.54,68.69,800,0
2017-04-12,19:10:00,68.66,68.875,68.59,68.855,5752,0
2017-04-12,19:15:00,68.87,68.87,68.7786,68.7786,3063,0
2017-04-12,19:20:00,68.78,68.8,68.69,68.71,1400,0
2017-04-12,19:25:00,68.67,68.69,68.58,68.69,1540,0
2017-04-12,19:30:00,68.7,68.7,68.65,68.65,1510,0
2017-04-12,19:35:00,68.75,68.75,68.65,68.72,3200,0
2017-04-12,19:40:00,68.68,68.88,68.68,68.88,1123,0
2017-04-12,19:45:00,68.87,68.93,68.87,68.88,1100,0
2017-04-12,19:50:00,68.93,68.98,68.87,68.98,1895,0
2017-04-12,19:55:00,68.99,69.02,68.91,68.97,2500,0
2017-04-12,20:00:00,68.92,69,68.87,69,3888,0
2017-04-12,20:05:00,68.99,69,68.86,68.89,1800,0
2017-04-12,20:10:00,68.85,68.85,68.75,68.75,1713,0
2017-04-12,20:15:00,68.74,68.84,68.72,68.72,2000,0
2017-04-12,20:20:00,68.72,68.745,68.72,68.73,1000,0
2017-04-12,20:25:00,68.7,68.74,68.68,68.68,1300,0
2017-04-12,20:30:00,68.65,68.74,68.65,68.7,600,0
2017-04-12,20:35:00,68.7,68.81,68.685,68.81,3120,0
2017-04-12,20:40:00,68.82,68.82,68.61,68.61,2855,0
2017-04-12,20:45:00,68.58,68.6,68.5,68.6,4288,0
2017-04-12,20:50:00,68.54,68.58,68.495,68.53,6300,0
2017-04-12,20:55:00,68.51,68.61,68.51,68.585,3500,0
2017-04-12,21:00:00,68.65,68.65,68.54,68.55,1613,0
2017-04-12,21:05:00,68.62,68.65,68.55,68.58,3584,0
2017-04-12,21:10:00,68.55,68.55,68.39,68.44,3683,0
2017-04-12,21:15:00,68.46,68.5,68.36,68.38,3006,0
2017-04-12,21:20:00,68.34,68.35,68.17,68.17,3815,0
2017-04-12,21:25:00,68.185,68.43,68.17,68.33,5622,0
2017-04-12,21:30:00,68.36,68.36,68.24,68.29,5988,0
2017-04-12,21:35:00,68.32,68.4798,68.3,68.4798,9300,0
2017-04-12,21:40:00,68.46,68.48,68.38,68.42,10915,0
2017-04-12,21:45:00,68.43,68.44,68.26,68.3,9793,0
2017-04-12,21:50:00,68.28,68.28,68.21,68.26,8200,0
2017-04-12,21:55:00,68.26,68.33,68.23,68.28,18068,0
2017-04-12,22:00:00,68.27,68.52,68.27,68.42,82393,0
2017-04-13,15:35:00,68.28,68.7,68.28,68.68,7285,0
2017-04-13,15:40:00,68.33,68.8,68.33,68.765,5062,0
2017-04-13,15:45:00,68.765,68.99,68.66,68.7,7232,0
2017-04-13,15:50:00,68.64,68.85,68.45,68.47,8396,0
2017-04-13,15:55:00,68.64,68.94,68.64,68.76,2402,0
2017-04-13,16:00:00,68.81,68.86,68.71,68.78,1700,0
2017-04-13,16:05:00,68.68,68.88,68.68,68.86,2600,0
2017-04-13,16:10:00,68.88,68.88,68.73,68.73,2303,0
2017-04-13,16:15:00,68.73,68.73,68.5,68.545,2011,0
2017-04-13,16:20:00,68.53,68.671,68.53,68.57,2025,0
2017-04-13,16:25:00,68.51,68.54,68.3,68.3,1700,0
2017-04-13,16:30:00,68.43,68.45,68.22,68.22,2439,0
2017-04-13,16:35:00,68.195,68.44,68.195,68.44,1185,0
2017-04-13,16:40:00,68.56,68.59,68.42,68.42,1763,0
2017-04-13,16:45:00,68.47,68.57,68.45,68.57,3199,0
2017-04-13,16:50:00,68.58,68.59,68.53,68.53,1810,0
2017-04-13,16:55:00,68.6,68.82,68.6,68.82,2703,0
2017-04-13,17:00:00,68.85,68.85,68.67,68.67,4300,0
2017-04-13,17:05:00,68.63,68.8,68.62,68.78,3214,0
2017-04-13,17:10:00,68.76,68.76,68.51,68.565,6949,0
2017-04-13,17:15:00,68.6,68.62,68.45,68.5,2585,0
2017-04-13,17:20:00,68.49,68.49,68.4,68.4,1416,0
2017-04-13,17:25:00,68.4,68.48,68.37,68.43,3098,0
2017-04-13,17:30:00,68.43,68.53,68.43,68.53,1200,0
2017-04-13,17:35:00,68.53,68.66,68.51,68.65,4012,0
2017-04-13,17:40:00,68.63,68.7,68.55,68.67,12523,0
2017-04-13,17:45:00,68.65,68.67,68.58,68.67,15600,0
2017-04-13,17:50:00,68.6946,68.74,68.65,68.65,1982,0
2017-04-13,17:55:00,68.68,68.72,68.675,68.715,1030,0
2017-04-13,18:00:00,68.69,68.69,68.65,68.675,5400,0
2017-04-13,18:05:00,68.65,68.74,68.57,68.57,38084,0
2017-04-13,18:10:00,68.58,68.59,68.07,68.07,3425,0
2017-04-13,18:15:00,68.115,68.21,68,68.16,12679,0
2017-04-13,18:20:00,68.12,68.14,68.06,68.06,1133,0
2017-04-13,18:25:00,68.04,68.04,67.9,67.9,3319,0
2017-04-13,18:30:00,67.925,67.925,67.77,67.84,9100,0
2017-04-13,18:35:00,67.87,68.06,67.87,68.03,2454,0
2017-04-13,18:40:00,68.06,68.1,68.04,68.04,3500,0
2017-04-13,18:45:00,68.01,68.02,67.96,67.97,1200,0
2017-04-13,18:50:00,67.98,67.98,67.72,67.75,3853,0
2017-04-13,18:55:00,67.795,67.85,67.78,67.82,2925,0
2017-04-13,19:00:00,67.81,67.91,67.8,67.86,3400,0
2017-04-13,19:05:00,67.84,67.84,67.745,67.785,1708,0
2017-04-13,19:10:00,67.75,67.77,67.7,67.73,4054,0
2017-04-13,19:15:00,67.75,67.78,67.625,67.66,6128,0
2017-04-13,19:20:00,67.685,67.75,67.685,67.74,2038,0
2017-04-13,19:25:00,67.74,67.74,67.6,67.61,2800,0
2017-04-13,19:30:00,67.64,67.74,67.64,67.72,5850,0
2017-04-13,19:35:00,67.72,67.79,67.7,67.73,4500,0
2017-04-13,19:40:00,67.735,67.79,67.71,67.71,2320,0
2017-04-13,19:45:00,67.7,67.7,67.66,67.66,2957,0
2017-04-13,19:50:00,67.54,67.54,67.4,67.45,5686,0
2017-04-13,19:55:00,67.41,67.51,67.41,67.47,4300,0
2017-04-13,20:00:00,67.48,67.48,67.32,67.34,12323,0
2017-04-13,20:05:00,67.355,67.47,67.34,67.47,5902,0
2017-04-13,20:10:00,67.5,67.635,67.48,67.57,9852,0
2017-04-13,20:15:00,67.6,67.66,67.57,67.57,4785,0
2017-04-13,20:20:00,67.57,67.61,67.49,67.51,6328,0
2017-04-13,20:25:00,67.54,67.6,67.47,67.5,9648,0
2017-04-13,20:30:00,67.495,67.61,67.495,67.61,2207,0
2017-04-13,20:35:00,67.59,67.6,67.52,67.52,2960,0
2017-04-13,20:40:00,67.52,67.54,67.41,67.41,6860,0
2017-04-13,20:45:00,67.43,67.44,67.33,67.35,10701,0
2017-04-13,20:50:00,67.36,67.39,67.29,67.36,7682,0
2017-04-13,20:55:00,67.37,67.41,67.3,67.31,4700,0
2017-04-13,21:00:00,67.3,67.36,67.27,67.31,10804,0
2017-04-13,21:05:00,67.32,67.35,67.3,67.31,6800,0
2017-04-13,21:10:00,67.3,67.32,67.27,67.2803,3593,0
2017-04-13,21:15:00,67.27,67.27,67.1375,67.1375,5921,0
2017-04-13,21:20:00,67.14,67.15,67.09,67.1,9200,0
2017-04-13,21:25:00,67.12,67.22,67.1,67.2,16788,0
2017-04-13,21:30:00,67.2,67.25,67.18,67.245,15131,0
2017-04-13,21:35:00,67.24,67.245,67,67.04,18760,0
2017-04-13,21:40:00,67.03,67.03,66.92,66.96,8727,0
2017-04-13,21:45:00,66.95,66.98,66.83,66.94,9300,0
2017-04-13,21:50:00,66.96,67.08,66.89,67.01,37805,0
2017-04-13,21:55:00,67.05,67.06,66.83,66.9,56018,0
2017-04-13,22:00:00,66.91,66.94,66.66,66.72,157867,0
2017-04-17,15:35:00,66.89,67.4,66.89,67.2721,7738,0
2017-04-17,15:40:00,67.275,67.275,67.01,67.01,3291,0
2017-04-17,15:45:00,66.93,67.005,66.86,66.86,1700,0
2017-04-17,15:50:00,66.94,67.09,66.86,66.98,5263,0
2017-04-17,15:55:00,67.05,67.18,67.04,67.18,3964,0
2017-04-17,16:00:00,67.18,67.3,67.08,67.3,2500,0
2017-04-17,16:05:00,67.285,67.285,67.1,67.28,3775,0
2017-04-17,16:10:00,67.28,67.41,67.22,67.236,12096,0
2017-04-17,16:15:00,67.23,67.3,67.22,67.2375,7722,0
2017-04-17,16:20:00,67.28,67.355,67.22,67.3,6300,0
2017-04-17,16:25:00,67.25,67.25,67.14,67.19,5750,0
2017-04-17,16:30:00,67.14,67.18,66.99,67.18,3500,0
2017-04-17,16:35:00,67.22,67.31,67.17,67.2725,3300,0
2017-04-17,16:40:00,67.19,67.26,67.1,67.13,3700,0
2017-04-17,16:45:00,67.14,67.28,67.13,67.28,2725,0
2017-04-17,16:50:00,67.28,67.52,67.28,67.49,3200,0
2017-04-17,16:55:00,67.48,67.6,67.48,67.49,3500,0
2017-04-17,17:00:00,67.55,67.68,67.55,67.68,3557,0
2017-04-17,17:05:00,67.7,67.98,67.665,67.97,6207,0
2017-04-17,17:10:00,67.92,67.97,67.76,67.85,6670,0
2017-04-17,17:15:00,67.85,67.94,67.82,67.86,5719,0
2017-04-17,17:20:00,67.85,67.91,67.8,67.885,2957,0
2017-04-17,17:25:00,67.875,67.875,67.735,67.785,3200,0
2017-04-17,17:30:00,67.785,67.86,67.785,67.82,1600,0
2017-04-17,17:35:00,67.815,67.815,67.63,67.665,2900,0
2017-04-17,17:40:00,67.665,67.76,67.62,67.6418,3212,0
2017-04-17,17:45:00,67.645,67.68,67.56,67.56,2500,0
2017-04-17,17:50:00,67.54,67.55,67.43,67.46,15200,0
2017-04-17,17:55:00,67.47,67.49,67.4,67.43,4472,0
2017-04-17,18:00:00,67.37,67.41,67.33,67.33,7800,0
2017-04-17,18:05:00,67.33,67.38,67.28,67.38,36024,0
2017-04-17,18:10:00,67.38,67.465,67.38,67.4,5307,0
2017-04-17,18:15:00,67.43,67.485,67.38,67.485,12478,0
2017-04-17,18:20:00,67.485,67.52,67.47,67.49,1700,0
2017-04-17,18:25:00,67.51,67.64,67.485,67.64,2551,0
2017-04-17,18:30:00,67.615,67.64,67.49,67.52,4532,0
2017-04-17,18:35:00,67.5,67.55,67.5,67.51,5250,0
2017-04-17,18:40:00,67.52,67.54,67.485,67.54,14800,0
2017-04-17,18:45:00,67.55,67.63,67.53,67.615,6225,0
2017-04-17,18:50:00,67.609,67.64,67.495,67.495,5901,0
2017-04-17,18:55:00,67.495,67.56,67.49,67.55,2100,0
2017-04-17,19:00:00,67.57,67.66,67.55,67.62,2600,0
2017-04-17,19:05:00,67.61,67.61,67.515,67.545,2063,0
2017-04-17,19:10:00,67.545,67.55,67.48,67.52,4829,0
2017-04-17,19:15:00,67.54,67.565,67.47,67.49,4700,0
2017-04-17,19:20:00,67.475,67.55,67.47,67.54,2350,0
2017-04-17,19:25:00,67.535,67.58,67.495,67.561,9800,0
2017-04-17,19:30:00,67.55,67.625,67.515,67.62,6400,0
2017-04-17,19:35:00,67.62,67.62,67.6,67.6,700,0
2017-04-17,19:40:00,67.59,67.59,67.49,67.53,3412,0
2017-04-17,19:45:00,67.56,67.59,67.51,67.54,2821,0
2017-04-17,19:50:00,67.54,67.63,67.54,67.595,2200,0
2017-04-17,19:55:00,67.595,67.6,67.56,67.59,5100,0
2017-04-17,20:00:00,67.61,67.67,67.61,67.67,2000,0
2017-04-17,20:05:00,67.66,67.67,67.61,67.655,4373,0
2017-04-17,20:10:00,67.67,67.73,67.61,67.63,4950,0
2017-04-17,20:15:00,67.59,67.65,67.59,67.63,3200,0
2017-04-17,20:20:00,67.615,67.65,67.51,67.52,6913,0
2017-04-17,20:25:00,67.54,67.58,67.525,67.58,2900,0
2017-04-17,20:30:00,67.58,67.59,67.54,67.555,5752,0
2017-04-17,20:35:00,67.56,67.65,67.55,67.65,3650,0
2017-04-17,20:40:00,67.64,67.7,67.605,67.7,4337,0
2017-04-17,20:45:00,67.7,67.71,67.65,67.68,5095,0
2017-04-17,20:50:00,67.68,67.71,67.65,67.65,6229,0
2017-04-17,20:55:00,67.66,67.66,67.6,67.615,1123,0
2017-04-17,21:00:00,67.6,67.61,67.55,67.61,10634,0
2017-04-17,21:05:00,67.615,67.69,67.615,67.6565,7974,0
2017-04-17,21:10:00,67.645,67.76,67.645,67.75,5730,0
2017-04-17,21:15:00,67.74,67.85,67.73,67.85,8423,0
2017-04-17,21:20:00,67.86,67.89,67.8,67.89,17055,0
2017-04-17,21:25:00,67.87,67.89,67.82,67.85,9494,0
2017-04-17,21:30:00,67.85,68.03,67.85,67.975,6750,0
2017-04-17,21:35:00,67.975,67.98,67.82,67.82,18973,0
2017-04-17,21:40:00,67.84,67.91,67.84,67.89,24270,0
2017-04-17,21:45:00,67.9,67.91,67.86,67.87,22981,0
2017-04-17,21:50:00,67.87,68.07,67.87,68.02,27681,0
2017-04-17,21:55:00,68.04,68.075,68.01,68.02,32610,0
2017-04-17,22:00:00,68,68.2,68,68.15,82296,0
2017-04-18,15:35:00,67.77,67.9,67.32,67.46,7093,0
2017-04-18,15:40:00,67.46,67.82,67.29,67.82,3700,0
2017-04-18,15:45:00,67.85,67.96,67.85,67.94,1100,0
2017-04-18,15:50:00,67.94,68.14,67.93,68.05,3713,0
2017-04-18,15:55:00,68.03,68.09,67.97,68,3036,0
2017-04-18,16:00:00,67.98,68.2,67.97,68.2,1800,0
2017-04-18,16:05:00,68.28,68.28,68.02,68.02,1700,0
2017-04-18,16:10:00,67.98,68.08,67.905,68.08,2915,0
2017-04-18,16:15:00,68.1,68.14,68.02,68.09,2700,0
2017-04-18,16:20:00,68.1,68.19,67.95,67.95,3000,0
2017-04-18,16:25:00,67.87,68.1,67.87,68.1,2500,0
2017-04-18,16:30:00,68.137,68.23,68.137,68.18,2000,0
2017-04-18,16:35:00,68.182,68.22,68.1,68.22,2238,0
2017-04-18,16:40:00,68.22,68.29,68.2,68.24,2000,0
2017-04-18,16:45:00,68.17,68.31,68.11,68.31,2422,0
2017-04-18,16:50:00,68.26,68.36,68.225,68.35,1800,0
2017-04-18,16:55:00,68.28,68.31,68.16,68.19,2300,0
2017-04-18,17:00:00,68.205,68.205,68.09,68.14,2222,0
2017-04-18,17:05:00,68.16,68.22,68.12,68.13,2900,0
2017-04-18,17:10:00,68.13,68.14,68.03,68.14,3203,0
2017-04-18,17:15:00,68.15,68.26,68.15,68.19,1784,0
2017-04-18,17:20:00,68.19,68.33,68.17,68.22,2950,0
2017-04-18,17:25:00,68.21,68.21,68.14,68.16,2200,0
2017-04-18,17:30:00,68.16,68.34,68.08,68.34,1945,0
2017-04-18,17:35:00,68.32,68.33,67.97,67.97,2913,0
2017-04-18,17:40:00,68.004,68.004,67.86,67.9,5513,0
2017-04-18,17:45:00,67.932,67.98,67.8775,67.9,9412,0
2017-04-18,17:50:00,67.9,67.99,67.89,67.98,2613,0
2017-04-18,17:55:00,67.99,68.09,67.97,68.09,4243,0
2017-04-18,18:00:00,68.09,68.09,67.88,67.9,12200,0
2017-04-18,18:05:00,67.85,67.9,67.64,67.86,5731,0
2017-04-18,18:10:00,67.82,67.855,67.82,67.8325,1700,0
2017-04-18,18:15:00,67.85,67.93,67.82,67.93,7042,0
2017-04-18,18:20:00,67.93,67.94,67.82,67.865,6760,0
2017-04-18,18:25:00,67.87,68.02,67.87,67.99,3996,0
2017-04-18,18:30:00,68,68.02,67.93,67.99,4464,0
2017-04-18,18:35:00,67.995,67.995,67.87,67.87,4301,0
2017-04-18,18:40:00,67.87,67.88,67.73,67.81,5951,0
2017-04-18,18:45:00,67.79,67.85,67.72,67.76,3469,0
2017-04-18,18:50:00,67.68,67.68,67.633,67.65,1200,0
2017-04-18,18:55:00,67.618,67.77,67.618,67.74,3200,0
2017-04-18,19:00:00,67.75,67.815,67.728,67.728,3414,0
2017-04-18,19:05:00,67.725,67.8,67.65,67.79,3700,0
2017-04-18,19:10:00,67.78,67.79,67.73,67.76,4628,0
2017-04-18,19:15:00,67.79,67.88,67.747,67.856,3576,0
2017-04-18,19:20:00,67.89,67.9,67.81,67.85,2900,0
2017-04-18,19:25:00,67.846,67.865,67.83,67.84,1800,0
2017-04-18,19:30:00,67.85,67.96,67.82,67.96,3232,0
2017-04-18,19:35:00,68,68.03,67.95,68.03,4875,0
2017-04-18,19:40:00,68.05,68.1,68.01,68.01,4969,0
2017-04-18,19:45:00,67.98,68.3,67.98,68.2,9710,0
2017-04-18,19:50:00,68.19,68.3,68.18,68.25,13300,0
2017-04-18,19:55:00,68.25,68.33,68.19,68.32,9900,0
2017-04-18,20:00:00,68.33,68.59,68.23,68.59,29512,0
2017-04-18,20:05:00,68.64,68.71,68.58,68.66,20644,0
2017-04-18,20:10:00,68.66,68.71,68.6,68.66,14145,0
2017-04-18,20:15:00,68.67,68.7,68.62,68.67,27388,0
2017-04-18,20:20:00,68.7,68.79,68.67,68.7,14900,0
2017-04-18,20:25:00,68.72,68.81,68.68,68.76,16192,0
2017-04-18,20:30:00,68.78,68.78,68.625,68.7,10128,0
2017-04-18,20:35:00,68.68,68.77,68.65,68.765,6676,0
2017-04-18,20:40:00,68.8,68.87,68.72,68.73,6417,0
2017-04-18,20:45:00,68.725,68.825,68.72,68.73,10112,0
2017-04-18,20:50:00,68.71,68.9,68.665,68.9,9912,0
2017-04-18,20:55:00,68.9,68.905,68.835,68.854,6374,0
2017-04-18,21:00:00,68.86,68.86,68.64,68.79,21700,0
2017-04-18,21:05:00,68.82,68.86,68.68,68.71,8279,0
2017-04-18,21:10:00,68.72,68.83,68.7,68.82,8752,0
2017-04-18,21:15:00,68.82,68.84,68.7,68.77,10573,0
2017-04-18,21:20:00,68.75,68.79,68.73,68.79,5596,0
2017-04-18,21:25:00,68.8,68.83,68.74,68.82,8064,0
2017-04-18,21:30:00,68.81,68.825,68.78,68.78,6998,0
2017-04-18,21:35:00,68.77,68.77,68.7,68.73,7949,0
2017-04-18,21:40:00,68.7532,68.86,68.75,68.84,12849,0
2017-04-18,21:45:00,68.87,68.98,68.87,68.95,22089,0
2017-04-18,21:50:00,68.95,69.03,68.95,68.97,25124,0
2017-04-18,21:55:00,68.96,68.98,68.92,68.955,26732,0
2017-04-18,22:00:00,68.96,69.08,68.94,69.01,99554,0
2017-04-19,15:35:00,69.57,69.5962,69.24,69.59,4032,0
2017-04-19,15:40:00,69.62,69.63,69.295,69.305,3600,0
2017-04-19,15:45:00,69.35,69.36,69.12,69.16,13830,0
2017-04-19,15:50:00,69.195,69.37,69.125,69.22,11382,0
2017-04-19,15:55:00,69.29,69.4,69.27,69.4,3800,0
2017-04-19,16:00:00,69.51,69.63,69.5,69.61,3100,0
2017-04-19,16:05:00,69.65,69.65,69.42,69.42,2700,0
2017-04-19,16:10:00,69.37,69.37,69.19,69.23,7900,0
2017-04-19,16:15:00,69.24,69.43,69.22,69.28,11133,0
2017-04-19,16:20:00,69.33,69.5,69.26,69.46,2886,0
2017-04-19,16:25:00,69.45,69.45,69.275,69.37,3500,0
2017-04-19,16:30:00,69.36,69.6,69.36,69.59,5205,0
2017-04-19,16:35:00,69.61,69.65,69.39,69.65,11406,0
2017-04-19,16:40:00,69.72,69.88,69.7,69.8255,12996,0
2017-04-19,16:45:00,69.85,69.88,69.76,69.81,18680,0
2017-04-19,16:50:00,69.772,69.86,69.77,69.78,7075,0
2017-04-19,16:55:00,69.77,69.82,69.725,69.78,20620,0
2017-04-19,17:00:00,69.76,69.9,69.73,69.88,9529,0
2017-04-19,17:05:00,69.86,69.92,69.84,69.84,5513,0
2017-04-19,17:10:00,69.85,69.89,69.79,69.85,9400,0
2017-04-19,17:15:00,69.83,69.98,69.81,69.93,18508,0
2017-04-19,17:20:00,69.87,70.02,69.87,70.02,4291,0
2017-04-19,17:25:00,70.05,70.08,69.92,69.96,5500,0
2017-04-19,17:30:00,70.02,70.09,69.92,70.09,4716,0
2017-04-19,17:35:00,70.07,70.13,70.02,70.11,2860,0
2017-04-19,17:40:00,70.12,70.16,69.96,69.96,5405,0
2017-04-19,17:45:00,70.03,70.04,69.96,70.01,5900,0
2017-04-19,17:50:00,70,70,69.79,69.86,7157,0
2017-04-19,17:55:00,69.87,69.9,69.7,69.7,4779,0
2017-04-19,18:00:00,69.75,69.86,69.69,69.76,5566,0
2017-04-19,18:05:00,69.6919,69.77,69.6919,69.76,5600,0
2017-04-19,18:10:00,69.7,69.75,69.66,69.66,3700,0
2017-04-19,18:15:00,69.5595,69.67,69.528,69.63,3200,0
2017-04-19,18:20:00,69.64,69.75,69.63,69.72,1712,0
2017-04-19,18:25:00,69.73,69.77,69.7,69.71,4762,0
2017-04-19,18:30:00,69.71,69.71,69.57,69.57,1600,0
2017-04-19,18:35:00,69.5701,69.67,69.5701,69.65,5113,0
2017-04-19,18:40:00,69.65,69.65,69.59,69.65,3962,0
2017-04-19,18:45:00,69.65,69.71,69.6353,69.6353,2100,0
2017-04-19,18:50:00,69.66,69.68,69.63,69.65,4214,0
2017-04-19,18:55:00,69.63,69.75,69.63,69.75,2700,0
2017-04-19,19:00:00,69.77,69.79,69.71,69.72,2348,0
2017-04-19,19:05:00,69.65,69.7099,69.52,69.55,4648,0
2017-04-19,19:10:00,69.5225,69.6,69.5225,69.5794,5689,0
2017-04-19,19:15:00,69.57,69.57,69.4,69.49,9300,0
2017-04-19,19:20:00,69.51,69.56,69.49,69.54,3178,0
2017-04-19,19:25:00,69.55,69.68,69.525,69.68,2700,0
2017-04-19,19:30:00,69.74,69.74,69.65,69.65,3700,0
2017-04-19,19:35:00,69.66,69.71,69.61,69.71,4100,0
2017-04-19,19:40:00,69.7,69.7,69.63,69.64,3489,0
2017-04-19,19:45:00,69.64,69.74,69.64,69.7394,4501,0
2017-04-19,19:50:00,69.73,69.79,69.72,69.79,1700,0
2017-04-19,19:55:00,69.77,69.85,69.73,69.8,4900,0
2017-04-19,20:00:00,69.79,69.79,69.65,69.68,4285,0
2017-04-19,20:05:00,69.7,69.71,69.65,69.65,1600,0
2017-04-19,20:10:00,69.655,69.655,69.52,69.63,5492,0
2017-04-19,20:15:00,69.63,69.65,69.51,69.51,3600,0
2017-04-19,20:20:00,69.5,69.5,69.37,69.48,5206,0
2017-04-19,20:25:00,69.44,69.44,69.38,69.38,8847,0
2017-04-19,20:30:00,69.33,69.52,69.33,69.507,4259,0
2017-04-19,20:35:00,69.49,69.6,69.49,69.6,6663,0
2017-04-19,20:40:00,69.61,69.92,69.61,69.92,9722,0
2017-04-19,20:45:00,69.94,69.98,69.84,69.89,19608,0
2017-04-19,20:50:00,69.86,69.86,69.58,69.58,7627,0
2017-04-19,20:55:00,69.52,69.52,69.36,69.44,6900,0
2017-04-19,21:00:00,69.44,69.48,69.43,69.43,5395,0
2017-04-19,21:05:00,69.42,69.49,69.35,69.47,7857,0
2017-04-19,21:10:00,69.49,69.5,69.415,69.45,5755,0
2017-04-19,21:15:00,69.45,69.53,69.44,69.47,4911,0
2017-04-19,21:20:00,69.46,69.5,69.42,69.5,5589,0
2017-04-19,21:25:00,69.51,69.58,69.51,69.55,6498,0
2017-04-19,21:30:00,69.53,69.53,69.28,69.28,5888,0
2017-04-19,21:35:00,69.27,69.29,69.16,69.21,7031,0
2017-04-19,21:40:00,69.22,69.34,69.22,69.34,9013,0
2017-04-19,21:45:00,69.36,69.36,69.19,69.25,10071,0
2017-04-19,21:50:00,69.26,69.35,69.26,69.3,16499,0
2017-04-19,21:55:00,69.32,69.33,69.23,69.32,15703,0
2017-04-19,22:00:00,69.32,69.39,69.3,69.37,43553,0
2017-04-20,15:35:00,69.45,70.21,69.43,69.62,28831,0
2017-04-20,15:40:00,70.06,70.34,69.79,70.07,10187,0
2017-04-20,15:45:00,70.15,70.32,70.02,70.25,13089,0
2017-04-20,15:50:00,70.22,70.22,69.57,69.76,5650,0
2017-04-20,15:55:00,69.89,70.08,69.78,69.885,5200,0
2017-04-20,16:00:00,69.7,69.73,69.24,69.52,16906,0
2017-04-20,16:05:00,69.49,69.85,69.47,69.72,3740,0
2017-04-20,16:10:00,69.69,69.85,69.6,69.8125,5316,0
2017-04-20,16:15:00,69.84,70,69.81,70,21100,0
2017-04-20,16:20:00,70.005,70.07,69.84,69.9,4200,0
2017-04-20,16:25:00,69.97,70.03,69.89,69.9,3700,0
2017-04-20,16:30:00,69.96,69.99,69.83,69.88,10133,0
2017-04-20,16:35:00,69.78,69.91,69.7441,69.77,7900,0
2017-04-20,16:40:00,69.77,69.77,69.64,69.67,2000,0
2017-04-20,16:45:00,69.71,70,69.695,69.99,3900,0
2017-04-20,16:50:00,70.02,70.07,69.94,69.98,2163,0
2017-04-20,16:55:00,70.01,70.17,69.96,70.13,4174,0
2017-04-20,17:00:00,70.15,70.21,70.11,70.15,3300,0
2017-04-20,17:05:00,70.14,70.14,69.95,70,5159,0
2017-04-20,17:10:00,69.95,69.96,69.88,69.94,4204,0
2017-04-20,17:15:00,69.98,70.06,69.95,70.06,2011,0
2017-04-20,17:20:00,70.0396,70.17,70.02,70.17,5357,0
2017-04-20,17:25:00,70.15,70.25,70.08,70.25,2600,0
2017-04-20,17:30:00,70.22,70.4,70.2106,70.38,5540,0
2017-04-20,17:35:00,70.39,70.44,70.22,70.22,2704,0
2017-04-20,17:40:00,70.3,70.46,70.29,70.3,10290,0
2017-04-20,17:45:00,70.31,70.31,70.17,70.3,2300,0
2017-04-20,17:50:00,70.31,70.52,70.25,70.47,4860,0
2017-04-20,17:55:00,70.4001,70.47,70.37,70.44,2100,0
2017-04-20,18:00:00,70.34,70.435,70.3,70.39,2046,0
2017-04-20,18:05:00,70.39,70.47,70.38,70.43,2300,0
2017-04-20,18:10:00,70.42,70.5298,70.37,70.48,6450,0
2017-04-20,18:15:00,70.5,70.7,70.5,70.69,6911,0
2017-04-20,18:20:00,70.64,70.65,70.5401,70.65,2700,0
2017-04-20,18:25:00,70.65,70.68,70.56,70.57,2733,0
2017-04-20,18:30:00,70.63,70.705,70.56,70.56,3800,0
2017-04-20,18:35:00,70.59,70.71,70.5601,70.6,2990,0
2017-04-20,18:40:00,70.59,70.68,70.5,70.68,2148,0
2017-04-20,18:45:00,70.68,70.78,70.61,70.75,3674,0
2017-04-20,18:50:00,70.71,70.75,70.68,70.75,900,0
2017-04-20,18:55:00,70.75,70.87,70.75,70.8,6205,0
2017-04-20,19:00:00,70.8,70.8,70.6,70.6,2117,0
2017-04-20,19:05:00,70.66,70.68,70.65,70.68,1266,0
2017-04-20,19:10:00,70.69,70.71,70.6,70.6,4684,0
2017-04-20,19:15:00,70.58,70.63,70.54,70.54,2214,0
2017-04-20,19:20:00,70.51,70.51,70.44,70.47,3420,0
2017-04-20,19:25:00,70.445,70.48,70.4,70.48,1000,0
2017-04-20,19:30:00,70.45,70.65,70.45,70.61,2563,0
2017-04-20,19:35:00,70.59,70.62,70.56,70.56,1100,0
2017-04-20,19:40:00,70.61,70.68,70.57,70.57,2200,0
2017-04-20,19:45:00,70.63,70.6475,70.56,70.63,1200,0
2017-04-20,19:50:00,70.58,70.62,70.57,70.61,1200,0
2017-04-20,19:55:00,70.64,70.73,70.64,70.71,2658,0
2017-04-20,20:00:00,70.68,70.72,70.61,70.63,3384,0
2017-04-20,20:05:00,70.62,70.68,70.62,70.67,1333,0
2017-04-20,20:10:00,70.68,70.71,70.54,70.55,2362,0
2017-04-20,20:15:00,70.56,70.57,70.47,70.47,1600,0
2017-04-20,20:20:00,70.48,70.52,70.44,70.51,2500,0
2017-04-20,20:25:00,70.47,70.57,70.47,70.55,6628,0
2017-04-20,20:30:00,70.5699,70.6,70.56,70.56,1127,0
2017-04-20,20:35:00,70.53,70.53,70.44,70.47,3304,0
2017-04-20,20:40:00,70.5,70.66,70.5,70.61,2691,0
2017-04-20,20:45:00,70.63,70.65,70.5398,70.5398,1450,0
2017-04-20,20:50:00,70.49,70.55,70.467,70.55,2360,0
2017-04-20,20:55:00,70.54,70.62,70.54,70.6,2420,0
2017-04-20,21:00:00,70.62,70.68,70.57,70.57,3900,0
2017-04-20,21:05:00,70.615,70.63,70.53,70.63,3453,0
2017-04-20,21:10:00,70.62,70.73,70.61,70.7,4361,0
2017-04-20,21:15:00,70.7,70.73,70.67,70.715,4121,0
2017-04-20,21:20:00,70.68,70.73,70.66,70.73,5731,0
2017-04-20,21:25:00,70.7,70.72,70.55,70.59,3832,0
2017-04-20,21:30:00,70.6,70.666,70.598,70.64,5290,0
2017-04-20,21:35:00,70.67,70.83,70.67,70.77,7690,0
2017-04-20,21:40:00,70.76,70.8,70.68,70.79,5906,0
2017-04-20,21:45:00,70.79,70.87,70.77,70.83,8431,0
2017-04-20,21:50:00,70.81,70.9,70.81,70.83,7647,0
2017-04-20,21:55:00,70.85,70.86,70.76,70.83,20303,0
2017-04-20,22:00:00,70.81,70.85,70.66,70.68,69494,0
2017-04-21,15:35:00,70.78,70.78,70.48,70.52,4278,0
2017-04-21,15:40:00,70.34,70.39,70.09,70.36,3500,0
2017-04-21,15:45:00,70.6,70.6,70.45,70.54,700,0
2017-04-21,15:50:00,70.53,70.63,70.425,70.52,3569,0
2017-04-21,15:55:00,70.46,70.55,70.255,70.27,3200,0
2017-04-21,16:00:00,70.23,70.26,69.96,70.1,2400,0
2017-04-21,16:05:00,70.1,70.19,69.96,69.965,2300,0
2017-04-21,16:10:00,70.07,70.07,69.76,69.9,8355,0
2017-04-21,16:15:00,69.9,69.98,69.9,69.95,1700,0
2017-04-21,16:20:00,70.02,70.22,70.0122,70.2,5613,0
2017-04-21,16:25:00,70.22,70.27,70.12,70.12,1800,0
2017-04-21,16:30:00,70.11,70.11,69.99,70.07,4729,0
2017-04-21,16:35:00,70.08,70.08,69.81,69.92,2300,0
2017-04-21,16:40:00,69.84,69.91,69.78,69.82,5500,0
2017-04-21,16:45:00,69.82,69.94,69.76,69.94,2703,0
2017-04-21,16:50:00,69.99,70.13,69.96,69.96,7496,0
2017-04-21,16:55:00,70.04,70.06,69.98,69.99,1600,0
2017-04-21,17:00:00,70.02,70.02,69.87,69.87,1819,0
2017-04-21,17:05:00,69.87,69.87,69.72,69.72,5890,0
2017-04-21,17:10:00,69.77,69.77,69.61,69.61,3104,0
2017-04-21,17:15:00,69.64,69.65,69.48,69.57,6323,0
2017-04-21,17:20:00,69.6,69.775,69.49,69.775,2800,0
2017-04-21,17:25:00,69.8,69.88,69.7,69.88,5258,0
2017-04-21,17:30:00,69.89,70.02,69.82,69.88,9300,0
2017-04-21,17:35:00,69.87,70.01,69.86,70.0066,7153,0
2017-04-21,17:40:00,70.0275,70.1,69.99,70.04,3860,0
2017-04-21,17:45:00,70.07,70.2,70.07,70.2,4719,0
2017-04-21,17:50:00,70.22,70.28,70.21,70.24,5799,0
2017-04-21,17:55:00,70.27,70.35,70.19,70.35,5600,0
2017-04-21,18:00:00,70.29,70.42,70.26,70.38,9241,0
2017-04-21,18:05:00,70.33,70.44,70.32,70.36,6354,0
2017-04-21,18:10:00,70.32,70.32,70.14,70.28,8677,0
2017-04-21,18:15:00,70.31,70.4,70.26,70.265,3900,0
2017-04-21,18:20:00,70.3,70.41,70.3,70.38,5569,0
2017-04-21,18:25:00,70.39,70.53,70.39,70.47,6620,0
2017-04-21,18:30:00,70.44,70.44,70.3,70.37,9455,0
2017-04-21,18:35:00,70.36,70.47,70.33,70.47,3701,0
2017-04-21,18:40:00,70.43,70.56,70.43,70.56,3150,0
2017-04-21,18:45:00,70.52,70.58,70.52,70.52,3300,0
2017-04-21,18:50:00,70.52,70.56,70.45,70.45,1755,0
2017-04-21,18:55:00,70.47,70.6,70.47,70.55,3539,0
2017-04-21,19:00:00,70.55,70.58,70.55,70.55,2960,0
2017-04-21,19:05:00,70.54,70.65,70.54,70.54,3000,0
2017-04-21,19:10:00,70.56,70.63,70.55,70.58,4900,0
2017-04-21,19:15:00,70.54,70.54,70.29,70.39,3110,0
2017-04-21,19:20:00,70.42,70.42,70.24,70.24,5020,0
2017-04-21,19:25:00,70.23,70.33,70.23,70.3,2811,0
2017-04-21,19:30:00,70.3,70.48,70.3,70.33,3230,0
2017-04-21,19:35:00,70.33,70.42,70.23,70.23,5888,0
2017-04-21,19:40:00,70.23,70.24,70.17,70.22,2595,0
2017-04-21,19:45:00,70.21,70.39,70.17,70.39,2684,0
2017-04-21,19:50:00,70.38,70.38,70.3056,70.3056,2789,0
2017-04-21,19:55:00,70.29,70.44,70.29,70.425,4000,0
2017-04-21,20:00:00,70.44,70.68,70.44,70.635,4981,0
2017-04-21,20:05:00,70.59,70.61,70.53,70.585,2310,0
2017-04-21,20:10:00,70.6,70.63,70.55,70.63,4422,0
2017-04-21,20:15:00,70.615,70.69,70.615,70.68,2700,0
2017-04-21,20:20:00,70.675,70.68,70.63,70.655,2872,0
2017-04-21,20:25:00,70.64,70.7199,70.62,70.705,4792,0
2017-04-21,20:30:00,70.72,70.84,70.71,70.77,2940,0
2017-04-21,20:35:00,70.81,70.8411,70.7796,70.78,3515,0
2017-04-21,20:40:00,70.8,70.81,70.77,70.795,5294,0
2017-04-21,20:45:00,70.81,70.84,70.78,70.81,4710,0
2017-04-21,20:50:00,70.79,70.82,70.77,70.785,9201,0
2017-04-21,20:55:00,70.785,70.82,70.645,70.73,13483,0
2017-04-21,21:00:00,70.7,70.82,70.69,70.805,6566,0
2017-04-21,21:05:00,70.82,70.83,70.79,70.83,8258,0
2017-04-21,21:10:00,70.83,70.84,70.75,70.76,5645,0
2017-04-21,21:15:00,70.78,70.8,70.74,70.8,3400,0
2017-04-21,21:20:00,70.76,70.82,70.76,70.82,10254,0
2017-04-21,21:25:00,70.815,70.85,70.8,70.8,4600,0
2017-04-21,21:30:00,70.79,70.85,70.79,70.85,5866,0
2017-04-21,21:35:00,70.84,70.84,70.77,70.78,8355,0
2017-04-21,21:40:00,70.73,70.84,70.73,70.84,8730,0
2017-04-21,21:45:00,70.85,70.89,70.76,70.78,8252,0
2017-04-21,21:50:00,70.8,70.855,70.7928,70.83,12619,0
2017-04-21,21:55:00,70.8,70.87,70.78,70.79,19539,0
2017-04-21,22:00:00,70.8,70.82,70.73,70.74,76353,0
2017-04-24,15:35:00,71.66,72.29,71.62,72.0116,24969,0
2017-04-24,15:40:00,72.07,72.27,71.99,72.195,13251,0
2017-04-24,15:45:00,72.215,72.2799,72.14,72.25,7919,0
2017-04-24,15:50:00,72.29,72.51,72.08,72.09,12182,0
2017-04-24,15:55:00,72.17,72.31,72.08,72.25,9345,0
2017-04-24,16:00:00,72.27,72.545,72.26,72.54,13132,0
2017-04-24,16:05:00,72.548,72.56,72.42,72.42,15276,0
2017-04-24,16:10:00,72.42,72.47,72.31,72.365,3700,0
2017-04-24,16:15:00,72.34,72.5,72.31,72.5,4789,0
2017-04-24,16:20:00,72.48,72.515,72.42,72.47,21852,0
2017-04-24,16:25:00,72.46,72.62,72.44,72.61,5400,0
2017-04-24,16:30:00,72.61,72.71,72.55,72.615,7263,0
2017-04-24,16:35:00,72.5772,72.5772,72.36,72.39,5300,0
2017-04-24,16:40:00,72.4,72.46,72.265,72.28,4519,0
2017-04-24,16:45:00,72.27,72.35,72.25,72.35,3000,0
2017-04-24,16:50:00,72.33,72.53,72.3,72.53,6400,0
2017-04-24,16:55:00,72.51,72.72,72.51,72.72,6545,0
2017-04-24,17:00:00,72.73,72.73,72.54,72.63,8151,0
2017-04-24,17:05:00,72.66,72.75,72.65,72.69,10307,0
2017-04-24,17:10:00,72.71,72.72,72.58,72.58,11773,0
2017-04-24,17:15:00,72.61,72.8,72.6,72.76,12458,0
2017-04-24,17:20:00,72.75,72.77,72.66,72.77,8300,0
2017-04-24,17:25:00,72.76,72.82,72.69,72.73,7419,0
2017-04-24,17:30:00,72.72,72.83,72.72,72.8,4600,0
2017-04-24,17:35:00,72.79,72.79,72.54,72.5925,13399,0
2017-04-24,17:40:00,72.6,72.75,72.59,72.66,23753,0
2017-04-24,17:45:00,72.66,72.66,72.53,72.65,4694,0
2017-04-24,17:50:00,72.6866,72.7,72.65,72.7,2200,0
2017-04-24,17:55:00,72.74,72.74,72.65,72.66,3182,0
2017-04-24,18:00:00,72.63,72.63,72.52,72.56,3624,0
2017-04-24,18:05:00,72.58,72.71,72.58,72.7,3000,0
2017-04-24,18:10:00,72.66,72.69,72.62,72.6861,1726,0
2017-04-24,18:15:00,72.7,72.77,72.68,72.71,5073,0
2017-04-24,18:20:00,72.65,72.7,72.65,72.7,3600,0
2017-04-24,18:25:00,72.7,72.73,72.66,72.73,2700,0
2017-04-24,18:30:00,72.74,72.84,72.7259,72.84,2000,0
2017-04-24,18:35:00,72.86,72.87,72.81,72.87,2944,0
2017-04-24,18:40:00,72.89,72.9,72.84,72.85,6962,0
2017-04-24,18:45:00,72.85,72.87,72.83,72.83,2300,0
2017-04-24,18:50:00,72.83,72.855,72.78,72.79,5575,0
2017-04-24,18:55:00,72.81,72.93,72.78,72.915,6300,0
2017-04-24,19:00:00,72.89,72.97,72.88,72.97,2400,0
2017-04-24,19:05:00,72.95,73.08,72.93,73.05,6092,0
2017-04-24,19:10:00,73,73.0925,73,73.0925,3845,0
2017-04-24,19:15:00,73.1,73.11,73.06,73.1,6730,0
2017-04-24,19:20:00,73.07,73.09,73.05,73.085,900,0
2017-04-24,19:25:00,73.09,73.11,73.03,73.05,7208,0
2017-04-24,19:30:00,73.02,73.05,73,73.03,2700,0
2017-04-24,19:35:00,73.04,73.05,72.99,73.05,4800,0
2017-04-24,19:40:00,73.05,73.05,72.84,72.8425,10314,0
2017-04-24,19:45:00,72.804,72.84,72.79,72.7999,9876,0
2017-04-24,19:50:00,72.78,72.78,72.72,72.73,2125,0
2017-04-24,19:55:00,72.74,72.74,72.67,72.68,2850,0
2017-04-24,20:00:00,72.68,72.77,72.68,72.7,11238,0
2017-04-24,20:05:00,72.73,72.8,72.73,72.8,6266,0
2017-04-24,20:10:00,72.83,72.86,72.77,72.77,9601,0
2017-04-24,20:15:00,72.79,72.801,72.7,72.755,12562,0
2017-04-24,20:20:00,72.77,72.91,72.77,72.89,6924,0
2017-04-24,20:25:00,72.9,73.09,72.89,73.08,6206,0
2017-04-24,20:30:00,73.08,73.1,73.01,73.1,3000,0
2017-04-24,20:35:00,73.1,73.17,73.0699,73.12,7179,0
2017-04-24,20:40:00,73.1,73.13,73.03,73.085,3012,0
2017-04-24,20:45:00,73.08,73.1,72.91,72.91,6500,0
2017-04-24,20:50:00,72.95,73,72.88,72.905,5846,0
2017-04-24,20:55:00,72.93,72.95,72.8806,72.8806,3700,0
2017-04-24,21:00:00,72.87,72.87,72.79,72.81,3400,0
2017-04-24,21:05:00,72.84,72.99,72.81,72.99,9207,0
2017-04-24,21:10:00,72.99,73.12,72.98,73.01,5432,0
2017-04-24,21:15:00,73.01,73.08,73.01,73.08,3575,0
2017-04-24,21:20:00,73.08,73.08,72.88,72.88,4700,0
2017-04-24,21:25:00,72.92,72.98,72.88,72.89,3804,0
2017-04-24,21:30:00,72.9,72.91,72.84,72.9,4996,0
2017-04-24,21:35:00,72.92,72.98,72.91,72.91,6000,0
2017-04-24,21:40:00,72.89,72.97,72.88,72.94,10319,0
2017-04-24,21:45:00,72.93,72.96,72.91,72.95,11314,0
2017-04-24,21:50:00,72.95,72.98,72.93,72.94,21671,0
2017-04-24,21:55:00,72.96,72.98,72.875,72.885,23694,0
2017-04-24,22:00:00,72.88,72.93,72.79,72.82,53297,0
2017-04-25,15:35:00,74.45,74.61,73.44,74.25,9890,0
2017-04-25,15:40:00,74.13,74.48,74.11,74.2,5089,0
2017-04-25,15:45:00,74.265,74.265,73.79,74.122,6248,0
2017-04-25,15:50:00,74.08,74.3,73.93,74.3,11591,0
2017-04-25,15:55:00,74.2889,74.2889,73.94,74.1,15853,0
2017-04-25,16:00:00,74.09,74.42,74.035,74.35,5200,0
2017-04-25,16:05:00,74.41,74.49,74.21,74.29,46398,0
2017-04-25,16:10:00,74.28,74.69,74.27,74.69,7200,0
2017-04-25,16:15:00,74.7,74.85,74.675,74.82,19500,0
2017-04-25,16:20:00,74.82,74.92,74.74,74.78,9600,0
2017-04-25,16:25:00,74.79,74.89,74.77,74.85,5724,0
2017-04-25,16:30:00,74.87,74.91,74.72,74.72,4300,0
2017-04-25,16:35:00,74.73,74.81,74.67,74.75,4550,0
2017-04-25,16:40:00,74.78,74.81,74.69,74.71,9344,0
2017-04-25,16:45:00,74.67,74.67,74.39,74.42,23421,0
2017-04-25,16:50:00,74.4205,74.47,74.23,74.3,27101,0
2017-04-25,16:55:00,74.26,74.44,74.22,74.4136,11300,0
2017-04-25,17:00:00,74.41,74.41,74.1,74.1,11950,0
2017-04-25,17:05:00,74.1442,74.17,73.98,73.99,21257,0
2017-04-25,17:10:00,74.05,74.18,74.01,74.17,17992,0
2017-04-25,17:15:00,74.1015,74.12,73.93,73.985,11251,0
2017-04-25,17:20:00,74,74.27,74,74.18,9370,0
2017-04-25,17:25:00,74.14,74.16,74.03,74.06,9500,0
2017-04-25,17:30:00,74.01,74.03,73.75,73.81,9259,0
2017-04-25,17:35:00,73.81,73.95,73.7125,73.94,15374,0
2017-04-25,17:40:00,73.96,73.96,73.71,73.84,9019,0
2017-04-25,17:45:00,73.86,73.86,73.71,73.74,10700,0
2017-04-25,17:50:00,73.78,73.91,73.78,73.89,4600,0
2017-04-25,17:55:00,73.955,74.1,73.955,74.0656,2739,0
2017-04-25,18:00:00,74.09,74.2,74.07,74.08,7099,0
2017-04-25,18:05:00,74.08,74.11,74.04,74.08,5614,0
2017-04-25,18:10:00,74.11,74.21,74.11,74.21,3086,0
2017-04-25,18:15:00,74.235,74.28,74.2105,74.22,6631,0
2017-04-25,18:20:00,74.27,74.38,74.27,74.38,3357,0
2017-04-25,18:25:00,74.4,74.4,74.35,74.39,4959,0
2017-04-25,18:30:00,74.41,74.67,74.41,74.55,7441,0
2017-04-25,18:35:00,74.5,74.57,74.4359,74.45,8513,0
2017-04-25,18:40:00,74.47,74.52,74.37,74.495,6772,0
2017-04-25,18:45:00,74.48,74.57,74.48,74.54,6159,0
2017-04-25,18:50:00,74.57,74.65,74.535,74.58,5350,0
2017-04-25,18:55:00,74.57,74.69,74.57,74.69,13084,0
2017-04-25,19:00:00,74.67,74.82,74.62,74.655,10927,0
2017-04-25,19:05:00,74.63,74.67,74.57,74.59,11334,0
2017-04-25,19:10:00,74.57,74.7,74.57,74.64,8896,0
2017-04-25,19:15:00,74.64,74.64,74.5,74.51,7123,0
2017-04-25,19:20:00,74.485,74.63,74.485,74.59,19907,0
2017-04-25,19:25:00,74.62,74.73,74.62,74.69,9543,0
2017-04-25,19:30:00,74.67,74.67,74.49,74.49,3900,0
2017-04-25,19:35:00,74.49,74.69,74.49,74.69,11498,0
2017-04-25,19:40:00,74.67,74.7,74.62,74.7,2955,0
2017-04-25,19:45:00,74.7,74.77,74.69,74.74,4989,0
2017-04-25,19:50:00,74.76,74.79,74.72,74.78,2700,0
2017-04-25,19:55:00,74.77,74.87,74.75,74.87,9871,0
2017-04-25,20:00:00,74.86,74.97,74.86,74.97,7673,0
2017-04-25,20:05:00,74.96,74.995,74.8,74.8529,12932,0
2017-04-25,20:10:00,74.83,74.855,74.78,74.78,7956,0
2017-04-25,20:15:00,74.79,74.87,74.77,74.78,7116,0
2017-04-25,20:20:00,74.78,74.85,74.725,74.725,9293,0
2017-04-25,20:25:00,74.73,74.7754,74.69,74.74,5727,0
2017-04-25,20:30:00,74.7302,74.75,74.69,74.69,6426,0
2017-04-25,20:35:00,74.7,74.74,74.7,74.715,3987,0
2017-04-25,20:40:00,74.73,74.73,74.69,74.71,8642,0
2017-04-25,20:45:00,74.7,74.73,74.64,74.73,7480,0
2017-04-25,20:50:00,74.73,74.735,74.66,74.66,3300,0
2017-04-25,20:55:00,74.675,74.68,74.61,74.66,5674,0
2017-04-25,21:00:00,74.66,74.67,74.545,74.64,8600,0
2017-04-25,21:05:00,74.64,74.68,74.61,74.65,7166,0
2017-04-25,21:10:00,74.64,74.69,74.63,74.665,17451,0
2017-04-25,21:15:00,74.66,74.76,74.66,74.75,14897,0
2017-04-25,21:20:00,74.74,74.74,74.64,74.67,20107,0
2017-04-25,21:25:00,74.675,74.675,74.64,74.66,17366,0
2017-04-25,21:30:00,74.66,74.76,74.66,74.71,11091,0
2017-04-25,21:35:00,74.68,74.68,74.45,74.49,18834,0
2017-04-25,21:40:00,74.45,74.67,74.43,74.61,18822,0
2017-04-25,21:45:00,74.6,74.7,74.6,74.66,16871,0
2017-04-25,21:50:00,74.64,74.64,74.47,74.51,18431,0
2017-04-25,21:55:00,74.51,74.51,74.34,74.43,26369,0
2017-04-25,22:00:00,74.43,74.47,74.4,74.43,51043,0
2017-04-26,15:35:00,70.85,72.1,70.85,72.005,34674,0
2017-04-26,15:40:00,72,72.5,71.92,72.37,73214,0
2017-04-26,15:45:00,72.385,72.445,71.8,72.2,77979,0
2017-04-26,15:50:00,72.14,72.2,71.825,71.98,61500,0
2017-04-26,15:55:00,71.95,72.06,71.35,71.68,33028,0
2017-04-26,16:00:00,71.7,71.7,71.33,71.66,20319,0
2017-04-26,16:05:00,71.55,71.605,71.12,71.17,22329,0
2017-04-26,16:10:00,71.1,71.1,70.5,70.56,26039,0
2017-04-26,16:15:00,70.57,70.66,70.13,70.5901,25174,0
2017-04-26,16:20:00,70.645,70.75,70.375,70.6,64933,0
2017-04-26,16:25:00,70.54,70.686,70.37,70.67,24964,0
2017-04-26,16:30:00,70.6448,71.29,70.61,71.29,16250,0
2017-04-26,16:35:00,71.255,71.56,71.21,71.54,15237,0
2017-04-26,16:40:00,71.51,71.51,71.19,71.19,14852,0
2017-04-26,16:45:00,71.03,71.2,71.0205,71.17,18466,0
2017-04-26,16:50:00,71.2,71.57,71.13,71.57,22629,0
2017-04-26,16:55:00,71.53,71.92,71.53,71.9,14868,0
2017-04-26,17:00:00,71.905,72.01,71.71,71.8,14538,0
2017-04-26,17:05:00,71.78,71.81,71.35,71.35,15648,0
2017-04-26,17:10:00,71.39,71.51,71.19,71.19,9844,0
2017-04-26,17:15:00,71.19,71.26,70.905,71.2147,14699,0
2017-04-26,17:20:00,71.26,71.4,71.15,71.4,11233,0
2017-04-26,17:25:00,71.4,71.8,71.36,71.8,12150,0
2017-04-26,17:30:00,71.82,72.01,71.82,71.92,6775,0
2017-04-26,17:35:00,71.955,72.05,71.82,71.99,26840,0
2017-04-26,17:40:00,71.955,71.96,71.6,71.62,9274,0
2017-04-26,17:45:00,71.63,71.68,71.37,71.37,9400,0
2017-04-26,17:50:00,71.42,71.85,71.41,71.72,25286,0
2017-04-26,17:55:00,71.78,72.01,71.78,71.89,8056,0
2017-04-26,18:00:00,71.98,72.05,71.92,72,12813,0
2017-04-26,18:05:00,71.99,72.03,71.93,72,36628,0
2017-04-26,18:10:00,72.01,72.1,71.755,72,16171,0
2017-04-26,18:15:00,72.08,72.08,71.96,71.98,17270,0
2017-04-26,18:20:00,72,72.03,71.92,72,12328,0
2017-04-26,18:25:00,72,72,71.77,71.77,4200,0
2017-04-26,18:30:00,71.76,71.82,71.6,71.81,5657,0
2017-04-26,18:35:00,71.82,71.92,71.8,71.82,4848,0
2017-04-26,18:40:00,71.9,72.05,71.84,72.04,12110,0
2017-04-26,18:45:00,72,72.01,71.79,71.805,5250,0
2017-04-26,18:50:00,71.84,71.99,71.77,71.85,6412,0
2017-04-26,18:55:00,71.78,71.99,71.78,71.99,3756,0
2017-04-26,19:00:00,71.99,72,71.95,71.99,10552,0
2017-04-26,19:05:00,71.95,72,71.64,71.65,26197,0
2017-04-26,19:10:00,71.63,71.816,71.57,71.71,15431,0
2017-04-26,19:15:00,71.69,71.74,71.36,71.36,13985,0
2017-04-26,19:20:00,71.36,71.54,71.36,71.46,4873,0
2017-04-26,19:25:00,71.45,71.4668,71.19,71.19,14860,0
2017-04-26,19:30:00,71.2699,71.2699,70.77,70.8,11888,0
2017-04-26,19:35:00,70.78,70.84,70.55,70.6,7925,0
2017-04-26,19:40:00,70.64,70.98,70.63,70.94,12900,0
2017-04-26,19:45:00,70.94,71.2357,70.75,71.04,17546,0
2017-04-26,19:50:00,71.05,71.12,70.805,70.83,6600,0
2017-04-26,19:55:00,70.82,70.99,70.8,70.97,9698,0
2017-04-26,20:00:00,71.02,71.02,70.83,70.99,17194,0
2017-04-26,20:05:00,71,71,70.74,70.84,46977,0
2017-04-26,20:10:00,70.83,70.86,70.73,70.86,8001,0
2017-04-26,20:15:00,70.83,70.85,70.68,70.83,5914,0
2017-04-26,20:20:00,70.82,70.835,70.56,70.63,11583,0
2017-04-26,20:25:00,70.6173,70.88,70.58,70.79,7055,0
2017-04-26,20:30:00,70.74,70.74,70.41,70.48,23902,0
2017-04-26,20:35:00,70.47,70.58,70.41,70.44,15035,0
2017-04-26,20:40:00,70.45,70.55,70.415,70.55,20818,0
2017-04-26,20:45:00,70.55,70.62,70.43,70.48,15496,0
2017-04-26,20:50:00,70.45,70.63,70.45,70.46,11878,0
2017-04-26,20:55:00,70.44,70.465,70.15,70.15,20722,0
2017-04-26,21:00:00,70.15,70.23,70.08,70.1,11938,0
2017-04-26,21:05:00,70.09,70.27,70.02,70.26,20689,0
2017-04-26,21:10:00,70.29,70.52,70.26,70.52,25026,0
2017-04-26,21:15:00,70.5,70.62,70.48,70.59,17686,0
2017-04-26,21:20:00,70.58,70.66,70.51,70.66,12521,0
2017-04-26,21:25:00,70.67,70.68,70.42,70.42,22763,0
2017-04-26,21:30:00,70.44,70.51,70.39,70.51,51238,0
2017-04-26,21:35:00,70.53,70.62,70.4,70.49,20956,0
2017-04-26,21:40:00,70.49,70.495,70.22,70.22,33032,0
2017-04-26,21:45:00,70.21,70.27,70.13,70.22,28975,0
2017-04-26,21:50:00,70.22,70.22,70.08,70.125,32430,0
2017-04-26,21:55:00,70.14,70.17,70.04,70.11,41972,0
2017-04-26,22:00:00,70.11,70.23,70.1,70.15,119894,0
