Date,Time,Open,High,Low,Close,Volume,OpenInt
2017-04-10,15:35:00,33.05,33.07,33.03,33.06,6072,0
2017-04-10,15:40:00,33.06,33.11,33.03,33.04,5900,0
2017-04-10,15:45:00,33.06,33.17,33.06,33.08,4800,0
2017-04-10,15:50:00,33.1,33.1,33.03,33.03,2300,0
2017-04-10,15:55:00,33.03,33.08,33.03,33.06,2936,0
2017-04-10,16:00:00,33.05,33.1,33.05,33.1,1400,0
2017-04-10,16:05:00,33.11,33.12,33.06,33.08,2791,0
2017-04-10,16:10:00,33.09,33.16,33.09,33.12,2200,0
2017-04-10,16:15:00,33.13,33.13,33.06,33.1,2400,0
2017-04-10,16:20:00,33.12,33.13,33.09,33.12,2400,0
2017-04-10,16:25:00,33.12,33.15,33.12,33.15,1300,0
2017-04-10,16:30:00,33.16,33.19,33.16,33.16,3085,0
2017-04-10,16:35:00,33.16,33.2022,33.15,33.15,1798,0
2017-04-10,16:40:00,33.14,33.1499,33.13,33.13,602,0
2017-04-10,16:45:00,33.12,33.12,33.05,33.07,2360,0
2017-04-10,16:50:00,33.07,33.13,33.06,33.11,6300,0
2017-04-10,16:55:00,33.11,33.11,33.07,33.07,2700,0
2017-04-10,17:00:00,33.08,33.08,33.04,33.06,3578,0
2017-04-10,17:05:00,33.07,33.12,33.07,33.12,3197,0
2017-04-10,17:10:00,33.13,33.17,33.11,33.17,9352,0
2017-04-10,17:15:00,33.16,33.16,33.1,33.16,4163,0
2017-04-10,17:20:00,33.15,33.15,33.12,33.12,900,0
2017-04-10,17:25:00,33.11,33.15,33.11,33.15,1751,0
2017-04-10,17:30:00,33.14,33.16,33.12,33.16,2100,0
2017-04-10,17:35:00,33.16,33.16,33.07,33.07,1000,0
2017-04-10,17:40:00,33.08,33.08,33.06,33.06,2074,0
2017-04-10,17:45:00,33.06,33.1,33.06,33.1,4908,0
2017-04-10,17:50:00,33.08,33.09,33.07,33.09,2200,0
2017-04-10,17:55:00,33.1,33.14,33.1,33.13,1656,0
2017-04-10,18:00:00,33.12,33.12,33.07,33.07,1600,0
2017-04-10,18:05:00,33.08,33.12,33.08,33.11,3208,0
2017-04-10,18:10:00,33.08,33.12,33.08,33.12,1600,0
2017-04-10,18:15:00,33.11,33.11,33.07,33.07,5000,0
2017-04-10,18:20:00,33.07,33.07,33.07,33.07,900,0
2017-04-10,18:25:00,33.08,33.09,33.06,33.08,2700,0
2017-04-10,18:30:00,33.06,33.1,33.05,33.1,3800,0
2017-04-10,18:35:00,33.09,33.13,33.08,33.13,1400,0
2017-04-10,18:40:00,33.13,33.13,33.1,33.1,900,0
2017-04-10,18:45:00,33.1,33.1211,33.08,33.08,1612,0
2017-04-10,18:50:00,33.1,33.16,33.1,33.12,1600,0
2017-04-10,18:55:00,33.14,33.18,33.14,33.18,2000,0
2017-04-10,19:00:00,33.19,33.21,33.18,33.185,11230,0
2017-04-10,19:05:00,33.2,33.2,33.185,33.185,5900,0
2017-04-10,19:10:00,33.19,33.24,33.19,33.2,4220,0
2017-04-10,19:15:00,33.21,33.23,33.21,33.23,1100,0
2017-04-10,19:20:00,33.22,33.24,33.21,33.23,3995,0
2017-04-10,19:25:00,33.24,33.26,33.235,33.25,3920,0
2017-04-10,19:30:00,33.26,33.32,33.26,33.3,8816,0
2017-04-10,19:35:00,33.3,33.32,33.29,33.3199,2645,0
2017-04-10,19:40:00,33.33,33.35,33.32,33.33,2600,0
2017-04-10,19:45:00,33.31,33.36,33.3,33.35,4300,0
2017-04-10,19:50:00,33.35,33.37,33.33,33.35,6019,0
2017-04-10,19:55:00,33.35,33.38,33.35,33.38,6200,0
2017-04-10,20:00:00,33.37,33.4,33.37,33.39,6500,0
2017-04-10,20:05:00,33.39,33.39,33.35,33.35,11529,0
2017-04-10,20:10:00,33.36,33.42,33.34,33.41,12047,0
2017-04-10,20:15:00,33.4,33.4,33.36,33.365,7725,0
2017-04-10,20:20:00,33.37,33.38,33.34,33.35,4100,0
2017-04-10,20:25:00,33.35,33.4,33.335,33.39,4700,0
2017-04-10,20:30:00,33.38,33.4,33.37,33.38,10489,0
2017-04-10,20:35:00,33.38,33.39,33.3699,33.39,4303,0
2017-04-10,20:40:00,33.38,33.42,33.3799,33.39,9057,0
2017-04-10,20:45:00,33.39,33.43,33.39,33.42,4300,0
2017-04-10,20:50:00,33.42,33.45,33.42,33.43,5600,0
2017-04-10,20:55:00,33.43,33.44,33.3999,33.4,2900,0
2017-04-10,21:00:00,33.4,33.4,33.38,33.39,2200,0
2017-04-10,21:05:00,33.39,33.45,33.39,33.41,7362,0
2017-04-10,21:10:00,33.4131,33.43,33.37,33.37,4391,0
2017-04-10,21:15:00,33.38,33.39,33.36,33.36,5260,0
2017-04-10,21:20:00,33.35,33.4,33.35,33.38,8362,0
2017-04-10,21:25:00,33.37,33.39,33.35,33.37,11299,0
2017-04-10,21:30:00,33.37,33.38,33.35,33.37,6994,0
2017-04-10,21:35:00,33.37,33.39,33.35,33.39,7600,0
2017-04-10,21:40:00,33.37,33.4,33.36,33.39,6200,0
2017-04-10,21:45:00,33.4,33.41,33.37,33.38,12440,0
2017-04-10,21:50:00,33.38,33.42,33.37,33.4,20799,0
2017-04-10,21:55:00,33.4,33.41,33.38,33.385,21463,0
2017-04-10,22:00:00,33.38,33.43,33.38,33.39,57621,0
2017-04-11,15:35:00,33.31,33.44,33.31,33.44,3272,0
2017-04-11,15:40:00,33.41,33.41,33.27,33.34,1850,0
2017-04-11,15:45:00,33.32,33.32,33.32,33.32,200,0
2017-04-11,15:50:00,33.29,33.33,33.21,33.33,3945,0
2017-04-11,15:55:00,33.32,33.35,33.29,33.345,3000,0
2017-04-11,16:00:00,33.36,33.5,33.35,33.48,9600,0
2017-04-11,16:05:00,33.5,33.5,33.42,33.5,4500,0
2017-04-11,16:10:00,33.51,33.51,33.36,33.39,3931,0
2017-04-11,16:15:00,33.39,33.41,33.33,33.34,2300,0
2017-04-11,16:20:00,33.28,33.44,33.28,33.43,4759,0
2017-04-11,16:25:00,33.42,33.48,33.4,33.46,8100,0
2017-04-11,16:30:00,33.46,33.52,33.41,33.52,5400,0
2017-04-11,16:35:00,33.5,33.5,33.4,33.41,6050,0
2017-04-11,16:40:00,33.42,33.42,33.38,33.42,4821,0
2017-04-11,16:45:00,33.43,33.43,33.3,33.34,4068,0
2017-04-11,16:50:00,33.35,33.35,33.31,33.33,4460,0
2017-04-11,16:55:00,33.33,33.36,33.3,33.31,2583,0
2017-04-11,17:00:00,33.32,33.45,33.31,33.45,5809,0
2017-04-11,17:05:00,33.44,33.44,33.3358,33.43,5090,0
2017-04-11,17:10:00,33.43,33.48,33.42,33.46,4550,0
2017-04-11,17:15:00,33.4395,33.4395,33.32,33.32,13475,0
2017-04-11,17:20:00,33.34,33.38,33.34,33.3668,3351,0
2017-04-11,17:25:00,33.37,33.44,33.37,33.44,2600,0
2017-04-11,17:30:00,33.45,33.45,33.38,33.45,2282,0
2017-04-11,17:35:00,33.44,33.5,33.4383,33.5,6295,0
2017-04-11,17:40:00,33.4876,33.5,33.48,33.48,1542,0
2017-04-11,17:45:00,33.49,33.5,33.48,33.5,4879,0
2017-04-11,17:50:00,33.47,33.5,33.47,33.49,11362,0
2017-04-11,17:55:00,33.49,33.51,33.46,33.48,5185,0
2017-04-11,18:00:00,33.48,33.5,33.47,33.49,5459,0
2017-04-11,18:05:00,33.49,33.505,33.47,33.49,4178,0
2017-04-11,18:10:00,33.49,33.5,33.46,33.48,3400,0
2017-04-11,18:15:00,33.48,33.52,33.48,33.52,4270,0
2017-04-11,18:20:00,33.53,33.58,33.52,33.57,5348,0
2017-04-11,18:25:00,33.56,33.63,33.56,33.59,5555,0
2017-04-11,18:30:00,33.59,33.61,33.57,33.6,3385,0
2017-04-11,18:35:00,33.59,33.59,33.53,33.53,34114,0
2017-04-11,18:40:00,33.53,33.555,33.52,33.52,2964,0
2017-04-11,18:45:00,33.53,33.55,33.5,33.51,2900,0
2017-04-11,18:50:00,33.515,33.56,33.51,33.52,9100,0
2017-04-11,18:55:00,33.53,33.58,33.53,33.58,2542,0
2017-04-11,19:00:00,33.57,33.57,33.53,33.53,6334,0
2017-04-11,19:05:00,33.55,33.6,33.55,33.6,1500,0
2017-04-11,19:10:00,33.58,33.61,33.58,33.6,5212,0
2017-04-11,19:15:00,33.59,33.6,33.56,33.595,11689,0
2017-04-11,19:20:00,33.59,33.59,33.46,33.47,14892,0
2017-04-11,19:25:00,33.46,33.48,33.45,33.45,1800,0
2017-04-11,19:30:00,33.45,33.45,33.44,33.44,400,0
2017-04-11,19:35:00,33.4442,33.45,33.42,33.43,2000,0
2017-04-11,19:40:00,33.43,33.45,33.42,33.44,3602,0
2017-04-11,19:45:00,33.44,33.44,33.4,33.4,1760,0
2017-04-11,19:50:00,33.41,33.42,33.38,33.39,3391,0
2017-04-11,19:55:00,33.38,33.39,33.35,33.35,2313,0
2017-04-11,20:00:00,33.35,33.36,33.35,33.36,1022,0
2017-04-11,20:05:00,33.36,33.39,33.345,33.345,14895,0
2017-04-11,20:10:00,33.36,33.38,33.34,33.34,2100,0
2017-04-11,20:15:00,33.32,33.32,33.27,33.3,2595,0
2017-04-11,20:20:00,33.31,33.32,33.31,33.31,800,0
2017-04-11,20:25:00,33.31,33.3174,33.3,33.31,8785,0
2017-04-11,20:30:00,33.3,33.3,33.28,33.3,2700,0
2017-04-11,20:35:00,33.3,33.3,33.28,33.28,1400,0
2017-04-11,20:40:00,33.29,33.29,33.28,33.29,900,0
2017-04-11,20:45:00,33.29,33.29,33.25,33.26,1700,0
2017-04-11,20:50:00,33.26,33.27,33.25,33.25,2700,0
2017-04-11,20:55:00,33.24,33.26,33.22,33.25,7300,0
2017-04-11,21:00:00,33.265,33.27,33.26,33.27,1465,0
2017-04-11,21:05:00,33.27,33.27,33.25,33.255,1400,0
2017-04-11,21:10:00,33.26,33.26,33.23,33.24,2700,0
2017-04-11,21:15:00,33.285,33.285,33.25,33.26,2080,0
2017-04-11,21:20:00,33.26,33.29,33.26,33.29,3233,0
2017-04-11,21:25:00,33.3,33.34,33.3,33.33,4580,0
2017-04-11,21:30:00,33.33,33.35,33.33,33.33,1300,0
2017-04-11,21:35:00,33.32,33.34,33.29,33.32,6066,0
2017-04-11,21:40:00,33.31,33.33,33.3,33.33,4150,0
2017-04-11,21:45:00,33.34,33.38,33.28,33.29,16866,0
2017-04-11,21:50:00,33.285,33.31,33.27,33.27,17002,0
2017-04-11,21:55:00,33.27,33.305,33.27,33.295,16223,0
2017-04-11,22:00:00,33.3,33.37,33.29,33.37,43382,0
2017-04-12,15:35:00,33.35,33.51,33.35,33.44,4216,0
2017-04-12,15:40:00,33.46,33.485,33.44,33.485,2752,0
2017-04-12,15:45:00,33.48,33.57,33.48,33.57,4100,0
2017-04-12,15:50:00,33.55,33.595,33.55,33.565,1920,0
2017-04-12,15:55:00,33.54,33.62,33.54,33.62,800,0
2017-04-12,16:00:00,33.6,33.6,33.5,33.54,4063,0
2017-04-12,16:05:00,33.56,33.63,33.56,33.62,4898,0
2017-04-12,16:10:00,33.6,33.6,33.57,33.6,2300,0
2017-04-12,16:15:00,33.6,33.6,33.545,33.57,2889,0
2017-04-12,16:20:00,33.6,33.64,33.6,33.64,200,0
2017-04-12,16:25:00,33.64,33.645,33.58,33.58,4637,0
2017-04-12,16:30:00,33.57,33.58,33.54,33.54,2200,0
2017-04-12,16:35:00,33.55,33.59,33.53,33.55,1200,0
2017-04-12,16:40:00,33.55,33.57,33.54,33.54,700,0
2017-04-12,16:45:00,33.54,33.57,33.51,33.548,4152,0
2017-04-12,16:50:00,33.53,33.54,33.49,33.49,3800,0
2017-04-12,16:55:00,33.49,33.52,33.49,33.5193,2489,0
2017-04-12,17:00:00,33.53,33.55,33.52,33.54,3280,0
2017-04-12,17:05:00,33.54,33.56,33.525,33.525,3100,0
2017-04-12,17:10:00,33.5266,33.585,33.5266,33.58,4483,0
2017-04-12,17:15:00,33.59,33.61,33.58,33.59,4800,0
2017-04-12,17:20:00,33.59,33.61,33.59,33.59,3600,0
2017-04-12,17:25:00,33.6,33.61,33.6,33.6,1260,0
2017-04-12,17:30:00,33.57,33.59,33.55,33.59,2479,0
2017-04-12,17:35:00,33.59,33.62,33.59,33.605,2282,0
2017-04-12,17:40:00,33.6,33.63,33.58,33.605,4300,0
2017-04-12,17:45:00,33.61,33.61,33.59,33.59,1489,0
2017-04-12,17:50:00,33.57,33.58,33.56,33.58,5250,0
2017-04-12,17:55:00,33.58,33.59,33.55,33.55,7366,0
2017-04-12,18:00:00,33.55,33.555,33.5247,33.54,6050,0
2017-04-12,18:05:00,33.54,33.55,33.505,33.51,14110,0
2017-04-12,18:10:00,33.5,33.53,33.49,33.53,8295,0
2017-04-12,18:15:00,33.53,33.54,33.51,33.52,4389,0
2017-04-12,18:20:00,33.5,33.51,33.5,33.5,1000,0
2017-04-12,18:25:00,33.51,33.51,33.485,33.485,2902,0
2017-04-12,18:30:00,33.47,33.48,33.47,33.48,3150,0
2017-04-12,18:35:00,33.49,33.5,33.48,33.5,2909,0
2017-04-12,18:40:00,33.51,33.51,33.48,33.5,9900,0
2017-04-12,18:45:00,33.5,33.5,33.47,33.47,4385,0
2017-04-12,18:50:00,33.48,33.49,33.48,33.49,1889,0
2017-04-12,18:55:00,33.5,33.5,33.465,33.47,6978,0
2017-04-12,19:00:00,33.48,33.485,33.44,33.445,11700,0
2017-04-12,19:05:00,33.445,33.48,33.44,33.45,6729,0
2017-04-12,19:10:00,33.455,33.46,33.44,33.45,2800,0
2017-04-12,19:15:00,33.45,33.4903,33.45,33.49,5260,0
2017-04-12,19:20:00,33.48,33.48,33.47,33.47,8300,0
2017-04-12,19:25:00,33.47,33.48,33.44,33.45,14238,0
2017-04-12,19:30:00,33.46,33.46,33.45,33.46,1200,0
2017-04-12,19:35:00,33.45,33.47,33.44,33.465,4200,0
2017-04-12,19:40:00,33.47,33.505,33.46,33.49,3993,0
2017-04-12,19:45:00,33.495,33.495,33.47,33.49,3505,0
2017-04-12,19:50:00,33.49,33.51,33.49,33.51,1499,0
2017-04-12,19:55:00,33.5,33.53,33.5,33.53,3202,0
2017-04-12,20:00:00,33.53,33.56,33.53,33.56,700,0
2017-04-12,20:05:00,33.57,33.57,33.53,33.55,1714,0
2017-04-12,20:10:00,33.55,33.56,33.54,33.55,2099,0
2017-04-12,20:15:00,33.55,33.55,33.52,33.54,1200,0
2017-04-12,20:20:00,33.53,33.53,33.5,33.5,1864,0
2017-04-12,20:25:00,33.49,33.5,33.49,33.5,1100,0
2017-04-12,20:30:00,33.49,33.5,33.49,33.5,1100,0
2017-04-12,20:35:00,33.49,33.52,33.48,33.52,3254,0
2017-04-12,20:40:00,33.52,33.53,33.47,33.47,6258,0
2017-04-12,20:45:00,33.46,33.47,33.46,33.47,900,0
2017-04-12,20:50:00,33.45,33.49,33.45,33.46,7293,0
2017-04-12,20:55:00,33.45,33.48,33.45,33.48,2300,0
2017-04-12,21:00:00,33.49,33.49,33.47,33.47,1992,0
2017-04-12,21:05:00,33.48,33.49,33.48,33.48,1800,0
2017-04-12,21:10:00,33.47,33.47,33.45,33.47,2700,0
2017-04-12,21:15:00,33.48,33.51,33.46,33.5,6300,0
2017-04-12,21:20:00,33.5,33.52,33.49,33.5,9654,0
2017-04-12,21:25:00,33.5,33.55,33.5,33.5451,5032,0
2017-04-12,21:30:00,33.55,33.57,33.52,33.54,7500,0
2017-04-12,21:35:00,33.55,33.57,33.5267,33.57,6598,0
2017-04-12,21:40:00,33.56,33.57,33.53,33.555,11082,0
2017-04-12,21:45:00,33.56,33.6,33.555,33.575,18362,0
2017-04-12,21:50:00,33.57,33.61,33.565,33.57,15372,0
2017-04-12,21:55:00,33.58,33.6,33.56,33.56,10162,0
2017-04-12,22:00:00,33.57,33.57,33.54,33.55,39307,0
2017-04-13,15:35:00,33.44,33.61,33.44,33.52,6420,0
2017-04-13,15:40:00,33.54,33.57,33.51,33.55,2100,0
2017-04-13,15:45:00,33.54,33.56,33.52,33.52,2200,0
2017-04-13,15:50:00,33.51,33.53,33.505,33.51,2000,0
2017-04-13,15:55:00,33.51,33.61,33.51,33.59,3706,0
2017-04-13,16:00:00,33.58,33.64,33.56,33.57,3900,0
2017-04-13,16:05:00,33.59,33.62,33.59,33.59,1500,0
2017-04-13,16:10:00,33.58,33.61,33.56,33.6,2900,0
2017-04-13,16:15:00,33.6,33.63,33.6,33.61,900,0
2017-04-13,16:20:00,33.6,33.63,33.59,33.63,502,0
2017-04-13,16:25:00,33.63,33.65,33.6,33.65,942,0
2017-04-13,16:30:00,33.6505,33.6505,33.62,33.64,900,0
2017-04-13,16:35:00,33.62,33.65,33.62,33.65,1200,0
2017-04-13,16:40:00,33.67,33.67,33.65,33.67,3309,0
2017-04-13,16:45:00,33.7,33.71,33.69,33.705,1398,0
2017-04-13,16:50:00,33.69,33.73,33.69,33.73,2100,0
2017-04-13,16:55:00,33.72,33.77,33.72,33.77,672,0
2017-04-13,17:00:00,33.78,33.78,33.73,33.76,1350,0
2017-04-13,17:05:00,33.76,33.77,33.74,33.74,600,0
2017-04-13,17:10:00,33.73,33.74,33.73,33.74,506,0
2017-04-13,17:15:00,33.74,33.75,33.72,33.72,1000,0
2017-04-13,17:20:00,33.72,33.72,33.7,33.7,900,0
2017-04-13,17:25:00,33.7,33.7,33.7,33.7,400,0
2017-04-13,17:30:00,33.6967,33.72,33.6967,33.715,1300,0
2017-04-13,17:35:00,33.71,33.715,33.7,33.715,300,0
2017-04-13,17:40:00,33.72,33.76,33.72,33.74,1900,0
2017-04-13,17:45:00,33.74,33.75,33.74,33.74,800,0
2017-04-13,17:50:00,33.74,33.76,33.72,33.72,2140,0
2017-04-13,17:55:00,33.72,33.74,33.715,33.74,2765,0
2017-04-13,18:00:00,33.75,33.755,33.745,33.745,1582,0
2017-04-13,18:05:00,33.74,33.74,33.71,33.71,2000,0
2017-04-13,18:10:00,33.71,33.71,33.6767,33.68,2480,0
2017-04-13,18:15:00,33.68,33.73,33.68,33.72,4859,0
2017-04-13,18:20:00,33.71,33.71,33.67,33.67,1100,0
2017-04-13,18:25:00,33.67,33.68,33.65,33.67,1093,0
2017-04-13,18:30:00,33.66,33.68,33.66,33.68,1300,0
2017-04-13,18:35:00,33.69,33.69,33.65,33.65,1400,0
2017-04-13,18:40:00,33.64,33.65,33.64,33.65,1100,0
2017-04-13,18:45:00,33.64,33.65,33.62,33.63,11830,0
2017-04-13,18:50:00,33.62,33.63,33.62,33.63,1300,0
2017-04-13,18:55:00,33.62,33.66,33.62,33.66,2247,0
2017-04-13,19:00:00,33.65,33.66,33.64,33.65,1800,0
2017-04-13,19:05:00,33.63,33.63,33.62,33.62,1100,0
2017-04-13,19:10:00,33.63,33.64,33.59,33.59,2200,0
2017-04-13,19:15:00,33.57,33.58,33.54,33.55,3930,0
2017-04-13,19:20:00,33.58,33.58,33.55,33.56,1400,0
2017-04-13,19:25:00,33.54,33.57,33.54,33.57,1500,0
2017-04-13,19:30:00,33.57,33.57,33.57,33.57,200,0
2017-04-13,19:35:00,33.57,33.57,33.55,33.56,1200,0
2017-04-13,19:40:00,33.56,33.58,33.56,33.57,2300,0
2017-04-13,19:45:00,33.56,33.57,33.55,33.56,1500,0
2017-04-13,19:50:00,33.55,33.56,33.54,33.56,4590,0
2017-04-13,19:55:00,33.55,33.58,33.54,33.54,3102,0
2017-04-13,20:00:00,33.56,33.56,33.54,33.55,4000,0
2017-04-13,20:05:00,33.55,33.56,33.55,33.55,1384,0
2017-04-13,20:10:00,33.55,33.56,33.55,33.55,1276,0
2017-04-13,20:15:00,33.555,33.56,33.45,33.45,6830,0
2017-04-13,20:20:00,33.49,33.49,33.44,33.445,6400,0
2017-04-13,20:25:00,33.44,33.44,33.4,33.43,5361,0
2017-04-13,20:30:00,33.42,33.44,33.42,33.42,3040,0
2017-04-13,20:35:00,33.42,33.425,33.41,33.42,3945,0
2017-04-13,20:40:00,33.4216,33.45,33.41,33.42,2845,0
2017-04-13,20:45:00,33.41,33.438,33.41,33.42,3000,0
2017-04-13,20:50:00,33.4214,33.4214,33.37,33.37,5365,0
2017-04-13,20:55:00,33.37,33.37,33.35,33.36,2725,0
2017-04-13,21:00:00,33.35,33.36,33.35,33.35,1859,0
2017-04-13,21:05:00,33.36,33.39,33.355,33.36,2900,0
2017-04-13,21:10:00,33.36,33.37,33.35,33.36,4300,0
2017-04-13,21:15:00,33.36,33.36,33.31,33.31,8200,0
2017-04-13,21:20:00,33.32,33.33,33.31,33.32,4450,0
2017-04-13,21:25:00,33.33,33.37,33.33,33.37,5500,0
2017-04-13,21:30:00,33.36,33.36,33.33,33.34,3700,0
2017-04-13,21:35:00,33.33,33.33,33.31,33.31,7002,0
2017-04-13,21:40:00,33.3,33.33,33.29,33.3,8803,0
2017-04-13,21:45:00,33.3,33.33,33.29,33.32,8152,0
2017-04-13,21:50:00,33.33,33.34,33.31,33.34,10030,0
2017-04-13,21:55:00,33.35,33.35,33.32,33.35,13938,0
2017-04-13,22:00:00,33.35,33.36,33.31,33.31,34585,0
2017-04-17,15:35:00,33.24,33.5054,33.24,33.5054,9433,0
2017-04-17,15:40:00,33.52,33.52,33.4783,33.48,1334,0
2017-04-17,15:45:00,33.4568,33.47,33.44,33.45,872,0
2017-04-17,15:50:00,33.44,33.48,33.44,33.46,1000,0
2017-04-17,15:55:00,33.46,33.55,33.46,33.55,3482,0
2017-04-17,16:00:00,33.55,33.61,33.54,33.6,4432,0
2017-04-17,16:05:00,33.5888,33.63,33.58,33.63,5708,0
2017-04-17,16:10:00,33.63,33.66,33.63,33.65,1800,0
2017-04-17,16:15:00,33.66,33.68,33.6384,33.68,3900,0
2017-04-17,16:20:00,33.69,33.69,33.65,33.66,2625,0
2017-04-17,16:25:00,33.66,33.69,33.66,33.66,1100,0
2017-04-17,16:30:00,33.65,33.66,33.64,33.65,1900,0
2017-04-17,16:35:00,33.64,33.64,33.64,33.64,700,0
2017-04-17,16:40:00,33.64,33.66,33.62,33.66,2800,0
2017-04-17,16:45:00,33.6542,33.655,33.64,33.65,2001,0
2017-04-17,16:50:00,33.64,33.68,33.63,33.66,8369,0
2017-04-17,16:55:00,33.66,33.7,33.65,33.675,3300,0
2017-04-17,17:00:00,33.68,33.72,33.67,33.72,840,0
2017-04-17,17:05:00,33.73,33.76,33.73,33.76,1500,0
2017-04-17,17:10:00,33.76,33.76,33.735,33.745,1775,0
2017-04-17,17:15:00,33.745,33.79,33.745,33.79,2455,0
2017-04-17,17:20:00,33.78,33.82,33.77,33.81,800,0
2017-04-17,17:25:00,33.8,33.8,33.785,33.8,700,0
2017-04-17,17:30:00,33.79,33.81,33.79,33.8,900,0
2017-04-17,17:35:00,33.8099,33.815,33.79,33.81,1292,0
2017-04-17,17:40:00,33.81,33.9,33.81,33.88,7500,0
2017-04-17,17:45:00,33.885,33.885,33.86,33.86,1400,0
2017-04-17,17:50:00,33.86,33.86,33.83,33.84,2249,0
2017-04-17,17:55:00,33.83,33.88,33.83,33.86,3959,0
2017-04-17,18:00:00,33.84,33.855,33.83,33.83,1400,0
2017-04-17,18:05:00,33.82,33.855,33.82,33.84,1200,0
2017-04-17,18:10:00,33.82,33.84,33.82,33.83,1200,0
2017-04-17,18:15:00,33.84,33.86,33.83,33.84,2100,0
2017-04-17,18:20:00,33.84,33.845,33.83,33.84,900,0
2017-04-17,18:25:00,33.85,33.86,33.85,33.86,600,0
2017-04-17,18:30:00,33.855,33.855,33.845,33.845,1000,0
2017-04-17,18:35:00,33.84,33.88,33.83,33.865,5941,0
2017-04-17,18:40:00,33.86,33.865,33.86,33.865,200,0
2017-04-17,18:45:00,33.86,33.915,33.86,33.89,8911,0
2017-04-17,18:50:00,33.9,33.9,33.85,33.85,4100,0
2017-04-17,18:55:00,33.86,33.86,33.85,33.86,1608,0
2017-04-17,19:00:00,33.87,33.8902,33.87,33.88,1750,0
2017-04-17,19:05:00,33.88,33.885,33.86,33.88,4215,0
2017-04-17,19:10:00,33.89,33.91,33.89,33.9032,3963,0
2017-04-17,19:15:00,33.9,33.9,33.87,33.87,1633,0
2017-04-17,19:20:00,33.87,33.87,33.87,33.87,100,0
2017-04-17,19:25:00,33.87,33.87,33.87,33.87,1257,0
2017-04-17,19:30:00,33.875,33.875,33.86,33.86,500,0
2017-04-17,19:35:00,33.86,33.865,33.84,33.84,4011,0
2017-04-17,19:40:00,33.835,33.84,33.82,33.84,3200,0
2017-04-17,19:45:00,33.84,33.86,33.83,33.85,3784,0
2017-04-17,19:50:00,33.835,33.835,33.82,33.83,600,0
2017-04-17,19:55:00,33.82,33.825,33.81,33.81,3200,0
2017-04-17,20:00:00,33.8,33.81,33.795,33.795,600,0
2017-04-17,20:05:00,33.78,33.78,33.78,33.78,200,0
2017-04-17,20:10:00,33.775,33.775,33.76,33.76,400,0
2017-04-17,20:15:00,33.76,33.8,33.76,33.79,6995,0
2017-04-17,20:20:00,33.79,33.82,33.78,33.82,7108,0
2017-04-17,20:25:00,33.82,33.82,33.8089,33.8089,404,0
2017-04-17,20:30:00,33.8,33.82,33.79,33.81,3703,0
2017-04-17,20:35:00,33.81,33.87,33.81,33.85,7504,0
2017-04-17,20:40:00,33.84,33.84,33.8101,33.8199,3388,0
2017-04-17,20:45:00,33.815,33.86,33.81,33.85,4606,0
2017-04-17,20:50:00,33.86,33.86,33.81,33.81,2460,0
2017-04-17,20:55:00,33.81,33.84,33.8,33.84,5600,0
2017-04-17,21:00:00,33.835,33.835,33.8,33.81,4200,0
2017-04-17,21:05:00,33.81,33.82,33.79,33.79,4364,0
2017-04-17,21:10:00,33.8,33.8,33.79,33.795,1800,0
2017-04-17,21:15:00,33.8,33.81,33.76,33.78,3356,0
2017-04-17,21:20:00,33.77,33.78,33.75,33.77,3050,0
2017-04-17,21:25:00,33.77,33.79,33.75,33.75,4269,0
2017-04-17,21:30:00,33.755,33.78,33.755,33.77,2700,0
2017-04-17,21:35:00,33.77,33.77,33.75,33.76,4613,0
2017-04-17,21:40:00,33.76,33.78,33.75,33.78,12640,0
2017-04-17,21:45:00,33.77,33.79,33.76,33.78,7527,0
2017-04-17,21:50:00,33.78,33.795,33.76,33.76,6667,0
2017-04-17,21:55:00,33.75,33.77,33.73,33.73,15613,0
2017-04-17,22:00:00,33.735,33.77,33.73,33.76,35028,0
2017-04-18,15:35:00,33.76,33.76,33.6,33.62,8071,0
2017-04-18,15:40:00,33.64,33.68,33.64,33.68,900,0
2017-04-18,15:45:00,33.64,33.65,33.64,33.64,800,0
2017-04-18,15:50:00,33.68,33.7,33.6603,33.67,1470,0
2017-04-18,15:55:00,33.6699,33.68,33.66,33.68,1500,0
2017-04-18,16:00:00,33.7,33.7,33.68,33.68,1600,0
2017-04-18,16:05:00,33.68,33.69,33.65,33.65,5000,0
2017-04-18,16:10:00,33.65,33.665,33.64,33.6499,3100,0
2017-04-18,16:15:00,33.64,33.6697,33.59,33.6,5088,0
2017-04-18,16:20:00,33.62,33.64,33.62,33.63,1362,0
2017-04-18,16:25:00,33.615,33.62,33.57,33.61,3600,0
2017-04-18,16:30:00,33.62,33.66,33.62,33.64,4600,0
2017-04-18,16:35:00,33.65,33.68,33.64,33.68,2100,0
2017-04-18,16:40:00,33.71,33.71,33.7066,33.7066,404,0
2017-04-18,16:45:00,33.7,33.76,33.7,33.74,800,0
2017-04-18,16:50:00,33.73,33.73,33.71,33.71,1500,0
2017-04-18,16:55:00,33.68,33.68,33.67,33.67,600,0
2017-04-18,17:00:00,33.69,33.71,33.68,33.68,4200,0
2017-04-18,17:05:00,33.68,33.68,33.63,33.63,2126,0
2017-04-18,17:10:00,33.61,33.63,33.59,33.63,5600,0
2017-04-18,17:15:00,33.645,33.68,33.645,33.6675,1113,0
2017-04-18,17:20:00,33.67,33.67,33.64,33.64,1451,0
2017-04-18,17:25:00,33.64,33.64,33.62,33.62,900,0
2017-04-18,17:30:00,33.62,33.64,33.62,33.64,600,0
2017-04-18,17:35:00,33.65,33.65,33.61,33.61,1300,0
2017-04-18,17:40:00,33.58,33.58,33.56,33.57,2621,0
2017-04-18,17:45:00,33.57,33.61,33.57,33.59,3495,0
2017-04-18,17:50:00,33.59,33.59,33.59,33.59,200,0
2017-04-18,17:55:00,33.59,33.59,33.53,33.54,8700,0
2017-04-18,18:00:00,33.55,33.57,33.55,33.55,2941,0
2017-04-18,18:05:00,33.53,33.55,33.52,33.55,1900,0
2017-04-18,18:10:00,33.56,33.56,33.5,33.5,2170,0
2017-04-18,18:15:00,33.5,33.55,33.5,33.55,1600,0
2017-04-18,18:20:00,33.55,33.55,33.51,33.53,1500,0
2017-04-18,18:25:00,33.55,33.55,33.53,33.54,1600,0
2017-04-18,18:30:00,33.53,33.53,33.53,33.53,400,0
2017-04-18,18:35:00,33.52,33.53,33.51,33.51,800,0
2017-04-18,18:40:00,33.49,33.5,33.48,33.49,1200,0
2017-04-18,18:45:00,33.49,33.5,33.46,33.47,5000,0
2017-04-18,18:50:00,33.47,33.47,33.43,33.44,2100,0
2017-04-18,18:55:00,33.43,33.48,33.43,33.48,1100,0
2017-04-18,19:00:00,33.48,33.49,33.46,33.47,1200,0
2017-04-18,19:05:00,33.46,33.5,33.46,33.49,2906,0
2017-04-18,19:10:00,33.49,33.54,33.49,33.53,2350,0
2017-04-18,19:15:00,33.55,33.57,33.54,33.57,2400,0
2017-04-18,19:20:00,33.55,33.5532,33.53,33.5532,1405,0
2017-04-18,19:25:00,33.54,33.56,33.54,33.55,900,0
2017-04-18,19:30:00,33.53,33.55,33.53,33.55,600,0
2017-04-18,19:35:00,33.55,33.57,33.55,33.57,1100,0
2017-04-18,19:40:00,33.58,33.58,33.55,33.57,2300,0
2017-04-18,19:45:00,33.57,33.6,33.57,33.6,3200,0
2017-04-18,19:50:00,33.6,33.6,33.56,33.56,3435,0
2017-04-18,19:55:00,33.57,33.6,33.57,33.6,2100,0
2017-04-18,20:00:00,33.61,33.61,33.56,33.57,6800,0
2017-04-18,20:05:00,33.57,33.6,33.56,33.6,3900,0
2017-04-18,20:10:00,33.61,33.64,33.6,33.63,2800,0
2017-04-18,20:15:00,33.64,33.64,33.6,33.61,4075,0
2017-04-18,20:20:00,33.61,33.64,33.6,33.63,4896,0
2017-04-18,20:25:00,33.63,33.67,33.63,33.66,9814,0
2017-04-18,20:30:00,33.66,33.7,33.65,33.69,7212,0
2017-04-18,20:35:00,33.68,33.72,33.68,33.705,7413,0
2017-04-18,20:40:00,33.71,33.72,33.675,33.675,3900,0
2017-04-18,20:45:00,33.68,33.68,33.64,33.64,1600,0
2017-04-18,20:50:00,33.65,33.67,33.64,33.64,2560,0
2017-04-18,20:55:00,33.66,33.665,33.64,33.665,6226,0
2017-04-18,21:00:00,33.66,33.67,33.64,33.66,4194,0
2017-04-18,21:05:00,33.66,33.68,33.65,33.67,2900,0
2017-04-18,21:10:00,33.67,33.7,33.67,33.7,4200,0
2017-04-18,21:15:00,33.7,33.7,33.68,33.68,2300,0
2017-04-18,21:20:00,33.67,33.69,33.67,33.69,2071,0
2017-04-18,21:25:00,33.69,33.7,33.68,33.7,6300,0
2017-04-18,21:30:00,33.7,33.73,33.7,33.71,5102,0
2017-04-18,21:35:00,33.72,33.73,33.7,33.7,7287,0
2017-04-18,21:40:00,33.7,33.7,33.68,33.7,7560,0
2017-04-18,21:45:00,33.7,33.75,33.7,33.75,10491,0
2017-04-18,21:50:00,33.74,33.78,33.74,33.759,26825,0
2017-04-18,21:55:00,33.76,33.78,33.74,33.74,33402,0
2017-04-18,22:00:00,33.74,33.75,33.72,33.73,62321,0
2017-04-19,15:35:00,33.81,33.81,33.67,33.7,3283,0
2017-04-19,15:40:00,33.79,33.83,33.79,33.81,1800,0
2017-04-19,15:45:00,33.83,33.85,33.82,33.85,4814,0
2017-04-19,15:50:00,33.84,33.86,33.84,33.86,400,0
2017-04-19,15:55:00,33.87,33.9,33.87,33.885,1802,0
2017-04-19,16:00:00,33.885,33.9,33.84,33.85,6624,0
2017-04-19,16:05:00,33.84,33.87,33.83,33.87,3432,0
2017-04-19,16:10:00,33.87,33.88,33.865,33.87,800,0
2017-04-19,16:15:00,33.85,33.86,33.84,33.84,9913,0
2017-04-19,16:20:00,33.86,33.86,33.83,33.84,2515,0
2017-04-19,16:25:00,33.84,33.84,33.81,33.81,900,0
2017-04-19,16:30:00,33.8,33.83,33.8,33.82,1000,0
2017-04-19,16:35:00,33.84,33.84,33.81,33.8199,1000,0
2017-04-19,16:40:00,33.81,33.83,33.8,33.82,3500,0
2017-04-19,16:45:00,33.83,33.87,33.83,33.85,1224,0
2017-04-19,16:50:00,33.83,33.85,33.82,33.82,3141,0
2017-04-19,16:55:00,33.796,33.8299,33.796,33.8299,1550,0
2017-04-19,17:00:00,33.82,33.85,33.81,33.85,3595,0
2017-04-19,17:05:00,33.85,33.86,33.85,33.8597,1550,0
2017-04-19,17:10:00,33.88,33.88,33.85,33.85,1500,0
2017-04-19,17:15:00,33.85,33.88,33.8466,33.86,615,0
2017-04-19,17:20:00,33.8676,33.87,33.86,33.86,476,0
2017-04-19,17:25:00,33.83,33.84,33.825,33.835,1623,0
2017-04-19,17:30:00,33.84,33.86,33.84,33.86,2090,0
2017-04-19,17:35:00,33.87,33.875,33.86,33.87,1602,0
2017-04-19,17:40:00,33.865,33.88,33.86,33.88,2200,0
2017-04-19,17:45:00,33.875,33.875,33.85,33.85,2969,0
2017-04-19,17:50:00,33.85,33.85,33.84,33.84,2279,0
2017-04-19,17:55:00,33.84,33.86,33.84,33.85,2400,0
2017-04-19,18:00:00,33.84,33.85,33.84,33.85,1175,0
2017-04-19,18:05:00,33.85,33.85,33.83,33.83,900,0
2017-04-19,18:10:00,33.82,33.83,33.81,33.8298,1120,0
2017-04-19,18:15:00,33.81,33.82,33.8,33.82,3399,0
2017-04-19,18:20:00,33.83,33.83,33.8,33.82,907,0
2017-04-19,18:25:00,33.8238,33.8238,33.82,33.82,358,0
2017-04-19,18:30:00,33.8238,33.8238,33.82,33.82,697,0
2017-04-19,18:35:00,33.81,33.82,33.8,33.811,1932,0
2017-04-19,18:40:00,33.82,33.82,33.8,33.8,700,0
2017-04-19,18:50:00,33.77,33.77,33.76,33.76,400,0
2017-04-19,18:55:00,33.7773,33.7773,33.76,33.76,480,0
2017-04-19,19:00:00,33.77,33.78,33.76,33.78,700,0
2017-04-19,19:05:00,33.75,33.75,33.72,33.72,1585,0
2017-04-19,19:10:00,33.72,33.7399,33.72,33.7399,927,0
2017-04-19,19:15:00,33.73,33.75,33.72,33.72,2918,0
2017-04-19,19:20:00,33.73,33.73,33.73,33.73,300,0
2017-04-19,19:25:00,33.7299,33.79,33.7299,33.79,1290,0
2017-04-19,19:30:00,33.79,33.8,33.7738,33.7738,735,0
2017-04-19,19:35:00,33.78,33.78,33.77,33.77,350,0
2017-04-19,19:40:00,33.78,33.79,33.7764,33.78,1600,0
2017-04-19,19:45:00,33.78,33.81,33.78,33.8,1351,0
2017-04-19,19:50:00,33.8,33.8137,33.79,33.8137,1529,0
2017-04-19,19:55:00,33.81,33.87,33.81,33.87,7200,0
2017-04-19,20:00:00,33.88,33.8838,33.87,33.87,1657,0
2017-04-19,20:05:00,33.86,33.86,33.85,33.85,900,0
2017-04-19,20:10:00,33.85,33.86,33.84,33.86,971,0
2017-04-19,20:15:00,33.84,33.85,33.83,33.83,3300,0
2017-04-19,20:20:00,33.84,33.84,33.79,33.8,2179,0
2017-04-19,20:25:00,33.78,33.78,33.78,33.78,500,0
2017-04-19,20:30:00,33.77,33.78,33.7674,33.78,930,0
2017-04-19,20:35:00,33.78,33.7833,33.78,33.78,731,0
2017-04-19,20:40:00,33.79,33.79,33.78,33.78,900,0
2017-04-19,20:45:00,33.76,33.76,33.75,33.75,200,0
2017-04-19,20:50:00,33.75,33.775,33.75,33.765,1960,0
2017-04-19,20:55:00,33.77,33.77,33.73,33.73,1800,0
2017-04-19,21:00:00,33.73,33.73,33.72,33.73,1500,0
2017-04-19,21:05:00,33.73,33.73,33.71,33.72,900,0
2017-04-19,21:10:00,33.72,33.76,33.72,33.76,4300,0
2017-04-19,21:15:00,33.76,33.77,33.76,33.77,700,0
2017-04-19,21:20:00,33.7699,33.79,33.7699,33.79,1186,0
2017-04-19,21:25:00,33.8,33.81,33.78,33.79,4400,0
2017-04-19,21:30:00,33.78,33.81,33.78,33.8,7122,0
2017-04-19,21:35:00,33.79,33.8,33.78,33.8,6400,0
2017-04-19,21:40:00,33.81,33.82,33.78,33.82,10493,0
2017-04-19,21:45:00,33.81,33.81,33.79,33.81,7010,0
2017-04-19,21:50:00,33.8,33.86,33.8,33.82,13963,0
2017-04-19,21:55:00,33.82,33.82,33.79,33.81,12328,0
2017-04-19,22:00:00,33.82,33.83,33.81,33.81,32359,0
2017-04-20,15:35:00,33.81,33.87,33.81,33.87,5974,0
2017-04-20,15:40:00,33.84,33.9,33.84,33.87,1104,0
2017-04-20,15:45:00,33.86,33.9,33.84,33.8901,2756,0
2017-04-20,15:50:00,33.9,33.92,33.88,33.92,2156,0
2017-04-20,15:55:00,33.92,33.97,33.89,33.97,3858,0
2017-04-20,16:00:00,33.97,33.99,33.95,33.99,2100,0
2017-04-20,16:05:00,33.99,34.09,33.99,34.0034,6752,0
2017-04-20,16:10:00,33.97,34.06,33.96,34.06,2901,0
2017-04-20,16:15:00,34.06,34.09,34.05,34.09,5296,0
2017-04-20,16:20:00,34.07,34.07,34.03,34.05,2300,0
2017-04-20,16:25:00,34.05,34.09,34.05,34.08,4650,0
2017-04-20,16:30:00,34.08,34.09,34.07,34.08,10140,0
2017-04-20,16:35:00,34.07,34.09,34.07,34.09,2215,0
2017-04-20,16:40:00,34.08,34.08,34.06,34.07,1252,0
2017-04-20,16:45:00,34.07,34.1,34.06,34.1,11956,0
2017-04-20,16:50:00,34.1,34.1,34.04,34.06,17800,0
2017-04-20,16:55:00,34.05,34.05,34.02,34.02,1800,0
2017-04-20,17:00:00,34.03,34.05,34.03,34.05,2258,0
2017-04-20,17:05:00,34.04,34.04,34.01,34.01,2402,0
2017-04-20,17:10:00,34.01,34.02,34,34.01,2900,0
2017-04-20,17:15:00,34.01,34.05,34.01,34.05,700,0
2017-04-20,17:20:00,34.03,34.04,34.01,34.04,800,0
2017-04-20,17:25:00,34.05,34.09,34.05,34.09,1300,0
2017-04-20,17:30:00,34.09,34.095,34.09,34.095,1233,0
2017-04-20,17:35:00,34.09,34.09,34.055,34.08,4636,0
2017-04-20,17:40:00,34.08,34.08,34.05,34.05,500,0
2017-04-20,17:45:00,34.05,34.07,34.05,34.06,600,0
2017-04-20,17:50:00,34.05,34.05,34.02,34.05,2000,0
2017-04-20,17:55:00,34.04,34.04,33.99,34,6800,0
2017-04-20,18:00:00,34.01,34.01,34,34,400,0
2017-04-20,18:05:00,33.99,34,33.98,33.98,2054,0
2017-04-20,18:10:00,33.99,33.99,33.96,33.99,2894,0
2017-04-20,18:15:00,34.01,34.02,34.01,34.02,636,0
2017-04-20,18:20:00,34.02,34.03,34,34,700,0
2017-04-20,18:25:00,34.01,34.01,33.98,33.98,1200,0
2017-04-20,18:30:00,33.99,33.99,33.98,33.98,400,0
2017-04-20,18:35:00,33.96,33.99,33.96,33.98,2090,0
2017-04-20,18:40:00,33.97,33.97,33.94,33.97,2300,0
2017-04-20,18:45:00,33.97,34.0099,33.97,33.99,631,0
2017-04-20,18:50:00,33.99,34.03,33.99,34.01,2091,0
2017-04-20,18:55:00,34.01,34.02,34.01,34.01,1040,0
2017-04-20,19:00:00,34.01,34.01,33.99,33.99,1100,0
2017-04-20,19:05:00,34,34,33.97,33.98,2322,0
2017-04-20,19:10:00,33.97,33.97,33.95,33.95,2400,0
2017-04-20,19:15:00,33.94,33.94,33.92,33.93,1012,0
2017-04-20,19:20:00,33.93,33.9438,33.9,33.9,2564,0
2017-04-20,19:25:00,33.9,33.93,33.9,33.93,1080,0
2017-04-20,19:30:00,33.95,33.97,33.95,33.97,1800,0
2017-04-20,19:35:00,33.97,33.97,33.95,33.97,800,0
2017-04-20,19:40:00,33.98,33.99,33.97,33.99,2900,0
2017-04-20,19:45:00,33.99,33.99,33.98,33.98,308,0
2017-04-20,19:50:00,33.99,34,33.98,34,9700,0
2017-04-20,19:55:00,34,34,33.98,33.98,2900,0
2017-04-20,20:00:00,33.99,34.015,33.99,34.01,4050,0
2017-04-20,20:05:00,34.01,34.01,33.98,33.98,3668,0
2017-04-20,20:10:00,33.99,34,33.96,33.96,2800,0
2017-04-20,20:15:00,33.96,33.97,33.95,33.96,1100,0
2017-04-20,20:20:00,33.96,33.96,33.95,33.95,939,0
2017-04-20,20:25:00,33.95,33.965,33.94,33.965,600,0
2017-04-20,20:30:00,33.97,33.99,33.97,33.97,1500,0
2017-04-20,20:35:00,33.96,34,33.96,33.9932,4123,0
2017-04-20,20:40:00,34,34.03,34,34.03,3583,0
2017-04-20,20:45:00,34.04,34.05,34.02,34.04,4600,0
2017-04-20,20:50:00,34.03,34.06,34.03,34.04,3362,0
2017-04-20,20:55:00,34.04,34.053,34.04,34.05,3117,0
2017-04-20,21:00:00,34.05,34.08,34.05,34.08,3706,0
2017-04-20,21:05:00,34.08,34.08,34.04,34.04,6810,0
2017-04-20,21:10:00,34.03,34.07,34,34.06,2000,0
2017-04-20,21:15:00,34.06,34.06,34.04,34.04,400,0
2017-04-20,21:20:00,34.05,34.07,34.04,34.04,1393,0
2017-04-20,21:25:00,34.04,34.06,34.04,34.04,3200,0
2017-04-20,21:30:00,34.04,34.07,34.04,34.07,2701,0
2017-04-20,21:35:00,34.06,34.06,34.03,34.05,6478,0
2017-04-20,21:40:00,34.04,34.05,34.02,34.04,4409,0
2017-04-20,21:45:00,34.04,34.08,34.04,34.07,6130,0
2017-04-20,21:50:00,34.07,34.09,34.06,34.09,6895,0
2017-04-20,21:55:00,34.11,34.11,34.09,34.09,5946,0
2017-04-20,22:00:00,34.095,34.1,34.06,34.07,21111,0
2017-04-21,15:35:00,33.93,34.13,33.93,34.06,26251,0
2017-04-21,15:40:00,34.05,34.15,34.05,34.15,9464,0
2017-04-21,15:45:00,34.16,34.17,34.11,34.12,1400,0
2017-04-21,15:50:00,34.15,34.18,34.12,34.13,1400,0
2017-04-21,15:55:00,34.11,34.11,34.05,34.05,1900,0
2017-04-21,16:00:00,34.06,34.13,34.06,34.13,1809,0
2017-04-21,16:05:00,34.1,34.11,34.08,34.08,3400,0
2017-04-21,16:10:00,34.08,34.11,34.08,34.09,2100,0
2017-04-21,16:15:00,34.08,34.11,34.08,34.11,3060,0
2017-04-21,16:20:00,34.12,34.12,34.09,34.09,1984,0
2017-04-21,16:25:00,34.08,34.08,34.04,34.06,2500,0
2017-04-21,16:30:00,34.07,34.1,34.07,34.1,600,0
2017-04-21,16:35:00,34.1,34.11,34.07,34.07,500,0
2017-04-21,16:40:00,34.05,34.06,34.04,34.04,1593,0
2017-04-21,16:45:00,34.04,34.04,34.01,34.03,1200,0
2017-04-21,16:50:00,34.05,34.06,34.03,34.06,3600,0
2017-04-21,16:55:00,34.04,34.06,34.03,34.03,1251,0
2017-04-21,17:00:00,34.02,34.03,33.97,34.01,3237,0
2017-04-21,17:05:00,34.025,34.04,34.02,34.03,4300,0
2017-04-21,17:10:00,34.02,34.04,34,34.03,5076,0
2017-04-21,17:15:00,34.03,34.03,34.02,34.02,2000,0
2017-04-21,17:20:00,34.02,34.05,34.01,34.05,2932,0
2017-04-21,17:25:00,34.04,34.07,34.04,34.06,1000,0
2017-04-21,17:30:00,34.06,34.09,34.06,34.08,2500,0
2017-04-21,17:35:00,34.0701,34.075,34.05,34.065,4155,0
2017-04-21,17:40:00,34.06,34.08,34.06,34.0799,1495,0
2017-04-21,17:45:00,34.08,34.08,34.08,34.08,900,0
2017-04-21,17:50:00,34.07,34.09,34.07,34.09,800,0
2017-04-21,17:55:00,34.08,34.1,34.08,34.09,3700,0
2017-04-21,18:00:00,34.08,34.09,34.07,34.08,1200,0
2017-04-21,18:05:00,34.08,34.1,34.07,34.08,5000,0
2017-04-21,18:10:00,34.07,34.09,34.07,34.09,1105,0
2017-04-21,18:15:00,34.08,34.09,34.05,34.05,1100,0
2017-04-21,18:20:00,34.05,34.06,34.05,34.06,300,0
2017-04-21,18:25:00,34.05,34.09,34.05,34.07,1100,0
2017-04-21,18:30:00,34.08,34.1,34.07,34.07,1108,0
2017-04-21,18:35:00,34.06,34.07,34.06,34.06,900,0
2017-04-21,18:40:00,34.06,34.08,34.05,34.08,1500,0
2017-04-21,18:45:00,34.08,34.09,34.08,34.09,530,0
2017-04-21,18:50:00,34.05,34.06,34.05,34.05,500,0
2017-04-21,18:55:00,34.06,34.06,34.045,34.045,1575,0
2017-04-21,19:00:00,34.05,34.06,34.04,34.04,1436,0
2017-04-21,19:05:00,34.04,34.05,34.02,34.02,1700,0
2017-04-21,19:10:00,34.01,34.05,34.01,34.05,2700,0
2017-04-21,19:15:00,34.05,34.05,34.01,34.049,4058,0
2017-04-21,19:20:00,34.04,34.04,34.015,34.03,1820,0
2017-04-21,19:25:00,34.04,34.05,34.03,34.03,2242,0
2017-04-21,19:30:00,34.04,34.04,34.03,34.03,400,0
2017-04-21,19:35:00,34.01,34.02,33.98,33.98,2400,0
2017-04-21,19:40:00,33.97,33.99,33.97,33.99,1900,0
2017-04-21,19:45:00,33.99,33.99,33.97,33.99,2178,0
2017-04-21,19:50:00,33.98,34,33.95,33.95,2500,0
2017-04-21,19:55:00,33.955,33.96,33.95,33.95,1800,0
2017-04-21,20:00:00,33.94,33.97,33.94,33.96,1500,0
2017-04-21,20:05:00,33.96,33.97,33.95,33.97,900,0
2017-04-21,20:10:00,33.98,33.99,33.98,33.98,1700,0
2017-04-21,20:15:00,33.99,33.99,33.98,33.98,500,0
2017-04-21,20:20:00,33.99,33.99,33.95,33.95,1200,0
2017-04-21,20:25:00,33.94,33.96,33.94,33.96,200,0
2017-04-21,20:30:00,33.97,33.97,33.97,33.97,300,0
2017-04-21,20:35:00,33.9761,33.9761,33.95,33.97,1127,0
2017-04-21,20:40:00,33.97,33.97,33.95,33.95,1100,0
2017-04-21,20:45:00,33.95,33.96,33.95,33.95,500,0
2017-04-21,20:50:00,33.95,33.96,33.95,33.96,2300,0
2017-04-21,20:55:00,33.95,33.95,33.93,33.95,920,0
2017-04-21,21:00:00,33.94,33.97,33.93,33.97,3327,0
2017-04-21,21:05:00,33.98,33.98,33.98,33.98,400,0
2017-04-21,21:10:00,33.97,33.97,33.96,33.96,2675,0
2017-04-21,21:15:00,33.96,33.96,33.94,33.94,2068,0
2017-04-21,21:20:00,33.945,33.945,33.93,33.93,1195,0
2017-04-21,21:25:00,33.93,33.945,33.92,33.935,1891,0
2017-04-21,21:30:00,33.94,33.97,33.94,33.965,3015,0
2017-04-21,21:35:00,33.965,33.965,33.95,33.95,3469,0
2017-04-21,21:40:00,33.95,33.96,33.94,33.95,4940,0
2017-04-21,21:45:00,33.95,34,33.95,33.99,6200,0
2017-04-21,21:50:00,33.99,34.03,33.99,34.01,15253,0
2017-04-21,21:55:00,34.01,34.01,33.99,34,8160,0
2017-04-21,22:00:00,34,34,33.96,33.96,27676,0
2017-04-24,15:35:00,34.29,34.3,34.19,34.28,9370,0
2017-04-24,15:40:00,34.27,34.35,34.265,34.33,8222,0
2017-04-24,15:45:00,34.34,34.36,34.34,34.345,2900,0
2017-04-24,15:50:00,34.33,34.37,34.33,34.37,3800,0
2017-04-24,15:55:00,34.36,34.36,34.325,34.3286,1032,0
2017-04-24,16:00:00,34.33,34.39,34.33,34.39,5986,0
2017-04-24,16:05:00,34.39,34.41,34.38,34.41,4245,0
2017-04-24,16:10:00,34.4,34.4,34.37,34.37,3667,0
2017-04-24,16:15:00,34.35,34.37,34.34,34.37,3300,0
2017-04-24,16:20:00,34.365,34.37,34.27,34.27,3050,0
2017-04-24,16:25:00,34.28,34.3,34.26,34.27,3967,0
2017-04-24,16:30:00,34.27,34.31,34.27,34.31,2701,0
2017-04-24,16:35:00,34.305,34.305,34.29,34.29,3600,0
2017-04-24,16:40:00,34.29,34.29,34.26,34.26,2100,0
2017-04-24,16:45:00,34.265,34.3,34.265,34.28,3500,0
2017-04-24,16:50:00,34.29,34.31,34.2838,34.31,2566,0
2017-04-24,16:55:00,34.325,34.33,34.28,34.3,7710,0
2017-04-24,17:00:00,34.29,34.3,34.28,34.3,3624,0
2017-04-24,17:05:00,34.3,34.305,34.27,34.29,3510,0
2017-04-24,17:10:00,34.3,34.31,34.29,34.31,2300,0
2017-04-24,17:15:00,34.32,34.32,34.31,34.32,3700,0
2017-04-24,17:20:00,34.31,34.33,34.3,34.315,11800,0
2017-04-24,17:25:00,34.3,34.36,34.295,34.34,6954,0
2017-04-24,17:30:00,34.31,34.36,34.31,34.35,3300,0
2017-04-24,17:35:00,34.34,34.37,34.33,34.37,3500,0
2017-04-24,17:40:00,34.36,34.36,34.34,34.35,1000,0
2017-04-24,17:45:00,34.348,34.38,34.3476,34.37,4400,0
2017-04-24,17:50:00,34.365,34.4,34.36,34.38,12364,0
2017-04-24,17:55:00,34.36,34.39,34.36,34.36,2450,0
2017-04-24,18:00:00,34.35,34.37,34.35,34.36,1156,0
2017-04-24,18:05:00,34.36,34.4,34.36,34.4,1300,0
2017-04-24,18:10:00,34.4,34.42,34.4,34.42,2885,0
2017-04-24,18:15:00,34.42,34.42,34.4,34.4,1100,0
2017-04-24,18:20:00,34.4065,34.42,34.39,34.4,4715,0
2017-04-24,18:25:00,34.39,34.42,34.39,34.42,2211,0
2017-04-24,18:30:00,34.43,34.45,34.429,34.45,1700,0
2017-04-24,18:35:00,34.4455,34.4455,34.43,34.43,2260,0
2017-04-24,18:40:00,34.44,34.47,34.44,34.47,5776,0
2017-04-24,18:45:00,34.47,34.47,34.43,34.44,3300,0
2017-04-24,18:50:00,34.45,34.46,34.45,34.46,527,0
2017-04-24,18:55:00,34.45,34.45,34.44,34.44,1400,0
2017-04-24,19:00:00,34.43,34.46,34.43,34.46,3700,0
2017-04-24,19:05:00,34.48,34.48,34.48,34.48,400,0
2017-04-24,19:10:00,34.46,34.46,34.44,34.45,700,0
2017-04-24,19:15:00,34.45,34.47,34.45,34.47,7000,0
2017-04-24,19:20:00,34.47,34.49,34.47,34.49,1960,0
2017-04-24,19:25:00,34.49,34.49,34.49,34.49,1807,0
2017-04-24,19:30:00,34.48,34.48,34.46,34.46,1576,0
2017-04-24,19:35:00,34.46,34.47,34.46,34.46,500,0
2017-04-24,19:40:00,34.46,34.46,34.43,34.44,900,0
2017-04-24,19:50:00,34.45,34.46,34.44,34.44,2698,0
2017-04-24,19:55:00,34.44,34.45,34.44,34.44,1500,0
2017-04-24,20:00:00,34.43,34.43,34.41,34.42,1600,0
2017-04-24,20:05:00,34.44,34.44,34.42,34.42,500,0
2017-04-24,20:10:00,34.42,34.44,34.42,34.44,1500,0
2017-04-24,20:15:00,34.45,34.45,34.43,34.44,1300,0
2017-04-24,20:20:00,34.45,34.4564,34.45,34.4564,826,0
2017-04-24,20:25:00,34.45,34.4542,34.45,34.45,860,0
2017-04-24,20:30:00,34.45,34.45,34.42,34.43,1000,0
2017-04-24,20:35:00,34.45,34.45,34.45,34.45,100,0
2017-04-24,20:40:00,34.44,34.44,34.42,34.43,1995,0
2017-04-24,20:45:00,34.44,34.451,34.44,34.44,2350,0
2017-04-24,20:50:00,34.44,34.45,34.43,34.45,1300,0
2017-04-24,20:55:00,34.44,34.45,34.44,34.44,2000,0
2017-04-24,21:00:00,34.43,34.45,34.43,34.44,1800,0
2017-04-24,21:05:00,34.45,34.46,34.44,34.46,900,0
2017-04-24,21:10:00,34.47,34.47,34.45,34.45,7010,0
2017-04-24,21:15:00,34.45,34.455,34.4434,34.45,8500,0
2017-04-24,21:20:00,34.45,34.45,34.43,34.44,1451,0
2017-04-24,21:25:00,34.44,34.45,34.42,34.42,12791,0
2017-04-24,21:30:00,34.42,34.46,34.42,34.46,2200,0
2017-04-24,21:35:00,34.47,34.47,34.42,34.43,5136,0
2017-04-24,21:40:00,34.43,34.44,34.42,34.44,7683,0
2017-04-24,21:45:00,34.44,34.46,34.41,34.45,14135,0
2017-04-24,21:50:00,34.44,34.45,34.425,34.445,9373,0
2017-04-24,21:55:00,34.45,34.45,34.43,34.43,8412,0
2017-04-24,22:00:00,34.43,34.44,34.39,34.39,95516,0
2017-04-25,15:35:00,34.8,35.21,34.3,34.43,15603,0
2017-04-25,15:40:00,34.42,34.43,34.33,34.42,13075,0
2017-04-25,15:45:00,34.43,34.56,34.43,34.55,4000,0
2017-04-25,15:50:00,34.56,34.59,34.52,34.54,2400,0
2017-04-25,15:55:00,34.55,34.67,34.53,34.67,6700,0
2017-04-25,16:00:00,34.67,34.72,34.66,34.6762,4241,0
2017-04-25,16:05:00,34.73,34.77,34.73,34.75,5400,0
2017-04-25,16:10:00,34.78,34.78,34.75,34.76,2100,0
2017-04-25,16:15:00,34.76,34.77,34.74,34.76,5900,0
2017-04-25,16:20:00,34.77,34.8,34.77,34.78,3400,0
2017-04-25,16:25:00,34.77,34.8,34.77,34.78,3950,0
2017-04-25,16:30:00,34.78,34.78,34.72,34.72,3500,0
2017-04-25,16:35:00,34.72,34.75,34.71,34.73,1600,0
2017-04-25,16:40:00,34.71,34.74,34.7,34.723,2400,0
2017-04-25,16:45:00,34.72,34.74,34.72,34.73,2721,0
2017-04-25,16:50:00,34.73,34.76,34.725,34.76,4700,0
2017-04-25,16:55:00,34.75,34.75,34.73,34.75,2460,0
2017-04-25,17:00:00,34.75,34.75,34.71,34.71,8276,0
2017-04-25,17:05:00,34.7,34.7,34.64,34.64,7362,0
2017-04-25,17:10:00,34.65,34.72,34.65,34.72,1902,0
2017-04-25,17:15:00,34.7191,34.72,34.71,34.7175,1350,0
2017-04-25,17:20:00,34.71,34.75,34.71,34.745,2681,0
2017-04-25,17:25:00,34.75,34.79,34.74,34.78,2700,0
2017-04-25,17:30:00,34.785,34.785,34.76,34.77,3300,0
2017-04-25,17:35:00,34.78,34.78,34.74,34.78,2597,0
2017-04-25,17:40:00,34.7313,34.75,34.72,34.72,4900,0
2017-04-25,17:45:00,34.73,34.745,34.73,34.74,1500,0
2017-04-25,17:50:00,34.75,34.77,34.75,34.77,3061,0
2017-04-25,17:55:00,34.78,34.81,34.78,34.8,4218,0
2017-04-25,18:00:00,34.8,34.8,34.79,34.79,1700,0
2017-04-25,18:05:00,34.7884,34.81,34.78,34.81,2291,0
2017-04-25,18:10:00,34.82,34.83,34.82,34.82,800,0
2017-04-25,18:15:00,34.8115,34.8115,34.79,34.8,3834,0
2017-04-25,18:20:00,34.8,34.8,34.78,34.78,1300,0
2017-04-25,18:25:00,34.79,34.81,34.79,34.81,1692,0
2017-04-25,18:30:00,34.82,34.84,34.81,34.84,2400,0
2017-04-25,18:35:00,34.83,34.86,34.825,34.83,5846,0
2017-04-25,18:40:00,34.84,34.84,34.81,34.81,2211,0
2017-04-25,18:45:00,34.79,34.81,34.79,34.81,1800,0
2017-04-25,18:50:00,34.81,34.83,34.8,34.83,4500,0
2017-04-25,18:55:00,34.83,34.85,34.83,34.85,3689,0
2017-04-25,19:00:00,34.85,34.89,34.84,34.84,7570,0
2017-04-25,19:05:00,34.84,34.87,34.84,34.8655,2165,0
2017-04-25,19:10:00,34.88,34.91,34.88,34.91,2894,0
2017-04-25,19:15:00,34.91,34.92,34.81,34.81,10100,0
2017-04-25,19:20:00,34.8,34.89,34.8,34.89,8100,0
2017-04-25,19:25:00,34.87,34.88,34.86,34.86,2100,0
2017-04-25,19:30:00,34.86,34.86,34.84,34.85,1400,0
2017-04-25,19:35:00,34.84,34.87,34.84,34.87,2300,0
2017-04-25,19:40:00,34.87,34.87,34.81,34.84,3400,0
2017-04-25,19:45:00,34.82,34.86,34.82,34.85,2139,0
2017-04-25,19:50:00,34.85,34.94,34.85,34.91,11431,0
2017-04-25,19:55:00,34.9,34.94,34.9,34.93,9471,0
2017-04-25,20:00:00,34.92,34.93,34.89,34.93,4502,0
2017-04-25,20:05:00,34.915,34.93,34.89,34.93,7900,0
2017-04-25,20:10:00,34.93,34.94,34.91,34.935,4090,0
2017-04-25,20:15:00,34.93,34.95,34.91,34.91,2276,0
2017-04-25,20:20:00,34.89,34.9,34.87,34.87,2999,0
2017-04-25,20:25:00,34.86,34.88,34.86,34.86,3152,0
2017-04-25,20:30:00,34.85,34.87,34.83,34.86,4725,0
2017-04-25,20:35:00,34.85,34.87,34.85,34.87,1000,0
2017-04-25,20:40:00,34.89,34.9,34.88,34.8863,2465,0
2017-04-25,20:45:00,34.87,34.89,34.85,34.89,2994,0
2017-04-25,20:50:00,34.88,34.89,34.85,34.89,3321,0
2017-04-25,20:55:00,34.88,34.91,34.87,34.88,3733,0
2017-04-25,21:00:00,34.86,34.86,34.85,34.86,3271,0
2017-04-25,21:05:00,34.85,34.85,34.85,34.85,1200,0
2017-04-25,21:10:00,34.85,34.8956,34.85,34.89,3717,0
2017-04-25,21:15:00,34.88,34.88,34.86,34.86,1200,0
2017-04-25,21:20:00,34.85,34.87,34.85,34.87,3300,0
2017-04-25,21:25:00,34.87,34.89,34.87,34.87,3715,0
2017-04-25,21:30:00,34.86,34.87,34.85,34.87,4406,0
2017-04-25,21:35:00,34.87,34.88,34.86,34.88,4146,0
2017-04-25,21:40:00,34.88,34.88,34.86,34.87,10107,0
2017-04-25,21:45:00,34.87,34.92,34.84,34.89,29485,0
2017-04-25,21:50:00,34.89,34.9,34.89,34.89,8525,0
2017-04-25,21:55:00,34.89,34.91,34.875,34.8999,14126,0
2017-04-25,22:00:00,34.89,34.9,34.86,34.89,39656,0
2017-04-26,15:35:00,34.87,34.87,34.76,34.81,3179,0
2017-04-26,15:40:00,34.78,34.84,34.67,34.76,7400,0
2017-04-26,15:45:00,34.76,34.76,34.66,34.7,5400,0
2017-04-26,15:50:00,34.685,34.7,34.64,34.66,1900,0
2017-04-26,15:55:00,34.67,34.7,34.65,34.69,4000,0
2017-04-26,16:00:00,34.68,34.73,34.68,34.72,3000,0
2017-04-26,16:05:00,34.74,34.74,34.67,34.72,1400,0
2017-04-26,16:10:00,34.7,34.75,34.7,34.75,5233,0
2017-04-26,16:15:00,34.75,34.75,34.72,34.72,400,0
2017-04-26,16:20:00,34.71,34.75,34.7,34.7,5675,0
2017-04-26,16:25:00,34.69,34.72,34.67,34.72,2800,0
2017-04-26,16:30:00,34.71,34.71,34.67,34.7,4300,0
2017-04-26,16:35:00,34.7,34.7,34.6,34.61,5100,0
2017-04-26,16:40:00,34.61,34.61,34.56,34.56,3383,0
2017-04-26,16:45:00,34.54,34.56,34.51,34.55,16944,0
2017-04-26,16:50:00,34.54,34.57,34.51,34.52,3300,0
2017-04-26,16:55:00,34.52,34.61,34.52,34.6,4700,0
2017-04-26,17:00:00,34.6,34.66,34.6,34.66,4804,0
2017-04-26,17:05:00,34.65,34.73,34.65,34.73,5141,0
2017-04-26,17:10:00,34.75,34.75,34.71,34.71,1224,0
2017-04-26,17:15:00,34.684,34.7,34.66,34.69,3136,0
2017-04-26,17:20:00,34.68,34.68,34.68,34.68,700,0
2017-04-26,17:25:00,34.68,34.71,34.68,34.71,1500,0
2017-04-26,17:30:00,34.71,34.73,34.7076,34.72,2900,0
2017-04-26,17:35:00,34.72,34.73,34.71,34.73,1978,0
2017-04-26,17:40:00,34.73,34.73,34.7,34.7,2500,0
2017-04-26,17:45:00,34.67,34.67,34.6,34.61,3100,0
2017-04-26,17:50:00,34.6,34.61,34.56,34.56,11287,0
2017-04-26,17:55:00,34.55,34.6,34.55,34.59,2900,0
2017-04-26,18:05:00,34.58,34.62,34.58,34.62,1400,0
2017-04-26,18:10:00,34.62,34.63,34.62,34.63,400,0
2017-04-26,18:15:00,34.63,34.64,34.625,34.63,1100,0
2017-04-26,18:20:00,34.645,34.645,34.61,34.64,3121,0
2017-04-26,18:25:00,34.62,34.62,34.61,34.61,900,0
2017-04-26,18:30:00,34.61,34.62,34.61,34.62,1400,0
2017-04-26,18:35:00,34.61,34.615,34.59,34.61,1700,0
2017-04-26,18:40:00,34.59,34.59,34.57,34.57,400,0
2017-04-26,18:45:00,34.58,34.58,34.56,34.57,3100,0
2017-04-26,18:50:00,34.57,34.58,34.54,34.56,36777,0
2017-04-26,18:55:00,34.56,34.56,34.56,34.56,400,0
2017-04-26,19:00:00,34.56,34.56,34.49,34.49,2965,0
2017-04-26,19:05:00,34.48,34.5,34.44,34.45,3167,0
2017-04-26,19:10:00,34.45,34.46,34.445,34.46,4204,0
2017-04-26,19:15:00,34.455,34.49,34.455,34.48,3395,0
2017-04-26,19:20:00,34.48,34.495,34.46,34.46,5395,0
2017-04-26,19:25:00,34.47,34.48,34.47,34.47,2986,0
2017-04-26,19:30:00,34.46,34.5,34.45,34.49,7400,0
2017-04-26,19:35:00,34.49,34.51,34.48,34.5,2200,0
2017-04-26,19:40:00,34.51,34.56,34.51,34.56,1700,0
2017-04-26,19:45:00,34.55,34.55,34.51,34.54,1500,0
2017-04-26,19:50:00,34.54,34.56,34.505,34.52,2349,0
2017-04-26,19:55:00,34.53,34.56,34.53,34.55,1400,0
2017-04-26,20:00:00,34.54,34.57,34.54,34.55,1282,0
2017-04-26,20:05:00,34.54,34.59,34.52,34.57,2100,0
2017-04-26,20:10:00,34.55,34.58,34.55,34.58,1000,0
2017-04-26,20:15:00,34.58,34.59,34.56,34.56,1940,0
2017-04-26,20:20:00,34.57,34.59,34.57,34.59,642,0
2017-04-26,20:25:00,34.58,34.58,34.57,34.57,3200,0
2017-04-26,20:30:00,34.56,34.57,34.55,34.56,2275,0
2017-04-26,20:35:00,34.56,34.56,34.55,34.55,2200,0
2017-04-26,20:40:00,34.55,34.55,34.51,34.51,2100,0
2017-04-26,20:45:00,34.52,34.545,34.52,34.54,1823,0
2017-04-26,20:50:00,34.54,34.55,34.53,34.55,3381,0
2017-04-26,20:55:00,34.55,34.55,34.525,34.53,2100,0
2017-04-26,21:00:00,34.525,34.54,34.51,34.51,4379,0
2017-04-26,21:05:00,34.5,34.53,34.5,34.525,6579,0
2017-04-26,21:10:00,34.525,34.54,34.52,34.53,2389,0
2017-04-26,21:15:00,34.52,34.53,34.51,34.53,3602,0
2017-04-26,21:20:00,34.52,34.53,34.51,34.53,1821,0
2017-04-26,21:25:00,34.53,34.54,34.52,34.53,6235,0
2017-04-26,21:30:00,34.54,34.54,34.51,34.52,3500,0
2017-04-26,21:35:00,34.52,34.54,34.51,34.53,12112,0
2017-04-26,21:40:00,34.535,34.54,34.52,34.52,6372,0
2017-04-26,21:45:00,34.52,34.555,34.515,34.54,11823,0
2017-04-26,21:50:00,34.54,34.54,34.52,34.53,7445,0
2017-04-26,21:55:00,34.52,34.54,34.49,34.53,35418,0
2017-04-26,22:00:00,34.52,34.57,34.51,34.51,44504,0
