Date,Time,Open,High,Low,Close,Volume,OpenInt
2017-03-31,15:35:00,7.4,7.4,7.3999,7.3999,750,0
2017-03-31,15:40:00,7.4,7.53,7.4,7.53,1590,0
2017-03-31,15:45:00,7.5,7.5399,7.48,7.5399,5600,0
2017-03-31,15:50:00,7.52,7.53,7.52,7.53,300,0
2017-03-31,16:00:00,7.53,7.53,7.52,7.525,1600,0
2017-03-31,16:05:00,7.52,7.56,7.5182,7.55,3200,0
2017-03-31,16:10:00,7.5528,7.5528,7.5528,7.5528,2600,0
2017-03-31,16:25:00,7.5499,7.5499,7.48,7.48,1500,0
2017-03-31,16:30:00,7.5,7.5,7.5,7.5,100,0
2017-03-31,16:40:00,7.5,7.5,7.5,7.5,100,0
2017-03-31,16:45:00,7.53,7.55,7.53,7.55,700,0
2017-03-31,16:50:00,7.54,7.54,7.51,7.5367,1400,0
2017-03-31,17:00:00,7.51,7.51,7.51,7.51,100,0
2017-03-31,17:10:00,7.5096,7.5096,7.5096,7.5096,2400,0
2017-03-31,17:15:00,7.53,7.6,7.53,7.6,2700,0
2017-03-31,17:20:00,7.6,7.64,7.6,7.64,1000,0
2017-03-31,17:35:00,7.64,7.64,7.64,7.64,100,0
2017-03-31,17:40:00,7.64,7.64,7.58,7.59,2800,0
2017-03-31,17:50:00,7.62,7.62,7.62,7.62,200,0
2017-03-31,18:00:00,7.62,7.64,7.61,7.64,1400,0
2017-03-31,18:05:00,7.64,7.69,7.64,7.68,2600,0
2017-03-31,18:10:00,7.66,7.69,7.65,7.6528,5385,0
2017-03-31,18:25:00,7.71,7.71,7.71,7.71,200,0
2017-03-31,18:30:00,7.72,7.75,7.71,7.71,3100,0
2017-03-31,18:35:00,7.7,7.7,7.7,7.7,100,0
2017-03-31,18:40:00,7.71,7.71,7.71,7.71,300,0
2017-03-31,18:45:00,7.71,7.71,7.71,7.71,200,0
2017-03-31,18:50:00,7.74,7.77,7.74,7.77,1300,0
2017-03-31,18:55:00,7.78,7.79,7.7796,7.79,1300,0
2017-03-31,19:05:00,7.79,7.9288,7.79,7.9181,6200,0
2017-03-31,19:10:00,7.88,7.93,7.84,7.93,900,0
2017-03-31,19:15:00,7.86,7.86,7.85,7.85,200,0
2017-03-31,19:20:00,7.85,7.85,7.84,7.84,1085,0
2017-03-31,19:30:00,7.84,7.84,7.84,7.84,100,0
2017-03-31,19:35:00,7.8273,7.8273,7.8273,7.8273,1000,0
2017-03-31,19:45:00,7.77,7.77,7.76,7.76,200,0
2017-03-31,19:50:00,7.76,7.76,7.76,7.76,100,0
2017-03-31,19:55:00,7.76,7.76,7.76,7.76,900,0
2017-03-31,20:00:00,7.76,7.76,7.76,7.76,100,0
2017-03-31,20:05:00,7.77,7.77,7.77,7.77,100,0
2017-03-31,20:15:00,7.77,7.78,7.77,7.78,500,0
2017-03-31,20:20:00,7.78,7.78,7.78,7.78,100,0
2017-03-31,20:25:00,7.78,7.78,7.78,7.78,100,0
2017-03-31,20:30:00,7.78,7.78,7.78,7.78,100,0
2017-03-31,20:45:00,7.77,7.77,7.77,7.77,100,0
2017-03-31,20:55:00,7.77,7.813,7.77,7.8108,4900,0
2017-03-31,21:05:00,7.83,7.83,7.83,7.83,100,0
2017-03-31,21:15:00,7.81,7.84,7.81,7.84,200,0
2017-03-31,21:30:00,7.81,7.83,7.8,7.83,3200,0
2017-03-31,21:35:00,7.8,7.81,7.8,7.81,200,0
2017-03-31,21:40:00,7.8,7.824,7.8,7.824,1700,0
2017-03-31,21:50:00,7.82,7.8499,7.82,7.8499,2791,0
2017-03-31,21:55:00,7.81,7.81,7.8,7.8,400,0
2017-03-31,22:00:00,7.78,7.8,7.72,7.72,1361,0
2017-04-03,15:35:00,7.76,7.76,7.76,7.76,560,0
2017-04-03,15:40:00,7.76,7.76,7.76,7.76,105,0
2017-04-03,15:45:00,7.68,7.69,7.68,7.69,200,0
2017-04-03,15:50:00,7.62,7.62,7.62,7.62,100,0
2017-04-03,15:55:00,7.595,7.595,7.595,7.595,200,0
2017-04-03,16:00:00,7.63,7.63,7.62,7.62,200,0
2017-04-03,16:10:00,7.61,7.61,7.61,7.61,200,0
2017-04-03,16:15:00,7.61,7.62,7.55,7.55,1130,0
2017-04-03,16:25:00,7.58,7.58,7.55,7.55,500,0
2017-04-03,16:30:00,7.57,7.57,7.56,7.56,300,0
2017-04-03,16:35:00,7.54,7.54,7.53,7.53,200,0
2017-04-03,16:40:00,7.5,7.5,7.5,7.5,400,0
2017-04-03,16:45:00,7.5,7.5,7.5,7.5,100,0
2017-04-03,16:50:00,7.51,7.55,7.51,7.54,500,0
2017-04-03,16:55:00,7.52,7.52,7.5,7.51,1600,0
2017-04-03,17:00:00,7.51,7.51,7.51,7.51,100,0
2017-04-03,17:05:00,7.5,7.5,7.5,7.5,400,0
2017-04-03,17:15:00,7.51,7.5164,7.5,7.51,890,0
2017-04-03,17:20:00,7.5,7.5,7.5,7.5,400,0
2017-04-03,17:30:00,7.5,7.5,7.5,7.5,200,0
2017-04-03,17:40:00,7.5,7.5,7.5,7.5,200,0
2017-04-03,17:45:00,7.53,7.53,7.53,7.53,100,0
2017-04-03,17:50:00,7.5,7.5,7.5,7.5,300,0
2017-04-03,18:05:00,7.5,7.5,7.5,7.5,300,0
2017-04-03,18:10:00,7.53,7.53,7.53,7.53,200,0
2017-04-03,18:15:00,7.53,7.53,7.5,7.5,400,0
2017-04-03,18:25:00,7.55,7.55,7.55,7.55,100,0
2017-04-03,18:30:00,7.5,7.5,7.5,7.5,200,0
2017-04-03,18:35:00,7.5,7.5,7.5,7.5,200,0
2017-04-03,18:45:00,7.5,7.51,7.5,7.5,5220,0
2017-04-03,18:50:00,7.5,7.5,7.5,7.5,300,0
2017-04-03,18:55:00,7.5,7.5,7.49,7.49,300,0
2017-04-03,19:00:00,7.49,7.495,7.49,7.49,300,0
2017-04-03,19:05:00,7.48,7.49,7.47,7.485,1600,0
2017-04-03,19:10:00,7.485,7.5006,7.485,7.5006,5200,0
2017-04-03,19:15:00,7.5,7.5,7.5,7.5,500,0
2017-04-03,19:20:00,7.5,7.5,7.5,7.5,600,0
2017-04-03,19:25:00,7.49,7.49,7.49,7.49,100,0
2017-04-03,19:30:00,7.47,7.47,7.47,7.47,200,0
2017-04-03,19:35:00,7.49,7.49,7.49,7.49,100,0
2017-04-03,19:40:00,7.47,7.47,7.47,7.47,200,0
2017-04-03,19:45:00,7.47,7.49,7.47,7.47,300,0
2017-04-03,19:50:00,7.49,7.49,7.49,7.49,200,0
2017-04-03,19:55:00,7.5,7.5,7.5,7.5,100,0
2017-04-03,20:00:00,7.5,7.5,7.47,7.47,900,0
2017-04-03,20:10:00,7.47,7.47,7.47,7.47,200,0
2017-04-03,20:15:00,7.47,7.47,7.47,7.47,100,0
2017-04-03,20:20:00,7.46,7.475,7.46,7.475,200,0
2017-04-03,20:25:00,7.46,7.475,7.46,7.475,200,0
2017-04-03,20:30:00,7.46,7.46,7.46,7.46,100,0
2017-04-03,20:35:00,7.48,7.52,7.46,7.46,1000,0
2017-04-03,20:40:00,7.4901,7.6,7.49,7.6,1450,0
2017-04-03,20:45:00,7.57,7.57,7.57,7.57,100,0
2017-04-03,20:50:00,7.58,7.5999,7.54,7.54,1330,0
2017-04-03,20:55:00,7.54,7.62,7.53,7.53,1000,0
2017-04-03,21:00:00,7.54,7.6,7.54,7.56,400,0
2017-04-03,21:05:00,7.54,7.54,7.53,7.53,200,0
2017-04-03,21:10:00,7.53,7.53,7.52,7.52,400,0
2017-04-03,21:15:00,7.48,7.5,7.47,7.47,300,0
2017-04-03,21:20:00,7.48,7.5,7.48,7.48,500,0
2017-04-03,21:25:00,7.48,7.5,7.48,7.5,490,0
2017-04-03,21:30:00,7.48,7.49,7.47,7.49,300,0
2017-04-03,21:35:00,7.49,7.51,7.49,7.495,300,0
2017-04-03,21:40:00,7.46,7.51,7.46,7.51,200,0
2017-04-03,21:45:00,7.5,7.5,7.5,7.5,200,0
2017-04-03,21:50:00,7.5,7.5,7.49,7.49,400,0
2017-04-03,21:55:00,7.5,7.5,7.46,7.47,700,0
2017-04-03,22:00:00,7.49,7.62,7.47,7.51,5415,0
2017-04-04,15:35:00,7.65,7.7,7.65,7.7,300,0
2017-04-04,15:40:00,7.61,7.61,7.49,7.49,700,0
2017-04-04,15:45:00,7.46,7.4899,7.46,7.4899,500,0
2017-04-04,15:50:00,7.47,7.47,7.46,7.46,400,0
2017-04-04,15:55:00,7.5,7.5,7.47,7.47,300,0
2017-04-04,16:00:00,7.4911,7.4911,7.4911,7.4911,300,0
2017-04-04,16:15:00,7.4573,7.5,7.4573,7.5,600,0
2017-04-04,16:25:00,7.46,7.46,7.46,7.46,200,0
2017-04-04,16:30:00,7.45,7.465,7.45,7.465,200,0
2017-04-04,16:40:00,7.45,7.45,7.45,7.45,100,0
2017-04-04,16:45:00,7.49,7.49,7.49,7.49,200,0
2017-04-04,16:50:00,7.48,7.48,7.48,7.48,100,0
2017-04-04,16:55:00,7.4872,7.4872,7.45,7.48,800,0
2017-04-04,17:00:00,7.49,7.49,7.487,7.4892,700,0
2017-04-04,17:10:00,7.5,7.5,7.495,7.5,500,0
2017-04-04,17:20:00,7.49,7.5,7.49,7.5,200,0
2017-04-04,17:25:00,7.5,7.5,7.5,7.5,300,0
2017-04-04,17:30:00,7.5,7.6,7.5,7.6,9650,0
2017-04-04,17:35:00,7.61,7.62,7.607,7.6092,400,0
2017-04-04,17:40:00,7.6224,7.6224,7.6224,7.6224,5000,0
2017-04-04,17:50:00,7.62,7.62,7.56,7.56,600,0
2017-04-04,17:55:00,7.54,7.54,7.54,7.54,100,0
2017-04-04,18:00:00,7.53,7.53,7.52,7.52,200,0
2017-04-04,18:10:00,7.53,7.55,7.53,7.55,200,0
2017-04-04,18:25:00,7.5,7.5,7.47,7.47,800,0
2017-04-04,18:30:00,7.5,7.5,7.49,7.5,5400,0
2017-04-04,18:35:00,7.5,7.5,7.49,7.49,400,0
2017-04-04,18:45:00,7.5,7.5,7.5,7.5,9500,0
2017-04-04,18:50:00,7.49,7.49,7.49,7.49,100,0
2017-04-04,19:00:00,7.49,7.495,7.485,7.49,700,0
2017-04-04,19:05:00,7.49,7.49,7.47,7.47,1500,0
2017-04-04,19:15:00,7.45,7.45,7.45,7.45,100,0
2017-04-04,19:20:00,7.46,7.46,7.46,7.46,200,0
2017-04-04,19:30:00,7.4699,7.4699,7.45,7.45,8700,0
2017-04-04,19:35:00,7.44,7.45,7.44,7.45,600,0
2017-04-04,19:40:00,7.45,7.47,7.45,7.47,300,0
2017-04-04,19:45:00,7.475,7.475,7.4501,7.4603,8500,0
2017-04-04,19:50:00,7.46,7.46,7.4,7.45,5000,0
2017-04-04,20:05:00,7.41,7.45,7.41,7.45,300,0
2017-04-04,20:15:00,7.44,7.44,7.44,7.44,100,0
2017-04-04,20:30:00,7.42,7.45,7.42,7.45,300,0
2017-04-04,20:40:00,7.43,7.43,7.43,7.43,200,0
2017-04-04,20:45:00,7.411,7.44,7.28,7.4,11155,0
2017-04-04,20:50:00,7.35,7.35,7.35,7.35,100,0
2017-04-04,20:55:00,7.38,7.38,7.38,7.38,200,0
2017-04-04,21:00:00,7.39,7.4,7.39,7.4,700,0
2017-04-04,21:30:00,7.39,7.39,7.36,7.36,3000,0
2017-04-04,21:35:00,7.39,7.45,7.39,7.45,6500,0
2017-04-04,21:40:00,7.5,7.5,7.5,7.5,100,0
2017-04-04,21:45:00,7.48,7.5,7.477,7.485,2800,0
2017-04-04,21:50:00,7.49,7.49,7.3907,7.48,4800,0
2017-04-04,21:55:00,7.5,7.5,7.485,7.5,400,0
2017-04-04,22:00:00,7.5,7.51,7.485,7.51,1876,0
2017-04-05,15:35:00,7.47,7.5899,7.47,7.5899,600,0
2017-04-05,15:40:00,7.56,7.67,7.5599,7.67,5700,0
2017-04-05,15:45:00,7.67,7.7652,7.67,7.7652,600,0
2017-04-05,15:50:00,7.76,7.76,7.76,7.76,100,0
2017-04-05,15:55:00,7.7699,7.7699,7.71,7.72,2200,0
2017-04-05,16:00:00,7.72,7.73,7.72,7.725,1800,0
2017-04-05,16:05:00,7.71,7.72,7.71,7.72,1000,0
2017-04-05,16:10:00,7.7,7.7,7.69,7.69,1800,0
2017-04-05,16:15:00,7.7,7.7,7.7,7.7,1100,0
2017-04-05,16:25:00,7.72,7.72,7.72,7.72,200,0
2017-04-05,16:35:00,7.7414,7.7414,7.69,7.69,1800,0
2017-04-05,16:40:00,7.71,7.71,7.71,7.71,100,0
2017-04-05,16:45:00,7.69,7.69,7.69,7.69,300,0
2017-04-05,16:50:00,7.68,7.68,7.66,7.66,400,0
2017-04-05,17:05:00,7.65,7.65,7.63,7.63,1000,0
2017-04-05,17:10:00,7.6,7.6,7.6,7.6,100,0
2017-04-05,17:25:00,7.6,7.6,7.6,7.6,300,0
2017-04-05,17:30:00,7.6,7.6,7.6,7.6,200,0
2017-04-05,17:35:00,7.6,7.6,7.6,7.6,400,0
2017-04-05,17:40:00,7.6,7.6,7.5601,7.59,700,0
2017-04-05,17:45:00,7.56,7.56,7.54,7.54,200,0
2017-04-05,17:50:00,7.57,7.57,7.57,7.57,100,0
2017-04-05,17:55:00,7.6,7.6,7.6,7.6,100,0
2017-04-05,18:05:00,7.56,7.56,7.56,7.56,100,0
2017-04-05,18:15:00,7.51,7.51,7.51,7.51,100,0
2017-04-05,18:30:00,7.54,7.54,7.54,7.54,200,0
2017-04-05,18:35:00,7.51,7.51,7.51,7.51,300,0
2017-04-05,18:40:00,7.51,7.5399,7.51,7.51,2000,0
2017-04-05,18:55:00,7.5118,7.52,7.5118,7.52,1100,0
2017-04-05,19:05:00,7.5499,7.5499,7.5499,7.5499,200,0
2017-04-05,19:20:00,7.53,7.53,7.51,7.51,400,0
2017-04-05,19:25:00,7.51,7.51,7.51,7.51,100,0
2017-04-05,19:30:00,7.51,7.51,7.51,7.51,100,0
2017-04-05,19:35:00,7.51,7.51,7.51,7.51,100,0
2017-04-05,19:40:00,7.57,7.57,7.57,7.57,100,0
2017-04-05,19:50:00,7.54,7.54,7.54,7.54,100,0
2017-04-05,19:55:00,7.53,7.53,7.51,7.51,600,0
2017-04-05,20:05:00,7.51,7.51,7.51,7.51,100,0
2017-04-05,20:20:00,7.55,7.55,7.51,7.51,200,0
2017-04-05,20:30:00,7.51,7.51,7.51,7.51,100,0
2017-04-05,20:40:00,7.51,7.51,7.5,7.5,500,0
2017-04-05,20:45:00,7.51,7.51,7.5,7.5,2250,0
2017-04-05,20:50:00,7.51,7.52,7.51,7.51,700,0
2017-04-05,21:20:00,7.5143,7.5143,7.5,7.5,1500,0
2017-04-05,21:25:00,7.5,7.5024,7.5,7.5,6500,0
2017-04-05,21:35:00,7.5,7.5,7.5,7.5,100,0
2017-04-05,21:40:00,7.5,7.5,7.5,7.5,500,0
2017-04-05,21:50:00,7.5,7.5,7.5,7.5,500,0
2017-04-05,21:55:00,7.49,7.5,7.49,7.5,600,0
2017-04-05,22:00:00,7.49,7.55,7.49,7.53,4773,0
2017-04-06,15:35:00,7.54,7.6188,7.5,7.6188,300,0
2017-04-06,15:50:00,7.47,7.5,7.47,7.47,400,0
2017-04-06,16:00:00,7.5178,7.5178,7.5178,7.5178,176,0
2017-04-06,16:20:00,7.45,7.45,7.45,7.45,100,0
2017-04-06,16:25:00,7.45,7.45,7.42,7.42,3300,0
2017-04-06,16:30:00,7.4099,7.41,7.4099,7.41,500,0
2017-04-06,16:35:00,7.41,7.44,7.41,7.44,400,0
2017-04-06,16:45:00,7.5,7.5,7.48,7.48,900,0
2017-04-06,16:50:00,7.485,7.485,7.485,7.485,100,0
2017-04-06,17:05:00,7.475,7.475,7.475,7.475,100,0
2017-04-06,17:15:00,7.45,7.45,7.45,7.45,100,0
2017-04-06,17:20:00,7.48,7.48,7.48,7.48,100,0
2017-04-06,17:25:00,7.49,7.51,7.49,7.51,200,0
2017-04-06,17:35:00,7.52,7.52,7.52,7.52,100,0
2017-04-06,17:40:00,7.495,7.495,7.48,7.48,200,0
2017-04-06,17:45:00,7.48,7.48,7.48,7.48,100,0
2017-04-06,17:50:00,7.5,7.5,7.5,7.5,100,0
2017-04-06,17:55:00,7.4999,7.4999,7.4999,7.4999,100,0
2017-04-06,18:20:00,7.52,7.5499,7.51,7.51,600,0
2017-04-06,18:40:00,7.53,7.53,7.53,7.53,200,0
2017-04-06,18:45:00,7.59,7.59,7.59,7.59,200,0
2017-04-06,18:55:00,7.6,7.6,7.56,7.56,300,0
2017-04-06,19:10:00,7.57,7.59,7.57,7.59,400,0
2017-04-06,19:15:00,7.5899,7.6,7.58,7.6,900,0
2017-04-06,19:20:00,7.58,7.5999,7.58,7.5999,600,0
2017-04-06,19:30:00,7.58,7.59,7.58,7.58,1900,0
2017-04-06,19:35:00,7.57,7.57,7.56,7.57,400,0
2017-04-06,19:40:00,7.54,7.6,7.5,7.52,9150,0
2017-04-06,19:45:00,7.5,7.5,7.495,7.495,300,0
2017-04-06,19:50:00,7.5,7.51,7.5,7.5,1400,0
2017-04-06,20:00:00,7.5,7.51,7.5,7.51,1900,0
2017-04-06,20:05:00,7.49,7.49,7.49,7.49,100,0
2017-04-06,20:10:00,7.495,7.5,7.47,7.47,1500,0
2017-04-06,20:15:00,7.45,7.46,7.45,7.46,600,0
2017-04-06,20:20:00,7.46,7.49,7.45,7.45,1200,0
2017-04-06,20:30:00,7.45,7.45,7.45,7.45,500,0
2017-04-06,20:35:00,7.45,7.45,7.45,7.45,600,0
2017-04-06,20:50:00,7.45,7.45,7.45,7.45,100,0
2017-04-06,20:55:00,7.47,7.47,7.46,7.46,300,0
2017-04-06,21:05:00,7.46,7.46,7.46,7.46,100,0
2017-04-06,21:10:00,7.46,7.46,7.46,7.46,100,0
2017-04-06,21:15:00,7.4626,7.48,7.4626,7.47,1800,0
2017-04-06,21:20:00,7.47,7.47,7.47,7.47,200,0
2017-04-06,21:25:00,7.48,7.51,7.48,7.51,300,0
2017-04-06,21:30:00,7.5299,7.5299,7.5299,7.5299,300,0
2017-04-06,21:35:00,7.53,7.53,7.53,7.53,100,0
2017-04-06,21:45:00,7.53,7.53,7.53,7.53,200,0
2017-04-06,21:55:00,7.45,7.45,7.45,7.45,100,0
2017-04-06,22:00:00,7.48,7.5,7.48,7.5,800,0
2017-04-07,15:35:00,7.59,7.83,7.59,7.8188,500,0
2017-04-07,15:40:00,7.72,7.72,7.6,7.62,700,0
2017-04-07,15:50:00,7.7,7.7,7.68,7.68,200,0
2017-04-07,15:55:00,7.7,7.7,7.7,7.7,100,0
2017-04-07,16:00:00,7.73,7.73,7.725,7.725,200,0
2017-04-07,16:05:00,7.7,7.7,7.66,7.66,400,0
2017-04-07,16:25:00,7.71,7.71,7.71,7.71,100,0
2017-04-07,16:40:00,7.7,7.7,7.7,7.7,100,0
2017-04-07,16:50:00,7.72,7.74,7.72,7.73,1300,0
2017-04-07,16:55:00,7.75,7.75,7.75,7.75,300,0
2017-04-07,17:00:00,7.75,7.77,7.75,7.75,1100,0
2017-04-07,17:05:00,7.76,7.76,7.76,7.76,100,0
2017-04-07,17:10:00,7.76,7.78,7.75,7.75,1000,0
2017-04-07,17:20:00,7.76,7.76,7.76,7.76,100,0
2017-04-07,17:25:00,7.75,7.75,7.75,7.75,100,0
2017-04-07,17:30:00,7.77,7.79,7.76,7.76,400,0
2017-04-07,17:40:00,7.74,7.8,7.74,7.79,2059,0
2017-04-07,17:45:00,7.74,7.74,7.74,7.74,100,0
2017-04-07,17:55:00,7.75,7.75,7.75,7.75,1200,0
2017-04-07,18:05:00,7.77,7.8,7.77,7.8,200,0
2017-04-07,18:10:00,7.79,7.79,7.79,7.79,100,0
2017-04-07,18:15:00,7.83,7.83,7.74,7.74,7700,0
2017-04-07,18:35:00,7.72,7.74,7.71,7.71,500,0
2017-04-07,18:40:00,7.67,7.7099,7.67,7.7099,400,0
2017-04-07,18:45:00,7.68,7.685,7.68,7.685,200,0
2017-04-07,18:55:00,7.66,7.66,7.64,7.64,300,0
2017-04-07,19:00:00,7.64,7.66,7.64,7.66,600,0
2017-04-07,19:05:00,7.695,7.695,7.6801,7.6801,200,0
2017-04-07,19:10:00,7.7,7.7,7.7,7.7,1300,0
2017-04-07,19:15:00,7.68,7.68,7.68,7.68,100,0
2017-04-07,19:25:00,7.67,7.67,7.66,7.66,500,0
2017-04-07,19:30:00,7.66,7.68,7.66,7.66,400,0
2017-04-07,19:40:00,7.66,7.67,7.65,7.67,1300,0
2017-04-07,19:45:00,7.67,7.68,7.64,7.68,2800,0
2017-04-07,19:55:00,7.65,7.65,7.65,7.65,100,0
2017-04-07,20:00:00,7.67,7.67,7.66,7.66,200,0
2017-04-07,20:05:00,7.675,7.675,7.675,7.675,200,0
2017-04-07,20:10:00,7.675,7.675,7.675,7.675,100,0
2017-04-07,20:15:00,7.66,7.66,7.66,7.66,100,0
2017-04-07,20:20:00,7.675,7.675,7.66,7.675,400,0
2017-04-07,20:25:00,7.675,7.675,7.63,7.67,3045,0
2017-04-07,20:30:00,7.6,7.6,7.6,7.6,100,0
2017-04-07,20:35:00,7.6,7.6,7.53,7.56,500,0
2017-04-07,20:40:00,7.55,7.57,7.55,7.57,1100,0
2017-04-07,20:50:00,7.585,7.599,7.585,7.599,400,0
2017-04-07,20:55:00,7.6199,7.6199,7.59,7.59,1100,0
2017-04-07,21:05:00,7.56,7.5999,7.56,7.5999,304,0
2017-04-07,21:15:00,7.59,7.59,7.59,7.59,100,0
2017-04-07,21:25:00,7.56,7.56,7.56,7.56,100,0
2017-04-07,21:35:00,7.5899,7.5899,7.5899,7.5899,1000,0
2017-04-07,21:40:00,7.57,7.57,7.57,7.57,1800,0
2017-04-07,21:50:00,7.57,7.58,7.57,7.58,8851,0
2017-04-07,21:55:00,7.6,7.6,7.6,7.6,600,0
2017-04-07,22:00:00,7.6,7.65,7.58,7.61,5400,0
2017-04-10,15:35:00,7.5,7.5,7.4901,7.4901,2351,0
2017-04-10,15:40:00,7.61,7.61,7.61,7.61,100,0
2017-04-10,15:50:00,7.64,7.65,7.64,7.65,400,0
2017-04-10,15:55:00,7.7824,7.7824,7.7824,7.7824,300,0
2017-04-10,16:00:00,7.77,7.77,7.77,7.77,200,0
2017-04-10,16:05:00,7.77,7.8593,7.76,7.8593,1400,0
2017-04-10,16:10:00,7.9491,7.9491,7.85,7.85,3500,0
2017-04-10,16:20:00,7.81,7.81,7.81,7.81,200,0
2017-04-10,16:30:00,7.8496,7.8496,7.8496,7.8496,500,0
2017-04-10,16:35:00,7.8491,7.8491,7.8491,7.8491,280,0
2017-04-10,16:40:00,7.8,7.8,7.8,7.8,200,0
2017-04-10,16:45:00,7.83,7.83,7.829,7.83,500,0
2017-04-10,16:50:00,7.8032,7.8032,7.8,7.8,2000,0
2017-04-10,17:00:00,7.78,7.79,7.77,7.77,842,0
2017-04-10,17:05:00,7.79,7.79,7.73,7.73,2400,0
2017-04-10,17:20:00,7.7508,7.7508,7.7508,7.7508,1500,0
2017-04-10,17:25:00,7.75,7.75,7.75,7.75,100,0
2017-04-10,17:30:00,7.76,7.77,7.76,7.77,200,0
2017-04-10,17:35:00,7.7699,7.7699,7.7629,7.7629,1000,0
2017-04-10,18:20:00,7.749,7.749,7.749,7.749,200,0
2017-04-10,18:40:00,7.74,7.74,7.69,7.69,1800,0
2017-04-10,18:45:00,7.68,7.69,7.68,7.69,600,0
2017-04-10,18:50:00,7.69,7.69,7.69,7.69,300,0
2017-04-10,19:00:00,7.7,7.7,7.7,7.7,200,0
2017-04-10,19:05:00,7.705,7.71,7.705,7.71,200,0
2017-04-10,19:15:00,7.7,7.7,7.68,7.68,300,0
2017-04-10,19:20:00,7.6999,7.7,7.6999,7.7,1100,0
2017-04-10,19:30:00,7.7,7.7,7.65,7.65,1000,0
2017-04-10,19:45:00,7.62,7.6401,7.61,7.64,1100,0
2017-04-10,19:55:00,7.58,7.58,7.54,7.54,300,0
2017-04-10,20:10:00,7.59,7.59,7.59,7.59,100,0
2017-04-10,20:25:00,7.61,7.61,7.57,7.57,700,0
2017-04-10,20:30:00,7.56,7.56,7.56,7.56,200,0
2017-04-10,21:00:00,7.595,7.595,7.59,7.59,646,0
2017-04-10,21:10:00,7.6,7.61,7.6,7.61,200,0
2017-04-10,21:15:00,7.59,7.59,7.59,7.59,100,0
2017-04-10,21:25:00,7.62,7.62,7.58,7.58,800,0
2017-04-10,21:30:00,7.5999,7.5999,7.5999,7.5999,177,0
2017-04-10,21:40:00,7.58,7.58,7.58,7.58,100,0
2017-04-10,21:55:00,7.57,7.58,7.51,7.51,4226,0
2017-04-10,22:00:00,7.52,7.57,7.495,7.55,8992,0
2017-04-11,15:35:00,7.55,7.55,7.55,7.55,100,0
2017-04-11,15:40:00,7.57,7.6,7.57,7.6,800,0
2017-04-11,15:45:00,7.64,7.64,7.64,7.64,700,0
2017-04-11,15:50:00,7.7016,7.7016,7.6601,7.6701,2916,0
2017-04-11,15:55:00,7.67,7.69,7.66,7.69,800,0
2017-04-11,16:00:00,7.65,7.7,7.6464,7.7,4229,0
2017-04-11,16:05:00,7.79,7.82,7.75,7.75,800,0
2017-04-11,16:10:00,7.76,7.788,7.76,7.788,2858,0
2017-04-11,16:15:00,7.76,7.8083,7.76,7.79,2200,0
2017-04-11,16:20:00,7.77,7.77,7.67,7.69,1300,0
2017-04-11,16:25:00,7.67,7.67,7.67,7.67,200,0
2017-04-11,16:30:00,7.71,7.71,7.69,7.69,200,0
2017-04-11,16:35:00,7.69,7.69,7.61,7.61,8900,0
2017-04-11,16:45:00,7.64,7.64,7.63,7.63,1800,0
2017-04-11,16:50:00,7.63,7.65,7.63,7.64,1400,0
2017-04-11,17:00:00,7.675,7.68,7.675,7.68,1500,0
2017-04-11,17:05:00,7.68,7.69,7.68,7.69,1082,0
2017-04-11,17:10:00,7.69,7.69,7.67,7.67,1400,0
2017-04-11,17:15:00,7.6982,7.7,7.6982,7.7,1519,0
2017-04-11,17:20:00,7.74,7.75,7.7,7.7,1750,0
2017-04-11,17:25:00,7.72,7.72,7.68,7.68,6500,0
2017-04-11,17:35:00,7.675,7.69,7.675,7.69,700,0
2017-04-11,17:40:00,7.68,7.73,7.68,7.71,1400,0
2017-04-11,17:45:00,7.715,7.77,7.7,7.77,1025,0
2017-04-11,17:50:00,7.8,7.8,7.78,7.8,600,0
2017-04-11,17:55:00,7.8699,7.94,7.8699,7.93,3041,0
2017-04-11,18:00:00,7.93,7.94,7.88,7.88,3800,0
2017-04-11,18:10:00,7.8878,7.8878,7.79,7.79,1700,0
2017-04-11,18:15:00,7.93,7.94,7.87,7.87,800,0
2017-04-11,18:20:00,7.91,7.91,7.91,7.91,500,0
2017-04-11,18:25:00,7.87,7.87,7.87,7.87,200,0
2017-04-11,19:00:00,7.9,7.9,7.9,7.9,100,0
2017-04-11,19:05:00,7.9,7.9,7.8998,7.9,1400,0
2017-04-11,19:10:00,7.8999,7.8999,7.8999,7.8999,100,0
2017-04-11,19:20:00,7.9,7.95,7.86,7.87,4486,0
2017-04-11,19:25:00,7.83,7.87,7.83,7.87,500,0
2017-04-11,19:30:00,7.82,7.87,7.82,7.85,400,0
2017-04-11,19:35:00,7.82,7.85,7.82,7.85,400,0
2017-04-11,19:45:00,7.86,7.86,7.86,7.86,300,0
2017-04-11,19:50:00,7.82,7.84,7.82,7.84,450,0
2017-04-11,19:55:00,7.82,7.82,7.8,7.8,200,0
2017-04-11,20:00:00,7.82,7.83,7.82,7.83,640,0
2017-04-11,20:05:00,7.82,7.82,7.82,7.82,100,0
2017-04-11,20:10:00,7.83,7.83,7.83,7.83,500,0
2017-04-11,20:15:00,7.8001,7.8001,7.8001,7.8001,194,0
2017-04-11,20:20:00,7.8169,7.84,7.8169,7.84,1400,0
2017-04-11,20:25:00,7.84,7.84,7.84,7.84,100,0
2017-04-11,20:30:00,7.84,7.84,7.84,7.84,500,0
2017-04-11,20:40:00,7.81,7.84,7.81,7.84,300,0
2017-04-11,20:45:00,7.84,7.96,7.84,7.96,2100,0
2017-04-11,20:50:00,7.95,7.98,7.94,7.94,1557,0
2017-04-11,20:55:00,7.9499,7.95,7.9499,7.95,1500,0
2017-04-11,21:00:00,7.95,7.95,7.95,7.95,200,0
2017-04-11,21:05:00,7.94,7.94,7.93,7.93,1300,0
2017-04-11,21:10:00,7.92,7.92,7.92,7.92,200,0
2017-04-11,21:15:00,7.9,7.9,7.88,7.88,1200,0
2017-04-11,21:20:00,7.87,7.87,7.85,7.85,300,0
2017-04-11,21:25:00,7.87,7.89,7.87,7.871,1000,0
2017-04-11,21:30:00,7.8974,7.8974,7.8974,7.8974,1000,0
2017-04-11,21:35:00,7.85,7.86,7.85,7.86,200,0
2017-04-11,21:40:00,7.84,7.86,7.84,7.86,400,0
2017-04-11,21:45:00,7.85,7.87,7.85,7.85,5300,0
2017-04-11,21:50:00,7.85,7.88,7.85,7.88,500,0
2017-04-11,21:55:00,7.87,7.88,7.87,7.8792,2000,0
2017-04-11,22:00:00,7.88,7.97,7.88,7.93,10643,0
2017-04-12,15:35:00,8.02,8.12,7.97,8.12,16007,0
2017-04-12,15:40:00,8.12,8.23,8.12,8.17,7139,0
2017-04-12,15:45:00,8.2121,8.25,8.14,8.2,12120,0
2017-04-12,15:50:00,8.14,8.24,8.14,8.185,700,0
2017-04-12,15:55:00,8.19,8.19,8.18,8.19,774,0
2017-04-12,16:00:00,8.23,8.23,8.23,8.23,100,0
2017-04-12,16:05:00,8.19,8.32,8.19,8.25,4086,0
2017-04-12,16:10:00,8.14,8.27,8.14,8.2,1789,0
2017-04-12,16:15:00,8.2,8.27,8.2,8.2449,4400,0
2017-04-12,16:20:00,8.26,8.26,8.26,8.26,100,0
2017-04-12,16:25:00,8.24,8.24,8.1801,8.23,6829,0
2017-04-12,16:30:00,8.2075,8.27,8.2075,8.2175,600,0
2017-04-12,16:35:00,8.27,8.27,8.2,8.2,1900,0
2017-04-12,16:40:00,8.2,8.2,8.2,8.2,500,0
2017-04-12,16:45:00,8.19,8.1928,8.15,8.16,1500,0
2017-04-12,16:50:00,8.15,8.15,8.13,8.13,1700,0
2017-04-12,17:00:00,8.12,8.12,8.12,8.12,200,0
2017-04-12,17:05:00,8.12,8.14,8.12,8.14,750,0
2017-04-12,17:10:00,8.155,8.155,8.1,8.13,1900,0
2017-04-12,17:15:00,8.1423,8.15,8.1423,8.15,1200,0
2017-04-12,17:20:00,8.15,8.15,8.15,8.15,200,0
2017-04-12,17:25:00,8.14,8.14,8.12,8.12,900,0
2017-04-12,17:30:00,8.11,8.14,8.11,8.14,1450,0
2017-04-12,17:35:00,8.15,8.15,8.15,8.15,200,0
2017-04-12,17:45:00,8.1,8.1,8.1,8.1,200,0
2017-04-12,17:50:00,8.14,8.15,8.14,8.15,1650,0
2017-04-12,18:05:00,8.1001,8.1001,8.1001,8.1001,100,0
2017-04-12,18:10:00,8.071,8.071,8.05,8.05,1700,0
2017-04-12,18:15:00,8.1,8.1,8.1,8.1,200,0
2017-04-12,18:20:00,8.11,8.11,8.11,8.11,100,0
2017-04-12,18:35:00,8.09,8.09,8.09,8.09,100,0
2017-04-12,18:40:00,8.11,8.11,8.1,8.1,570,0
2017-04-12,18:45:00,8.11,8.11,8.1,8.1,1900,0
2017-04-12,18:50:00,8.1,8.1,8.1,8.1,700,0
2017-04-12,19:05:00,8.08,8.08,8.05,8.07,10000,0
2017-04-12,19:10:00,8.08,8.08,8.08,8.08,100,0
2017-04-12,19:15:00,8.11,8.11,8.1,8.1,2100,0
2017-04-12,19:30:00,8.09,8.09,8.09,8.09,2500,0
2017-04-12,19:40:00,8.101,8.14,8.1,8.14,2200,0
2017-04-12,19:45:00,8.15,8.15,8.14,8.15,700,0
2017-04-12,19:50:00,8.17,8.17,8.16,8.16,401,0
2017-04-12,19:55:00,8.17,8.17,8.17,8.17,500,0
2017-04-12,20:05:00,8.18,8.2,8.18,8.2,2583,0
2017-04-12,20:10:00,8.16,8.1649,8.16,8.1649,500,0
2017-04-12,20:20:00,8.185,8.185,8.185,8.185,100,0
2017-04-12,20:25:00,8.22,8.37,8.22,8.36,2600,0
2017-04-12,20:30:00,8.36,8.36,8.36,8.36,250,0
2017-04-12,20:35:00,8.41,8.54,8.4,8.54,3042,0
2017-04-12,20:40:00,8.42,8.42,8.35,8.35,1600,0
2017-04-12,20:45:00,8.4,8.41,8.4,8.41,300,0
2017-04-12,20:50:00,8.42,8.44,8.42,8.44,300,0
2017-04-12,20:55:00,8.3904,8.3904,8.39,8.39,3100,0
2017-04-12,21:00:00,8.4258,8.4258,8.39,8.39,2400,0
2017-04-12,21:05:00,8.39,8.391,8.35,8.35,1600,0
2017-04-12,21:20:00,8.295,8.31,8.29,8.29,600,0
2017-04-12,21:25:00,8.3275,8.3275,8.3275,8.3275,250,0
2017-04-12,21:35:00,8.31,8.33,8.31,8.33,400,0
2017-04-12,21:45:00,8.32,8.36,8.32,8.36,500,0
2017-04-12,21:55:00,8.324,8.34,8.31,8.32,2100,0
2017-04-12,22:00:00,8.315,8.35,8.29,8.3,3065,0
2017-04-13,15:35:00,8.39,8.39,8.3,8.3,2401,0
2017-04-13,15:45:00,8.3,8.3,8.23,8.26,891,0
2017-04-13,15:50:00,8.25,8.27,8.21,8.25,900,0
2017-04-13,15:55:00,8.2899,8.2899,8.27,8.27,600,0
2017-04-13,16:00:00,8.31,8.37,8.31,8.37,1890,0
2017-04-13,16:05:00,8.37,8.38,8.3699,8.38,1700,0
2017-04-13,16:10:00,8.38,8.38,8.33,8.38,900,0
2017-04-13,16:15:00,8.38,8.4299,8.38,8.4299,1164,0
2017-04-13,16:25:00,8.43,8.43,8.406,8.406,510,0
2017-04-13,16:30:00,8.41,8.41,8.41,8.41,100,0
2017-04-13,16:40:00,8.38,8.49,8.38,8.47,5996,0
2017-04-13,16:45:00,8.47,8.47,8.38,8.47,2100,0
2017-04-13,16:50:00,8.4,8.42,8.39,8.42,1500,0
2017-04-13,16:55:00,8.4,8.4,8.4,8.4,200,0
2017-04-13,17:00:00,8.42,8.52,8.42,8.52,5500,0
2017-04-13,17:05:00,8.54,8.54,8.47,8.47,1100,0
2017-04-13,17:20:00,8.52,8.57,8.51,8.51,6200,0
2017-04-13,17:25:00,8.54,8.54,8.48,8.48,300,0
2017-04-13,17:30:00,8.53,8.53,8.53,8.53,600,0
2017-04-13,17:35:00,8.5,8.5,8.5,8.5,200,0
2017-04-13,17:40:00,8.4828,8.49,8.48,8.49,1499,0
2017-04-13,17:45:00,8.49,8.51,8.48,8.51,900,0
2017-04-13,17:50:00,8.51,8.6,8.4972,8.6,7800,0
2017-04-13,17:55:00,8.6,8.6,8.6,8.6,200,0
2017-04-13,18:00:00,8.61,8.61,8.6,8.6,400,0
2017-04-13,18:05:00,8.63,8.64,8.61,8.64,1651,0
2017-04-13,18:10:00,8.64,8.66,8.64,8.66,200,0
2017-04-13,18:15:00,8.68,8.68,8.68,8.68,200,0
2017-04-13,18:25:00,8.68,8.68,8.64,8.64,1694,0
2017-04-13,18:30:00,8.68,8.68,8.68,8.68,100,0
2017-04-13,18:35:00,8.68,8.69,8.67,8.67,2300,0
2017-04-13,18:40:00,8.71,8.71,8.71,8.71,100,0
2017-04-13,18:55:00,8.73,8.73,8.73,8.73,100,0
2017-04-13,19:00:00,8.72,8.72,8.7,8.7,200,0
2017-04-13,19:05:00,8.69,8.69,8.61,8.64,5944,0
2017-04-13,19:10:00,8.6333,8.66,8.54,8.54,4000,0
2017-04-13,19:15:00,8.565,8.565,8.565,8.565,100,0
2017-04-13,19:20:00,8.57,8.57,8.56,8.56,600,0
2017-04-13,19:25:00,8.58,8.58,8.54,8.56,900,0
2017-04-13,19:35:00,8.56,8.56,8.53,8.56,300,0
2017-04-13,19:40:00,8.55,8.55,8.55,8.55,100,0
2017-04-13,19:50:00,8.53,8.53,8.48,8.49,1800,0
2017-04-13,19:55:00,8.45,8.45,8.42,8.42,400,0
2017-04-13,20:00:00,8.4661,8.47,8.4661,8.47,500,0
2017-04-13,20:05:00,8.5,8.5,8.5,8.5,900,0
2017-04-13,20:10:00,8.5,8.5,8.5,8.5,600,0
2017-04-13,20:15:00,8.51,8.51,8.51,8.51,100,0
2017-04-13,20:20:00,8.51,8.51,8.51,8.51,300,0
2017-04-13,20:25:00,8.51,8.51,8.51,8.51,200,0
2017-04-13,20:30:00,8.51,8.51,8.5,8.5,300,0
2017-04-13,20:35:00,8.4999,8.4999,8.4999,8.4999,100,0
2017-04-13,20:40:00,8.4999,8.51,8.4999,8.51,300,0
2017-04-13,20:45:00,8.4999,8.4999,8.48,8.4999,300,0
2017-04-13,20:50:00,8.5,8.5,8.5,8.5,300,0
2017-04-13,20:55:00,8.5,8.51,8.5,8.51,200,0
2017-04-13,21:00:00,8.51,8.51,8.49,8.49,200,0
2017-04-13,21:05:00,8.49,8.51,8.49,8.51,200,0
2017-04-13,21:10:00,8.52,8.52,8.5099,8.5099,300,0
2017-04-13,21:15:00,8.51,8.51,8.5,8.5,200,0
2017-04-13,21:20:00,8.5099,8.5099,8.43,8.43,3900,0
2017-04-13,21:25:00,8.43,8.45,8.42,8.44,1800,0
2017-04-13,21:30:00,8.45,8.465,8.45,8.465,200,0
2017-04-13,21:35:00,8.45,8.4525,8.381,8.41,1500,0
2017-04-13,21:40:00,8.415,8.42,8.33,8.33,1700,0
2017-04-13,21:45:00,8.35,8.39,8.35,8.39,700,0
2017-04-13,21:50:00,8.4,8.4,8.35,8.35,1200,0
2017-04-13,21:55:00,8.35,8.375,8.305,8.305,3200,0
2017-04-13,22:00:00,8.3,8.3265,8.25,8.29,12723,0
2017-04-17,15:35:00,8.43,8.43,8.43,8.43,1904,0
2017-04-17,15:40:00,8.3581,8.4185,8.35,8.4185,3258,0
2017-04-17,15:45:00,8.32,8.32,8.32,8.32,100,0
2017-04-17,15:50:00,8.33,8.35,8.33,8.3415,2800,0
2017-04-17,15:55:00,8.34,8.35,8.34,8.35,300,0
2017-04-17,16:00:00,8.38,8.38,8.38,8.38,100,0
2017-04-17,16:30:00,8.3522,8.37,8.35,8.35,10962,0
2017-04-17,16:35:00,8.37,8.37,8.335,8.335,200,0
2017-04-17,16:40:00,8.36,8.36,8.36,8.36,500,0
2017-04-17,16:50:00,8.34,8.37,8.34,8.37,600,0
2017-04-17,17:15:00,8.39,8.39,8.39,8.39,500,0
2017-04-17,17:20:00,8.4,8.4,8.4,8.4,100,0
2017-04-17,17:35:00,8.38,8.38,8.38,8.38,100,0
2017-04-17,17:55:00,8.37,8.37,8.37,8.37,100,0
2017-04-17,18:20:00,8.3899,8.39,8.3899,8.39,5400,0
2017-04-17,18:25:00,8.38,8.38,8.38,8.38,100,0
2017-04-17,18:40:00,8.39,8.43,8.38,8.43,2800,0
2017-04-17,18:50:00,8.43,8.43,8.43,8.43,300,0
2017-04-17,20:00:00,8.4299,8.4299,8.4299,8.4299,200,0
2017-04-17,20:20:00,8.43,8.43,8.43,8.43,100,0
2017-04-17,20:55:00,8.425,8.425,8.425,8.425,100,0
2017-04-17,21:00:00,8.425,8.425,8.42,8.42,600,0
2017-04-17,21:05:00,8.43,8.45,8.43,8.43,1500,0
2017-04-17,21:15:00,8.4165,8.4165,8.4165,8.4165,2500,0
2017-04-17,21:30:00,8.4016,8.4016,8.4016,8.4016,1500,0
2017-04-17,21:35:00,8.43,8.43,8.43,8.43,100,0
2017-04-17,21:40:00,8.41,8.43,8.41,8.43,500,0
2017-04-17,21:45:00,8.4399,8.4399,8.4265,8.4265,3800,0
2017-04-17,21:50:00,8.44,8.44,8.43,8.43,300,0
2017-04-17,22:00:00,8.43,8.45,8.43,8.45,2674,0
2017-04-18,15:35:00,8.47,8.54,8.43,8.48,1991,0
2017-04-18,15:40:00,8.48,8.5,8.48,8.5,900,0
2017-04-18,15:45:00,8.49,8.5,8.49,8.49,400,0
2017-04-18,15:50:00,8.5,8.57,8.5,8.5401,4665,0
2017-04-18,15:55:00,8.58,8.619,8.5672,8.5672,9198,0
2017-04-18,16:00:00,8.58,8.65,8.58,8.65,2500,0
2017-04-18,16:05:00,8.6,8.6,8.58,8.58,700,0
2017-04-18,16:10:00,8.63,8.63,8.5998,8.5998,1900,0
2017-04-18,16:15:00,8.58,8.67,8.58,8.59,1700,0
2017-04-18,16:20:00,8.6,8.6,8.58,8.58,200,0
2017-04-18,16:25:00,8.6136,8.65,8.6,8.6196,1800,0
2017-04-18,16:30:00,8.6,8.6,8.59,8.6,509,0
2017-04-18,16:35:00,8.66,8.71,8.64,8.675,26900,0
2017-04-18,16:40:00,8.645,8.645,8.64,8.64,200,0
2017-04-18,16:45:00,8.62,8.62,8.61,8.61,400,0
2017-04-18,16:50:00,8.65,8.67,8.65,8.67,650,0
2017-04-18,16:55:00,8.64,8.64,8.64,8.64,100,0
2017-04-18,17:00:00,8.6212,8.63,8.6,8.63,1050,0
2017-04-18,17:05:00,8.6278,8.6278,8.6278,8.6278,1000,0
2017-04-18,17:10:00,8.6,8.64,8.59,8.5998,900,0
2017-04-18,17:15:00,8.6,8.6,8.6,8.6,100,0
2017-04-18,17:25:00,8.62,8.62,8.58,8.58,600,0
2017-04-18,17:30:00,8.61,8.61,8.61,8.61,200,0
2017-04-18,17:35:00,8.58,8.58,8.5698,8.57,11000,0
2017-04-18,17:40:00,8.6,8.61,8.6,8.61,600,0
2017-04-18,17:45:00,8.6,8.6,8.6,8.6,100,0
2017-04-18,17:50:00,8.58,8.58,8.56,8.57,1000,0
2017-04-18,17:55:00,8.6,8.6,8.55,8.57,1200,0
2017-04-18,18:00:00,8.6,8.6,8.58,8.58,400,0
2017-04-18,18:05:00,8.58,8.6,8.58,8.6,200,0
2017-04-18,18:10:00,8.58,8.58,8.58,8.58,500,0
2017-04-18,18:15:00,8.58,8.6,8.575,8.6,500,0
2017-04-18,18:20:00,8.58,8.6,8.58,8.6,1100,0
2017-04-18,18:25:00,8.5801,8.6,8.5801,8.6,5200,0
2017-04-18,18:30:00,8.6,8.6,8.6,8.6,100,0
2017-04-18,18:35:00,8.58,8.6,8.58,8.58,1100,0
2017-04-18,18:40:00,8.58,8.58,8.58,8.58,200,0
2017-04-18,18:45:00,8.6,8.6,8.6,8.6,100,0
2017-04-18,18:50:00,8.6,8.6,8.6,8.6,100,0
2017-04-18,18:55:00,8.6,8.6,8.58,8.58,300,0
2017-04-18,19:05:00,8.6,8.6,8.6,8.6,100,0
2017-04-18,19:10:00,8.6,8.6,8.6,8.6,100,0
2017-04-18,19:15:00,8.58,8.58,8.58,8.58,1100,0
2017-04-18,19:20:00,8.6,8.6,8.6,8.6,100,0
2017-04-18,19:25:00,8.6,8.6,8.6,8.6,100,0
2017-04-18,19:30:00,8.5871,8.6,8.58,8.592,1200,0
2017-04-18,19:35:00,8.6,8.6,8.59,8.59,400,0
2017-04-18,19:40:00,8.6,8.6,8.6,8.6,100,0
2017-04-18,19:45:00,8.6,8.6,8.6,8.6,100,0
2017-04-18,19:50:00,8.6,8.6,8.6,8.6,2022,0
2017-04-18,20:05:00,8.59,8.59,8.59,8.59,100,0
2017-04-18,20:10:00,8.58,8.59,8.58,8.58,555,0
2017-04-18,20:15:00,8.58,8.58,8.57,8.58,1900,0
2017-04-18,20:20:00,8.58,8.58,8.58,8.58,100,0
2017-04-18,20:50:00,8.579,8.579,8.579,8.579,122,0
2017-04-18,21:10:00,8.54,8.54,8.54,8.54,100,0
2017-04-18,21:40:00,8.501,8.5021,8.501,8.5021,387,0
2017-04-18,21:50:00,8.56,8.56,8.56,8.56,200,0
2017-04-18,22:00:00,8.52,8.52,8.46,8.47,1025,0
2017-04-19,15:35:00,8.43,8.47,8.43,8.47,600,0
2017-04-19,15:45:00,8.44,8.44,8.44,8.44,400,0
2017-04-19,15:50:00,8.43,8.43,8.43,8.43,100,0
2017-04-19,15:55:00,8.44,8.44,8.44,8.44,300,0
2017-04-19,16:00:00,8.44,8.44,8.44,8.44,100,0
2017-04-19,16:05:00,8.44,8.44,8.44,8.44,700,0
2017-04-19,16:15:00,8.44,8.44,8.44,8.44,100,0
2017-04-19,16:20:00,8.455,8.499,8.44,8.44,2600,0
2017-04-19,16:25:00,8.46,8.49,8.44,8.44,2100,0
2017-04-19,16:30:00,8.43,8.43,8.4,8.4,1311,0
2017-04-19,16:40:00,8.4,8.44,8.4,8.425,2257,0
2017-04-19,16:50:00,8.4,8.4,8.4,8.4,1600,0
2017-04-19,16:55:00,8.4,8.4,8.4,8.4,200,0
2017-04-19,17:00:00,8.41,8.469,8.41,8.469,990,0
2017-04-19,17:05:00,8.4,8.42,8.4,8.42,1000,0
2017-04-19,17:15:00,8.4,8.4,8.4,8.4,500,0
2017-04-19,17:20:00,8.41,8.47,8.41,8.4692,1200,0
2017-04-19,17:25:00,8.47,8.47,8.42,8.4494,1800,0
2017-04-19,17:30:00,8.4,8.479,8.4,8.44,7090,0
2017-04-19,17:35:00,8.44,8.44,8.4,8.4,1700,0
2017-04-19,17:40:00,8.439,8.44,8.4,8.44,1500,0
2017-04-19,17:45:00,8.4,8.4,8.4,8.4,100,0
2017-04-19,17:50:00,8.43,8.43,8.43,8.43,100,0
2017-04-19,18:05:00,8.3799,8.3799,8.3799,8.3799,100,0
2017-04-19,18:25:00,8.38,8.38,8.38,8.38,100,0
2017-04-19,18:30:00,8.37,8.37,8.35,8.35,200,0
2017-04-19,18:35:00,8.35,8.35,8.35,8.35,3169,0
2017-04-19,19:00:00,8.35,8.35,8.3499,8.3499,3900,0
2017-04-19,19:10:00,8.3263,8.33,8.3263,8.33,1118,0
2017-04-19,19:20:00,8.32,8.32,8.3,8.3,3787,0
2017-04-19,19:25:00,8.3,8.3,8.2899,8.2899,6903,0
2017-04-19,19:50:00,8.28,8.28,8.28,8.28,100,0
2017-04-19,19:55:00,8.271,8.3099,8.271,8.3099,600,0
2017-04-19,20:10:00,8.3,8.3,8.29,8.29,4400,0
2017-04-19,20:15:00,8.3002,8.3101,8.24,8.25,25205,0
2017-04-19,20:20:00,8.25,8.25,8.2499,8.2499,13705,0
2017-04-19,20:25:00,8.23,8.23,8.23,8.23,600,0
2017-04-19,20:30:00,8.2301,8.25,8.2301,8.2308,1500,0
2017-04-19,20:35:00,8.23,8.23,8.23,8.23,100,0
2017-04-19,20:40:00,8.27,8.27,8.27,8.27,300,0
2017-04-19,20:45:00,8.3,8.32,8.3,8.32,500,0
2017-04-19,20:50:00,8.32,8.34,8.32,8.34,300,0
2017-04-19,20:55:00,8.34,8.41,8.34,8.41,600,0
2017-04-19,21:00:00,8.42,8.45,8.39,8.44,500,0
2017-04-19,21:05:00,8.45,8.49,8.3994,8.3994,1360,0
2017-04-19,21:10:00,8.48,8.5899,8.4278,8.58,3201,0
2017-04-19,21:15:00,8.57,8.57,8.49,8.54,700,0
2017-04-19,21:20:00,8.54,8.54,8.54,8.54,100,0
2017-04-19,21:30:00,8.54,8.54,8.5399,8.5399,200,0
2017-04-19,21:35:00,8.54,8.59,8.53,8.59,2450,0
2017-04-19,21:40:00,8.59,8.59,8.58,8.59,500,0
2017-04-19,21:45:00,8.59,8.59,8.59,8.59,200,0
2017-04-19,21:55:00,8.57,8.58,8.54,8.58,2600,0
2017-04-19,22:00:00,8.62,8.62,8.59,8.6,2537,0
2017-04-20,15:35:00,8.55,8.55,8.42,8.46,2200,0
2017-04-20,15:40:00,8.51,8.53,8.5,8.51,3680,0
2017-04-20,15:45:00,8.53,8.53,8.49,8.49,2312,0
2017-04-20,15:50:00,8.44,8.44,8.44,8.44,200,0
2017-04-20,16:05:00,8.42,8.5,8.41,8.5,1400,0
2017-04-20,16:10:00,8.5,8.54,8.48,8.54,1800,0
2017-04-20,16:15:00,8.5699,8.5699,8.55,8.55,1100,0
2017-04-20,16:30:00,8.57,8.57,8.57,8.57,100,0
2017-04-20,16:35:00,8.56,8.58,8.56,8.58,2400,0
2017-04-20,16:40:00,8.58,8.58,8.56,8.56,400,0
2017-04-20,16:45:00,8.56,8.56,8.56,8.56,505,0
2017-04-20,16:50:00,8.56,8.56,8.56,8.56,300,0
2017-04-20,17:00:00,8.5466,8.5466,8.5466,8.5466,100,0
2017-04-20,17:05:00,8.59,8.6099,8.59,8.6099,700,0
2017-04-20,17:10:00,8.61,8.65,8.61,8.65,1800,0
2017-04-20,17:25:00,8.66,8.66,8.66,8.66,200,0
2017-04-20,17:30:00,8.6415,8.66,8.64,8.66,1700,0
2017-04-20,17:50:00,8.679,8.72,8.678,8.71,11472,0
2017-04-20,17:55:00,8.71,8.72,8.71,8.71,4100,0
2017-04-20,18:10:00,8.71,8.71,8.71,8.71,100,0
2017-04-20,18:25:00,8.71,8.72,8.71,8.71,3100,0
2017-04-20,18:30:00,8.7199,8.7199,8.7,8.7,1531,0
2017-04-20,18:40:00,8.69,8.69,8.67,8.67,200,0
2017-04-20,18:55:00,8.67,8.67,8.67,8.67,100,0
2017-04-20,19:10:00,8.69,8.69,8.69,8.69,100,0
2017-04-20,19:35:00,8.67,8.67,8.66,8.66,790,0
2017-04-20,19:40:00,8.63,8.64,8.6,8.64,600,0
2017-04-20,19:45:00,8.64,8.69,8.64,8.69,400,0
2017-04-20,19:50:00,8.69,8.69,8.69,8.69,100,0
2017-04-20,19:55:00,8.65,8.67,8.65,8.67,300,0
2017-04-20,20:00:00,8.69,8.72,8.69,8.72,900,0
2017-04-20,20:05:00,8.71,8.8698,8.71,8.8698,10093,0
2017-04-20,20:10:00,8.82,8.82,8.69,8.69,900,0
2017-04-20,20:15:00,8.7688,8.7688,8.7688,8.7688,270,0
2017-04-20,20:20:00,8.845,8.8564,8.83,8.85,10800,0
2017-04-20,20:25:00,8.82,8.8203,8.82,8.82,2900,0
2017-04-20,20:30:00,8.82,8.86,8.82,8.83,4659,0
2017-04-20,20:35:00,8.83,8.83,8.83,8.83,300,0
2017-04-20,20:45:00,8.82,8.82,8.82,8.82,200,0
2017-04-20,20:50:00,8.82,8.82,8.82,8.82,1400,0
2017-04-20,20:55:00,8.83,8.83,8.83,8.83,100,0
2017-04-20,21:00:00,8.86,8.86,8.86,8.86,600,0
2017-04-20,21:05:00,8.88,8.92,8.87,8.9,2600,0
2017-04-20,21:10:00,8.92,8.9811,8.915,8.9811,1769,0
2017-04-20,21:15:00,8.99,8.9933,8.99,8.9933,208,0
2017-04-20,21:20:00,9,9,8.9999,9,1299,0
2017-04-20,21:25:00,9.04,9.0626,9.04,9.0626,1100,0
2017-04-20,21:30:00,9.06,9.06,9.06,9.06,100,0
2017-04-20,21:35:00,9.05,9.29,9.05,9.24,11305,0
2017-04-20,21:40:00,9.235,9.239,9.18,9.18,2127,0
2017-04-20,21:45:00,9.16,9.175,9.15,9.16,2500,0
2017-04-20,21:55:00,9.13,9.15,9.1,9.15,2000,0
2017-04-20,22:00:00,9.14,9.2899,9.14,9.25,10735,0
2017-04-21,15:35:00,9.28,9.2809,9.16,9.1608,2000,0
2017-04-21,15:40:00,9.21,9.28,9.1748,9.23,2400,0
2017-04-21,15:50:00,9.18,9.21,9.18,9.21,900,0
2017-04-21,15:55:00,9.17,9.19,9.165,9.165,700,0
2017-04-21,16:00:00,9.15,9.25,9.15,9.23,26190,0
2017-04-21,16:05:00,9.24,9.32,9.21,9.31,9894,0
2017-04-21,16:10:00,9.26,9.26,9.26,9.26,100,0
2017-04-21,16:15:00,9.25,9.25,9.25,9.25,100,0
2017-04-21,16:20:00,9.25,9.2911,9.2493,9.28,5400,0
2017-04-21,16:25:00,9.2404,9.29,9.24,9.25,4176,0
2017-04-21,16:30:00,9.26,9.29,9.26,9.29,600,0
2017-04-21,16:40:00,9.27,9.27,9.27,9.27,100,0
2017-04-21,16:50:00,9.2182,9.2182,9.19,9.19,900,0
2017-04-21,16:55:00,9.19,9.19,9.1135,9.1135,400,0
2017-04-21,17:00:00,9.19,9.19,9.19,9.19,100,0
2017-04-21,17:05:00,9.19,9.205,9.175,9.175,19129,0
2017-04-21,17:10:00,9.18,9.19,9.175,9.19,2561,0
2017-04-21,17:15:00,9.175,9.175,9.175,9.175,100,0
2017-04-21,17:20:00,9.18,9.18,9.15,9.17,2490,0
2017-04-21,17:25:00,9.17,9.17,9.16,9.16,1100,0
2017-04-21,17:30:00,9.145,9.145,9.145,9.145,100,0
2017-04-21,17:50:00,9.14,9.17,9.12,9.12,4000,0
2017-04-21,17:55:00,9.12,9.19,9.1198,9.19,6940,0
2017-04-21,18:00:00,9.165,9.165,9.165,9.165,100,0
2017-04-21,18:10:00,9.18,9.18,9.18,9.18,100,0
2017-04-21,18:15:00,9.18,9.18,9.18,9.18,300,0
2017-04-21,18:20:00,9.19,9.2653,9.1897,9.2653,13100,0
2017-04-21,18:25:00,9.28,9.3642,9.28,9.3642,10262,0
2017-04-21,18:30:00,9.33,9.44,9.33,9.4391,2800,0
2017-04-21,18:35:00,9.4,9.49,9.4,9.46,6166,0
2017-04-21,18:40:00,9.4763,9.4763,9.46,9.46,700,0
2017-04-21,18:45:00,9.44,9.44,9.44,9.44,100,0
2017-04-21,18:50:00,9.43,9.43,9.43,9.43,100,0
2017-04-21,18:55:00,9.47,9.5388,9.47,9.47,2440,0
2017-04-21,19:00:00,9.45,9.4665,9.45,9.4665,340,0
2017-04-21,19:10:00,9.45,9.45,9.45,9.45,100,0
2017-04-21,19:15:00,9.44,9.44,9.42,9.42,200,0
2017-04-21,19:20:00,9.39,9.39,9.39,9.39,100,0
2017-04-21,19:25:00,9.4,9.4,9.39,9.4,800,0
2017-04-21,19:30:00,9.42,9.42,9.4,9.4,400,0
2017-04-21,19:40:00,9.44,9.44,9.44,9.44,100,0
2017-04-21,19:45:00,9.355,9.3697,9.355,9.3697,500,0
2017-04-21,19:50:00,9.34,9.4,9.33,9.39,1000,0
2017-04-21,19:55:00,9.35,9.375,9.34,9.375,300,0
2017-04-21,20:00:00,9.39,9.48,9.39,9.4417,1800,0
2017-04-21,20:05:00,9.47,9.47,9.47,9.47,200,0
2017-04-21,20:15:00,9.47,9.5,9.42,9.49,2000,0
2017-04-21,20:20:00,9.5,9.5,9.5,9.5,400,0
2017-04-21,20:30:00,9.49,9.71,9.49,9.71,5648,0
2017-04-21,20:35:00,9.678,9.7418,9.66,9.66,1813,0
2017-04-21,20:40:00,9.58,9.6,9.57,9.59,1800,0
2017-04-21,20:45:00,9.51,9.57,9.5005,9.5605,2000,0
2017-04-21,20:50:00,9.51,9.5473,9.495,9.5,8200,0
2017-04-21,20:55:00,9.5786,9.5786,9.41,9.442,13855,0
2017-04-21,21:00:00,9.4789,9.49,9.4789,9.49,1500,0
2017-04-21,21:05:00,9.38,9.4,9.32,9.32,4200,0
2017-04-21,21:10:00,9.365,9.4,9.34,9.38,2000,0
2017-04-21,21:20:00,9.395,9.395,9.395,9.395,100,0
2017-04-21,21:30:00,9.31,9.384,9.31,9.384,300,0
2017-04-21,21:45:00,9.31,9.31,9.31,9.31,200,0
2017-04-21,21:50:00,9.34,9.34,9.34,9.34,200,0
2017-04-21,21:55:00,9.34,9.34,9.34,9.34,150,0
2017-04-21,22:00:00,9.38,9.38,9.29,9.35,3906,0
2017-04-24,15:35:00,8.91,9.2028,8.91,9.1691,11000,0
2017-04-24,15:40:00,9.2,9.34,9.19,9.27,6992,0
2017-04-24,15:45:00,9.33,9.3399,9.33,9.3399,500,0
2017-04-24,15:50:00,9.255,9.255,9.255,9.255,100,0
2017-04-24,16:05:00,9.2676,9.2676,9.2676,9.2676,1000,0
2017-04-24,16:10:00,9.25,9.28,9.25,9.28,500,0
2017-04-24,16:20:00,9.2303,9.299,9.2303,9.299,2840,0
2017-04-24,16:25:00,9.28,9.32,9.2797,9.31,1300,0
2017-04-24,16:30:00,9.31,9.31,9.31,9.31,200,0
2017-04-24,16:35:00,9.32,9.32,9.32,9.32,200,0
2017-04-24,16:40:00,9.31,9.31,9.28,9.28,200,0
2017-04-24,17:05:00,9.2754,9.2884,9.2754,9.2867,2600,0
2017-04-24,17:10:00,9.27,9.27,9.25,9.25,500,0
2017-04-24,17:15:00,9.2423,9.2423,9.2423,9.2423,1215,0
2017-04-24,17:45:00,9.16,9.17,9.1,9.1,510,0
2017-04-24,17:50:00,9.13,9.13,9.11,9.11,300,0
2017-04-24,18:05:00,9.115,9.115,9.115,9.115,400,0
2017-04-24,18:15:00,9.07,9.07,9.07,9.07,100,0
2017-04-24,18:20:00,9.13,9.14,9.13,9.14,1000,0
2017-04-24,18:25:00,9.15,9.19,9.15,9.19,700,0
2017-04-24,18:30:00,9.1825,9.1825,9.1825,9.1825,1000,0
2017-04-24,18:35:00,9.18,9.18,9.17,9.17,200,0
2017-04-24,18:40:00,9.16,9.16,9.15,9.15,200,0
2017-04-24,18:45:00,9.169,9.229,9.169,9.229,1600,0
2017-04-24,19:05:00,9.226,9.229,9.18,9.18,600,0
2017-04-24,19:10:00,9.21,9.269,9.2096,9.269,1190,0
2017-04-24,19:15:00,9.22,9.25,9.22,9.25,200,0
2017-04-24,19:20:00,9.26,9.26,9.26,9.26,300,0
2017-04-24,19:35:00,9.29,9.29,9.2899,9.2899,300,0
2017-04-24,19:40:00,9.29,9.35,9.2898,9.33,10708,0
2017-04-24,19:45:00,9.33,9.33,9.32,9.32,1900,0
2017-04-24,19:50:00,9.32,9.3201,9.3,9.3,12150,0
2017-04-24,19:55:00,9.28,9.28,9.28,9.28,200,0
2017-04-24,20:05:00,9.28,9.28,9.28,9.28,100,0
2017-04-24,20:15:00,9.285,9.285,9.285,9.285,100,0
2017-04-24,20:40:00,9.28,9.28,9.28,9.28,100,0
2017-04-24,20:55:00,9.24,9.24,9.24,9.24,100,0
2017-04-24,21:25:00,9.23,9.24,9.22,9.22,700,0
2017-04-24,21:35:00,9.22,9.22,9.22,9.22,300,0
2017-04-24,21:50:00,9.23,9.23,9.2,9.2295,1200,0
2017-04-24,22:00:00,9.2,9.2199,9.18,9.18,1920,0
2017-04-25,15:35:00,9.26,9.26,9.26,9.26,575,0
2017-04-25,15:40:00,9.2,9.2,9.2,9.2,100,0
2017-04-25,15:50:00,9.25,9.25,9.25,9.25,100,0
2017-04-25,16:00:00,9.2101,9.2101,9.2101,9.2101,800,0
2017-04-25,16:10:00,9.21,9.21,9.2,9.2,2427,0
2017-04-25,16:15:00,9.18,9.18,9.155,9.175,3900,0
2017-04-25,16:20:00,9.15,9.15,9.11,9.12,300,0
2017-04-25,16:30:00,9.0874,9.0874,8.98,8.9801,4620,0
2017-04-25,16:35:00,8.951,8.98,8.95,8.98,1200,0
2017-04-25,16:40:00,8.98,8.98,8.81,8.81,6800,0
2017-04-25,16:45:00,8.86,8.9,8.8,8.81,1400,0
2017-04-25,16:50:00,8.79,8.85,8.79,8.85,300,0
2017-04-25,16:55:00,8.8688,8.8688,8.8688,8.8688,500,0
2017-04-25,17:00:00,8.93,8.959,8.93,8.959,2500,0
2017-04-25,17:05:00,8.94,8.94,8.94,8.94,100,0
2017-04-25,17:15:00,8.969,8.969,8.9,8.9,1300,0
2017-04-25,17:20:00,8.96,8.97,8.96,8.97,300,0
2017-04-25,17:30:00,8.96,8.96,8.86,8.86,10700,0
2017-04-25,17:35:00,8.81,8.81,8.81,8.81,435,0
2017-04-25,17:40:00,8.81,8.811,8.81,8.81,2365,0
2017-04-25,17:45:00,8.77,8.77,8.77,8.77,200,0
2017-04-25,17:50:00,8.77,8.77,8.77,8.77,100,0
2017-04-25,17:55:00,8.77,8.82,8.77,8.82,2935,0
2017-04-25,18:00:00,8.87,8.91,8.87,8.9,500,0
2017-04-25,18:10:00,8.9,8.9,8.9,8.9,1300,0
2017-04-25,18:45:00,8.91,8.91,8.91,8.91,100,0
2017-04-25,19:05:00,8.931,8.944,8.931,8.944,400,0
2017-04-25,19:25:00,8.93,8.93,8.93,8.93,100,0
2017-04-25,19:50:00,8.94,8.94,8.94,8.94,200,0
2017-04-25,19:55:00,8.95,8.95,8.95,8.95,100,0
2017-04-25,20:00:00,8.9275,8.9275,8.91,8.91,2700,0
2017-04-25,20:05:00,8.9,8.9,8.885,8.885,800,0
2017-04-25,20:25:00,8.894,8.894,8.894,8.894,100,0
2017-04-25,20:30:00,8.9,8.9,8.9,8.9,500,0
2017-04-25,20:35:00,8.9052,8.94,8.867,8.94,5900,0
2017-04-25,20:40:00,8.897,8.897,8.86,8.88,1792,0
2017-04-25,21:05:00,8.9,8.9,8.87,8.87,200,0
2017-04-25,21:20:00,8.94,8.94,8.9,8.9,200,0
2017-04-25,21:30:00,8.89,8.9,8.87,8.87,6100,0
2017-04-25,21:35:00,8.86,8.89,8.77,8.85,13516,0
2017-04-25,21:50:00,8.86,8.93,8.86,8.93,1400,0
2017-04-25,21:55:00,8.89,8.89,8.88,8.88,900,0
2017-04-25,22:00:00,8.89,8.99,8.88,8.94,5102,0
2017-04-26,15:35:00,8.9,8.9,8.9,8.9,174,0
2017-04-26,16:00:00,8.82,8.82,8.82,8.82,200,0
2017-04-26,16:05:00,8.84,8.8558,8.84,8.8558,405,0
2017-04-26,16:15:00,8.85,8.85,8.85,8.85,100,0
2017-04-26,16:20:00,8.8,8.85,8.77,8.835,2600,0
2017-04-26,16:25:00,8.85,8.85,8.85,8.85,200,0
2017-04-26,16:30:00,8.87,8.87,8.87,8.87,100,0
2017-04-26,16:45:00,8.85,8.87,8.85,8.87,400,0
2017-04-26,16:50:00,8.88,8.88,8.87,8.87,500,0
2017-04-26,17:00:00,8.91,8.91,8.91,8.91,100,0
2017-04-26,17:15:00,8.93,8.95,8.93,8.95,200,0
2017-04-26,17:30:00,8.9475,8.9475,8.9475,8.9475,500,0
2017-04-26,17:40:00,8.92,8.92,8.92,8.92,100,0
2017-04-26,17:45:00,8.91,8.91,8.91,8.91,100,0
2017-04-26,17:50:00,8.89,8.89,8.89,8.89,600,0
2017-04-26,17:55:00,8.8601,8.8804,8.8601,8.8804,753,0
2017-04-26,18:05:00,8.8501,8.8501,8.8501,8.8501,162,0
2017-04-26,18:15:00,8.89,8.89,8.89,8.89,100,0
2017-04-26,18:20:00,8.86,8.86,8.85,8.85,600,0
2017-04-26,18:25:00,8.85,8.85,8.85,8.85,700,0
2017-04-26,18:35:00,8.8594,8.8594,8.85,8.85,600,0
2017-04-26,18:40:00,8.86,8.86,8.86,8.86,500,0
2017-04-26,18:45:00,8.855,8.855,8.855,8.855,100,0
2017-04-26,18:50:00,8.85,8.85,8.84,8.84,3750,0
2017-04-26,18:55:00,8.84,8.84,8.84,8.84,100,0
2017-04-26,19:05:00,8.83,8.85,8.83,8.85,1700,0
2017-04-26,19:10:00,8.88,8.88,8.88,8.88,100,0
2017-04-26,19:20:00,8.9,8.9366,8.8866,8.92,1500,0
2017-04-26,19:25:00,8.94,8.94,8.94,8.94,100,0
2017-04-26,19:40:00,8.95,8.95,8.95,8.95,100,0
2017-04-26,19:55:00,8.96,8.96,8.96,8.96,200,0
2017-04-26,20:00:00,8.99,9.01,8.99,9,2100,0
2017-04-26,20:05:00,8.99,8.99,8.99,8.99,100,0
2017-04-26,20:10:00,8.97,8.99,8.94,8.99,900,0
2017-04-26,20:35:00,9,9,9,9,100,0
2017-04-26,20:40:00,9,9,9,9,200,0
2017-04-26,20:50:00,8.99,8.99,8.99,8.99,100,0
2017-04-26,20:55:00,9,9,9,9,100,0
2017-04-26,21:00:00,9,9.0001,9,9,400,0
2017-04-26,21:30:00,9.03,9.03,9,9,3767,0
2017-04-26,21:35:00,8.97,8.97,8.97,8.97,100,0
2017-04-26,21:40:00,8.99,8.99,8.99,8.99,200,0
2017-04-26,21:45:00,8.99,8.99,8.99,8.99,100,0
2017-04-26,21:50:00,8.98,9.01,8.98,9.01,300,0
2017-04-26,21:55:00,9.01,9.04,8.96,8.96,2100,0
2017-04-26,22:00:00,8.99,9.06,8.97,9.02,3326,0
