Date,Time,Open,High,Low,Close,Volume,OpenInt
2017-03-28,15:35:00,11.95,11.95,11.95,11.95,612,0
2017-03-28,15:40:00,12.05,12.05,12.05,12.05,100,0
2017-03-28,15:45:00,12.1,12.1,12.05,12.1,700,0
2017-03-28,15:50:00,12.1,12.1,12.1,12.1,100,0
2017-03-28,15:55:00,12.05,12.05,12.05,12.05,400,0
2017-03-28,16:30:00,11.9927,12,11.9927,12,300,0
2017-03-28,16:40:00,11.9943,11.9943,11.9943,11.9943,475,0
2017-03-28,17:00:00,12,12,11.95,11.95,500,0
2017-03-28,17:05:00,11.975,12,11.975,11.975,300,0
2017-03-28,17:10:00,12,12,12,12,200,0
2017-03-28,17:15:00,12,12,12,12,200,0
2017-03-28,17:20:00,12,12,12,12,800,0
2017-03-28,17:35:00,12,12,12,12,100,0
2017-03-28,17:55:00,11.975,12,11.95,11.975,900,0
2017-03-28,18:00:00,12,12,11.963,11.963,600,0
2017-03-28,18:05:00,11.95,12,11.95,11.9501,2500,0
2017-03-28,18:15:00,11.975,11.975,11.975,11.975,100,0
2017-03-28,18:25:00,12,12,12,12,100,0
2017-03-28,18:40:00,11.982,11.982,11.982,11.982,175,0
2017-03-28,18:45:00,11.95,12,11.95,12,200,0
2017-03-28,18:50:00,11.95,11.95,11.95,11.95,200,0
2017-03-28,18:55:00,11.901,11.901,11.901,11.901,1000,0
2017-03-28,19:00:00,11.905,11.925,11.9,11.9,1700,0
2017-03-28,19:05:00,11.95,11.95,11.95,11.95,400,0
2017-03-28,19:30:00,11.95,11.95,11.95,11.95,1300,0
2017-03-28,19:35:00,11.9,11.9,11.9,11.9,3198,0
2017-03-28,19:55:00,11.9,11.9,11.9,11.9,500,0
2017-03-28,20:05:00,11.8822,11.8822,11.8822,11.8822,1000,0
2017-03-28,20:10:00,11.9,11.925,11.9,11.925,300,0
2017-03-28,20:15:00,11.95,11.95,11.95,11.95,100,0
2017-03-28,20:20:00,11.9499,11.9499,11.9499,11.9499,1000,0
2017-03-28,20:35:00,11.95,11.95,11.95,11.95,100,0
2017-03-28,20:40:00,11.9499,11.95,11.9,11.95,1200,0
2017-03-28,20:55:00,11.9,11.9,11.8,11.85,2200,0
2017-03-28,21:00:00,11.75,11.8,11.75,11.75,500,0
2017-03-28,21:05:00,11.75,11.7999,11.75,11.7999,2300,0
2017-03-28,21:10:00,11.7999,11.85,11.7999,11.85,2600,0
2017-03-28,21:15:00,11.85,11.85,11.85,11.85,600,0
2017-03-28,21:20:00,11.8,11.8,11.8,11.8,100,0
2017-03-28,21:30:00,11.8037,11.8037,11.8037,11.8037,200,0
2017-03-28,21:35:00,11.8313,11.85,11.8,11.85,700,0
2017-03-28,21:40:00,11.7922,11.85,11.7922,11.85,798,0
2017-03-28,21:50:00,11.95,11.95,11.95,11.95,100,0
2017-03-28,21:55:00,11.85,11.95,11.85,11.95,300,0
2017-03-28,22:00:00,11.85,12,11.85,11.95,2887,0
2017-03-29,15:35:00,11.95,11.95,11.95,11.95,396,0
2017-03-29,15:40:00,11.9,12.05,11.9,11.95,600,0
2017-03-29,15:50:00,11.75,11.75,11.75,11.75,100,0
2017-03-29,16:00:00,11.9,12.05,11.875,12.05,4411,0
2017-03-29,16:05:00,12.1,12.1,12,12,1466,0
2017-03-29,16:10:00,12,12,12,12,200,0
2017-03-29,16:20:00,11.9001,12.05,11.9001,12.05,600,0
2017-03-29,16:30:00,12,12,12,12,100,0
2017-03-29,16:35:00,12,12,12,12,200,0
2017-03-29,16:40:00,12,12,11.95,11.95,2100,0
2017-03-29,16:55:00,11.9999,12,11.9999,12,505,0
2017-03-29,17:00:00,12,12,11.95,12,1100,0
2017-03-29,17:05:00,12,12,12,12,100,0
2017-03-29,17:20:00,12,12,12,12,700,0
2017-03-29,17:25:00,12,12,12,12,400,0
2017-03-29,17:30:00,12,12,12,12,100,0
2017-03-29,17:35:00,12,12,12,12,100,0
2017-03-29,17:40:00,12,12.05,11.9,11.9,1700,0
2017-03-29,17:45:00,11.95,11.95,11.85,11.85,200,0
2017-03-29,17:50:00,11.9,11.9,11.85,11.9,900,0
2017-03-29,17:55:00,11.95,11.95,11.95,11.95,200,0
2017-03-29,18:00:00,11.95,11.95,11.925,11.925,1900,0
2017-03-29,18:05:00,11.95,11.95,11.95,11.95,100,0
2017-03-29,18:10:00,12,12,11.95,11.95,800,0
2017-03-29,18:15:00,11.95,11.95,11.95,11.95,100,0
2017-03-29,18:30:00,12,12.05,12,12.05,700,0
2017-03-29,18:35:00,12.05,12.05,11.95,12,3800,0
2017-03-29,18:40:00,12.05,12.05,12.05,12.05,100,0
2017-03-29,18:45:00,12,12,12,12,1850,0
2017-03-29,18:50:00,12,12.05,12,12,1379,0
2017-03-29,18:55:00,12,12,12,12,100,0
2017-03-29,19:10:00,12,12.0499,12,12.0499,1600,0
2017-03-29,19:15:00,12.1,12.1,12.1,12.1,100,0
2017-03-29,19:20:00,12.05,12.1,12,12,1900,0
2017-03-29,19:25:00,12,12,11.9,11.9,2300,0
2017-03-29,19:35:00,11.95,11.95,11.95,11.95,100,0
2017-03-29,19:40:00,12,12,12,12,500,0
2017-03-29,19:50:00,12.05,12.05,12.025,12.025,1300,0
2017-03-29,19:55:00,12.05,12.05,12.05,12.05,100,0
2017-03-29,20:05:00,12.05,12.1,12.0475,12.05,3900,0
2017-03-29,20:20:00,12.0499,12.0499,12.0499,12.0499,1000,0
2017-03-29,20:25:00,12.05,12.05,12.05,12.05,200,0
2017-03-29,20:35:00,12.05,12.05,12.05,12.05,100,0
2017-03-29,20:40:00,12.05,12.05,12.05,12.05,200,0
2017-03-29,20:45:00,12.05,12.1,12.05,12.1,4700,0
2017-03-29,20:50:00,12.05,12.05,12.05,12.05,1700,0
2017-03-29,21:00:00,12.037,12.05,12.037,12.05,1200,0
2017-03-29,21:05:00,12.0929,12.0929,12.05,12.05,1100,0
2017-03-29,21:10:00,12.061,12.061,12.061,12.061,200,0
2017-03-29,21:15:00,12,12,12,12,1500,0
2017-03-29,21:20:00,12.1,12.1,12,12.1,3400,0
2017-03-29,21:25:00,12,12.1,12,12.05,500,0
2017-03-29,21:30:00,12.05,12.05,11.95,11.95,1568,0
2017-03-29,21:40:00,11.95,11.95,11.92,11.95,2500,0
2017-03-29,21:45:00,11.95,11.95,11.9499,11.95,1100,0
2017-03-29,21:50:00,11.95,11.95,11.9499,11.95,2600,0
2017-03-29,21:55:00,11.95,11.975,11.95,11.95,2500,0
2017-03-29,22:00:00,12,12,11.95,11.95,5083,0
2017-03-30,15:35:00,11.95,11.95,11.95,11.95,162,0
2017-03-30,15:40:00,11.95,11.95,11.95,11.95,100,0
2017-03-30,15:50:00,11.9,11.9,11.9,11.9,100,0
2017-03-30,16:05:00,11.9,11.95,11.9,11.95,200,0
2017-03-30,16:10:00,11.9,11.9,11.85,11.85,410,0
2017-03-30,16:15:00,11.9,11.9,11.9,11.9,100,0
2017-03-30,16:25:00,11.875,11.875,11.85,11.85,300,0
2017-03-30,16:35:00,11.8,11.825,11.8,11.825,200,0
2017-03-30,16:50:00,11.799,11.85,11.799,11.85,2844,0
2017-03-30,16:55:00,11.8177,11.8499,11.8,11.8,3600,0
2017-03-30,17:05:00,11.875,11.9,11.85,11.85,1475,0
2017-03-30,17:10:00,11.9,11.9,11.9,11.9,1297,0
2017-03-30,17:15:00,11.95,11.95,11.9281,11.95,1930,0
2017-03-30,17:25:00,12,12,12,12,300,0
2017-03-30,17:35:00,11.95,11.95,11.95,11.95,100,0
2017-03-30,17:40:00,12,12,12,12,815,0
2017-03-30,17:50:00,12.0499,12.1,12.0325,12.1,1081,0
2017-03-30,17:55:00,12.1727,12.175,12.15,12.15,898,0
2017-03-30,18:00:00,12.1498,12.1498,12.1498,12.1498,100,0
2017-03-30,18:05:00,12.1,12.15,12.1,12.15,200,0
2017-03-30,18:10:00,12.2,12.2,12.2,12.2,325,0
2017-03-30,18:15:00,12.1498,12.2,12.1498,12.2,400,0
2017-03-30,18:20:00,12.15,12.15,12.15,12.15,100,0
2017-03-30,18:25:00,12.15,12.15,11.95,11.95,2600,0
2017-03-30,18:35:00,12.05,12.07,12.05,12.07,1200,0
2017-03-30,18:40:00,12.05,12.05,12.05,12.05,100,0
2017-03-30,18:50:00,12.05,12.05,12.05,12.05,365,0
2017-03-30,18:55:00,12.1,12.1,12.095,12.095,700,0
2017-03-30,19:00:00,12,12,12,12,100,0
2017-03-30,19:10:00,12.05,12.05,12.05,12.05,100,0
2017-03-30,19:25:00,12.1,12.1,12.1,12.1,100,0
2017-03-30,19:35:00,12.1,12.1,12.1,12.1,100,0
2017-03-30,19:40:00,12.1121,12.125,12.1,12.1,3109,0
2017-03-30,19:50:00,12.05,12.1,12.05,12.1,200,0
2017-03-30,20:10:00,12.14,12.14,12.1001,12.1001,2500,0
2017-03-30,20:20:00,12.145,12.145,12.145,12.145,969,0
2017-03-30,20:25:00,12.145,12.145,12.1001,12.1002,1777,0
2017-03-30,20:30:00,12.1,12.1,12.1,12.1,100,0
2017-03-30,20:35:00,12.1499,12.1499,12.1499,12.1499,200,0
2017-03-30,20:45:00,12.1,12.1,12.1,12.1,100,0
2017-03-30,20:50:00,12.1357,12.1357,12.125,12.125,1150,0
2017-03-30,21:05:00,12.1499,12.15,12.1499,12.15,1200,0
2017-03-30,21:10:00,12.125,12.125,12.125,12.125,100,0
2017-03-30,21:15:00,12.1,12.1,12.05,12.05,200,0
2017-03-30,21:25:00,12.15,12.15,12.15,12.15,100,0
2017-03-30,21:35:00,12.1,12.1,12.1,12.1,300,0
2017-03-30,21:50:00,12.075,12.1,12.05,12.1,408,0
2017-03-30,21:55:00,12.05,12.075,12.05,12.05,1200,0
2017-03-30,22:00:00,12.05,12.05,12,12.05,3667,0
2017-03-31,15:35:00,12,12.0691,12,12.0691,541,0
2017-03-31,15:45:00,12.05,12.05,12.05,12.05,300,0
2017-03-31,15:50:00,12.05,12.05,12.05,12.05,100,0
2017-03-31,16:00:00,12.05,12.05,12.05,12.05,100,0
2017-03-31,16:05:00,12.05,12.075,12.05,12.075,200,0
2017-03-31,16:10:00,12.0999,12.1,12.0999,12.1,400,0
2017-03-31,16:20:00,12.0995,12.0995,12.05,12.05,389,0
2017-03-31,16:40:00,12.0715,12.0715,12.0715,12.0715,500,0
2017-03-31,16:45:00,12.1,12.1,12.1,12.1,100,0
2017-03-31,17:10:00,12.1,12.1,12.1,12.1,100,0
2017-03-31,17:15:00,12.1,12.1,12.1,12.1,500,0
2017-03-31,17:20:00,12.15,12.15,12.15,12.15,100,0
2017-03-31,17:25:00,12.1499,12.1499,12.1499,12.1499,150,0
2017-03-31,17:50:00,12.15,12.15,12.15,12.15,100,0
2017-03-31,18:00:00,12.1,12.25,12.1,12.25,3912,0
2017-03-31,18:05:00,12.25,12.25,12.25,12.25,347,0
2017-03-31,18:10:00,12.397,12.3992,12.3805,12.3805,450,0
2017-03-31,18:15:00,12.4,12.45,12.4,12.45,650,0
2017-03-31,18:20:00,12.45,12.45,12.45,12.45,100,0
2017-03-31,18:25:00,12.4,12.425,12.4,12.425,200,0
2017-03-31,18:30:00,12.425,12.425,12.425,12.425,100,0
2017-03-31,18:35:00,12.4,12.425,12.4,12.425,500,0
2017-03-31,18:45:00,12.4,12.4499,12.4,12.4,550,0
2017-03-31,18:50:00,12.4,12.45,12.4,12.425,500,0
2017-03-31,18:55:00,12.4,12.425,12.375,12.375,900,0
2017-03-31,19:10:00,12.3999,12.4,12.3999,12.4,600,0
2017-03-31,19:15:00,12.425,12.425,12.425,12.425,200,0
2017-03-31,19:20:00,12.45,12.45,12.45,12.45,100,0
2017-03-31,19:30:00,12.425,12.425,12.425,12.425,100,0
2017-03-31,19:35:00,12.425,12.425,12.4,12.4,1100,0
2017-03-31,19:50:00,12.4,12.4,12.4,12.4,100,0
2017-03-31,20:05:00,12.45,12.45,12.45,12.45,100,0
2017-03-31,20:10:00,12.45,12.45,12.45,12.45,100,0
2017-03-31,20:25:00,12.45,12.45,12.45,12.45,100,0
2017-03-31,20:30:00,12.45,12.45,12.45,12.45,200,0
2017-03-31,20:40:00,12.45,12.45,12.45,12.45,300,0
2017-03-31,20:45:00,12.45,12.5,12.45,12.5,1114,0
2017-03-31,20:50:00,12.4501,12.55,12.4501,12.5,6800,0
2017-03-31,20:55:00,12.5,12.5,12.45,12.5,1300,0
2017-03-31,21:00:00,12.5,12.5,12.5,12.5,100,0
2017-03-31,21:10:00,12.5,12.5,12.5,12.5,100,0
2017-03-31,21:15:00,12.5,12.5,12.5,12.5,300,0
2017-03-31,21:20:00,12.5,12.65,12.4999,12.65,2000,0
2017-03-31,21:30:00,12.65,12.65,12.65,12.65,100,0
2017-03-31,21:35:00,12.6,12.625,12.6,12.6,1900,0
2017-03-31,21:45:00,12.591,12.591,12.591,12.591,800,0
2017-03-31,21:50:00,12.6,12.65,12.6,12.6,3400,0
2017-03-31,21:55:00,12.6,12.625,12.55,12.55,3800,0
2017-03-31,22:00:00,12.55,12.575,12.3,12.35,13966,0
2017-04-03,15:35:00,12.45,12.45,12.45,12.45,800,0
2017-04-03,15:40:00,12.4,12.45,12.4,12.45,700,0
2017-04-03,15:45:00,12.45,12.4955,12.45,12.45,2800,0
2017-04-03,15:50:00,12.45,12.4501,12.45,12.45,1200,0
2017-04-03,15:55:00,12.45,12.45,12.45,12.45,1600,0
2017-04-03,16:00:00,12.45,12.4502,12.35,12.4,3820,0
2017-04-03,16:05:00,12.4,12.45,12.35,12.4,1100,0
2017-04-03,16:10:00,12.35,12.4,12.35,12.35,500,0
2017-04-03,16:15:00,12.35,12.35,12.2,12.2,600,0
2017-04-03,16:20:00,12.2,12.2,12.05,12.1,8311,0
2017-04-03,16:25:00,12.1,12.1,12.05,12.05,1300,0
2017-04-03,16:35:00,12.05,12.05,11.975,11.975,700,0
2017-04-03,16:40:00,12,12,11.95,12,900,0
2017-04-03,16:45:00,11.95,11.9999,11.95,11.9999,2600,0
2017-04-03,16:50:00,11.9999,12.05,11.9999,12.05,1800,0
2017-04-03,16:55:00,12.05,12.05,12.05,12.05,600,0
2017-04-03,17:00:00,12,12.15,12,12.15,3815,0
2017-04-03,17:05:00,12.15,12.15,12.15,12.15,2515,0
2017-04-03,17:10:00,12.05,12.1,12.05,12.1,500,0
2017-04-03,17:15:00,12.05,12.05,12.05,12.05,253,0
2017-04-03,17:20:00,12.05,12.1,12.05,12.075,400,0
2017-04-03,17:25:00,12.0891,12.0891,12.075,12.075,800,0
2017-04-03,17:30:00,12.075,12.1,12.075,12.1,500,0
2017-04-03,17:35:00,12.1247,12.125,12.05,12.05,1847,0
2017-04-03,17:40:00,12.025,12.05,12.025,12.025,400,0
2017-04-03,17:45:00,12,12,12,12,400,0
2017-04-03,17:50:00,11.95,12,11.95,12,2580,0
2017-04-03,17:55:00,12,12,12,12,400,0
2017-04-03,18:00:00,12,12.05,12,12.05,200,0
2017-04-03,18:05:00,12,12.05,11.95,12,700,0
2017-04-03,18:10:00,12.025,12.05,12,12,400,0
2017-04-03,18:15:00,12.025,12.025,12.025,12.025,100,0
2017-04-03,18:20:00,12,12.1,12,12.1,600,0
2017-04-03,18:30:00,12.092,12.092,12.092,12.092,150,0
2017-04-03,18:35:00,12.05,12.1,12.05,12.05,700,0
2017-04-03,18:40:00,12.1,12.1,12.1,12.1,200,0
2017-04-03,18:45:00,12.1,12.15,12.1,12.15,300,0
2017-04-03,18:50:00,12.15,12.15,12.05,12.15,1184,0
2017-04-03,18:55:00,12.25,12.25,12.25,12.25,100,0
2017-04-03,19:00:00,12.15,12.2,12.15,12.2,200,0
2017-04-03,19:05:00,12.15,12.15,12.15,12.15,100,0
2017-04-03,19:10:00,12.15,12.15,12.15,12.15,100,0
2017-04-03,19:15:00,12.25,12.25,12.25,12.25,100,0
2017-04-03,19:25:00,12.25,12.25,12.2,12.2,500,0
2017-04-03,19:30:00,12.2,12.2499,12.2,12.2499,1200,0
2017-04-03,19:40:00,12.15,12.2,12.15,12.2,615,0
2017-04-03,19:45:00,12.15,12.15,12.1,12.15,2800,0
2017-04-03,19:50:00,12.15,12.15,12.15,12.15,200,0
2017-04-03,19:55:00,12.15,12.15,12.15,12.15,200,0
2017-04-03,20:00:00,12.15,12.15,12.15,12.15,400,0
2017-04-03,20:05:00,12.15,12.15,12.1,12.15,800,0
2017-04-03,20:10:00,12.1,12.15,12.1,12.15,200,0
2017-04-03,20:15:00,12.1,12.18,12.1,12.15,2300,0
2017-04-03,20:20:00,12.1,12.2,12.1,12.15,500,0
2017-04-03,20:25:00,12.1,12.1818,12.1,12.1818,1100,0
2017-04-03,20:30:00,12.15,12.2,12.1,12.1,500,0
2017-04-03,20:35:00,12.11,12.15,12.1,12.15,446,0
2017-04-03,20:40:00,12.2,12.2,12.15,12.15,600,0
2017-04-03,20:45:00,12.1,12.1,12.1,12.1,100,0
2017-04-03,20:50:00,12.1,12.1,12.1,12.1,100,0
2017-04-03,20:55:00,12.15,12.15,12.15,12.15,100,0
2017-04-03,21:00:00,12.15,12.15,12.15,12.15,444,0
2017-04-03,21:05:00,12.175,12.25,12.175,12.25,300,0
2017-04-03,21:10:00,12.225,12.25,12.225,12.25,200,0
2017-04-03,21:15:00,12.2,12.2,12.15,12.15,900,0
2017-04-03,21:20:00,12.195,12.2,12.195,12.2,1900,0
2017-04-03,21:25:00,12.295,12.295,12.2,12.2,1300,0
2017-04-03,21:30:00,12.25,12.25,12.25,12.25,300,0
2017-04-03,21:35:00,12.25,12.25,12.15,12.15,1372,0
2017-04-03,21:40:00,12.2,12.25,12.2,12.25,950,0
2017-04-03,21:45:00,12.2499,12.2499,12.15,12.15,900,0
2017-04-03,21:50:00,12.15,12.15,12.15,12.15,100,0
2017-04-03,21:55:00,12.15,12.2,12.15,12.2,1500,0
2017-04-03,22:00:00,12.2,12.2,12.15,12.15,2938,0
2017-04-04,15:35:00,12.15,12.15,12.15,12.15,633,0
2017-04-04,15:40:00,12.15,12.15,12.15,12.15,100,0
2017-04-04,15:50:00,12.15,12.2,12.15,12.2,200,0
2017-04-04,15:55:00,12.2,12.2,12.2,12.2,100,0
2017-04-04,16:05:00,12.2,12.2,12.2,12.2,100,0
2017-04-04,16:10:00,12.15,12.15,12.05,12.05,418,0
2017-04-04,16:15:00,12.05,12.05,12.05,12.05,200,0
2017-04-04,16:30:00,12.05,12.05,12,12,200,0
2017-04-04,16:35:00,12,12.1,11.95,11.95,1325,0
2017-04-04,16:40:00,12,12,12,12,100,0
2017-04-04,16:50:00,12,12,12,12,200,0
2017-04-04,16:55:00,12.05,12.05,12,12,200,0
2017-04-04,17:00:00,12.1,12.1,12.1,12.1,2500,0
2017-04-04,17:10:00,12.05,12.15,12.015,12.15,1800,0
2017-04-04,17:15:00,12.05,12.05,12.05,12.05,100,0
2017-04-04,17:20:00,12.1229,12.1229,12.05,12.05,245,0
2017-04-04,17:30:00,12.075,12.075,12.05,12.05,200,0
2017-04-04,17:45:00,12.05,12.05,12.05,12.05,100,0
2017-04-04,17:55:00,12.05,12.15,12.05,12.15,200,0
2017-04-04,18:05:00,12.05,12.05,12.05,12.05,100,0
2017-04-04,18:15:00,12.05,12.1,12.05,12.1,200,0
2017-04-04,18:20:00,12.0681,12.15,12.0681,12.15,2300,0
2017-04-04,18:30:00,12.15,12.2,12.15,12.2,1200,0
2017-04-04,18:50:00,12.2,12.2,12.2,12.2,100,0
2017-04-04,18:55:00,12.2,12.3,12.2,12.3,300,0
2017-04-04,19:00:00,12.2,12.2,12.2,12.2,700,0
2017-04-04,19:05:00,12.1,12.1,12.1,12.1,100,0
2017-04-04,19:10:00,12.15,12.15,12.15,12.15,100,0
2017-04-04,19:20:00,12.1,12.15,12.1,12.15,200,0
2017-04-04,19:30:00,12.05,12.05,12.05,12.05,100,0
2017-04-04,19:40:00,12.05,12.125,12.05,12.125,900,0
2017-04-04,19:45:00,12.15,12.1689,12.1,12.1,1200,0
2017-04-04,20:00:00,12.1,12.1,12.1,12.1,100,0
2017-04-04,20:05:00,12.15,12.15,12.15,12.15,600,0
2017-04-04,20:10:00,12.1,12.1,12.1,12.1,100,0
2017-04-04,20:15:00,12.127,12.127,12.127,12.127,100,0
2017-04-04,20:20:00,12.1,12.15,12.1,12.15,200,0
2017-04-04,20:30:00,12.1,12.1,12.1,12.1,100,0
2017-04-04,20:35:00,12.1025,12.15,12.1,12.15,2600,0
2017-04-04,20:40:00,12.1,12.125,12.1,12.1125,700,0
2017-04-04,20:45:00,12.1,12.125,12.1,12.125,375,0
2017-04-04,20:50:00,12.1,12.125,12.1,12.1,900,0
2017-04-04,20:55:00,12.1,12.1,12.1,12.1,100,0
2017-04-04,21:05:00,12.1,12.1,12.1,12.1,500,0
2017-04-04,21:10:00,12.1,12.1,12.1,12.1,100,0
2017-04-04,21:15:00,12.1,12.125,12.1,12.125,500,0
2017-04-04,21:20:00,12.05,12.15,12.05,12.15,1800,0
2017-04-04,21:25:00,12.15,12.2,12.15,12.2,700,0
2017-04-04,21:30:00,12.25,12.25,12.23,12.23,700,0
2017-04-04,21:35:00,12.25,12.3,12.25,12.3,600,0
2017-04-04,21:40:00,12.2999,12.35,12.2,12.3,2000,0
2017-04-04,21:45:00,12.4,12.5,12.4,12.5,1500,0
2017-04-04,21:50:00,12.4,12.45,12.35,12.45,3900,0
2017-04-04,21:55:00,12.45,12.45,12.35,12.3999,4200,0
2017-04-04,22:00:00,12.4,12.7,12.4,12.5,10156,0
2017-04-05,15:35:00,12.55,12.55,12.55,12.55,259,0
2017-04-05,15:40:00,12.5,12.5,12.5,12.5,300,0
2017-04-05,15:45:00,12.4,12.5499,12.4,12.5499,410,0
2017-04-05,15:50:00,12.55,12.55,12.55,12.55,667,0
2017-04-05,16:00:00,12.8499,12.8499,12.8499,12.8499,625,0
2017-04-05,16:05:00,12.8,12.8,12.8,12.8,100,0
2017-04-05,16:10:00,12.7001,12.7001,12.651,12.651,2314,0
2017-04-05,16:15:00,12.6,12.6,12.6,12.6,100,0
2017-04-05,16:25:00,12.6,12.6,12.6,12.6,200,0
2017-04-05,16:35:00,12.55,12.6,12.55,12.6,400,0
2017-04-05,16:45:00,12.6,12.6,12.6,12.6,200,0
2017-04-05,16:50:00,12.6,12.6,12.6,12.6,492,0
2017-04-05,16:55:00,12.65,12.65,12.65,12.65,200,0
2017-04-05,17:05:00,12.65,12.65,12.65,12.65,200,0
2017-04-05,17:10:00,12.6,12.6,12.6,12.6,1300,0
2017-04-05,17:20:00,12.65,12.65,12.65,12.65,200,0
2017-04-05,17:25:00,12.5,12.5,12.45,12.45,200,0
2017-04-05,17:40:00,12.4,12.4,12.4,12.4,100,0
2017-04-05,18:15:00,12.4499,12.4499,12.4499,12.4499,400,0
2017-04-05,18:20:00,12.4,12.4,12.35,12.35,520,0
2017-04-05,18:25:00,12.3549,12.3549,12.35,12.35,475,0
2017-04-05,18:30:00,12.34,12.34,12.3,12.3,400,0
2017-04-05,18:35:00,12.3,12.35,12.3,12.35,900,0
2017-04-05,19:00:00,12.3,12.35,12.3,12.35,200,0
2017-04-05,19:10:00,12.35,12.3715,12.3133,12.3715,1450,0
2017-04-05,19:25:00,12.35,12.35,12.35,12.35,100,0
2017-04-05,19:35:00,12.45,12.45,12.35,12.35,300,0
2017-04-05,19:50:00,12.4,12.4,12.4,12.4,100,0
2017-04-05,19:55:00,12.4499,12.4499,12.4499,12.4499,1000,0
2017-04-05,20:05:00,12.4,12.4,12.35,12.35,1100,0
2017-04-05,20:10:00,12.35,12.35,12.35,12.35,100,0
2017-04-05,20:50:00,12.3,12.35,12.15,12.15,4241,0
2017-04-05,20:55:00,12.101,12.15,12.101,12.15,1300,0
2017-04-05,21:00:00,12.175,12.2,12.175,12.2,1000,0
2017-04-05,21:05:00,12.25,12.25,12.25,12.25,100,0
2017-04-05,21:10:00,12.25,12.25,12.25,12.25,1000,0
2017-04-05,21:15:00,12.2,12.2,12.15,12.15,400,0
2017-04-05,21:20:00,12.15,12.15,12.15,12.15,100,0
2017-04-05,21:35:00,12.2,12.2,12.175,12.2,400,0
2017-04-05,21:40:00,12.175,12.175,12.15,12.15,200,0
2017-04-05,21:45:00,12.175,12.2,12.175,12.2,800,0
2017-04-05,21:55:00,12.15,12.15,12.1,12.15,1447,0
2017-04-05,22:00:00,12.15,12.1547,12.1,12.1,8418,0
2017-04-06,15:35:00,12.05,12.05,12.05,12.05,100,0
2017-04-06,15:45:00,12.1,12.1,12.1,12.1,500,0
2017-04-06,15:50:00,12.1,12.1,12.1,12.1,394,0
2017-04-06,15:55:00,12.15,12.15,12.15,12.15,100,0
2017-04-06,16:00:00,12.1,12.1,12.1,12.1,100,0
2017-04-06,16:10:00,12.0432,12.1,12.0432,12.1,700,0
2017-04-06,16:15:00,12.15,12.15,12.15,12.15,100,0
2017-04-06,16:35:00,12.1,12.1,12.1,12.1,200,0
2017-04-06,16:40:00,12,12,12,12,100,0
2017-04-06,16:50:00,12,12,12,12,100,0
2017-04-06,17:05:00,11.95,11.95,11.95,11.95,252,0
2017-04-06,17:30:00,12,12.034,12,12.034,900,0
2017-04-06,17:35:00,11.95,11.95,11.95,11.95,100,0
2017-04-06,17:45:00,12.05,12.2,12.05,12.2,1500,0
2017-04-06,17:50:00,12.15,12.15,12.1,12.1,400,0
2017-04-06,18:00:00,12.05,12.05,12.05,12.05,100,0
2017-04-06,18:05:00,12.15,12.15,12.15,12.15,100,0
2017-04-06,18:10:00,12.092,12.1,12.092,12.1,2580,0
2017-04-06,18:30:00,12.2499,12.2499,12.2499,12.2499,300,0
2017-04-06,18:40:00,12.1501,12.1501,12.1501,12.1501,1000,0
2017-04-06,18:45:00,12.15,12.15,12.15,12.15,600,0
2017-04-06,19:15:00,12.1192,12.1192,12.1192,12.1192,300,0
2017-04-06,19:20:00,12.1,12.1,12.1,12.1,100,0
2017-04-06,19:30:00,12.1,12.1,12.1,12.1,100,0
2017-04-06,19:40:00,12.19,12.19,12.15,12.15,1100,0
2017-04-06,19:45:00,12.199,12.199,12.199,12.199,246,0
2017-04-06,20:10:00,12.1,12.1,12.1,12.1,300,0
2017-04-06,20:20:00,12.2,12.2,12.2,12.2,700,0
2017-04-06,20:30:00,12.2,12.2,12.2,12.2,100,0
2017-04-06,20:50:00,12.25,12.25,12.15,12.15,1210,0
2017-04-06,20:55:00,12.245,12.25,12.245,12.25,1063,0
2017-04-06,21:00:00,12.2,12.2,12.2,12.2,300,0
2017-04-06,21:05:00,12.225,12.225,12.225,12.225,100,0
2017-04-06,21:10:00,12.249,12.249,12.249,12.249,500,0
2017-04-06,21:15:00,12.15,12.1997,12.15,12.1997,2904,0
2017-04-06,21:20:00,12.15,12.15,12.15,12.15,100,0
2017-04-06,21:25:00,12.15,12.15,12.15,12.15,100,0
2017-04-06,21:40:00,12.2499,12.2499,12.2499,12.2499,600,0
2017-04-06,21:45:00,12.25,12.25,12.175,12.175,200,0
2017-04-06,21:50:00,12.15,12.15,12.15,12.15,200,0
2017-04-06,21:55:00,12.1,12.1,12.1,12.1,200,0
2017-04-06,22:00:00,12.15,12.175,12.15,12.175,600,0
2017-04-07,15:35:00,12.05,12.05,12.05,12.05,103,0
2017-04-07,15:40:00,12.2,12.2,12.2,12.2,100,0
2017-04-07,15:45:00,12.1253,12.1253,12.1253,12.1253,300,0
2017-04-07,15:55:00,12.15,12.175,12.15,12.175,400,0
2017-04-07,16:00:00,12.175,12.2,12.15,12.16,500,0
2017-04-07,16:10:00,12.25,12.25,12.25,12.25,824,0
2017-04-07,16:20:00,12.4,12.4,12.4,12.4,200,0
2017-04-07,16:25:00,12.3564,12.3564,12.3564,12.3564,300,0
2017-04-07,16:30:00,12.35,12.4,12.35,12.4,300,0
2017-04-07,17:15:00,12.3499,12.3499,12.2616,12.2616,3300,0
2017-04-07,17:25:00,12.275,12.275,12.215,12.215,400,0
2017-04-07,17:45:00,12.3,12.3,12.3,12.3,400,0
2017-04-07,17:50:00,12.35,12.35,12.35,12.35,300,0
2017-04-07,18:05:00,12.35,12.35,12.35,12.35,100,0
2017-04-07,18:15:00,12.35,12.35,12.35,12.35,100,0
2017-04-07,18:25:00,12.35,12.35,12.25,12.25,300,0
2017-04-07,18:30:00,12.35,12.35,12.35,12.35,100,0
2017-04-07,18:40:00,12.25,12.3,12.25,12.3,300,0
2017-04-07,18:55:00,12.3499,12.3499,12.3499,12.3499,600,0
2017-04-07,19:00:00,12.3,12.35,12.3,12.35,200,0
2017-04-07,19:05:00,12.25,12.25,12.25,12.25,200,0
2017-04-07,19:10:00,12.35,12.35,12.35,12.35,100,0
2017-04-07,19:20:00,12.35,12.35,12.35,12.35,100,0
2017-04-07,19:30:00,12.25,12.35,12.25,12.35,200,0
2017-04-07,19:35:00,12.35,12.35,12.35,12.35,100,0
2017-04-07,19:40:00,12.2694,12.3,12.2694,12.3,400,0
2017-04-07,20:00:00,12.25,12.3,12.25,12.3,200,0
2017-04-07,20:05:00,12.34,12.34,12.3,12.3,700,0
2017-04-07,20:15:00,12.35,12.35,12.35,12.35,100,0
2017-04-07,20:35:00,12.35,12.35,12.35,12.35,100,0
2017-04-07,20:40:00,12.35,12.35,12.35,12.35,200,0
2017-04-07,20:45:00,12.25,12.25,12.25,12.25,300,0
2017-04-07,20:55:00,12.35,12.35,12.35,12.35,100,0
2017-04-07,21:05:00,12.35,12.35,12.35,12.35,100,0
2017-04-07,21:10:00,12.25,12.3,12.25,12.3,200,0
2017-04-07,21:25:00,12.35,12.35,12.35,12.35,100,0
2017-04-07,21:30:00,12.35,12.35,12.35,12.35,100,0
2017-04-07,21:35:00,12.35,12.35,12.35,12.35,300,0
2017-04-07,21:40:00,12.35,12.35,12.3,12.3,400,0
2017-04-07,21:45:00,12.25,12.3,12.25,12.3,800,0
2017-04-07,21:55:00,12.3,12.3,12.25,12.25,900,0
2017-04-07,22:00:00,12.3,12.3,12.3,12.3,1000,0
2017-04-10,15:35:00,12.25,12.25,12.25,12.25,169,0
2017-04-10,15:40:00,12.25,12.25,12.15,12.25,980,0
2017-04-10,15:45:00,12.2106,12.2106,12.2106,12.2106,1000,0
2017-04-10,15:50:00,12.3,12.3,12.3,12.3,100,0
2017-04-10,16:10:00,12.3,12.3,12.3,12.3,100,0
2017-04-10,16:20:00,12.3,12.3,12.3,12.3,200,0
2017-04-10,17:10:00,12.25,12.25,12.25,12.25,200,0
2017-04-10,17:25:00,12.1999,12.1999,12.15,12.1999,1400,0
2017-04-10,17:30:00,12.15,12.3,12.15,12.3,5100,0
2017-04-10,17:40:00,12.3499,12.3499,12.3,12.3,1500,0
2017-04-10,17:45:00,12.35,12.35,12.3,12.3,1200,0
2017-04-10,18:45:00,12.2,12.2,12.2,12.2,100,0
2017-04-10,19:05:00,12.275,12.275,12.275,12.275,100,0
2017-04-10,19:15:00,12.2,12.2,12.2,12.2,100,0
2017-04-10,19:20:00,12.2,12.2,12.2,12.2,200,0
2017-04-10,19:35:00,12.2999,12.2999,12.2,12.2,1180,0
2017-04-10,19:45:00,12.2,12.2,12.2,12.2,100,0
2017-04-10,20:00:00,12.299,12.299,12.2,12.2,600,0
2017-04-10,20:05:00,12.2,12.2,12.1,12.1,2499,0
2017-04-10,20:10:00,12.1,12.1,12,12,3200,0
2017-04-10,20:15:00,12,12.05,12,12.05,2400,0
2017-04-10,20:20:00,12.1,12.1,12.075,12.075,300,0
2017-04-10,20:30:00,12.1,12.1,12.05,12.05,1300,0
2017-04-10,20:50:00,12.1,12.1,12.1,12.1,100,0
2017-04-10,21:00:00,12.125,12.125,12.125,12.125,200,0
2017-04-10,21:05:00,12.1,12.1,12.1,12.1,600,0
2017-04-10,21:10:00,12.1,12.1,12.1,12.1,100,0
2017-04-10,21:15:00,12.1,12.1,12.1,12.1,100,0
2017-04-10,21:25:00,12.1,12.1,12.1,12.1,500,0
2017-04-10,21:35:00,12.125,12.125,12.125,12.125,100,0
2017-04-10,21:40:00,12.1,12.1,12.1,12.1,200,0
2017-04-10,21:45:00,12.1,12.1,12.1,12.1,200,0
2017-04-10,21:50:00,12.1,12.15,12.05,12.15,3970,0
2017-04-10,21:55:00,12.1,12.1,12.05,12.1,944,0
2017-04-10,22:00:00,12.05,12.15,12.05,12.1,7036,0
2017-04-11,15:35:00,11.95,12.025,11.95,12.025,2309,0
2017-04-11,15:40:00,12.15,12.4,12.1499,12.3,7994,0
2017-04-11,15:45:00,12.3,12.3499,12.3,12.3499,1607,0
2017-04-11,15:50:00,12.2,12.3,12.2,12.3,300,0
2017-04-11,15:55:00,12.3,12.3,12.2,12.2501,2707,0
2017-04-11,16:00:00,12.35,12.35,12.35,12.35,100,0
2017-04-11,16:10:00,12.35,12.35,12.35,12.35,100,0
2017-04-11,16:15:00,12.425,12.425,12.425,12.425,100,0
2017-04-11,16:20:00,12.45,12.45,12.45,12.45,100,0
2017-04-11,16:25:00,12.45,12.45,12.4,12.4001,2600,0
2017-04-11,16:30:00,12.4,12.45,12.4,12.45,900,0
2017-04-11,16:35:00,12.4,12.4,12.4,12.4,400,0
2017-04-11,16:40:00,12.35,12.4,12.35,12.4,400,0
2017-04-11,16:45:00,12.35,12.35,12.2684,12.2684,600,0
2017-04-11,17:00:00,12.3,12.3,12.25,12.25,600,0
2017-04-11,17:05:00,12.25,12.25,12.25,12.25,100,0
2017-04-11,17:10:00,12.32,12.32,12.32,12.32,375,0
2017-04-11,17:15:00,12.35,12.35,12.25,12.35,1500,0
2017-04-11,17:20:00,12.3,12.3,12.3,12.3,100,0
2017-04-11,17:25:00,12.35,12.35,12.35,12.35,500,0
2017-04-11,17:30:00,12.35,12.35,12.35,12.35,900,0
2017-04-11,17:40:00,12.4,12.4,12.4,12.4,400,0
2017-04-11,17:55:00,12.45,12.45,12.45,12.45,100,0
2017-04-11,18:05:00,12.35,12.4,12.35,12.35,700,0
2017-04-11,18:10:00,12.35,12.45,12.25,12.35,12600,0
2017-04-11,18:15:00,12.35,12.35,12.3,12.3,2200,0
2017-04-11,18:20:00,12.3,12.35,12.3,12.3,1351,0
2017-04-11,18:25:00,12.3001,12.325,12.3,12.3,1135,0
2017-04-11,18:30:00,12.305,12.35,12.305,12.35,500,0
2017-04-11,18:45:00,12.3,12.35,12.3,12.35,200,0
2017-04-11,19:00:00,12.3,12.3,12.3,12.3,100,0
2017-04-11,19:10:00,12.3,12.3,12.3,12.3,100,0
2017-04-11,19:20:00,12.375,12.375,12.35,12.3501,700,0
2017-04-11,19:25:00,12.35,12.35,12.35,12.35,200,0
2017-04-11,19:35:00,12.3,12.3,12.3,12.3,100,0
2017-04-11,19:40:00,12.3133,12.3133,12.3,12.3,500,0
2017-04-11,19:45:00,12.3999,12.3999,12.15,12.15,1703,0
2017-04-11,19:50:00,12.1975,12.1975,12.162,12.162,400,0
2017-04-11,19:55:00,12.162,12.1704,12.1,12.1704,500,0
2017-04-11,20:00:00,12.1,12.1999,12.1,12.1999,800,0
2017-04-11,20:05:00,12.1373,12.15,12.1373,12.15,600,0
2017-04-11,20:10:00,12.15,12.15,12.15,12.15,100,0
2017-04-11,20:20:00,12.15,12.2,12.15,12.2,800,0
2017-04-11,20:30:00,12.25,12.3,12.2499,12.3,1200,0
2017-04-11,20:50:00,12.275,12.275,12.25,12.25,200,0
2017-04-11,20:55:00,12.3,12.3,12.3,12.3,100,0
2017-04-11,21:00:00,12.25,12.3,12.25,12.3,825,0
2017-04-11,21:10:00,12.275,12.275,12.275,12.275,100,0
2017-04-11,21:15:00,12.3,12.3,12.3,12.3,200,0
2017-04-11,21:20:00,12.275,12.275,12.275,12.275,100,0
2017-04-11,21:25:00,12.275,12.275,12.275,12.275,100,0
2017-04-11,21:30:00,12.25,12.25,12.25,12.25,100,0
2017-04-11,21:35:00,12.275,12.275,12.275,12.275,100,0
2017-04-11,21:40:00,12.25,12.25,12.25,12.25,500,0
2017-04-11,21:45:00,12.25,12.3,12.25,12.25,2800,0
2017-04-11,21:50:00,12.25,12.25,12.2,12.2,3300,0
2017-04-11,21:55:00,12.25,12.25,12.2,12.25,6193,0
2017-04-11,22:00:00,12.225,12.3,12.2,12.25,8075,0
2017-04-12,15:35:00,12.3,12.3,12.15,12.15,416,0
2017-04-12,15:40:00,12.15,12.2,12.15,12.2,300,0
2017-04-12,15:45:00,12.1,12.1,12.1,12.1,100,0
2017-04-12,16:00:00,12.1,12.1,12.0501,12.0501,200,0
2017-04-12,16:10:00,12.1128,12.1128,12.1128,12.1128,1250,0
2017-04-12,16:30:00,12.1,12.1,12.05,12.05,300,0
2017-04-12,16:35:00,12.05,12.0621,12,12.0621,1300,0
2017-04-12,16:45:00,12.05,12.05,11.95,11.95,300,0
2017-04-12,16:55:00,11.95,11.95,11.95,11.95,100,0
2017-04-12,17:05:00,12,12.05,11.95,12.05,3300,0
2017-04-12,17:10:00,12.008,12.05,12.008,12.05,1508,0
2017-04-12,17:20:00,12,12.0001,12,12,300,0
2017-04-12,17:30:00,12.05,12.05,12.05,12.05,400,0
2017-04-12,17:35:00,12.05,12.05,12.05,12.05,1200,0
2017-04-12,17:40:00,12.05,12.058,12.05,12.05,1300,0
2017-04-12,17:45:00,12.05,12.05,12.05,12.05,100,0
2017-04-12,18:05:00,12.05,12.063,12,12.063,600,0
2017-04-12,18:10:00,12.05,12.063,12,12,570,0
2017-04-12,18:20:00,12,12.1,12,12.1,975,0
2017-04-12,18:40:00,12.075,12.075,12.05,12.05,300,0
2017-04-12,18:45:00,12,12,12,12,100,0
2017-04-12,18:55:00,12.05,12.05,12.05,12.05,100,0
2017-04-12,19:05:00,12.0501,12.0501,12.0501,12.0501,450,0
2017-04-12,19:10:00,12.1,12.1,12.1,12.1,1668,0
2017-04-12,19:15:00,12.1001,12.1001,12.1001,12.1001,100,0
2017-04-12,19:25:00,12.1,12.1,12.1,12.1,100,0
2017-04-12,19:45:00,12.15,12.15,12.15,12.15,500,0
2017-04-12,19:55:00,12.15,12.15,12.15,12.15,100,0
2017-04-12,20:10:00,12.1501,12.1501,12.1501,12.1501,200,0
2017-04-12,20:25:00,12.15,12.15,12.15,12.15,100,0
2017-04-12,20:30:00,12.1,12.1,12.1,12.1,100,0
2017-04-12,20:45:00,12.1,12.1,12.1,12.1,600,0
2017-04-12,21:00:00,12.1,12.1,12.05,12.05,300,0
2017-04-12,21:05:00,12.0501,12.0501,12.05,12.05,300,0
2017-04-12,21:15:00,12.05,12.05,12.05,12.05,1278,0
2017-04-12,21:20:00,12.05,12.05,12.05,12.05,100,0
2017-04-12,21:35:00,12.1,12.1,12.1,12.1,200,0
2017-04-12,21:40:00,12.0675,12.0675,12.0675,12.0675,200,0
2017-04-12,21:45:00,12.075,12.25,12.0501,12.2,2275,0
2017-04-12,21:50:00,12.3,12.3,12.2,12.2,500,0
2017-04-12,22:00:00,12.15,12.1501,12.15,12.15,1738,0
2017-04-13,15:45:00,12.2,12.25,12.2,12.25,500,0
2017-04-13,15:50:00,12.35,12.35,12.35,12.35,100,0
2017-04-13,15:55:00,12.35,12.35,12.35,12.35,500,0
2017-04-13,16:25:00,12.25,12.25,12.25,12.25,100,0
2017-04-13,16:45:00,12.2,12.2,12.2,12.2,200,0
2017-04-13,16:50:00,12.1501,12.175,12.1501,12.175,228,0
2017-04-13,17:10:00,12.2,12.2,12.1817,12.1817,600,0
2017-04-13,17:15:00,12.2,12.2,12.1583,12.2,500,0
2017-04-13,17:20:00,12.2,12.2,12.2,12.2,100,0
2017-04-13,17:35:00,12.2,12.2,12.2,12.2,100,0
2017-04-13,17:45:00,12.2,12.225,12.2,12.2,400,0
2017-04-13,17:50:00,12.225,12.3,12.225,12.3,700,0
2017-04-13,17:55:00,12.3432,12.35,12.3432,12.35,702,0
2017-04-13,18:00:00,12.35,12.35,12.35,12.35,400,0
2017-04-13,18:05:00,12.35,12.35,12.35,12.35,200,0
2017-04-13,18:10:00,12.25,12.25,12.25,12.25,300,0
2017-04-13,18:15:00,12.3,12.3,12.201,12.201,200,0
2017-04-13,18:40:00,12.29,12.29,12.29,12.29,370,0
2017-04-13,18:45:00,12.3,12.3,12.3,12.3,800,0
2017-04-13,18:50:00,12.3,12.3,12.3,12.3,100,0
2017-04-13,19:15:00,12.25,12.25,12.25,12.25,200,0
2017-04-13,19:25:00,12.2,12.25,12.2,12.25,300,0
2017-04-13,19:45:00,12.2,12.3,12.2,12.225,500,0
2017-04-13,19:50:00,12.2,12.225,12.2,12.2,400,0
2017-04-13,19:55:00,12.2,12.25,12.2,12.2499,1150,0
2017-04-13,20:00:00,12.25,12.3,12.25,12.3,700,0
2017-04-13,20:05:00,12.25,12.25,12.25,12.25,100,0
2017-04-13,20:25:00,12.35,12.35,12.35,12.35,100,0
2017-04-13,20:50:00,12.2891,12.2891,12.2891,12.2891,600,0
2017-04-13,20:55:00,12.35,12.35,12.35,12.35,100,0
2017-04-13,21:15:00,12.3,12.3,12.3,12.3,100,0
2017-04-13,21:20:00,12.3,12.3,12.25,12.3,600,0
2017-04-13,21:25:00,12.3,12.35,12.3,12.35,200,0
2017-04-13,21:30:00,12.35,12.35,12.35,12.35,200,0
2017-04-13,21:35:00,12.35,12.35,12.3,12.3,1089,0
2017-04-13,21:40:00,12.35,12.35,12.35,12.35,400,0
2017-04-13,21:50:00,12.35,12.45,12.35,12.45,1590,0
2017-04-13,21:55:00,12.4,12.4,12.4,12.4,600,0
2017-04-13,22:00:00,12.3501,12.4,12.3,12.3,5536,0
2017-04-17,15:35:00,12.3,12.3,12.25,12.25,1619,0
2017-04-17,16:00:00,12.4,12.45,12.4,12.4,400,0
2017-04-17,16:05:00,12.45,12.5,12.45,12.5,700,0
2017-04-17,16:15:00,12.5,12.55,12.5,12.55,300,0
2017-04-17,16:20:00,12.55,12.55,12.55,12.55,100,0
2017-04-17,16:30:00,12.5,12.5,12.5,12.5,100,0
2017-04-17,16:35:00,12.45,12.45,12.45,12.45,136,0
2017-04-17,16:40:00,12.45,12.45,12.45,12.45,100,0
2017-04-17,17:25:00,12.3938,12.4,12.3938,12.4,600,0
2017-04-17,17:40:00,12.375,12.375,12.375,12.375,200,0
2017-04-17,17:45:00,12.375,12.375,12.35,12.35,200,0
2017-04-17,18:15:00,12.3999,12.3999,12.35,12.35,500,0
2017-04-17,18:35:00,12.2996,12.3,12.2996,12.3,621,0
2017-04-17,18:40:00,12.3,12.3,12.3,12.3,100,0
2017-04-17,18:45:00,12.2,12.35,12.2,12.25,1200,0
2017-04-17,18:55:00,12.45,12.45,12.35,12.35,200,0
2017-04-17,19:00:00,12.4,12.4,12.3,12.3,500,0
2017-04-17,19:15:00,12.35,12.35,12.35,12.35,100,0
2017-04-17,19:45:00,12.3,12.4,12.3,12.4,300,0
2017-04-17,20:05:00,12.35,12.35,12.35,12.35,100,0
2017-04-17,20:35:00,12.3,12.3,12.3,12.3,100,0
2017-04-17,20:45:00,12.3,12.35,12.3,12.35,400,0
2017-04-17,20:50:00,12.3001,12.35,12.3001,12.35,1650,0
2017-04-17,21:05:00,12.35,12.35,12.35,12.35,100,0
2017-04-17,21:15:00,12.325,12.325,12.325,12.325,100,0
2017-04-17,21:25:00,12.3,12.35,12.3,12.325,300,0
2017-04-17,21:30:00,12.35,12.5,12.3499,12.5,2912,0
2017-04-17,21:55:00,12.425,12.425,12.425,12.425,100,0
2017-04-17,22:00:00,12.45,12.5,12.45,12.5,3160,0
2017-04-18,15:35:00,12.4,12.4,12.4,12.4,301,0
2017-04-18,15:45:00,12.4,12.4,12.4,12.4,200,0
2017-04-18,15:50:00,12.35,12.35,12.35,12.35,200,0
2017-04-18,15:55:00,12.35,12.35,12.35,12.35,100,0
2017-04-18,16:00:00,12.35,12.35,12.35,12.35,100,0
2017-04-18,16:25:00,12.35,12.35,12.35,12.35,400,0
2017-04-18,16:30:00,12.35,12.35,12.35,12.35,270,0
2017-04-18,16:35:00,12.3,12.3,12.3,12.3,600,0
2017-04-18,16:45:00,12.3,12.3,12.3,12.3,100,0
2017-04-18,16:50:00,12.3,12.3,12.3,12.3,200,0
2017-04-18,16:55:00,12.3,12.3,12.25,12.25,1455,0
2017-04-18,17:05:00,12.2,12.2,12.2,12.2,100,0
2017-04-18,17:15:00,12.225,12.25,12.2,12.25,1600,0
2017-04-18,17:25:00,12.25,12.2675,12.2,12.2675,2100,0
2017-04-18,17:35:00,12.25,12.25,12.25,12.25,100,0
2017-04-18,17:45:00,12.2,12.2,12.2,12.2,200,0
2017-04-18,17:55:00,12.2,12.25,12.2,12.25,200,0
2017-04-18,18:10:00,12.2,12.25,12.2,12.25,470,0
2017-04-18,18:35:00,12.25,12.25,12.25,12.25,100,0
2017-04-18,18:45:00,12.25,12.25,12.25,12.25,200,0
2017-04-18,19:05:00,12.3,12.3,12.3,12.3,100,0
2017-04-18,19:10:00,12.29,12.29,12.2,12.2,273,0
2017-04-18,19:20:00,12.2,12.2,12.2,12.2,100,0
2017-04-18,19:40:00,12.3,12.3,12.3,12.3,200,0
2017-04-18,20:00:00,12.4,12.4,12.4,12.4,100,0
2017-04-18,20:05:00,12.3,12.3,12.3,12.3,100,0
2017-04-18,20:25:00,12.45,12.45,12.45,12.45,100,0
2017-04-18,20:30:00,12.45,12.45,12.4,12.4,200,0
2017-04-18,20:50:00,12.35,12.35,12.35,12.35,200,0
2017-04-18,21:10:00,12.45,12.45,12.45,12.45,300,0
2017-04-18,21:15:00,12.3744,12.4,12.35,12.4,800,0
2017-04-18,21:25:00,12.4,12.4,12.4,12.4,100,0
2017-04-18,21:40:00,12.4,12.4,12.35,12.35,200,0
2017-04-18,21:45:00,12.45,12.45,12.35,12.35,200,0
2017-04-18,21:50:00,12.35,12.4,12.35,12.4,200,0
2017-04-18,21:55:00,12.35,12.4,12.35,12.35,1700,0
2017-04-18,22:00:00,12.4,12.45,12.4,12.45,2359,0
2017-04-19,15:35:00,12.45,12.45,12.25,12.25,435,0
2017-04-19,15:40:00,12.4,12.45,12.4,12.45,400,0
2017-04-19,16:00:00,12.4,12.5,12.4,12.5,300,0
2017-04-19,16:05:00,12.5,12.5,12.5,12.5,100,0
2017-04-19,16:20:00,12.6,12.6,12.6,12.6,468,0
2017-04-19,16:25:00,12.6,12.6,12.6,12.6,100,0
2017-04-19,16:30:00,12.5,12.5,12.5,12.5,100,0
2017-04-19,16:35:00,12.5001,12.6,12.5001,12.6,600,0
2017-04-19,16:40:00,12.6478,12.6501,12.6478,12.65,500,0
2017-04-19,16:45:00,12.65,12.65,12.65,12.65,100,0
2017-04-19,17:00:00,12.525,12.525,12.525,12.525,200,0
2017-04-19,17:05:00,12.55,12.55,12.55,12.55,100,0
2017-04-19,17:10:00,12.6,12.6,12.6,12.6,100,0
2017-04-19,17:20:00,12.65,12.7,12.65,12.7,200,0
2017-04-19,17:25:00,12.7,12.7,12.7,12.7,200,0
2017-04-19,17:30:00,12.65,12.65,12.4,12.4,7196,0
2017-04-19,17:35:00,12.5,12.5,12.35,12.45,1000,0
2017-04-19,17:40:00,12.5,12.5,12.49,12.49,1100,0
2017-04-19,18:10:00,12.5,12.5,12.5,12.5,100,0
2017-04-19,18:20:00,12.45,12.45,12.4,12.4,400,0
2017-04-19,18:30:00,12.475,12.475,12.45,12.45,200,0
2017-04-19,19:00:00,12.475,12.5,12.475,12.5,300,0
2017-04-19,19:10:00,12.55,12.55,12.55,12.55,100,0
2017-04-19,19:15:00,12.5,12.5268,12.5,12.5268,400,0
2017-04-19,19:25:00,12.5499,12.5499,12.5499,12.5499,100,0
2017-04-19,19:35:00,12.55,12.55,12.525,12.55,700,0
2017-04-19,19:45:00,12.6,12.6,12.6,12.6,100,0
2017-04-19,19:55:00,12.6,12.635,12.5665,12.5665,2400,0
2017-04-19,20:10:00,12.65,12.65,12.6,12.6,200,0
2017-04-19,20:15:00,12.55,12.55,12.55,12.55,100,0
2017-04-19,20:20:00,12.55,12.55,12.55,12.55,300,0
2017-04-19,20:25:00,12.5,12.5,12.5,12.5,100,0
2017-04-19,20:35:00,12.6,12.6,12.6,12.6,100,0
2017-04-19,21:00:00,12.6,12.6,12.55,12.55,200,0
2017-04-19,21:05:00,12.6,12.6,12.6,12.6,300,0
2017-04-19,21:15:00,12.6,12.6,12.6,12.6,100,0
2017-04-19,21:25:00,12.6,12.6,12.55,12.55,800,0
2017-04-19,21:30:00,12.55,12.55,12.55,12.55,300,0
2017-04-19,21:35:00,12.55,12.55,12.5,12.5,600,0
2017-04-19,21:40:00,12.5,12.55,12.5,12.525,500,0
2017-04-19,21:45:00,12.5499,12.55,12.5499,12.55,490,0
2017-04-19,21:50:00,12.55,12.55,12.525,12.525,908,0
2017-04-19,21:55:00,12.5,12.5499,12.5,12.525,927,0
2017-04-19,22:00:00,12.55,12.55,12.5,12.5,3245,0
2017-04-20,15:35:00,12.55,12.7,12.55,12.7,440,0
2017-04-20,15:40:00,12.7,12.7,12.7,12.7,100,0
2017-04-20,15:45:00,12.75,12.85,12.7499,12.85,4590,0
2017-04-20,15:50:00,12.8673,12.8673,12.8,12.8,2132,0
2017-04-20,15:55:00,12.85,12.9499,12.85,12.92,1600,0
2017-04-20,16:00:00,12.9501,12.9501,12.85,12.85,5800,0
2017-04-20,16:05:00,12.8,12.8,12.8,12.8,100,0
2017-04-20,16:20:00,12.8001,12.8001,12.8001,12.8001,500,0
2017-04-20,16:25:00,12.8001,12.8001,12.8001,12.8001,900,0
2017-04-20,16:35:00,12.8,12.8,12.75,12.75,600,0
2017-04-20,16:40:00,12.6,12.7,12.6,12.7,200,0
2017-04-20,16:50:00,12.7,12.7,12.7,12.7,700,0
2017-04-20,17:10:00,12.75,12.75,12.75,12.75,100,0
2017-04-20,17:20:00,12.85,12.85,12.85,12.85,100,0
2017-04-20,17:30:00,12.85,12.85,12.75,12.85,300,0
2017-04-20,17:35:00,12.8499,12.8499,12.8499,12.8499,150,0
2017-04-20,17:40:00,12.85,12.95,12.85,12.95,200,0
2017-04-20,17:45:00,12.925,12.925,12.8,12.8,1500,0
2017-04-20,17:50:00,12.8,12.8,12.8,12.8,100,0
2017-04-20,18:00:00,12.8495,12.8495,12.8495,12.8495,200,0
2017-04-20,18:05:00,12.825,12.825,12.825,12.825,100,0
2017-04-20,18:15:00,12.75,12.75,12.75,12.75,100,0
2017-04-20,18:20:00,12.7883,12.7883,12.7883,12.7883,100,0
2017-04-20,18:25:00,12.75,12.75,12.7,12.75,900,0
2017-04-20,18:35:00,12.65,12.75,12.65,12.7,1199,0
2017-04-20,18:40:00,12.7,12.7,12.7,12.7,100,0
2017-04-20,18:50:00,12.6,12.6,12.6,12.6,100,0
2017-04-20,18:55:00,12.55,12.55,12.55,12.55,200,0
2017-04-20,19:05:00,12.55,12.55,12.55,12.55,100,0
2017-04-20,19:20:00,12.65,12.65,12.65,12.65,100,0
2017-04-20,19:40:00,12.55,12.55,12.55,12.55,100,0
2017-04-20,19:45:00,12.55,12.55,12.55,12.55,100,0
2017-04-20,20:00:00,12.6,12.65,12.55,12.55,2400,0
2017-04-20,20:05:00,12.6499,12.75,12.6499,12.75,1700,0
2017-04-20,20:10:00,12.7001,12.7001,12.7001,12.7001,212,0
2017-04-20,20:20:00,12.7,12.725,12.7,12.725,200,0
2017-04-20,20:35:00,12.7,12.7001,12.7,12.7,1148,0
2017-04-20,20:40:00,12.7,12.7,12.601,12.601,1000,0
2017-04-20,21:05:00,12.6,12.6,12.6,12.6,200,0
2017-04-20,21:15:00,12.6097,12.6097,12.6,12.6,600,0
2017-04-20,21:20:00,12.65,12.7,12.6,12.7,1800,0
2017-04-20,21:25:00,12.7,12.7,12.6,12.6,1900,0
2017-04-20,21:30:00,12.6,12.6738,12.6,12.6738,500,0
2017-04-20,21:35:00,12.642,12.642,12.642,12.642,200,0
2017-04-20,21:40:00,12.6,12.6,12.6,12.6,100,0
2017-04-20,21:45:00,12.6,12.65,12.6,12.65,500,0
2017-04-20,21:50:00,12.7,12.7,12.6,12.6,200,0
2017-04-20,21:55:00,12.6999,12.7,12.6,12.6,932,0
2017-04-20,22:00:00,12.6999,12.7,12.6,12.7,4349,0
2017-04-21,15:35:00,12.6,12.6,12.6,12.6,3786,0
2017-04-21,15:45:00,12.65,12.65,12.65,12.65,100,0
2017-04-21,15:50:00,12.6,12.6,12.6,12.6,100,0
2017-04-21,16:05:00,12.7,12.7,12.7,12.7,500,0
2017-04-21,16:10:00,12.7,12.7,12.7,12.7,766,0
2017-04-21,16:30:00,12.75,12.75,12.75,12.75,100,0
2017-04-21,16:50:00,12.75,12.8001,12.75,12.8,1080,0
2017-04-21,17:00:00,12.75,12.75,12.75,12.75,200,0
2017-04-21,17:15:00,12.65,12.65,12.65,12.65,100,0
2017-04-21,17:40:00,12.75,12.75,12.7069,12.7069,1100,0
2017-04-21,17:50:00,12.7,12.709,12.7,12.7,3500,0
2017-04-21,18:00:00,12.7,12.725,12.7,12.725,300,0
2017-04-21,18:10:00,12.7,12.7,12.7,12.7,100,0
2017-04-21,18:35:00,12.7,12.7,12.7,12.7,100,0
2017-04-21,18:40:00,12.701,12.75,12.65,12.65,3580,0
2017-04-21,18:45:00,12.55,12.55,12.55,12.55,100,0
2017-04-21,19:00:00,12.645,12.6489,12.55,12.575,400,0
2017-04-21,19:05:00,12.55,12.6,12.55,12.6,400,0
2017-04-21,19:10:00,12.6,12.6,12.6,12.6,100,0
2017-04-21,19:15:00,12.6,12.6,12.55,12.55,1100,0
2017-04-21,19:30:00,12.5168,12.6,12.5001,12.6,2600,0
2017-04-21,19:35:00,12.5384,12.6,12.5198,12.5499,2330,0
2017-04-21,19:40:00,12.5499,12.55,12.5499,12.55,400,0
2017-04-21,20:05:00,12.6,12.65,12.575,12.65,2400,0
2017-04-21,20:35:00,12.65,12.65,12.65,12.65,400,0
2017-04-21,20:40:00,12.65,12.7,12.65,12.7,300,0
2017-04-21,20:45:00,12.65,12.7,12.65,12.65,600,0
2017-04-21,21:10:00,12.6,12.7,12.6,12.65,400,0
2017-04-21,21:15:00,12.6,12.6,12.6,12.6,100,0
2017-04-21,21:20:00,12.65,12.65,12.6,12.6,500,0
2017-04-21,21:30:00,12.65,12.65,12.625,12.65,300,0
2017-04-21,21:35:00,12.65,12.65,12.625,12.625,300,0
2017-04-21,21:40:00,12.6499,12.65,12.6499,12.65,203,0
2017-04-21,21:45:00,12.6499,12.65,12.625,12.65,409,0
2017-04-21,21:50:00,12.65,12.65,12.65,12.65,200,0
2017-04-21,21:55:00,12.65,12.65,12.6,12.6499,4671,0
2017-04-21,22:00:00,12.6499,12.65,12.6,12.6,4984,0
2017-04-24,15:35:00,12.9,12.9,12.9,12.9,414,0
2017-04-24,15:40:00,12.75,12.8152,12.75,12.8152,600,0
2017-04-24,15:45:00,12.85,12.85,12.85,12.85,200,0
2017-04-24,15:50:00,12.85,12.95,12.85,12.95,400,0
2017-04-24,15:55:00,12.95,12.95,12.95,12.95,100,0
2017-04-24,16:10:00,12.84,12.85,12.84,12.85,450,0
2017-04-24,16:20:00,12.9,12.9,12.9,12.9,100,0
2017-04-24,16:25:00,12.8,12.8,12.8,12.8,100,0
2017-04-24,16:30:00,12.75,12.8,12.75,12.8,400,0
2017-04-24,16:40:00,12.85,12.85,12.85,12.85,100,0
2017-04-24,16:55:00,12.75,12.8,12.75,12.75,1400,0
2017-04-24,17:00:00,12.775,12.8,12.75,12.75,814,0
2017-04-24,17:10:00,12.8,12.8,12.8,12.8,200,0
2017-04-24,17:25:00,12.8186,12.8186,12.8186,12.8186,100,0
2017-04-24,18:20:00,12.75,12.75,12.75,12.75,100,0
2017-04-24,18:30:00,12.7501,12.7501,12.7501,12.7501,693,0
2017-04-24,18:45:00,12.75,12.85,12.75,12.85,200,0
2017-04-24,18:55:00,12.75,12.75,12.75,12.75,100,0
2017-04-24,19:05:00,12.85,12.85,12.85,12.85,100,0
2017-04-24,19:20:00,12.8,12.8,12.8,12.8,100,0
2017-04-24,19:25:00,12.8,12.849,12.75,12.849,530,0
2017-04-24,20:00:00,12.75,12.75,12.75,12.75,100,0
2017-04-24,20:05:00,12.85,12.85,12.85,12.85,100,0
2017-04-24,20:25:00,12.75,12.75,12.75,12.75,100,0
2017-04-24,20:35:00,12.8,12.8,12.8,12.8,300,0
2017-04-24,20:40:00,12.75,12.75,12.75,12.75,200,0
2017-04-24,21:00:00,12.7,12.7,12.7,12.7,100,0
2017-04-24,21:10:00,12.8,12.8,12.8,12.8,300,0
2017-04-24,21:15:00,12.7,12.7,12.7,12.7,100,0
2017-04-24,21:20:00,12.8,12.8,12.8,12.8,100,0
2017-04-24,21:25:00,12.75,12.8,12.75,12.8,700,0
2017-04-24,21:30:00,12.85,12.85,12.85,12.85,100,0
2017-04-24,21:45:00,12.75,12.8,12.75,12.8,200,0
2017-04-24,21:50:00,12.85,12.85,12.85,12.85,142,0
2017-04-24,21:55:00,12.75,12.8499,12.75,12.75,875,0
2017-04-24,22:00:00,12.75,12.8,12.75,12.8,4350,0
2017-04-25,15:35:00,12.85,12.85,12.85,12.85,1036,0
2017-04-25,15:40:00,13,13.15,13,13,3900,0
2017-04-25,15:50:00,13.05,13.2001,13.05,13.2001,2858,0
2017-04-25,15:55:00,13.25,13.25,13.1,13.15,911,0
2017-04-25,16:00:00,13.2256,13.2256,13.1975,13.1975,750,0
2017-04-25,16:05:00,13.25,13.25,13.2,13.2,600,0
2017-04-25,16:10:00,13.2001,13.2001,13.15,13.15,2084,0
2017-04-25,16:15:00,13.15,13.15,13,13,1200,0
2017-04-25,16:20:00,13.1,13.1,13.1,13.1,100,0
2017-04-25,16:25:00,13.1,13.15,13.05,13.15,936,0
2017-04-25,16:35:00,13.15,13.15,13.15,13.15,200,0
2017-04-25,16:40:00,13.2,13.25,13.15,13.25,600,0
2017-04-25,16:45:00,13.1804,13.25,13.1804,13.25,200,0
2017-04-25,16:50:00,13.2,13.2,13.2,13.2,100,0
2017-04-25,17:00:00,13.22,13.25,13.22,13.25,600,0
2017-04-25,17:05:00,13.25,13.25,13.25,13.25,200,0
2017-04-25,17:10:00,13.2001,13.3,13.2,13.25,5900,0
2017-04-25,17:15:00,13.25,13.3,13.2001,13.2792,2200,0
2017-04-25,17:20:00,13.3,13.4,13.25,13.4,2000,0
2017-04-25,17:25:00,13.3,13.35,13.3,13.35,500,0
2017-04-25,17:30:00,13.35,13.4,13.35,13.4,7791,0
2017-04-25,17:35:00,13.4,13.4,13.35,13.4,847,0
2017-04-25,17:40:00,13.45,13.45,13.4,13.4,1600,0
2017-04-25,17:50:00,13.45,13.45,13.45,13.45,100,0
2017-04-25,17:55:00,13.45,13.45,13.4,13.4,300,0
2017-04-25,18:00:00,13.35,13.35,13.35,13.35,100,0
2017-04-25,18:05:00,13.45,13.45,13.35,13.4499,1440,0
2017-04-25,18:10:00,13.441,13.5,13.4,13.45,9085,0
2017-04-25,18:15:00,13.5,13.65,13.45,13.65,8067,0
2017-04-25,18:20:00,13.749,13.75,13.7,13.7,2399,0
2017-04-25,18:25:00,13.75,13.85,13.75,13.849,5120,0
2017-04-25,18:30:00,13.85,14.06,13.8,14.0291,5289,0
2017-04-25,18:35:00,14,14.05,13.9,13.9262,3372,0
2017-04-25,18:40:00,13.85,13.85,13.6,13.65,1200,0
2017-04-25,18:45:00,13.6857,13.7,13.6857,13.7,600,0
2017-04-25,18:50:00,13.6,13.6,13.5145,13.5145,1385,0
2017-04-25,19:00:00,13.55,13.5839,13.55,13.5839,1050,0
2017-04-25,19:05:00,13.55,13.6,13.55,13.6,400,0
2017-04-25,19:10:00,13.6,13.6,13.6,13.6,100,0
2017-04-25,19:15:00,13.6,13.8,13.6,13.7,1962,0
2017-04-25,19:20:00,13.7,13.7,13.6,13.6,1916,0
2017-04-25,19:25:00,13.6,13.6,13.6,13.6,500,0
2017-04-25,19:30:00,13.55,13.55,13.55,13.55,200,0
2017-04-25,19:35:00,13.55,13.55,13.4,13.4,1100,0
2017-04-25,20:00:00,13.4799,13.4799,13.4799,13.4799,225,0
2017-04-25,20:10:00,13.45,13.4999,13.45,13.475,1000,0
2017-04-25,20:15:00,13.5,13.5,13.5,13.5,300,0
2017-04-25,20:35:00,13.45,13.45,13.45,13.45,100,0
2017-04-25,20:40:00,13.457,13.457,13.457,13.457,100,0
2017-04-25,20:45:00,13.55,13.55,13.55,13.55,100,0
2017-04-25,20:50:00,13.5499,13.6,13.5,13.55,2600,0
2017-04-25,21:00:00,13.5,13.55,13.5,13.55,400,0
2017-04-25,21:05:00,13.5,13.55,13.5,13.55,1000,0
2017-04-25,21:10:00,13.525,13.55,13.5234,13.55,1000,0
2017-04-25,21:15:00,13.55,13.6,13.45,13.55,11700,0
2017-04-25,21:25:00,13.5,13.5,13.5,13.5,100,0
2017-04-25,21:35:00,13.525,13.525,13.45,13.45,800,0
2017-04-25,21:40:00,13.455,13.5,13.45,13.5,1500,0
2017-04-25,21:45:00,13.4,13.4,13.4,13.4,100,0
2017-04-25,21:55:00,13.45,13.45,13.35,13.35,11887,0
2017-04-25,22:00:00,13.45,13.45,13.35,13.45,3168,0
2017-04-26,15:35:00,13.4,13.4,13.242,13.242,1555,0
2017-04-26,15:50:00,13.3,13.3,13.3,13.3,200,0
2017-04-26,16:00:00,13.25,13.3,13.25,13.3,200,0
2017-04-26,16:10:00,13.3,13.3,13.3,13.3,100,0
2017-04-26,16:15:00,13.3,13.35,13.3,13.35,300,0
2017-04-26,16:20:00,13.3,13.325,13.3,13.325,200,0
2017-04-26,16:25:00,13.316,13.35,13.316,13.35,500,0
2017-04-26,16:30:00,13.4,13.4,13.4,13.4,802,0
2017-04-26,16:35:00,13.35,13.35,13.25,13.25,2500,0
2017-04-26,16:45:00,13.1,13.1,13.1,13.1,100,0
2017-04-26,16:55:00,13.15,13.15,13.1,13.1,1400,0
2017-04-26,17:00:00,13.1,13.1,13.1,13.1,100,0
2017-04-26,17:05:00,13.15,13.15,13.15,13.15,100,0
2017-04-26,17:10:00,13.15,13.15,13.15,13.15,100,0
2017-04-26,17:15:00,13.05,13.1,13.05,13.1,200,0
2017-04-26,17:20:00,13.15,13.15,13.1,13.1,1500,0
2017-04-26,17:25:00,13.2,13.2,13.1,13.1,200,0
2017-04-26,17:30:00,13.2,13.2,13.2,13.2,300,0
2017-04-26,17:45:00,13.15,13.15,13.15,13.15,100,0
2017-04-26,17:50:00,13.15,13.15,13.15,13.15,200,0
2017-04-26,17:55:00,13.2,13.2,13.2,13.2,1000,0
2017-04-26,18:25:00,13.2008,13.2008,13.1,13.1,800,0
2017-04-26,18:40:00,13.15,13.15,13.15,13.15,600,0
2017-04-26,18:50:00,13.1999,13.2,13.1999,13.2,600,0
2017-04-26,18:55:00,13.15,13.25,13.15,13.25,1800,0
2017-04-26,19:00:00,13.331,13.331,13.25,13.25,2900,0
2017-04-26,19:10:00,13.2,13.275,13.2,13.275,200,0
2017-04-26,19:15:00,13.2,13.275,13.2,13.2,300,0
2017-04-26,19:25:00,13.2,13.2,13.2,13.2,100,0
2017-04-26,19:30:00,13.2,13.2,13.15,13.15,500,0
2017-04-26,19:35:00,13.2,13.2,13.15,13.15,200,0
2017-04-26,19:40:00,13.1001,13.1001,13.1001,13.1001,100,0
2017-04-26,19:45:00,13.1,13.1,13.1,13.1,100,0
2017-04-26,20:00:00,13.1288,13.1288,13.1,13.1,900,0
2017-04-26,20:20:00,13.05,13.05,13.05,13.05,200,0
2017-04-26,20:25:00,13.15,13.15,13.05,13.05,300,0
2017-04-26,20:30:00,13.15,13.15,13.15,13.15,500,0
2017-04-26,20:35:00,13.15,13.2,13.15,13.1999,1500,0
2017-04-26,20:40:00,13.2,13.2,13.2,13.2,200,0
2017-04-26,20:55:00,13.25,13.25,13.15,13.15,3152,0
2017-04-26,21:05:00,13.05,13.1,13.05,13.1,200,0
2017-04-26,21:10:00,13.05,13.05,13.05,13.05,100,0
2017-04-26,21:15:00,13.1,13.1,13.1,13.1,100,0
2017-04-26,21:20:00,13.05,13.05,13.05,13.05,100,0
2017-04-26,21:25:00,13.05,13.1,13.05,13.1,200,0
2017-04-26,21:30:00,13.05,13.05,13.05,13.05,600,0
2017-04-26,21:35:00,13.05,13.05,13.0125,13.0125,500,0
2017-04-26,21:40:00,13,13,12.95,12.95,1700,0
2017-04-26,21:45:00,13,13,12.95,12.95,200,0
2017-04-26,21:50:00,13.05,13.05,12.95,12.95,500,0
2017-04-26,21:55:00,13.05,13.05,13.05,13.05,100,0
2017-04-26,22:00:00,13,13.05,12.95,12.95,5369,0
