Date,Time,Open,High,Low,Close,Volume,OpenInt
2017-01-26,15:35:00,23.83,23.83,23.68,23.81,4500,0
2017-01-26,15:45:00,23.81,23.81,23.81,23.81,300,0
2017-01-26,15:55:00,23.82,23.82,23.76,23.82,4937,0
2017-01-26,16:10:00,23.78,23.78,23.77,23.77,200,0
2017-01-26,16:35:00,23.8,23.8,23.8,23.8,200,0
2017-01-26,16:40:00,23.8,23.8,23.8,23.8,300,0
2017-01-26,16:45:00,23.79,23.79,23.76,23.76,2000,0
2017-01-26,17:15:00,23.77,23.77,23.77,23.77,200,0
2017-01-26,17:20:00,23.75,23.7512,23.73,23.7512,800,0
2017-01-26,18:40:00,23.7656,23.7656,23.7656,23.7656,600,0
2017-01-26,19:00:00,23.77,23.77,23.77,23.77,300,0
2017-01-26,19:05:00,23.78,23.8,23.78,23.8,300,0
2017-01-26,19:15:00,23.84,23.85,23.77,23.8041,1524,0
2017-01-26,20:30:00,23.88,23.88,23.87,23.87,224,0
2017-01-26,20:35:00,23.89,23.9,23.85,23.85,429,0
2017-01-26,20:55:00,23.86,23.86,23.86,23.86,103,0
2017-01-26,21:05:00,23.86,23.86,23.86,23.86,100,0
2017-01-26,21:10:00,23.84,23.85,23.84,23.85,200,0
2017-01-26,21:20:00,23.79,23.8079,23.79,23.8079,800,0
2017-01-26,21:40:00,23.86,23.86,23.86,23.86,100,0
2017-01-26,22:00:00,23.85,23.85,23.85,23.85,200,0
2017-01-27,15:35:00,23.87,23.87,23.87,23.87,1136,0
2017-01-27,15:40:00,23.87,23.87,23.75,23.75,1199,0
2017-01-27,16:15:00,23.7931,23.7931,23.7931,23.7931,129,0
2017-01-27,17:10:00,23.77,23.77,23.77,23.77,100,0
2017-01-27,17:15:00,23.77,23.8,23.75,23.79,1609,0
2017-01-27,19:00:00,23.78,23.81,23.78,23.804,400,0
2017-01-27,19:20:00,23.756,23.756,23.756,23.756,223,0
2017-01-27,19:40:00,23.75,23.7501,23.75,23.7501,1373,0
2017-01-27,20:05:00,23.72,23.7341,23.7,23.7341,1200,0
2017-01-27,20:20:00,23.8,23.88,23.73,23.8033,3944,0
2017-01-27,20:45:00,23.7662,23.7662,23.7662,23.7662,136,0
2017-01-27,21:25:00,23.75,23.75,23.75,23.75,300,0
2017-01-27,21:45:00,23.867,23.867,23.867,23.867,400,0
2017-01-27,21:50:00,23.7857,23.808,23.7857,23.808,450,0
2017-01-27,22:00:00,23.78,23.87,23.78,23.87,300,0
2017-01-30,15:35:00,23.75,23.75,23.75,23.75,125,0
2017-01-30,17:55:00,23.68,23.824,23.68,23.824,597,0
2017-01-30,19:05:00,23.82,23.82,23.82,23.82,100,0
2017-01-30,19:55:00,23.8,23.8,23.79,23.79,200,0
2017-01-30,20:05:00,23.803,23.803,23.803,23.803,100,0
2017-01-30,20:20:00,23.79,23.79,23.69,23.69,675,0
2017-01-30,20:40:00,23.71,23.71,23.71,23.71,400,0
2017-01-30,20:50:00,23.71,23.71,23.71,23.71,1208,0
2017-01-30,20:55:00,23.7507,23.7507,23.7507,23.7507,143,0
2017-01-30,21:20:00,23.818,23.818,23.818,23.818,450,0
2017-01-30,21:55:00,23.8083,23.8083,23.8083,23.8083,831,0
2017-01-30,22:00:00,23.8037,23.8037,23.8037,23.8037,412,0
2017-01-31,15:35:00,23.76,23.76,23.76,23.76,777,0
2017-01-31,16:05:00,23.94,23.94,23.94,23.94,400,0
2017-01-31,16:50:00,23.76,23.76,23.75,23.75,373,0
2017-01-31,16:55:00,23.74,23.75,23.74,23.75,1065,0
2017-01-31,17:15:00,23.8399,23.8399,23.8162,23.8162,600,0
2017-01-31,18:25:00,23.7752,23.7752,23.7752,23.7752,200,0
2017-01-31,19:05:00,23.78,23.78,23.7787,23.7787,1083,0
2017-01-31,19:15:00,23.79,23.8,23.79,23.8,835,0
2017-01-31,19:20:00,23.8257,23.84,23.8257,23.84,2515,0
2017-01-31,20:40:00,23.85,23.9134,23.8499,23.9134,5570,0
2017-01-31,21:15:00,23.85,23.85,23.85,23.85,108,0
2017-01-31,21:25:00,23.844,23.844,23.844,23.844,225,0
2017-01-31,21:45:00,23.87,23.87,23.87,23.87,200,0
2017-01-31,21:50:00,23.87,23.88,23.87,23.88,799,0
2017-01-31,22:00:00,23.87,23.88,23.87,23.88,600,0
2017-02-01,15:35:00,23.81,23.81,23.81,23.81,181,0
2017-02-01,16:05:00,23.8,23.8,23.8,23.8,100,0
2017-02-01,16:30:00,23.8185,23.8185,23.8185,23.8185,130,0
2017-02-01,17:05:00,23.87,23.87,23.8553,23.8553,800,0
2017-02-01,17:20:00,23.85,23.88,23.8414,23.8498,834,0
2017-02-01,18:00:00,23.88,23.9,23.872,23.892,4271,0
2017-02-01,18:05:00,23.82,23.82,23.82,23.82,100,0
2017-02-01,18:10:00,23.8073,23.8073,23.8073,23.8073,486,0
2017-02-01,18:45:00,23.81,23.81,23.81,23.81,519,0
2017-02-01,18:50:00,23.8,23.8,23.8,23.8,300,0
2017-02-01,19:25:00,23.88,23.9,23.876,23.876,5000,0
2017-02-01,19:45:00,23.9,23.9,23.8963,23.8963,2000,0
2017-02-01,19:55:00,23.9,23.9,23.9,23.9,700,0
2017-02-01,20:05:00,23.9,23.91,23.9,23.91,420,0
2017-02-01,20:30:00,23.89,23.89,23.89,23.89,1000,0
2017-02-01,20:50:00,23.8914,23.8914,23.8914,23.8914,1250,0
2017-02-01,21:30:00,23.9428,23.9428,23.9428,23.9428,500,0
2017-02-01,21:55:00,23.9398,23.9398,23.9398,23.9398,400,0
2017-02-01,22:00:00,23.88,23.88,23.88,23.88,100,0
2017-02-02,15:45:00,23.86,23.86,23.86,23.86,500,0
2017-02-02,16:10:00,23.949,23.95,23.9202,23.95,900,0
2017-02-02,16:15:00,23.95,23.95,23.95,23.95,100,0
2017-02-02,16:40:00,23.85,23.85,23.85,23.85,2000,0
2017-02-02,16:50:00,23.86,23.88,23.86,23.86,1000,0
2017-02-02,17:05:00,23.9207,23.9207,23.9207,23.9207,420,0
2017-02-02,17:35:00,23.88,23.88,23.86,23.86,672,0
2017-02-02,17:50:00,23.9202,23.9202,23.9202,23.9202,2000,0
2017-02-02,18:15:00,23.906,23.906,23.906,23.906,400,0
2017-02-02,18:20:00,23.94,23.94,23.931,23.931,600,0
2017-02-02,19:05:00,23.93,23.93,23.93,23.93,200,0
2017-02-02,19:25:00,23.94,23.95,23.94,23.95,900,0
2017-02-02,20:00:00,23.9442,23.9442,23.9442,23.9442,300,0
2017-02-02,20:10:00,23.99,23.99,23.99,23.99,100,0
2017-02-02,20:35:00,23.92,23.92,23.92,23.92,151,0
2017-02-02,20:55:00,23.92,23.92,23.92,23.92,650,0
2017-02-02,21:20:00,23.98,23.98,23.98,23.98,300,0
2017-02-02,21:40:00,23.97,23.97,23.94,23.94,1413,0
2017-02-02,21:50:00,23.88,23.905,23.88,23.8801,901,0
2017-02-03,18:05:00,24.05,24.05,24.05,24.05,108,0
2017-02-03,18:15:00,24,24,23.99,23.99,300,0
2017-02-03,18:30:00,23.99,23.99,23.99,23.99,100,0
2017-02-03,19:00:00,23.9517,23.9517,23.94,23.94,1500,0
2017-02-03,19:20:00,23.976,23.976,23.976,23.976,1270,0
2017-02-03,19:45:00,23.97,23.97,23.97,23.97,400,0
2017-02-03,19:50:00,23.98,23.98,23.98,23.98,380,0
2017-02-03,20:00:00,23.98,23.99,23.9781,23.99,1150,0
2017-02-03,20:10:00,23.99,23.99,23.99,23.99,500,0
2017-02-03,20:30:00,23.95,23.95,23.95,23.95,100,0
2017-02-03,20:40:00,23.96,23.96,23.96,23.96,472,0
2017-02-03,20:45:00,24,24,23.9844,23.9844,250,0
2017-02-03,20:50:00,23.96,23.96,23.96,23.96,200,0
2017-02-03,20:55:00,23.96,23.96,23.95,23.95,1736,0
2017-02-03,21:05:00,23.96,23.96,23.93,23.93,966,0
2017-02-03,21:10:00,23.9416,23.9416,23.9416,23.9416,300,0
2017-02-03,21:15:00,23.9586,23.9586,23.9586,23.9586,100,0
2017-02-03,21:20:00,23.9516,23.9516,23.9516,23.9516,330,0
2017-02-03,21:25:00,23.95,23.96,23.94,23.96,790,0
2017-02-03,21:30:00,23.9486,23.9486,23.9486,23.9486,200,0
2017-02-03,21:35:00,23.95,23.9579,23.93,23.93,449,0
2017-02-03,21:45:00,23.96,24,23.96,24,300,0
2017-02-03,22:00:00,23.97,24,23.97,24,700,0
2017-02-06,15:45:00,23.995,24,23.995,24,2011,0
2017-02-06,15:50:00,24.006,24.006,24.006,24.006,800,0
2017-02-06,16:50:00,24.0849,24.0849,24.0849,24.0849,750,0
2017-02-06,17:10:00,24.1424,24.1424,24.1424,24.1424,500,0
2017-02-06,17:25:00,24.12,24.15,24.12,24.15,1460,0
2017-02-06,17:50:00,24.083,24.126,24.07,24.126,600,0
2017-02-06,18:15:00,24.08,24.08,24.08,24.08,200,0
2017-02-06,18:40:00,24.129,24.129,24.129,24.129,200,0
2017-02-06,19:00:00,24.1,24.1,24.1,24.1,100,0
2017-02-06,19:15:00,24.1,24.1,24.07,24.073,2000,0
2017-02-06,19:30:00,24.1113,24.1113,24.1113,24.1113,150,0
2017-02-06,19:35:00,24.0701,24.14,24.0701,24.14,300,0
2017-02-06,19:55:00,24.139,24.14,24.13,24.14,960,0
2017-02-06,20:05:00,24.08,24.08,24.01,24.01,1774,0
2017-02-06,20:15:00,24.01,24.0142,24.01,24.0142,2000,0
2017-02-06,20:55:00,24.04,24.04,24.04,24.04,100,0
2017-02-06,21:00:00,24.01,24.01,24.0001,24.0001,1000,0
2017-02-06,21:10:00,24.01,24.01,24.01,24.01,2300,0
2017-02-06,21:35:00,24.02,24.02,24.02,24.02,200,0
2017-02-06,21:40:00,24.02,24.02,24.02,24.02,300,0
2017-02-06,21:45:00,24.0203,24.0203,23.99,23.99,1950,0
2017-02-06,22:00:00,24.04,24.04,24.04,24.04,244,0
2017-02-07,15:35:00,24.02,24.02,24.02,24.02,868,0
2017-02-07,16:05:00,24.05,24.07,24.05,24.07,666,0
2017-02-07,16:15:00,24.1199,24.1199,24.1199,24.1199,850,0
2017-02-07,16:35:00,24.1251,24.1251,24.09,24.09,1484,0
2017-02-07,16:45:00,24.0302,24.0302,24.0302,24.0302,1100,0
2017-02-07,16:50:00,24.03,24.03,24.03,24.03,1267,0
2017-02-07,17:00:00,24.02,24.02,24.02,24.02,100,0
2017-02-07,17:20:00,24.03,24.15,24.03,24.03,7098,0
2017-02-07,17:25:00,24.03,24.03,24.02,24.02,900,0
2017-02-07,17:35:00,24.01,24.01,24,24,700,0
2017-02-07,18:10:00,24.0128,24.0128,24.0128,24.0128,450,0
2017-02-07,18:25:00,24.02,24.02,24.02,24.02,200,0
2017-02-07,18:30:00,24.023,24.023,24.023,24.023,915,0
2017-02-07,18:35:00,24.0045,24.0045,24.0045,24.0045,100,0
2017-02-07,19:15:00,24.0284,24.0284,24.0284,24.0284,2000,0
2017-02-07,19:20:00,24.03,24.03,24.03,24.03,100,0
2017-02-07,19:35:00,24.025,24.025,24.02,24.0201,800,0
2017-02-07,19:40:00,24.029,24.029,24.029,24.029,500,0
2017-02-07,19:55:00,24.025,24.025,24.025,24.025,400,0
2017-02-07,20:00:00,24.0283,24.0283,24.0283,24.0283,500,0
2017-02-07,20:30:00,24.05,24.1,24.03,24.08,2400,0
2017-02-07,20:35:00,23.96,23.96,23.96,23.96,2500,0
2017-02-07,21:05:00,24.03,24.0382,24.03,24.0382,792,0
2017-02-07,21:10:00,24.03,24.03,24.03,24.03,600,0
2017-02-07,21:30:00,24.03,24.03,24.03,24.03,202,0
2017-02-07,21:45:00,24.0201,24.0201,24.01,24.01,1100,0
2017-02-07,22:00:00,24,24.03,23.98,24.03,300,0
2017-02-08,16:45:00,24.08,24.08,24.08,24.08,1122,0
2017-02-08,16:50:00,24.08,24.13,24.08,24.13,2900,0
2017-02-08,16:55:00,24.13,24.14,24.13,24.14,500,0
2017-02-08,17:05:00,24.14,24.14,24.14,24.14,1000,0
2017-02-08,17:10:00,24.071,24.071,24.071,24.071,400,0
2017-02-08,17:20:00,24.2,24.2,24.19,24.19,800,0
2017-02-08,17:50:00,24.13,24.13,24.13,24.13,100,0
2017-02-08,18:30:00,24.13,24.13,24.13,24.13,1500,0
2017-02-08,18:35:00,24.13,24.13,24.11,24.11,553,0
2017-02-08,18:50:00,24.1,24.1,24.1,24.1,184,0
2017-02-08,19:05:00,24.12,24.184,24.12,24.184,1246,0
2017-02-08,19:10:00,24.185,24.2,24.18,24.19,3196,0
2017-02-08,19:25:00,24.19,24.19,24.14,24.14,320,0
2017-02-08,19:35:00,24.23,24.23,24.23,24.23,400,0
2017-02-08,20:20:00,24.2312,24.2312,24.23,24.23,275,0
2017-02-08,20:30:00,24.24,24.24,24.24,24.24,800,0
2017-02-08,21:00:00,24.26,24.26,24.26,24.26,500,0
2017-02-08,21:20:00,24.26,24.26,24.26,24.26,400,0
2017-02-08,21:25:00,24.31,24.31,24.31,24.31,112,0
2017-02-09,15:35:00,24.29,24.29,24.29,24.29,1565,0
2017-02-09,15:45:00,24.38,24.38,24.349,24.3521,1633,0
2017-02-09,15:50:00,24.356,24.356,24.3435,24.3435,1100,0
2017-02-09,15:55:00,24.3435,24.3435,24.3435,24.3435,600,0
2017-02-09,16:05:00,24.3492,24.37,24.3235,24.3235,2600,0
2017-02-09,16:10:00,24.3544,24.38,24.31,24.31,1400,0
2017-02-09,16:15:00,24.358,24.3799,24.335,24.3799,3000,0
2017-02-09,16:20:00,24.3617,24.38,24.33,24.3555,3505,0
2017-02-09,16:25:00,24.3617,24.3617,24.33,24.33,910,0
2017-02-09,16:30:00,24.27,24.3333,24.27,24.3333,1000,0
2017-02-09,16:35:00,24.3199,24.3199,24.3199,24.3199,100,0
2017-02-09,17:25:00,24.27,24.27,24.27,24.27,100,0
2017-02-09,17:40:00,24.36,24.38,24.308,24.36,5626,0
2017-02-09,17:45:00,24.36,24.38,24.36,24.38,3600,0
2017-02-09,18:05:00,24.3701,24.3701,24.3701,24.3701,1000,0
2017-02-09,18:10:00,24.371,24.385,24.37,24.37,2008,0
2017-02-09,18:15:00,24.37,24.37,24.36,24.36,10937,0
2017-02-09,18:30:00,24.36,24.36,24.35,24.35,300,0
2017-02-09,18:45:00,24.35,24.35,24.35,24.35,300,0
2017-02-09,19:25:00,24.2849,24.2849,24.27,24.27,900,0
2017-02-09,20:10:00,24.342,24.342,24.342,24.342,189,0
2017-02-09,20:15:00,24.27,24.27,24.27,24.27,1000,0
2017-02-09,20:25:00,24.2759,24.2759,24.2759,24.2759,250,0
2017-02-09,21:00:00,24.2947,24.2947,24.2947,24.2947,200,0
2017-02-09,21:55:00,24.3015,24.3015,24.3015,24.3015,1000,0
2017-02-09,22:00:00,24.25,24.32,24.25,24.31,1345,0
2017-02-10,15:35:00,24.32,24.32,24.32,24.32,640,0
2017-02-10,15:40:00,24.3,24.301,24.3,24.3,800,0
2017-02-10,15:55:00,24.2,24.2,24.2,24.2,100,0
2017-02-10,16:30:00,24.29,24.3,24.26,24.3,500,0
2017-02-10,17:05:00,24.2601,24.2601,24.2601,24.2601,900,0
2017-02-10,17:15:00,24.3,24.3,24.3,24.3,800,0
2017-02-10,17:20:00,24.301,24.301,24.301,24.301,1300,0
2017-02-10,17:30:00,24.301,24.301,24.301,24.301,400,0
2017-02-10,17:50:00,24.32,24.32,24.32,24.32,500,0
2017-02-10,17:55:00,24.3499,24.3499,24.3499,24.3499,800,0
2017-02-10,18:55:00,24.361,24.39,24.36,24.36,2500,0
2017-02-10,19:00:00,24.3872,24.3872,24.3872,24.3872,2000,0
2017-02-10,19:10:00,24.39,24.39,24.39,24.39,1000,0
2017-02-10,19:35:00,24.38,24.39,24.38,24.38,1711,0
2017-02-10,19:45:00,24.3406,24.3406,24.3406,24.3406,1000,0
2017-02-10,19:50:00,24.314,24.314,24.314,24.314,100,0
2017-02-10,20:15:00,24.3431,24.3431,24.3431,24.3431,134,0
2017-02-10,20:45:00,24.3699,24.3699,24.3699,24.3699,700,0
2017-02-10,21:30:00,24.35,24.35,24.35,24.35,770,0
2017-02-10,21:50:00,24.343,24.35,24.3,24.3,1869,0
2017-02-10,22:00:00,24.3344,24.35,24.3344,24.35,897,0
2017-02-13,15:35:00,24.35,24.35,24.35,24.35,476,0
2017-02-13,16:15:00,24.365,24.365,24.35,24.3501,2304,0
2017-02-13,16:40:00,24.3556,24.3556,24.3556,24.3556,200,0
2017-02-13,16:45:00,24.35,24.35,24.35,24.35,1000,0
2017-02-13,17:05:00,24.33,24.33,24.32,24.32,425,0
2017-02-13,17:25:00,24.35,24.35,24.35,24.35,200,0
2017-02-13,18:50:00,24.35,24.5,24.35,24.49,5089,0
2017-02-13,19:05:00,24.4781,24.4781,24.4781,24.4781,2000,0
2017-02-13,19:15:00,24.4274,24.4274,24.4274,24.4274,534,0
2017-02-13,19:50:00,24.4,24.4,24.4,24.4,100,0
2017-02-13,20:10:00,24.43,24.44,24.43,24.44,300,0
2017-02-13,20:20:00,24.43,24.44,24.43,24.44,800,0
2017-02-13,20:30:00,24.44,24.44,24.44,24.44,200,0
2017-02-13,20:45:00,24.465,24.465,24.44,24.44,300,0
2017-02-13,21:05:00,24.4823,24.4823,24.4823,24.4823,100,0
2017-02-13,21:10:00,24.47,24.47,24.466,24.466,300,0
2017-02-13,21:40:00,24.45,24.45,24.44,24.44,200,0
2017-02-13,22:00:00,24.385,24.385,24.35,24.35,1788,0
2017-02-14,15:35:00,24.36,24.36,24.36,24.36,332,0
2017-02-14,16:05:00,24.4342,24.4342,24.4342,24.4342,200,0
2017-02-14,16:20:00,24.4,24.4,24.4,24.4,336,0
2017-02-14,16:25:00,24.35,24.36,24.3323,24.3323,400,0
2017-02-14,16:30:00,24.2451,24.2451,24.2451,24.2451,400,0
2017-02-14,16:45:00,24.27,24.27,24.26,24.26,300,0
2017-02-14,16:50:00,24.3354,24.3354,24.3094,24.3094,350,0
2017-02-14,17:30:00,24.1767,24.1767,24.1767,24.1767,800,0
2017-02-14,17:40:00,24.33,24.33,24.33,24.33,500,0
2017-02-14,17:50:00,24.2703,24.2703,24.2703,24.2703,200,0
2017-02-14,18:10:00,24.294,24.294,24.294,24.294,500,0
2017-02-14,18:15:00,24.2263,24.2263,24.181,24.2173,1036,0
2017-02-14,18:30:00,24.18,24.2417,24.18,24.2417,200,0
2017-02-14,18:40:00,24.2748,24.2748,24.2748,24.2748,200,0
2017-02-14,18:45:00,24.2803,24.2803,24.2803,24.2803,100,0
2017-02-14,18:50:00,24.41,24.42,24.41,24.42,600,0
2017-02-14,19:00:00,24.21,24.2342,24.201,24.2342,318,0
2017-02-14,19:05:00,24.41,24.41,24.36,24.36,300,0
2017-02-14,19:25:00,24.35,24.3703,24.3495,24.3703,300,0
2017-02-14,19:40:00,24.372,24.372,24.372,24.372,405,0
2017-02-14,20:30:00,24.3883,24.3883,24.3883,24.3883,198,0
2017-02-14,20:35:00,24.3983,24.3983,24.3983,24.3983,143,0
2017-02-14,21:15:00,24.39,24.39,24.39,24.39,150,0
2017-02-14,21:50:00,24.39,24.39,24.39,24.39,295,0
2017-02-14,22:00:00,24.37,24.37,24.37,24.37,100,0
2017-02-15,15:35:00,24.24,24.24,24.24,24.24,122,0
2017-02-15,15:40:00,24.27,24.36,24.26,24.33,2062,0
2017-02-15,15:55:00,24.36,24.37,24.335,24.335,4125,0
2017-02-15,16:00:00,24.32,24.32,24.3138,24.3138,822,0
2017-02-15,16:05:00,24.3,24.3,24.3,24.3,1390,0
2017-02-15,16:20:00,24.31,24.3465,24.301,24.32,991,0
2017-02-15,17:05:00,24.331,24.331,24.321,24.321,415,0
2017-02-15,17:10:00,24.405,24.41,24.405,24.41,300,0
2017-02-15,17:15:00,24.42,24.42,24.41,24.41,748,0
2017-02-15,17:35:00,24.414,24.414,24.414,24.414,409,0
2017-02-15,17:40:00,24.42,24.5155,24.42,24.5155,410,0
2017-02-15,17:45:00,24.4,24.4,24.4,24.4,100,0
2017-02-15,17:50:00,24.4253,24.4253,24.4253,24.4253,400,0
2017-02-15,18:00:00,24.4899,24.4899,24.4899,24.4899,100,0
2017-02-15,18:05:00,24.4562,24.4562,24.4562,24.4562,300,0
2017-02-15,19:15:00,24.391,24.391,24.39,24.39,613,0
2017-02-15,19:50:00,24.3799,24.38,24.3799,24.38,781,0
2017-02-15,20:15:00,24.4408,24.4408,24.4408,24.4408,360,0
2017-02-15,20:30:00,24.48,24.5499,24.48,24.5499,1026,0
2017-02-15,20:45:00,24.54,24.63,24.53,24.59,1800,0
2017-02-15,21:00:00,24.6299,24.6299,24.6299,24.6299,100,0
2017-02-15,21:10:00,24.6299,24.6299,24.6299,24.6299,380,0
2017-02-15,22:00:00,24.4475,24.59,24.43,24.43,2009,0
2017-02-16,16:55:00,24.4981,24.4981,24.4981,24.4981,225,0
2017-02-16,17:25:00,24.4915,24.4915,24.4915,24.4915,300,0
2017-02-16,17:50:00,24.4801,24.4801,24.4801,24.4801,950,0
2017-02-16,18:00:00,24.4916,24.4916,24.4916,24.4916,100,0
2017-02-16,18:20:00,24.48,24.48,24.48,24.48,840,0
2017-02-16,18:40:00,24.4971,24.4971,24.4971,24.4971,402,0
2017-02-16,19:45:00,24.49,24.49,24.47,24.47,6688,0
2017-02-16,21:25:00,24.49,24.5,24.49,24.49,1787,0
2017-02-17,15:35:00,24.41,24.41,24.41,24.41,835,0
2017-02-17,16:10:00,24.45,24.45,24.45,24.45,600,0
2017-02-17,16:15:00,24.47,24.47,24.4699,24.47,639,0
2017-02-17,17:05:00,24.42,24.42,24.4,24.4,705,0
2017-02-17,18:00:00,24.4899,24.4899,24.4899,24.4899,1000,0
2017-02-17,18:10:00,24.45,24.48,24.45,24.4694,782,0
2017-02-17,19:35:00,24.4395,24.4395,24.4395,24.4395,1000,0
2017-02-17,19:55:00,24.45,24.49,24.45,24.49,2100,0
2017-02-17,20:00:00,24.4826,24.4826,24.4826,24.4826,250,0
2017-02-17,20:55:00,24.42,24.42,24.3872,24.3872,2937,0
2017-02-17,21:00:00,24.45,24.45,24.45,24.45,350,0
2017-02-17,21:05:00,24.458,24.458,24.458,24.458,150,0
2017-02-17,21:10:00,24.4218,24.4218,24.4218,24.4218,415,0
2017-02-17,22:00:00,24.37,24.37,24.37,24.37,200,0
2017-02-21,15:35:00,24.43,24.43,24.43,24.43,126,0
2017-02-21,15:40:00,24.4429,24.4429,24.4429,24.4429,407,0
2017-02-21,16:10:00,24.45,24.47,24.45,24.47,600,0
2017-02-21,16:20:00,24.45,24.45,24.45,24.45,319,0
2017-02-21,16:35:00,24.43,24.43,24.43,24.43,400,0
2017-02-21,16:55:00,24.44,24.44,24.44,24.44,491,0
2017-02-21,17:00:00,24.42,24.42,24.4,24.4,881,0
2017-02-21,17:15:00,24.38,24.38,24.38,24.38,200,0
2017-02-21,17:20:00,24.38,24.38,24.38,24.38,100,0
2017-02-21,17:40:00,24.38,24.38,24.38,24.38,1252,0
2017-02-21,18:00:00,24.39,24.39,24.39,24.39,135,0
2017-02-21,18:25:00,24.4624,24.4624,24.4624,24.4624,368,0
2017-02-21,19:45:00,24.453,24.453,24.453,24.453,800,0
2017-02-21,20:30:00,24.4432,24.4432,24.4432,24.4432,1000,0
2017-02-21,20:35:00,24.42,24.452,24.42,24.452,2000,0
2017-02-21,20:50:00,24.4,24.4206,24.3979,24.4206,600,0
2017-02-21,21:15:00,24.4,24.4,24.3938,24.4,1612,0
2017-02-21,21:35:00,24.4,24.4401,24.4,24.4401,881,0
2017-02-21,21:45:00,24.44,24.44,24.44,24.44,100,0
2017-02-22,15:35:00,24.44,24.44,24.44,24.44,1099,0
2017-02-22,15:45:00,24.4785,24.4785,24.4785,24.4785,200,0
2017-02-22,16:10:00,24.47,24.47,24.47,24.47,200,0
2017-02-22,16:20:00,24.47,24.48,24.47,24.48,305,0
2017-02-22,16:25:00,24.48,24.49,24.48,24.49,200,0
2017-02-22,16:35:00,24.47,24.47,24.47,24.47,200,0
2017-02-22,16:50:00,24.4701,24.4701,24.47,24.4701,2149,0
2017-02-22,17:00:00,24.48,24.48,24.48,24.48,100,0
2017-02-22,17:15:00,24.45,24.45,24.45,24.45,100,0
2017-02-22,17:50:00,24.4399,24.4399,24.4399,24.4399,300,0
2017-02-22,18:40:00,24.3744,24.3744,24.3744,24.3744,400,0
2017-02-22,18:50:00,24.3676,24.3676,24.35,24.35,1400,0
2017-02-22,19:55:00,24.4287,24.4287,24.4287,24.4287,200,0
2017-02-22,20:10:00,24.42,24.42,24.42,24.42,100,0
2017-02-22,20:15:00,24.42,24.42,24.42,24.42,100,0
2017-02-22,20:40:00,24.46,24.46,24.46,24.46,112,0
2017-02-22,21:10:00,24.46,24.49,24.4599,24.49,872,0
2017-02-22,21:25:00,24.49,24.49,24.4899,24.4899,667,0
2017-02-22,21:35:00,24.49,24.49,24.4717,24.4717,713,0
2017-02-22,21:50:00,24.48,24.48,24.43,24.4458,1100,0
2017-02-22,21:55:00,24.43,24.43,24.43,24.43,290,0
2017-02-22,22:00:00,24.48,24.49,24.45,24.4696,770,0
2017-02-23,15:35:00,24.42,24.4722,24.42,24.4722,1100,0
2017-02-23,15:40:00,24.446,24.49,24.446,24.49,703,0
2017-02-23,16:20:00,24.4739,24.4739,24.4739,24.4739,1300,0
2017-02-23,16:50:00,24.45,24.49,24.45,24.49,4093,0
2017-02-23,17:00:00,24.4933,24.4933,24.4933,24.4933,400,0
2017-02-23,17:40:00,24.5735,24.5735,24.5735,24.5735,925,0
2017-02-23,17:45:00,24.63,24.64,24.5829,24.64,3800,0
2017-02-23,18:10:00,24.5301,24.5301,24.5301,24.5301,100,0
2017-02-23,18:20:00,24.55,24.55,24.55,24.55,100,0
2017-02-23,18:30:00,24.64,24.64,24.64,24.64,276,0
2017-02-23,19:55:00,24.64,24.64,24.6282,24.6282,800,0
2017-02-23,21:10:00,24.78,24.79,24.7776,24.7776,500,0
2017-02-23,21:20:00,24.79,24.79,24.78,24.78,604,0
2017-02-23,21:50:00,24.88,25.1,24.8797,24.88,7162,0
2017-02-23,21:55:00,24.88,24.88,24.88,24.88,1100,0
2017-02-23,22:00:00,24.86,24.86,24.86,24.86,325,0
2017-02-24,15:35:00,24.8,24.8,24.8,24.8,780,0
2017-02-24,16:20:00,24.865,24.865,24.865,24.865,200,0
2017-02-24,16:30:00,24.81,24.81,24.81,24.81,200,0
2017-02-24,17:15:00,24.9305,24.9305,24.9014,24.9014,870,0
2017-02-24,17:35:00,24.8755,24.8755,24.8755,24.8755,600,0
2017-02-24,18:05:00,25.0012,25.0012,25.0012,25.0012,1000,0
2017-02-24,18:25:00,24.97,24.97,24.97,24.97,200,0
2017-02-24,18:30:00,24.98,24.98,24.97,24.97,357,0
2017-02-24,18:35:00,24.8642,24.8642,24.8642,24.8642,500,0
2017-02-24,18:50:00,24.9,24.92,24.9,24.92,1300,0
2017-02-24,19:05:00,25.02,25.02,25.02,25.02,200,0
2017-02-24,20:25:00,24.98,24.9956,24.98,24.9956,693,0
2017-02-24,20:45:00,24.9958,24.9958,24.9958,24.9958,147,0
2017-02-24,20:55:00,24.98,24.98,24.98,24.98,100,0
2017-02-24,21:20:00,24.9831,24.9831,24.9831,24.9831,131,0
2017-02-24,21:30:00,25.03,25.03,25.03,25.03,500,0
2017-02-24,21:40:00,25.03,25.03,25.03,25.03,351,0
2017-02-24,21:50:00,25.03,25.03,25.03,25.03,200,0
2017-02-24,22:00:00,25.03,25.03,24.98,24.9827,1151,0
2017-02-27,15:35:00,24.88,24.88,24.8483,24.8483,1944,0
2017-02-27,16:10:00,24.99,25.0202,24.9599,24.9599,600,0
2017-02-27,16:50:00,24.8248,24.8248,24.8248,24.8248,1000,0
2017-02-27,17:15:00,24.8888,24.8888,24.8888,24.8888,1000,0
2017-02-27,18:25:00,24.9488,24.9488,24.9488,24.9488,402,0
2017-02-27,18:55:00,24.95,24.95,24.9377,24.9377,400,0
2017-02-27,19:05:00,24.9032,24.9032,24.9032,24.9032,718,0
2017-02-27,19:20:00,24.9224,24.9224,24.9224,24.9224,550,0
2017-02-27,19:30:00,24.9221,24.9221,24.9221,24.9221,600,0
2017-02-27,20:00:00,24.962,24.962,24.962,24.962,400,0
2017-02-27,20:10:00,24.92,24.92,24.92,24.92,500,0
2017-02-27,20:15:00,24.9298,24.9298,24.9298,24.9298,1000,0
2017-02-27,20:40:00,24.928,24.928,24.928,24.928,600,0
2017-02-27,21:35:00,24.9872,24.9872,24.9872,24.9872,393,0
2017-02-27,21:40:00,24.9503,24.9503,24.9503,24.9503,167,0
2017-02-27,21:50:00,24.9382,24.9382,24.9382,24.9382,500,0
2017-02-28,15:35:00,24.87,24.87,24.87,24.87,100,0
2017-02-28,16:35:00,24.8,24.8,24.8,24.8,141,0
2017-02-28,16:40:00,24.8,24.8,24.8,24.8,100,0
2017-02-28,16:45:00,24.8,24.8,24.8,24.8,159,0
2017-02-28,16:55:00,24.8968,24.8968,24.8968,24.8968,100,0
2017-02-28,17:15:00,24.8901,24.9,24.89,24.89,1200,0
2017-02-28,17:50:00,24.9101,24.9101,24.9101,24.9101,618,0
2017-02-28,18:25:00,24.9419,24.9419,24.9419,24.9419,400,0
2017-02-28,20:20:00,24.94,24.94,24.94,24.94,400,0
2017-02-28,20:40:00,24.9372,24.9372,24.9372,24.9372,320,0
2017-02-28,21:15:00,24.9516,24.9516,24.9516,24.9516,320,0
2017-03-01,15:35:00,24.95,24.95,24.95,24.95,887,0
2017-03-01,15:40:00,24.8977,24.8977,24.8977,24.8977,200,0
2017-03-01,15:55:00,24.82,24.83,24.82,24.82,500,0
2017-03-01,16:05:00,24.81,24.81,24.81,24.81,756,0
2017-03-01,16:20:00,24.7899,24.7899,24.7899,24.7899,877,0
2017-03-01,16:25:00,24.7899,24.7899,24.7899,24.7899,175,0
2017-03-01,17:00:00,24.79,24.79,24.79,24.79,168,0
2017-03-01,17:05:00,24.7381,24.7381,24.7381,24.7381,182,0
2017-03-01,17:50:00,24.79,24.81,24.79,24.81,553,0
2017-03-01,18:00:00,24.8117,24.8117,24.8117,24.8117,150,0
2017-03-01,18:55:00,24.7652,24.7652,24.7652,24.7652,120,0
2017-03-01,19:00:00,24.77,24.77,24.77,24.77,947,0
2017-03-01,19:05:00,24.8063,24.8063,24.8063,24.8063,280,0
2017-03-01,19:10:00,24.77,24.77,24.77,24.77,200,0
2017-03-01,19:45:00,24.8166,24.8166,24.8166,24.8166,280,0
2017-03-01,20:30:00,24.8125,24.8125,24.8125,24.8125,400,0
2017-03-01,21:30:00,24.87,24.9027,24.8525,24.9027,1959,0
2017-03-01,21:40:00,24.9394,24.9394,24.9394,24.9394,400,0
2017-03-01,21:55:00,24.9399,24.9399,24.8859,24.8859,491,0
2017-03-01,22:00:00,24.93,24.95,24.9046,24.9059,1600,0
2017-03-02,15:35:00,24.77,24.77,24.77,24.77,957,0
2017-03-02,15:40:00,24.77,24.77,24.77,24.77,200,0
2017-03-02,16:10:00,24.7,24.76,24.6907,24.76,1804,0
2017-03-02,16:20:00,24.85,24.85,24.85,24.85,200,0
2017-03-02,16:25:00,24.989,24.989,24.989,24.989,100,0
2017-03-02,17:05:00,24.854,24.854,24.854,24.854,725,0
2017-03-02,17:30:00,24.965,24.965,24.965,24.965,200,0
2017-03-02,17:50:00,24.92,24.92,24.92,24.92,300,0
2017-03-02,17:55:00,24.89,24.89,24.89,24.89,200,0
2017-03-02,18:10:00,24.8694,24.8694,24.8694,24.8694,195,0
2017-03-02,19:45:00,24.93,24.954,24.93,24.954,700,0
2017-03-02,19:55:00,24.95,24.95,24.95,24.95,100,0
2017-03-02,20:20:00,24.9752,24.999,24.9752,24.999,943,0
2017-03-02,20:40:00,24.9596,24.9596,24.9596,24.9596,115,0
2017-03-02,20:45:00,24.95,24.95,24.95,24.95,100,0
2017-03-02,21:00:00,24.9533,25,24.9501,25,2220,0
2017-03-02,21:35:00,25,25,25,25,100,0
2017-03-02,21:50:00,25.03,25.03,25.0221,25.0221,1000,0
2017-03-03,15:35:00,24.94,24.94,24.94,24.94,100,0
2017-03-03,16:25:00,24.95,24.95,24.95,24.95,369,0
2017-03-03,17:45:00,24.8917,24.8917,24.8917,24.8917,1007,0
2017-03-03,17:50:00,24.929,24.929,24.929,24.929,600,0
2017-03-03,17:55:00,24.8741,24.8741,24.8741,24.8741,200,0
2017-03-03,18:10:00,24.9,24.93,24.82,24.82,2100,0
2017-03-03,18:25:00,24.821,24.821,24.821,24.821,1000,0
2017-03-03,18:30:00,24.81,24.81,24.81,24.81,200,0
2017-03-03,18:35:00,24.81,24.81,24.81,24.81,200,0
2017-03-03,18:55:00,24.8656,24.8656,24.8656,24.8656,100,0
2017-03-03,19:15:00,24.9,24.91,24.9,24.91,1291,0
2017-03-03,20:30:00,24.9062,24.9062,24.9062,24.9062,401,0
2017-03-03,20:35:00,24.861,24.861,24.86,24.86,1500,0
2017-03-03,21:05:00,24.8892,24.8892,24.8892,24.8892,1922,0
2017-03-03,21:10:00,24.8636,24.8636,24.86,24.86,1940,0
2017-03-03,21:30:00,24.89,24.89,24.81,24.81,870,0
2017-03-06,15:35:00,24.82,24.82,24.82,24.82,100,0
2017-03-06,16:25:00,24.82,24.82,24.82,24.82,750,0
2017-03-06,16:35:00,24.9183,24.9183,24.9183,24.9183,247,0
2017-03-06,16:45:00,24.8941,24.8941,24.8941,24.8941,100,0
2017-03-06,17:00:00,24.92,24.92,24.92,24.92,300,0
2017-03-06,17:05:00,24.93,24.93,24.9275,24.93,2500,0
2017-03-06,17:45:00,24.98,24.98,24.98,24.98,110,0
2017-03-06,18:25:00,24.964,24.964,24.964,24.964,200,0
2017-03-06,19:00:00,24.9427,24.9427,24.9427,24.9427,200,0
2017-03-06,19:25:00,24.9168,24.9168,24.9168,24.9168,200,0
2017-03-06,19:45:00,24.98,24.98,24.98,24.98,110,0
2017-03-06,20:35:00,24.89,24.89,24.82,24.86,1400,0
2017-03-06,21:05:00,24.8802,24.8802,24.8802,24.8802,225,0
2017-03-06,21:10:00,24.8802,24.8802,24.8802,24.8802,100,0
2017-03-07,15:35:00,24.82,24.82,24.82,24.82,100,0
2017-03-07,15:45:00,24.94,24.94,24.92,24.94,500,0
2017-03-07,16:05:00,24.8934,24.8934,24.8934,24.8934,320,0
2017-03-07,16:10:00,24.85,24.85,24.85,24.85,200,0
2017-03-07,16:45:00,24.86,24.86,24.86,24.86,500,0
2017-03-07,17:55:00,24.867,24.867,24.867,24.867,800,0
2017-03-07,18:30:00,24.87,24.87,24.8587,24.8699,1208,0
2017-03-07,18:35:00,24.87,24.87,24.87,24.87,100,0
2017-03-07,18:40:00,24.87,24.87,24.87,24.87,1192,0
2017-03-07,18:55:00,24.8699,24.8699,24.8699,24.8699,987,0
2017-03-07,19:45:00,24.87,24.87,24.87,24.87,103,0
2017-03-07,20:55:00,24.82,24.8599,24.801,24.8599,1215,0
2017-03-07,21:20:00,24.84,24.87,24.84,24.87,961,0
2017-03-07,21:35:00,24.8451,24.8451,24.8451,24.8451,500,0
2017-03-08,16:40:00,24.8327,24.8327,24.8327,24.8327,425,0
2017-03-08,17:00:00,24.87,24.88,24.84,24.84,1000,0
2017-03-08,17:10:00,24.8107,24.8107,24.8107,24.8107,670,0
2017-03-08,17:15:00,24.75,24.75,24.75,24.75,500,0
2017-03-08,18:05:00,24.62,24.62,24.62,24.62,200,0
2017-03-08,18:40:00,24.8599,24.8599,24.8599,24.8599,127,0
2017-03-08,19:15:00,24.75,24.76,24.75,24.76,1700,0
2017-03-08,19:30:00,24.8406,24.8406,24.8406,24.8406,402,0
2017-03-08,20:30:00,24.75,24.75,24.75,24.75,200,0
2017-03-08,20:45:00,24.63,24.709,24.62,24.701,1202,0
2017-03-08,20:50:00,24.6354,24.6354,24.6354,24.6354,500,0
2017-03-08,21:00:00,24.6342,24.6342,24.62,24.62,500,0
2017-03-08,21:45:00,24.51,24.52,24.51,24.52,2360,0
2017-03-09,15:35:00,24.53,24.5468,24.53,24.5468,543,0
2017-03-09,16:40:00,24.615,24.615,24.55,24.5501,900,0
2017-03-09,16:50:00,24.52,24.52,24.52,24.52,100,0
2017-03-09,17:15:00,24.5917,24.5917,24.5917,24.5917,365,0
2017-03-09,17:30:00,24.55,24.5868,24.4166,24.4166,516,0
2017-03-09,18:10:00,24.5,24.5,24.5,24.5,100,0
2017-03-09,18:25:00,24.4978,24.4978,24.4978,24.4978,500,0
2017-03-09,18:30:00,24.4958,24.4958,24.4047,24.4047,1100,0
2017-03-09,18:55:00,24.39,24.39,24.39,24.39,2300,0
2017-03-09,19:00:00,24.4151,24.4151,24.4151,24.4151,400,0
2017-03-09,19:05:00,24.469,24.469,24.469,24.469,800,0
2017-03-09,19:25:00,24.39,24.39,24.39,24.39,100,0
2017-03-09,19:35:00,24.4,24.4,24.4,24.4,300,0
2017-03-09,19:55:00,24.4,24.4,24.4,24.4,100,0
2017-03-09,20:00:00,24.41,24.41,24.3964,24.3964,400,0
2017-03-09,20:10:00,24.39,24.39,24.35,24.35,1708,0
2017-03-09,20:15:00,24.379,24.3799,24.3434,24.3799,950,0
2017-03-09,20:25:00,24.361,24.37,24.36,24.37,1900,0
2017-03-09,20:40:00,24.3404,24.3404,24.3404,24.3404,1000,0
2017-03-09,21:05:00,24.37,24.37,24.3454,24.3454,400,0
2017-03-09,21:30:00,24.37,24.37,24.3696,24.37,1808,0
2017-03-09,21:45:00,24.37,24.37,24.37,24.37,324,0
2017-03-09,21:55:00,24.37,24.37,24.37,24.37,1600,0
2017-03-10,15:35:00,24.4,24.4,24.4,24.4,1000,0
2017-03-10,15:50:00,24.4,24.4,24.4,24.4,100,0
2017-03-10,16:05:00,24.5466,24.5466,24.5466,24.5466,500,0
2017-03-10,16:20:00,24.42,24.42,24.42,24.42,250,0
2017-03-10,17:50:00,24.39,24.39,24.39,24.39,400,0
2017-03-10,17:55:00,24.25,24.27,24.25,24.2501,1000,0
2017-03-10,18:10:00,24.417,24.417,24.417,24.417,800,0
2017-03-10,18:40:00,24.267,24.267,24.267,24.267,200,0
2017-03-10,18:45:00,24.42,24.45,24.42,24.44,700,0
2017-03-10,18:50:00,24.44,24.44,24.44,24.44,200,0
2017-03-10,21:10:00,24.5167,24.5167,24.5167,24.5167,121,0
2017-03-10,21:20:00,24.5262,24.5262,24.5262,24.5262,1236,0
2017-03-10,21:30:00,24.4709,24.4709,24.4709,24.4709,144,0
2017-03-10,21:35:00,24.524,24.524,24.524,24.524,500,0
2017-03-10,21:55:00,24.5178,24.5178,24.5178,24.5178,600,0
2017-03-10,22:00:00,24.4988,24.56,24.4988,24.56,700,0
2017-03-13,14:35:00,24.38,24.38,24.38,24.38,340,0
2017-03-13,14:40:00,24.39,24.39,24.39,24.39,200,0
2017-03-13,14:55:00,24.3412,24.3585,24.3412,24.3585,900,0
2017-03-13,15:15:00,24.36,24.36,24.36,24.36,100,0
2017-03-13,15:30:00,24.35,24.35,24.35,24.35,200,0
2017-03-13,15:50:00,24.35,24.35,24.3499,24.3499,650,0
2017-03-13,16:15:00,24.35,24.35,24.3499,24.3499,750,0
2017-03-13,16:25:00,24.33,24.33,24.33,24.33,400,0
2017-03-13,16:45:00,24.345,24.345,24.345,24.345,350,0
2017-03-13,16:50:00,24.35,24.35,24.3469,24.3469,1000,0
2017-03-13,17:35:00,24.35,24.4921,24.35,24.4921,623,0
2017-03-13,17:50:00,24.41,24.4104,24.41,24.4104,600,0
2017-03-13,18:00:00,24.466,24.466,24.466,24.466,400,0
2017-03-13,18:10:00,24.4648,24.4648,24.45,24.45,967,0
2017-03-13,19:05:00,24.3365,24.3365,24.3365,24.3365,300,0
2017-03-13,19:25:00,24.3004,24.3004,24.3,24.3003,1250,0
2017-03-13,20:20:00,24.32,24.32,24.32,24.32,154,0
2017-03-13,20:40:00,24.38,24.4,24.3797,24.3797,717,0
2017-03-13,20:45:00,24.4,24.4,24.4,24.4,115,0
2017-03-13,20:55:00,24.39,24.39,24.39,24.39,600,0
2017-03-14,14:35:00,24.08,24.08,24.08,24.08,1659,0
2017-03-14,15:20:00,24.4228,24.4228,24.4228,24.4228,400,0
2017-03-14,16:40:00,24.18,24.18,24.17,24.17,200,0
2017-03-14,16:45:00,24.19,24.19,24.19,24.19,134,0
2017-03-14,17:20:00,24.2279,24.2279,24.2189,24.2189,1400,0
2017-03-14,17:55:00,24.21,24.25,24.21,24.25,1333,0
2017-03-14,18:00:00,24.25,24.25,24.23,24.2305,1374,0
2017-03-14,18:05:00,24.25,24.25,24.25,24.25,200,0
2017-03-14,18:10:00,24.25,24.25,24.25,24.25,100,0
2017-03-14,18:20:00,24.25,24.25,24.25,24.25,1701,0
2017-03-14,18:25:00,24.24,24.246,24.24,24.246,1100,0
2017-03-14,19:35:00,24.26,24.284,24.26,24.284,400,0
2017-03-14,19:45:00,24.29,24.294,24.284,24.294,450,0
2017-03-14,20:05:00,24.25,24.25,24.25,24.25,100,0
2017-03-14,20:10:00,24.25,24.25,24.25,24.25,222,0
2017-03-14,20:25:00,24.27,24.27,24.27,24.27,100,0
2017-03-14,20:30:00,24.27,24.2702,24.27,24.27,527,0
2017-03-14,20:35:00,24.3,24.3,24.27,24.27,200,0
2017-03-14,20:40:00,24.2868,24.2868,24.2868,24.2868,200,0
2017-03-14,20:45:00,24.3,24.3,24.3,24.3,100,0
2017-03-14,20:50:00,24.3799,24.3799,24.3799,24.3799,200,0
2017-03-14,21:00:00,24.31,24.31,24.3,24.3,1336,0
2017-03-15,14:35:00,24.26,24.26,24.26,24.26,450,0
2017-03-15,14:40:00,24.31,24.3499,24.31,24.3499,200,0
2017-03-15,15:15:00,24.35,24.35,24.35,24.35,298,0
2017-03-15,15:35:00,24.38,24.38,24.38,24.38,427,0
2017-03-15,15:50:00,24.37,24.38,24.37,24.38,1600,0
2017-03-15,15:55:00,24.38,24.38,24.38,24.38,100,0
2017-03-15,16:15:00,24.4434,24.4434,24.4434,24.4434,200,0
2017-03-15,16:30:00,24.389,24.389,24.389,24.389,1000,0
2017-03-15,17:10:00,24.4005,24.44,24.38,24.407,2789,0
2017-03-15,17:25:00,24.459,24.459,24.459,24.459,250,0
2017-03-15,17:45:00,24.4324,24.4324,24.4324,24.4324,400,0
2017-03-15,18:00:00,24.4106,24.4106,24.4106,24.4106,200,0
2017-03-15,18:05:00,24.47,24.47,24.47,24.47,200,0
2017-03-15,18:45:00,24.4699,24.4699,24.3941,24.3941,1107,0
2017-03-15,18:55:00,24.4699,24.4699,24.46,24.46,406,0
2017-03-15,19:00:00,24.47,24.47,24.46,24.47,495,0
2017-03-15,19:10:00,24.44,24.44,24.44,24.44,100,0
2017-03-15,19:20:00,24.44,24.44,24.43,24.43,900,0
2017-03-15,19:35:00,24.3702,24.3702,24.3702,24.3702,500,0
2017-03-15,19:45:00,24.48,24.48,24.48,24.48,200,0
2017-03-15,19:50:00,24.48,24.55,24.48,24.55,1600,0
2017-03-15,19:55:00,24.55,24.61,24.55,24.6,741,0
2017-03-15,20:10:00,24.54,24.54,24.54,24.54,500,0
2017-03-15,20:15:00,24.63,24.63,24.61,24.61,628,0
2017-03-15,20:20:00,24.6399,24.6399,24.6399,24.6399,445,0
2017-03-15,20:25:00,24.57,24.57,24.57,24.57,300,0
2017-03-15,20:40:00,24.6695,24.6695,24.6695,24.6695,150,0
2017-03-16,14:35:00,24.53,24.65,24.53,24.65,634,0
2017-03-16,14:55:00,24.62,24.62,24.62,24.62,100,0
2017-03-16,15:05:00,24.68,24.68,24.68,24.68,100,0
2017-03-16,15:10:00,24.75,24.75,24.75,24.75,100,0
2017-03-16,15:25:00,24.76,24.76,24.74,24.74,1000,0
2017-03-16,15:30:00,24.74,24.74,24.74,24.74,100,0
2017-03-16,15:50:00,24.831,24.831,24.83,24.83,1636,0
2017-03-16,17:05:00,24.74,24.78,24.74,24.78,1452,0
2017-03-16,17:45:00,24.77,24.77,24.76,24.76,475,0
2017-03-16,20:25:00,24.8518,24.8518,24.8518,24.8518,410,0
2017-03-16,21:00:00,24.8047,24.8047,24.8047,24.8047,350,0
2017-03-17,14:35:00,24.97,24.97,24.97,24.97,400,0
2017-03-17,14:45:00,24.8507,24.8507,24.8507,24.8507,1000,0
2017-03-17,15:00:00,24.87,24.87,24.83,24.83,1005,0
2017-03-17,16:35:00,24.83,24.83,24.83,24.83,100,0
2017-03-17,16:45:00,24.823,24.823,24.823,24.823,400,0
2017-03-17,16:50:00,24.8083,24.8083,24.8083,24.8083,1000,0
2017-03-17,16:55:00,24.8,24.8,24.8,24.8,100,0
2017-03-17,17:00:00,24.7972,24.7972,24.7972,24.7972,975,0
2017-03-17,17:10:00,24.8299,24.8299,24.8299,24.8299,641,0
2017-03-17,17:15:00,24.76,24.76,24.76,24.76,208,0
2017-03-17,17:20:00,24.743,24.743,24.743,24.743,400,0
2017-03-17,17:25:00,24.76,24.76,24.76,24.76,1600,0
2017-03-17,18:10:00,24.76,24.76,24.76,24.76,1628,0
2017-03-17,18:35:00,24.7577,24.7577,24.7577,24.7577,700,0
2017-03-17,19:40:00,24.696,24.696,24.696,24.696,200,0
2017-03-17,19:50:00,24.7342,24.7342,24.7342,24.7342,245,0
2017-03-17,20:25:00,24.79,24.79,24.79,24.79,200,0
2017-03-17,20:40:00,24.7,24.7,24.69,24.69,200,0
2017-03-20,15:05:00,24.7083,24.7083,24.7083,24.7083,200,0
2017-03-20,15:35:00,24.729,24.729,24.717,24.717,2000,0
2017-03-20,15:40:00,24.7014,24.717,24.7014,24.717,2000,0
2017-03-20,15:50:00,24.648,24.648,24.648,24.648,171,0
2017-03-20,16:10:00,24.696,24.696,24.696,24.696,250,0
2017-03-20,16:40:00,24.74,24.74,24.74,24.74,100,0
2017-03-20,16:45:00,24.75,24.75,24.75,24.75,100,0
2017-03-20,17:45:00,24.7895,24.7895,24.7895,24.7895,200,0
2017-03-20,18:00:00,24.824,24.824,24.824,24.824,1000,0
2017-03-20,18:30:00,24.9026,24.923,24.9026,24.923,1200,0
2017-03-20,18:50:00,24.9392,24.94,24.9392,24.94,800,0
2017-03-20,19:10:00,24.9258,24.9258,24.9258,24.9258,900,0
2017-03-20,19:30:00,24.77,24.94,24.77,24.9028,2912,0
2017-03-20,19:55:00,24.77,24.77,24.77,24.77,175,0
2017-03-20,20:00:00,24.8082,24.8082,24.8082,24.8082,1220,0
2017-03-20,20:35:00,24.9,24.9,24.9,24.9,400,0
2017-03-20,21:00:00,25,25,25,25,138,0
2017-03-21,14:35:00,25.08,25.08,25.08,25.08,518,0
2017-03-21,15:30:00,24.9155,24.9155,24.9155,24.9155,300,0
2017-03-21,15:35:00,24.819,24.819,24.819,24.819,500,0
2017-03-21,16:15:00,25.07,25.07,25.07,25.07,400,0
2017-03-21,17:05:00,24.81,24.9563,24.81,24.9563,1757,0
2017-03-21,17:50:00,24.921,24.921,24.921,24.921,515,0
2017-03-21,18:50:00,24.9,24.9,24.86,24.86,952,0
2017-03-21,18:55:00,24.708,24.708,24.708,24.708,400,0
2017-03-21,19:00:00,24.6988,24.6988,24.6988,24.6988,1000,0
2017-03-21,19:30:00,24.76,24.76,24.76,24.76,500,0
2017-03-21,19:40:00,24.71,24.71,24.71,24.71,600,0
2017-03-21,20:15:00,24.8,24.82,24.8,24.8,500,0
2017-03-21,21:00:00,24.81,24.81,24.81,24.81,100,0
2017-03-22,14:35:00,24.74,24.74,24.74,24.74,1099,0
2017-03-22,15:20:00,24.8921,24.8921,24.8921,24.8921,175,0
2017-03-22,15:25:00,24.6,24.63,24.6,24.63,440,0
2017-03-22,16:40:00,24.6916,24.6916,24.6916,24.6916,1400,0
2017-03-22,17:05:00,24.71,24.71,24.71,24.71,237,0
2017-03-22,17:15:00,24.74,24.74,24.74,24.74,100,0
2017-03-22,17:20:00,24.74,24.74,24.74,24.74,100,0
2017-03-22,17:40:00,24.7852,24.7852,24.7852,24.7852,244,0
2017-03-22,18:25:00,24.7701,24.7701,24.7701,24.7701,384,0
2017-03-22,18:45:00,24.79,24.79,24.79,24.79,100,0
2017-03-22,18:50:00,24.79,24.79,24.79,24.79,282,0
2017-03-22,19:05:00,24.79,24.79,24.79,24.79,100,0
2017-03-22,20:25:00,24.8062,24.8062,24.7621,24.7621,1200,0
2017-03-22,20:45:00,24.77,24.77,24.77,24.77,100,0
2017-03-22,20:50:00,24.77,24.824,24.77,24.77,1176,0
2017-03-23,14:35:00,24.96,24.96,24.96,24.96,100,0
2017-03-23,18:05:00,24.9,24.9,24.9,24.9,100,0
2017-03-23,19:05:00,24.91,24.91,24.87,24.89,1599,0
2017-03-23,19:20:00,24.81,24.8472,24.81,24.8472,200,0
2017-03-23,19:25:00,24.8142,24.8142,24.801,24.801,700,0
2017-03-23,19:30:00,24.8,24.8234,24.8,24.8234,200,0
2017-03-23,20:05:00,24.8,24.815,24.8,24.815,400,0
2017-03-23,20:40:00,24.8679,24.8679,24.8679,24.8679,2018,0
2017-03-23,21:00:00,24.83,24.85,24.83,24.85,1700,0
2017-03-24,14:35:00,24.84,24.84,24.84,24.84,864,0
2017-03-24,14:55:00,24.86,24.86,24.86,24.86,100,0
2017-03-24,15:30:00,24.88,24.88,24.88,24.88,200,0
2017-03-24,15:45:00,24.822,24.822,24.81,24.81,500,0
2017-03-24,18:45:00,24.9,24.94,24.9,24.94,1247,0
2017-03-24,19:00:00,24.89,24.89,24.89,24.89,200,0
2017-03-24,19:05:00,24.88,24.88,24.83,24.83,424,0
2017-03-24,19:10:00,24.89,24.89,24.84,24.84,300,0
2017-03-24,19:20:00,24.84,24.84,24.84,24.84,100,0
2017-03-24,19:30:00,24.83,24.83,24.83,24.83,100,0
2017-03-24,20:25:00,24.83,24.83,24.83,24.83,200,0
2017-03-24,20:30:00,24.91,24.91,24.8921,24.91,1330,0
2017-03-24,20:40:00,24.84,24.84,24.84,24.84,100,0
2017-03-24,20:55:00,24.83,24.83,24.83,24.83,100,0
2017-03-24,21:00:00,24.83,24.83,24.83,24.83,100,0
2017-03-27,15:35:00,24.81,24.81,24.81,24.81,215,0
2017-03-27,15:55:00,24.7501,24.7501,24.7501,24.7501,377,0
2017-03-27,16:00:00,24.75,24.75,24.67,24.67,953,0
2017-03-27,16:25:00,24.6976,24.76,24.6976,24.76,678,0
2017-03-27,16:45:00,24.72,24.72,24.72,24.72,580,0
2017-03-27,17:40:00,24.73,24.7633,24.73,24.7633,416,0
2017-03-27,17:45:00,24.81,24.81,24.81,24.81,804,0
2017-03-27,18:40:00,24.7584,24.7584,24.7584,24.7584,200,0
2017-03-27,18:50:00,24.8011,24.8011,24.8011,24.8011,125,0
2017-03-27,20:10:00,24.75,24.75,24.75,24.75,196,0
2017-03-27,20:15:00,24.75,24.79,24.75,24.79,200,0
2017-03-27,20:35:00,24.76,24.7677,24.76,24.76,700,0
2017-03-27,20:55:00,24.83,24.95,24.83,24.9414,573,0
2017-03-27,21:15:00,24.9,24.9,24.9,24.9,200,0
2017-03-27,21:35:00,24.9419,24.9419,24.9419,24.9419,600,0
2017-03-27,21:45:00,24.9419,24.9419,24.9419,24.9419,600,0
2017-03-28,15:35:00,24.86,24.86,24.86,24.86,100,0
2017-03-28,16:10:00,24.92,24.95,24.92,24.9221,800,0
2017-03-28,16:40:00,24.9499,24.9499,24.9499,24.9499,400,0
2017-03-28,18:15:00,24.93,24.93,24.93,24.93,100,0
2017-03-28,18:40:00,24.9225,24.94,24.9225,24.94,742,0
2017-03-28,19:35:00,24.881,24.881,24.88,24.88,570,0
2017-03-28,20:40:00,24.941,25.04,24.941,25.0244,1700,0
2017-03-28,20:50:00,24.9926,24.9926,24.9926,24.9926,500,0
2017-03-28,21:15:00,24.96,24.96,24.96,24.96,100,0
2017-03-28,21:40:00,24.96,25.01,24.96,25.01,595,0
2017-03-28,21:50:00,24.97,25,24.9699,25,4225,0
2017-03-28,21:55:00,25,25,24.9819,24.9819,554,0
2017-03-29,15:35:00,24.78,24.78,24.78,24.78,105,0
2017-03-29,16:30:00,24.83,24.83,24.83,24.83,1000,0
2017-03-29,16:35:00,24.95,24.96,24.95,24.96,400,0
2017-03-29,17:15:00,24.9203,24.9203,24.9203,24.9203,200,0
2017-03-29,18:00:00,24.96,24.96,24.96,24.96,100,0
2017-03-29,18:45:00,24.976,24.976,24.976,24.976,318,0
2017-03-29,19:15:00,24.9627,24.9627,24.9627,24.9627,200,0
2017-03-29,20:00:00,24.8918,24.8918,24.8918,24.8918,200,0
2017-03-29,20:10:00,24.8897,24.8897,24.8897,24.8897,176,0
2017-03-29,20:15:00,24.8999,24.8999,24.8999,24.8999,223,0
2017-03-29,20:30:00,24.8501,24.8501,24.8501,24.8501,165,0
2017-03-29,20:40:00,24.981,24.981,24.981,24.981,200,0
2017-03-29,22:00:00,24.97,24.97,24.97,24.97,100,0
2017-03-30,15:35:00,25.1,25.1519,25.1,25.1519,1738,0
2017-03-30,16:05:00,25.149,25.15,25.149,25.15,300,0
2017-03-30,17:30:00,25.0961,25.0961,25.0961,25.0961,120,0
2017-03-30,17:45:00,25.1012,25.1012,25.1012,25.1012,150,0
2017-03-30,18:05:00,25.07,25.077,25.07,25.077,1946,0
2017-03-30,18:55:00,25.0843,25.0843,25.0843,25.0843,900,0
2017-03-30,19:00:00,25.0729,25.0729,25.0729,25.0729,120,0
2017-03-30,19:10:00,25.0756,25.0756,25.0756,25.0756,159,0
2017-03-30,19:20:00,25.13,25.13,25.13,25.13,100,0
2017-03-30,19:25:00,25.08,25.08,25.08,25.08,100,0
2017-03-30,20:05:00,25.081,25.081,25.081,25.081,250,0
2017-03-30,20:45:00,25.1123,25.1123,25.1123,25.1123,500,0
2017-03-30,20:50:00,25.08,25.08,25.08,25.08,300,0
2017-03-30,21:30:00,25.07,25.07,25.07,25.07,195,0
2017-03-30,22:00:00,25.08,25.08,25.08,25.08,100,0
2017-03-31,15:35:00,25.26,25.26,25.26,25.26,852,0
2017-03-31,16:05:00,25.2639,25.2639,25.2639,25.2639,407,0
2017-03-31,17:30:00,25.1205,25.1205,25.1205,25.1205,1000,0
2017-03-31,20:25:00,24.941,24.941,24.941,24.941,370,0
2017-03-31,21:15:00,24.9812,24.9812,24.9812,24.9812,150,0
2017-03-31,21:50:00,25.07,25.07,25,25.06,900,0
2017-03-31,21:55:00,25.07,25.09,25.07,25.09,300,0
2017-03-31,22:00:00,25.09,25.09,25.08,25.08,771,0
2017-04-03,15:35:00,25,25,25,25,102,0
2017-04-03,16:45:00,25.15,25.15,25.139,25.139,200,0
2017-04-03,16:55:00,25.16,25.16,25.16,25.16,228,0
2017-04-03,17:05:00,25.15,25.16,25.15,25.16,600,0
2017-04-03,17:40:00,25.21,25.21,25.21,25.21,100,0
2017-04-03,17:45:00,25.22,25.22,25.22,25.22,300,0
2017-04-03,17:55:00,25.22,25.22,25.22,25.22,100,0
2017-04-03,18:05:00,25.22,25.22,25.22,25.22,100,0
2017-04-03,18:50:00,25.2184,25.2184,25.2184,25.2184,233,0
2017-04-03,18:55:00,25.25,25.25,25.25,25.25,300,0
2017-04-03,20:30:00,25.3,25.3,25.3,25.3,100,0
2017-04-03,21:05:00,25.3,25.3728,25.3,25.3728,889,0
2017-04-03,21:35:00,25.2743,25.2743,25.2743,25.2743,100,0
2017-04-04,15:35:00,25.18,25.18,25.18,25.18,100,0
2017-04-04,16:50:00,25.255,25.255,25.222,25.222,800,0
2017-04-04,16:55:00,25.222,25.222,25.222,25.222,800,0
2017-04-04,17:00:00,25.231,25.231,25.231,25.231,1000,0
2017-04-04,17:05:00,25.231,25.231,25.231,25.231,1400,0
2017-04-04,17:25:00,25.28,25.28,25.28,25.28,200,0
2017-04-04,18:10:00,25.255,25.2751,25.234,25.234,1190,0
2017-04-04,18:15:00,25.27,25.27,25.252,25.252,1300,0
2017-04-04,18:20:00,25.24,25.252,25.2,25.215,3900,0
2017-04-04,20:30:00,25.3021,25.3021,25.3021,25.3021,102,0
2017-04-04,21:30:00,25.2665,25.2665,25.2665,25.2665,1500,0
2017-04-05,16:35:00,25.285,25.285,25.258,25.258,300,0
2017-04-05,17:45:00,25.24,25.257,25.23,25.257,830,0
2017-04-05,18:35:00,25.201,25.201,25.201,25.201,800,0
2017-04-05,18:40:00,25.201,25.201,25.201,25.201,900,0
2017-04-05,18:55:00,25.19,25.2278,25.19,25.2178,1063,0
2017-04-05,21:15:00,25.2,25.2,25.2,25.2,200,0
2017-04-05,21:20:00,25.2,25.2,25.2,25.2,300,0
2017-04-05,21:45:00,25.2,25.217,25.2,25.217,900,0
2017-04-05,21:55:00,25.2,25.2,25.2,25.2,117,0
2017-04-06,15:35:00,25.18,25.18,25.18,25.18,100,0
2017-04-06,16:00:00,25.3248,25.3248,25.3248,25.3248,132,0
2017-04-06,16:25:00,25.26,25.273,25.25,25.262,600,0
2017-04-06,16:55:00,25.2212,25.2212,25.2212,25.2212,100,0
2017-04-06,19:30:00,25.2779,25.2779,25.2779,25.2779,107,0
2017-04-06,20:25:00,25.2,25.21,25.18,25.21,611,0
2017-04-06,20:45:00,25.22,25.22,25.22,25.22,855,0
2017-04-07,16:45:00,25.19,25.19,25.19,25.19,371,0
2017-04-07,16:55:00,25.196,25.196,25.196,25.196,800,0
2017-04-07,17:15:00,25.18,25.2177,25.12,25.1477,1721,0
2017-04-07,19:20:00,25.1351,25.15,25.1351,25.15,4210,0
2017-04-07,19:40:00,25.16,25.16,25.16,25.16,400,0
2017-04-07,20:15:00,25.23,25.42,25.23,25.42,3968,0
2017-04-07,22:00:00,25.4,25.4,25.4,25.4,100,0
2017-04-10,15:35:00,25.4,25.4,25.4,25.4,100,0
2017-04-10,19:00:00,25.39,25.39,25.39,25.39,200,0
2017-04-10,21:00:00,25.39,25.39,25.39,25.39,100,0
2017-04-11,15:35:00,25.26,25.26,25.26,25.26,100,0
2017-04-11,18:15:00,25.28,25.284,25.28,25.28,839,0
2017-04-11,18:35:00,25.2726,25.2726,25.2726,25.2726,784,0
2017-04-11,20:10:00,25.3008,25.3008,25.3008,25.3008,174,0
2017-04-11,20:15:00,25.31,25.31,25.31,25.31,270,0
2017-04-11,20:55:00,25.3158,25.3158,25.3158,25.3158,400,0
2017-04-11,21:05:00,25.29,25.29,25.26,25.2819,1684,0
2017-04-11,21:30:00,25.2293,25.2293,25.2293,25.2293,300,0
2017-04-12,15:35:00,25.17,25.17,25.17,25.17,100,0
2017-04-12,17:05:00,25.2823,25.2823,25.2823,25.2823,200,0
2017-04-12,17:20:00,25.29,25.29,25.29,25.29,100,0
2017-04-12,17:25:00,25.23,25.23,25.23,25.23,100,0
2017-04-12,18:25:00,25.18,25.2057,25.18,25.2057,1382,0
2017-04-12,18:50:00,25.18,25.18,25.18,25.18,415,0
2017-04-12,21:10:00,25.18,25.1999,25.18,25.1999,954,0
2017-04-13,15:35:00,25.19,25.19,25.19,25.19,100,0
2017-04-13,16:55:00,25.23,25.2679,25.23,25.2679,1222,0
2017-04-13,17:45:00,25.4211,25.432,25.4211,25.432,497,0
2017-04-13,17:50:00,25.2679,25.2679,25.2679,25.2679,150,0
2017-04-13,21:55:00,25.23,25.237,25.23,25.237,1100,0
2017-04-13,22:00:00,25.29,25.29,25.29,25.29,129,0
2017-04-17,15:35:00,25.29,25.29,25.29,25.29,659,0
2017-04-17,15:45:00,25.18,25.18,25.18,25.18,500,0
2017-04-17,16:10:00,25.18,25.2092,25.18,25.2092,1293,0
2017-04-17,16:20:00,25.26,25.26,25.26,25.26,100,0
2017-04-17,17:15:00,25.1998,25.1998,25.1998,25.1998,2000,0
2017-04-17,17:50:00,25.26,25.26,25.26,25.26,1400,0
2017-04-17,18:00:00,25.23,25.23,25.23,25.23,100,0
2017-04-17,18:10:00,25.18,25.18,25.18,25.18,103,0
2017-04-17,18:45:00,25.18,25.2052,25.18,25.2052,289,0
2017-04-17,18:50:00,25.2099,25.21,25.2099,25.21,640,0
2017-04-17,19:45:00,25.2115,25.2115,25.2115,25.2115,119,0
2017-04-17,20:15:00,25.19,25.1947,25.18,25.18,739,0
2017-04-17,20:40:00,25.18,25.1914,25.18,25.1914,603,0
2017-04-17,21:30:00,25.2,25.2037,25.2,25.2037,1200,0
2017-04-17,21:35:00,25.21,25.21,25.209,25.209,1100,0
2017-04-17,21:40:00,25.2201,25.2201,25.2201,25.2201,300,0
2017-04-17,21:45:00,25.2,25.27,25.2,25.2452,895,0
2017-04-17,21:55:00,25.2323,25.2323,25.2323,25.2323,295,0
2017-04-18,15:35:00,25.21,25.21,25.21,25.21,269,0
2017-04-18,15:50:00,25.1925,25.1925,25.1925,25.1925,200,0
2017-04-18,15:55:00,25.217,25.217,25.217,25.217,300,0
2017-04-18,16:05:00,25.2611,25.2611,25.2611,25.2611,500,0
2017-04-18,17:35:00,25.19,25.19,25.19,25.19,2400,0
2017-04-18,17:40:00,25.2177,25.2177,25.2177,25.2177,299,0
2017-04-18,17:45:00,25.19,25.19,25.19,25.19,232,0
2017-04-18,17:50:00,25.18,25.18,25.18,25.18,200,0
2017-04-18,17:55:00,25.1899,25.19,25.1899,25.19,1000,0
2017-04-18,18:35:00,25.19,25.19,25.19,25.19,200,0
2017-04-18,18:50:00,25.229,25.229,25.229,25.229,1000,0
2017-04-18,19:00:00,25.2037,25.2037,25.2037,25.2037,500,0
2017-04-18,19:05:00,25.2046,25.2046,25.2046,25.2046,700,0
2017-04-18,19:40:00,25.235,25.235,25.235,25.235,250,0
2017-04-18,20:00:00,25.22,25.22,25.22,25.22,200,0
2017-04-18,20:30:00,25.21,25.21,25.21,25.21,300,0
2017-04-18,21:30:00,25.2,25.2,25.2,25.2,200,0
2017-04-18,21:55:00,25.2135,25.2135,25.2135,25.2135,500,0
2017-04-19,15:35:00,25.19,25.19,25.19,25.19,978,0
2017-04-19,16:40:00,25.25,25.25,25.25,25.25,380,0
2017-04-19,18:00:00,25.21,25.2478,25.2,25.2385,1000,0
2017-04-19,18:15:00,25.19,25.19,25.18,25.18,1410,0
2017-04-19,18:25:00,25.18,25.18,25.18,25.18,200,0
2017-04-19,18:35:00,25.18,25.18,25.18,25.18,103,0
2017-04-19,19:35:00,25.19,25.2,25.19,25.2,2526,0
2017-04-19,20:30:00,25.19,25.1946,25.19,25.1946,802,0
2017-04-19,20:35:00,25.2533,25.2533,25.2533,25.2533,248,0
2017-04-19,21:05:00,25.2,25.2,25.2,25.2,656,0
2017-04-19,21:15:00,25.2212,25.2212,25.2212,25.2212,118,0
2017-04-19,21:25:00,25.2,25.2238,25.2,25.2238,6360,0
2017-04-19,21:35:00,25.1912,25.1912,25.1912,25.1912,925,0
2017-04-19,21:45:00,25.19,25.19,25.19,25.19,400,0
2017-04-19,21:55:00,25.1953,25.1953,25.1953,25.1953,500,0
2017-04-19,22:00:00,25.19,25.2,25.16,25.16,1413,0
2017-04-20,15:35:00,25.16,25.16,25.16,25.16,100,0
2017-04-20,16:40:00,25.19,25.19,25.19,25.19,200,0
2017-04-20,19:10:00,25.17,25.17,25.17,25.17,200,0
2017-04-20,19:30:00,25.18,25.18,25.18,25.18,100,0
2017-04-20,19:50:00,25.1778,25.1778,25.1778,25.1778,103,0
2017-04-20,20:00:00,25.19,25.2613,25.185,25.2613,1745,0
2017-04-20,20:20:00,25.1908,25.1908,25.1908,25.1908,1000,0
2017-04-20,20:35:00,25.217,25.217,25.217,25.217,251,0
2017-04-20,21:20:00,25.2207,25.2207,25.2207,25.2207,300,0
2017-04-20,22:00:00,25.2247,25.2247,25.2247,25.2247,100,0
2017-04-21,15:50:00,25.26,25.26,25.26,25.26,100,0
2017-04-21,16:00:00,25.221,25.221,25.221,25.221,166,0
2017-04-21,16:20:00,25.231,25.231,25.231,25.231,300,0
2017-04-21,16:30:00,25.2458,25.2458,25.2458,25.2458,1000,0
2017-04-21,17:55:00,25.2401,25.2401,25.2401,25.2401,632,0
2017-04-21,18:35:00,25.24,25.24,25.24,25.24,1000,0
2017-04-21,18:55:00,25.25,25.25,25.25,25.25,100,0
2017-04-21,20:40:00,25.2467,25.2467,25.2247,25.2247,1850,0
2017-04-21,20:50:00,25.25,25.25,25.25,25.25,100,0
2017-04-21,20:55:00,25.23,25.23,25.2286,25.2286,1000,0
2017-04-21,21:50:00,25.29,25.29,25.29,25.29,200,0
2017-04-21,22:00:00,25.29,25.29,25.29,25.29,102,0
2017-04-24,16:35:00,25.27,25.27,25.27,25.27,600,0
2017-04-24,18:40:00,25.41,25.41,25.41,25.41,100,0
2017-04-24,20:15:00,25.41,25.41,25.41,25.41,301,0
2017-04-24,20:20:00,25.31,25.348,25.31,25.348,200,0
2017-04-24,20:25:00,25.3,25.338,25.3,25.338,379,0
2017-04-24,20:30:00,25.35,25.3775,25.348,25.348,515,0
2017-04-24,20:50:00,25.34,25.34,25.34,25.34,1384,0
2017-04-24,21:50:00,25.35,25.35,25.35,25.35,956,0
2017-04-24,22:00:00,25.35,25.37,25.35,25.37,214,0
2017-04-25,16:10:00,25.46,25.46,25.46,25.46,100,0
2017-04-25,16:20:00,25.4,25.4,25.4,25.4,200,0
2017-04-25,16:25:00,25.3018,25.3018,25.3018,25.3018,800,0
2017-04-25,16:35:00,25.3441,25.3441,25.3441,25.3441,250,0
2017-04-25,17:15:00,25.29,25.331,25.29,25.297,736,0
2017-04-25,18:10:00,25.36,25.3981,25.36,25.3981,200,0
2017-04-25,18:30:00,25.286,25.286,25.27,25.276,1244,0
2017-04-25,18:35:00,25.3372,25.375,25.27,25.375,1444,0
2017-04-25,19:25:00,25.35,25.381,25.35,25.381,513,0
2017-04-25,20:10:00,25.23,25.26,25.23,25.26,400,0
2017-04-25,20:25:00,25.35,25.35,25.35,25.35,384,0
2017-04-25,20:30:00,25.35,25.35,25.35,25.35,425,0
2017-04-25,20:35:00,25.22,25.22,25.22,25.22,200,0
2017-04-25,20:40:00,25.25,25.2784,25.25,25.2784,450,0
2017-04-25,20:45:00,25.35,25.35,25.35,25.35,395,0
2017-04-25,21:15:00,25.2201,25.2201,25.2201,25.2201,200,0
2017-04-25,21:35:00,25.22,25.26,25.22,25.26,841,0
2017-04-25,21:45:00,25.22,25.22,25.22,25.22,872,0
2017-04-26,15:35:00,25.12,25.12,25.12,25.12,7902,0
2017-04-26,15:40:00,25.07,25.07,25.07,25.07,1000,0
2017-04-26,15:50:00,25.11,25.11,25.11,25.11,220,0
2017-04-26,16:00:00,25.1,25.1,25.1,25.1,735,0
2017-04-26,16:05:00,25.1,25.1,25.1,25.1,265,0
2017-04-26,17:20:00,25.08,25.1,25.07,25.1,1100,0
2017-04-26,17:25:00,25.08,25.08,25.07,25.07,492,0
2017-04-26,17:30:00,25.07,25.07,25.07,25.07,389,0
2017-04-26,17:40:00,25.1738,25.1738,25.1738,25.1738,650,0
2017-04-26,17:55:00,25.1059,25.1099,25.104,25.104,600,0
2017-04-26,18:55:00,25.08,25.08,25.08,25.08,100,0
2017-04-26,19:00:00,25.0801,25.0801,25.0801,25.0801,400,0
2017-04-26,19:40:00,25.08,25.08,25.08,25.08,346,0
2017-04-26,19:50:00,25.08,25.0853,25.08,25.0853,1167,0
2017-04-26,20:05:00,25.0799,25.0799,25.0799,25.0799,200,0
2017-04-26,20:15:00,25.06,25.06,25.06,25.06,200,0
2017-04-26,20:30:00,25.04,25.04,25.03,25.04,1496,0
2017-04-26,20:55:00,25.03,25.03,25.03,25.03,100,0
2017-04-26,21:00:00,25.0385,25.0385,25.0385,25.0385,400,0
2017-04-26,21:30:00,25.04,25.04,25.04,25.04,100,0
2017-04-26,21:35:00,25.0358,25.04,25.0358,25.04,1647,0
2017-04-26,22:00:00,25.03,25.03,25.03,25.03,200,0
