Date,Time,Open,High,Low,Close,Volume,OpenInt
2016-12-08,18:10:00,16.117,16.117,16.117,16.117,458,0
2016-12-08,18:30:00,16.187,16.187,16.187,16.187,153,0
2016-12-08,19:10:00,16.205,16.229,16.205,16.229,458,0
2016-12-08,20:05:00,16.123,16.123,16.123,16.123,153,0
2016-12-09,15:45:00,16.09,16.09,16.09,16.09,458,0
2016-12-09,16:40:00,16.228,16.418,16.228,16.418,15357,0
2016-12-09,18:10:00,16.526,16.526,16.526,16.526,183,0
2016-12-09,18:25:00,16.498,16.498,16.498,16.498,153,0
2016-12-09,19:55:00,16.419,16.432,16.419,16.419,914,0
2016-12-09,20:05:00,16.443,16.443,16.443,16.443,153,0
2016-12-09,20:10:00,16.475,16.475,16.475,16.475,153,0
2016-12-09,21:00:00,16.443,16.443,16.443,16.443,153,0
2016-12-12,15:35:00,16.451,16.451,16.451,16.451,305,0
2016-12-12,17:10:00,16.501,16.501,16.501,16.501,305,0
2016-12-12,19:55:00,16.55,16.551,16.517,16.551,1522,0
2016-12-12,20:20:00,16.551,16.551,16.551,16.551,546,0
2016-12-12,21:50:00,16.382,16.382,16.382,16.382,153,0
2016-12-12,22:00:00,16.406,16.406,16.406,16.406,153,0
2016-12-13,21:00:00,16.426,16.426,16.426,16.426,948,0
2016-12-13,21:45:00,16.432,16.432,16.358,16.358,609,0
2016-12-14,15:35:00,16.537,16.537,16.537,16.537,305,0
2016-12-14,16:05:00,16.388,16.388,16.388,16.388,1540,0
2016-12-14,16:10:00,16.445,16.445,16.445,16.445,153,0
2016-12-14,16:15:00,16.445,16.445,16.445,16.445,153,0
2016-12-14,17:30:00,16.445,16.445,16.445,16.445,153,0
2016-12-14,18:00:00,16.504,16.504,16.504,16.504,305,0
2016-12-14,19:00:00,16.504,16.504,16.504,16.504,458,0
2016-12-14,19:25:00,16.386,16.386,16.386,16.386,153,0
2016-12-15,18:40:00,16.373,16.373,16.373,16.373,914,0
2016-12-15,19:45:00,16.478,16.478,16.478,16.478,228,0
2016-12-15,21:05:00,16.393,16.393,16.393,16.393,153,0
2016-12-16,15:35:00,16.354,16.354,16.354,16.354,458,0
2016-12-16,16:10:00,16.362,16.362,16.362,16.362,458,0
2016-12-16,17:05:00,16.362,16.362,16.362,16.362,153,0
2016-12-16,19:20:00,16.366,16.366,16.366,16.366,458,0
2016-12-16,19:30:00,16.391,16.391,16.391,16.391,458,0
2016-12-16,19:50:00,16.34,16.34,16.34,16.34,473,0
2016-12-16,21:15:00,16.373,16.373,16.373,16.373,305,0
2016-12-16,22:00:00,16.373,16.373,16.373,16.373,618,0
2016-12-20,21:55:00,16.526,16.526,16.526,16.526,609,0
2016-12-21,20:35:00,16.373,16.373,16.373,16.373,162,0
2016-12-23,15:35:00,16.287,16.287,16.287,16.287,1980,0
2016-12-23,20:35:00,16.287,16.287,16.287,16.287,374,0
2016-12-23,21:35:00,16.32,16.32,16.32,16.32,688,0
2016-12-27,15:45:00,16.354,16.354,16.354,16.354,228,0
2016-12-27,18:20:00,16.331,16.331,16.331,16.331,917,0
2016-12-27,18:55:00,16.287,16.287,16.287,16.287,153,0
2016-12-28,15:35:00,16.354,16.354,16.354,16.354,153,0
2016-12-28,16:55:00,16.419,16.419,16.419,16.419,1259,0
2016-12-28,18:45:00,16.419,16.419,16.419,16.419,305,0
2016-12-28,21:05:00,16.419,16.419,16.395,16.395,305,0
2016-12-28,21:45:00,16.419,16.419,16.419,16.419,153,0
2016-12-28,21:55:00,16.451,16.451,16.451,16.451,305,0
2016-12-29,15:40:00,16.499,16.549,16.499,16.549,305,0
2016-12-29,16:15:00,16.498,16.498,16.481,16.481,335,0
2016-12-29,17:15:00,16.478,16.478,16.478,16.478,153,0
2016-12-29,20:10:00,16.4,16.4,16.4,16.4,153,0
2016-12-29,20:15:00,16.451,16.451,16.451,16.451,256,0
2016-12-30,20:25:00,16.537,16.551,16.537,16.551,1972,0
2016-12-30,20:35:00,16.406,16.406,16.406,16.406,153,0
2017-01-03,15:45:00,16.534,16.534,16.534,16.534,761,0
2017-01-03,16:15:00,16.451,16.451,16.451,16.451,153,0
2017-01-03,16:35:00,16.451,16.451,16.451,16.451,761,0
2017-01-03,19:10:00,16.451,16.451,16.451,16.451,990,0
2017-01-03,19:55:00,16.451,16.451,16.451,16.451,153,0
2017-01-03,20:45:00,16.419,16.419,16.419,16.419,305,0
2017-01-03,20:55:00,16.419,16.419,16.419,16.419,486,0
2017-01-03,21:20:00,16.354,16.354,16.354,16.354,1522,0
2017-01-04,16:25:00,16.419,16.419,16.395,16.419,761,0
2017-01-04,16:35:00,16.411,16.419,16.411,16.419,609,0
2017-01-04,17:00:00,16.418,16.419,16.418,16.418,1066,0
2017-01-04,17:10:00,16.419,16.419,16.415,16.415,914,0
2017-01-04,17:20:00,16.383,16.383,16.383,16.383,169,0
2017-01-04,18:00:00,16.419,16.419,16.416,16.416,1522,0
2017-01-04,21:00:00,16.419,16.419,16.419,16.419,153,0
2017-01-04,21:45:00,16.419,16.419,16.419,16.419,153,0
2017-01-05,15:35:00,16.471,16.471,16.471,16.471,171,0
2017-01-05,17:30:00,16.491,16.491,16.491,16.491,153,0
2017-01-05,20:20:00,16.485,16.485,16.485,16.485,213,0
2017-01-05,21:00:00,16.551,16.551,16.55,16.55,1522,0
2017-01-05,21:25:00,16.485,16.485,16.485,16.485,305,0
2017-01-06,17:15:00,16.551,16.551,16.537,16.551,495,0
2017-01-06,17:20:00,16.551,16.551,16.551,16.551,305,0
2017-01-06,19:15:00,16.485,16.485,16.485,16.485,305,0
2017-01-06,21:25:00,16.55,16.55,16.55,16.55,153,0
2017-01-09,15:35:00,16.557,16.557,16.557,16.557,244,0
2017-01-09,15:40:00,16.567,16.567,16.567,16.567,761,0
2017-01-09,16:50:00,16.583,16.583,16.583,16.583,305,0
2017-01-09,18:15:00,16.802,16.802,16.802,16.802,165,0
2017-01-10,15:40:00,16.747,16.747,16.747,16.747,533,0
2017-01-10,17:15:00,16.746,16.746,16.746,16.746,153,0
2017-01-10,17:25:00,16.457,16.457,16.457,16.457,305,0
2017-01-10,19:05:00,16.624,16.624,16.624,16.624,153,0
2017-01-10,19:20:00,16.538,16.538,16.538,16.538,1522,0
2017-01-10,21:50:00,16.747,16.747,16.722,16.747,2446,0
2017-01-11,18:35:00,16.773,16.807,16.773,16.807,609,0
2017-01-11,20:55:00,16.839,16.839,16.814,16.814,1066,0
2017-01-11,22:00:00,17.075,17.075,16.981,16.981,761,0
2017-01-12,16:30:00,17.147,17.147,17.147,17.147,302,0
2017-01-12,16:50:00,17.088,17.088,16.896,16.896,1199,0
2017-01-12,19:10:00,16.889,16.889,16.889,16.889,214,0
2017-01-12,21:25:00,16.939,16.939,16.939,16.939,755,0
2017-01-13,15:35:00,16.969,16.969,16.969,16.969,151,0
2017-01-13,15:40:00,16.621,16.621,16.621,16.621,528,0
2017-01-13,16:00:00,16.723,16.723,16.723,16.723,151,0
2017-01-13,16:10:00,16.638,16.723,16.638,16.723,302,0
2017-01-13,16:15:00,16.723,16.723,16.723,16.723,151,0
2017-01-13,17:05:00,16.889,16.889,16.889,16.889,151,0
2017-01-13,21:45:00,16.61,16.61,16.61,16.61,453,0
2017-01-13,21:55:00,16.611,16.611,16.611,16.611,151,0
2017-01-17,15:35:00,16.936,16.936,16.708,16.708,302,0
2017-01-17,17:00:00,17.194,17.194,17.19,17.19,604,0
2017-01-17,17:25:00,17.22,17.22,17.214,17.214,1765,0
2017-01-17,17:55:00,17.22,17.22,17.22,17.22,302,0
2017-01-17,18:05:00,17.22,17.22,17.214,17.22,704,0
2017-01-17,18:10:00,17.22,17.22,16.843,16.857,3020,0
2017-01-17,18:30:00,16.711,16.711,16.711,16.711,151,0
2017-01-18,15:35:00,17.061,17.171,16.982,16.982,939,0
2017-01-18,15:45:00,17.203,17.203,17.155,17.155,310,0
2017-01-18,15:50:00,17.135,17.135,17.135,17.135,151,0
2017-01-18,15:55:00,17.155,17.188,17.155,17.188,604,0
2017-01-18,16:00:00,17.187,17.187,17.187,17.187,251,0
2017-01-18,16:30:00,17.06,17.06,17.06,17.06,154,0
2017-01-18,16:40:00,17.155,17.155,17.148,17.155,755,0
2017-01-18,16:45:00,17.155,17.155,17.155,17.155,377,0
2017-01-18,17:55:00,17.128,17.128,17.128,17.128,151,0
2017-01-18,18:25:00,17.009,17.009,16.942,16.942,1359,0
2017-01-18,18:50:00,16.954,16.956,16.954,16.956,737,0
2017-01-18,19:00:00,16.956,16.956,16.956,16.956,302,0
2017-01-18,19:40:00,16.909,16.909,16.889,16.889,654,0
2017-01-18,20:20:00,16.863,16.863,16.863,16.863,302,0
2017-01-18,20:25:00,16.889,16.889,16.889,16.889,151,0
2017-01-18,20:30:00,16.889,16.889,16.889,16.889,534,0
2017-01-18,21:20:00,17.103,17.103,17.103,17.103,302,0
2017-01-18,21:40:00,16.892,16.892,16.892,16.892,432,0
2017-01-19,16:05:00,17.055,17.079,17.055,17.079,332,0
2017-01-19,17:10:00,17.195,17.195,17.195,17.195,377,0
2017-01-19,17:45:00,17.062,17.062,17.062,17.062,151,0
2017-01-19,18:00:00,17.145,17.145,17.145,17.145,151,0
2017-01-19,18:35:00,17.024,17.024,17.024,17.024,302,0
2017-01-19,19:30:00,16.988,16.988,16.988,16.988,151,0
2017-01-19,20:55:00,16.943,16.943,16.943,16.943,604,0
2017-01-19,21:30:00,17.062,17.062,16.981,16.981,906,0
2017-01-20,15:35:00,17.155,17.155,17.155,17.155,604,0
2017-01-20,15:40:00,17.155,17.22,17.155,17.22,755,0
2017-01-20,16:00:00,17.22,17.22,17.22,17.22,151,0
2017-01-20,17:25:00,17.517,17.517,17.517,17.517,604,0
2017-01-20,18:05:00,17.552,17.565,17.325,17.325,1027,0
2017-01-20,19:20:00,17.517,17.582,17.517,17.517,1050,0
2017-01-20,19:50:00,17.439,17.439,17.439,17.439,181,0
2017-01-20,20:40:00,17.338,17.433,17.338,17.344,1181,0
2017-01-20,21:00:00,17.58,17.58,17.58,17.58,302,0
2017-01-20,22:00:00,17.724,17.724,17.724,17.724,151,0
2017-01-23,15:35:00,17.791,17.791,17.791,17.791,380,0
2017-01-23,16:50:00,19.572,19.572,17.254,17.254,1963,0
2017-01-23,17:20:00,19.907,19.907,19.907,19.907,151,0
2017-01-23,17:25:00,18.777,18.777,17.943,17.943,8083,0
2017-01-23,20:10:00,18.643,18.643,17.883,17.883,1736,0
2017-01-23,20:25:00,18.942,18.942,18.942,18.942,151,0
2017-01-23,21:10:00,17.294,17.294,17.294,17.294,151,0
2017-01-23,21:20:00,17.314,17.314,17.314,17.314,151,0
2017-01-23,21:30:00,17.334,17.334,17.334,17.334,151,0
2017-01-24,15:50:00,17.744,17.816,17.744,17.816,302,0
2017-01-24,16:00:00,19.392,19.392,19.392,19.392,1434,0
2017-01-24,18:40:00,17.518,17.518,17.518,17.518,151,0
2017-01-24,18:45:00,17.857,17.857,17.857,17.857,559,0
2017-01-24,19:05:00,17.816,17.816,17.492,17.492,453,0
2017-01-24,19:30:00,17.505,17.646,17.498,17.646,1585,0
2017-01-24,19:45:00,17.498,17.498,17.498,17.498,151,0
2017-01-24,20:15:00,17.498,17.505,17.473,17.473,604,0
2017-01-24,22:00:00,17.479,17.479,17.479,17.479,151,0
2017-01-25,15:35:00,19.003,19.003,19.003,19.003,151,0
2017-01-25,16:05:00,18.824,18.824,18.824,18.824,151,0
2017-01-25,16:40:00,17.486,17.486,17.486,17.486,151,0
2017-01-25,16:55:00,17.646,17.646,17.646,17.646,181,0
2017-01-25,17:00:00,17.518,17.545,16.669,16.669,14334,0
2017-01-25,17:05:00,17.242,17.242,17.242,17.242,604,0
2017-01-25,18:55:00,17.08,17.08,17.08,17.08,189,0
2017-01-25,19:05:00,16.902,16.902,16.823,16.823,1889,0
2017-01-25,19:10:00,16.823,16.823,16.823,16.823,151,0
2017-01-25,19:20:00,17.121,17.121,16.823,16.823,491,0
2017-01-25,19:45:00,16.936,16.936,16.936,16.936,755,0
2017-01-25,20:00:00,16.936,16.936,16.936,16.936,755,0
2017-01-25,20:15:00,16.889,16.929,16.867,16.91,1654,0
2017-01-25,20:40:00,16.916,16.922,16.916,16.922,302,0
2017-01-25,20:45:00,16.898,16.898,16.898,16.898,232,0
2017-01-25,20:55:00,16.922,16.922,16.922,16.922,302,0
2017-01-25,21:00:00,16.918,16.918,16.889,16.891,1283,0
2017-01-26,19:15:00,17.181,17.181,17.181,17.181,604,0
2017-01-26,19:30:00,16.989,16.989,16.989,16.989,151,0
2017-01-26,21:40:00,17.101,17.101,17.101,17.101,226,0
2017-01-27,15:35:00,17.101,17.101,17.101,17.101,331,0
2017-01-27,15:45:00,17.565,17.565,17.565,17.565,316,0
2017-01-27,15:55:00,17.325,17.325,17.325,17.325,604,0
2017-01-27,16:05:00,17.532,17.532,17.532,17.532,151,0
2017-01-27,16:15:00,17.452,17.452,17.452,17.452,151,0
2017-01-27,16:30:00,17.526,17.552,17.439,17.439,1265,0
2017-01-27,16:35:00,17.437,17.437,17.437,17.437,604,0
2017-01-27,16:40:00,17.349,17.364,17.349,17.364,302,0
2017-01-27,16:55:00,17.517,17.517,17.517,17.517,181,0
2017-01-27,17:25:00,17.44,17.44,17.44,17.44,453,0
2017-01-27,18:05:00,17.414,17.414,17.414,17.414,604,0
2017-01-27,19:00:00,17.525,17.525,17.525,17.525,151,0
2017-01-27,19:35:00,17.532,17.532,17.532,17.532,604,0
2017-01-27,20:10:00,17.532,17.532,17.532,17.532,835,0
2017-01-27,20:15:00,17.552,17.552,17.552,17.552,151,0
2017-01-27,21:10:00,17.684,17.684,17.666,17.666,891,0
2017-01-27,21:40:00,17.538,17.664,17.538,17.664,1208,0
2017-01-27,21:55:00,17.675,17.675,17.675,17.675,151,0
2017-01-30,17:45:00,17.444,17.444,17.444,17.444,151,0
2017-01-30,17:55:00,17.444,17.444,17.444,17.444,604,0
2017-01-30,18:40:00,17.425,17.425,17.425,17.425,453,0
2017-01-30,18:55:00,17.386,17.386,17.386,17.386,151,0
2017-01-30,19:20:00,17.314,17.314,17.314,17.314,204,0
2017-01-30,21:40:00,17.482,17.482,17.482,17.482,1491,0
2017-01-31,16:20:00,18.194,18.194,18.194,18.194,242,0
2017-01-31,17:25:00,18.181,18.181,18.181,18.181,151,0
2017-01-31,17:55:00,17.35,17.35,17.35,17.35,151,0
2017-01-31,18:10:00,18.214,18.214,18.214,18.214,299,0
2017-01-31,18:35:00,17.618,17.618,17.618,17.618,189,0
2017-01-31,20:45:00,17.901,17.901,17.901,17.901,302,0
2017-02-01,15:35:00,18.347,18.546,18.214,18.214,908,0
2017-02-01,18:10:00,17.883,17.883,17.883,17.883,151,0
2017-02-01,20:00:00,17.816,17.816,17.816,17.816,151,0
2017-02-01,21:10:00,17.841,17.841,17.841,17.841,755,0
2017-02-01,21:55:00,17.883,17.883,17.878,17.878,302,0
2017-02-02,16:05:00,17.933,17.933,17.933,17.933,455,0
2017-02-02,16:20:00,17.923,17.923,17.923,17.923,151,0
2017-02-02,18:45:00,17.923,17.923,17.923,17.923,453,0
2017-02-02,20:25:00,17.883,17.883,17.883,17.883,302,0
2017-02-02,20:50:00,17.949,17.949,17.949,17.949,431,0
2017-02-03,16:00:00,17.955,17.955,17.955,17.955,151,0
2017-02-03,18:35:00,18.082,18.248,18.082,18.082,981,0
2017-02-03,18:50:00,18.313,18.313,18.313,18.313,151,0
2017-02-03,20:35:00,18.492,18.492,18.492,18.492,263,0
2017-02-03,21:05:00,18.212,18.212,18.212,18.212,755,0
2017-02-03,21:45:00,18.214,18.214,18.214,18.214,202,0
2017-02-06,16:30:00,18.214,18.214,18.214,18.214,755,0
2017-02-06,17:30:00,18.214,18.214,18.214,18.214,302,0
2017-02-06,17:45:00,18.214,18.214,18.179,18.179,1208,0
2017-02-06,18:35:00,18.353,18.353,18.353,18.353,151,0
2017-02-06,19:00:00,18.214,18.214,18.16,18.16,302,0
2017-02-06,21:15:00,18.214,18.214,18.187,18.187,604,0
2017-02-07,15:35:00,18.069,18.069,18.069,18.069,401,0
2017-02-07,17:05:00,18.237,18.237,18.237,18.237,1208,0
2017-02-07,17:15:00,18.214,18.214,18.214,18.214,494,0
2017-02-07,17:30:00,17.883,17.883,17.883,17.883,1434,0
2017-02-07,19:25:00,17.911,17.916,17.911,17.916,1208,0
2017-02-07,20:50:00,17.949,17.949,17.949,17.949,906,0
2017-02-07,21:30:00,18.214,18.214,18.214,18.214,302,0
2017-02-08,16:25:00,18.393,18.393,18.393,18.393,1186,0
2017-02-08,16:40:00,18.38,18.38,18.38,18.38,604,0
2017-02-08,18:00:00,18.412,18.412,18.412,18.412,151,0
2017-02-08,19:15:00,18.214,18.214,18.214,18.214,151,0
2017-02-08,19:55:00,18.187,18.187,18.187,18.187,377,0
2017-02-08,20:05:00,18.196,18.196,18.196,18.196,151,0
2017-02-08,21:35:00,18.196,18.196,18.196,18.196,242,0
2017-02-09,15:35:00,17.982,17.982,17.982,17.982,347,0
2017-02-09,15:45:00,17.982,17.982,17.964,17.964,559,0
2017-02-09,16:50:00,18.209,18.209,18.209,18.209,755,0
2017-02-09,16:55:00,18.227,18.227,18.227,18.227,435,0
2017-02-09,18:45:00,18.208,18.208,18.208,18.208,1480,0
2017-02-09,19:30:00,18.19,18.19,18.19,18.19,604,0
2017-02-09,20:00:00,18.092,18.201,18.092,18.168,1631,0
2017-02-09,20:35:00,18.201,18.201,18.147,18.147,1540,0
2017-02-09,22:00:00,18.207,18.207,18.207,18.207,151,0
2017-02-10,15:35:00,18.426,18.426,18.426,18.426,265,0
2017-02-10,16:35:00,18.357,18.357,18.357,18.357,453,0
2017-02-10,17:40:00,18.38,18.38,18.38,18.38,151,0
2017-02-10,18:20:00,18.214,18.214,18.214,18.214,2567,0
2017-02-10,21:20:00,18.214,18.214,18.214,18.214,1512,0
2017-02-13,15:35:00,18.035,18.035,18.035,18.035,402,0
2017-02-13,18:30:00,18.479,18.479,18.479,18.479,302,0
2017-02-13,19:00:00,18.492,18.492,18.492,18.492,159,0
2017-02-13,20:00:00,18.481,18.481,18.481,18.481,302,0
2017-02-13,20:40:00,18.251,18.251,18.251,18.251,347,0
2017-02-13,20:50:00,18.324,18.324,18.324,18.324,151,0
2017-02-14,15:35:00,18.459,18.459,18.459,18.459,151,0
2017-02-14,17:40:00,18.459,18.492,18.347,18.347,1510,0
2017-02-14,18:15:00,18.595,18.595,18.595,18.595,151,0
2017-02-14,20:25:00,18.108,18.213,18.108,18.213,302,0
2017-02-14,22:00:00,18.176,18.176,18.176,18.176,151,0
2017-02-15,16:35:00,18.248,18.248,18.248,18.248,151,0
2017-02-15,16:50:00,18.172,18.172,18.172,18.172,151,0
2017-02-15,17:40:00,18.161,18.161,18.161,18.161,302,0
2017-02-15,17:55:00,18.181,18.181,18.181,18.181,453,0
2017-02-15,19:40:00,18.148,18.148,18.148,18.148,377,0
2017-02-15,21:05:00,18.151,18.151,18.151,18.151,302,0
2017-02-15,21:25:00,18.31,18.31,18.194,18.194,755,0
2017-02-16,17:20:00,18.313,18.313,18.208,18.208,302,0
2017-02-16,18:20:00,18.11,18.11,18.11,18.11,302,0
2017-02-16,21:15:00,18.135,18.152,18.118,18.138,2087,0
2017-02-16,21:20:00,18.125,18.125,17.95,17.95,1114,0
2017-02-16,21:25:00,17.924,17.956,17.92,17.92,2539,0
2017-02-16,21:30:00,17.897,17.91,17.883,17.91,1742,0
2017-02-16,21:40:00,17.736,17.755,17.697,17.717,1812,0
2017-02-16,21:45:00,18.055,18.063,17.605,17.644,2554,0
2017-02-16,21:50:00,17.554,17.625,17.366,17.366,3423,0
2017-02-16,21:55:00,17.386,17.39,17.088,17.168,5466,0
2017-02-17,16:05:00,17.5,17.5,17.5,17.5,1510,0
2017-02-17,16:15:00,17.453,17.459,17.453,17.459,453,0
2017-02-17,16:35:00,17.439,17.439,17.28,17.306,453,0
2017-02-17,17:20:00,17.451,17.451,17.451,17.451,302,0
2017-02-17,17:40:00,17.346,17.346,17.346,17.346,604,0
2017-02-17,17:55:00,17.353,17.379,17.353,17.379,604,0
2017-02-17,18:10:00,17.386,17.412,17.386,17.412,691,0
2017-02-17,18:40:00,17.453,17.466,17.453,17.453,453,0
2017-02-17,20:30:00,17.453,17.479,17.453,17.479,302,0
2017-02-17,20:45:00,17.469,17.469,17.469,17.469,151,0
2017-02-17,21:15:00,17.055,17.23,17.055,17.194,755,0
2017-02-17,21:20:00,17.197,17.197,17.197,17.197,2416,0
2017-02-17,21:25:00,17.121,17.131,17.068,17.077,604,0
2017-02-17,21:30:00,17.147,17.147,17.022,17.022,1661,0
2017-02-17,21:35:00,16.952,16.952,16.942,16.952,782,0
2017-02-17,21:40:00,16.956,16.956,16.889,16.889,1057,0
2017-02-17,21:45:00,16.889,16.898,16.857,16.866,1065,0
2017-02-17,21:50:00,16.73,16.763,16.723,16.733,2114,0
2017-02-17,21:55:00,16.806,16.934,16.797,16.934,3473,0
2017-02-17,22:00:00,16.922,16.931,16.79,16.915,2718,0
2017-02-21,15:35:00,17.088,17.088,17.088,17.088,151,0
2017-02-21,15:40:00,17.855,17.855,17.855,17.855,453,0
2017-02-21,16:35:00,17.717,17.717,17.717,17.717,151,0
2017-02-21,17:10:00,17.511,17.511,17.511,17.511,302,0
2017-02-21,17:50:00,17.512,17.512,17.512,17.512,151,0
2017-02-21,18:20:00,17.75,17.75,17.75,17.75,755,0
2017-02-21,18:45:00,17.836,17.836,17.836,17.836,151,0
2017-02-21,18:55:00,17.426,17.426,17.426,17.426,302,0
2017-02-21,19:05:00,17.851,17.851,17.851,17.851,755,0
2017-02-21,19:30:00,17.821,17.821,17.821,17.821,453,0
2017-02-21,19:50:00,17.777,17.856,17.737,17.814,3926,0
2017-02-21,20:10:00,17.691,17.717,17.691,17.717,352,0
2017-02-21,20:55:00,17.71,17.71,17.71,17.71,302,0
2017-02-21,21:50:00,17.704,17.704,17.684,17.684,302,0
2017-02-21,22:00:00,17.671,17.711,17.612,17.711,788,0
2017-02-22,18:50:00,17.831,17.831,17.831,17.831,151,0
2017-02-22,20:00:00,17.558,17.558,17.558,17.558,151,0
2017-02-22,20:15:00,17.552,17.552,17.552,17.552,302,0
2017-02-22,21:50:00,17.585,17.585,17.555,17.555,1042,0
2017-02-23,15:35:00,17.816,17.816,17.816,17.816,181,0
2017-02-23,17:15:00,17.717,17.717,17.717,17.717,332,0
2017-02-23,19:00:00,17.721,17.721,17.721,17.721,893,0
2017-02-24,15:35:00,17.876,17.876,17.876,17.876,332,0
2017-02-24,17:20:00,17.763,17.763,17.763,17.763,302,0
2017-02-24,18:10:00,17.863,17.863,17.863,17.863,151,0
2017-02-24,20:25:00,17.836,17.836,17.836,17.836,151,0
2017-02-24,20:50:00,17.816,17.843,17.816,17.843,377,0
2017-02-24,21:25:00,17.869,17.869,17.869,17.869,755,0
2017-02-27,15:40:00,17.863,17.87,17.863,17.87,604,0
2017-02-27,15:55:00,17.87,17.883,17.87,17.876,821,0
2017-02-27,16:00:00,17.883,17.883,17.883,17.883,151,0
2017-02-27,16:25:00,18.108,18.108,18.108,18.108,151,0
2017-02-27,17:45:00,18.099,18.099,18.099,18.099,377,0
2017-02-27,18:20:00,18.083,18.083,18.083,18.083,755,0
2017-02-27,18:30:00,18.015,18.101,18.015,18.101,453,0
2017-02-27,18:35:00,17.99,17.99,17.99,17.99,755,0
2017-02-27,20:45:00,18.095,18.095,18.095,18.095,151,0
2017-02-27,20:50:00,18.101,18.101,18.101,18.101,151,0
2017-02-27,21:05:00,18.069,18.069,18.069,18.069,453,0
2017-02-27,21:45:00,18.095,18.095,18.041,18.041,604,0
2017-02-27,22:00:00,18.101,18.101,18.101,18.101,426,0
2017-02-28,15:55:00,18.295,18.295,18.295,18.295,352,0
2017-02-28,16:00:00,18.123,18.123,18.123,18.123,1510,0
2017-02-28,16:30:00,18.069,18.069,18.069,18.069,151,0
2017-02-28,16:55:00,18.062,18.062,17.843,17.843,4529,0
2017-02-28,19:25:00,18.358,18.358,18.358,18.358,2718,0
2017-02-28,19:40:00,18.214,18.214,18.214,18.214,604,0
2017-02-28,19:50:00,18.315,18.315,18.315,18.315,151,0
2017-02-28,20:00:00,18.114,18.114,17.339,17.339,15397,0
2017-02-28,20:05:00,17.949,17.949,17.949,17.949,151,0
2017-02-28,20:10:00,17.876,17.876,17.876,17.876,151,0
2017-02-28,20:35:00,18.095,18.095,18.095,18.095,981,0
2017-02-28,21:05:00,18.035,18.035,17.81,17.81,1057,0
2017-02-28,21:10:00,17.83,17.83,17.83,17.83,151,0
2017-02-28,22:00:00,17.677,17.771,17.473,17.473,712,0
2017-03-01,16:40:00,18.43,18.43,18.128,18.128,459,0
2017-03-01,17:30:00,18.313,18.313,18.313,18.313,151,0
2017-03-01,17:40:00,18.313,18.333,18.313,18.333,1214,0
2017-03-01,17:55:00,18.546,18.546,18.546,18.546,151,0
2017-03-01,18:00:00,18.495,18.495,18.495,18.495,151,0
2017-03-01,18:10:00,18.546,18.565,18.546,18.565,2219,0
2017-03-01,19:25:00,18.78,18.78,18.78,18.78,287,0
2017-03-01,19:45:00,18.585,18.585,18.585,18.585,151,0
2017-03-01,20:00:00,18.585,18.585,18.585,18.585,302,0
2017-03-01,20:05:00,18.516,18.516,18.516,18.516,362,0
2017-03-01,20:15:00,18.446,18.512,18.446,18.512,302,0
2017-03-01,20:50:00,18.566,18.566,18.566,18.566,377,0
2017-03-01,21:00:00,18.542,18.542,18.542,18.542,151,0
2017-03-01,21:25:00,18.547,18.547,18.547,18.547,604,0
2017-03-01,21:30:00,18.512,18.585,18.512,18.512,906,0
2017-03-01,21:50:00,18.507,18.507,18.507,18.507,302,0
2017-03-01,22:00:00,18.532,18.558,18.532,18.546,453,0
2017-03-02,15:40:00,19.373,19.373,19.373,19.373,1600,0
2017-03-02,15:55:00,19.771,19.771,19.771,19.771,101,0
2017-03-02,16:00:00,19.756,19.756,19.572,19.635,1107,0
2017-03-02,16:05:00,19.697,19.697,19.643,19.643,604,0
2017-03-02,16:10:00,19.681,19.681,19.681,19.681,201,0
2017-03-02,16:15:00,19.443,19.443,19.443,19.443,201,0
2017-03-02,16:20:00,19.721,19.721,19.671,19.671,906,0
2017-03-02,16:25:00,19.668,19.671,19.545,19.545,367,0
2017-03-02,16:30:00,19.671,20.098,19.671,20.069,2466,0
2017-03-02,16:35:00,20.118,20.118,20.118,20.118,201,0
2017-03-02,16:50:00,20.218,20.8,20.118,20.118,2081,0
2017-03-02,16:55:00,20.158,20.158,20.158,20.158,182,0
2017-03-02,17:00:00,20.367,20.753,20.22,20.22,3171,0
2017-03-02,17:05:00,20.694,20.694,20.694,20.694,594,0
2017-03-02,17:15:00,20.655,20.744,20.655,20.694,604,0
2017-03-02,17:20:00,20.754,21.34,20.694,21.28,2826,0
2017-03-02,17:25:00,20.957,20.957,20.957,20.957,594,0
2017-03-02,17:30:00,20.694,20.883,20.119,20.119,1661,0
2017-03-02,17:35:00,20.979,20.979,20.581,20.581,1188,0
2017-03-02,17:40:00,20.412,20.412,20.138,20.138,913,0
2017-03-02,17:50:00,20.191,20.191,20.191,20.191,1510,0
2017-03-02,18:30:00,20.261,20.261,20.261,20.261,604,0
2017-03-02,18:35:00,20.236,20.236,20.236,20.236,604,0
2017-03-02,18:40:00,20.118,20.118,20.118,20.118,101,0
2017-03-02,18:45:00,20.237,20.237,20.237,20.237,101,0
2017-03-02,19:25:00,20.211,20.211,20.211,20.211,503,0
2017-03-02,19:45:00,20.258,20.258,20.118,20.118,1812,0
2017-03-02,19:50:00,20.069,20.069,20.069,20.069,805,0
2017-03-02,19:55:00,20.069,20.069,20.069,20.069,201,0
2017-03-02,20:00:00,19.88,19.88,19.88,19.88,101,0
2017-03-02,20:20:00,19.91,20.118,19.91,20.118,1309,0
2017-03-02,20:25:00,20.128,20.128,20.054,20.123,1812,0
2017-03-02,20:30:00,20.118,20.118,20.118,20.118,201,0
2017-03-02,20:50:00,20.001,20.001,20.001,20.001,302,0
2017-03-02,20:55:00,20.074,20.074,20.074,20.074,101,0
2017-03-02,21:00:00,20.118,20.138,20.118,20.138,705,0
2017-03-02,21:05:00,20.059,20.137,20.059,20.137,302,0
2017-03-02,21:20:00,20.118,20.118,20.108,20.108,302,0
2017-03-02,21:40:00,20.118,20.118,20.118,20.118,201,0
2017-03-02,21:45:00,20.118,20.128,19.92,19.92,2665,0
2017-03-02,22:00:00,19.959,20.218,19.959,20.029,403,0
2017-03-03,15:35:00,20.267,20.267,20.267,20.267,151,0
2017-03-03,15:45:00,20.132,20.132,20.132,20.132,126,0
2017-03-03,15:55:00,20.118,20.118,20.118,20.118,201,0
2017-03-03,16:05:00,20.245,20.245,20.245,20.245,240,0
2017-03-03,16:10:00,20.118,20.258,20.118,20.258,302,0
2017-03-03,16:25:00,20.13,20.13,20.13,20.13,151,0
2017-03-03,17:00:00,20.069,20.118,20.069,20.118,1280,0
2017-03-03,17:10:00,20.039,20.039,20.039,20.039,101,0
2017-03-03,17:50:00,20.097,20.097,20.097,20.097,542,0
2017-03-03,19:15:00,20.056,20.056,20.056,20.056,1343,0
2017-03-03,19:25:00,20.122,20.122,20.122,20.122,243,0
2017-03-03,19:40:00,20.069,20.069,20.069,20.069,101,0
2017-03-03,20:40:00,20.059,20.059,20.029,20.029,788,0
2017-03-03,20:55:00,20.029,20.029,20.029,20.029,101,0
2017-03-03,21:10:00,20.029,20.029,20.029,20.029,623,0
2017-03-03,21:15:00,19.92,19.92,19.92,19.92,101,0
2017-03-03,21:40:00,19.87,19.87,19.87,19.87,101,0
2017-03-03,22:00:00,19.87,19.87,19.671,19.671,255,0
2017-03-06,15:35:00,19.78,19.78,19.671,19.671,504,0
2017-03-06,15:40:00,19.671,19.671,19.671,19.671,503,0
2017-03-06,15:45:00,19.339,19.339,19.125,19.125,2577,0
2017-03-06,15:50:00,19.154,19.154,19.154,19.154,161,0
2017-03-06,15:55:00,19.493,19.493,19.493,19.493,670,0
2017-03-06,16:15:00,19.373,19.373,19.373,19.373,101,0
2017-03-06,19:10:00,19.482,19.482,19.184,19.22,1837,0
2017-03-06,19:25:00,19.334,19.334,19.334,19.334,698,0
2017-03-06,19:30:00,19.125,19.125,19.125,19.125,101,0
2017-03-06,21:20:00,19.125,19.125,19.125,19.125,101,0
2017-03-06,21:35:00,19.035,19.035,19.035,19.035,101,0
2017-03-07,15:35:00,19.075,19.075,19.075,19.075,101,0
2017-03-07,15:50:00,19.173,19.174,19.055,19.055,805,0
2017-03-07,15:55:00,19.113,19.113,19.113,19.113,151,0
2017-03-07,16:10:00,19.075,19.075,19.035,19.035,604,0
2017-03-07,16:15:00,18.926,18.926,18.926,18.926,101,0
2017-03-07,16:30:00,18.886,18.886,18.886,18.886,101,0
2017-03-07,17:25:00,18.926,18.926,18.926,18.926,101,0
2017-03-07,18:00:00,18.936,18.956,18.926,18.936,1007,0
2017-03-07,19:25:00,19.135,19.174,19.135,19.174,663,0
2017-03-07,21:25:00,19.025,19.025,19.025,19.025,101,0
2017-03-08,15:35:00,18.976,18.976,18.976,18.976,411,0
2017-03-08,19:25:00,19.033,19.033,19.033,19.033,101,0
2017-03-08,20:20:00,19.074,19.074,19.074,19.074,377,0
2017-03-08,21:45:00,19.05,19.05,19.05,19.05,101,0
2017-03-08,21:50:00,19.05,19.05,19.05,19.05,302,0
2017-03-08,21:55:00,19.05,19.05,19.05,19.05,201,0
2017-03-08,22:00:00,19.055,19.065,19.055,19.065,582,0
2017-03-09,15:35:00,19.065,19.065,19.065,19.065,201,0
2017-03-09,18:55:00,18.955,18.955,18.955,18.955,309,0
2017-03-09,19:30:00,19.008,19.045,19.008,19.045,805,0
2017-03-09,19:35:00,19.045,19.055,19.045,19.055,201,0
2017-03-09,20:00:00,19.016,19.045,19.016,19.045,906,0
2017-03-10,15:35:00,19.045,19.045,19.045,19.045,161,0
2017-03-10,16:20:00,19.075,19.075,19.075,19.075,114,0
2017-03-10,17:15:00,19.075,19.075,19.075,19.075,101,0
2017-03-10,19:45:00,19.075,19.075,19.075,19.075,101,0
2017-03-10,20:25:00,19.075,19.075,18.946,18.946,705,0
2017-03-10,21:05:00,18.998,18.998,18.998,18.998,151,0
2017-03-10,22:00:00,18.876,18.876,18.876,18.876,365,0
2017-03-13,17:05:00,18.887,18.887,18.887,18.887,805,0
2017-03-13,17:45:00,19.052,19.052,19.052,19.052,302,0
2017-03-13,18:35:00,18.996,18.996,18.976,18.986,1878,0
2017-03-13,18:40:00,18.926,18.926,18.926,18.926,302,0
2017-03-13,18:45:00,18.926,18.926,18.926,18.926,191,0
2017-03-13,18:50:00,18.876,18.877,18.48,18.48,2412,0
2017-03-13,18:55:00,18.757,18.827,18.757,18.827,201,0
2017-03-13,19:00:00,18.826,18.827,18.826,18.827,302,0
2017-03-13,19:05:00,18.866,18.866,18.866,18.866,302,0
2017-03-13,19:15:00,18.827,18.827,18.827,18.827,403,0
2017-03-13,19:35:00,18.902,18.902,18.902,18.902,101,0
2017-03-13,19:50:00,18.978,18.978,18.978,18.978,249,0
2017-03-13,20:20:00,18.827,18.827,18.827,18.827,101,0
2017-03-13,21:00:00,18.837,18.837,18.837,18.837,101,0
2017-03-14,14:35:00,18.936,18.936,18.936,18.936,144,0
2017-03-14,15:50:00,18.777,18.777,18.777,18.777,785,0
2017-03-14,16:20:00,18.733,18.733,18.733,18.733,608,0
2017-03-14,16:40:00,18.631,18.631,18.631,18.631,302,0
2017-03-14,20:25:00,18.612,18.612,18.612,18.612,1007,0
2017-03-14,20:40:00,18.628,18.628,18.628,18.628,101,0
2017-03-14,21:00:00,18.628,18.628,18.628,18.628,101,0
2017-03-15,15:00:00,18.957,18.957,18.957,18.957,730,0
2017-03-15,15:15:00,19.493,19.493,19.493,19.493,181,0
2017-03-15,15:25:00,18.916,18.916,18.916,18.916,252,0
2017-03-15,15:55:00,18.479,18.479,18.479,18.479,101,0
2017-03-15,16:25:00,19.035,19.035,19.035,19.035,101,0
2017-03-15,17:25:00,19.22,19.22,19.22,19.22,302,0
2017-03-15,18:50:00,19.227,19.463,19.197,19.284,2013,0
2017-03-15,19:10:00,19.032,19.032,19.032,19.032,1510,0
2017-03-15,19:35:00,19.177,19.177,19.177,19.177,921,0
2017-03-15,21:00:00,18.936,18.936,18.936,18.936,327,0
2017-03-16,16:00:00,18.986,18.986,18.986,18.986,201,0
2017-03-16,18:45:00,19.05,19.05,19.05,19.05,403,0
2017-03-16,18:55:00,19.115,19.115,19.115,19.115,604,0
2017-03-16,19:25:00,19.031,19.031,19.031,19.031,201,0
2017-03-16,21:00:00,18.946,18.946,18.946,18.946,201,0
2017-03-17,16:30:00,19.125,19.299,19.125,19.299,243,0
2017-03-17,17:55:00,19.363,19.363,19.363,19.363,101,0
2017-03-17,18:45:00,19.363,19.363,19.363,19.363,101,0
2017-03-17,19:30:00,19.363,19.363,19.363,19.363,101,0
2017-03-17,20:10:00,19.333,19.383,19.333,19.383,681,0
2017-03-17,20:15:00,19.383,20.218,19.383,20.218,1510,0
2017-03-17,20:20:00,20.357,20.814,20.317,20.814,3624,0
2017-03-17,20:25:00,20.724,21.479,20.685,21.479,2114,0
2017-03-17,20:30:00,21.479,21.658,20.198,21.41,4786,0
2017-03-17,20:35:00,21.549,21.738,21.41,21.718,6442,0
2017-03-17,20:40:00,21.708,21.708,21.609,21.698,4026,0
2017-03-17,20:45:00,21.708,21.966,21.469,21.926,8556,0
2017-03-17,20:50:00,21.936,22.056,21.624,22.036,4429,0
2017-03-17,20:55:00,22.046,22.254,21.75,22.254,7415,0
2017-03-17,21:00:00,22.254,22.364,22.125,22.354,14483,0
2017-03-20,14:35:00,21.758,21.857,21.37,21.857,5389,0
2017-03-20,14:40:00,21.822,21.822,21.37,21.579,5083,0
2017-03-20,15:25:00,21.579,21.579,21.579,21.579,503,0
2017-03-20,15:40:00,21.579,21.579,21.573,21.579,1610,0
2017-03-20,15:45:00,21.767,21.791,21.599,21.599,705,0
2017-03-20,15:50:00,21.509,21.509,21.509,21.509,101,0
2017-03-20,16:00:00,21.574,21.574,21.574,21.574,981,0
2017-03-20,16:05:00,21.509,21.559,21.509,21.519,654,0
2017-03-20,16:15:00,21.728,21.758,21.519,21.519,403,0
2017-03-20,16:30:00,21.525,21.525,21.525,21.525,201,0
2017-03-20,17:30:00,21.529,21.563,21.459,21.459,3921,0
2017-03-20,17:35:00,21.241,21.241,21.241,21.241,101,0
2017-03-20,17:55:00,21.282,21.282,21.282,21.282,252,0
2017-03-20,18:10:00,21.231,21.231,21.231,21.231,101,0
2017-03-20,18:45:00,21.142,21.243,21.142,21.198,2114,0
2017-03-20,19:05:00,21.231,21.231,21.102,21.227,2416,0
2017-03-20,19:10:00,21.112,21.112,21.112,21.112,101,0
2017-03-20,19:20:00,21.082,21.124,21.082,21.124,403,0
2017-03-20,19:25:00,21.082,21.082,21.082,21.082,101,0
2017-03-20,19:35:00,21.138,21.138,21.138,21.138,604,0
2017-03-20,20:15:00,21.092,21.092,21.092,21.092,101,0
2017-03-20,20:25:00,21.102,21.102,21.102,21.102,403,0
2017-03-20,20:50:00,21.142,21.142,21.062,21.062,1057,0
2017-03-20,20:55:00,21.102,21.102,21.042,21.082,7605,0
2017-03-20,21:00:00,21.082,21.082,21.012,21.012,201,0
2017-03-21,14:35:00,21.43,21.43,21.43,21.43,166,0
2017-03-21,14:40:00,20.814,20.814,20.814,20.814,101,0
2017-03-21,15:05:00,20.725,21.152,20.725,21.152,654,0
2017-03-21,15:10:00,21.142,21.161,21.132,21.161,2315,0
2017-03-21,15:25:00,20.963,20.963,20.963,20.963,101,0
2017-03-21,17:30:00,20.973,20.973,20.973,20.973,101,0
2017-03-21,17:35:00,21.062,21.062,21.062,21.062,101,0
2017-03-21,18:30:00,21.112,21.112,21.012,21.012,403,0
2017-03-21,18:35:00,21.112,21.112,20.983,21.111,4735,0
2017-03-21,18:40:00,21.072,21.072,20.983,20.983,1610,0
2017-03-21,18:45:00,20.963,20.963,20.903,20.903,705,0
2017-03-21,18:50:00,20.873,20.873,20.645,20.873,1863,0
2017-03-21,18:55:00,20.873,20.873,20.645,20.645,1056,0
2017-03-21,19:00:00,20.645,20.645,20.645,20.645,805,0
2017-03-21,19:05:00,20.675,20.714,20.655,20.709,1107,0
2017-03-21,19:10:00,20.675,20.744,20.675,20.744,1107,0
2017-03-21,19:15:00,20.744,20.853,20.744,20.853,302,0
2017-03-21,19:25:00,20.863,20.863,20.834,20.834,201,0
2017-03-21,19:30:00,20.774,20.774,20.675,20.675,705,0
2017-03-21,19:35:00,20.675,20.675,20.665,20.665,403,0
2017-03-21,19:40:00,20.675,20.675,20.665,20.665,403,0
2017-03-21,19:55:00,20.615,20.714,20.486,20.496,2617,0
2017-03-21,20:00:00,20.565,20.565,20.416,20.416,503,0
2017-03-21,20:05:00,20.605,20.605,20.377,20.377,1007,0
2017-03-21,20:10:00,20.377,20.377,20.327,20.377,488,0
2017-03-21,20:15:00,20.327,20.377,20.317,20.377,906,0
2017-03-21,20:20:00,20.297,20.297,20.287,20.287,705,0
2017-03-21,20:25:00,20.317,20.317,20.277,20.277,1510,0
2017-03-21,20:30:00,19.969,20.443,19.592,19.592,1309,0
2017-03-21,20:35:00,19.423,19.443,19.383,19.383,956,0
2017-03-21,20:40:00,20.039,20.039,19.373,19.423,3009,0
2017-03-21,20:45:00,19.433,19.472,19.423,19.472,1258,0
2017-03-21,20:50:00,19.165,19.472,19.015,19.472,1791,0
2017-03-21,20:55:00,19.373,20.053,18.996,19.214,2416,0
2017-03-21,21:00:00,19.761,19.761,19.095,19.095,2505,0
2017-03-22,14:35:00,19.661,19.661,19.661,19.661,2013,0
2017-03-22,14:55:00,19.771,19.771,19.701,19.701,760,0
2017-03-22,16:20:00,20.048,20.048,20.048,20.048,101,0
2017-03-22,16:50:00,19.939,19.939,19.601,19.601,1235,0
2017-03-22,17:45:00,20.168,20.168,20.168,20.168,101,0
2017-03-22,20:00:00,20.168,20.168,20.168,20.168,101,0
2017-03-22,20:25:00,20.137,20.137,19.671,19.671,1143,0
2017-03-22,20:50:00,19.755,19.755,19.755,19.755,1510,0
2017-03-22,21:00:00,19.9,20.158,19.641,19.641,1974,0
2017-03-23,14:35:00,19.463,19.463,19.135,19.135,555,0
2017-03-23,17:55:00,19.703,19.87,19.403,19.87,1610,0
2017-03-23,18:10:00,19.83,19.83,19.83,19.83,101,0
2017-03-23,18:45:00,19.812,19.87,19.812,19.87,805,0
2017-03-23,18:55:00,19.761,19.761,19.761,19.761,201,0
2017-03-23,20:20:00,19.785,19.785,19.785,19.785,503,0
2017-03-23,20:25:00,19.84,19.84,19.84,19.84,101,0
2017-03-23,20:45:00,19.718,19.718,19.718,19.718,101,0
2017-03-23,21:00:00,19.701,19.701,19.701,19.701,102,0
2017-03-24,15:50:00,19.82,19.82,19.82,19.82,101,0
2017-03-24,16:40:00,19.82,19.82,19.82,19.82,101,0
2017-03-24,16:50:00,19.82,19.82,19.82,19.82,101,0
2017-03-24,18:00:00,19.82,19.82,19.82,19.82,101,0
2017-03-24,18:10:00,19.82,19.82,19.82,19.82,201,0
2017-03-24,18:35:00,19.848,19.939,19.848,19.939,257,0
2017-03-24,18:40:00,19.939,19.939,19.731,19.87,1927,0
2017-03-24,19:35:00,19.91,19.91,19.91,19.91,101,0
2017-03-24,19:40:00,19.92,19.92,19.92,19.92,101,0
2017-03-24,20:30:00,19.92,19.92,19.92,19.92,101,0
2017-03-24,21:00:00,19.89,19.89,19.89,19.89,101,0
2017-03-27,15:35:00,19.969,19.969,19.969,19.969,1716,0
2017-03-27,15:45:00,21.797,21.797,21.797,21.797,101,0
2017-03-27,15:55:00,20.02,20.02,20.02,20.02,418,0
2017-03-27,17:00:00,20.361,20.362,20.361,20.362,201,0
2017-03-27,17:05:00,20.049,20.049,20.049,20.049,190,0
2017-03-27,18:50:00,20.069,20.069,20.069,20.069,133,0
2017-03-27,19:40:00,20.545,20.545,20.545,20.545,101,0
2017-03-27,19:55:00,20.565,20.565,20.565,20.565,101,0
2017-03-27,20:05:00,20.272,20.272,20.272,20.272,201,0
2017-03-27,21:20:00,20.565,20.565,20.565,20.565,302,0
2017-03-27,21:30:00,20.267,20.267,20.267,20.267,101,0
2017-03-27,21:35:00,20.534,20.534,20.516,20.516,302,0
2017-03-27,21:55:00,20.267,20.565,20.267,20.565,611,0
2017-03-27,22:00:00,20.55,20.565,20.55,20.565,278,0
2017-03-28,16:05:00,20.267,20.565,20.267,20.565,1090,0
2017-03-28,16:25:00,21.165,21.241,21.165,21.241,201,0
2017-03-28,16:30:00,21.807,21.807,21.807,21.807,101,0
2017-03-28,16:40:00,21.216,21.216,21.216,21.216,302,0
2017-03-28,17:20:00,21.002,21.002,21.002,21.002,101,0
2017-03-28,17:55:00,21.082,21.082,21.082,21.082,101,0
2017-03-28,18:00:00,21.09,21.09,21.09,21.09,252,0
2017-03-28,18:15:00,21.122,21.122,21.122,21.122,101,0
2017-03-28,20:55:00,21.052,21.122,21.052,21.122,1610,0
2017-03-28,21:20:00,20.675,20.675,20.675,20.675,151,0
2017-03-28,21:55:00,21.112,21.142,21.092,21.142,1961,0
2017-03-28,22:00:00,21.459,21.479,20.754,20.754,503,0
2017-03-29,15:35:00,20.923,20.923,20.923,20.923,191,0
2017-03-29,17:30:00,21.012,21.012,21.012,21.012,250,0
2017-03-29,18:05:00,21.112,21.112,21.05,21.05,289,0
2017-03-29,19:30:00,21.112,21.112,21.112,21.112,403,0
2017-03-29,20:05:00,21.112,21.112,21.112,21.112,906,0
2017-03-29,20:10:00,21.36,21.708,21.36,21.708,341,0
2017-03-29,20:15:00,21.628,21.628,21.628,21.628,132,0
2017-03-29,20:25:00,21.569,21.698,21.569,21.698,403,0
2017-03-29,20:40:00,21.599,21.599,21.569,21.569,403,0
2017-03-29,20:45:00,21.469,21.469,21.469,21.469,101,0
2017-03-29,21:20:00,21.261,21.261,21.261,21.261,151,0
2017-03-29,21:45:00,21.241,21.32,21.241,21.32,604,0
2017-03-29,22:00:00,21.32,21.32,21.32,21.32,160,0
2017-03-30,15:35:00,21.459,21.459,21.459,21.459,181,0
2017-03-30,17:00:00,21.301,21.301,21.301,21.301,101,0
2017-03-30,17:45:00,21.36,21.36,21.34,21.36,824,0
2017-03-30,18:10:00,21.36,21.41,21.31,21.41,942,0
2017-03-30,18:25:00,21.119,21.119,21.119,21.119,101,0
2017-03-30,19:05:00,21.41,21.41,21.41,21.41,101,0
2017-03-30,20:10:00,21.359,21.36,21.359,21.36,480,0
2017-03-30,21:30:00,21.34,21.385,21.34,21.385,201,0
2017-03-30,21:55:00,21.241,21.241,21.241,21.241,201,0
2017-03-30,22:00:00,21.4,21.4,21.4,21.4,101,0
2017-03-31,16:00:00,21.142,21.142,21.142,21.142,151,0
2017-03-31,17:10:00,21.857,21.857,21.857,21.857,188,0
2017-03-31,17:50:00,21.676,21.708,21.676,21.708,604,0
2017-03-31,18:00:00,21.708,21.857,21.708,21.738,1007,0
2017-03-31,18:05:00,21.753,21.857,21.728,21.857,1260,0
2017-03-31,18:15:00,21.857,21.857,21.857,21.857,1812,0
2017-03-31,18:30:00,22.234,22.234,22.234,22.234,101,0
2017-03-31,18:45:00,22.08,22.08,22.08,22.08,292,0
2017-03-31,19:05:00,21.898,21.898,21.898,21.898,311,0
2017-03-31,19:20:00,22.046,22.046,22.046,22.046,101,0
2017-03-31,19:45:00,22.056,22.056,22.056,22.056,101,0
2017-03-31,20:35:00,22.026,22.056,22.026,22.056,222,0
2017-03-31,21:40:00,21.837,21.837,21.837,21.837,101,0
2017-03-31,21:50:00,21.897,21.897,21.897,21.897,101,0
2017-03-31,22:00:00,21.857,21.857,21.857,21.857,302,0
2017-04-03,15:35:00,21.857,21.857,21.857,21.857,1829,0
2017-04-03,16:25:00,21.857,21.857,21.827,21.857,4813,0
2017-04-03,16:30:00,22.056,22.056,21.926,21.926,302,0
2017-04-03,17:00:00,21.758,21.758,21.758,21.758,201,0
2017-04-03,20:35:00,21.758,21.758,21.432,21.698,839,0
2017-04-03,20:50:00,21.758,21.758,21.758,21.758,101,0
2017-04-03,21:40:00,21.758,21.758,21.758,21.758,101,0
2017-04-03,21:55:00,21.748,21.748,21.748,21.748,101,0
2017-04-03,22:00:00,21.658,21.658,21.658,21.658,149,0
2017-04-04,15:45:00,21.807,21.807,21.807,21.807,101,0
2017-04-04,16:05:00,21.847,21.847,21.847,21.847,101,0
2017-04-04,16:10:00,21.459,21.459,21.459,21.459,101,0
2017-04-04,16:20:00,21.787,21.787,21.787,21.787,101,0
2017-04-04,16:35:00,21.708,21.708,21.708,21.708,101,0
2017-04-04,17:05:00,21.847,21.847,21.847,21.847,229,0
2017-04-04,17:20:00,21.777,21.777,21.777,21.777,351,0
2017-04-04,17:40:00,21.777,21.777,21.777,21.777,101,0
2017-04-04,18:20:00,21.847,21.847,21.847,21.847,101,0
2017-04-04,18:45:00,21.847,21.847,21.847,21.847,101,0
2017-04-04,18:50:00,21.857,21.857,21.857,21.857,216,0
2017-04-04,19:00:00,21.867,21.867,21.867,21.867,101,0
2017-04-04,19:30:00,21.983,21.983,21.983,21.983,201,0
2017-04-04,19:35:00,21.857,21.857,21.857,21.857,101,0
2017-04-04,19:50:00,22.105,22.105,22.104,22.104,274,0
2017-04-04,20:05:00,22.105,22.105,22.105,22.105,101,0
2017-04-04,20:20:00,22.026,22.026,22.026,22.026,424,0
2017-04-04,20:35:00,22.026,22.026,22.026,22.026,407,0
2017-04-04,21:00:00,22.155,22.155,22.155,22.155,101,0
2017-04-04,21:10:00,22.145,22.145,22.145,22.145,101,0
2017-04-04,21:25:00,22.135,22.145,22.135,22.145,287,0
2017-04-04,21:35:00,22.145,22.145,22.145,22.145,101,0
2017-04-04,21:40:00,22.1,22.145,22.1,22.145,237,0
2017-04-04,21:45:00,21.956,22.135,21.956,22.135,478,0
2017-04-04,21:55:00,22.145,22.145,22.145,22.145,101,0
2017-04-04,22:00:00,22.155,22.155,21.966,21.966,385,0
2017-04-05,15:35:00,22.185,22.185,21.907,21.907,1027,0
2017-04-05,16:05:00,22.354,22.354,22.354,22.354,101,0
2017-04-05,16:40:00,21.609,21.667,21.609,21.667,302,0
2017-04-05,16:45:00,21.502,21.502,21.502,21.502,453,0
2017-04-05,17:35:00,21.867,21.867,21.867,21.867,1208,0
2017-04-05,18:25:00,21.815,21.847,21.815,21.847,201,0
2017-04-05,19:30:00,22.205,22.205,22.205,22.205,101,0
2017-04-05,20:05:00,21.867,21.867,21.857,21.857,1107,0
2017-04-05,20:10:00,21.907,21.907,21.857,21.857,835,0
2017-04-05,20:15:00,21.867,22.205,21.857,21.857,604,0
2017-04-05,20:25:00,21.748,21.748,21.748,21.748,101,0
2017-04-05,20:30:00,21.827,21.827,21.827,21.827,201,0
2017-04-05,20:35:00,21.847,21.847,21.847,21.847,101,0
2017-04-05,20:50:00,21.793,21.793,21.793,21.793,200,0
2017-04-05,21:45:00,22.205,22.205,22.205,22.205,101,0
2017-04-06,15:35:00,21.569,21.569,21.569,21.569,1072,0
2017-04-06,16:20:00,21.807,21.807,21.807,21.807,101,0
2017-04-06,16:45:00,21.718,21.718,21.718,21.718,201,0
2017-04-06,16:50:00,21.738,21.748,21.738,21.748,201,0
2017-04-06,16:55:00,21.758,21.758,21.758,21.758,101,0
2017-04-06,17:05:00,21.758,21.758,21.758,21.758,101,0
2017-04-06,17:15:00,21.758,21.758,21.758,21.758,604,0
2017-04-06,17:35:00,21.867,21.867,21.857,21.867,2315,0
2017-04-06,17:40:00,21.897,22.061,21.857,21.961,1188,0
2017-04-06,18:20:00,21.911,21.911,21.911,21.911,201,0
2017-04-06,18:45:00,21.936,21.936,21.936,21.936,201,0
2017-04-06,18:50:00,21.956,21.956,21.956,21.956,1610,0
2017-04-06,19:00:00,21.956,21.956,21.956,21.956,201,0
2017-04-06,19:30:00,21.921,21.921,21.857,21.857,971,0
2017-04-06,19:35:00,21.986,21.986,21.986,21.986,101,0
2017-04-06,20:20:00,21.807,21.807,21.767,21.767,302,0
2017-04-06,20:35:00,21.847,21.847,21.847,21.847,101,0
2017-04-06,21:00:00,21.847,21.847,21.847,21.847,101,0
2017-04-06,21:10:00,21.777,21.857,21.777,21.857,805,0
2017-04-06,21:15:00,21.743,21.743,21.743,21.743,101,0
2017-04-06,21:20:00,21.807,21.807,21.807,21.807,101,0
2017-04-06,21:25:00,21.817,21.817,21.817,21.817,403,0
2017-04-06,21:35:00,21.936,21.936,21.936,21.936,101,0
2017-04-06,21:40:00,21.484,21.827,21.484,21.827,453,0
2017-04-06,21:55:00,21.748,21.916,21.728,21.916,476,0
2017-04-06,22:00:00,21.738,21.738,21.738,21.738,101,0
2017-04-07,15:35:00,21.638,21.638,21.638,21.638,202,0
2017-04-07,17:55:00,21.956,21.956,21.956,21.956,101,0
2017-04-07,19:30:00,21.956,21.956,21.956,21.956,101,0
2017-04-07,20:30:00,21.956,21.956,21.956,21.956,503,0
2017-04-07,20:40:00,21.914,22.155,21.914,22.155,1185,0
2017-04-07,20:50:00,21.956,21.956,21.926,21.926,201,0
2017-04-07,21:15:00,21.877,21.877,21.857,21.857,403,0
2017-04-07,21:30:00,21.956,21.956,21.857,21.857,805,0
2017-04-07,21:35:00,21.916,21.916,21.916,21.916,202,0
2017-04-10,17:10:00,21.907,21.907,21.907,21.907,201,0
2017-04-10,17:15:00,21.993,21.993,21.993,21.993,123,0
2017-04-10,19:15:00,22.056,22.056,22.056,22.056,350,0
2017-04-10,19:20:00,22.324,22.324,22.324,22.324,101,0
2017-04-10,20:10:00,22.264,22.304,22.264,22.304,201,0
2017-04-10,20:55:00,22.294,22.294,22.264,22.264,201,0
2017-04-10,21:25:00,22.254,22.254,22.254,22.254,101,0
2017-04-10,21:30:00,22.215,22.215,22.215,22.215,101,0
2017-04-10,21:40:00,22.105,22.105,22.105,22.105,101,0
2017-04-11,15:35:00,22.125,22.125,22.125,22.125,128,0
2017-04-11,16:10:00,21.956,22.046,21.59,21.857,8513,0
2017-04-11,16:20:00,22.006,22.006,22.006,22.006,101,0
2017-04-11,16:35:00,22.046,22.046,22.046,22.046,101,0
2017-04-11,16:55:00,22.105,22.105,22.105,22.105,191,0
2017-04-11,17:10:00,22.254,22.254,22.254,22.254,101,0
2017-04-11,17:20:00,22.105,22.254,22.105,22.254,906,0
2017-04-11,18:30:00,22.254,22.254,22.12,22.254,507,0
2017-04-11,18:45:00,22.254,22.254,22.254,22.254,201,0
2017-04-11,18:50:00,22.254,22.324,22.254,22.324,503,0
2017-04-11,18:55:00,22.298,22.304,22.298,22.304,678,0
2017-04-11,19:15:00,22.254,22.254,22.254,22.254,302,0
2017-04-11,19:50:00,22.334,22.334,22.334,22.334,101,0
2017-04-11,20:55:00,22.254,22.254,22.254,22.254,268,0
2017-04-11,21:30:00,22.334,22.334,22.334,22.334,188,0
2017-04-11,21:55:00,22.254,22.334,22.254,22.334,485,0
2017-04-11,22:00:00,22.145,22.145,22.145,22.145,268,0
2017-04-12,16:25:00,22.25,22.25,22.25,22.25,100,0
2017-04-12,17:30:00,22.25,22.25,22.25,22.25,100,0
2017-04-12,17:50:00,22.227,22.227,22.227,22.227,300,0
2017-04-12,17:55:00,22.246,22.45,22.246,22.45,1013,0
2017-04-12,18:10:00,22.46,22.47,22.44,22.47,500,0
2017-04-12,19:15:00,22.4,22.4,22.4,22.4,100,0
2017-04-12,19:55:00,22.38,22.38,22.38,22.38,200,0
2017-04-12,20:05:00,22.3227,22.4,22.3227,22.4,600,0
2017-04-12,20:10:00,22.3,22.3,22.3,22.3,127,0
2017-04-12,20:20:00,22.46,22.46,22.46,22.46,100,0
2017-04-12,20:40:00,22.5,24.03,22.5,23.79,6961,0
2017-04-12,20:45:00,23.1,23.73,23.1,23.26,399,0
2017-04-12,20:50:00,23.56,23.56,23.29,23.29,400,0
2017-04-12,20:55:00,23.38,23.38,23.25,23.25,500,0
2017-04-12,21:00:00,23.18,23.18,23.18,23.18,307,0
2017-04-12,21:05:00,23.0899,23.18,23.0899,23.18,1499,0
2017-04-12,21:25:00,23.637,23.637,23.637,23.637,200,0
2017-04-12,21:40:00,23.52,23.52,23.52,23.52,100,0
2017-04-12,21:45:00,23.25,23.25,23.25,23.25,200,0
2017-04-12,21:50:00,23.235,23.24,23.235,23.24,300,0
2017-04-12,21:55:00,23.24,23.24,23.24,23.24,500,0
2017-04-12,22:00:00,23.24,23.24,23.24,23.24,501,0
2017-04-13,15:35:00,23.66,24.899,23.66,24.899,1053,0
2017-04-13,15:45:00,22.24,22.24,22.24,22.24,100,0
2017-04-13,15:55:00,23.8567,23.8567,23.8567,23.8567,100,0
2017-04-13,16:55:00,23.4316,23.5,22.44,23.5,5050,0
2017-04-13,17:00:00,22.87,22.87,22.24,22.24,6412,0
2017-04-13,17:05:00,22.69,22.75,22.69,22.75,1100,0
2017-04-13,17:10:00,22.5101,22.5976,22.5101,22.53,500,0
2017-04-13,17:15:00,22.6062,22.6062,22.5,22.5,900,0
2017-04-13,17:25:00,22.51,22.51,22.51,22.51,100,0
2017-04-13,18:55:00,22.45,22.7097,22.4,22.7097,900,0
2017-04-13,19:35:00,22.41,22.41,22.41,22.41,100,0
2017-04-13,19:40:00,22.5108,22.54,22.49,22.49,401,0
2017-04-13,19:50:00,22.49,22.6997,22.48,22.48,700,0
2017-04-13,20:10:00,22.48,22.5,22.48,22.5,500,0
2017-04-13,20:20:00,22.4364,22.4364,22.4364,22.4364,200,0
2017-04-13,20:25:00,22.53,22.53,22.53,22.53,100,0
2017-04-13,21:20:00,22.53,22.53,22.53,22.53,100,0
2017-04-13,21:35:00,22.49,22.49,22.49,22.49,200,0
2017-04-13,21:45:00,22.53,22.53,22.53,22.53,100,0
2017-04-13,21:50:00,22.52,22.52,22.52,22.52,100,0
2017-04-13,22:00:00,22.52,22.82,22.4,22.82,1253,0
2017-04-17,15:35:00,22,22,21.78,21.78,3625,0
2017-04-17,15:40:00,21.8,21.8,21.8,21.8,100,0
2017-04-17,15:55:00,21.95,22,21.9,21.9178,2522,0
2017-04-17,16:20:00,21.83,21.83,21.81,21.81,200,0
2017-04-17,16:25:00,21.969,21.969,21.969,21.969,500,0
2017-04-17,17:10:00,21.97,21.97,21.97,21.97,100,0
2017-04-17,17:20:00,21.8,21.8913,21.7113,21.7113,825,0
2017-04-17,18:20:00,21.74,21.74,21.74,21.74,151,0
2017-04-17,18:35:00,21.996,22,21.996,22,500,0
2017-04-17,19:05:00,21.7975,21.7975,21.7975,21.7975,155,0
2017-04-17,19:55:00,22,22,22,22,100,0
2017-04-17,20:20:00,21.98,21.98,21.98,21.98,100,0
2017-04-17,20:25:00,21.85,21.85,21.85,21.85,100,0
2017-04-17,20:55:00,21.8547,21.8547,21.8547,21.8547,150,0
2017-04-17,21:00:00,22,22,22,22,100,0
2017-04-17,21:20:00,21.99,21.99,21.99,21.99,100,0
2017-04-17,21:35:00,22,22,22,22,100,0
2017-04-17,21:40:00,21.95,21.95,21.95,21.95,100,0
2017-04-17,21:45:00,21.8853,21.8853,21.8853,21.8853,150,0
2017-04-17,21:55:00,21.895,21.895,21.8847,21.8847,260,0
2017-04-17,22:00:00,21.8,21.98,21.72,21.72,1800,0
2017-04-18,15:35:00,21.68,21.68,21.68,21.68,405,0
2017-04-18,16:40:00,21.8539,21.8539,21.8539,21.8539,300,0
2017-04-18,16:45:00,21.8758,21.99,21.7217,21.765,2146,0
2017-04-18,16:55:00,21.8218,21.8218,21.8218,21.8218,300,0
2017-04-18,17:00:00,21.95,21.95,21.95,21.95,100,0
2017-04-18,17:05:00,21.932,21.932,21.7797,21.7797,750,0
2017-04-18,17:10:00,21.99,21.99,21.8241,21.8241,250,0
2017-04-18,17:15:00,22,22,21.96,21.96,200,0
2017-04-18,17:45:00,22,22,22,22,100,0
2017-04-18,18:10:00,22,22,22,22,100,0
2017-04-18,18:25:00,22,22,22,22,100,0
2017-04-18,19:20:00,21.8,21.8,21.8,21.8,100,0
2017-04-18,19:55:00,21.9,21.9,21.9,21.9,100,0
2017-04-18,20:15:00,21.99,21.99,21.99,21.99,100,0
2017-04-18,20:30:00,21.69,21.69,21.23,21.23,5114,0
2017-04-18,20:50:00,21.72,21.7232,21.67,21.702,600,0
2017-04-18,21:25:00,21.75,21.75,21.7,21.7,363,0
2017-04-18,21:35:00,21.6656,21.6656,21.59,21.59,238,0
2017-04-18,21:55:00,21.58,21.65,21.58,21.58,300,0
2017-04-18,22:00:00,21.59,21.59,21.18,21.18,476,0
2017-04-19,15:35:00,21.33,21.33,21.33,21.33,200,0
2017-04-19,16:20:00,21.2875,21.43,21.2875,21.43,500,0
2017-04-19,16:40:00,21.51,21.51,21.47,21.47,400,0
2017-04-19,17:00:00,21.6,21.6296,21.6,21.6296,200,0
2017-04-19,18:00:00,21.95,21.95,21.95,21.95,100,0
2017-04-19,19:05:00,21.8,21.8,21.8,21.8,100,0
2017-04-19,20:50:00,21.7,21.7,21.7,21.7,200,0
2017-04-19,21:30:00,21.65,21.65,21.65,21.65,100,0
2017-04-19,21:35:00,21.74,21.74,21.74,21.74,100,0
2017-04-19,21:50:00,21.74,21.74,21.74,21.74,100,0
2017-04-19,22:00:00,21.58,21.58,21.58,21.58,100,0
2017-04-20,15:35:00,21.68,21.68,21.68,21.68,150,0
2017-04-20,17:00:00,21.01,21.85,21.01,21.85,1900,0
2017-04-20,17:05:00,21.064,21.064,21.064,21.064,100,0
2017-04-20,17:10:00,21.8,21.8,21.8,21.8,100,0
2017-04-20,17:40:00,21.3764,21.3764,21.3764,21.3764,130,0
2017-04-20,17:45:00,21.655,21.655,21.655,21.655,100,0
2017-04-20,18:30:00,21.55,21.55,21.55,21.55,100,0
2017-04-20,19:30:00,21.6808,21.6808,21.68,21.68,2884,0
2017-04-20,19:40:00,21.53,21.7,21.395,21.7,300,0
2017-04-20,19:45:00,21.4,21.68,21.4,21.68,200,0
2017-04-20,19:50:00,21.395,21.7505,21.395,21.7505,1500,0
2017-04-20,19:55:00,21.48,21.48,21.48,21.48,200,0
2017-04-20,20:05:00,21.022,21.022,21.022,21.022,150,0
2017-04-20,20:10:00,21,21.71,21,21.71,571,0
2017-04-20,20:15:00,21.75,21.75,21.75,21.75,200,0
2017-04-20,21:00:00,21.75,21.75,21.74,21.75,976,0
2017-04-20,21:05:00,21.74,21.74,21.74,21.74,100,0
2017-04-20,21:25:00,21.7323,21.74,21.7323,21.74,600,0
2017-04-20,21:35:00,21.75,21.75,21.75,21.75,300,0
2017-04-20,21:40:00,21.8434,22,21.8434,22,400,0
2017-04-20,21:45:00,21.89,21.95,21.8,21.95,500,0
2017-04-20,21:50:00,21.91,21.91,21.91,21.91,100,0
2017-04-20,21:55:00,21.91,21.93,21.91,21.93,300,0
2017-04-20,22:00:00,21.72,21.88,21.72,21.88,200,0
2017-04-21,15:35:00,21.58,21.58,21.58,21.58,120,0
2017-04-21,16:20:00,22,22,22,22,200,0
2017-04-21,16:50:00,22,22.65,22,22.65,2379,0
2017-04-21,17:00:00,22.45,22.45,22.4,22.4,1692,0
2017-04-21,17:05:00,22.2444,22.2444,22.23,22.23,455,0
2017-04-21,17:30:00,22.38,22.38,22.38,22.38,200,0
2017-04-21,18:00:00,22.1994,22.1994,22.1994,22.1994,1508,0
2017-04-21,18:30:00,22.1362,22.1362,22.1362,22.1362,1000,0
2017-04-21,18:55:00,22.28,22.28,22.28,22.28,100,0
2017-04-21,19:40:00,22.19,22.19,22.19,22.19,100,0
2017-04-21,19:55:00,21.92,21.92,21.92,21.92,6600,0
2017-04-21,20:25:00,22.24,22.24,22.24,22.24,100,0
2017-04-21,20:50:00,22.28,22.28,22.25,22.25,200,0
2017-04-21,21:35:00,22.3,22.3,22.3,22.3,100,0
2017-04-21,21:40:00,22.3,22.3,22.3,22.3,100,0
2017-04-21,21:50:00,22.1296,22.1296,22.1296,22.1296,155,0
2017-04-21,21:55:00,22.26,22.26,22.26,22.26,100,0
2017-04-21,22:00:00,21.7,21.78,21.7,21.78,400,0
2017-04-24,15:35:00,22.5,22.62,22.5,22.62,1676,0
2017-04-24,15:40:00,22.71,22.71,22.7005,22.7005,400,0
2017-04-24,15:55:00,22.7319,22.9549,22.7319,22.9549,666,0
2017-04-24,16:00:00,22.7,22.7,22.7,22.7,100,0
2017-04-24,16:05:00,22.5,22.5,22.5,22.5,450,0
2017-04-24,16:15:00,22.83,22.87,22.83,22.87,300,0
2017-04-24,16:45:00,22.76,22.8762,22.75,22.8762,555,0
2017-04-24,18:00:00,22.8092,22.843,22.8092,22.843,300,0
2017-04-24,18:05:00,22.8,22.9,22.8,22.9,1300,0
2017-04-24,18:10:00,22.921,22.921,22.921,22.921,200,0
2017-04-24,18:35:00,23.34,23.86,23.3101,23.86,793,0
2017-04-24,18:40:00,23.34,23.34,23.03,23.27,900,0
2017-04-24,18:45:00,23.027,23.04,22.13,22.13,4800,0
2017-04-24,18:50:00,22.5,22.5,22.5,22.5,700,0
2017-04-24,18:55:00,22.99,22.99,22.51,22.51,200,0
2017-04-24,19:00:00,22.635,22.635,22.635,22.635,100,0
2017-04-24,19:10:00,23.1,23.1,23.1,23.1,100,0
2017-04-24,19:20:00,22.92,22.92,22.92,22.92,100,0
2017-04-24,19:30:00,22.97,22.97,22.97,22.97,100,0
2017-04-24,20:05:00,22.6603,22.6603,22.52,22.52,250,0
2017-04-24,20:10:00,22.51,22.51,22.51,22.51,200,0
2017-04-24,20:30:00,23.14,23.14,23.14,23.14,100,0
2017-04-24,20:55:00,22.9296,22.9296,22.9296,22.9296,204,0
2017-04-24,21:05:00,23.02,23.02,22.97,22.97,535,0
2017-04-24,21:10:00,22.7521,22.7521,22.7521,22.7521,300,0
2017-04-24,21:55:00,23,23.14,22.99,23.05,1200,0
2017-04-24,22:00:00,23.05,23.13,22.76,23.01,700,0
2017-04-25,15:35:00,22.77,22.77,22.77,22.77,276,0
2017-04-25,15:45:00,22.56,22.56,22.56,22.56,1000,0
2017-04-25,18:50:00,23.8551,23.8551,23.8551,23.8551,149,0
2017-04-25,19:10:00,22.6177,23.89,22.551,23.89,1700,0
2017-04-25,19:35:00,23.3,23.3,23.0281,23.0281,216,0
2017-04-25,20:20:00,23.14,23.14,22.6,22.6,800,0
2017-04-25,20:25:00,23.195,23.195,22.6,22.6,200,0
2017-04-25,20:30:00,22.85,22.85,22.85,22.85,100,0
2017-04-25,20:35:00,22.8,22.8,22.8,22.8,200,0
2017-04-25,21:40:00,23.24,23.24,23.24,23.24,100,0
2017-04-25,21:50:00,23.24,23.24,23.24,23.24,100,0
2017-04-25,22:00:00,23.05,23.3,22.97,23.3,2041,0
2017-04-26,15:35:00,23.19,23.19,23.19,23.19,142,0
2017-04-26,15:45:00,23.49,23.91,23.49,23.91,710,0
2017-04-26,16:00:00,23.81,23.81,23.65,23.65,300,0
2017-04-26,16:10:00,23.1,23.1,23.1,23.1,400,0
2017-04-26,16:30:00,22.2869,22.2869,22.2869,22.2869,150,0
2017-04-26,16:50:00,22.71,22.71,22.71,22.71,261,0
2017-04-26,17:15:00,23.2,23.2,23.2,23.2,100,0
2017-04-26,17:20:00,23.27,23.27,22.9799,22.9799,703,0
2017-04-26,19:20:00,22.9,22.9,22.9,22.9,300,0
2017-04-26,19:55:00,23.14,23.14,23.14,23.14,100,0
2017-04-26,20:00:00,22.3673,22.3673,22.3673,22.3673,300,0
2017-04-26,20:45:00,22.902,23.05,22.902,23.05,661,0
2017-04-26,20:50:00,23.1,23.1,23.1,23.1,100,0
2017-04-26,20:55:00,22.812,22.812,22.812,22.812,116,0
2017-04-26,21:35:00,23.24,23.24,23.24,23.24,100,0
2017-04-26,22:00:00,22.9565,22.99,22.5,22.5,300,0
