Date,Time,Open,High,Low,Close,Volume,OpenInt
2016-11-21,16:15:00,14.8548,14.8548,14.8548,14.8548,150,0
2016-11-21,16:30:00,14.89,14.89,14.8861,14.89,1300,0
2016-11-21,17:25:00,14.8101,14.82,14.8,14.8,900,0
2016-11-21,17:40:00,14.8,14.8,14.75,14.7666,400,0
2016-11-21,17:45:00,14.75,14.7654,14.75,14.75,644,0
2016-11-21,17:50:00,14.7279,14.7279,14.7279,14.7279,150,0
2016-11-21,18:35:00,14.7408,14.7408,14.7408,14.7408,500,0
2016-11-21,18:40:00,14.9,14.9,14.9,14.9,100,0
2016-11-21,18:50:00,14.9,14.9,14.9,14.9,100,0
2016-11-21,19:10:00,14.899,14.899,14.899,14.899,140,0
2016-11-21,19:35:00,14.9,14.9,14.8,14.8,700,0
2016-11-21,20:05:00,14.87,14.87,14.87,14.87,100,0
2016-11-21,20:30:00,14.88,14.88,14.88,14.88,100,0
2016-11-21,20:35:00,14.88,14.88,14.88,14.88,100,0
2016-11-21,21:00:00,14.88,14.88,14.88,14.88,100,0
2016-11-21,21:15:00,14.88,14.88,14.88,14.88,100,0
2016-11-21,21:30:00,14.88,14.88,14.88,14.88,100,0
2016-11-21,21:40:00,14.88,14.88,14.88,14.88,200,0
2016-11-21,21:50:00,14.9,14.9,14.9,14.9,100,0
2016-11-21,21:55:00,14.9,14.9,14.9,14.9,200,0
2016-11-21,22:00:00,14.87,14.9,14.87,14.9,900,0
2016-11-22,17:15:00,14.9,14.9212,14.9,14.9212,1100,0
2016-11-22,17:30:00,14.9,14.9,14.9,14.9,100,0
2016-11-22,17:45:00,14.85,14.85,14.85,14.85,1500,0
2016-11-22,18:00:00,14.8867,14.8867,14.8867,14.8867,200,0
2016-11-22,18:05:00,14.8848,14.8848,14.8848,14.8848,200,0
2016-11-22,18:10:00,14.8828,14.9,14.8828,14.9,1760,0
2016-11-22,18:35:00,14.9,14.9,14.9,14.9,671,0
2016-11-22,19:00:00,14.89,14.89,14.89,14.89,200,0
2016-11-22,19:10:00,14.8751,14.8751,14.8751,14.8751,200,0
2016-11-22,19:20:00,14.89,14.89,14.89,14.89,100,0
2016-11-22,19:25:00,14.8767,14.8767,14.8767,14.8767,200,0
2016-11-22,19:30:00,14.8962,14.8962,14.8962,14.8962,700,0
2016-11-22,19:35:00,14.8942,14.8942,14.8942,14.8942,100,0
2016-11-22,19:40:00,14.89,14.9,14.88,14.8861,3100,0
2016-11-22,19:45:00,14.89,14.89,14.88,14.89,1200,0
2016-11-22,19:55:00,14.89,14.8962,14.89,14.8962,650,0
2016-11-22,20:10:00,14.893,14.9,14.89,14.8999,4145,0
2016-11-22,20:20:00,14.8999,14.8999,14.8999,14.8999,1000,0
2016-11-22,20:25:00,14.89,14.89,14.89,14.89,1000,0
2016-11-22,20:35:00,14.89,14.89,14.89,14.89,100,0
2016-11-22,20:55:00,14.9,14.9,14.89,14.89,1100,0
2016-11-22,21:00:00,14.9,14.9,14.885,14.9,1300,0
2016-11-22,21:05:00,14.89,14.9,14.89,14.895,825,0
2016-11-22,21:15:00,14.87,14.87,14.87,14.87,685,0
2016-11-22,21:20:00,14.85,14.85,14.85,14.85,500,0
2016-11-22,21:25:00,14.8416,14.8416,14.8416,14.8416,1340,0
2016-11-22,21:30:00,14.8,14.83,14.8,14.83,500,0
2016-11-22,21:55:00,14.8,14.8,14.7807,14.7894,2500,0
2016-11-22,22:00:00,14.8369,14.8369,14.8369,14.8369,1500,0
2016-11-23,16:30:00,15.01,15.051,15.01,15.03,5100,0
2016-11-23,16:35:00,15.04,15.04,15.04,15.04,406,0
2016-11-23,16:40:00,15.03,15.03,15,15,1500,0
2016-11-23,16:50:00,15.0279,15.0279,15.0279,15.0279,300,0
2016-11-23,17:00:00,15.03,15.06,15.02,15.06,3400,0
2016-11-23,17:05:00,15.05,15.05,15.05,15.05,400,0
2016-11-23,17:10:00,15.0266,15.0266,15,15.007,500,0
2016-11-23,17:15:00,14.97,14.9834,14.97,14.97,1600,0
2016-11-23,17:20:00,14.945,14.989,14.945,14.989,1500,0
2016-11-23,17:35:00,14.9874,14.9874,14.9874,14.9874,500,0
2016-11-23,18:50:00,14.95,14.98,14.88,14.95,2160,0
2016-11-23,19:45:00,14.9,14.9,14.9,14.9,200,0
2016-11-23,20:20:00,14.9217,14.9217,14.9217,14.9217,1000,0
2016-11-23,20:30:00,14.9377,14.9377,14.9377,14.9377,200,0
2016-11-23,21:15:00,14.92,14.92,14.91,14.91,500,0
2016-11-23,21:20:00,14.9275,14.9275,14.9175,14.9275,500,0
2016-11-23,21:25:00,14.895,14.8999,14.895,14.8999,1000,0
2016-11-23,21:30:00,14.9,14.9,14.89,14.89,1600,0
2016-11-23,21:35:00,14.89,14.89,14.8801,14.8801,200,0
2016-11-23,21:45:00,14.88,14.89,14.85,14.89,2500,0
2016-11-23,21:50:00,14.9,14.9,14.9,14.9,100,0
2016-11-25,15:35:00,14.96,14.96,14.96,14.96,130,0
2016-11-25,15:45:00,15,15.06,15,15,1900,0
2016-11-25,16:00:00,15,15,15,15,500,0
2016-11-25,17:25:00,14.964,14.964,14.964,14.964,150,0
2016-11-25,18:15:00,14.9421,14.9484,14.9421,14.9484,400,0
2016-11-25,18:25:00,14.9207,14.99,14.9207,14.99,400,0
2016-11-25,18:55:00,15.1275,15.1275,15.1275,15.1275,500,0
2016-11-28,15:55:00,15.02,15.0425,15,15.0425,800,0
2016-11-28,16:45:00,15.0799,15.1,15.07,15.1,1900,0
2016-11-28,17:05:00,15.06,15.06,15.0501,15.0501,900,0
2016-11-28,18:00:00,15.06,15.0826,15.06,15.08,600,0
2016-11-28,19:00:00,15.06,15.07,15.05,15.07,2300,0
2016-11-28,19:55:00,15.04,15.04,15.04,15.04,300,0
2016-11-28,20:10:00,15.01,15.01,15,15,900,0
2016-11-28,20:25:00,14.92,14.92,14.92,14.92,100,0
2016-11-28,20:45:00,14.9976,14.9976,14.91,14.91,425,0
2016-11-28,21:10:00,14.91,14.91,14.91,14.91,100,0
2016-11-28,21:20:00,14.94,14.94,14.94,14.94,100,0
2016-11-28,21:30:00,14.94,14.94,14.94,14.94,100,0
2016-11-28,21:35:00,14.94,14.94,14.94,14.94,100,0
2016-11-28,21:45:00,14.94,14.94,14.94,14.94,100,0
2016-11-28,21:50:00,14.94,14.94,14.94,14.94,100,0
2016-11-28,21:55:00,14.94,14.94,14.94,14.94,100,0
2016-11-28,22:00:00,14.94,14.94,14.91,14.92,362,0
2016-11-29,17:40:00,15.0392,15.0392,15.0392,15.0392,900,0
2016-11-29,17:55:00,14.99,14.99,14.955,14.955,900,0
2016-11-29,18:05:00,14.9424,14.9424,14.9424,14.9424,200,0
2016-11-29,21:15:00,14.95,14.95,14.88,14.88,1700,0
2016-11-29,21:35:00,14.9,14.9,14.9,14.9,500,0
2016-11-29,21:40:00,14.9,14.91,14.9,14.91,2300,0
2016-11-29,21:45:00,14.88,14.88,14.88,14.88,100,0
2016-11-29,21:55:00,14.9453,14.9453,14.9453,14.9453,350,0
2016-11-29,22:00:00,14.91,14.91,14.91,14.91,100,0
2016-11-30,16:15:00,14.97,15,14.97,14.98,10500,0
2016-11-30,17:50:00,14.9851,14.99,14.9851,14.99,600,0
2016-11-30,19:35:00,14.93,14.9305,14.92,14.9305,3200,0
2016-11-30,19:45:00,14.8989,14.8989,14.8989,14.8989,400,0
2016-11-30,20:00:00,14.88,14.88,14.88,14.88,1000,0
2016-11-30,20:30:00,14.8843,14.8843,14.864,14.864,2400,0
2016-11-30,20:35:00,14.74,14.74,14.74,14.74,200,0
2016-11-30,21:10:00,14.85,14.85,14.85,14.85,100,0
2016-11-30,21:45:00,14.85,14.85,14.8,14.8247,400,0
2016-11-30,21:50:00,14.8,14.8297,14.8,14.8297,1200,0
2016-11-30,21:55:00,14.79,14.8623,14.79,14.85,700,0
2016-11-30,22:00:00,14.84,14.84,14.7722,14.7722,200,0
2016-12-01,15:50:00,14.7697,14.7697,14.7697,14.7697,300,0
2016-12-01,16:15:00,14.74,14.779,14.71,14.71,1400,0
2016-12-01,16:20:00,14.7,14.7,14.6,14.6,4163,0
2016-12-01,16:25:00,14.55,14.675,14.52,14.65,2450,0
2016-12-01,16:30:00,14.66,14.66,14.66,14.66,121,0
2016-12-01,16:50:00,14.705,14.73,14.65,14.73,3200,0
2016-12-01,17:00:00,14.64,14.64,14.64,14.64,100,0
2016-12-01,17:30:00,14.65,14.65,14.65,14.65,300,0
2016-12-01,17:50:00,14.6,14.6284,14.59,14.6,2600,0
2016-12-01,18:10:00,14.59,14.59,14.59,14.59,501,0
2016-12-01,18:25:00,14.5854,14.5854,14.5854,14.5854,250,0
2016-12-01,18:35:00,14.575,14.6,14.575,14.575,615,0
2016-12-01,19:25:00,14.71,14.71,14.685,14.685,500,0
2016-12-01,20:20:00,14.5999,14.6,14.5999,14.6,1500,0
2016-12-01,20:40:00,14.6,14.6,14.6,14.6,800,0
2016-12-01,20:50:00,14.5999,14.6,14.5999,14.6,400,0
2016-12-01,21:50:00,14.76,14.77,14.754,14.754,800,0
2016-12-01,21:55:00,14.77,14.77,14.77,14.77,100,0
2016-12-01,22:00:00,14.71,14.71,14.71,14.71,200,0
2016-12-02,16:30:00,14.65,14.65,14.65,14.65,500,0
2016-12-02,17:00:00,14.78,14.78,14.78,14.78,1000,0
2016-12-02,19:10:00,14.78,14.78,14.7503,14.7503,400,0
2016-12-02,19:40:00,14.77,14.77,14.77,14.77,100,0
2016-12-02,21:00:00,14.78,14.78,14.7799,14.7799,800,0
2016-12-02,21:50:00,14.77,14.77,14.77,14.77,900,0
2016-12-02,21:55:00,14.7553,14.7553,14.65,14.65,2600,0
2016-12-02,22:00:00,14.62,14.62,14.62,14.62,200,0
2016-12-05,16:20:00,14.65,14.65,14.65,14.65,100,0
2016-12-05,16:25:00,14.78,14.78,14.78,14.78,190,0
2016-12-05,16:35:00,14.78,14.78,14.78,14.78,1910,0
2016-12-05,17:05:00,14.77,14.77,14.77,14.77,500,0
2016-12-05,17:50:00,14.75,14.78,14.74,14.76,3700,0
2016-12-05,18:30:00,14.75,14.78,14.75,14.7799,800,0
2016-12-05,18:55:00,14.75,14.77,14.75,14.76,1306,0
2016-12-05,19:20:00,14.7799,14.7799,14.75,14.7579,2000,0
2016-12-05,19:35:00,14.715,14.7525,14.71,14.7175,1400,0
2016-12-05,20:35:00,14.75,14.75,14.75,14.75,300,0
2016-12-05,20:45:00,14.75,14.78,14.75,14.765,900,0
2016-12-05,21:25:00,14.7531,14.7531,14.7531,14.7531,900,0
2016-12-05,22:00:00,14.77,14.77,14.77,14.77,100,0
2016-12-06,16:25:00,14.81,14.8425,14.65,14.67,9800,0
2016-12-06,16:30:00,14.85,14.85,14.79,14.79,500,0
2016-12-06,16:35:00,14.78,14.78,14.78,14.78,100,0
2016-12-06,18:35:00,14.892,14.892,14.892,14.892,5000,0
2016-12-06,18:50:00,14.8899,14.8899,14.87,14.8775,600,0
2016-12-06,19:35:00,14.8678,14.8899,14.8678,14.8899,500,0
2016-12-06,20:05:00,14.85,14.85,14.85,14.85,300,0
2016-12-06,21:20:00,14.82,14.82,14.82,14.82,100,0
2016-12-06,21:25:00,14.8,14.8,14.8,14.8,500,0
2016-12-06,21:35:00,14.76,14.76,14.75,14.75,800,0
2016-12-06,22:00:00,14.76,14.76,14.74,14.75,429,0
2016-12-07,15:40:00,14.8,14.8075,14.8,14.8075,2000,0
2016-12-07,17:05:00,14.82,14.85,14.8199,14.85,1400,0
2016-12-07,17:15:00,14.78,14.78,14.78,14.78,100,0
2016-12-07,18:50:00,14.78,14.78,14.76,14.76,200,0
2016-12-07,19:20:00,14.8,14.81,14.8,14.8075,1100,0
2016-12-07,20:55:00,14.82,14.82,14.82,14.82,600,0
2016-12-07,21:00:00,14.805,14.82,14.805,14.8125,600,0
2016-12-07,21:10:00,14.83,14.83,14.83,14.83,100,0
2016-12-07,21:40:00,14.83,14.83,14.83,14.83,100,0
2016-12-07,22:00:00,14.88,14.89,14.88,14.89,300,0
2016-12-08,15:35:00,14.89,14.89,14.89,14.89,4000,0
2016-12-08,16:45:00,14.81,14.81,14.8,14.8,600,0
2016-12-08,17:10:00,14.8,14.8,14.79,14.79,600,0
2016-12-08,17:35:00,14.81,14.81,14.8,14.8,550,0
2016-12-08,17:50:00,14.81,14.81,14.81,14.81,200,0
2016-12-08,18:25:00,14.84,14.85,14.83,14.83,1300,0
2016-12-08,19:05:00,14.8499,14.8499,14.836,14.836,1000,0
2016-12-08,19:30:00,14.85,14.85,14.85,14.85,200,0
2016-12-08,20:00:00,14.85,14.85,14.85,14.85,300,0
2016-12-08,20:35:00,14.85,14.85,14.85,14.85,1000,0
2016-12-08,20:55:00,14.84,14.84,14.82,14.82,200,0
2016-12-08,21:05:00,14.84,14.84,14.82,14.82,1800,0
2016-12-08,21:50:00,14.81,14.81,14.81,14.81,100,0
2016-12-08,21:55:00,14.83,14.83,14.81,14.818,3800,0
2016-12-08,22:00:00,14.81,14.81,14.8,14.8,821,0
2016-12-09,16:00:00,14.8048,14.8048,14.8048,14.8048,300,0
2016-12-09,18:10:00,14.81,14.81,14.79,14.79,585,0
2016-12-09,20:20:00,14.79,14.791,14.761,14.77,1969,0
2016-12-12,15:35:00,14.75,14.75,14.5,14.5,1825,0
2016-12-12,16:35:00,14.7418,14.745,14.7,14.745,2100,0
2016-12-12,16:45:00,14.779,14.779,14.7,14.75,1400,0
2016-12-12,20:15:00,14.799,14.799,14.799,14.799,300,0
2016-12-12,20:25:00,14.7666,14.7666,14.7666,14.7666,600,0
2016-12-12,21:05:00,14.7919,14.7919,14.79,14.79,700,0
2016-12-12,21:40:00,14.76,14.8,14.76,14.8,1000,0
2016-12-12,21:50:00,14.765,14.765,14.765,14.765,100,0
2016-12-12,22:00:00,14.73,14.73,14.7,14.7,1810,0
2016-12-13,16:10:00,14.7999,14.7999,14.7999,14.7999,500,0
2016-12-13,16:15:00,14.7999,14.7999,14.7999,14.7999,300,0
2016-12-13,17:05:00,14.7899,14.7899,14.7899,14.7899,1000,0
2016-12-13,17:10:00,14.7387,14.7387,14.7387,14.7387,1000,0
2016-12-13,17:50:00,14.65,14.65,14.65,14.65,400,0
2016-12-13,18:05:00,14.7242,14.7242,14.7242,14.7242,110,0
2016-12-13,18:10:00,14.695,14.7399,14.695,14.7025,1100,0
2016-12-13,18:15:00,14.72,14.73,14.7123,14.7228,1200,0
2016-12-13,18:20:00,14.79,14.79,14.73,14.73,200,0
2016-12-13,18:25:00,14.755,14.78,14.728,14.75,6884,0
2016-12-13,18:30:00,14.75,14.79,14.75,14.7679,300,0
2016-12-13,18:35:00,14.74,14.87,14.74,14.8699,1300,0
2016-12-13,18:40:00,14.87,14.87,14.87,14.87,100,0
2016-12-13,18:45:00,14.87,14.87,14.87,14.87,100,0
2016-12-13,20:15:00,14.72,14.72,14.72,14.72,100,0
2016-12-13,20:45:00,14.745,14.7525,14.745,14.7525,1200,0
2016-12-13,21:00:00,14.79,14.79,14.79,14.79,100,0
2016-12-13,21:10:00,14.75,14.7575,14.75,14.7575,2100,0
2016-12-13,21:15:00,14.75,14.77,14.75,14.77,900,0
2016-12-13,21:20:00,14.785,14.785,14.77,14.785,900,0
2016-12-13,21:25:00,14.77,14.785,14.77,14.785,200,0
2016-12-13,21:30:00,14.785,14.785,14.75,14.7575,4500,0
2016-12-13,21:35:00,14.74,14.7575,14.74,14.75,2300,0
2016-12-13,21:40:00,14.75,14.75,14.75,14.75,200,0
2016-12-13,21:45:00,14.75,14.75,14.75,14.75,400,0
2016-12-13,21:50:00,14.75,14.76,14.73,14.76,2300,0
2016-12-13,21:55:00,14.76,14.76,14.76,14.76,400,0
2016-12-13,22:00:00,14.76,14.8,14.76,14.8,5666,0
2016-12-14,16:05:00,14.9599,14.9599,14.92,14.94,1500,0
2016-12-14,16:15:00,14.92,14.92,14.92,14.92,100,0
2016-12-14,16:25:00,14.89,14.89,14.89,14.89,100,0
2016-12-14,16:35:00,14.91,14.91,14.91,14.91,100,0
2016-12-14,17:30:00,14.9099,14.9099,14.9099,14.9099,1000,0
2016-12-14,18:30:00,14.8999,14.8999,14.8999,14.8999,500,0
2016-12-14,18:40:00,14.7758,14.7758,14.7758,14.7758,5000,0
2016-12-14,18:50:00,14.96,14.96,14.96,14.96,100,0
2016-12-14,19:00:00,14.96,14.96,14.96,14.96,100,0
2016-12-14,19:05:00,14.96,14.96,14.8501,14.8501,900,0
2016-12-14,19:10:00,14.86,14.88,14.86,14.86,1200,0
2016-12-14,19:15:00,14.95,14.95,14.85,14.91,5400,0
2016-12-14,19:20:00,14.9,14.9,14.85,14.9,5800,0
2016-12-14,19:25:00,14.9,14.9,14.9,14.9,100,0
2016-12-14,19:30:00,14.9,14.9,14.85,14.9,2784,0
2016-12-14,19:35:00,14.9,14.9,14.9,14.9,100,0
2016-12-14,19:40:00,14.8999,14.9,14.85,14.85,2700,0
2016-12-14,19:45:00,14.95,14.95,14.95,14.95,100,0
2016-12-14,19:50:00,14.96,14.96,14.9,14.95,2800,0
2016-12-14,19:55:00,14.95,14.95,14.95,14.95,100,0
2016-12-14,20:00:00,14.95,14.96,14.95,14.96,200,0
2016-12-14,20:05:00,14.96,14.96,14.9,14.9,3200,0
2016-12-14,20:10:00,14.9,14.94,14.9,14.92,4800,0
2016-12-14,20:15:00,14.96,14.96,14.905,14.96,1000,0
2016-12-14,20:20:00,14.96,14.96,14.96,14.96,200,0
2016-12-14,20:25:00,14.96,14.96,14.9,14.9,500,0
2016-12-14,20:30:00,14.96,14.96,14.96,14.96,200,0
2016-12-14,20:35:00,14.97,14.97,14.95,14.95,17400,0
2016-12-14,20:40:00,14.95,14.95,14.95,14.95,200,0
2016-12-14,20:45:00,14.97,14.97,14.97,14.97,200,0
2016-12-14,20:50:00,14.97,14.99,14.97,14.99,900,0
2016-12-14,20:55:00,14.99,14.99,14.9,14.91,600,0
2016-12-14,21:00:00,14.935,14.935,14.88,14.935,600,0
2016-12-14,21:05:00,14.935,14.935,14.88,14.935,600,0
2016-12-14,21:10:00,14.92,14.92,14.92,14.92,300,0
2016-12-14,21:15:00,14.92,14.92,14.92,14.92,300,0
2016-12-14,21:20:00,14.92,14.93,14.88,14.93,500,0
2016-12-14,21:25:00,14.93,14.93,14.93,14.93,300,0
2016-12-14,21:30:00,14.93,14.93,14.93,14.93,400,0
2016-12-14,21:35:00,14.93,14.93,14.93,14.93,400,0
2016-12-14,21:40:00,14.93,14.93,14.93,14.93,400,0
2016-12-14,21:45:00,14.93,14.93,14.93,14.93,400,0
2016-12-14,21:50:00,14.93,14.99,14.93,14.93,600,0
2016-12-14,21:55:00,14.99,14.99,14.88,14.9,1100,0
2016-12-14,22:00:00,14.9,14.9,14.87,14.87,900,0
2016-12-15,15:50:00,14.9899,14.9899,14.9899,14.9899,600,0
2016-12-15,15:55:00,14.99,14.99,14.99,14.99,100,0
2016-12-15,16:05:00,14.9585,14.9585,14.9585,14.9585,600,0
2016-12-15,16:10:00,14.9585,14.9585,14.9585,14.9585,500,0
2016-12-15,16:15:00,14.98,15.15,14.98,15.15,2200,0
2016-12-15,16:20:00,15.12,15.14,15.12,15.14,200,0
2016-12-15,16:25:00,15.15,15.15,15.15,15.15,100,0
2016-12-15,16:30:00,15.13,15.13,15.13,15.13,100,0
2016-12-15,16:35:00,15.14,15.14,15.14,15.14,100,0
2016-12-15,16:55:00,15.08,15.08,15.08,15.08,100,0
2016-12-15,17:10:00,15.08,15.08,15.08,15.08,100,0
2016-12-15,17:15:00,15.0388,15.0388,15.0388,15.0388,1000,0
2016-12-15,17:25:00,15.08,15.1,15.08,15.0999,1546,0
2016-12-15,17:30:00,15.1,15.14,15.0999,15.14,1372,0
2016-12-15,17:35:00,15.14,15.14,15.11,15.11,300,0
2016-12-15,17:45:00,15.1,15.1211,15.1,15.1211,1200,0
2016-12-15,17:55:00,15.12,15.12,15.12,15.12,100,0
2016-12-15,18:00:00,15.12,15.1275,15.1,15.12,3900,0
2016-12-15,18:05:00,15.12,15.12,15.1,15.12,1100,0
2016-12-15,18:15:00,15.125,15.17,15.1,15.145,4995,0
2016-12-15,18:20:00,15.17,15.17,15.166,15.166,1100,0
2016-12-15,18:25:00,15.145,15.145,15.145,15.145,100,0
2016-12-15,18:30:00,15.145,15.145,15.145,15.145,100,0
2016-12-15,18:35:00,15.145,15.145,15.145,15.145,100,0
2016-12-15,18:40:00,15.145,15.18,15.145,15.18,200,0
2016-12-15,18:45:00,15.15,15.15,15.15,15.15,100,0
2016-12-15,18:50:00,15.1468,15.15,15.1241,15.15,2100,0
2016-12-15,18:55:00,15.15,15.15,15.15,15.15,100,0
2016-12-15,19:00:00,15.15,15.1623,15.15,15.1575,900,0
2016-12-15,19:05:00,15.15,15.15,15.15,15.15,100,0
2016-12-15,19:10:00,15.155,15.155,15.155,15.155,300,0
2016-12-15,19:15:00,15.18,15.19,15.18,15.19,788,0
2016-12-15,19:20:00,15.37,15.37,15.37,15.37,100,0
2016-12-15,19:25:00,15.37,15.39,15.317,15.39,1600,0
2016-12-15,19:30:00,15.34,15.34,15.34,15.34,100,0
2016-12-15,19:35:00,15.35,15.35,15.3499,15.3499,350,0
2016-12-15,19:40:00,15.3499,15.3499,15.29,15.29,350,0
2016-12-15,19:45:00,15.2172,15.29,15.2172,15.29,2100,0
2016-12-15,19:50:00,15.25,15.25,15.25,15.25,100,0
2016-12-15,19:55:00,15.25,15.25,15.25,15.25,100,0
2016-12-15,20:00:00,15.14,15.14,14.94,14.94,1451,0
2016-12-15,20:10:00,15.17,15.17,15.17,15.17,100,0
2016-12-15,20:15:00,15.2,15.2,15.2,15.2,100,0
2016-12-15,20:20:00,15.2,15.2,15.2,15.2,100,0
2016-12-15,20:25:00,15.2,15.2,15.18,15.18,200,0
2016-12-15,20:30:00,15.2,15.2,15.2,15.2,100,0
2016-12-15,20:35:00,15.2,15.2,15.2,15.2,100,0
2016-12-15,20:40:00,15.2,15.2,15.2,15.2,200,0
2016-12-15,20:45:00,15.2,15.2,15.2,15.2,100,0
2016-12-15,20:50:00,15.2,15.2,15.2,15.2,200,0
2016-12-15,20:55:00,15.2,15.2,15.2,15.2,100,0
2016-12-15,21:00:00,15.2,15.2,15.1999,15.1999,450,0
2016-12-15,21:05:00,15.2,15.2,15.2,15.2,200,0
2016-12-15,21:20:00,15.2,15.2,15.1795,15.2,4433,0
2016-12-15,21:25:00,15.2,15.25,15.1997,15.25,3982,0
2016-12-15,21:30:00,15.23,15.25,15.23,15.25,300,0
2016-12-15,21:35:00,15.25,15.25,15.25,15.25,200,0
2016-12-15,21:40:00,15.25,15.25,15.25,15.25,300,0
2016-12-15,21:45:00,15.25,15.25,15.25,15.25,500,0
2016-12-15,21:50:00,15.25,15.25,15.2,15.2,400,0
2016-12-15,21:55:00,15.2,15.25,15.2,15.25,569,0
2016-12-15,22:00:00,15.25,15.25,15.25,15.25,200,0
2016-12-16,15:35:00,15.32,15.32,15.32,15.32,232,0
2016-12-16,16:55:00,15.3187,15.3187,15.3187,15.3187,600,0
2016-12-16,17:10:00,15.32,15.34,15.32,15.34,2200,0
2016-12-16,17:15:00,15.34,15.34,15.2744,15.2744,720,0
2016-12-16,17:30:00,15.34,15.34,15.34,15.34,1200,0
2016-12-16,17:35:00,15.34,15.34,15.34,15.34,1400,0
2016-12-16,18:00:00,15.25,15.31,15.1838,15.31,1360,0
2016-12-16,18:55:00,15.4,15.4,15.4,15.4,1200,0
2016-12-16,20:35:00,15.44,15.44,15.44,15.44,500,0
2016-12-16,20:50:00,15.35,15.35,15.35,15.35,1200,0
2016-12-16,21:00:00,15.44,15.44,15.43,15.43,1000,0
2016-12-16,21:25:00,15.43,15.43,15.43,15.43,1000,0
2016-12-16,22:00:00,15.5,15.6,15.32,15.32,2677,0
2016-12-19,15:35:00,15.43,15.43,15.43,15.43,400,0
2016-12-19,17:05:00,15.57,15.6,15.56,15.56,1100,0
2016-12-19,17:10:00,15.49,15.5132,15.46,15.48,1520,0
2016-12-19,17:15:00,15.5384,15.5384,15.5384,15.5384,1000,0
2016-12-19,17:25:00,15.72,15.72,15.72,15.72,100,0
2016-12-19,17:35:00,15.57,15.57,15.57,15.57,100,0
2016-12-19,17:55:00,15.57,15.57,15.57,15.57,100,0
2016-12-19,19:00:00,15.57,15.62,15.57,15.62,2000,0
2016-12-19,19:10:00,15.74,15.74,15.74,15.74,100,0
2016-12-19,19:25:00,15.72,15.72,15.72,15.72,100,0
2016-12-19,19:35:00,15.7,15.7,15.7,15.7,100,0
2016-12-19,20:00:00,15.7,15.7,15.7,15.7,200,0
2016-12-19,20:20:00,15.72,15.72,15.72,15.72,100,0
2016-12-19,20:30:00,15.72,15.72,15.72,15.72,100,0
2016-12-19,20:40:00,15.72,15.72,15.72,15.72,100,0
2016-12-19,20:50:00,15.72,15.72,15.72,15.72,100,0
2016-12-19,21:00:00,15.72,15.72,15.72,15.72,100,0
2016-12-19,21:10:00,15.72,15.72,15.72,15.72,100,0
2016-12-19,21:20:00,15.72,15.72,15.72,15.72,100,0
2016-12-19,21:25:00,15.72,15.72,15.72,15.72,100,0
2016-12-19,21:30:00,15.72,15.72,15.72,15.72,100,0
2016-12-19,21:40:00,15.75,15.75,15.75,15.75,100,0
2016-12-19,21:45:00,15.75,15.75,15.75,15.75,1100,0
2016-12-19,21:50:00,15.74,15.74,15.74,15.74,200,0
2016-12-19,21:55:00,15.73,15.75,15.73,15.74,300,0
2016-12-19,22:00:00,15.75,15.75,15.74,15.74,700,0
2016-12-20,15:35:00,15.74,15.74,15.72,15.73,500,0
2016-12-20,15:55:00,15.7336,15.74,15.71,15.74,2082,0
2016-12-20,16:00:00,15.71,15.71,15.71,15.71,100,0
2016-12-20,16:10:00,15.71,15.75,15.71,15.75,600,0
2016-12-20,16:20:00,15.71,15.75,15.71,15.75,1000,0
2016-12-20,16:25:00,15.75,15.75,15.75,15.75,100,0
2016-12-20,16:35:00,15.71,15.71,15.71,15.71,100,0
2016-12-20,16:40:00,15.6693,15.6693,15.6693,15.6693,200,0
2016-12-20,16:55:00,15.71,15.76,15.71,15.76,1600,0
2016-12-20,17:00:00,15.76,15.76,15.76,15.76,400,0
2016-12-20,17:10:00,15.89,15.89,15.89,15.89,100,0
2016-12-20,17:20:00,15.89,15.89,15.89,15.89,100,0
2016-12-20,19:15:00,15.77,15.77,15.77,15.77,500,0
2016-12-20,19:20:00,15.8,15.8001,15.72,15.72,1000,0
2016-12-20,19:45:00,15.78,15.78,15.78,15.78,100,0
2016-12-20,20:00:00,15.79,15.79,15.79,15.79,100,0
2016-12-20,20:40:00,15.75,15.75,15.75,15.75,600,0
2016-12-20,21:35:00,15.8,15.88,15.8,15.88,1099,0
2016-12-20,21:50:00,15.88,15.88,15.88,15.88,100,0
2016-12-20,22:00:00,15.88,15.88,15.7947,15.88,1000,0
2016-12-21,15:35:00,15.84,15.84,15.84,15.84,100,0
2016-12-21,17:05:00,15.8,15.8,15.8,15.8,1000,0
2016-12-21,17:35:00,15.7784,15.7784,15.7784,15.7784,100,0
2016-12-21,18:35:00,15.78,15.8,15.78,15.8,411,0
2016-12-21,18:40:00,15.6841,15.6841,15.61,15.61,500,0
2016-12-21,19:10:00,15.6727,15.6727,15.6727,15.6727,300,0
2016-12-21,19:20:00,15.69,15.7,15.69,15.69,900,0
2016-12-21,19:55:00,15.7,15.7,15.7,15.7,100,0
2016-12-21,20:25:00,15.71,15.71,15.71,15.71,100,0
2016-12-21,20:50:00,15.71,15.71,15.71,15.71,100,0
2016-12-21,21:10:00,15.71,15.71,15.71,15.71,100,0
2016-12-21,21:25:00,15.7,15.7,15.7,15.7,100,0
2016-12-21,21:35:00,15.71,15.71,15.71,15.71,100,0
2016-12-21,21:45:00,15.71,15.71,15.71,15.71,100,0
2016-12-21,21:50:00,15.75,15.75,15.75,15.75,100,0
2016-12-21,21:55:00,15.75,15.75,15.74,15.74,1100,0
2016-12-21,22:00:00,15.73,15.73,15.73,15.73,404,0
2016-12-22,22:00:00,15.69,15.71,15.69,15.71,600,0
2016-12-23,18:00:00,15.7,15.87,15.54,15.54,3300,0
2016-12-23,18:05:00,15.83,15.9,15.83,15.89,2615,0
2016-12-23,19:15:00,16.2563,16.2563,16.2563,16.2563,150,0
2016-12-23,19:20:00,16.0612,16.0612,16.0612,16.0612,100,0
2016-12-23,19:45:00,16,16,16,16,500,0
2016-12-23,19:50:00,16.28,16.28,16.28,16.28,499,0
2016-12-23,20:15:00,16.25,16.25,16.25,16.25,1900,0
2016-12-23,20:20:00,16.25,16.25,16.25,16.25,3500,0
2016-12-23,20:35:00,16.28,16.29,16.28,16.29,700,0
2016-12-23,20:50:00,16.29,16.29,16.29,16.29,4588,0
2016-12-23,22:00:00,16.29,16.29,16.23,16.23,327,0
2016-12-27,15:35:00,16.21,16.21,16.21,16.21,150,0
2016-12-27,19:15:00,16.2953,16.2953,16.2953,16.2953,100,0
2016-12-27,19:25:00,16.39,16.39,16.39,16.39,150,0
2016-12-27,19:30:00,16.21,16.2343,16.21,16.2253,300,0
2016-12-27,19:40:00,16.2769,16.2769,16.2769,16.2769,200,0
2016-12-27,20:30:00,16.25,16.25,16.21,16.21,1010,0
2016-12-28,17:20:00,16.24,16.2643,16.24,16.2643,200,0
2016-12-28,17:25:00,16.23,16.2543,16.23,16.2543,200,0
2016-12-28,19:20:00,16.2,16.2,16.14,16.14,400,0
2016-12-28,19:25:00,16.16,16.16,16.16,16.16,100,0
2016-12-28,19:30:00,16.18,16.18,16.18,16.18,200,0
2016-12-28,20:20:00,16.2723,16.2723,16.2723,16.2723,250,0
2016-12-28,21:25:00,16.24,16.24,16.24,16.24,100,0
2016-12-28,21:45:00,16.24,16.24,16.24,16.24,100,0
2016-12-28,21:55:00,16.25,16.25,16.25,16.25,100,0
2016-12-28,22:00:00,16.25,16.25,16.25,16.25,100,0
2016-12-29,17:15:00,16.0341,16.1972,16.01,16.01,900,0
2016-12-29,19:25:00,16.22,16.22,16.22,16.22,200,0
2016-12-29,21:30:00,16.3147,16.3147,16.3147,16.3147,100,0
2016-12-30,15:35:00,16.3699,16.3699,16.3699,16.3699,300,0
2016-12-30,16:45:00,16.34,16.384,16.01,16.384,5100,0
2016-12-30,16:50:00,16.305,16.343,16.305,16.343,2500,0
2016-12-30,17:00:00,16.3102,16.3102,16.2,16.2,2100,0
2016-12-30,17:10:00,16.25,16.25,16.25,16.25,1450,0
2016-12-30,17:45:00,16.3855,16.3855,16.3855,16.3855,1050,0
2016-12-30,17:50:00,16.38,16.43,16.38,16.415,600,0
2016-12-30,17:55:00,16.45,16.45,16.45,16.45,200,0
2016-12-30,18:00:00,16.45,16.45,16.45,16.45,566,0
2016-12-30,18:40:00,16.45,16.45,16.45,16.45,137,0
2016-12-30,18:45:00,16.45,16.45,16.4444,16.4444,500,0
2016-12-30,18:50:00,16.45,16.45,16.45,16.45,235,0
2016-12-30,18:55:00,16.45,16.45,16.45,16.45,528,0
2016-12-30,19:35:00,16.5,16.5,16.4922,16.4922,1200,0
2016-12-30,20:20:00,16.49,16.49,16.42,16.43,2800,0
2016-12-30,20:30:00,16.1166,16.27,16.1166,16.27,500,0
2016-12-30,20:35:00,16.13,16.22,16.13,16.22,200,0
2016-12-30,20:45:00,16.18,16.18,16.18,16.18,100,0
2016-12-30,21:00:00,16.18,16.18,16.18,16.18,100,0
2016-12-30,21:10:00,16.2062,16.2062,16.2062,16.2062,2000,0
2016-12-30,21:15:00,16.2,16.2,16.1575,16.1575,300,0
2016-12-30,21:25:00,16.04,16.16,16.04,16.16,200,0
2016-12-30,21:30:00,16.16,16.16,16.16,16.16,100,0
2016-12-30,21:35:00,16.15,16.17,16.15,16.17,200,0
2016-12-30,21:40:00,16.2021,16.2154,16.2,16.2154,700,0
2016-12-30,21:45:00,16.2,16.2,16.2,16.2,200,0
2016-12-30,21:50:00,16.12,16.12,16.12,16.12,300,0
2016-12-30,21:55:00,16.011,16.011,16.011,16.011,100,0
2016-12-30,22:00:00,16.06,16.19,16.06,16.12,901,0
2017-01-03,15:40:00,16.12,16.12,16.1079,16.12,4000,0
2017-01-03,16:20:00,16.0918,16.0918,16.0918,16.0918,3100,0
2017-01-03,16:40:00,16.05,16.0501,15.762,16.0501,1766,0
2017-01-03,16:45:00,15.9501,15.9501,15.77,15.77,3000,0
2017-01-03,16:50:00,15.9,15.9,15.9,15.9,100,0
2017-01-03,17:20:00,15.917,15.917,15.917,15.917,500,0
2017-01-03,17:25:00,15.89,15.89,15.89,15.89,100,0
2017-01-03,17:45:00,15.9544,15.9544,15.9542,15.9542,1000,0
2017-01-03,19:15:00,15.84,15.84,15.84,15.84,100,0
2017-01-03,20:05:00,15.76,15.7601,15.75,15.75,2531,0
2017-01-03,20:10:00,15.81,15.81,15.81,15.81,100,0
2017-01-03,20:25:00,15.83,15.83,15.83,15.83,500,0
2017-01-03,22:00:00,15.55,15.55,15.55,15.55,100,0
2017-01-04,15:40:00,15.5001,15.59,15.5,15.5,5833,0
2017-01-04,16:35:00,15.3901,15.489,15.3901,15.463,4000,0
2017-01-04,17:15:00,15.4477,15.4477,15.4477,15.4477,500,0
2017-01-04,17:40:00,15.4599,15.4599,15.4599,15.4599,500,0
2017-01-04,18:05:00,15.44,15.45,15.44,15.45,2734,0
2017-01-04,20:30:00,15.43,15.53,15.43,15.53,2900,0
2017-01-04,20:55:00,15.53,15.53,15.53,15.53,100,0
2017-01-04,21:30:00,15.48,15.48,15.48,15.48,100,0
2017-01-04,21:35:00,15.4772,15.48,15.4772,15.48,1000,0
2017-01-04,21:45:00,15.53,15.53,15.53,15.53,1200,0
2017-01-04,22:00:00,15.53,15.53,15.53,15.53,286,0
2017-01-05,15:35:00,15.49,15.49,15.49,15.49,100,0
2017-01-05,16:40:00,15.2751,15.2751,15.2751,15.2751,200,0
2017-01-05,17:35:00,15.17,15.17,15.17,15.17,100,0
2017-01-05,18:00:00,15.3,15.3,15.3,15.3,500,0
2017-01-05,18:05:00,15.27,15.27,15.165,15.165,300,0
2017-01-05,18:10:00,15.28,15.28,15.28,15.28,100,0
2017-01-05,18:40:00,15.3,15.3,15.3,15.3,1100,0
2017-01-05,18:45:00,15.31,15.31,15.31,15.31,300,0
2017-01-05,18:55:00,15.3201,15.3201,15.293,15.293,1800,0
2017-01-05,19:15:00,15.39,15.4,15.39,15.4,1000,0
2017-01-05,19:30:00,15.4001,15.4001,15.4,15.4,1600,0
2017-01-05,19:50:00,15.4245,15.4245,15.4245,15.4245,500,0
2017-01-05,20:15:00,15.5,15.5,15.5,15.5,10000,0
2017-01-05,20:55:00,15.6458,15.6458,15.6458,15.6458,1000,0
2017-01-05,21:25:00,15.67,15.67,15.67,15.67,100,0
2017-01-05,21:35:00,15.669,15.669,15.669,15.669,1000,0
2017-01-05,21:45:00,15.67,15.67,15.67,15.67,100,0
2017-01-05,22:00:00,15.64,15.64,15.64,15.64,400,0
2017-01-06,16:35:00,15.5934,15.5934,15.5934,15.5934,300,0
2017-01-06,17:20:00,15.61,15.61,15.61,15.61,500,0
2017-01-06,17:50:00,15.67,15.67,15.67,15.67,200,0
2017-01-06,18:00:00,15.6358,15.64,15.6358,15.64,3000,0
2017-01-06,18:15:00,15.64,15.64,15.63,15.6375,2100,0
2017-01-06,18:20:00,15.63,15.63,15.63,15.63,600,0
2017-01-06,18:30:00,15.5838,15.5838,15.5838,15.5838,300,0
2017-01-06,19:40:00,15.58,15.61,15.58,15.61,300,0
2017-01-06,20:30:00,15.6384,15.6384,15.6384,15.6384,300,0
2017-01-06,22:00:00,15.64,15.67,15.6,15.66,700,0
2017-01-09,20:05:00,15.5499,15.5499,15.5499,15.5499,542,0
2017-01-09,21:55:00,15.32,15.3706,15.31,15.3706,1200,0
2017-01-09,22:00:00,15.32,15.32,15.32,15.32,100,0
2017-01-10,17:25:00,15.4899,15.4899,15.4899,15.4899,250,0
2017-01-10,20:10:00,15.32,15.4236,15.32,15.4236,1000,0
2017-01-10,21:15:00,15.4399,15.4399,15.4399,15.4399,150,0
2017-01-10,21:20:00,15.31,15.44,15.31,15.44,1000,0
2017-01-10,21:25:00,15.44,15.45,15.44,15.45,400,0
2017-01-10,21:40:00,15.3932,15.3932,15.3932,15.3932,300,0
2017-01-10,21:50:00,15.49,15.49,15.49,15.49,900,0
2017-01-10,21:55:00,15.4348,15.4348,15.4348,15.4348,1000,0
2017-01-10,22:00:00,15.19,15.65,15.19,15.65,300,0
2017-01-11,16:05:00,15.5001,15.5001,15.5001,15.5001,500,0
2017-01-11,16:10:00,15.5327,15.5327,15.5327,15.5327,625,0
2017-01-11,18:00:00,15.55,15.55,15.55,15.55,6739,0
2017-01-11,18:10:00,15.585,15.585,15.585,15.585,500,0
2017-01-11,18:15:00,15.6,15.6,15.6,15.6,400,0
2017-01-11,18:55:00,15.71,15.73,15.71,15.73,3987,0
2017-01-11,19:00:00,15.75,15.79,15.75,15.77,2000,0
2017-01-11,19:05:00,15.6,15.6,15.6,15.6,1100,0
2017-01-11,19:10:00,15.65,15.65,15.65,15.65,800,0
2017-01-11,20:15:00,15.63,15.65,15.63,15.65,700,0
2017-01-11,20:40:00,15.7125,15.7125,15.7125,15.7125,1000,0
2017-01-11,20:45:00,15.66,15.66,15.66,15.66,100,0
2017-01-11,21:00:00,15.6625,15.6625,15.6625,15.6625,1000,0
2017-01-11,21:05:00,15.7,15.7,15.7,15.7,1000,0
2017-01-11,21:10:00,15.75,15.75,15.7,15.7,1100,0
2017-01-11,21:15:00,15.7,15.7,15.7,15.7,1250,0
2017-01-11,21:20:00,15.7,15.7,15.66,15.66,300,0
2017-01-11,21:35:00,15.8827,15.8827,15.8827,15.8827,100,0
2017-01-12,15:35:00,15.9,15.9,15.9,15.9,100,0
2017-01-12,15:45:00,15.8112,15.825,15.8,15.825,6500,0
2017-01-12,15:50:00,15.825,15.825,15.8,15.8001,5025,0
2017-01-12,16:15:00,15.82,15.82,15.82,15.82,200,0
2017-01-12,16:40:00,15.82,15.82,15.8,15.8,200,0
2017-01-12,16:55:00,15.81,15.81,15.81,15.81,200,0
2017-01-12,17:05:00,15.8,15.8,15.8,15.8,200,0
2017-01-12,17:15:00,15.82,15.82,15.82,15.82,100,0
2017-01-12,17:20:00,15.8424,15.8424,15.8,15.8,2800,0
2017-01-12,17:45:00,15.8173,15.8173,15.8147,15.8147,1400,0
2017-01-12,17:55:00,15.83,15.83,15.8,15.8,4998,0
2017-01-12,19:00:00,15.42,15.42,15.42,15.42,100,0
2017-01-12,19:05:00,15.5,15.5,15.5,15.5,300,0
2017-01-12,20:00:00,15.4899,15.4899,15.4899,15.4899,500,0
2017-01-12,20:20:00,15.48,15.49,15.48,15.49,500,0
2017-01-12,21:55:00,15.75,15.8,15.75,15.8,6542,0
2017-01-12,22:00:00,15.78,15.8,15.5,15.5,1000,0
2017-01-13,15:40:00,15.8768,15.8768,15.8768,15.8768,191,0
2017-01-13,19:40:00,15.5,15.5,15.5,15.5,400,0
2017-01-13,20:20:00,15.46,15.46,15.46,15.46,100,0
2017-01-13,20:45:00,15.45,15.45,15.45,15.45,200,0
2017-01-13,21:55:00,15.43,15.43,15.41,15.41,300,0
2017-01-13,22:00:00,15.4,15.4,15.4,15.4,100,0
2017-01-17,16:20:00,15.4,15.4,15.4,15.4,200,0
2017-01-17,17:25:00,15.08,15.08,15.08,15.08,100,0
2017-01-17,17:35:00,15.1204,15.1204,15.1204,15.1204,200,0
2017-01-17,18:10:00,15.16,15.19,15.16,15.19,200,0
2017-01-17,19:55:00,15.0388,15.0388,15.0388,15.0388,200,0
2017-01-17,21:10:00,14.9705,14.9705,14.9705,14.9705,500,0
2017-01-17,21:30:00,15.05,15.05,15.05,15.05,100,0
2017-01-17,21:55:00,14.95,14.95,14.95,14.95,100,0
2017-01-17,22:00:00,14.93,14.93,14.93,14.93,100,0
2017-01-18,15:35:00,14.95,14.95,14.95,14.95,150,0
2017-01-18,15:45:00,14.9959,14.9959,14.9959,14.9959,500,0
2017-01-18,16:20:00,15,15.04,15,15.015,2654,0
2017-01-18,16:25:00,15,15.0501,15,15.05,2729,0
2017-01-18,16:40:00,15,15,15,15,100,0
2017-01-18,18:00:00,15.0001,15.0001,15,15,335,0
2017-01-18,19:05:00,14.96,14.96,14.96,14.96,100,0
2017-01-18,19:35:00,15.01,15.01,15.01,15.01,200,0
2017-01-18,20:25:00,15.02,15.02,15.02,15.02,100,0
2017-01-18,20:55:00,15.015,15.015,15.015,15.015,100,0
2017-01-18,21:45:00,15.02,15.02,15,15,324,0
2017-01-18,21:50:00,15,15,15,15,100,0
2017-01-18,21:55:00,15.01,15.01,15,15.01,300,0
2017-01-18,22:00:00,15.02,15.14,14.985,15.14,1200,0
2017-01-19,18:05:00,15.17,15.17,15.17,15.17,150,0
2017-01-19,18:10:00,15.17,15.17,15.17,15.17,300,0
2017-01-19,20:20:00,15.13,15.14,15.13,15.14,200,0
2017-01-19,21:15:00,14.95,14.975,14.95,14.975,700,0
2017-01-19,21:45:00,14.9503,14.9503,14.9503,14.9503,2000,0
2017-01-19,21:55:00,14.98,14.98,14.98,14.98,100,0
2017-01-19,22:00:00,14.97,14.98,14.96,14.96,3400,0
2017-01-20,16:45:00,14.95,14.95,14.91,14.91,675,0
2017-01-20,16:50:00,14.9108,14.9108,14.9042,14.9042,1325,0
2017-01-20,16:55:00,14.9078,14.9078,14.9078,14.9078,176,0
2017-01-20,17:25:00,14.9,14.9,14.9,14.9,2886,0
2017-01-20,17:45:00,14.87,14.8849,14.87,14.8849,450,0
2017-01-20,18:00:00,14.87,14.87,14.87,14.87,200,0
2017-01-20,18:25:00,14.751,14.751,14.75,14.75,3000,0
2017-01-20,19:30:00,14.6,14.6,14.6,14.6,800,0
2017-01-20,19:35:00,14.7963,14.7963,14.7963,14.7963,180,0
2017-01-20,20:25:00,14.6,14.6,14.6,14.6,100,0
2017-01-20,21:05:00,14.6875,14.6875,14.6875,14.6875,125,0
2017-01-20,21:10:00,14.7152,14.7152,14.65,14.65,431,0
2017-01-20,21:15:00,14.6868,14.6868,14.6868,14.6868,100,0
2017-01-20,21:35:00,14.68,14.68,14.65,14.65,2000,0
2017-01-20,21:40:00,14.6,14.6,14.6,14.6,100,0
2017-01-20,21:50:00,14.64,14.64,14.55,14.6,4834,0
2017-01-20,22:00:00,14.6,14.6,14.6,14.6,100,0
2017-01-23,15:45:00,14.8644,14.8644,14.8333,14.8347,2940,0
2017-01-23,16:10:00,14.83,14.83,14.83,14.83,400,0
2017-01-23,17:10:00,14.6,14.6617,14.6,14.6617,2000,0
2017-01-23,18:25:00,14.6174,14.62,14.6174,14.6199,1400,0
2017-01-23,22:00:00,14.705,14.705,14.705,14.705,100,0
2017-01-24,21:05:00,14.7675,14.7675,14.7675,14.7675,350,0
2017-01-24,21:10:00,14.799,14.799,14.75,14.75,1050,0
2017-01-24,21:30:00,14.7269,14.799,14.7269,14.799,2600,0
2017-01-25,20:30:00,14.75,14.75,14.75,14.75,100,0
2017-01-26,16:35:00,14.8033,14.8033,14.8033,14.8033,200,0
2017-01-26,17:30:00,14.8,14.8,14.8,14.8,691,0
2017-01-26,18:25:00,14.83,14.86,14.83,14.86,600,0
2017-01-26,18:30:00,14.8976,14.8976,14.8976,14.8976,700,0
2017-01-26,19:40:00,14.99,14.99,14.99,14.99,333,0
2017-01-26,19:45:00,14.9697,14.9697,14.9697,14.9697,500,0
2017-01-26,20:00:00,14.9883,14.9883,14.9883,14.9883,500,0
2017-01-26,20:05:00,14.9883,14.9883,14.9883,14.9883,500,0
2017-01-26,20:25:00,14.9236,14.9236,14.9236,14.9236,2900,0
2017-01-26,21:00:00,14.9999,14.9999,14.9999,14.9999,800,0
2017-01-27,15:35:00,14.91,14.91,14.91,14.91,100,0
2017-01-27,17:30:00,14.9886,14.9886,14.9886,14.9886,100,0
2017-01-27,17:50:00,14.955,14.955,14.955,14.955,1820,0
2017-01-27,18:00:00,14.98,14.98,14.98,14.98,100,0
2017-01-27,19:35:00,14.92,14.9325,14.92,14.9325,3700,0
2017-01-27,20:35:00,14.97,14.97,14.96,14.96,200,0
2017-01-27,20:50:00,14.98,14.98,14.98,14.98,100,0
2017-01-27,21:30:00,14.98,14.98,14.98,14.98,100,0
2017-01-27,21:40:00,14.98,14.98,14.97,14.97,300,0
2017-01-30,16:35:00,14.95,14.95,14.82,14.82,200,0
2017-01-30,17:20:00,14.85,14.85,14.85,14.85,100,0
2017-01-30,18:25:00,14.865,14.8686,14.865,14.8686,1500,0
2017-01-30,20:25:00,14.9,14.92,14.8964,14.92,2200,0
2017-01-30,20:50:00,14.92,14.92,14.85,14.85,2100,0
2017-01-31,21:55:00,14.9,14.9,14.88,14.88,300,0
2017-01-31,22:00:00,14.9,15,14.9,14.99,1050,0
2017-02-01,17:35:00,14.81,14.8162,14.81,14.8162,411,0
2017-02-01,17:55:00,14.81,14.81,14.81,14.81,100,0
2017-02-01,18:30:00,14.81,14.81,14.81,14.81,200,0
2017-02-01,20:10:00,14.8399,14.8399,14.8399,14.8399,108,0
2017-02-01,20:55:00,14.84,14.84,14.84,14.84,100,0
2017-02-02,16:10:00,14.8,14.8642,14.8,14.8642,750,0
2017-02-02,16:15:00,14.73,14.73,14.73,14.73,100,0
2017-02-02,17:00:00,15,15,15,15,100,0
2017-02-02,21:45:00,14.8501,14.9061,14.8501,14.9061,1314,0
2017-02-03,16:10:00,14.73,14.73,14.73,14.73,100,0
2017-02-03,17:05:00,14.7822,14.7822,14.7822,14.7822,500,0
2017-02-03,18:40:00,14.92,14.92,14.92,14.92,200,0
2017-02-03,20:15:00,14.9899,14.9899,14.9899,14.9899,179,0
2017-02-03,21:40:00,14.96,14.96,14.96,14.96,200,0
2017-02-06,21:25:00,14.9479,14.9479,14.9479,14.9479,264,0
2017-02-07,15:35:00,14.78,14.78,14.78,14.78,460,0
2017-02-07,15:40:00,14.76,14.76,14.76,14.76,200,0
2017-02-07,18:00:00,14.8607,14.862,14.8607,14.862,2000,0
2017-02-07,19:20:00,14.8378,14.86,14.8378,14.86,980,0
2017-02-07,20:15:00,14.99,14.99,14.99,14.99,455,0
2017-02-07,20:45:00,15,15,15,15,125,0
2017-02-08,16:10:00,14.8,14.8,14.79,14.79,300,0
2017-02-08,18:25:00,15,15,15,15,300,0
2017-02-09,15:35:00,14.81,14.81,14.81,14.81,1007,0
2017-02-09,17:35:00,14.9999,14.9999,14.9999,14.9999,500,0
2017-02-09,18:50:00,14.97,14.9899,14.97,14.9899,900,0
2017-02-09,20:05:00,14.9699,14.9699,14.9699,14.9699,500,0
2017-02-09,21:45:00,14.9267,14.9267,14.9267,14.9267,700,0
2017-02-09,22:00:00,14.82,14.82,14.82,14.82,500,0
2017-02-10,15:35:00,14.92,14.92,14.92,14.92,100,0
2017-02-10,16:00:00,14.9012,14.9012,14.9012,14.9012,750,0
2017-02-10,17:15:00,14.95,14.97,14.95,14.9699,1050,0
2017-02-10,17:20:00,15,15,14.922,14.922,1280,0
2017-02-10,20:00:00,15,15,15,15,500,0
2017-02-10,20:05:00,15,15,15,15,1700,0
2017-02-10,20:15:00,15.46,15.46,15.46,15.46,419,0
2017-02-10,20:20:00,14.82,14.86,14.79,14.79,4111,0
2017-02-10,20:25:00,14.79,14.79,14.69,14.7,5735,0
2017-02-10,20:30:00,14.65,14.66,14.65,14.65,1900,0
2017-02-10,20:40:00,14.65,14.65,14.6,14.6,1500,0
2017-02-10,20:45:00,14.65,14.65,14.6392,14.6392,4018,0
2017-02-10,21:10:00,14.65,14.65,14.6395,14.6398,5940,0
2017-02-10,21:15:00,14.64,14.64,14.6395,14.6395,6800,0
2017-02-10,21:20:00,14.62,14.64,14.62,14.62,1500,0
2017-02-10,21:25:00,14.62,14.63,14.6,14.6,6200,0
2017-02-10,21:40:00,14.801,14.8035,14.801,14.8035,400,0
2017-02-10,21:55:00,14.81,14.81,14.8,14.8,1350,0
2017-02-13,15:50:00,14.9999,14.9999,14.9999,14.9999,500,0
2017-02-13,15:55:00,14.9999,14.9999,14.9999,14.9999,500,0
2017-02-13,16:25:00,14.98,14.98,14.98,14.98,200,0
2017-02-13,17:10:00,14.9376,14.9376,14.9376,14.9376,500,0
2017-02-13,19:05:00,14.85,14.85,14.85,14.85,600,0
2017-02-13,19:25:00,14.85,14.85,14.85,14.85,1000,0
2017-02-13,20:10:00,14.97,14.97,14.97,14.97,100,0
2017-02-13,20:40:00,14.98,15,14.98,15,638,0
2017-02-15,20:10:00,14.9999,14.9999,14.9999,14.9999,433,0
2017-02-15,20:15:00,15,15,14.95,14.975,2000,0
2017-02-15,21:05:00,15.01,15.02,15.005,15.0193,2434,0
2017-02-15,21:55:00,15.02,15.09,15.02,15.09,300,0
2017-02-15,22:00:00,15.02,15.02,15.02,15.02,100,0
2017-02-16,20:10:00,15.08,15.08,15.08,15.08,203,0
2017-02-16,20:50:00,15.0234,15.0234,15.0234,15.0234,135,0
2017-02-17,17:20:00,14.9101,14.9101,14.9101,14.9101,672,0
2017-02-17,20:55:00,15.0995,15.1,15.0995,15.1,400,0
2017-02-17,21:35:00,15.085,15.1,15.085,15.1,3400,0
2017-02-17,21:55:00,15.25,15.25,15.25,15.25,1100,0
2017-02-17,22:00:00,15.25,15.25,15.25,15.25,100,0
2017-02-21,17:35:00,15.081,15.081,15.081,15.081,750,0
2017-02-21,17:50:00,15.081,15.081,15.081,15.081,750,0
2017-02-21,21:05:00,15.1996,15.1996,15.1996,15.1996,500,0
2017-02-21,21:30:00,15.17,15.17,15.17,15.17,2000,0
2017-02-21,21:40:00,15.2,15.2,15.1994,15.1994,500,0
2017-02-21,21:50:00,15.1738,15.2,15.1728,15.1728,2100,0
2017-02-21,21:55:00,15.2,15.2,15.2,15.2,200,0
2017-02-21,22:00:00,15.2,15.25,15.2,15.25,627,0
2017-02-22,15:35:00,15.18,15.18,15.18,15.18,100,0
2017-02-22,20:50:00,15.15,15.15,15.15,15.15,1000,0
2017-02-22,21:45:00,15.1101,15.12,15.1,15.12,400,0
2017-02-22,21:50:00,15.11,15.11,15.11,15.11,500,0
2017-02-23,17:00:00,15.16,15.16,15.15,15.16,700,0
2017-02-23,19:15:00,15.07,15.07,15.07,15.07,100,0
2017-02-23,20:05:00,15.0701,15.0701,15.0701,15.0701,381,0
2017-02-23,22:00:00,15.08,15.08,15.07,15.07,312,0
2017-02-24,15:45:00,14.9866,14.9866,14.9866,14.9866,500,0
2017-02-24,16:15:00,14.9,14.9,14.9,14.9,700,0
2017-02-24,16:25:00,14.999,15.0078,14.9,15.0078,700,0
2017-02-24,17:50:00,14.9,14.9,14.9,14.9,100,0
2017-02-24,18:05:00,14.9,14.9,14.9,14.9,100,0
2017-02-24,18:25:00,14.9,14.9,14.9,14.9,100,0
2017-02-24,18:40:00,14.9,14.9,14.9,14.9,100,0
2017-02-24,18:55:00,14.9,14.9,14.9,14.9,100,0
2017-02-24,19:00:00,14.9,14.9,14.9,14.9,850,0
2017-02-24,20:15:00,14.9,14.9,14.9,14.9,132,0
2017-02-24,20:30:00,14.83,14.83,14.81,14.81,700,0
2017-02-24,20:55:00,14.81,14.8239,14.81,14.8239,1795,0
2017-02-24,21:15:00,14.88,14.88,14.88,14.88,100,0
2017-02-24,21:30:00,14.88,14.8801,14.88,14.8801,200,0
2017-02-24,21:50:00,14.855,14.855,14.855,14.855,500,0
2017-02-24,22:00:00,14.87,14.87,14.87,14.87,300,0
2017-02-27,15:55:00,15.0768,15.0768,15.0768,15.0768,100,0
2017-02-27,16:05:00,15.1,15.1,15.07,15.07,3100,0
2017-02-27,16:35:00,15.1,15.1,15.08,15.08,900,0
2017-02-27,16:40:00,15.08,15.09,15.08,15.09,200,0
2017-02-27,16:45:00,15.09,15.1,15.09,15.1,800,0
2017-02-27,17:10:00,15.07,15.1,15.07,15.1,9700,0
2017-02-27,17:20:00,15.1,15.1,15.1,15.1,13085,0
2017-02-27,18:10:00,15.08,15.1,15.08,15.1,2200,0
2017-02-27,19:30:00,15.05,15.0501,15.05,15.0501,2000,0
2017-02-27,20:15:00,15.2499,15.2499,15.2499,15.2499,153,0
2017-02-27,20:30:00,15.115,15.115,15.088,15.088,2600,0
2017-02-27,20:55:00,15.2,15.2,15.2,15.2,600,0
2017-02-28,15:40:00,15.24,15.25,15.24,15.25,1700,0
2017-02-28,16:50:00,15.27,15.3072,15.27,15.27,2200,0
2017-02-28,22:00:00,15.25,15.25,15.25,15.25,162,0
2017-03-01,15:35:00,15.32,15.32,15.32,15.32,438,0
2017-03-01,15:45:00,15.257,15.257,15.257,15.257,2000,0
2017-03-01,17:05:00,15.27,15.2702,15.27,15.2702,600,0
2017-03-01,17:15:00,15.3067,15.3199,15.3067,15.3199,637,0
2017-03-01,18:50:00,15.3051,15.3051,15.3051,15.3051,500,0
2017-03-01,18:55:00,15.309,15.309,15.309,15.309,500,0
2017-03-01,20:15:00,15.2601,15.32,15.2601,15.32,244,0
2017-03-01,20:45:00,15.27,15.27,15.26,15.26,1100,0
2017-03-01,20:50:00,15.25,15.25,15.25,15.25,1000,0
2017-03-02,16:10:00,15.25,15.2501,15.25,15.2501,1800,0
2017-03-02,16:40:00,15.24,15.2501,15.24,15.2501,3700,0
2017-03-02,16:50:00,15.24,15.24,15.22,15.22,600,0
2017-03-02,17:10:00,15.23,15.23,15.23,15.23,100,0
2017-03-02,17:40:00,15.2,15.2,15.2,15.2,250,0
2017-03-02,18:30:00,15.2,15.2,15.2,15.2,6450,0
2017-03-02,20:10:00,15.2101,15.2101,15.2101,15.2101,600,0
2017-03-02,20:55:00,15.32,15.32,15.32,15.32,100,0
2017-03-02,21:10:00,15.32,15.35,15.3,15.32,5362,0
2017-03-02,21:20:00,15.32,15.32,15.32,15.32,500,0
2017-03-02,21:25:00,15.45,15.45,15.45,15.45,4338,0
2017-03-02,21:35:00,15.33,15.3534,15.33,15.3534,635,0
2017-03-02,21:45:00,15.33,15.33,15.33,15.33,500,0
2017-03-02,22:00:00,15.45,15.45,15.45,15.45,200,0
2017-03-03,16:05:00,15.25,15.25,15.25,15.25,500,0
2017-03-03,16:10:00,15.26,15.26,15.26,15.26,500,0
2017-03-03,16:55:00,15.499,15.5,15.498,15.5,1734,0
2017-03-03,20:15:00,15.5,15.5,15.4999,15.4999,520,0
2017-03-03,20:20:00,15.47,15.47,15.47,15.47,300,0
2017-03-03,20:40:00,15.47,15.47,15.47,15.47,100,0
2017-03-06,15:35:00,15.43,15.43,15.43,15.43,100,0
2017-03-06,15:45:00,15.31,15.31,15.31,15.31,100,0
2017-03-06,16:20:00,15.44,15.4599,15.4278,15.445,2000,0
2017-03-06,16:25:00,15.33,15.33,15.33,15.33,100,0
2017-03-06,16:40:00,15.46,15.46,15.46,15.46,100,0
2017-03-06,16:50:00,15.45,15.45,15.45,15.45,239,0
2017-03-06,20:10:00,15.3301,15.45,15.3301,15.4499,790,0
2017-03-06,20:40:00,15.3301,15.3301,15.3301,15.3301,500,0
2017-03-06,21:00:00,15.33,15.33,15.33,15.33,100,0
2017-03-06,21:25:00,15.449,15.45,15.3844,15.45,6895,0
2017-03-07,15:50:00,15.31,15.31,15.31,15.31,100,0
2017-03-07,16:35:00,15.31,15.31,15.31,15.31,200,0
2017-03-07,16:50:00,15.31,15.31,15.31,15.31,100,0
2017-03-07,16:55:00,15.31,15.31,15.31,15.31,100,0
2017-03-07,17:15:00,15.31,15.31,15.31,15.31,100,0
2017-03-07,18:20:00,15.32,15.32,15.3,15.3,756,0
2017-03-07,20:10:00,15.2999,15.3,15.2999,15.3,813,0
2017-03-08,16:20:00,15.27,15.27,15.27,15.27,100,0
2017-03-08,17:20:00,15.26,15.26,15.26,15.26,100,0
2017-03-08,18:35:00,15.2999,15.2999,15.26,15.26,649,0
2017-03-08,19:55:00,15.25,15.25,15.25,15.25,100,0
2017-03-08,20:10:00,15.2699,15.31,15.2699,15.3,1099,0
2017-03-08,21:00:00,15.25,15.25,15.25,15.25,1000,0
2017-03-09,16:20:00,15.26,15.26,15.26,15.26,100,0
2017-03-09,16:30:00,15.362,15.362,15.362,15.362,600,0
2017-03-09,20:00:00,15.2,15.25,15.2,15.25,378,0
2017-03-09,20:10:00,15.4699,15.4699,15.4699,15.4699,954,0
2017-03-09,22:00:00,15.27,15.27,15.27,15.27,100,0
2017-03-10,15:35:00,14.69,14.69,14.69,14.69,100,0
2017-03-10,15:45:00,15.145,15.145,15.145,15.145,500,0
2017-03-10,15:55:00,15.25,15.25,15.25,15.25,200,0
2017-03-10,16:10:00,15.23,15.23,15.23,15.23,222,0
2017-03-10,16:45:00,15.25,15.2522,15.25,15.2501,700,0
2017-03-10,16:55:00,15.25,15.25,15.25,15.25,100,0
2017-03-10,17:15:00,15.2599,15.2599,15.2599,15.2599,212,0
2017-03-10,19:20:00,15.25,15.25,15.25,15.25,119,0
2017-03-10,19:25:00,15.25,15.25,15.25,15.25,800,0
2017-03-10,20:05:00,15.3499,15.3499,15.3499,15.3499,848,0
2017-03-10,22:00:00,15.25,15.25,15.25,15.25,316,0
2017-03-13,18:50:00,15.28,15.28,15.26,15.26,850,0
2017-03-13,19:45:00,15.25,15.25,15.25,15.25,100,0
2017-03-13,21:00:00,15.26,15.26,15.26,15.26,100,0
2017-03-14,15:10:00,15.25,15.25,15.25,15.25,100,0
2017-03-14,19:10:00,15.25,15.26,15.25,15.25,5600,0
2017-03-14,20:25:00,15.37,15.6,15.3359,15.6,2294,0
2017-03-15,14:35:00,15.58,15.58,15.58,15.58,100,0
2017-03-15,18:20:00,15.361,15.361,15.361,15.361,391,0
2017-03-15,19:30:00,15.3599,15.4,15.3599,15.4,600,0
2017-03-15,21:00:00,15.37,15.39,15.37,15.37,406,0
2017-03-16,14:55:00,15.7199,15.7199,15.7199,15.7199,250,0
2017-03-16,15:10:00,15.55,15.55,15.55,15.55,100,0
2017-03-16,17:30:00,15.3101,15.35,15.3101,15.35,600,0
2017-03-16,18:40:00,15.31,15.31,15.31,15.31,109,0
2017-03-16,18:45:00,15.3,15.3001,15.3,15.3001,562,0
2017-03-16,19:05:00,15.31,15.31,15.31,15.31,100,0
2017-03-16,19:10:00,15.36,15.36,15.36,15.36,100,0
2017-03-16,20:40:00,15.37,15.37,15.37,15.37,600,0
2017-03-16,20:45:00,15.37,15.37,15.37,15.37,100,0
2017-03-16,20:55:00,15.37,15.37,15.37,15.37,400,0
2017-03-17,14:35:00,15.37,15.37,15.37,15.37,100,0
2017-03-17,14:45:00,15.37,15.37,15.37,15.37,15000,0
2017-03-17,15:50:00,15.36,15.37,15.36,15.37,1898,0
2017-03-17,20:55:00,15.39,15.5,15.39,15.5,1177,0
2017-03-17,21:00:00,15.58,15.6,15.58,15.6,4104,0
2017-03-20,15:15:00,15.52,15.52,15.52,15.52,100,0
2017-03-20,18:35:00,15.6888,15.6888,15.6888,15.6888,100,0
2017-03-20,20:55:00,15.7,15.72,15.7,15.72,600,0
2017-03-21,16:25:00,15.598,15.598,15.598,15.598,100,0
2017-03-21,19:10:00,15.6397,15.6397,15.6397,15.6397,300,0
2017-03-21,19:45:00,15.7157,15.7157,15.7157,15.7157,190,0
2017-03-21,21:00:00,15.64,15.65,15.64,15.65,200,0
2017-03-22,15:05:00,15.56,15.56,15.5501,15.5569,700,0
2017-03-22,15:30:00,15.55,15.55,15.55,15.55,5000,0
2017-03-22,15:50:00,15.6,15.6,15.6,15.6,100,0
2017-03-22,15:55:00,15.6,15.6,15.6,15.6,100,0
2017-03-22,16:25:00,15.55,15.55,15.55,15.55,100,0
2017-03-22,16:50:00,15.5666,15.5666,15.5501,15.5501,200,0
2017-03-22,16:55:00,15.55,15.55,15.55,15.55,100,0
2017-03-22,17:45:00,15.55,15.55,15.55,15.55,100,0
2017-03-22,19:20:00,15.55,15.55,15.55,15.55,100,0
2017-03-22,19:25:00,15.55,15.55,15.55,15.55,100,0
2017-03-22,21:00:00,15.51,15.51,15.51,15.51,242,0
2017-03-23,15:15:00,15.51,15.51,15.51,15.51,100,0
2017-03-23,18:50:00,15.5906,15.5906,15.5906,15.5906,500,0
2017-03-23,18:55:00,15.6,15.6,15.5767,15.5767,570,0
2017-03-23,19:10:00,15.5001,15.5001,15.5001,15.5001,100,0
2017-03-23,21:00:00,15.5,15.5,15.5,15.5,101,0
2017-03-27,15:35:00,15.5382,15.5382,15.5001,15.5001,663,0
2017-03-27,15:40:00,15.65,15.65,15.65,15.65,200,0
2017-03-27,16:25:00,15.5,15.5,15.5,15.5,100,0
2017-03-27,17:20:00,15.5934,15.5934,15.5934,15.5934,700,0
2017-03-27,18:50:00,15.524,15.524,15.524,15.524,500,0
2017-03-27,21:45:00,15.51,15.51,15.51,15.51,100,0
2017-03-28,17:00:00,15.822,15.822,15.822,15.822,2000,0
2017-03-28,17:10:00,15.54,15.54,15.54,15.54,100,0
2017-03-28,17:40:00,15.53,15.53,15.53,15.53,100,0
2017-03-28,20:05:00,15.53,15.53,15.53,15.53,100,0
2017-03-28,22:00:00,15.5,15.5,15.5,15.5,171,0
2017-03-29,16:35:00,16,16,16,16,200,0
2017-03-30,15:35:00,15.7,15.7,15.7,15.7,100,0
2017-03-30,16:00:00,15.72,15.75,15.71,15.75,973,0
2017-03-30,16:05:00,15.75,15.75,15.7,15.7,600,0
2017-03-30,17:00:00,15.9599,15.9599,15.9599,15.9599,600,0
2017-03-30,20:50:00,15.5125,15.5125,15.5125,15.5125,200,0
2017-03-30,21:20:00,15.51,15.51,15.51,15.51,100,0
2017-03-30,22:00:00,15.55,15.55,15.55,15.55,100,0
2017-03-31,16:00:00,15.5,15.5,15.5,15.5,6121,0
2017-03-31,16:15:00,15.5,15.5,15.5,15.5,5000,0
2017-03-31,16:20:00,15.47,15.47,15.45,15.45,879,0
2017-03-31,18:20:00,15.3162,15.3162,15.3147,15.3147,500,0
2017-03-31,18:45:00,15.25,15.2728,15.25,15.2637,2460,0
2017-03-31,19:05:00,15.4314,15.49,15.375,15.375,2500,0
2017-03-31,21:50:00,15.5,15.5,15.5,15.5,100,0
2017-03-31,22:00:00,15.5,15.5,15.5,15.5,4464,0
2017-04-03,17:05:00,15.6599,15.66,15.6599,15.66,500,0
2017-04-03,19:40:00,15.64,15.64,15.64,15.64,132,0
2017-04-03,22:00:00,15.17,15.17,15.17,15.17,115,0
2017-04-04,21:40:00,15.2301,15.2301,15.2301,15.2301,300,0
2017-04-04,22:00:00,15.2,15.2,15.2,15.2,254,0
2017-04-05,20:40:00,15.56,15.56,15.5378,15.5468,400,0
2017-04-06,18:40:00,15.26,15.26,15.26,15.26,100,0
2017-04-06,18:45:00,15.562,15.562,15.562,15.562,300,0
2017-04-06,19:15:00,15.425,15.425,15.425,15.425,500,0
2017-04-10,16:45:00,15.385,15.385,15.385,15.385,100,0
2017-04-10,21:10:00,15.4,15.42,15.4,15.42,700,0
2017-04-10,21:15:00,15.42,15.42,15.41,15.41,200,0
2017-04-10,21:30:00,15.405,15.405,15.4,15.4,1800,0
2017-04-10,22:00:00,15.38,15.38,15.38,15.38,400,0
2017-04-11,15:55:00,15.455,15.56,15.455,15.56,200,0
2017-04-11,16:40:00,15.36,15.455,15.35,15.35,1060,0
2017-04-11,19:20:00,15.3,15.3,15.3,15.3,100,0
2017-04-11,21:35:00,15.3,15.3,15.3,15.3,100,0
2017-04-11,22:00:00,15.05,15.05,15.05,15.05,236,0
2017-04-12,21:05:00,15.35,15.35,15.35,15.35,200,0
2017-04-12,21:30:00,15.3501,15.3501,15.3501,15.3501,200,0
2017-04-12,22:00:00,15.35,15.35,15.35,15.35,112,0
2017-04-17,19:25:00,15.2,15.2,15.2,15.2,1000,0
2017-04-17,20:10:00,15.34,15.34,15.34,15.34,100,0
2017-04-17,20:30:00,15.33,15.34,15.33,15.34,939,0
2017-04-17,21:30:00,15.2052,15.35,15.2052,15.35,200,0
2017-04-17,21:35:00,15.19,15.19,15.19,15.19,100,0
2017-04-17,21:55:00,15.33,15.33,15.19,15.19,200,0
2017-04-17,22:00:00,15.3,15.3,15.3,15.3,300,0
2017-04-18,15:35:00,15.4,15.4,15.4,15.4,1439,0
2017-04-18,17:40:00,15.35,15.49,15.35,15.35,2809,0
2017-04-18,19:00:00,15.395,15.395,15.395,15.395,100,0
2017-04-18,19:40:00,15.4,15.4,15.4,15.4,400,0
2017-04-18,20:30:00,15.4,15.4,15.4,15.4,300,0
2017-04-18,21:35:00,15.395,15.395,15.395,15.395,100,0
2017-04-18,21:50:00,15.4,15.5,15.4,15.44,10903,0
2017-04-18,21:55:00,15.44,15.44,15.44,15.44,1100,0
2017-04-18,22:00:00,15.43,15.43,15.21,15.21,249,0
2017-04-19,16:35:00,15.25,15.27,15.25,15.25,2000,0
2017-04-19,16:45:00,15.5,15.5,15.2,15.2,837,0
2017-04-19,17:45:00,15.5,15.5,15.5,15.5,200,0
2017-04-19,17:55:00,15.5,15.5,15.5,15.5,1600,0
2017-04-19,19:00:00,15.5,15.5,15.5,15.5,200,0
2017-04-19,19:15:00,15.5,15.5,15.5,15.5,100,0
2017-04-19,19:55:00,15.56,15.56,15.56,15.56,500,0
2017-04-19,20:20:00,15.4501,15.5,15.4501,15.5,300,0
2017-04-19,20:50:00,15.49,15.5,15.49,15.5,1400,0
2017-04-20,22:00:00,15.5,15.5,15.5,15.5,148,0
2017-04-24,15:40:00,15.57,15.57,15.57,15.57,547,0
2017-04-24,16:10:00,15.425,15.425,15.425,15.425,100,0
2017-04-25,18:00:00,15.3243,15.3243,15.3243,15.3243,666,0
2017-04-25,20:00:00,15.23,15.23,15.2,15.2,663,0
2017-04-25,21:20:00,15.48,15.48,15.48,15.48,1000,0
2017-04-25,21:50:00,15.27,15.27,15.27,15.27,203,0
2017-04-25,22:00:00,15.4747,15.4747,15.4747,15.4747,600,0
2017-04-26,15:35:00,15.2976,15.2976,15.2976,15.2976,200,0
2017-04-26,15:45:00,15.34,15.34,15.34,15.34,300,0
2017-04-26,15:50:00,15.2,15.2,15.2,15.2,700,0
2017-04-26,15:55:00,15.2734,15.2734,15.2543,15.265,700,0
2017-04-26,16:05:00,15.2328,15.2328,15.2328,15.2328,200,0
2017-04-26,16:10:00,15.27,15.27,15.27,15.27,100,0
2017-04-26,16:15:00,15.2193,15.2193,15.2193,15.2193,784,0
2017-04-26,16:40:00,15.24,15.24,15.24,15.24,100,0
2017-04-26,16:45:00,15.21,15.21,15.2,15.2,457,0
2017-04-26,18:30:00,15.245,15.3,15.2407,15.3,3100,0
2017-04-26,18:40:00,15.3,15.3,15.3,15.3,100,0
2017-04-26,18:45:00,15.319,15.32,15.319,15.3199,1300,0
2017-04-26,21:35:00,15.35,15.35,15.35,15.35,2343,0
2017-04-26,22:00:00,15.32,15.32,15.32,15.32,1000,0
