Date,Time,Open,High,Low,Close,Volume,OpenInt
2017-04-10,15:35:00,27.4,27.4,27.4,27.4,1376,0
2017-04-10,15:40:00,27.4,27.4,27.4,27.4,1221,0
2017-04-10,15:45:00,27.6,27.6,27.5,27.5,2009,0
2017-04-10,15:50:00,27.5,27.5,27.45,27.5,1069,0
2017-04-10,15:55:00,27.5,27.5,27.5,27.5,540,0
2017-04-10,16:00:00,27.5,27.5,27.5,27.5,100,0
2017-04-10,16:05:00,27.55,27.6,27.55,27.6,4900,0
2017-04-10,16:10:00,27.65,27.7,27.6,27.65,5800,0
2017-04-10,16:15:00,27.7,27.7,27.65,27.65,1236,0
2017-04-10,16:20:00,27.65,27.65,27.6,27.625,1261,0
2017-04-10,16:25:00,27.65,27.675,27.625,27.65,1000,0
2017-04-10,16:30:00,27.65,27.7,27.65,27.65,400,0
2017-04-10,16:35:00,27.65,27.75,27.65,27.75,3682,0
2017-04-10,16:40:00,27.7,27.75,27.7,27.75,300,0
2017-04-10,16:45:00,27.675,27.675,27.55,27.65,3386,0
2017-04-10,16:50:00,27.65,27.75,27.65,27.75,1810,0
2017-04-10,16:55:00,27.7,27.75,27.7,27.75,200,0
2017-04-10,17:00:00,27.7,27.75,27.7,27.7,500,0
2017-04-10,17:05:00,27.7,27.75,27.7,27.7,1100,0
2017-04-10,17:10:00,27.7,27.7,27.675,27.675,300,0
2017-04-10,17:15:00,27.7,27.7,27.7,27.7,1300,0
2017-04-10,17:20:00,27.7,27.7,27.7,27.7,100,0
2017-04-10,17:25:00,27.675,27.7,27.675,27.7,700,0
2017-04-10,17:30:00,27.7,27.75,27.65,27.7,4923,0
2017-04-10,17:35:00,27.75,27.75,27.65,27.65,4739,0
2017-04-10,17:40:00,27.625,27.7,27.6,27.6,2331,0
2017-04-10,17:45:00,27.6,27.6,27.5,27.575,8655,0
2017-04-10,17:50:00,27.55,27.575,27.45,27.5,4818,0
2017-04-10,17:55:00,27.55,27.6,27.5,27.575,900,0
2017-04-10,18:00:00,27.55,27.6,27.475,27.5,2000,0
2017-04-10,18:05:00,27.5,27.5,27.45,27.45,200,0
2017-04-10,18:10:00,27.5,27.55,27.5,27.55,2121,0
2017-04-10,18:15:00,27.525,27.525,27.4,27.4,9649,0
2017-04-10,18:20:00,27.445,27.445,27.35,27.4,5500,0
2017-04-10,18:25:00,27.425,27.45,27.35,27.4,1700,0
2017-04-10,18:30:00,27.375,27.425,27.35,27.4,1300,0
2017-04-10,18:35:00,27.45,27.45,27.4,27.45,2190,0
2017-04-10,18:40:00,27.5,27.5,27.45,27.45,8125,0
2017-04-10,18:45:00,27.5,27.55,27.5,27.5,400,0
2017-04-10,18:50:00,27.5,27.5,27.5,27.5,200,0
2017-04-10,18:55:00,27.5,27.6,27.5,27.6,5835,0
2017-04-10,19:00:00,27.575,27.6,27.571,27.6,1345,0
2017-04-10,19:05:00,27.575,27.6,27.575,27.6,500,0
2017-04-10,19:10:00,27.575,27.6,27.55,27.6,1100,0
2017-04-10,19:15:00,27.6,27.6,27.55,27.55,500,0
2017-04-10,19:20:00,27.625,27.65,27.6,27.625,2500,0
2017-04-10,19:25:00,27.7,27.7,27.7,27.7,300,0
2017-04-10,19:30:00,27.675,27.7,27.6,27.6,2200,0
2017-04-10,19:35:00,27.65,27.65,27.6,27.6,1900,0
2017-04-10,19:40:00,27.65,27.675,27.65,27.675,900,0
2017-04-10,19:45:00,27.675,27.7,27.65,27.675,600,0
2017-04-10,19:50:00,27.65,27.65,27.6,27.6,1000,0
2017-04-10,19:55:00,27.65,27.75,27.645,27.7,5415,0
2017-04-10,20:00:00,27.725,27.75,27.725,27.75,400,0
2017-04-10,20:05:00,27.725,27.75,27.65,27.675,3951,0
2017-04-10,20:10:00,27.65,27.7,27.65,27.675,950,0
2017-04-10,20:15:00,27.7,27.75,27.675,27.725,6335,0
2017-04-10,20:20:00,27.7,27.75,27.65,27.65,4995,0
2017-04-10,20:25:00,27.675,27.675,27.65,27.675,1200,0
2017-04-10,20:30:00,27.675,27.675,27.625,27.625,3000,0
2017-04-10,20:35:00,27.6,27.625,27.6,27.625,900,0
2017-04-10,20:40:00,27.65,27.7,27.65,27.65,3750,0
2017-04-10,20:45:00,27.675,27.7,27.65,27.65,2710,0
2017-04-10,20:50:00,27.65,27.7,27.65,27.675,800,0
2017-04-10,20:55:00,27.675,27.675,27.65,27.675,900,0
2017-04-10,21:00:00,27.675,27.7,27.65,27.65,1400,0
2017-04-10,21:05:00,27.675,27.75,27.65,27.675,15054,0
2017-04-10,21:10:00,27.7,27.75,27.65,27.65,7625,0
2017-04-10,21:15:00,27.65,27.7,27.6,27.7,2900,0
2017-04-10,21:20:00,27.675,27.675,27.65,27.65,1200,0
2017-04-10,21:25:00,27.65,27.675,27.625,27.65,3700,0
2017-04-10,21:30:00,27.675,27.75,27.65,27.7,8863,0
2017-04-10,21:35:00,27.7,27.7,27.6,27.6,5151,0
2017-04-10,21:40:00,27.65,27.6823,27.65,27.675,2272,0
2017-04-10,21:45:00,27.65,27.7,27.65,27.675,9000,0
2017-04-10,21:50:00,27.7,27.75,27.65,27.65,15662,0
2017-04-10,21:55:00,27.65,27.7,27.65,27.675,3400,0
2017-04-10,22:00:00,27.675,27.7,27.65,27.7,24245,0
2017-04-11,15:35:00,28.8,28.8,28.5,28.55,19474,0
2017-04-11,15:40:00,28.55,28.6,28.4,28.452,5500,0
2017-04-11,15:45:00,28.5,28.6,28.45,28.5,5607,0
2017-04-11,15:50:00,28.5,28.5,28.4,28.45,9532,0
2017-04-11,15:55:00,28.4,28.55,28.4,28.5,39310,0
2017-04-11,16:00:00,28.5,28.75,28.4,28.75,35108,0
2017-04-11,16:05:00,28.75,28.875,28.725,28.85,11526,0
2017-04-11,16:10:00,28.9,28.95,28.85,28.9,10391,0
2017-04-11,16:15:00,28.95,29,28.825,28.825,7792,0
2017-04-11,16:20:00,28.825,28.825,28.75,28.75,5140,0
2017-04-11,16:25:00,28.745,28.75,28.65,28.675,3048,0
2017-04-11,16:30:00,28.675,28.7,28.625,28.675,4451,0
2017-04-11,16:35:00,28.675,28.7,28.55,28.55,8829,0
2017-04-11,16:40:00,28.55,28.65,28.5,28.65,5226,0
2017-04-11,16:45:00,28.6,28.6,28.45,28.525,5539,0
2017-04-11,16:50:00,28.5,28.6,28.5,28.55,6257,0
2017-04-11,16:55:00,28.55,28.55,28.5,28.525,3499,0
2017-04-11,17:00:00,28.55,28.65,28.45,28.65,18883,0
2017-04-11,17:05:00,28.55,28.68,28.55,28.65,3997,0
2017-04-11,17:10:00,28.7,28.7,28.625,28.625,3257,0
2017-04-11,17:15:00,28.675,28.675,28.6,28.6,3801,0
2017-04-11,17:20:00,28.6,28.6,28.525,28.525,6650,0
2017-04-11,17:25:00,28.55,28.65,28.55,28.6,2700,0
2017-04-11,17:30:00,28.6,28.65,28.55,28.55,2597,0
2017-04-11,17:35:00,28.6,28.65,28.55,28.55,6050,0
2017-04-11,17:40:00,28.6,28.6,28.55,28.6,6066,0
2017-04-11,17:45:00,28.6,28.6,28.55,28.6,800,0
2017-04-11,17:50:00,28.6,28.6,28.55,28.55,3660,0
2017-04-11,17:55:00,28.55,28.6,28.55,28.6,920,0
2017-04-11,18:00:00,28.595,28.6,28.55,28.575,3732,0
2017-04-11,18:05:00,28.6,28.6,28.575,28.6,1100,0
2017-04-11,18:10:00,28.6,28.65,28.525,28.525,7124,0
2017-04-11,18:15:00,28.525,28.6,28.525,28.6,3659,0
2017-04-11,18:20:00,28.55,28.55,28.55,28.55,1177,0
2017-04-11,18:25:00,28.55,28.6,28.55,28.6,1786,0
2017-04-11,18:30:00,28.65,28.65,28.55,28.55,2300,0
2017-04-11,18:35:00,28.575,28.65,28.575,28.625,5400,0
2017-04-11,18:40:00,28.625,28.65,28.625,28.65,4200,0
2017-04-11,18:45:00,28.65,28.65,28.6,28.625,1900,0
2017-04-11,18:50:00,28.625,28.625,28.575,28.625,5834,0
2017-04-11,18:55:00,28.625,28.65,28.6,28.625,900,0
2017-04-11,19:00:00,28.65,28.65,28.5,28.525,6261,0
2017-04-11,19:05:00,28.5,28.65,28.5,28.65,5000,0
2017-04-11,19:10:00,28.65,28.65,28.6,28.6,3632,0
2017-04-11,19:15:00,28.625,28.65,28.625,28.65,5700,0
2017-04-11,19:20:00,28.625,28.65,28.6,28.65,3100,0
2017-04-11,19:25:00,28.65,28.65,28.5,28.5,8100,0
2017-04-11,19:30:00,28.55,28.6,28.55,28.6,3600,0
2017-04-11,19:35:00,28.6,28.6,28.55,28.575,5930,0
2017-04-11,19:40:00,28.55,28.6,28.55,28.6,600,0
2017-04-11,19:45:00,28.6,28.6,28.55,28.6,500,0
2017-04-11,19:50:00,28.575,28.6,28.5,28.55,2700,0
2017-04-11,19:55:00,28.5,28.575,28.5,28.575,4753,0
2017-04-11,20:00:00,28.55,28.6,28.55,28.575,900,0
2017-04-11,20:05:00,28.55,28.6,28.55,28.575,1500,0
2017-04-11,20:10:00,28.575,28.6,28.55,28.575,3466,0
2017-04-11,20:15:00,28.6,28.6,28.55,28.55,7385,0
2017-04-11,20:20:00,28.575,28.6,28.5,28.55,4956,0
2017-04-11,20:25:00,28.55,28.5807,28.55,28.575,1653,0
2017-04-11,20:30:00,28.575,28.65,28.575,28.65,7581,0
2017-04-11,20:35:00,28.7,28.7,28.6,28.6,11852,0
2017-04-11,20:40:00,28.65,28.65,28.625,28.625,1000,0
2017-04-11,20:45:00,28.625,28.65,28.6,28.65,6487,0
2017-04-11,20:50:00,28.65,28.725,28.65,28.65,10008,0
2017-04-11,20:55:00,28.65,28.775,28.65,28.775,8100,0
2017-04-11,21:00:00,28.8,28.8,28.725,28.75,4029,0
2017-04-11,21:05:00,28.725,28.725,28.7,28.7,3000,0
2017-04-11,21:10:00,28.7,28.7,28.65,28.65,4308,0
2017-04-11,21:15:00,28.65,28.7,28.65,28.65,2600,0
2017-04-11,21:20:00,28.65,28.675,28.6,28.6,6100,0
2017-04-11,21:25:00,28.625,28.7,28.6,28.625,17632,0
2017-04-11,21:30:00,28.6,28.625,28.6,28.625,7300,0
2017-04-11,21:35:00,28.625,28.65,28.6,28.65,13043,0
2017-04-11,21:40:00,28.65,28.65,28.6,28.65,12997,0
2017-04-11,21:45:00,28.625,28.75,28.625,28.675,25475,0
2017-04-11,21:50:00,28.65,28.7,28.65,28.675,11285,0
2017-04-11,21:55:00,28.7,28.7,28.65,28.675,25405,0
2017-04-11,22:00:00,28.65,28.7,28.65,28.7,71167,0
2017-04-12,15:35:00,28.7,28.7165,28.55,28.6,4559,0
2017-04-12,15:40:00,28.65,28.8,28.625,28.75,2100,0
2017-04-12,15:45:00,28.75,28.8,28.725,28.8,500,0
2017-04-12,15:50:00,28.7,28.75,28.6,28.6,3650,0
2017-04-12,15:55:00,28.55,28.65,28.5,28.6,2700,0
2017-04-12,16:00:00,28.6,28.65,28.5,28.5,1395,0
2017-04-12,16:05:00,28.5,28.65,28.5,28.5,4753,0
2017-04-12,16:10:00,28.55,28.6,28.5,28.525,1700,0
2017-04-12,16:15:00,28.55,28.55,28.45,28.55,6050,0
2017-04-12,16:20:00,28.5,28.6,28.5,28.55,2000,0
2017-04-12,16:25:00,28.6,28.6,28.5,28.55,1400,0
2017-04-12,16:30:00,28.55,28.6,28.45,28.45,3600,0
2017-04-12,16:35:00,28.5,28.55,28.5,28.5,3102,0
2017-04-12,16:40:00,28.55,28.55,28.475,28.55,4200,0
2017-04-12,16:45:00,28.55,28.55,28.45,28.45,1550,0
2017-04-12,16:50:00,28.45,28.5,28.4,28.45,7252,0
2017-04-12,16:55:00,28.45,28.45,28.4248,28.425,800,0
2017-04-12,17:00:00,28.45,28.55,28.4,28.55,2100,0
2017-04-12,17:05:00,28.525,28.55,28.5,28.5,4100,0
2017-04-12,17:10:00,28.5,28.6,28.5,28.6,2100,0
2017-04-12,17:15:00,28.6,28.6,28.575,28.6,1700,0
2017-04-12,17:20:00,28.6,28.6,28.6,28.6,800,0
2017-04-12,17:25:00,28.6,28.65,28.6,28.6,3500,0
2017-04-12,17:30:00,28.55,28.6,28.55,28.55,700,0
2017-04-12,17:35:00,28.6,28.6,28.525,28.55,2504,0
2017-04-12,17:40:00,28.525,28.525,28.45,28.5,5098,0
2017-04-12,17:45:00,28.475,28.5,28.45,28.475,3600,0
2017-04-12,17:50:00,28.5,28.5,28.45,28.5,800,0
2017-04-12,17:55:00,28.475,28.5,28.425,28.425,6551,0
2017-04-12,18:00:00,28.425,28.475,28.4,28.4,5489,0
2017-04-12,18:05:00,28.4,28.45,28.375,28.4,2300,0
2017-04-12,18:10:00,28.4,28.45,28.35,28.4,1700,0
2017-04-12,18:15:00,28.4,28.45,28.375,28.4,3100,0
2017-04-12,18:20:00,28.4,28.5,28.35,28.475,7168,0
2017-04-12,18:25:00,28.475,28.5,28.45,28.475,3449,0
2017-04-12,18:30:00,28.5,28.5,28.425,28.475,5400,0
2017-04-12,18:35:00,28.5,28.5,28.45,28.45,1600,0
2017-04-12,18:40:00,28.475,28.5,28.4,28.425,2900,0
2017-04-12,18:45:00,28.4,28.475,28.4,28.475,7600,0
2017-04-12,18:50:00,28.475,28.5,28.45,28.5,1300,0
2017-04-12,18:55:00,28.45,28.475,28.4,28.4,2500,0
2017-04-12,19:00:00,28.4317,28.5,28.4,28.45,4064,0
2017-04-12,19:05:00,28.45,28.5,28.45,28.475,2500,0
2017-04-12,19:10:00,28.45,28.5,28.45,28.5,2100,0
2017-04-12,19:15:00,28.5,28.5,28.45,28.5,1700,0
2017-04-12,19:20:00,28.45,28.5,28.45,28.475,2100,0
2017-04-12,19:25:00,28.45,28.45,28.4,28.425,6300,0
2017-04-12,19:30:00,28.425,28.45,28.425,28.45,300,0
2017-04-12,19:35:00,28.45,28.5,28.4,28.5,5445,0
2017-04-12,19:40:00,28.525,28.55,28.525,28.525,4500,0
2017-04-12,19:45:00,28.525,28.6,28.525,28.575,9100,0
2017-04-12,19:50:00,28.55,28.6,28.55,28.6,800,0
2017-04-12,19:55:00,28.6,28.6,28.55,28.55,1100,0
2017-04-12,20:00:00,28.6,28.65,28.55,28.65,4299,0
2017-04-12,20:05:00,28.65,28.65,28.65,28.65,2600,0
2017-04-12,20:10:00,28.625,28.65,28.6,28.625,900,0
2017-04-12,20:15:00,28.6,28.7,28.6,28.7,7234,0
2017-04-12,20:20:00,28.7,28.7,28.65,28.7,1600,0
2017-04-12,20:25:00,28.7,28.7,28.655,28.675,3400,0
2017-04-12,20:30:00,28.7,28.7,28.65,28.65,1900,0
2017-04-12,20:35:00,28.65,28.7,28.65,28.7,1900,0
2017-04-12,20:40:00,28.65,28.7,28.65,28.65,2075,0
2017-04-12,20:45:00,28.65,28.675,28.6,28.6,11163,0
2017-04-12,20:50:00,28.6,28.65,28.6,28.65,1700,0
2017-04-12,20:55:00,28.6,28.65,28.6,28.625,4465,0
2017-04-12,21:00:00,28.6,28.65,28.6,28.625,2200,0
2017-04-12,21:05:00,28.625,28.65,28.6,28.625,2300,0
2017-04-12,21:10:00,28.625,28.65,28.6,28.6,5809,0
2017-04-12,21:15:00,28.6,28.65,28.6,28.6,6472,0
2017-04-12,21:20:00,28.6,28.65,28.6,28.625,3902,0
2017-04-12,21:25:00,28.65,28.75,28.6,28.75,13114,0
2017-04-12,21:30:00,28.745,28.8,28.725,28.8,4788,0
2017-04-12,21:35:00,28.775,28.8,28.75,28.8,2300,0
2017-04-12,21:40:00,28.8,28.8,28.65,28.675,19863,0
2017-04-12,21:45:00,28.65,28.7,28.6,28.6,7260,0
2017-04-12,21:50:00,28.6,28.625,28.55,28.55,8326,0
2017-04-12,21:55:00,28.55,28.6,28.55,28.575,11800,0
2017-04-12,22:00:00,28.6,28.65,28.55,28.6,53300,0
2017-04-13,15:35:00,28.65,28.694,28.5,28.5,2678,0
2017-04-13,15:40:00,28.55,28.8,28.5,28.8,1200,0
2017-04-13,15:45:00,28.65,28.65,28.45,28.45,1000,0
2017-04-13,15:50:00,28.55,28.6,28.45,28.6,1264,0
2017-04-13,15:55:00,28.7,28.7,28.7,28.7,1434,0
2017-04-13,16:00:00,28.75,28.75,28.75,28.75,200,0
2017-04-13,16:05:00,28.7,28.8,28.7,28.75,1112,0
2017-04-13,16:10:00,28.705,28.75,28.705,28.75,1400,0
2017-04-13,16:15:00,28.75,28.75,28.7,28.75,800,0
2017-04-13,16:20:00,28.75,28.75,28.75,28.75,100,0
2017-04-13,16:25:00,28.75,28.75,28.65,28.7,4309,0
2017-04-13,16:30:00,28.65,28.7,28.65,28.65,1100,0
2017-04-13,16:35:00,28.65,28.7,28.645,28.7,904,0
2017-04-13,16:40:00,28.75,28.75,28.7,28.7,200,0
2017-04-13,16:45:00,28.7,28.75,28.7,28.7,850,0
2017-04-13,16:50:00,28.7,28.7,28.7,28.7,500,0
2017-04-13,16:55:00,28.75,28.75,28.75,28.75,1357,0
2017-04-13,17:00:00,28.8,28.8,28.8,28.8,503,0
2017-04-13,17:05:00,28.7,28.8,28.7,28.75,1665,0
2017-04-13,17:10:00,28.75,28.8,28.7,28.7,1700,0
2017-04-13,17:15:00,28.75,28.8,28.7,28.75,3300,0
2017-04-13,17:20:00,28.8,28.9,28.775,28.9,5935,0
2017-04-13,17:25:00,28.85,28.9,28.8,28.85,20866,0
2017-04-13,17:30:00,28.85,28.9,28.8,28.85,1540,0
2017-04-13,17:35:00,28.85,28.9,28.8,28.9,1700,0
2017-04-13,17:40:00,28.85,28.9,28.85,28.85,3707,0
2017-04-13,17:45:00,28.85,28.9,28.8,28.85,2700,0
2017-04-13,17:50:00,28.85,28.95,28.8,28.95,9365,0
2017-04-13,17:55:00,28.95,29,28.95,29,7147,0
2017-04-13,18:00:00,29,29,28.95,28.975,7300,0
2017-04-13,18:05:00,29,29,28.95,28.95,6100,0
2017-04-13,18:10:00,28.95,29,28.85,28.9,21267,0
2017-04-13,18:15:00,28.9,28.95,28.875,28.9,2200,0
2017-04-13,18:20:00,28.9,28.9,28.9,28.9,1300,0
2017-04-13,18:25:00,28.9,28.925,28.875,28.9,4925,0
2017-04-13,18:30:00,28.9,28.95,28.85,28.9,1200,0
2017-04-13,18:35:00,28.9,28.95,28.85,28.9,2000,0
2017-04-13,18:40:00,28.9,28.95,28.85,28.85,3500,0
2017-04-13,18:45:00,28.9,28.95,28.9,28.9,1900,0
2017-04-13,18:50:00,28.95,28.95,28.85,28.9,1700,0
2017-04-13,18:55:00,28.85,28.95,28.85,28.9,2100,0
2017-04-13,19:00:00,28.9,28.9,28.8,28.8,4476,0
2017-04-13,19:05:00,28.8,28.8,28.65,28.65,9267,0
2017-04-13,19:10:00,28.6,28.65,28.6,28.6,4805,0
2017-04-13,19:15:00,28.65,28.65,28.6,28.65,837,0
2017-04-13,19:20:00,28.65,28.65,28.6,28.6375,1200,0
2017-04-13,19:25:00,28.65,28.65,28.625,28.65,400,0
2017-04-13,19:30:00,28.7,28.7,28.7,28.7,1600,0
2017-04-13,19:35:00,28.7,28.75,28.675,28.7,10991,0
2017-04-13,19:40:00,28.75,28.85,28.725,28.85,8773,0
2017-04-13,19:45:00,28.8,28.8,28.75,28.8,10497,0
2017-04-13,19:50:00,28.75,28.85,28.75,28.8,9915,0
2017-04-13,19:55:00,28.8,28.85,28.75,28.75,1100,0
2017-04-13,20:00:00,28.85,28.85,28.75,28.75,1737,0
2017-04-13,20:05:00,28.7,28.725,28.7,28.7,1000,0
2017-04-13,20:10:00,28.75,28.75,28.725,28.75,2255,0
2017-04-13,20:15:00,28.75,28.8,28.75,28.775,1500,0
2017-04-13,20:20:00,28.75,28.775,28.75,28.75,1000,0
2017-04-13,20:25:00,28.75,28.8,28.75,28.8,2300,0
2017-04-13,20:30:00,28.8,28.8,28.75,28.775,1200,0
2017-04-13,20:35:00,28.75,28.8,28.725,28.75,28249,0
2017-04-13,20:40:00,28.7,28.7,28.675,28.675,500,0
2017-04-13,20:45:00,28.65,28.7,28.65,28.7,1957,0
2017-04-13,20:50:00,28.7,28.7,28.7,28.7,200,0
2017-04-13,20:55:00,28.65,28.675,28.65,28.65,1200,0
2017-04-13,21:00:00,28.65,28.65,28.625,28.65,1319,0
2017-04-13,21:05:00,28.7,28.7,28.65,28.675,600,0
2017-04-13,21:10:00,28.7,28.7,28.625,28.65,3305,0
2017-04-13,21:15:00,28.65,28.65,28.575,28.6,4163,0
2017-04-13,21:20:00,28.6,28.6,28.55,28.55,1700,0
2017-04-13,21:25:00,28.575,28.65,28.575,28.6304,4358,0
2017-04-13,21:30:00,28.625,28.65,28.625,28.65,300,0
2017-04-13,21:35:00,28.6,28.6,28.525,28.55,16605,0
2017-04-13,21:40:00,28.5,28.525,28.5,28.5,3636,0
2017-04-13,21:45:00,28.5,28.575,28.5,28.55,5927,0
2017-04-13,21:50:00,28.5,28.6,28.5,28.6,7497,0
2017-04-13,21:55:00,28.575,28.6,28.525,28.575,16683,0
2017-04-13,22:00:00,28.6,28.6,28.55,28.55,34103,0
2017-04-17,15:35:00,28.65,28.7,28.65,28.7,1120,0
2017-04-17,15:40:00,28.75,28.75,28.65,28.75,2098,0
2017-04-17,15:50:00,28.7,28.7,28.7,28.7,900,0
2017-04-17,15:55:00,28.75,28.75,28.75,28.75,100,0
2017-04-17,16:00:00,28.7,28.75,28.7,28.75,900,0
2017-04-17,16:05:00,28.75,28.75,28.75,28.75,900,0
2017-04-17,16:10:00,28.8,28.8,28.775,28.775,200,0
2017-04-17,16:15:00,28.8,28.85,28.8,28.8,1400,0
2017-04-17,16:20:00,28.85,28.9,28.825,28.85,2212,0
2017-04-17,16:25:00,28.875,28.875,28.85,28.85,600,0
2017-04-17,16:30:00,28.825,28.825,28.825,28.825,100,0
2017-04-17,16:35:00,28.825,28.825,28.825,28.825,100,0
2017-04-17,16:40:00,28.8,28.8,28.65,28.65,2330,0
2017-04-17,16:45:00,28.65,28.65,28.65,28.65,100,0
2017-04-17,16:50:00,28.65,28.75,28.65,28.75,300,0
2017-04-17,16:55:00,28.75,28.8,28.725,28.8,1196,0
2017-04-17,17:00:00,28.8,28.85,28.755,28.85,2093,0
2017-04-17,17:05:00,28.85,28.95,28.85,28.95,1400,0
2017-04-17,17:10:00,28.925,28.95,28.9,28.95,800,0
2017-04-17,17:15:00,28.95,28.95,28.925,28.95,300,0
2017-04-17,17:20:00,28.95,29.05,28.95,29.025,1800,0
2017-04-17,17:25:00,29.025,29.025,28.95,29,2500,0
2017-04-17,17:30:00,29.05,29.05,29.05,29.05,200,0
2017-04-17,17:35:00,29.05,29.05,29.05,29.05,100,0
2017-04-17,17:40:00,29.025,29.05,29,29.05,900,0
2017-04-17,17:45:00,29.05,29.075,29,29,3400,0
2017-04-17,17:50:00,28.95,28.9757,28.925,28.95,2950,0
2017-04-17,17:55:00,28.95,29,28.95,28.95,1115,0
2017-04-17,18:00:00,28.95,28.95,28.9,28.95,1300,0
2017-04-17,18:05:00,28.9,28.9,28.85,28.85,1737,0
2017-04-17,18:10:00,28.945,28.95,28.85,28.85,5550,0
2017-04-17,18:15:00,28.9,28.9,28.85,28.85,12924,0
2017-04-17,18:20:00,28.825,28.85,28.8,28.8,500,0
2017-04-17,18:25:00,28.825,28.895,28.825,28.85,2618,0
2017-04-17,18:35:00,28.8484,28.9,28.8,28.9,1800,0
2017-04-17,18:40:00,28.9,28.9,28.9,28.9,300,0
2017-04-17,18:45:00,28.9,28.9,28.9,28.9,300,0
2017-04-17,18:50:00,28.9,28.9,28.9,28.9,200,0
2017-04-17,18:55:00,28.85,28.85,28.8,28.85,1200,0
2017-04-17,19:00:00,28.8,28.85,28.8,28.85,200,0
2017-04-17,19:10:00,28.9,28.9,28.8,28.825,800,0
2017-04-17,19:15:00,28.825,28.9,28.775,28.8,7212,0
2017-04-17,19:20:00,28.775,28.8,28.75,28.75,3972,0
2017-04-17,19:25:00,28.775,28.8,28.75,28.775,1500,0
2017-04-17,19:30:00,28.75,28.8,28.75,28.8,3800,0
2017-04-17,19:35:00,28.75,28.775,28.75,28.775,1707,0
2017-04-17,19:40:00,28.75,28.8,28.75,28.75,1400,0
2017-04-17,19:45:00,28.8,28.8,28.7,28.7,2961,0
2017-04-17,19:50:00,28.725,28.725,28.7,28.7,500,0
2017-04-17,19:55:00,28.7,28.75,28.7,28.725,2991,0
2017-04-17,20:00:00,28.75,28.8,28.725,28.8,1200,0
2017-04-17,20:05:00,28.8,28.85,28.75,28.825,6661,0
2017-04-17,20:10:00,28.85,28.85,28.8,28.8,1100,0
2017-04-17,20:15:00,28.8,28.8,28.75,28.775,1800,0
2017-04-17,20:20:00,28.775,28.775,28.75,28.775,1300,0
2017-04-17,20:25:00,28.775,28.8,28.75,28.75,800,0
2017-04-17,20:30:00,28.775,28.775,28.75,28.75,400,0
2017-04-17,20:35:00,28.75,28.8,28.75,28.775,2855,0
2017-04-17,20:40:00,28.75,28.75,28.7,28.725,3014,0
2017-04-17,20:45:00,28.75,28.75,28.7,28.7,2120,0
2017-04-17,20:50:00,28.725,28.75,28.7,28.7,9000,0
2017-04-17,20:55:00,28.7,28.75,28.6,28.675,32684,0
2017-04-17,21:00:00,28.675,28.675,28.65,28.675,1400,0
2017-04-17,21:05:00,28.675,28.7,28.675,28.7,3948,0
2017-04-17,21:10:00,28.675,28.8,28.675,28.8,8174,0
2017-04-17,21:15:00,28.825,28.825,28.775,28.775,1400,0
2017-04-17,21:20:00,28.8,28.825,28.8,28.825,2000,0
2017-04-17,21:25:00,28.8,28.85,28.775,28.8,2492,0
2017-04-17,21:30:00,28.8,28.9,28.75,28.9,3785,0
2017-04-17,21:35:00,28.9,28.9,28.825,28.875,5500,0
2017-04-17,21:40:00,28.875,28.9,28.85,28.85,1500,0
2017-04-17,21:45:00,28.875,28.9,28.85,28.85,1500,0
2017-04-17,21:50:00,28.9,28.95,28.85,28.925,9388,0
2017-04-17,21:55:00,28.95,29,28.925,28.975,8012,0
2017-04-17,22:00:00,28.95,29,28.95,29,36474,0
2017-04-18,15:35:00,28.7,28.7,28.45,28.5,4914,0
2017-04-18,15:40:00,28.8,28.9,28.75,28.85,713,0
2017-04-18,15:45:00,28.85,28.85,28.85,28.85,400,0
2017-04-18,15:50:00,28.85,28.95,28.85,28.95,545,0
2017-04-18,16:00:00,28.875,28.9,28.875,28.9,446,0
2017-04-18,16:05:00,28.95,28.95,28.95,28.95,674,0
2017-04-18,16:10:00,28.95,28.95,28.95,28.95,100,0
2017-04-18,16:15:00,28.95,29,28.925,28.95,3812,0
2017-04-18,16:20:00,28.9,28.9,28.85,28.85,1100,0
2017-04-18,16:25:00,28.8,28.8,28.8,28.8,200,0
2017-04-18,16:30:00,28.85,28.9,28.85,28.9,773,0
2017-04-18,16:35:00,28.85,28.95,28.85,28.9,1300,0
2017-04-18,16:40:00,28.9,28.975,28.9,28.975,901,0
2017-04-18,16:45:00,29,29,28.95,28.95,500,0
2017-04-18,16:50:00,28.979,28.979,28.925,28.95,1191,0
2017-04-18,16:55:00,28.9,28.9,28.875,28.9,3986,0
2017-04-18,17:05:00,28.9,28.95,28.9,28.95,727,0
2017-04-18,17:10:00,28.95,29,28.925,28.975,2989,0
2017-04-18,17:15:00,28.975,29,28.975,29,3800,0
2017-04-18,17:20:00,28.975,29,28.925,28.925,4926,0
2017-04-18,17:25:00,28.95,29,28.9135,28.975,3021,0
2017-04-18,17:30:00,29,29,28.975,29,3734,0
2017-04-18,17:35:00,29.025,29.025,28.9,28.95,6780,0
2017-04-18,17:40:00,29,29,28.975,28.975,300,0
2017-04-18,17:50:00,29,29,28.975,29,700,0
2017-04-18,17:55:00,29,29,28.975,28.975,600,0
2017-04-18,18:00:00,28.95,28.95,28.85,28.85,2467,0
2017-04-18,18:05:00,28.8,28.8322,28.7,28.8322,4059,0
2017-04-18,18:10:00,28.85,28.85,28.8,28.8,1900,0
2017-04-18,18:15:00,28.75,28.85,28.75,28.85,600,0
2017-04-18,18:20:00,28.8,28.85,28.75,28.75,2300,0
2017-04-18,18:25:00,28.75,28.8,28.75,28.8,400,0
2017-04-18,18:30:00,28.75,28.775,28.75,28.75,400,0
2017-04-18,18:35:00,28.75,28.85,28.75,28.8,3252,0
2017-04-18,18:40:00,28.85,28.85,28.8,28.8,500,0
2017-04-18,18:45:00,28.8,28.85,28.8,28.85,2150,0
2017-04-18,18:50:00,28.9,28.9,28.85,28.85,2300,0
2017-04-18,18:55:00,28.85,28.925,28.85,28.9,2893,0
2017-04-18,19:00:00,28.875,28.875,28.85,28.85,4482,0
2017-04-18,19:05:00,28.85,28.9,28.8,28.85,19618,0
2017-04-18,19:10:00,28.875,28.9,28.85,28.85,2400,0
2017-04-18,19:15:00,28.85,28.9,28.8,28.825,5906,0
2017-04-18,19:20:00,28.825,28.85,28.8,28.825,1700,0
2017-04-18,19:25:00,28.825,28.85,28.8,28.8,1900,0
2017-04-18,19:30:00,28.8,28.8,28.8,28.8,300,0
2017-04-18,19:35:00,28.825,28.85,28.8,28.8,1100,0
2017-04-18,19:40:00,28.825,28.85,28.8,28.8,500,0
2017-04-18,19:45:00,28.8,28.85,28.8,28.8,900,0
2017-04-18,19:50:00,28.8,28.85,28.8,28.85,700,0
2017-04-18,19:55:00,28.85,28.85,28.805,28.85,2911,0
2017-04-18,20:00:00,28.825,28.85,28.825,28.85,500,0
2017-04-18,20:05:00,28.85,28.9,28.85,28.9,11989,0
2017-04-18,20:10:00,28.95,28.95,28.925,28.925,600,0
2017-04-18,20:15:00,28.905,28.925,28.905,28.925,400,0
2017-04-18,20:20:00,28.925,28.95,28.9,28.9,700,0
2017-04-18,20:25:00,28.925,28.95,28.925,28.925,2000,0
2017-04-18,20:30:00,28.95,28.95,28.925,28.925,400,0
2017-04-18,20:35:00,28.95,28.975,28.95,28.975,6102,0
2017-04-18,20:40:00,28.975,29,28.95,28.95,1200,0
2017-04-18,20:45:00,29,29,28.875,28.875,6800,0
2017-04-18,20:50:00,28.875,28.875,28.85,28.85,500,0
2017-04-18,20:55:00,28.85,28.875,28.775,28.85,15372,0
2017-04-18,21:00:00,28.85,28.85,28.8,28.85,5726,0
2017-04-18,21:05:00,28.85,28.85,28.8,28.8,9119,0
2017-04-18,21:10:00,28.825,28.85,28.825,28.825,1600,0
2017-04-18,21:15:00,28.85,28.85,28.825,28.85,1000,0
2017-04-18,21:20:00,28.825,28.9,28.8,28.9,3100,0
2017-04-18,21:25:00,28.9,28.9,28.85,28.9,1600,0
2017-04-18,21:30:00,28.9,28.95,28.875,28.95,5684,0
2017-04-18,21:35:00,28.95,28.95,28.9,28.925,3500,0
2017-04-18,21:40:00,28.95,28.95,28.9,28.95,3000,0
2017-04-18,21:45:00,28.925,28.95,28.925,28.925,3500,0
2017-04-18,21:50:00,28.9,28.925,28.85,28.9,11258,0
2017-04-18,21:55:00,28.9,28.9,28.8,28.8,18952,0
2017-04-18,22:00:00,28.825,28.9,28.8,28.85,55380,0
2017-04-19,15:35:00,29.1,29.45,29.1,29.425,9567,0
2017-04-19,15:40:00,29.45,29.5,29.3,29.35,20418,0
2017-04-19,15:45:00,29.35,29.45,29.305,29.35,11427,0
2017-04-19,15:50:00,29.3,29.4,29.25,29.375,10462,0
2017-04-19,15:55:00,29.375,29.4,29.3,29.3,14033,0
2017-04-19,16:00:00,29.25,29.4,29.25,29.375,7116,0
2017-04-19,16:05:00,29.375,29.375,29.3,29.325,3000,0
2017-04-19,16:10:00,29.325,29.325,29.15,29.2,4200,0
2017-04-19,16:15:00,29.175,29.25,29.175,29.2,4490,0
2017-04-19,16:20:00,29.175,29.25,29.15,29.25,11099,0
2017-04-19,16:25:00,29.225,29.25,29.15,29.225,2312,0
2017-04-19,16:30:00,29.25,29.4,29.25,29.4,2800,0
2017-04-19,16:35:00,29.4,29.5,29.4,29.5,2591,0
2017-04-19,16:40:00,29.5,29.525,29.4698,29.5,5069,0
2017-04-19,16:45:00,29.5,29.525,29.35,29.35,6050,0
2017-04-19,16:50:00,29.35,29.4,29.35,29.4,866,0
2017-04-19,16:55:00,29.4,29.525,29.4,29.475,5894,0
2017-04-19,17:00:00,29.45,29.5,29.4,29.45,10400,0
2017-04-19,17:05:00,29.45,29.475,29.4,29.4,9884,0
2017-04-19,17:15:00,29.425,29.45,29.4,29.45,9981,0
2017-04-19,17:20:00,29.45,29.5,29.425,29.45,4499,0
2017-04-19,17:25:00,29.45,29.5,29.45,29.5,4092,0
2017-04-19,17:30:00,29.5,29.625,29.5,29.6,1300,0
2017-04-19,17:35:00,29.629,29.65,29.625,29.65,1300,0
2017-04-19,17:40:00,29.65,29.65,29.6,29.625,5001,0
2017-04-19,17:45:00,29.6,29.6,29.55,29.55,2100,0
2017-04-19,17:50:00,29.55,29.55,29.5,29.55,1605,0
2017-04-19,17:55:00,29.55,29.55,29.5,29.55,400,0
2017-04-19,18:00:00,29.5053,29.55,29.5053,29.525,700,0
2017-04-19,18:05:00,29.525,29.525,29.45,29.45,2200,0
2017-04-19,18:10:00,29.45,29.45,29.4,29.45,31512,0
2017-04-19,18:15:00,29.425,29.5,29.425,29.5,13502,0
2017-04-19,18:20:00,29.5,29.55,29.475,29.55,2500,0
2017-04-19,18:25:00,29.55,29.55,29.525,29.55,1100,0
2017-04-19,18:30:00,29.55,29.55,29.45,29.45,3704,0
2017-04-19,18:35:00,29.45,29.45,29.45,29.45,100,0
2017-04-19,18:40:00,29.5,29.5,29.5,29.5,1200,0
2017-04-19,18:45:00,29.5,29.55,29.5,29.545,3031,0
2017-04-19,18:50:00,29.55,29.55,29.55,29.55,200,0
2017-04-19,18:55:00,29.55,29.55,29.55,29.55,400,0
2017-04-19,19:00:00,29.55,29.55,29.525,29.55,1562,0
2017-04-19,19:05:00,29.525,29.55,29.45,29.45,5075,0
2017-04-19,19:10:00,29.45,29.5,29.45,29.5,800,0
2017-04-19,19:15:00,29.45,29.45,29.4,29.4,2300,0
2017-04-19,19:20:00,29.45,29.5,29.425,29.45,1501,0
2017-04-19,19:25:00,29.5,29.5,29.4,29.45,1599,0
2017-04-19,19:30:00,29.5,29.5,29.475,29.475,600,0
2017-04-19,19:35:00,29.475,29.5,29.425,29.425,3028,0
2017-04-19,19:40:00,29.4333,29.45,29.425,29.425,545,0
2017-04-19,19:45:00,29.45,29.5,29.425,29.475,4401,0
2017-04-19,19:50:00,29.5,29.5,29.45,29.45,1101,0
2017-04-19,19:55:00,29.5,29.5,29.45,29.5,600,0
2017-04-19,20:00:00,29.45,29.5,29.45,29.5,1200,0
2017-04-19,20:05:00,29.5,29.5,29.45,29.475,1600,0
2017-04-19,20:10:00,29.495,29.5,29.45,29.5,1350,0
2017-04-19,20:15:00,29.5,29.5,29.45,29.5,1200,0
2017-04-19,20:20:00,29.495,29.5,29.4,29.4,4397,0
2017-04-19,20:25:00,29.4,29.45,29.4,29.425,750,0
2017-04-19,20:30:00,29.45,29.5,29.425,29.5,3797,0
2017-04-19,20:35:00,29.5,29.6,29.5,29.575,5555,0
2017-04-19,20:40:00,29.6,29.6,29.5,29.525,5000,0
2017-04-19,20:45:00,29.5,29.55,29.5,29.55,500,0
2017-04-19,20:50:00,29.55,29.55,29.5,29.55,3300,0
2017-04-19,20:55:00,29.55,29.55,29.45,29.475,4295,0
2017-04-19,21:00:00,29.5,29.55,29.5,29.55,2433,0
2017-04-19,21:05:00,29.55,29.55,29.5,29.525,4900,0
2017-04-19,21:10:00,29.55,29.55,29.525,29.525,200,0
2017-04-19,21:15:00,29.525,29.6,29.525,29.575,7607,0
2017-04-19,21:20:00,29.55,29.6,29.55,29.575,800,0
2017-04-19,21:25:00,29.6,29.65,29.575,29.6,8042,0
2017-04-19,21:30:00,29.625,29.65,29.4,29.4,12350,0
2017-04-19,21:35:00,29.425,29.5,29.425,29.5,5631,0
2017-04-19,21:40:00,29.5,29.5,29.475,29.475,2665,0
2017-04-19,21:45:00,29.5,29.5,29.4,29.45,18090,0
2017-04-19,21:50:00,29.45,29.475,29.4,29.425,6822,0
2017-04-19,21:55:00,29.445,29.45,29.4,29.45,11045,0
2017-04-19,22:00:00,29.45,29.5,29.425,29.45,61120,0
2017-04-20,15:35:00,29.7,29.7,29.65,29.65,2652,0
2017-04-20,15:45:00,29.6,29.75,29.6,29.75,2200,0
2017-04-20,15:50:00,29.745,29.75,29.55,29.55,3580,0
2017-04-20,15:55:00,29.55,29.55,29.525,29.525,300,0
2017-04-20,16:00:00,29.5,29.525,29.45,29.475,1196,0
2017-04-20,16:05:00,29.5,29.5,29.5,29.5,1125,0
2017-04-20,16:10:00,29.45,29.525,29.45,29.5,1605,0
2017-04-20,16:15:00,29.5,29.55,29.5,29.55,1200,0
2017-04-20,16:20:00,29.5,29.5,29.5,29.5,500,0
2017-04-20,16:25:00,29.45,29.5,29.45,29.475,1400,0
2017-04-20,16:30:00,29.45,29.45,29.425,29.425,1200,0
2017-04-20,16:35:00,29.45,29.45,29.4,29.4,1500,0
2017-04-20,16:40:00,29.4,29.45,29.375,29.45,5699,0
2017-04-20,16:45:00,29.45,29.5,29.45,29.5,3761,0
2017-04-20,16:50:00,29.5,29.5,29.45,29.45,1300,0
2017-04-20,16:55:00,29.5,29.525,29.5,29.525,669,0
2017-04-20,17:00:00,29.55,29.6,29.55,29.6,1592,0
2017-04-20,17:05:00,29.6,29.65,29.575,29.6,1000,0
2017-04-20,17:10:00,29.575,29.6,29.575,29.6,400,0
2017-04-20,17:15:00,29.6,29.65,29.6,29.65,1802,0
2017-04-20,17:20:00,29.625,29.625,29.625,29.625,100,0
2017-04-20,17:25:00,29.65,29.65,29.6122,29.6122,924,0
2017-04-20,17:35:00,29.65,29.7,29.65,29.7,2100,0
2017-04-20,17:40:00,29.675,29.85,29.675,29.85,52305,0
2017-04-20,17:45:00,29.85,29.85,29.85,29.85,400,0
2017-04-20,17:50:00,29.85,29.9,29.8167,29.9,2670,0
2017-04-20,17:55:00,29.9,29.95,29.85,29.95,6000,0
2017-04-20,18:00:00,29.875,29.9,29.875,29.9,300,0
2017-04-20,18:05:00,29.9,29.9,29.875,29.9,4005,0
2017-04-20,18:10:00,29.9,29.9,29.8,29.85,14294,0
2017-04-20,18:15:00,29.85,29.85,29.825,29.85,2300,0
2017-04-20,18:20:00,29.825,29.85,29.825,29.825,51300,0
2017-04-20,18:25:00,29.85,29.9,29.85,29.875,1993,0
2017-04-20,18:30:00,29.9,29.9,29.9,29.9,300,0
2017-04-20,18:35:00,29.9,29.9,29.85,29.85,700,0
2017-04-20,18:40:00,29.9,29.9,29.85,29.85,200,0
2017-04-20,18:45:00,29.9,29.9,29.875,29.875,400,0
2017-04-20,18:50:00,29.85,29.875,29.775,29.8,40786,0
2017-04-20,18:55:00,29.8,29.8,29.75,29.775,1000,0
2017-04-20,19:00:00,29.775,29.8,29.725,29.75,1900,0
2017-04-20,19:10:00,29.725,29.75,29.7,29.75,1293,0
2017-04-20,19:20:00,29.75,29.75,29.65,29.675,3568,0
2017-04-20,19:25:00,29.65,29.7,29.65,29.7,2000,0
2017-04-20,19:30:00,29.65,29.675,29.65,29.675,1300,0
2017-04-20,19:35:00,29.675,29.675,29.65,29.675,400,0
2017-04-20,19:40:00,29.675,29.675,29.675,29.675,300,0
2017-04-20,19:45:00,29.675,29.675,29.65,29.675,1540,0
2017-04-20,19:50:00,29.7,29.7,29.65,29.65,1200,0
2017-04-20,19:55:00,29.675,29.675,29.2,29.55,86892,0
2017-04-20,20:00:00,29.575,29.65,29.55,29.625,5100,0
2017-04-20,20:05:00,29.65,29.65,29.6,29.625,1200,0
2017-04-20,20:10:00,29.625,29.65,29.625,29.645,926,0
2017-04-20,20:15:00,29.625,29.625,29.625,29.625,700,0
2017-04-20,20:20:00,29.625,29.65,29.6,29.65,2600,0
2017-04-20,20:25:00,29.6,29.65,29.6,29.625,1000,0
2017-04-20,20:30:00,29.65,29.65,29.6006,29.65,1769,0
2017-04-20,20:35:00,29.625,29.65,29.55,29.5728,5569,0
2017-04-20,20:40:00,29.55,29.575,29.5,29.5,4422,0
2017-04-20,20:45:00,29.525,29.525,29.45,29.45,2282,0
2017-04-20,20:50:00,29.475,29.55,29.475,29.55,10384,0
2017-04-20,20:55:00,29.525,29.55,29.525,29.55,1300,0
2017-04-20,21:00:00,29.55,29.55,29.525,29.55,5332,0
2017-04-20,21:05:00,29.55,29.55,29.525,29.55,1340,0
2017-04-20,21:10:00,29.55,29.6,29.525,29.6,3300,0
2017-04-20,21:15:00,29.6,29.7,29.6,29.675,4900,0
2017-04-20,21:20:00,29.7,29.7,29.6,29.625,8300,0
2017-04-20,21:25:00,29.625,29.65,29.55,29.575,4597,0
2017-04-20,21:30:00,29.575,29.6,29.571,29.575,1400,0
2017-04-20,21:35:00,29.575,29.6,29.575,29.575,1700,0
2017-04-20,21:40:00,29.6,29.6,29.55,29.575,1300,0
2017-04-20,21:45:00,29.55,29.6,29.55,29.6,4200,0
2017-04-20,21:50:00,29.575,29.6,29.55,29.6,5614,0
2017-04-20,21:55:00,29.6,29.6,29.575,29.6,100648,0
2017-04-20,22:00:00,29.6,29.7,29.575,29.6,76146,0
2017-04-21,15:35:00,29.45,29.75,29.45,29.55,19610,0
2017-04-21,15:40:00,29.5,29.55,29.45,29.525,1545,0
2017-04-21,15:45:00,29.55,29.6,29.55,29.555,1328,0
2017-04-21,15:50:00,29.6,29.6,29.6,29.6,200,0
2017-04-21,15:55:00,29.6,29.6,29.5,29.5,600,0
2017-04-21,16:00:00,29.5,29.55,29.45,29.5,1800,0
2017-04-21,16:05:00,29.5,29.5,29.35,29.35,3898,0
2017-04-21,16:10:00,29.4,29.475,29.35,29.475,10455,0
2017-04-21,16:15:00,29.5,29.5,29.35,29.4,4882,0
2017-04-21,16:20:00,29.4,29.45,29.4,29.45,200,0
2017-04-21,16:25:00,29.4,29.5,29.4,29.475,6642,0
2017-04-21,16:30:00,29.475,29.475,29.375,29.4,7500,0
2017-04-21,16:35:00,29.425,29.425,29.35,29.35,13150,0
2017-04-21,16:40:00,29.4,29.425,29.35,29.375,2600,0
2017-04-21,16:45:00,29.35,29.4,29.3,29.35,16688,0
2017-04-21,16:50:00,29.4,29.4,29.2,29.2,8930,0
2017-04-21,16:55:00,29.2,29.225,29.2,29.225,1800,0
2017-04-21,17:00:00,29.2,29.275,29.15,29.25,6100,0
2017-04-21,17:05:00,29.275,29.275,29.275,29.275,900,0
2017-04-21,17:10:00,29.25,29.3,29.25,29.3,900,0
2017-04-21,17:15:00,29.25,29.275,29.15,29.225,7702,0
2017-04-21,17:20:00,29.2,29.3,29.2,29.275,4900,0
2017-04-21,17:25:00,29.25,29.3,29.25,29.25,2800,0
2017-04-21,17:30:00,29.3,29.35,29.3,29.325,3100,0
2017-04-21,17:35:00,29.325,29.325,29.3,29.3,500,0
2017-04-21,17:40:00,29.3,29.35,29.3,29.35,952,0
2017-04-21,17:45:00,29.325,29.4,29.325,29.4,2400,0
2017-04-21,17:50:00,29.375,29.4,29.375,29.4,705,0
2017-04-21,17:55:00,29.35,29.45,29.35,29.425,3490,0
2017-04-21,18:00:00,29.425,29.45,29.4,29.425,5500,0
2017-04-21,18:05:00,29.425,29.45,29.425,29.45,1549,0
2017-04-21,18:10:00,29.45,29.45,29.4,29.425,700,0
2017-04-21,18:15:00,29.45,29.5,29.45,29.475,900,0
2017-04-21,18:20:00,29.475,29.5,29.475,29.475,700,0
2017-04-21,18:25:00,29.5,29.525,29.45,29.475,4462,0
2017-04-21,18:30:00,29.45,29.5,29.45,29.45,1900,0
2017-04-21,18:35:00,29.45,29.5,29.4,29.45,3565,0
2017-04-21,18:40:00,29.45,29.5,29.4,29.5,1300,0
2017-04-21,18:45:00,29.475,29.5,29.45,29.475,700,0
2017-04-21,18:50:00,29.5,29.5,29.475,29.5,300,0
2017-04-21,18:55:00,29.5,29.575,29.475,29.475,4190,0
2017-04-21,19:05:00,29.475,29.5,29.45,29.5,500,0
2017-04-21,19:10:00,29.475,29.5,29.45,29.475,1700,0
2017-04-21,19:15:00,29.45,29.45,29.4,29.425,6500,0
2017-04-21,19:20:00,29.45,29.45,29.4,29.4,300,0
2017-04-21,19:25:00,29.45,29.475,29.4,29.425,5551,0
2017-04-21,19:30:00,29.45,29.5,29.45,29.475,3318,0
2017-04-21,19:35:00,29.475,29.475,29.4,29.425,1870,0
2017-04-21,19:40:00,29.45,29.475,29.425,29.475,2100,0
2017-04-21,19:45:00,29.475,29.5,29.475,29.5,2100,0
2017-04-21,19:50:00,29.5,29.6,29.5,29.575,3100,0
2017-04-21,19:55:00,29.575,29.6,29.55,29.6,1800,0
2017-04-21,20:00:00,29.6,29.675,29.55,29.575,13408,0
2017-04-21,20:05:00,29.55,29.6,29.55,29.575,844,0
2017-04-21,20:10:00,29.575,29.65,29.55,29.575,3201,0
2017-04-21,20:15:00,29.575,29.6,29.5,29.525,4095,0
2017-04-21,20:20:00,29.55,29.55,29.5,29.525,3000,0
2017-04-21,20:25:00,29.5,29.55,29.45,29.5,7605,0
2017-04-21,20:30:00,29.525,29.525,29.5,29.525,700,0
2017-04-21,20:35:00,29.525,29.55,29.5,29.5,1207,0
2017-04-21,20:40:00,29.5,29.55,29.5,29.5,1900,0
2017-04-21,20:45:00,29.525,29.525,29.45,29.475,4100,0
2017-04-21,20:50:00,29.45,29.5,29.45,29.475,3167,0
2017-04-21,20:55:00,29.5,29.5,29.45,29.45,7300,0
2017-04-21,21:00:00,29.475,29.55,29.45,29.5,11659,0
2017-04-21,21:05:00,29.5,29.5,29.475,29.5,1600,0
2017-04-21,21:10:00,29.475,29.475,29.425,29.45,6501,0
2017-04-21,21:15:00,29.45,29.45,29.425,29.45,26800,0
2017-04-21,21:20:00,29.45,29.5,29.425,29.5,5200,0
2017-04-21,21:25:00,29.5,29.5,29.425,29.45,7000,0
2017-04-21,21:30:00,29.425,29.45,29.4,29.45,2300,0
2017-04-21,21:35:00,29.45,29.45,29.4,29.45,2800,0
2017-04-21,21:40:00,29.4,29.45,29.4,29.45,9454,0
2017-04-21,21:45:00,29.425,29.45,29.4,29.45,4500,0
2017-04-21,21:50:00,29.45,29.55,29.45,29.525,24696,0
2017-04-21,21:55:00,29.55,29.55,29.5,29.525,20175,0
2017-04-21,22:00:00,29.525,29.55,29.35,29.35,76728,0
2017-04-24,15:35:00,29.8,29.8,29.5,29.55,38564,0
2017-04-24,15:40:00,29.55,29.6,29.4,29.45,31284,0
2017-04-24,15:45:00,29.45,29.5,29.35,29.4,9103,0
2017-04-24,15:50:00,29.35,29.5,29.35,29.4,16102,0
2017-04-24,15:55:00,29.4,29.5,29.325,29.35,19307,0
2017-04-24,16:00:00,29.35,29.45,29.35,29.35,21883,0
2017-04-24,16:05:00,29.35,29.45,29.35,29.4,22508,0
2017-04-24,16:10:00,29.4,29.45,29.35,29.35,18085,0
2017-04-24,16:15:00,29.35,29.4,29.3,29.35,20106,0
2017-04-24,16:20:00,29.35,29.4,29.35,29.375,8300,0
2017-04-24,16:25:00,29.375,29.45,29.35,29.4,13847,0
2017-04-24,16:30:00,29.4,29.45,29.35,29.4,15991,0
2017-04-24,16:35:00,29.4,29.45,29.35,29.4,20102,0
2017-04-24,16:40:00,29.4,29.45,29.4,29.425,5930,0
2017-04-24,16:45:00,29.425,29.45,29.4,29.425,12410,0
2017-04-24,16:50:00,29.4,29.45,29.375,29.4,9004,0
2017-04-24,16:55:00,29.45,29.675,29.45,29.65,7384,0
2017-04-24,17:00:00,29.675,29.75,29.675,29.7,5700,0
2017-04-24,17:05:00,29.7,29.7,29.7,29.7,1460,0
2017-04-24,17:10:00,29.7,29.7,29.675,29.7,2274,0
2017-04-24,17:15:00,29.7,29.85,29.7,29.85,3377,0
2017-04-24,17:20:00,29.9,29.925,29.85,29.85,4300,0
2017-04-24,17:25:00,29.85,30,29.85,30,5230,0
2017-04-24,17:30:00,29.975,30.15,29.95,30,50961,0
2017-04-24,17:35:00,30,30.025,29.95,30.025,1100,0
2017-04-24,17:40:00,30.05,30.05,29.95,30.025,3800,0
2017-04-24,17:45:00,30.025,30.05,29.95,30,6585,0
2017-04-24,17:50:00,30.025,30.075,30,30,8207,0
2017-04-24,17:55:00,30.025,30.05,30,30,1400,0
2017-04-24,18:00:00,30.025,30.05,30,30.025,2700,0
2017-04-24,18:05:00,30,30.05,29.95,29.95,8798,0
2017-04-24,18:10:00,29.95,30,29.95,29.95,7982,0
2017-04-24,18:15:00,29.975,30,29.85,29.875,20992,0
2017-04-24,18:20:00,29.85,29.9,29.85,29.9,5696,0
2017-04-24,18:25:00,29.9,29.925,29.85,29.9,4400,0
2017-04-24,18:30:00,29.9,29.925,29.85,29.875,4700,0
2017-04-24,18:35:00,29.85,29.9,29.45,29.8,45125,0
2017-04-24,18:40:00,29.8,29.85,29.75,29.8,4112,0
2017-04-24,18:45:00,29.8,29.85,29.75,29.825,1623,0
2017-04-24,18:50:00,29.825,29.9,29.8,29.875,3100,0
2017-04-24,18:55:00,29.875,29.9,29.8,29.85,11580,0
2017-04-24,19:00:00,29.8,29.805,29.75,29.8,2500,0
2017-04-24,19:05:00,29.75,29.8,29.75,29.75,6878,0
2017-04-24,19:10:00,29.75,29.775,29.75,29.75,3963,0
2017-04-24,19:15:00,29.775,29.8,29.75,29.775,8110,0
2017-04-24,19:20:00,29.775,29.775,29.7,29.725,9324,0
2017-04-24,19:25:00,29.725,29.745,29.7,29.725,3400,0
2017-04-24,19:30:00,29.725,29.75,29.65,29.65,15199,0
2017-04-24,19:35:00,29.65,29.75,29.65,29.7,3303,0
2017-04-24,19:40:00,29.725,29.725,29.65,29.65,6148,0
2017-04-24,19:45:00,29.65,29.7,29.65,29.7,400,0
2017-04-24,19:50:00,29.7,29.75,29.65,29.675,6835,0
2017-04-24,19:55:00,29.7,29.75,29.7,29.725,5215,0
2017-04-24,20:00:00,29.725,29.75,29.7,29.725,1500,0
2017-04-24,20:05:00,29.725,29.725,29.7,29.7,2400,0
2017-04-24,20:10:00,29.725,29.725,29.7,29.725,1400,0
2017-04-24,20:15:00,29.718,29.725,29.7,29.725,2443,0
2017-04-24,20:20:00,29.75,29.75,29.65,29.65,10931,0
2017-04-24,20:25:00,29.6837,29.75,29.65,29.725,9740,0
2017-04-24,20:30:00,29.725,29.725,29.7,29.7,2120,0
2017-04-24,20:35:00,29.725,29.75,29.7,29.725,3400,0
2017-04-24,20:40:00,29.725,29.725,29.7,29.725,1500,0
2017-04-24,20:45:00,29.725,29.75,29.7,29.75,94667,0
2017-04-24,20:50:00,29.75,29.8,29.7,29.7,40525,0
2017-04-24,20:55:00,29.7,29.75,29.65,29.65,8404,0
2017-04-24,21:00:00,29.65,29.725,29.65,29.7,15877,0
2017-04-24,21:05:00,29.7,29.8,29.675,29.8,45666,0
2017-04-24,21:10:00,29.8,30.025,29.8,30,11051,0
2017-04-24,21:15:00,30,30,29.955,30,10483,0
2017-04-24,21:20:00,30,30.025,29.9,29.95,22883,0
2017-04-24,21:25:00,29.95,30,29.9,29.95,23471,0
2017-04-24,21:30:00,29.95,29.95,29.9,29.95,19152,0
2017-04-24,21:35:00,29.95,30.1,29.95,30.1,88544,0
2017-04-24,21:40:00,30.1,30.275,30.075,30.175,97489,0
2017-04-24,21:45:00,30.2,30.4,30.2,30.4,70301,0
2017-04-24,21:50:00,30.4,30.45,30.15,30.175,135787,0
2017-04-24,21:55:00,30.175,30.25,30.15,30.225,36897,0
2017-04-24,22:00:00,30.25,30.25,30.05,30.2,175084,0
2017-04-25,15:35:00,30.45,30.65,30.45,30.55,12747,0
2017-04-25,15:40:00,30.6,30.7,30.549,30.675,4684,0
2017-04-25,15:45:00,30.65,30.7,30.543,30.7,4605,0
2017-04-25,15:50:00,30.65,30.7,30.65,30.65,2200,0
2017-04-25,15:55:00,30.625,30.65,30.6,30.65,4291,0
2017-04-25,16:00:00,30.625,30.625,30.525,30.55,3344,0
2017-04-25,16:05:00,30.55,30.55,30.5,30.55,16278,0
2017-04-25,16:10:00,30.5,30.6,30.4,30.6,7442,0
2017-04-25,16:15:00,30.55,30.6,30.5,30.525,24138,0
2017-04-25,16:20:00,30.5,30.5,30.35,30.375,36917,0
2017-04-25,16:25:00,30.375,30.45,30.35,30.45,34078,0
2017-04-25,16:30:00,30.45,30.45,30.4,30.425,3011,0
2017-04-25,16:35:00,30.45,30.5,30.405,30.5,8254,0
2017-04-25,16:40:00,30.5,30.5,30.45,30.475,4550,0
2017-04-25,16:45:00,30.45,30.475,30.425,30.425,6747,0
2017-04-25,16:50:00,30.4,30.4,30.4,30.4,2428,0
2017-04-25,16:55:00,30.375,30.45,30.375,30.425,4000,0
2017-04-25,17:00:00,30.425,30.445,30.2,30.2,8888,0
2017-04-25,17:05:00,30.2,30.35,30.15,30.3,22509,0
2017-04-25,17:10:00,30.3,30.35,30.3,30.325,4800,0
2017-04-25,17:15:00,30.35,30.4,30.275,30.275,11915,0
2017-04-25,17:20:00,30.3,30.3,30.15,30.225,8950,0
2017-04-25,17:25:00,30.2,30.3,30.1,30.175,16822,0
2017-04-25,17:30:00,30.15,30.2,30.1,30.15,12979,0
2017-04-25,17:35:00,30.175,30.2,30.05,30.15,20574,0
2017-04-25,17:40:00,30.15,30.25,30.15,30.25,11533,0
2017-04-25,17:45:00,30.225,30.45,30.2,30.4,25366,0
2017-04-25,17:50:00,30.35,30.375,30.25,30.25,19879,0
2017-04-25,17:55:00,30.3,30.325,30.25,30.3,11361,0
2017-04-25,18:00:00,30.3,30.35,30.25,30.275,6120,0
2017-04-25,18:05:00,30.25,30.275,30.2,30.225,9015,0
2017-04-25,18:10:00,30.2,30.3,30.2,30.275,4995,0
2017-04-25,18:15:00,30.3,30.3,30.2,30.225,3210,0
2017-04-25,18:20:00,30.25,30.3,30.25,30.3,3745,0
2017-04-25,18:25:00,30.3,30.3,30.275,30.3,1821,0
2017-04-25,18:30:00,30.3,30.3,30.275,30.3,1400,0
2017-04-25,18:35:00,30.3,30.3,30.25,30.25,800,0
2017-04-25,18:40:00,30.275,30.275,30.2,30.275,11944,0
2017-04-25,18:45:00,30.3,30.3,30.25,30.3,2473,0
2017-04-25,18:50:00,30.3,30.3,30.25,30.275,1800,0
2017-04-25,18:55:00,30.3,30.3,30.25,30.3,1300,0
2017-04-25,19:00:00,30.3,30.3,30.25,30.25,4582,0
2017-04-25,19:05:00,30.25,30.283,30.225,30.25,5728,0
2017-04-25,19:10:00,30.3,30.3,30.25,30.25,1600,0
2017-04-25,19:15:00,30.275,30.4,30.25,30.4,13389,0
2017-04-25,19:20:00,30.4,30.5,30.4,30.45,2850,0
2017-04-25,19:25:00,30.45,30.525,30.45,30.475,6818,0
2017-04-25,19:30:00,30.5,30.6,30.475,30.6,57855,0
2017-04-25,19:35:00,30.6,30.65,30.5,30.55,18956,0
2017-04-25,19:40:00,30.55,30.6,30.55,30.6,6510,0
2017-04-25,19:45:00,30.55,30.7,30.55,30.65,45516,0
2017-04-25,19:50:00,30.65,30.65,30.625,30.65,1100,0
2017-04-25,19:55:00,30.625,30.675,30.605,30.605,6546,0
2017-04-25,20:00:00,30.625,30.725,30.6,30.725,14862,0
2017-04-25,20:05:00,30.7198,30.8,30.7193,30.75,18439,0
2017-04-25,20:10:00,30.75,30.8,30.75,30.775,2200,0
2017-04-25,20:15:00,30.8,30.8,30.775,30.8,2958,0
2017-04-25,20:20:00,30.75,30.95,30.75,30.9,19308,0
2017-04-25,20:25:00,30.875,31,30.855,30.875,33110,0
2017-04-25,20:30:00,30.875,30.9,30.8,30.875,10056,0
2017-04-25,20:35:00,30.85,31,30.825,31,39579,0
2017-04-25,20:40:00,31,31,30.95,31,12300,0
2017-04-25,20:45:00,31.025,31.125,31,31,17359,0
2017-04-25,20:50:00,31,31.1,31,31.1,10306,0
2017-04-25,20:55:00,31.1,31.1,31.05,31.1,20850,0
2017-04-25,21:00:00,31.05,31.1,30.975,31.05,14407,0
2017-04-25,21:05:00,31.05,31.1,31.025,31.05,12551,0
2017-04-25,21:10:00,31.075,31.2,31.075,31.15,54212,0
2017-04-25,21:15:00,31.125,31.15,31.05,31.1,4359,0
2017-04-25,21:20:00,31.075,31.1,30.9,30.95,23375,0
2017-04-25,21:25:00,31,31.05,30.95,30.95,11443,0
2017-04-25,21:30:00,31,31.05,30.8,30.8,46899,0
2017-04-25,21:35:00,30.825,30.9,30.75,30.9,12428,0
2017-04-25,21:40:00,30.9,30.9,30.8,30.825,20301,0
2017-04-25,21:45:00,30.825,30.85,30.75,30.825,21371,0
2017-04-25,21:50:00,30.75,30.75,30.7,30.7,31873,0
2017-04-25,21:55:00,30.75,30.75,30.65,30.65,46619,0
2017-04-25,22:00:00,30.65,30.7,30.5,30.5,217032,0
2017-04-26,15:35:00,30.75,30.9,30.4,30.55,27300,0
2017-04-26,15:40:00,30.55,31.3,30.25,31.3,31230,0
2017-04-26,15:45:00,31.3,31.4,30.5,30.75,21557,0
2017-04-26,15:50:00,30.8,30.8,29.85,29.975,33391,0
2017-04-26,15:55:00,30.05,30.3,29.9,30.1,39359,0
2017-04-26,16:00:00,30.1,30.1175,29.75,29.8,21947,0
2017-04-26,16:05:00,29.75,29.85,29.45,29.775,47845,0
2017-04-26,16:10:00,29.8,29.8,29.5,29.55,18623,0
2017-04-26,16:15:00,29.575,29.9,29.5,29.85,71037,0
2017-04-26,16:20:00,29.85,30,29.65,29.75,39542,0
2017-04-26,16:25:00,29.75,29.85,29.7,29.7,5300,0
2017-04-26,16:30:00,29.7,29.775,29.5,29.75,20332,0
2017-04-26,16:35:00,29.725,29.85,29.45,29.55,43274,0
2017-04-26,16:40:00,29.55,29.625,29.455,29.5,22330,0
2017-04-26,16:45:00,29.55,29.6,29.45,29.55,14930,0
2017-04-26,16:50:00,29.55,29.85,29.525,29.7,41014,0
2017-04-26,16:55:00,29.7,29.85,29.7,29.775,12771,0
2017-04-26,17:00:00,29.75,29.8,29.7,29.75,10558,0
2017-04-26,17:05:00,29.7,29.8,29.675,29.75,21302,0
2017-04-26,17:10:00,29.7,30,29.7,29.8,35086,0
2017-04-26,17:15:00,29.8,29.95,29.775,29.9,7404,0
2017-04-26,17:20:00,29.9,29.9,29.75,29.8,26963,0
2017-04-26,17:25:00,29.8,29.85,29.7,29.75,34835,0
2017-04-26,17:30:00,29.8,29.825,29.7,29.8,27930,0
2017-04-26,17:35:00,29.775,29.8,29.7,29.775,11790,0
2017-04-26,17:40:00,29.75,29.75,29.7,29.7,4400,0
2017-04-26,17:45:00,29.75,29.775,29.675,29.75,27301,0
2017-04-26,17:50:00,29.75,29.85,29.7,29.8,26412,0
2017-04-26,17:55:00,29.77,29.85,29.77,29.8,10639,0
2017-04-26,18:00:00,29.8,29.825,29.7,29.7,8085,0
2017-04-26,18:05:00,29.75,29.8,29.7,29.8,9251,0
2017-04-26,18:10:00,29.75,29.8,29.7,29.75,5916,0
2017-04-26,18:15:00,29.75,29.75,29.7,29.725,5400,0
2017-04-26,18:20:00,29.725,29.725,29.6,29.6,31056,0
2017-04-26,18:25:00,29.65,29.65,29.5,29.6,12237,0
2017-04-26,18:30:00,29.55,29.675,29.5,29.55,19334,0
2017-04-26,18:35:00,29.55,29.8,29.55,29.75,9700,0
2017-04-26,18:40:00,29.75,29.8,29.65,29.775,17169,0
2017-04-26,18:45:00,29.75,29.775,29.65,29.675,7400,0
2017-04-26,18:50:00,29.675,29.8,29.65,29.7,10396,0
2017-04-26,18:55:00,29.7,29.75,29.7,29.725,2700,0
2017-04-26,19:00:00,29.7,29.75,29.7,29.75,2510,0
2017-04-26,19:05:00,29.725,29.75,29.7,29.725,3770,0
2017-04-26,19:10:00,29.7,29.75,29.7,29.725,2900,0
2017-04-26,19:15:00,29.725,29.75,29.7,29.75,8199,0
2017-04-26,19:20:00,29.7,29.8,29.7,29.75,26934,0
2017-04-26,19:25:00,29.75,29.775,29.7,29.7175,10081,0
2017-04-26,19:30:00,29.725,29.75,29.65,29.75,14057,0
2017-04-26,19:35:00,29.75,29.75,29.7148,29.7148,1400,0
2017-04-26,19:40:00,29.7,29.7,29.65,29.675,9245,0
2017-04-26,19:45:00,29.675,29.725,29.65,29.7,9048,0
2017-04-26,19:50:00,29.7,29.75,29.675,29.675,10200,0
2017-04-26,19:55:00,29.675,29.7,29.6,29.65,11263,0
2017-04-26,20:00:00,29.6,29.625,29.5,29.5,11720,0
2017-04-26,20:05:00,29.525,29.65,29.5,29.65,10209,0
2017-04-26,20:10:00,29.65,29.8,29.6,29.8,10278,0
2017-04-26,20:15:00,29.775,29.8,29.7,29.75,6700,0
2017-04-26,20:20:00,29.75,29.775,29.7,29.775,9710,0
2017-04-26,20:25:00,29.75,29.85,29.75,29.8,12248,0
2017-04-26,20:30:00,29.825,29.925,29.8,29.875,23727,0
2017-04-26,20:35:00,29.85,29.95,29.825,29.9,8554,0
2017-04-26,20:40:00,29.9,29.925,29.8,29.8,19775,0
2017-04-26,20:45:00,29.8,29.85,29.75,29.8,18513,0
2017-04-26,20:50:00,29.825,30.1,29.8,30.1,24338,0
2017-04-26,20:55:00,30.1,30.25,30.1,30.175,25320,0
2017-04-26,21:00:00,30.175,30.425,30.175,30.4,24698,0
2017-04-26,21:05:00,30.425,30.5,30.3,30.5,21580,0
2017-04-26,21:10:00,30.45,30.65,30.45,30.65,35047,0
2017-04-26,21:15:00,30.65,30.7,30.575,30.65,20646,0
2017-04-26,21:20:00,30.65,30.775,30.625,30.675,19888,0
2017-04-26,21:25:00,30.675,30.675,30.45,30.475,11330,0
2017-04-26,21:30:00,30.5,30.675,30.475,30.575,30371,0
2017-04-26,21:35:00,30.575,30.6,30.55,30.575,5539,0
2017-04-26,21:40:00,30.6,30.6,30.55,30.575,13003,0
2017-04-26,21:45:00,30.6,30.65,30.5,30.55,63854,0
2017-04-26,21:50:00,30.575,30.575,30.5,30.5,26742,0
2017-04-26,21:55:00,30.525,30.525,30.4,30.4,35115,0
2017-04-26,22:00:00,30.4,30.45,30.4,30.45,146086,0
