Date,Time,Open,High,Low,Close,Volume,OpenInt
2017-04-10,15:35:00,36.52,36.53,36.47,36.496,8538,0
2017-04-10,15:40:00,36.49,36.49,36.49,36.49,100,0
2017-04-10,15:45:00,36.56,36.645,36.56,36.63,2232,0
2017-04-10,15:50:00,36.67,36.69,36.66,36.66,500,0
2017-04-10,15:55:00,36.6648,36.7,36.6648,36.7,840,0
2017-04-10,16:00:00,36.72,36.75,36.67,36.68,4920,0
2017-04-10,16:05:00,36.7,36.71,36.7,36.7,700,0
2017-04-10,16:10:00,36.72,36.75,36.69,36.72,4286,0
2017-04-10,16:15:00,36.71,36.71,36.69,36.7,871,0
2017-04-10,16:20:00,36.7,36.74,36.68,36.72,4936,0
2017-04-10,16:25:00,36.71,36.73,36.69,36.7,1900,0
2017-04-10,16:30:00,36.73,36.75,36.72,36.75,700,0
2017-04-10,16:35:00,36.74,36.75,36.74,36.74,1213,0
2017-04-10,16:40:00,36.72,36.74,36.71,36.71,1421,0
2017-04-10,16:45:00,36.66,36.66,36.64,36.64,500,0
2017-04-10,16:50:00,36.64,36.64,36.62,36.63,1500,0
2017-04-10,16:55:00,36.63,36.659,36.63,36.659,1800,0
2017-04-10,17:00:00,36.651,36.67,36.62,36.62,2348,0
2017-04-10,17:05:00,36.61,36.62,36.61,36.61,2100,0
2017-04-10,17:10:00,36.62,36.63,36.5999,36.62,1300,0
2017-04-10,17:15:00,36.62,36.62,36.62,36.62,200,0
2017-04-10,17:20:00,36.65,36.67,36.65,36.66,1100,0
2017-04-10,17:30:00,36.63,36.67,36.63,36.67,1724,0
2017-04-10,17:35:00,36.66,36.67,36.59,36.6,4106,0
2017-04-10,17:40:00,36.59,36.6,36.57,36.6,1400,0
2017-04-10,17:45:00,36.58,36.59,36.54,36.59,5277,0
2017-04-10,17:50:00,36.57,36.57,36.55,36.56,1745,0
2017-04-10,17:55:00,36.56,36.58,36.56,36.57,1600,0
2017-04-10,18:00:00,36.57,36.57,36.56,36.5699,1050,0
2017-04-10,18:05:00,36.55,36.55,36.55,36.55,367,0
2017-04-10,18:10:00,36.53,36.53,36.49,36.49,752,0
2017-04-10,18:15:00,36.47,36.47,36.41,36.41,2940,0
2017-04-10,18:20:00,36.41,36.41,36.39,36.4,600,0
2017-04-10,18:25:00,36.3999,36.3999,36.38,36.38,1412,0
2017-04-10,18:30:00,36.38,36.48,36.38,36.45,6069,0
2017-04-10,18:35:00,36.4401,36.49,36.44,36.49,1584,0
2017-04-10,18:40:00,36.48,36.48,36.47,36.47,800,0
2017-04-10,18:45:00,36.46,36.5,36.46,36.5,1100,0
2017-04-10,18:50:00,36.49,36.57,36.49,36.57,6066,0
2017-04-10,18:55:00,36.58,36.62,36.58,36.62,1684,0
2017-04-10,19:00:00,36.62,36.64,36.57,36.59,3200,0
2017-04-10,19:05:00,36.59,36.6,36.59,36.59,1478,0
2017-04-10,19:10:00,36.58,36.582,36.56,36.575,1550,0
2017-04-10,19:15:00,36.57,36.63,36.57,36.5901,2800,0
2017-04-10,19:20:00,36.61,36.61,36.5945,36.6075,1237,0
2017-04-10,19:25:00,36.61,36.64,36.61,36.64,900,0
2017-04-10,19:30:00,36.64,36.64,36.62,36.62,1092,0
2017-04-10,19:35:00,36.64,36.68,36.63,36.6716,8908,0
2017-04-10,19:40:00,36.68,36.72,36.68,36.69,2676,0
2017-04-10,19:45:00,36.68,36.68,36.67,36.67,400,0
2017-04-10,19:50:00,36.68,36.68,36.65,36.66,2244,0
2017-04-10,19:55:00,36.65,36.655,36.63,36.64,7100,0
2017-04-10,20:00:00,36.64,36.65,36.64,36.65,600,0
2017-04-10,20:05:00,36.65,36.66,36.57,36.57,10100,0
2017-04-10,20:10:00,36.55,36.58,36.535,36.54,4101,0
2017-04-10,20:15:00,36.54,36.58,36.54,36.58,2718,0
2017-04-10,20:20:00,36.57,36.57,36.56,36.57,9172,0
2017-04-10,20:25:00,36.57,36.57,36.55,36.55,1200,0
2017-04-10,20:30:00,36.54,36.54,36.49,36.49,1200,0
2017-04-10,20:35:00,36.48,36.52,36.48,36.51,1700,0
2017-04-10,20:40:00,36.5,36.513,36.49,36.5,2132,0
2017-04-10,20:45:00,36.51,36.57,36.51,36.55,2500,0
2017-04-10,20:50:00,36.56,36.61,36.56,36.6,1700,0
2017-04-10,20:55:00,36.61,36.69,36.6,36.64,27734,0
2017-04-10,21:00:00,36.625,36.63,36.6,36.6,3152,0
2017-04-10,21:05:00,36.6,36.65,36.58,36.65,15400,0
2017-04-10,21:10:00,36.65,36.67,36.64,36.65,11445,0
2017-04-10,21:15:00,36.64,36.65,36.63,36.63,1401,0
2017-04-10,21:20:00,36.63,36.645,36.63,36.64,2598,0
2017-04-10,21:25:00,36.63,36.63,36.57,36.6,2600,0
2017-04-10,21:30:00,36.6,36.6,36.57,36.57,3274,0
2017-04-10,21:35:00,36.57,36.585,36.57,36.58,2765,0
2017-04-10,21:40:00,36.58,36.58,36.565,36.575,2002,0
2017-04-10,21:45:00,36.58,36.58,36.54,36.54,3729,0
2017-04-10,21:50:00,36.55,36.58,36.55,36.5501,8918,0
2017-04-10,21:55:00,36.56,36.58,36.56,36.565,6431,0
2017-04-10,22:00:00,36.56,36.61,36.56,36.6,44629,0
2017-04-11,15:35:00,36.54,36.72,36.54,36.645,4698,0
2017-04-11,15:40:00,36.696,36.71,36.61,36.62,3515,0
2017-04-11,15:45:00,36.65,36.72,36.6,36.64,2600,0
2017-04-11,15:50:00,36.63,36.6799,36.59,36.6799,2300,0
2017-04-11,15:55:00,36.66,36.71,36.61,36.68,6066,0
2017-04-11,16:00:00,36.68,36.82,36.68,36.82,6800,0
2017-04-11,16:05:00,36.79,36.82,36.75,36.82,6100,0
2017-04-11,16:10:00,36.82,36.82,36.75,36.76,5700,0
2017-04-11,16:15:00,36.77,36.85,36.77,36.84,5400,0
2017-04-11,16:20:00,36.84,36.84,36.78,36.82,6615,0
2017-04-11,16:25:00,36.8,36.82,36.75,36.79,3700,0
2017-04-11,16:30:00,36.78,36.82,36.78,36.8124,2630,0
2017-04-11,16:35:00,36.8,36.8,36.73,36.73,6200,0
2017-04-11,16:40:00,36.72,36.77,36.65,36.7699,3997,0
2017-04-11,16:45:00,36.75,36.75,36.7,36.73,4800,0
2017-04-11,16:50:00,36.75,36.76,36.73,36.75,2500,0
2017-04-11,16:55:00,36.74,36.74,36.7048,36.7299,8311,0
2017-04-11,17:00:00,36.68,36.73,36.68,36.73,4563,0
2017-04-11,17:05:00,36.73,36.76,36.72,36.76,3300,0
2017-04-11,17:10:00,36.74,36.79,36.74,36.79,3905,0
2017-04-11,17:15:00,36.78,36.7899,36.73,36.73,4500,0
2017-04-11,17:20:00,36.73,36.77,36.69,36.77,4406,0
2017-04-11,17:25:00,36.75,36.78,36.7399,36.78,2120,0
2017-04-11,17:30:00,36.78,36.78,36.705,36.74,5900,0
2017-04-11,17:35:00,36.74,36.76,36.732,36.76,2700,0
2017-04-11,17:40:00,36.76,36.86,36.76,36.84,13672,0
2017-04-11,17:45:00,36.85,36.86,36.82,36.8499,5095,0
2017-04-11,17:50:00,36.85,36.9,36.83,36.9,3545,0
2017-04-11,17:55:00,36.9,36.9,36.83,36.86,12721,0
2017-04-11,18:00:00,36.85,36.85,36.775,36.79,13216,0
2017-04-11,18:05:00,36.77,36.79,36.72,36.74,5300,0
2017-04-11,18:10:00,36.725,36.75,36.71,36.7167,4245,0
2017-04-11,18:15:00,36.73,36.77,36.71,36.76,3990,0
2017-04-11,18:20:00,36.75,36.77,36.74,36.75,6000,0
2017-04-11,18:25:00,36.77,36.81,36.76,36.78,5479,0
2017-04-11,18:30:00,36.78,36.8,36.775,36.8,3632,0
2017-04-11,18:35:00,36.7901,36.815,36.7901,36.805,2155,0
2017-04-11,18:40:00,36.81,36.83,36.785,36.8,8383,0
2017-04-11,18:45:00,36.8,36.81,36.8,36.8,700,0
2017-04-11,18:50:00,36.8,36.81,36.78,36.79,7109,0
2017-04-11,18:55:00,36.79,36.85,36.785,36.83,13956,0
2017-04-11,19:00:00,36.825,36.83,36.81,36.81,1200,0
2017-04-11,19:05:00,36.805,36.84,36.805,36.84,5400,0
2017-04-11,19:10:00,36.84,36.85,36.81,36.81,4268,0
2017-04-11,19:15:00,36.81,36.82,36.795,36.7975,4599,0
2017-04-11,19:20:00,36.81,36.83,36.7933,36.81,4384,0
2017-04-11,19:25:00,36.82,36.825,36.78,36.78,6228,0
2017-04-11,19:30:00,36.77,36.81,36.76,36.8,8115,0
2017-04-11,19:35:00,36.8,36.8,36.77,36.78,2496,0
2017-04-11,19:40:00,36.77,36.8,36.77,36.8,1715,0
2017-04-11,19:45:00,36.8,36.8,36.75,36.75,2900,0
2017-04-11,19:50:00,36.75,36.8,36.75,36.78,4200,0
2017-04-11,19:55:00,36.79,36.82,36.79,36.82,2038,0
2017-04-11,20:00:00,36.81,36.82,36.79,36.82,4700,0
2017-04-11,20:05:00,36.84,36.84,36.8,36.81,5100,0
2017-04-11,20:10:00,36.81,36.84,36.81,36.815,3000,0
2017-04-11,20:15:00,36.815,36.84,36.75,36.77,3737,0
2017-04-11,20:20:00,36.76,36.8,36.76,36.79,2875,0
2017-04-11,20:25:00,36.79,36.84,36.79,36.83,7121,0
2017-04-11,20:30:00,36.83,36.84,36.82,36.84,1400,0
2017-04-11,20:35:00,36.84,36.85,36.825,36.825,6993,0
2017-04-11,20:40:00,36.835,36.84,36.8,36.83,4857,0
2017-04-11,20:45:00,36.83,36.835,36.82,36.82,2600,0
2017-04-11,20:50:00,36.825,36.85,36.825,36.835,7353,0
2017-04-11,20:55:00,36.86,36.8842,36.84,36.8842,8630,0
2017-04-11,21:00:00,36.89,36.9,36.86,36.88,5400,0
2017-04-11,21:05:00,36.87,36.87,36.855,36.86,3087,0
2017-04-11,21:10:00,36.87,36.87,36.84,36.84,3851,0
2017-04-11,21:15:00,36.855,36.86,36.81,36.81,5245,0
2017-04-11,21:20:00,36.82,36.83,36.8,36.82,4685,0
2017-04-11,21:25:00,36.82,36.83,36.81,36.83,4665,0
2017-04-11,21:30:00,36.82,36.84,36.82,36.84,5220,0
2017-04-11,21:35:00,36.85,36.9,36.84,36.9,9661,0
2017-04-11,21:40:00,36.91,36.95,36.9,36.95,6667,0
2017-04-11,21:45:00,36.95,36.95,36.9,36.91,12557,0
2017-04-11,21:50:00,36.89,36.91,36.87,36.91,11570,0
2017-04-11,21:55:00,36.905,36.92,36.9,36.92,11065,0
2017-04-11,22:00:00,36.92,36.94,36.85,36.89,175643,0
2017-04-12,15:35:00,36.84,36.84,36.78,36.78,4415,0
2017-04-12,15:40:00,36.749,36.8,36.749,36.76,600,0
2017-04-12,15:45:00,36.78,36.82,36.76,36.76,2100,0
2017-04-12,15:50:00,36.78,36.83,36.77,36.79,5206,0
2017-04-12,15:55:00,36.78,36.803,36.74,36.79,2648,0
2017-04-12,16:00:00,36.79,36.8,36.74,36.8,4199,0
2017-04-12,16:05:00,36.82,36.87,36.81,36.87,2563,0
2017-04-12,16:10:00,36.85,36.9,36.83,36.87,4001,0
2017-04-12,16:15:00,36.86,36.86,36.82,36.82,2581,0
2017-04-12,16:20:00,36.84,36.9,36.84,36.88,8342,0
2017-04-12,16:25:00,36.89,36.89,36.84,36.84,2834,0
2017-04-12,16:30:00,36.82,36.87,36.82,36.87,900,0
2017-04-12,16:35:00,36.86,36.86,36.775,36.82,5132,0
2017-04-12,16:40:00,36.82,36.85,36.765,36.78,11222,0
2017-04-12,16:45:00,36.79,36.79,36.72,36.72,2652,0
2017-04-12,16:50:00,36.66,36.68,36.66,36.67,2250,0
2017-04-12,16:55:00,36.66,36.69,36.66,36.69,1300,0
2017-04-12,17:00:00,36.67,36.725,36.67,36.69,2544,0
2017-04-12,17:05:00,36.67,36.69,36.65,36.66,2698,0
2017-04-12,17:10:00,36.6656,36.69,36.64,36.69,2050,0
2017-04-12,17:15:00,36.68,36.68,36.64,36.66,2300,0
2017-04-12,17:20:00,36.66,36.66,36.62,36.62,3589,0
2017-04-12,17:25:00,36.62,36.62,36.58,36.58,2098,0
2017-04-12,17:30:00,36.57,36.61,36.56,36.61,2789,0
2017-04-12,17:35:00,36.59,36.59,36.57,36.57,2600,0
2017-04-12,17:40:00,36.56,36.56,36.5,36.55,4001,0
2017-04-12,17:45:00,36.54,36.55,36.52,36.52,1100,0
2017-04-12,17:50:00,36.51,36.52,36.4626,36.4626,2956,0
2017-04-12,17:55:00,36.46,36.46,36.45,36.45,2173,0
2017-04-12,18:00:00,36.47,36.52,36.46,36.51,3200,0
2017-04-12,18:05:00,36.52,36.525,36.5,36.525,1430,0
2017-04-12,18:10:00,36.52,36.54,36.52,36.54,463,0
2017-04-12,18:15:00,36.53,36.53,36.5,36.52,3417,0
2017-04-12,18:20:00,36.52,36.53,36.49,36.49,3138,0
2017-04-12,18:25:00,36.49,36.5,36.47,36.49,3413,0
2017-04-12,18:30:00,36.48,36.49,36.45,36.45,2504,0
2017-04-12,18:35:00,36.45,36.47,36.43,36.47,2246,0
2017-04-12,18:40:00,36.47,36.47,36.45,36.45,894,0
2017-04-12,18:45:00,36.44,36.46,36.44,36.46,2939,0
2017-04-12,18:50:00,36.46,36.5,36.46,36.5,2949,0
2017-04-12,18:55:00,36.51,36.51,36.47,36.47,800,0
2017-04-12,19:00:00,36.46,36.46,36.45,36.45,1115,0
2017-04-12,19:05:00,36.45,36.52,36.45,36.5,2424,0
2017-04-12,19:10:00,36.5,36.5,36.48,36.49,1600,0
2017-04-12,19:15:00,36.52,36.53,36.51,36.53,2883,0
2017-04-12,19:20:00,36.52,36.52,36.49,36.49,1738,0
2017-04-12,19:25:00,36.49,36.5,36.475,36.5,1500,0
2017-04-12,19:30:00,36.49,36.49,36.47,36.47,2896,0
2017-04-12,19:35:00,36.47,36.48,36.44,36.48,3824,0
2017-04-12,19:40:00,36.48,36.51,36.47,36.51,1300,0
2017-04-12,19:45:00,36.5,36.51,36.5,36.5,1000,0
2017-04-12,19:50:00,36.5,36.51,36.48,36.5,4506,0
2017-04-12,19:55:00,36.49,36.5,36.4703,36.49,1462,0
2017-04-12,20:00:00,36.49,36.51,36.48,36.51,6575,0
2017-04-12,20:05:00,36.52,36.52,36.5,36.5,1487,0
2017-04-12,20:10:00,36.5,36.55,36.5,36.54,1701,0
2017-04-12,20:15:00,36.54,36.55,36.53,36.53,3421,0
2017-04-12,20:20:00,36.52,36.52,36.5,36.52,3000,0
2017-04-12,20:25:00,36.51,36.55,36.51,36.54,3737,0
2017-04-12,20:30:00,36.53,36.54,36.52,36.54,1400,0
2017-04-12,20:35:00,36.54,36.54,36.51,36.53,4465,0
2017-04-12,20:40:00,36.52,36.52,36.48,36.48,5097,0
2017-04-12,20:45:00,36.48,36.48,36.41,36.41,4126,0
2017-04-12,20:50:00,36.43,36.44,36.42,36.43,2730,0
2017-04-12,20:55:00,36.43,36.47,36.42,36.46,3820,0
2017-04-12,21:00:00,36.47,36.49,36.47,36.49,1600,0
2017-04-12,21:05:00,36.485,36.5,36.48,36.49,3861,0
2017-04-12,21:10:00,36.48,36.48,36.45,36.47,3034,0
2017-04-12,21:15:00,36.47,36.49,36.44,36.47,6266,0
2017-04-12,21:20:00,36.46,36.47,36.43,36.43,6594,0
2017-04-12,21:25:00,36.43,36.5,36.42,36.495,4948,0
2017-04-12,21:30:00,36.49,36.5,36.46,36.48,6750,0
2017-04-12,21:35:00,36.495,36.51,36.485,36.49,6580,0
2017-04-12,21:40:00,36.49,36.49,36.46,36.465,5703,0
2017-04-12,21:45:00,36.47,36.47,36.43,36.44,8424,0
2017-04-12,21:50:00,36.44,36.45,36.41,36.41,10561,0
2017-04-12,21:55:00,36.41,36.45,36.41,36.45,13830,0
2017-04-12,22:00:00,36.44,36.48,36.43,36.46,63558,0
2017-04-13,15:35:00,36.42,36.42,36.42,36.42,1490,0
2017-04-13,15:40:00,36.378,36.38,36.378,36.38,650,0
2017-04-13,15:45:00,36.45,36.45,36.4,36.41,1200,0
2017-04-13,15:50:00,36.39,36.41,36.38,36.4,1600,0
2017-04-13,15:55:00,36.4,36.48,36.4,36.48,300,0
2017-04-13,16:00:00,36.49,36.49,36.47,36.47,700,0
2017-04-13,16:05:00,36.49,36.56,36.49,36.56,1500,0
2017-04-13,16:10:00,36.57,36.57,36.49,36.49,3600,0
2017-04-13,16:15:00,36.49,36.49,36.44,36.44,1525,0
2017-04-13,16:20:00,36.45,36.46,36.45,36.46,900,0
2017-04-13,16:25:00,36.46,36.48,36.42,36.47,3221,0
2017-04-13,16:30:00,36.45,36.45,36.42,36.45,2200,0
2017-04-13,16:35:00,36.48,36.5,36.48,36.5,700,0
2017-04-13,16:40:00,36.5,36.5,36.46,36.47,1900,0
2017-04-13,16:45:00,36.49,36.51,36.49,36.51,900,0
2017-04-13,16:50:00,36.53,36.55,36.48,36.52,10487,0
2017-04-13,16:55:00,36.53,36.61,36.53,36.61,2389,0
2017-04-13,17:00:00,36.6,36.6,36.56,36.58,3409,0
2017-04-13,17:05:00,36.6,36.6,36.6,36.6,100,0
2017-04-13,17:10:00,36.59,36.59,36.56,36.57,4152,0
2017-04-13,17:15:00,36.57,36.585,36.57,36.585,1374,0
2017-04-13,17:20:00,36.58,36.58,36.53,36.54,10212,0
2017-04-13,17:25:00,36.53,36.535,36.52,36.52,2806,0
2017-04-13,17:30:00,36.52,36.54,36.52,36.54,976,0
2017-04-13,17:35:00,36.54,36.54,36.515,36.53,3118,0
2017-04-13,17:40:00,36.5325,36.55,36.51,36.51,2540,0
2017-04-13,17:45:00,36.515,36.54,36.505,36.54,2200,0
2017-04-13,17:50:00,36.55,36.56,36.54,36.54,1300,0
2017-04-13,17:55:00,36.52,36.54,36.52,36.54,1600,0
2017-04-13,18:00:00,36.545,36.55,36.54,36.55,2215,0
2017-04-13,18:05:00,36.54,36.54,36.49,36.49,3662,0
2017-04-13,18:10:00,36.47,36.47,36.4,36.41,4459,0
2017-04-13,18:15:00,36.42,36.43,36.4,36.43,1800,0
2017-04-13,18:20:00,36.43,36.44,36.42,36.42,1700,0
2017-04-13,18:25:00,36.4,36.4,36.39,36.39,1210,0
2017-04-13,18:30:00,36.39,36.4,36.39,36.4,200,0
2017-04-13,18:35:00,36.41,36.45,36.41,36.45,1200,0
2017-04-13,18:40:00,36.45,36.455,36.41,36.41,3500,0
2017-04-13,18:45:00,36.4,36.41,36.4,36.41,2100,0
2017-04-13,18:50:00,36.41,36.41,36.37,36.37,1600,0
2017-04-13,18:55:00,36.38,36.4,36.37,36.38,5100,0
2017-04-13,19:00:00,36.38,36.39,36.37,36.38,3600,0
2017-04-13,19:05:00,36.38,36.39,36.37,36.37,1681,0
2017-04-13,19:10:00,36.35,36.355,36.34,36.355,2633,0
2017-04-13,19:15:00,36.36,36.37,36.33,36.35,3020,0
2017-04-13,19:20:00,36.34,36.34,36.32,36.33,897,0
2017-04-13,19:25:00,36.33,36.33,36.3,36.3,1314,0
2017-04-13,19:30:00,36.31,36.36,36.305,36.33,7100,0
2017-04-13,19:35:00,36.34,36.35,36.32,36.34,3633,0
2017-04-13,19:40:00,36.34,36.36,36.32,36.34,2500,0
2017-04-13,19:45:00,36.33,36.33,36.31,36.31,1400,0
2017-04-13,19:50:00,36.29,36.3,36.26,36.28,4940,0
2017-04-13,19:55:00,36.27,36.31,36.27,36.31,3118,0
2017-04-13,20:00:00,36.33,36.33,36.3,36.3,1868,0
2017-04-13,20:05:00,36.31,36.34,36.31,36.34,3521,0
2017-04-13,20:10:00,36.34,36.35,36.34,36.35,2000,0
2017-04-13,20:15:00,36.36,36.395,36.36,36.37,3010,0
2017-04-13,20:20:00,36.37,36.39,36.37,36.39,4796,0
2017-04-13,20:25:00,36.38,36.39,36.377,36.377,1079,0
2017-04-13,20:30:00,36.39,36.41,36.39,36.39,1900,0
2017-04-13,20:35:00,36.39,36.4,36.3849,36.4,2573,0
2017-04-13,20:40:00,36.39,36.3901,36.3501,36.3501,4507,0
2017-04-13,20:45:00,36.35,36.3601,36.34,36.34,5825,0
2017-04-13,20:50:00,36.34,36.36,36.32,36.355,7327,0
2017-04-13,20:55:00,36.35,36.35,36.31,36.315,6693,0
2017-04-13,21:00:00,36.315,36.35,36.3001,36.35,6812,0
2017-04-13,21:05:00,36.35,36.35,36.29,36.3,6797,0
2017-04-13,21:10:00,36.3,36.33,36.29,36.2942,5745,0
2017-04-13,21:15:00,36.29,36.29,36.26,36.265,4800,0
2017-04-13,21:20:00,36.26,36.28,36.25,36.28,9749,0
2017-04-13,21:25:00,36.27,36.305,36.27,36.29,8768,0
2017-04-13,21:30:00,36.29,36.29,36.265,36.27,9307,0
2017-04-13,21:35:00,36.27,36.29,36.27,36.27,7964,0
2017-04-13,21:40:00,36.27,36.27,36.235,36.24,9095,0
2017-04-13,21:45:00,36.24,36.26,36.235,36.24,9289,0
2017-04-13,21:50:00,36.23,36.29,36.23,36.29,13516,0
2017-04-13,21:55:00,36.29,36.29,36.25,36.27,16040,0
2017-04-13,22:00:00,36.27,36.27,36.18,36.19,57333,0
2017-04-17,15:35:00,36.27,36.27,36.27,36.27,3517,0
2017-04-17,15:40:00,36.34,36.34,36.28,36.28,1560,0
2017-04-17,15:45:00,36.309,36.309,36.26,36.26,660,0
2017-04-17,15:50:00,36.25,36.32,36.25,36.32,1903,0
2017-04-17,15:55:00,36.32,36.45,36.32,36.45,1000,0
2017-04-17,16:00:00,36.45,36.457,36.44,36.457,685,0
2017-04-17,16:05:00,36.43,36.44,36.38,36.39,2900,0
2017-04-17,16:10:00,36.39,36.42,36.38,36.42,600,0
2017-04-17,16:15:00,36.42,36.46,36.39,36.46,7000,0
2017-04-17,16:20:00,36.46,36.51,36.46,36.47,2400,0
2017-04-17,16:25:00,36.48,36.4899,36.47,36.47,1100,0
2017-04-17,16:30:00,36.46,36.48,36.42,36.47,2900,0
2017-04-17,16:35:00,36.48,36.48,36.46,36.46,1000,0
2017-04-17,16:40:00,36.44,36.44,36.4,36.42,1375,0
2017-04-17,16:45:00,36.43,36.43,36.41,36.415,1362,0
2017-04-17,16:50:00,36.42,36.45,36.42,36.449,1030,0
2017-04-17,16:55:00,36.44,36.46,36.42,36.46,5194,0
2017-04-17,17:00:00,36.46,36.48,36.46,36.46,1123,0
2017-04-17,17:05:00,36.47,36.5,36.47,36.5,2001,0
2017-04-17,17:10:00,36.51,36.52,36.48,36.485,3801,0
2017-04-17,17:15:00,36.48,36.51,36.48,36.5,2834,0
2017-04-17,17:20:00,36.5,36.53,36.5,36.53,2590,0
2017-04-17,17:25:00,36.53,36.55,36.52,36.55,3700,0
2017-04-17,17:30:00,36.5499,36.57,36.5499,36.57,1500,0
2017-04-17,17:35:00,36.57,36.59,36.52,36.53,6700,0
2017-04-17,17:40:00,36.54,36.6,36.54,36.6,2200,0
2017-04-17,17:45:00,36.61,36.615,36.58,36.58,2600,0
2017-04-17,17:50:00,36.59,36.59,36.57,36.59,2804,0
2017-04-17,17:55:00,36.585,36.62,36.585,36.6,3244,0
2017-04-17,18:00:00,36.59,36.615,36.59,36.61,1680,0
2017-04-17,18:05:00,36.612,36.628,36.61,36.61,2485,0
2017-04-17,18:10:00,36.62,36.63,36.61,36.61,1300,0
2017-04-17,18:15:00,36.61,36.635,36.61,36.62,3986,0
2017-04-17,18:20:00,36.63,36.65,36.57,36.6,5826,0
2017-04-17,18:25:00,36.6,36.6,36.59,36.6,8100,0
2017-04-17,18:30:00,36.6,36.64,36.6,36.63,4100,0
2017-04-17,18:35:00,36.6201,36.66,36.6201,36.64,1823,0
2017-04-17,18:40:00,36.63,36.63,36.61,36.61,1079,0
2017-04-17,18:45:00,36.62,36.64,36.615,36.64,1600,0
2017-04-17,18:50:00,36.63,36.64,36.6,36.6,1900,0
2017-04-17,18:55:00,36.6,36.6,36.58,36.58,300,0
2017-04-17,19:00:00,36.59,36.62,36.59,36.61,2700,0
2017-04-17,19:05:00,36.61,36.61,36.59,36.61,1516,0
2017-04-17,19:10:00,36.6098,36.6098,36.58,36.59,1580,0
2017-04-17,19:15:00,36.6,36.62,36.59,36.595,2522,0
2017-04-17,19:20:00,36.58,36.61,36.58,36.6001,900,0
2017-04-17,19:25:00,36.61,36.61,36.6,36.6,1217,0
2017-04-17,19:30:00,36.6,36.63,36.6,36.62,2300,0
2017-04-17,19:35:00,36.64,36.64,36.63,36.63,300,0
2017-04-17,19:40:00,36.6258,36.6258,36.6,36.6,1145,0
2017-04-17,19:45:00,36.61,36.6125,36.59,36.59,1100,0
2017-04-17,19:50:00,36.58,36.61,36.58,36.61,969,0
2017-04-17,19:55:00,36.62,36.62,36.6,36.62,2900,0
2017-04-17,20:00:00,36.62,36.62,36.58,36.585,4720,0
2017-04-17,20:05:00,36.585,36.59,36.56,36.59,2749,0
2017-04-17,20:10:00,36.609,36.62,36.6,36.6,2420,0
2017-04-17,20:15:00,36.58,36.61,36.58,36.61,1223,0
2017-04-17,20:20:00,36.605,36.605,36.57,36.57,1319,0
2017-04-17,20:25:00,36.57,36.61,36.57,36.6,1932,0
2017-04-17,20:30:00,36.59,36.61,36.59,36.61,3511,0
2017-04-17,20:35:00,36.61,36.64,36.61,36.6392,4424,0
2017-04-17,20:40:00,36.64,36.64,36.62,36.62,4827,0
2017-04-17,20:45:00,36.62,36.6525,36.62,36.65,2030,0
2017-04-17,20:50:00,36.66,36.66,36.64,36.64,1676,0
2017-04-17,20:55:00,36.64,36.64,36.63,36.635,1559,0
2017-04-17,21:00:00,36.62,36.63,36.61,36.63,2647,0
2017-04-17,21:05:00,36.63,36.64,36.62,36.62,1900,0
2017-04-17,21:10:00,36.62,36.64,36.61,36.63,1952,0
2017-04-17,21:15:00,36.64,36.66,36.6399,36.66,2300,0
2017-04-17,21:20:00,36.65,36.69,36.65,36.69,4444,0
2017-04-17,21:25:00,36.695,36.7,36.68,36.7,2917,0
2017-04-17,21:30:00,36.69,36.71,36.69,36.71,4966,0
2017-04-17,21:35:00,36.71,36.725,36.69,36.69,5546,0
2017-04-17,21:40:00,36.69,36.725,36.69,36.72,5802,0
2017-04-17,21:45:00,36.725,36.73,36.71,36.715,6038,0
2017-04-17,21:50:00,36.72,36.785,36.72,36.785,15274,0
2017-04-17,21:55:00,36.79,36.79,36.7,36.73,35939,0
2017-04-17,22:00:00,36.73,36.78,36.72,36.78,101873,0
2017-04-18,15:35:00,36.68,36.68,36.48,36.61,9787,0
2017-04-18,15:40:00,36.65,36.7048,36.65,36.7048,2800,0
2017-04-18,15:45:00,36.72,36.77,36.72,36.74,700,0
2017-04-18,15:50:00,36.73,36.76,36.73,36.75,2600,0
2017-04-18,15:55:00,36.74,36.74,36.705,36.74,4800,0
2017-04-18,16:00:00,36.74,36.77,36.73,36.75,7393,0
2017-04-18,16:05:00,36.75,36.75,36.69,36.71,5800,0
2017-04-18,16:10:00,36.71,36.77,36.71,36.77,4400,0
2017-04-18,16:15:00,36.78,36.79,36.72,36.75,9514,0
2017-04-18,16:20:00,36.75,36.75,36.71,36.72,2500,0
2017-04-18,16:25:00,36.7,36.7,36.68,36.68,1200,0
2017-04-18,16:30:00,36.69,36.69,36.66,36.67,4603,0
2017-04-18,16:35:00,36.68,36.72,36.68,36.72,2672,0
2017-04-18,16:40:00,36.72,36.76,36.72,36.74,3800,0
2017-04-18,16:45:00,36.76,36.76,36.74,36.76,2405,0
2017-04-18,16:50:00,36.76,36.77,36.75,36.76,5202,0
2017-04-18,16:55:00,36.76,36.77,36.74,36.75,2800,0
2017-04-18,17:00:00,36.75,36.765,36.745,36.765,2199,0
2017-04-18,17:05:00,36.77,36.785,36.73,36.73,6400,0
2017-04-18,17:10:00,36.73,36.77,36.73,36.77,999,0
2017-04-18,17:15:00,36.77,36.78,36.76,36.76,4702,0
2017-04-18,17:20:00,36.77,36.78,36.76,36.77,1300,0
2017-04-18,17:25:00,36.78,36.78,36.745,36.76,2900,0
2017-04-18,17:30:00,36.77,36.8,36.76,36.78,6256,0
2017-04-18,17:35:00,36.7975,36.8,36.7401,36.7401,4696,0
2017-04-18,17:40:00,36.74,36.7401,36.7,36.74,2200,0
2017-04-18,17:45:00,36.75,36.75,36.71,36.71,2300,0
2017-04-18,17:50:00,36.71,36.77,36.705,36.77,3522,0
2017-04-18,17:55:00,36.7637,36.79,36.75,36.76,5100,0
2017-04-18,18:00:00,36.78,37.02,36.75,36.78,30633,0
2017-04-18,18:05:00,36.77,36.8,36.72,36.8,5100,0
2017-04-18,18:10:00,36.7938,36.81,36.73,36.73,5500,0
2017-04-18,18:15:00,36.72,36.78,36.72,36.78,3200,0
2017-04-18,18:20:00,36.78,36.79,36.77,36.77,2100,0
2017-04-18,18:25:00,36.78,36.79,36.77,36.79,1900,0
2017-04-18,18:30:00,36.79,36.79,36.78,36.79,900,0
2017-04-18,18:35:00,36.78,36.78,36.74,36.75,1700,0
2017-04-18,18:40:00,36.75,36.75,36.7345,36.735,938,0
2017-04-18,18:45:00,36.74,36.77,36.74,36.77,2031,0
2017-04-18,18:50:00,36.78,36.78,36.75,36.75,1000,0
2017-04-18,18:55:00,36.76,36.8,36.7575,36.79,2752,0
2017-04-18,19:00:00,36.79,36.79,36.77,36.77,3200,0
2017-04-18,19:05:00,36.76,36.77,36.76,36.7601,500,0
2017-04-18,19:10:00,36.78,36.79,36.78,36.78,2998,0
2017-04-18,19:15:00,36.78,36.8,36.7701,36.8,5440,0
2017-04-18,19:20:00,36.81,36.815,36.78,36.79,2800,0
2017-04-18,19:25:00,36.795,36.795,36.78,36.78,1600,0
2017-04-18,19:30:00,36.78,36.81,36.78,36.81,2335,0
2017-04-18,19:35:00,36.81,36.82,36.81,36.813,475,0
2017-04-18,19:40:00,36.82,36.85,36.82,36.84,4210,0
2017-04-18,19:45:00,36.84,36.85,36.84,36.84,1200,0
2017-04-18,19:50:00,36.84,36.85,36.84,36.84,2079,0
2017-04-18,19:55:00,36.84,36.85,36.84,36.85,1312,0
2017-04-18,20:00:00,36.84,36.85,36.83,36.85,1500,0
2017-04-18,20:05:00,36.86,36.91,36.86,36.91,3120,0
2017-04-18,20:10:00,36.92,36.92,36.85,36.87,3500,0
2017-04-18,20:15:00,36.87,36.88,36.84,36.85,3521,0
2017-04-18,20:20:00,36.86,36.88,36.86,36.86,1040,0
2017-04-18,20:25:00,36.88,36.88,36.85,36.86,2211,0
2017-04-18,20:30:00,36.86,36.88,36.84,36.86,2475,0
2017-04-18,20:35:00,36.88,36.88,36.86,36.86,2572,0
2017-04-18,20:40:00,36.87,36.88,36.87,36.87,1100,0
2017-04-18,20:45:00,36.8637,36.88,36.86,36.86,3278,0
2017-04-18,20:50:00,36.85,36.85,36.84,36.85,1500,0
2017-04-18,20:55:00,36.86,36.89,36.86,36.87,1500,0
2017-04-18,21:00:00,36.87,36.88,36.85,36.88,2850,0
2017-04-18,21:05:00,36.88,36.89,36.86,36.86,5016,0
2017-04-18,21:10:00,36.85,36.885,36.85,36.88,2530,0
2017-04-18,21:15:00,36.88,36.88,36.86,36.87,4676,0
2017-04-18,21:20:00,36.87,36.885,36.84,36.885,4101,0
2017-04-18,21:25:00,36.89,36.895,36.87,36.89,8637,0
2017-04-18,21:30:00,36.88,36.98,36.87,36.96,23380,0
2017-04-18,21:35:00,36.95,36.97,36.945,36.9666,4328,0
2017-04-18,21:40:00,36.96,37,36.96,37,5967,0
2017-04-18,21:45:00,37,37.02,37,37.01,7836,0
2017-04-18,21:50:00,37,37.1,36.97,37.035,21067,0
2017-04-18,21:55:00,37.03,37.04,37.01,37.03,8366,0
2017-04-18,22:00:00,37.03,37.04,37.01,37.01,59523,0
2017-04-19,15:35:00,37.09,37.09,37.06,37.06,2752,0
2017-04-19,15:40:00,37.1,37.1734,37.1,37.12,1470,0
2017-04-19,15:45:00,37.14,37.14,37.14,37.14,1075,0
2017-04-19,15:50:00,37.1328,37.14,37.101,37.14,1354,0
2017-04-19,15:55:00,37.1504,37.16,37.11,37.12,968,0
2017-04-19,16:00:00,37.155,37.1819,37.155,37.1819,200,0
2017-04-19,16:05:00,37.21,37.21,37.16,37.21,1197,0
2017-04-19,16:10:00,37.21,37.23,37.21,37.21,1003,0
2017-04-19,16:15:00,37.21,37.27,37.21,37.2295,1500,0
2017-04-19,16:20:00,37.24,37.26,37.24,37.24,1895,0
2017-04-19,16:25:00,37.25,37.27,37.25,37.25,1819,0
2017-04-19,16:30:00,37.26,37.27,37.25,37.25,1400,0
2017-04-19,16:35:00,37.27,37.285,37.23,37.285,2038,0
2017-04-19,16:40:00,37.29,37.29,37.24,37.24,4000,0
2017-04-19,16:45:00,37.25,37.25,37.21,37.21,1000,0
2017-04-19,16:50:00,37.22,37.25,37.2,37.2,2847,0
2017-04-19,16:55:00,37.2,37.23,37.195,37.23,1404,0
2017-04-19,17:00:00,37.23,37.26,37.23,37.26,2350,0
2017-04-19,17:05:00,37.25,37.25,37.22,37.22,958,0
2017-04-19,17:10:00,37.23,37.23,37.1748,37.1748,4281,0
2017-04-19,17:15:00,37.19,37.22,37.19,37.22,2400,0
2017-04-19,17:20:00,37.23,37.25,37.23,37.25,900,0
2017-04-19,17:25:00,37.25,37.25,37.21,37.21,1800,0
2017-04-19,17:30:00,37.23,37.26,37.18,37.26,8123,0
2017-04-19,17:35:00,37.26,37.26,37.21,37.24,6000,0
2017-04-19,17:40:00,37.25,37.28,37.24,37.28,2700,0
2017-04-19,17:45:00,37.28,37.28,37.26,37.26,1400,0
2017-04-19,17:50:00,37.26,37.26,37.23,37.23,2708,0
2017-04-19,17:55:00,37.23,37.25,37.23,37.24,1802,0
2017-04-19,18:00:00,37.24,37.25,37.23,37.23,2794,0
2017-04-19,18:05:00,37.23,37.235,37.21,37.21,1051,0
2017-04-19,18:10:00,37.19,37.2,37.16,37.185,2101,0
2017-04-19,18:15:00,37.17,37.21,37.155,37.21,2973,0
2017-04-19,18:20:00,37.2,37.21,37.2,37.2,900,0
2017-04-19,18:25:00,37.19,37.26,37.18,37.26,9850,0
2017-04-19,18:30:00,37.27,37.28,37.25,37.25,4540,0
2017-04-19,18:35:00,37.24,37.25,37.2301,37.25,400,0
2017-04-19,18:40:00,37.25,37.26,37.24,37.26,2710,0
2017-04-19,18:45:00,37.27,37.28,37.26,37.265,2400,0
2017-04-19,18:50:00,37.26,37.2901,37.26,37.2901,3000,0
2017-04-19,18:55:00,37.29,37.29,37.27,37.27,1427,0
2017-04-19,19:00:00,37.26,37.31,37.26,37.29,3369,0
2017-04-19,19:05:00,37.285,37.285,37.26,37.2668,1600,0
2017-04-19,19:10:00,37.26,37.27,37.255,37.26,3784,0
2017-04-19,19:15:00,37.26,37.26,37.23,37.25,2500,0
2017-04-19,19:20:00,37.25,37.28,37.25,37.2735,2312,0
2017-04-19,19:25:00,37.27,37.31,37.27,37.31,2506,0
2017-04-19,19:30:00,37.31,37.31,37.29,37.29,2200,0
2017-04-19,19:35:00,37.3,37.31,37.3,37.31,2433,0
2017-04-19,19:40:00,37.31,37.31,37.29,37.3,2984,0
2017-04-19,19:45:00,37.31,37.35,37.31,37.35,3341,0
2017-04-19,19:50:00,37.34,37.355,37.34,37.355,700,0
2017-04-19,19:55:00,37.36,37.39,37.36,37.37,2509,0
2017-04-19,20:00:00,37.37,37.38,37.36,37.38,3707,0
2017-04-19,20:05:00,37.38,37.3852,37.36,37.36,4640,0
2017-04-19,20:10:00,37.35,37.35,37.33,37.33,3200,0
2017-04-19,20:15:00,37.33,37.33,37.31,37.325,3310,0
2017-04-19,20:20:00,37.32,37.32,37.285,37.3,2208,0
2017-04-19,20:25:00,37.31,37.31,37.285,37.3,6475,0
2017-04-19,20:30:00,37.3,37.33,37.3,37.32,1061,0
2017-04-19,20:35:00,37.32,37.33,37.32,37.32,2467,0
2017-04-19,20:40:00,37.3164,37.325,37.31,37.32,2134,0
2017-04-19,20:45:00,37.33,37.33,37.33,37.33,1243,0
2017-04-19,20:50:00,37.32,37.32,37.3,37.305,3782,0
2017-04-19,20:55:00,37.3,37.305,37.26,37.27,4979,0
2017-04-19,21:00:00,37.28,37.29,37.28,37.29,2522,0
2017-04-19,21:05:00,37.29,37.33,37.28,37.32,10074,0
2017-04-19,21:10:00,37.31,37.32,37.3,37.3,1742,0
2017-04-19,21:15:00,37.3,37.31,37.3,37.31,2777,0
2017-04-19,21:20:00,37.32,37.36,37.31,37.36,9538,0
2017-04-19,21:25:00,37.36,37.37,37.33,37.33,4900,0
2017-04-19,21:30:00,37.32,37.327,37.28,37.28,6183,0
2017-04-19,21:35:00,37.275,37.285,37.23,37.26,8977,0
2017-04-19,21:40:00,37.26,37.29,37.25,37.29,5401,0
2017-04-19,21:45:00,37.28,37.3,37.25,37.29,10363,0
2017-04-19,21:50:00,37.29,37.34,37.29,37.31,8746,0
2017-04-19,21:55:00,37.32,37.34,37.29,37.34,20151,0
2017-04-19,22:00:00,37.34,37.38,37.34,37.36,62629,0
2017-04-20,15:35:00,37.5,37.65,37.4743,37.65,8502,0
2017-04-20,15:40:00,37.57,37.66,37.57,37.66,5350,0
2017-04-20,15:45:00,37.625,37.625,37.52,37.54,7426,0
2017-04-20,15:50:00,37.57,37.58,37.53,37.54,2200,0
2017-04-20,15:55:00,37.51,37.54,37.49,37.54,4800,0
2017-04-20,16:00:00,37.54,37.58,37.48,37.561,15970,0
2017-04-20,16:05:00,37.58,37.65,37.57,37.65,4698,0
2017-04-20,16:10:00,37.66,37.67,37.64,37.64,4587,0
2017-04-20,16:15:00,37.66,37.72,37.65,37.65,12500,0
2017-04-20,16:20:00,37.6497,37.66,37.63,37.66,3302,0
2017-04-20,16:25:00,37.66,37.71,37.66,37.67,6798,0
2017-04-20,16:30:00,37.67,37.7,37.64,37.7,12271,0
2017-04-20,16:35:00,37.7,37.7404,37.7,37.73,8854,0
2017-04-20,16:40:00,37.73,37.77,37.73,37.77,6539,0
2017-04-20,16:45:00,37.77,37.835,37.77,37.83,13717,0
2017-04-20,16:50:00,37.84,37.89,37.84,37.88,11533,0
2017-04-20,16:55:00,37.88,37.93,37.88,37.92,9026,0
2017-04-20,17:00:00,37.93,37.965,37.93,37.94,7212,0
2017-04-20,17:05:00,37.93,37.935,37.86,37.9,10487,0
2017-04-20,17:10:00,37.895,37.99,37.88,37.97,9207,0
2017-04-20,17:15:00,37.96,37.99,37.96,37.985,3708,0
2017-04-20,17:20:00,37.99,38,37.95,37.995,9039,0
2017-04-20,17:25:00,38,38.05,37.97,38.05,12014,0
2017-04-20,17:30:00,38.05,38.07,38.04,38.065,8273,0
2017-04-20,17:35:00,38.06,38.07,38.04,38.07,11121,0
2017-04-20,17:40:00,38.07,38.1,38.05,38.06,10051,0
2017-04-20,17:45:00,38.06,38.06,38.01,38.039,2896,0
2017-04-20,17:50:00,38.04,38.06,37.99,38.05,9840,0
2017-04-20,17:55:00,38.05,38.09,38.05,38.08,7489,0
2017-04-20,18:00:00,38.08,38.12,38.08,38.1063,8489,0
2017-04-20,18:05:00,38.11,38.145,38.1,38.1,10961,0
2017-04-20,18:10:00,38.1,38.125,38.03,38.04,12947,0
2017-04-20,18:15:00,38.05,38.09,38.05,38.09,6077,0
2017-04-20,18:20:00,38.09,38.09,38.05,38.08,4273,0
2017-04-20,18:25:00,38.08,38.0999,38.06,38.06,7310,0
2017-04-20,18:30:00,38.07,38.07,38.015,38.03,7004,0
2017-04-20,18:35:00,38.04,38.075,38.04,38.06,2085,0
2017-04-20,18:40:00,38.06,38.08,38.035,38.06,5242,0
2017-04-20,18:45:00,38.08,38.095,38.08,38.08,5605,0
2017-04-20,18:50:00,38.09,38.09,38.08,38.09,2339,0
2017-04-20,18:55:00,38.08,38.09,38.065,38.07,4400,0
2017-04-20,19:00:00,38.06,38.065,38.03,38.03,9853,0
2017-04-20,19:05:00,38.04,38.04,38.03,38.03,5773,0
2017-04-20,19:10:00,38.025,38.03,37.98,37.98,7204,0
2017-04-20,19:15:00,37.97,38,37.97,38,2500,0
2017-04-20,19:20:00,37.99,38,37.94,37.955,6674,0
2017-04-20,19:25:00,37.96,37.98,37.96,37.9702,1497,0
2017-04-20,19:30:00,37.98,37.99,37.97,37.99,4500,0
2017-04-20,19:35:00,37.992,38,37.98,37.99,3823,0
2017-04-20,19:40:00,37.99,38,37.98,37.9928,12256,0
2017-04-20,19:45:00,37.99,38,37.97,37.98,7572,0
2017-04-20,19:50:00,37.98,38,37.9675,37.99,5342,0
2017-04-20,19:55:00,38,38,37.99,38,5471,0
2017-04-20,20:00:00,38,38,37.99,38,2786,0
2017-04-20,20:05:00,38,38,37.99,38,2889,0
2017-04-20,20:10:00,38,38,37.88,37.88,14465,0
2017-04-20,20:15:00,37.9,37.95,37.9,37.94,5300,0
2017-04-20,20:20:00,37.93,37.98,37.93,37.97,4631,0
2017-04-20,20:25:00,37.97,38,37.9653,37.97,5930,0
2017-04-20,20:30:00,37.96,37.98,37.93,37.97,13963,0
2017-04-20,20:35:00,37.95,37.97,37.92,37.94,5208,0
2017-04-20,20:40:00,37.94,37.97,37.94,37.96,5726,0
2017-04-20,20:45:00,37.96,37.965,37.92,37.92,8975,0
2017-04-20,20:50:00,37.91,37.955,37.9,37.93,8027,0
2017-04-20,20:55:00,37.93,37.97,37.92,37.96,6026,0
2017-04-20,21:00:00,37.96,37.99,37.96,37.99,4617,0
2017-04-20,21:05:00,37.98,38,37.96,38,3693,0
2017-04-20,21:10:00,38,38.04,37.99,38.04,19912,0
2017-04-20,21:15:00,38.045,38.06,38.04,38.06,7398,0
2017-04-20,21:20:00,38.055,38.115,38.05,38.05,10727,0
2017-04-20,21:25:00,38.07,38.07,37.99,37.99,13050,0
2017-04-20,21:30:00,38,38.02,37.945,38.0102,15880,0
2017-04-20,21:35:00,38,38.01,37.97,38,12479,0
2017-04-20,21:40:00,38.005,38.01,37.98,38.01,11639,0
2017-04-20,21:45:00,38.01,38.03,37.99,38,19073,0
2017-04-20,21:50:00,38.01,38.01,37.99,38,18577,0
2017-04-20,21:55:00,38,38.02,37.98,37.995,36614,0
2017-04-20,22:00:00,38,38.04,37.94,37.95,174011,0
2017-04-21,15:35:00,37.94,37.94,37.85,37.85,4470,0
2017-04-21,15:40:00,37.86,37.86,37.77,37.8,4266,0
2017-04-21,15:45:00,37.78,37.82,37.72,37.82,2150,0
2017-04-21,15:50:00,37.77,37.79,37.77,37.79,1320,0
2017-04-21,15:55:00,37.78,37.83,37.75,37.79,2600,0
2017-04-21,16:00:00,37.79,37.795,37.79,37.795,200,0
2017-04-21,16:05:00,37.78,37.86,37.78,37.86,2893,0
2017-04-21,16:10:00,37.85,37.95,37.85,37.94,4400,0
2017-04-21,16:15:00,37.95,37.96,37.93,37.94,1400,0
2017-04-21,16:20:00,37.96,38.045,37.96,38.04,2900,0
2017-04-21,16:25:00,38.03,38.04,38,38,2792,0
2017-04-21,16:30:00,38.01,38.03,37.94,37.95,4237,0
2017-04-21,16:35:00,37.98,37.98,37.9,37.9,2300,0
2017-04-21,16:40:00,37.9,37.91,37.83,37.83,7200,0
2017-04-21,16:45:00,37.82,37.845,37.82,37.8448,3552,0
2017-04-21,16:50:00,37.85,37.85,37.74,37.76,6163,0
2017-04-21,16:55:00,37.75,37.76,37.74,37.745,7010,0
2017-04-21,17:00:00,37.75,37.75,37.67,37.69,9300,0
2017-04-21,17:05:00,37.67,37.69,37.67,37.69,1786,0
2017-04-21,17:10:00,37.69,37.7,37.63,37.63,6288,0
2017-04-21,17:15:00,37.6218,37.6218,37.59,37.6,9721,0
2017-04-21,17:20:00,37.605,37.68,37.5818,37.6501,4899,0
2017-04-21,17:25:00,37.65,37.68,37.61,37.61,5015,0
2017-04-21,17:30:00,37.62,37.63,37.6,37.61,6844,0
2017-04-21,17:35:00,37.61,37.65,37.61,37.65,4283,0
2017-04-21,17:40:00,37.6401,37.67,37.64,37.67,2600,0
2017-04-21,17:45:00,37.6601,37.67,37.61,37.645,10441,0
2017-04-21,17:50:00,37.64,37.68,37.64,37.67,5200,0
2017-04-21,17:55:00,37.675,37.675,37.65,37.66,3897,0
2017-04-21,18:00:00,37.66,37.66,37.63,37.6301,6022,0
2017-04-21,18:05:00,37.63,37.64,37.61,37.61,3702,0
2017-04-21,18:10:00,37.6001,37.63,37.59,37.63,4436,0
2017-04-21,18:15:00,37.625,37.64,37.58,37.58,4440,0
2017-04-21,18:20:00,37.5801,37.605,37.58,37.6,2068,0
2017-04-21,18:25:00,37.6,37.6,37.57,37.6,3500,0
2017-04-21,18:30:00,37.6001,37.62,37.58,37.58,4810,0
2017-04-21,18:35:00,37.575,37.62,37.57,37.62,4620,0
2017-04-21,18:40:00,37.625,37.68,37.6201,37.68,1900,0
2017-04-21,18:45:00,37.68,37.69,37.6701,37.6801,1400,0
2017-04-21,18:50:00,37.6801,37.685,37.66,37.6601,4835,0
2017-04-21,18:55:00,37.67,37.68,37.65,37.68,4700,0
2017-04-21,19:00:00,37.685,37.74,37.685,37.7201,1900,0
2017-04-21,19:05:00,37.73,37.77,37.72,37.77,2748,0
2017-04-21,19:10:00,37.77,37.77,37.73,37.73,4004,0
2017-04-21,19:15:00,37.73,37.73,37.66,37.7,4806,0
2017-04-21,19:20:00,37.7,37.7,37.68,37.69,1700,0
2017-04-21,19:25:00,37.68,37.71,37.67,37.71,2100,0
2017-04-21,19:30:00,37.71,37.73,37.71,37.73,2079,0
2017-04-21,19:35:00,37.7275,37.76,37.725,37.735,2765,0
2017-04-21,19:40:00,37.72,37.72,37.695,37.695,1900,0
2017-04-21,19:45:00,37.7,37.73,37.69,37.73,1200,0
2017-04-21,19:50:00,37.73,37.76,37.72,37.76,2900,0
2017-04-21,19:55:00,37.76,37.765,37.74,37.75,2400,0
2017-04-21,20:00:00,37.75,37.81,37.75,37.81,4684,0
2017-04-21,20:05:00,37.81,37.82,37.79,37.8,4500,0
2017-04-21,20:10:00,37.81,37.82,37.805,37.82,1900,0
2017-04-21,20:15:00,37.82,37.85,37.82,37.84,4200,0
2017-04-21,20:20:00,37.85,37.85,37.82,37.82,2798,0
2017-04-21,20:25:00,37.83,37.9,37.83,37.9,3700,0
2017-04-21,20:30:00,37.89,37.91,37.89,37.91,3266,0
2017-04-21,20:35:00,37.905,37.93,37.905,37.9218,3171,0
2017-04-21,20:40:00,37.93,37.93,37.89,37.89,4562,0
2017-04-21,20:45:00,37.89,37.89,37.83,37.84,3700,0
2017-04-21,20:50:00,37.84,37.845,37.805,37.81,5742,0
2017-04-21,20:55:00,37.81,37.86,37.81,37.86,5439,0
2017-04-21,21:00:00,37.86,37.91,37.86,37.9,4300,0
2017-04-21,21:05:00,37.89,37.895,37.85,37.86,4161,0
2017-04-21,21:10:00,37.85,37.85,37.82,37.84,6451,0
2017-04-21,21:15:00,37.84,37.87,37.84,37.87,2321,0
2017-04-21,21:20:00,37.86,37.86,37.855,37.86,1700,0
2017-04-21,21:25:00,37.85,37.86,37.82,37.84,6523,0
2017-04-21,21:30:00,37.84,37.85,37.82,37.85,4630,0
2017-04-21,21:35:00,37.84,37.845,37.81,37.815,2600,0
2017-04-21,21:40:00,37.815,37.85,37.81,37.85,8709,0
2017-04-21,21:45:00,37.85,37.86,37.83,37.84,9899,0
2017-04-21,21:50:00,37.85,37.87,37.85,37.87,3981,0
2017-04-21,21:55:00,37.86,37.865,37.81,37.81,18194,0
2017-04-21,22:00:00,37.81,37.83,37.79,37.8,67723,0
2017-04-24,15:35:00,38.28,38.41,38.15,38.28,5540,0
2017-04-24,15:40:00,38.285,38.29,38.24,38.24,1100,0
2017-04-24,15:45:00,38.2595,38.26,38.18,38.19,535,0
2017-04-24,15:50:00,38.18,38.22,38.11,38.16,5432,0
2017-04-24,15:55:00,38.16,38.1965,38.16,38.1965,200,0
2017-04-24,16:00:00,38.18,38.21,38.14,38.14,3399,0
2017-04-24,16:05:00,38.15,38.2,38.13,38.2,4333,0
2017-04-24,16:10:00,38.19,38.19,38.13,38.14,2802,0
2017-04-24,16:15:00,38.12,38.17,38.12,38.17,2150,0
2017-04-24,16:20:00,38.17,38.2,38.17,38.2,2700,0
2017-04-24,16:25:00,38.197,38.197,38.13,38.13,3943,0
2017-04-24,16:30:00,38.15,38.15,38.125,38.13,3371,0
2017-04-24,16:35:00,38.13,38.15,38.09,38.09,4950,0
2017-04-24,16:40:00,38.09,38.1,38.085,38.1,1000,0
2017-04-24,16:45:00,38.08,38.08,38.035,38.07,3686,0
2017-04-24,16:50:00,38.08,38.08,38.01,38.02,3886,0
2017-04-24,16:55:00,38.035,38.05,38.02,38.03,5844,0
2017-04-24,17:00:00,38.0403,38.0403,37.97,38.04,5899,0
2017-04-24,17:05:00,38.04,38.05,38.01,38.01,2500,0
2017-04-24,17:10:00,38.01,38.07,38.01,38.06,5546,0
2017-04-24,17:15:00,38.06,38.13,38.04,38.13,4000,0
2017-04-24,17:20:00,38.13,38.13,38.07,38.09,4950,0
2017-04-24,17:25:00,38.09,38.09,38.08,38.08,1400,0
2017-04-24,17:30:00,38.07,38.1066,38.07,38.1066,3328,0
2017-04-24,17:35:00,38.11,38.11,38.08,38.09,2113,0
2017-04-24,17:40:00,38.09,38.09,38.07,38.07,4001,0
2017-04-24,17:45:00,38.074,38.075,38.02,38.04,3830,0
2017-04-24,17:50:00,38.05,38.07,38.05,38.06,1232,0
2017-04-24,17:55:00,38.07,38.09,38.07,38.09,1700,0
2017-04-24,18:00:00,38.085,38.085,38.05,38.08,3700,0
2017-04-24,18:05:00,38.07,38.085,38.07,38.08,2114,0
2017-04-24,18:10:00,38.09,38.09,38.06,38.07,2952,0
2017-04-24,18:15:00,38.07,38.085,38.06,38.06,10421,0
2017-04-24,18:20:00,38.07,38.08,38.07,38.08,1400,0
2017-04-24,18:25:00,38.08,38.09,38.08,38.09,4700,0
2017-04-24,18:30:00,38.09,38.09,38.06,38.09,8140,0
2017-04-24,18:35:00,38.09,38.1,38.07,38.09,4224,0
2017-04-24,18:40:00,38.09,38.12,38.08,38.12,1900,0
2017-04-24,18:45:00,38.1,38.12,38.1,38.12,2929,0
2017-04-24,18:50:00,38.12,38.12,38.1,38.1,2000,0
2017-04-24,18:55:00,38.1,38.1,38.09,38.09,1100,0
2017-04-24,19:00:00,38.09,38.095,38.06,38.07,3967,0
2017-04-24,19:05:00,38.07,38.07,38.03,38.05,5400,0
2017-04-24,19:10:00,38.07,38.08,38.06,38.06,2100,0
2017-04-24,19:15:00,38.05,38.08,38.05,38.07,2400,0
2017-04-24,19:20:00,38.08,38.1,38.08,38.1,1773,0
2017-04-24,19:25:00,38.1,38.125,38.08,38.08,6609,0
2017-04-24,19:30:00,38.0897,38.09,38.08,38.0897,1875,0
2017-04-24,19:35:00,38.1,38.105,38.08,38.105,1500,0
2017-04-24,19:40:00,38.11,38.12,38.0996,38.12,3288,0
2017-04-24,19:45:00,38.13,38.14,38.13,38.14,1704,0
2017-04-24,19:50:00,38.13,38.13,38.09,38.1,3506,0
2017-04-24,19:55:00,38.12,38.13,38.12,38.13,500,0
2017-04-24,20:00:00,38.1222,38.13,38.11,38.13,5530,0
2017-04-24,20:05:00,38.13,38.14,38.12,38.12,2109,0
2017-04-24,20:10:00,38.12,38.15,38.1,38.15,3000,0
2017-04-24,20:15:00,38.16,38.18,38.13,38.13,3300,0
2017-04-24,20:20:00,38.11,38.19,38.11,38.183,2712,0
2017-04-24,20:25:00,38.17,38.19,38.17,38.19,1300,0
2017-04-24,20:30:00,38.18,38.19,38.155,38.18,5070,0
2017-04-24,20:35:00,38.19,38.21,38.19,38.205,900,0
2017-04-24,20:40:00,38.21,38.22,38.19,38.21,2923,0
2017-04-24,20:45:00,38.21,38.22,38.19,38.22,3527,0
2017-04-24,20:50:00,38.21,38.24,38.21,38.23,1943,0
2017-04-24,20:55:00,38.2368,38.24,38.23,38.23,2974,0
2017-04-24,21:00:00,38.2289,38.23,38.2,38.22,3799,0
2017-04-24,21:05:00,38.23,38.26,38.23,38.26,4762,0
2017-04-24,21:10:00,38.27,38.29,38.27,38.29,3179,0
2017-04-24,21:15:00,38.2946,38.305,38.29,38.3,3355,0
2017-04-24,21:20:00,38.3,38.32,38.28,38.3,7228,0
2017-04-24,21:25:00,38.3,38.35,38.29,38.337,5647,0
2017-04-24,21:30:00,38.34,38.34,38.32,38.32,4331,0
2017-04-24,21:35:00,38.325,38.325,38.31,38.32,5324,0
2017-04-24,21:40:00,38.31,38.32,38.3,38.3,5322,0
2017-04-24,21:45:00,38.305,38.31,38.28,38.28,10049,0
2017-04-24,21:50:00,38.29,38.3,38.28,38.28,10722,0
2017-04-24,21:55:00,38.29,38.29,38.28,38.28,9882,0
2017-04-24,22:00:00,38.28,38.285,38.23,38.23,58105,0
2017-04-25,15:35:00,38.3,38.43,38.25,38.43,13847,0
2017-04-25,15:40:00,38.44,38.48,38.34,38.34,4375,0
2017-04-25,15:45:00,38.365,38.37,38.27,38.27,2500,0
2017-04-25,15:50:00,38.26,38.34,38.26,38.34,3058,0
2017-04-25,15:55:00,38.32,38.335,38.27,38.27,2505,0
2017-04-25,16:00:00,38.27,38.31,38.27,38.27,3300,0
2017-04-25,16:05:00,38.27,38.42,38.27,38.41,4200,0
2017-04-25,16:10:00,38.44,38.49,38.41,38.49,6701,0
2017-04-25,16:15:00,38.47,38.52,38.47,38.49,4800,0
2017-04-25,16:20:00,38.48,38.48,38.38,38.38,4000,0
2017-04-25,16:25:00,38.36,38.36,38.36,38.36,900,0
2017-04-25,16:30:00,38.37,38.41,38.37,38.38,5069,0
2017-04-25,16:35:00,38.3899,38.39,38.38,38.38,900,0
2017-04-25,16:40:00,38.385,38.385,38.35,38.36,4500,0
2017-04-25,16:45:00,38.37,38.37,38.34,38.3473,2216,0
2017-04-25,16:50:00,38.345,38.345,38.32,38.32,3200,0
2017-04-25,16:55:00,38.32,38.325,38.29,38.31,4100,0
2017-04-25,17:00:00,38.32,38.33,38.29,38.29,2605,0
2017-04-25,17:05:00,38.29,38.29,38.24,38.27,4401,0
2017-04-25,17:10:00,38.29,38.35,38.28,38.34,3100,0
2017-04-25,17:15:00,38.34,38.34,38.3,38.31,2658,0
2017-04-25,17:20:00,38.31,38.37,38.31,38.37,5489,0
2017-04-25,17:25:00,38.375,38.375,38.33,38.33,3997,0
2017-04-25,17:30:00,38.31,38.36,38.31,38.33,3632,0
2017-04-25,17:35:00,38.33,38.35,38.31,38.35,4783,0
2017-04-25,17:40:00,38.35,38.36,38.31,38.31,1800,0
2017-04-25,17:45:00,38.3,38.34,38.3,38.34,1109,0
2017-04-25,17:50:00,38.36,38.39,38.36,38.38,2500,0
2017-04-25,17:55:00,38.38,38.395,38.35,38.36,3455,0
2017-04-25,18:00:00,38.36,38.36,38.33,38.34,2900,0
2017-04-25,18:05:00,38.35,38.365,38.332,38.332,2962,0
2017-04-25,18:10:00,38.3412,38.37,38.34,38.36,1770,0
2017-04-25,18:15:00,38.36,38.365,38.35,38.36,2800,0
2017-04-25,18:20:00,38.36,38.4,38.36,38.39,2100,0
2017-04-25,18:25:00,38.4,38.4,38.37,38.37,1700,0
2017-04-25,18:30:00,38.37,38.37,38.35,38.3599,1820,0
2017-04-25,18:35:00,38.35,38.355,38.32,38.33,4506,0
2017-04-25,18:40:00,38.32,38.335,38.31,38.33,1960,0
2017-04-25,18:45:00,38.32,38.35,38.32,38.34,2000,0
2017-04-25,18:50:00,38.34,38.36,38.34,38.35,1400,0
2017-04-25,18:55:00,38.35,38.355,38.34,38.35,1400,0
2017-04-25,19:00:00,38.36,38.36,38.32,38.32,3266,0
2017-04-25,19:05:00,38.31,38.32,38.31,38.31,900,0
2017-04-25,19:10:00,38.31,38.33,38.31,38.33,5235,0
2017-04-25,19:15:00,38.32,38.36,38.32,38.34,1699,0
2017-04-25,19:20:00,38.35,38.35,38.34,38.34,1200,0
2017-04-25,19:25:00,38.33,38.38,38.33,38.38,2500,0
2017-04-25,19:30:00,38.38,38.38,38.32,38.34,2502,0
2017-04-25,19:35:00,38.34,38.34,38.29,38.33,2704,0
2017-04-25,19:40:00,38.33,38.335,38.31,38.31,3894,0
2017-04-25,19:45:00,38.3001,38.31,38.3,38.3,1000,0
2017-04-25,19:50:00,38.31,38.31,38.29,38.3,1264,0
2017-04-25,19:55:00,38.2989,38.31,38.285,38.3042,6587,0
2017-04-25,20:00:00,38.305,38.305,38.25,38.25,2514,0
2017-04-25,20:05:00,38.26,38.27,38.23,38.27,6741,0
2017-04-25,20:10:00,38.28,38.29,38.27,38.27,2200,0
2017-04-25,20:15:00,38.27,38.3,38.27,38.27,4509,0
2017-04-25,20:20:00,38.27,38.28,38.25,38.275,3402,0
2017-04-25,20:25:00,38.27,38.27,38.26,38.26,2096,0
2017-04-25,20:30:00,38.27,38.29,38.22,38.22,7384,0
2017-04-25,20:35:00,38.24,38.255,38.215,38.23,4100,0
2017-04-25,20:40:00,38.23,38.25,38.23,38.25,900,0
2017-04-25,20:45:00,38.24,38.27,38.235,38.27,6161,0
2017-04-25,20:50:00,38.27,38.275,38.25,38.26,4255,0
2017-04-25,20:55:00,38.25,38.27,38.25,38.27,2199,0
2017-04-25,21:00:00,38.28,38.3,38.27,38.27,5600,0
2017-04-25,21:05:00,38.28,38.28,38.27,38.28,1900,0
2017-04-25,21:10:00,38.27,38.31,38.27,38.31,6453,0
2017-04-25,21:15:00,38.305,38.33,38.3,38.31,7451,0
2017-04-25,21:20:00,38.32,38.34,38.31,38.34,5803,0
2017-04-25,21:25:00,38.33,38.33,38.29,38.295,6150,0
2017-04-25,21:30:00,38.29,38.3,38.28,38.28,3600,0
2017-04-25,21:35:00,38.29,38.31,38.28,38.305,7628,0
2017-04-25,21:40:00,38.3099,38.31,38.24,38.24,19184,0
2017-04-25,21:45:00,38.24,38.26,38.22,38.22,22764,0
2017-04-25,21:50:00,38.23,38.23,38.21,38.23,76610,0
2017-04-25,21:55:00,38.225,38.23,38.18,38.18,55981,0
2017-04-25,22:00:00,38.18,38.19,38.14,38.14,58094,0
2017-04-26,15:35:00,38.03,38.23,38.025,38.21,8543,0
2017-04-26,15:40:00,38.16,38.17,37.76,37.8,23631,0
2017-04-26,15:45:00,37.82,37.89,37.61,37.7371,42501,0
2017-04-26,15:50:00,37.75,37.78,37.51,37.53,15155,0
2017-04-26,15:55:00,37.56,37.5632,37.35,37.39,17983,0
2017-04-26,16:00:00,37.38,37.38,37.2903,37.33,12170,0
2017-04-26,16:05:00,37.335,37.335,37.25,37.32,8326,0
2017-04-26,16:10:00,37.31,37.4,37.269,37.4,6996,0
2017-04-26,16:15:00,37.41,37.44,37.325,37.44,8069,0
2017-04-26,16:20:00,37.42,37.52,37.42,37.52,12524,0
2017-04-26,16:25:00,37.53,37.62,37.53,37.55,12841,0
2017-04-26,16:30:00,37.55,37.69,37.55,37.68,8322,0
2017-04-26,16:35:00,37.69,37.75,37.63,37.67,3883,0
2017-04-26,16:40:00,37.66,37.7,37.59,37.68,3240,0
2017-04-26,16:45:00,37.68,37.69,37.645,37.69,2405,0
2017-04-26,16:50:00,37.69,37.74,37.65,37.74,4235,0
2017-04-26,16:55:00,37.74,37.81,37.62,37.62,11141,0
2017-04-26,17:00:00,37.61,37.66,37.6,37.6,6700,0
2017-04-26,17:05:00,37.6,37.63,37.6,37.61,5200,0
2017-04-26,17:10:00,37.6,37.62,37.56,37.57,5790,0
2017-04-26,17:15:00,37.58,37.73,37.58,37.73,11105,0
2017-04-26,17:20:00,37.72,37.77,37.66,37.69,9449,0
2017-04-26,17:25:00,37.695,37.73,37.69,37.71,5435,0
2017-04-26,17:30:00,37.73,37.74,37.65,37.66,10945,0
2017-04-26,17:35:00,37.67,37.68,37.61,37.61,3773,0
2017-04-26,17:40:00,37.61,37.68,37.6,37.66,7147,0
2017-04-26,17:45:00,37.67,37.67,37.6,37.605,6731,0
2017-04-26,17:50:00,37.61,37.63,37.555,37.63,3220,0
2017-04-26,17:55:00,37.61,37.69,37.61,37.69,7985,0
2017-04-26,18:00:00,37.7,37.77,37.7,37.77,3100,0
2017-04-26,18:05:00,37.77,37.78,37.72,37.76,8757,0
2017-04-26,18:10:00,37.77,37.79,37.74,37.79,4927,0
2017-04-26,18:15:00,37.8,37.86,37.8,37.81,5574,0
2017-04-26,18:20:00,37.81,37.86,37.81,37.84,3829,0
2017-04-26,18:25:00,37.86,37.88,37.86,37.87,2701,0
2017-04-26,18:30:00,37.87,37.975,37.87,37.92,5530,0
2017-04-26,18:35:00,37.9,37.915,37.895,37.9,3827,0
2017-04-26,18:40:00,37.895,37.91,37.84,37.88,6702,0
2017-04-26,18:45:00,37.88,37.9,37.88,37.9,5648,0
2017-04-26,18:50:00,37.9,37.94,37.89,37.915,5100,0
2017-04-26,18:55:00,37.91,37.99,37.9,37.99,3582,0
2017-04-26,19:00:00,37.98,37.985,37.96,37.98,5498,0
2017-04-26,19:05:00,37.98,37.98,37.91,37.92,7563,0
2017-04-26,19:10:00,37.91,37.985,37.89,37.975,5318,0
2017-04-26,19:15:00,37.97,37.985,37.97,37.9775,3426,0
2017-04-26,19:20:00,37.97,38,37.93,37.95,7717,0
2017-04-26,19:25:00,37.97,38,37.93,37.93,9020,0
2017-04-26,19:30:00,37.93,37.93,37.89,37.9207,7410,0
2017-04-26,19:35:00,37.93,37.93,37.88,37.88,2100,0
2017-04-26,19:40:00,37.9,37.92,37.9,37.92,4372,0
2017-04-26,19:45:00,37.91,37.9354,37.8739,37.9354,10075,0
2017-04-26,19:50:00,37.96,37.96,37.82,37.82,7886,0
2017-04-26,19:55:00,37.85,37.88,37.83,37.87,3000,0
2017-04-26,20:00:00,37.885,37.9,37.8,37.82,6520,0
2017-04-26,20:05:00,37.83,37.84,37.795,37.83,3900,0
2017-04-26,20:10:00,37.82,37.82,37.75,37.8,10900,0
2017-04-26,20:15:00,37.81,37.81,37.75,37.79,4991,0
2017-04-26,20:20:00,37.8,37.825,37.79,37.8,4200,0
2017-04-26,20:25:00,37.8,37.82,37.799,37.82,2800,0
2017-04-26,20:30:00,37.83,37.84,37.82,37.84,1250,0
2017-04-26,20:35:00,37.84,37.94,37.83,37.94,9679,0
2017-04-26,20:40:00,37.93,37.935,37.85,37.85,6870,0
2017-04-26,20:45:00,37.86,37.885,37.85,37.88,9961,0
2017-04-26,20:50:00,37.86,37.86,37.82,37.86,7383,0
2017-04-26,20:55:00,37.86,37.87,37.85,37.86,1700,0
2017-04-26,21:00:00,37.87,37.9,37.85,37.86,9735,0
2017-04-26,21:05:00,37.85,37.91,37.85,37.91,9793,0
2017-04-26,21:10:00,37.905,38.01,37.89,37.99,31349,0
2017-04-26,21:15:00,37.99,38.07,37.99,38.05,6970,0
2017-04-26,21:20:00,38.04,38.1,38.04,38.06,10025,0
2017-04-26,21:25:00,38.06,38.06,37.99,37.99,6844,0
2017-04-26,21:30:00,37.99,38.03,37.95,38.03,13329,0
2017-04-26,21:35:00,38.03,38.03,37.95,37.985,18326,0
2017-04-26,21:40:00,37.98,38.01,37.98,38.005,15874,0
2017-04-26,21:45:00,38.005,38.01,37.97,37.975,20837,0
2017-04-26,21:50:00,37.97,37.975,37.915,37.955,21952,0
2017-04-26,21:55:00,37.95,38,37.95,37.99,32257,0
2017-04-26,22:00:00,38,38,37.97,37.99,113789,0
