Date,Time,Open,High,Low,Close,Volume,OpenInt
2017-04-10,15:35:00,9.75,9.75,9.7,9.75,40049,0
2017-04-10,15:40:00,9.75,9.75,9.7,9.75,11501,0
2017-04-10,15:45:00,9.75,9.8,9.7,9.7,15543,0
2017-04-10,15:50:00,9.7,9.725,9.7,9.7,5282,0
2017-04-10,15:55:00,9.75,9.775,9.7,9.775,21930,0
2017-04-10,16:00:00,9.775,9.8,9.7,9.7,12000,0
2017-04-10,16:05:00,9.7,9.75,9.7,9.75,13423,0
2017-04-10,16:10:00,9.75,9.8,9.7,9.7,14390,0
2017-04-10,16:15:00,9.725,9.725,9.675,9.725,11426,0
2017-04-10,16:20:00,9.75,9.775,9.7,9.725,45438,0
2017-04-10,16:25:00,9.725,9.75,9.7,9.725,1980,0
2017-04-10,16:30:00,9.75,9.75,9.75,9.75,700,0
2017-04-10,16:35:00,9.75,9.9,9.725,9.79,56849,0
2017-04-10,16:40:00,9.8,9.8,9.75,9.775,2720,0
2017-04-10,16:45:00,9.775,9.775,9.675,9.7,43823,0
2017-04-10,16:50:00,9.7,9.734,9.7,9.7,16005,0
2017-04-10,16:55:00,9.7,9.75,9.675,9.7,16536,0
2017-04-10,17:00:00,9.675,9.7,9.65,9.675,10930,0
2017-04-10,17:05:00,9.65,9.65,9.6,9.6213,19319,0
2017-04-10,17:10:00,9.6,9.65,9.6,9.65,800,0
2017-04-10,17:15:00,9.65,9.75,9.625,9.75,8099,0
2017-04-10,17:20:00,9.75,9.75,9.75,9.75,700,0
2017-04-10,17:25:00,9.75,9.775,9.75,9.75,12025,0
2017-04-10,17:30:00,9.75,9.75,9.721,9.75,14278,0
2017-04-10,17:35:00,9.75,9.75,9.75,9.75,3501,0
2017-04-10,17:40:00,9.75,9.75,9.75,9.75,400,0
2017-04-10,17:45:00,9.75,9.75,9.675,9.725,17136,0
2017-04-10,17:50:00,9.71,9.75,9.7,9.75,3860,0
2017-04-10,17:55:00,9.75,9.75,9.75,9.75,100,0
2017-04-10,18:00:00,9.725,9.75,9.71,9.725,1774,0
2017-04-10,18:05:00,9.75,9.775,9.7321,9.75,17810,0
2017-04-10,18:10:00,9.75,9.8,9.75,9.775,3855,0
2017-04-10,18:15:00,9.75,9.75,9.725,9.725,5039,0
2017-04-10,18:20:00,9.75,9.75,9.725,9.725,200,0
2017-04-10,18:25:00,9.7303,9.8,9.71,9.725,13406,0
2017-04-10,18:30:00,9.725,9.75,9.7,9.75,4544,0
2017-04-10,18:35:00,9.725,9.775,9.725,9.75,14417,0
2017-04-10,18:40:00,9.8,9.8,9.75,9.75,10560,0
2017-04-10,18:45:00,9.775,9.775,9.775,9.775,100,0
2017-04-10,18:50:00,9.775,9.775,9.768,9.775,1400,0
2017-04-10,18:55:00,9.775,9.8,9.775,9.775,1400,0
2017-04-10,19:00:00,9.775,9.775,9.775,9.775,100,0
2017-04-10,19:05:00,9.775,9.775,9.775,9.775,500,0
2017-04-10,19:10:00,9.8,9.8,9.75,9.75,4622,0
2017-04-10,19:15:00,9.775,9.8,9.75,9.775,1000,0
2017-04-10,19:20:00,9.8,9.85,9.775,9.85,15172,0
2017-04-10,19:25:00,9.825,9.825,9.75,9.75,14856,0
2017-04-10,19:30:00,9.75,9.775,9.75,9.75,1022,0
2017-04-10,19:35:00,9.775,9.775,9.775,9.775,100,0
2017-04-10,19:40:00,9.775,9.8,9.75,9.75,30642,0
2017-04-10,19:45:00,9.795,9.795,9.775,9.775,700,0
2017-04-10,19:50:00,9.775,9.775,9.75,9.75,700,0
2017-04-10,19:55:00,9.775,9.8,9.7,9.775,53208,0
2017-04-10,20:00:00,9.775,9.775,9.775,9.775,400,0
2017-04-10,20:05:00,9.775,9.8,9.7,9.7,22261,0
2017-04-10,20:10:00,9.75,9.75,9.75,9.75,3292,0
2017-04-10,20:15:00,9.75,9.75,9.725,9.75,400,0
2017-04-10,20:20:00,9.75,9.8,9.75,9.775,33537,0
2017-04-10,20:25:00,9.775,9.775,9.75,9.75,6000,0
2017-04-10,20:30:00,9.75,9.775,9.725,9.75,26572,0
2017-04-10,20:35:00,9.75,9.775,9.75,9.75,3450,0
2017-04-10,20:40:00,9.75,9.8,9.7197,9.775,10954,0
2017-04-10,20:45:00,9.775,9.775,9.75,9.775,600,0
2017-04-10,20:50:00,9.775,9.775,9.75,9.75,2100,0
2017-04-10,20:55:00,9.775,9.8,9.775,9.8,1949,0
2017-04-10,21:00:00,9.775,9.775,9.775,9.775,300,0
2017-04-10,21:05:00,9.75,9.775,9.75,9.775,1038,0
2017-04-10,21:10:00,9.775,9.8,9.775,9.775,6100,0
2017-04-10,21:15:00,9.775,9.775,9.775,9.775,400,0
2017-04-10,21:20:00,9.775,9.8,9.75,9.775,3086,0
2017-04-10,21:25:00,9.775,9.775,9.7,9.725,15048,0
2017-04-10,21:30:00,9.7,9.725,9.7,9.7,1700,0
2017-04-10,21:35:00,9.725,9.725,9.7,9.725,2400,0
2017-04-10,21:40:00,9.725,9.75,9.725,9.725,17585,0
2017-04-10,21:45:00,9.75,9.75,9.7,9.725,5400,0
2017-04-10,21:50:00,9.725,9.75,9.7,9.725,9367,0
2017-04-10,21:55:00,9.725,9.75,9.7,9.7,5200,0
2017-04-10,22:00:00,9.725,9.75,9.7,9.7,63606,0
2017-04-11,15:35:00,9.7,9.75,9.7,9.7,23080,0
2017-04-11,15:40:00,9.7,9.75,9.55,9.6,8350,0
2017-04-11,15:45:00,9.65,9.65,9.5,9.55,26407,0
2017-04-11,15:50:00,9.55,9.6,9.55,9.6,800,0
2017-04-11,15:55:00,9.6,9.65,9.56,9.6,21190,0
2017-04-11,16:00:00,9.6,9.6,9.57,9.6,9281,0
2017-04-11,16:05:00,9.6,9.7,9.6,9.7,13978,0
2017-04-11,16:10:00,9.7,9.75,9.65,9.65,17897,0
2017-04-11,16:15:00,9.7,9.75,9.65,9.7,14900,0
2017-04-11,16:20:00,9.65,9.675,9.6,9.6,6092,0
2017-04-11,16:25:00,9.625,9.65,9.6,9.625,9582,0
2017-04-11,16:30:00,9.65,9.7,9.6,9.65,39000,0
2017-04-11,16:35:00,9.65,9.6826,9.575,9.65,38729,0
2017-04-11,16:40:00,9.65,9.675,9.616,9.67,9791,0
2017-04-11,16:45:00,9.7,9.7,9.65,9.65,14798,0
2017-04-11,16:50:00,9.675,9.7,9.675,9.7,4983,0
2017-04-11,16:55:00,9.675,9.7,9.675,9.7,2200,0
2017-04-11,17:00:00,9.675,9.75,9.6,9.7,19314,0
2017-04-11,17:05:00,9.675,9.75,9.65,9.725,13356,0
2017-04-11,17:10:00,9.75,9.75,9.65,9.65,18906,0
2017-04-11,17:15:00,9.7,9.7,9.6,9.625,5536,0
2017-04-11,17:20:00,9.6,9.65,9.6,9.625,1600,0
2017-04-11,17:25:00,9.625,9.65,9.6,9.65,900,0
2017-04-11,17:30:00,9.625,9.65,9.6,9.6,900,0
2017-04-11,17:35:00,9.625,9.65,9.6,9.625,900,0
2017-04-11,17:40:00,9.65,9.7,9.65,9.7,3548,0
2017-04-11,17:45:00,9.65,9.7,9.65,9.7,7494,0
2017-04-11,17:50:00,9.7,9.7,9.6,9.7,9974,0
2017-04-11,17:55:00,9.65,9.7,9.65,9.65,800,0
2017-04-11,18:00:00,9.675,9.675,9.65,9.65,300,0
2017-04-11,18:05:00,9.65,9.7,9.65,9.65,900,0
2017-04-11,18:10:00,9.7,9.725,9.675,9.725,3254,0
2017-04-11,18:15:00,9.7,9.725,9.7,9.725,500,0
2017-04-11,18:20:00,9.7,9.75,9.7,9.725,600,0
2017-04-11,18:25:00,9.75,9.85,9.75,9.75,26476,0
2017-04-11,18:30:00,9.75,9.8,9.75,9.8,3100,0
2017-04-11,18:35:00,9.775,9.8,9.75,9.75,5500,0
2017-04-11,18:40:00,9.75,9.775,9.75,9.75,300,0
2017-04-11,18:45:00,9.75,9.7838,9.675,9.7,17877,0
2017-04-11,18:50:00,9.7,9.73,9.7,9.7,600,0
2017-04-11,18:55:00,9.75,9.75,9.7,9.7,500,0
2017-04-11,19:00:00,9.725,9.775,9.6,9.6,48018,0
2017-04-11,19:05:00,9.625,9.65,9.575,9.6,14618,0
2017-04-11,19:10:00,9.6,9.625,9.6,9.6,4500,0
2017-04-11,19:15:00,9.625,9.625,9.5,9.5,18016,0
2017-04-11,19:20:00,9.525,9.55,9.5,9.5,7612,0
2017-04-11,19:25:00,9.525,9.55,9.4695,9.5,35007,0
2017-04-11,19:30:00,9.5,9.525,9.5,9.525,700,0
2017-04-11,19:35:00,9.5,9.5,9.5,9.5,300,0
2017-04-11,19:40:00,9.525,9.55,9.525,9.525,8080,0
2017-04-11,19:45:00,9.525,9.525,9.5,9.5,200,0
2017-04-11,19:50:00,9.5,9.525,9.5,9.525,1000,0
2017-04-11,19:55:00,9.525,9.525,9.525,9.525,100,0
2017-04-11,20:00:00,9.5,9.55,9.5,9.5,2900,0
2017-04-11,20:05:00,9.525,9.55,9.475,9.4767,13577,0
2017-04-11,20:10:00,9.475,9.55,9.475,9.525,10792,0
2017-04-11,20:15:00,9.5,9.525,9.4,9.4,23334,0
2017-04-11,20:20:00,9.425,9.475,9.4,9.425,7000,0
2017-04-11,20:25:00,9.425,9.45,9.4,9.425,800,0
2017-04-11,20:30:00,9.45,9.5,9.375,9.4,25879,0
2017-04-11,20:35:00,9.45,9.525,9.45,9.5,29678,0
2017-04-11,20:40:00,9.475,9.5,9.45,9.4763,800,0
2017-04-11,20:45:00,9.5,9.5,9.45,9.45,700,0
2017-04-11,20:50:00,9.5,9.5,9.45,9.45,2000,0
2017-04-11,20:55:00,9.5,9.5,9.45,9.5,3700,0
2017-04-11,21:00:00,9.5,9.55,9.45,9.45,8112,0
2017-04-11,21:05:00,9.475,9.5,9.45,9.5,700,0
2017-04-11,21:10:00,9.475,9.5,9.45,9.5,400,0
2017-04-11,21:15:00,9.5,9.5,9.45,9.475,1900,0
2017-04-11,21:20:00,9.45,9.5,9.45,9.475,2400,0
2017-04-11,21:25:00,9.5,9.5,9.475,9.5,1400,0
2017-04-11,21:30:00,9.475,9.5,9.45,9.5,7500,0
2017-04-11,21:35:00,9.5,9.5,9.45,9.475,2686,0
2017-04-11,21:40:00,9.5,9.5,9.45,9.475,3550,0
2017-04-11,21:45:00,9.5,9.5,9.45,9.475,4400,0
2017-04-11,21:50:00,9.5,9.5,9.475,9.5,12108,0
2017-04-11,21:55:00,9.5,9.5,9.4747,9.5,7400,0
2017-04-11,22:00:00,9.5,9.55,9.4748,9.55,77716,0
2017-04-12,15:35:00,9.45,9.45,9.25,9.325,22012,0
2017-04-12,15:40:00,9.4,9.45,9.3,9.3,7314,0
2017-04-12,15:45:00,9.325,9.35,9.275,9.3,9722,0
2017-04-12,15:50:00,9.25,9.325,9.25,9.3,5659,0
2017-04-12,15:55:00,9.325,9.325,9.25,9.3,8762,0
2017-04-12,16:00:00,9.3,9.325,9.275,9.325,3400,0
2017-04-12,16:05:00,9.3,9.35,9.3,9.325,5789,0
2017-04-12,16:10:00,9.35,9.375,9.25,9.275,7907,0
2017-04-12,16:15:00,9.275,9.3,9.25,9.275,5050,0
2017-04-12,16:20:00,9.275,9.3,9.25,9.3,4880,0
2017-04-12,16:25:00,9.275,9.3329,9.275,9.325,9974,0
2017-04-12,16:30:00,9.3,9.3,9.25,9.3,9391,0
2017-04-12,16:35:00,9.3,9.35,9.3,9.3,7500,0
2017-04-12,16:40:00,9.3,9.325,9.25,9.25,20338,0
2017-04-12,16:45:00,9.2,9.25,9.175,9.2,7692,0
2017-04-12,16:50:00,9.2,9.2,9.1,9.15,9354,0
2017-04-12,16:55:00,9.175,9.2,9.125,9.175,3707,0
2017-04-12,17:00:00,9.175,9.2,9.1,9.15,13118,0
2017-04-12,17:05:00,9.125,9.2,9.105,9.15,19799,0
2017-04-12,17:10:00,9.125,9.15,9.125,9.15,4300,0
2017-04-12,17:15:00,9.125,9.15,9.05,9.125,16171,0
2017-04-12,17:20:00,9.1,9.15,9.05,9.1,10641,0
2017-04-12,17:25:00,9.1,9.1019,9.1,9.1,6504,0
2017-04-12,17:30:00,9.075,9.125,9.075,9.1,6061,0
2017-04-12,17:35:00,9.075,9.15,9.075,9.1,9814,0
2017-04-12,17:40:00,9.1,9.1,9,9.1,17468,0
2017-04-12,17:45:00,9.1,9.1,9.1,9.1,100,0
2017-04-12,17:50:00,9.075,9.1,9.0691,9.075,6115,0
2017-04-12,17:55:00,9.09,9.09,8.975,9,38385,0
2017-04-12,18:00:00,9,9.05,8.975,8.975,35965,0
2017-04-12,18:05:00,9,9.05,8.975,9.03,27284,0
2017-04-12,18:10:00,9.0331,9.0331,9.0331,9.0331,100,0
2017-04-12,18:15:00,9.025,9.05,9,9.05,12663,0
2017-04-12,18:20:00,9.075,9.075,9.025,9.05,9705,0
2017-04-12,18:25:00,9.05,9.075,9,9.025,13813,0
2017-04-12,18:30:00,9,9.025,9,9.025,9920,0
2017-04-12,18:35:00,9,9.025,9,9.025,3200,0
2017-04-12,18:40:00,9,9.045,8.95,8.95,11422,0
2017-04-12,18:45:00,8.975,8.975,8.95,8.95,6546,0
2017-04-12,18:50:00,8.975,8.975,8.96,8.96,850,0
2017-04-12,18:55:00,8.975,9,8.9,8.9,34133,0
2017-04-12,19:00:00,8.9,8.9311,8.9,8.919,2455,0
2017-04-12,19:05:00,8.9,8.995,8.9,8.995,23422,0
2017-04-12,19:10:00,8.95,8.982,8.9,8.96,21080,0
2017-04-12,19:15:00,8.95,8.9828,8.95,8.9828,900,0
2017-04-12,19:20:00,8.975,9,8.975,9,22660,0
2017-04-12,19:25:00,9,9.025,8.975,9,16244,0
2017-04-12,19:30:00,8.995,9.025,8.975,9.025,12864,0
2017-04-12,19:40:00,9,9.025,9,9.025,200,0
2017-04-12,19:45:00,9.05,9.05,9.025,9.05,11730,0
2017-04-12,19:50:00,9.05,9.1,9,9,14166,0
2017-04-12,19:55:00,9,9,9,9,300,0
2017-04-12,20:00:00,9.05,9.05,9.025,9.05,3004,0
2017-04-12,20:05:00,9.05,9.1,9.05,9.1,3541,0
2017-04-12,20:10:00,9.06,9.15,9.06,9.075,12418,0
2017-04-12,20:15:00,9.1,9.1,9.075,9.08,300,0
2017-04-12,20:20:00,9.0846,9.0846,9.075,9.0832,3200,0
2017-04-12,20:25:00,9.05,9.075,8.95,9.025,264016,0
2017-04-12,20:30:00,9,9.05,9,9.05,12888,0
2017-04-12,20:35:00,9,9.05,9,9.025,1385,0
2017-04-12,20:40:00,9,9.05,9,9,6414,0
2017-04-12,20:45:00,9,9,8.925,8.925,16980,0
2017-04-12,20:50:00,8.925,8.925,8.495,8.75,161535,0
2017-04-12,20:55:00,8.75,8.8,8.75,8.8,6399,0
2017-04-12,21:00:00,8.8,8.85,8.7702,8.825,11934,0
2017-04-12,21:05:00,8.825,8.85,8.8,8.825,7199,0
2017-04-12,21:10:00,8.825,8.85,8.8,8.8,12123,0
2017-04-12,21:15:00,8.825,8.85,8.75,8.75,23426,0
2017-04-12,21:20:00,8.775,8.8,8.75,8.775,3209,0
2017-04-12,21:25:00,8.75,8.782,8.75,8.782,4631,0
2017-04-12,21:30:00,8.8,8.8,8.775,8.775,3000,0
2017-04-12,21:35:00,8.8,8.85,8.7749,8.8,16645,0
2017-04-12,21:40:00,8.85,8.85,8.85,8.85,1800,0
2017-04-12,21:45:00,8.85,8.85,8.805,8.85,6315,0
2017-04-12,21:50:00,8.85,8.9,8.8403,8.9,11283,0
2017-04-12,21:55:00,8.9,8.9,8.855,8.9,25514,0
2017-04-12,22:00:00,8.9,8.9,8.8,8.8,80534,0
2017-04-13,15:35:00,8.85,8.85,8.745,8.766,15602,0
2017-04-13,15:40:00,8.825,8.9,8.825,8.9,9331,0
2017-04-13,15:45:00,8.945,8.95,8.9,8.925,29975,0
2017-04-13,15:50:00,8.9,8.9,8.875,8.875,6528,0
2017-04-13,15:55:00,8.875,8.9447,8.875,8.925,2400,0
2017-04-13,16:00:00,8.925,9,8.9,9,3000,0
2017-04-13,16:05:00,9,9.05,9,9.05,1300,0
2017-04-13,16:10:00,9,9,8.975,9,800,0
2017-04-13,16:15:00,9,9,8.9,8.95,2054,0
2017-04-13,16:20:00,8.9,8.94,8.85,8.85,3700,0
2017-04-13,16:25:00,8.85,8.875,8.825,8.85,7100,0
2017-04-13,16:30:00,8.825,8.85,8.8,8.85,1700,0
2017-04-13,16:35:00,8.805,8.875,8.805,8.875,12901,0
2017-04-13,16:40:00,8.875,8.9,8.8,8.825,9859,0
2017-04-13,16:45:00,8.825,8.825,8.75,8.8,9559,0
2017-04-13,16:50:00,8.825,8.825,8.8,8.8,200,0
2017-04-13,16:55:00,8.825,8.825,8.8,8.825,2272,0
2017-04-13,17:00:00,8.8,8.825,8.8,8.825,500,0
2017-04-13,17:05:00,8.825,8.825,8.8,8.8,300,0
2017-04-13,17:10:00,8.825,8.825,8.8,8.8,2072,0
2017-04-13,17:15:00,8.8,8.825,8.8,8.8,1400,0
2017-04-13,17:20:00,8.8,8.85,8.775,8.8,16729,0
2017-04-13,17:25:00,8.775,8.775,8.75,8.775,6650,0
2017-04-13,17:30:00,8.775,8.775,8.768,8.768,985,0
2017-04-13,17:35:00,8.8,8.8,8.75,8.7732,3495,0
2017-04-13,17:40:00,8.8,8.85,8.7,8.725,10409,0
2017-04-13,17:45:00,8.725,8.725,8.7,8.725,2218,0
2017-04-13,17:50:00,8.725,8.8,8.725,8.8,6847,0
2017-04-13,17:55:00,8.8,8.8,8.775,8.8,2400,0
2017-04-13,18:00:00,8.8,8.85,8.75,8.85,19606,0
2017-04-13,18:05:00,8.825,8.85,8.825,8.85,400,0
2017-04-13,18:10:00,8.825,8.825,8.75,8.75,4366,0
2017-04-13,18:15:00,8.775,8.8,8.75,8.8,4400,0
2017-04-13,18:20:00,8.78,8.8,8.78,8.8,230,0
2017-04-13,18:25:00,8.775,8.8,8.755,8.775,1800,0
2017-04-13,18:30:00,8.8,8.8,8.77,8.77,494,0
2017-04-13,18:35:00,8.775,8.8,8.775,8.775,4560,0
2017-04-13,18:40:00,8.8,8.85,8.8,8.8,10834,0
2017-04-13,18:45:00,8.825,8.825,8.8,8.8,200,0
2017-04-13,18:50:00,8.825,8.825,8.775,8.8,923,0
2017-04-13,18:55:00,8.75,8.775,8.725,8.775,14536,0
2017-04-13,19:00:00,8.75,8.775,8.725,8.775,2235,0
2017-04-13,19:05:00,8.75,8.75,8.65,8.65,16446,0
2017-04-13,19:10:00,8.686,8.7,8.65,8.7,7025,0
2017-04-13,19:15:00,8.6771,8.7,8.65,8.7,1643,0
2017-04-13,19:20:00,8.675,8.7,8.675,8.675,800,0
2017-04-13,19:25:00,8.675,8.675,8.668,8.675,600,0
2017-04-13,19:30:00,8.68,8.68,8.675,8.675,218,0
2017-04-13,19:35:00,8.6825,8.7,8.675,8.7,715,0
2017-04-13,19:40:00,8.7,8.7,8.65,8.7,3820,0
2017-04-13,19:45:00,8.675,8.7,8.65,8.65,12231,0
2017-04-13,19:50:00,8.65,8.65,8.6,8.625,7319,0
2017-04-13,19:55:00,8.65,8.65,8.55,8.575,23061,0
2017-04-13,20:00:00,8.575,8.575,8.55,8.55,36450,0
2017-04-13,20:05:00,8.575,8.6,8.575,8.575,1000,0
2017-04-13,20:10:00,8.56,8.65,8.56,8.6,11798,0
2017-04-13,20:15:00,8.64,8.65,8.625,8.65,720,0
2017-04-13,20:20:00,8.625,8.65,8.625,8.625,1900,0
2017-04-13,20:25:00,8.625,8.65,8.625,8.65,200,0
2017-04-13,20:30:00,8.6,8.65,8.5,8.5,32567,0
2017-04-13,20:35:00,8.5346,8.55,8.5,8.55,10080,0
2017-04-13,20:40:00,8.55,8.55,8.525,8.525,300,0
2017-04-13,20:45:00,8.55,8.65,8.55,8.6,12518,0
2017-04-13,20:50:00,8.6,8.6,8.575,8.575,300,0
2017-04-13,20:55:00,8.6,8.625,8.55,8.55,6450,0
2017-04-13,21:00:00,8.5755,8.6,8.55,8.55,4627,0
2017-04-13,21:05:00,8.575,8.6,8.575,8.6,2100,0
2017-04-13,21:10:00,8.575,8.6,8.575,8.6,600,0
2017-04-13,21:15:00,8.55,8.575,8.55,8.55,2600,0
2017-04-13,21:20:00,8.575,8.575,8.575,8.575,300,0
2017-04-13,21:25:00,8.575,8.575,8.55,8.575,900,0
2017-04-13,21:30:00,8.575,8.6,8.55,8.6,2700,0
2017-04-13,21:35:00,8.6,8.6,8.55,8.575,3400,0
2017-04-13,21:40:00,8.6,8.6,8.55,8.6,4800,0
2017-04-13,21:45:00,8.575,8.6,8.5,8.525,33000,0
2017-04-13,21:50:00,8.525,8.55,8.5,8.55,6782,0
2017-04-13,21:55:00,8.55,8.55,8.5,8.55,13844,0
2017-04-13,22:00:00,8.55,8.55,8.5,8.5,63384,0
2017-04-17,15:35:00,8.6,8.6,8.55,8.55,22815,0
2017-04-17,15:40:00,8.5,8.5,8.35,8.35,20725,0
2017-04-17,15:45:00,8.375,8.375,8.325,8.35,6766,0
2017-04-17,15:50:00,8.4,8.4315,8.35,8.35,12496,0
2017-04-17,15:55:00,8.375,8.45,8.375,8.375,15962,0
2017-04-17,16:00:00,8.4,8.4,8.35,8.36,3061,0
2017-04-17,16:05:00,8.375,8.375,8.3,8.3,19530,0
2017-04-17,16:10:00,8.3,8.325,8.3,8.325,4371,0
2017-04-17,16:15:00,8.325,8.3277,8.3,8.3,4520,0
2017-04-17,16:20:00,8.3223,8.35,8.3,8.325,8700,0
2017-04-17,16:25:00,8.325,8.325,8.2,8.3,37979,0
2017-04-17,16:30:00,8.2752,8.2785,8.25,8.25,1150,0
2017-04-17,16:35:00,8.275,8.3,8.25,8.275,3810,0
2017-04-17,16:40:00,8.25,8.3,8.2,8.2,15786,0
2017-04-17,16:45:00,8.225,8.225,8.2,8.212,8504,0
2017-04-17,16:50:00,8.2,8.225,8.2,8.2,4100,0
2017-04-17,16:55:00,8.225,8.2252,8.15,8.15,17548,0
2017-04-17,17:00:00,8.175,8.25,8.15,8.2,26400,0
2017-04-17,17:05:00,8.2,8.275,8.2,8.2748,19314,0
2017-04-17,17:10:00,8.29,8.3,8.25,8.25,3930,0
2017-04-17,17:15:00,8.3,8.35,8.275,8.325,14625,0
2017-04-17,17:20:00,8.3,8.325,8.3,8.3,2700,0
2017-04-17,17:25:00,8.3,8.325,8.25,8.25,4850,0
2017-04-17,17:30:00,8.282,8.4,8.25,8.35,23825,0
2017-04-17,17:35:00,8.35,8.4,8.325,8.38,10927,0
2017-04-17,17:40:00,8.375,8.4,8.375,8.375,1100,0
2017-04-17,17:45:00,8.3755,8.4,8.35,8.35,1675,0
2017-04-17,17:50:00,8.35,8.4,8.3,8.3,11996,0
2017-04-17,17:55:00,8.3,8.325,8.275,8.3,6071,0
2017-04-17,18:00:00,8.3,8.34,8.275,8.3,6500,0
2017-04-17,18:05:00,8.3,8.345,8.3,8.3,1500,0
2017-04-17,18:10:00,8.3,8.3309,8.3,8.3,8082,0
2017-04-17,18:15:00,8.3,8.3349,8.3,8.3,2064,0
2017-04-17,18:20:00,8.3,8.33,8.3,8.3,2900,0
2017-04-17,18:25:00,8.3,8.325,8.3,8.3,13450,0
2017-04-17,18:30:00,8.325,8.325,8.3,8.3,1000,0
2017-04-17,18:35:00,8.3,8.325,8.3,8.3,3000,0
2017-04-17,18:40:00,8.3,8.325,8.3,8.3,1600,0
2017-04-17,18:45:00,8.3,8.325,8.225,8.3,41913,0
2017-04-17,18:50:00,8.275,8.3,8.275,8.3,1770,0
2017-04-17,18:55:00,8.3,8.35,8.275,8.345,9351,0
2017-04-17,19:00:00,8.325,8.35,8.3241,8.325,1400,0
2017-04-17,19:05:00,8.325,8.35,8.25,8.275,3580,0
2017-04-17,19:10:00,8.275,8.2762,8.25,8.25,2100,0
2017-04-17,19:15:00,8.25,8.3,8.25,8.26,2927,0
2017-04-17,19:20:00,8.25,8.275,8.25,8.25,1000,0
2017-04-17,19:25:00,8.25,8.275,8.25,8.25,3218,0
2017-04-17,19:30:00,8.25,8.2755,8.25,8.25,2900,0
2017-04-17,19:35:00,8.275,8.275,8.25,8.25,527,0
2017-04-17,19:40:00,8.25,8.275,8.25,8.25,4727,0
2017-04-17,19:45:00,8.275,8.28,8.25,8.28,1900,0
2017-04-17,19:50:00,8.25,8.3,8.25,8.3,2500,0
2017-04-17,19:55:00,8.25,8.3,8.25,8.25,7998,0
2017-04-17,20:00:00,8.25,8.275,8.2,8.2182,35398,0
2017-04-17,20:05:00,8.2,8.25,8.2,8.2,1500,0
2017-04-17,20:10:00,8.2,8.25,8.2,8.25,6650,0
2017-04-17,20:15:00,8.225,8.25,8.2,8.2,1300,0
2017-04-17,20:20:00,8.2,8.3,8.2,8.275,16375,0
2017-04-17,20:25:00,8.275,8.29,8.25,8.25,3115,0
2017-04-17,20:30:00,8.275,8.275,8.2,8.2,3874,0
2017-04-17,20:35:00,8.2,8.2,8.2,8.2,2000,0
2017-04-17,20:40:00,8.2,8.225,8.2,8.225,3800,0
2017-04-17,20:45:00,8.225,8.3,8.2,8.25,24477,0
2017-04-17,20:50:00,8.275,8.275,8.25,8.25,1321,0
2017-04-17,20:55:00,8.25,8.2731,8.2,8.225,11580,0
2017-04-17,21:00:00,8.25,8.275,8.2,8.25,10904,0
2017-04-17,21:05:00,8.25,8.29,8.221,8.275,9563,0
2017-04-17,21:10:00,8.3,8.35,8.25,8.33,5876,0
2017-04-17,21:15:00,8.35,8.35,8.3,8.3,1000,0
2017-04-17,21:20:00,8.325,8.35,8.275,8.3,25840,0
2017-04-17,21:25:00,8.3,8.325,8.26,8.3,56056,0
2017-04-17,21:30:00,8.3,8.355,8.3,8.35,21852,0
2017-04-17,21:35:00,8.375,8.4,8.35,8.375,5725,0
2017-04-17,21:40:00,8.375,8.4,8.375,8.375,2100,0
2017-04-17,21:45:00,8.375,8.4,8.35,8.4,4751,0
2017-04-17,21:50:00,8.4,8.45,8.35,8.45,15839,0
2017-04-17,21:55:00,8.425,8.45,8.425,8.425,7010,0
2017-04-17,22:00:00,8.425,8.45,8.3,8.35,160646,0
2017-04-18,15:35:00,8.1,8.15,8.05,8.15,102008,0
2017-04-18,15:40:00,8.15,8.15,8.1,8.1,21795,0
2017-04-18,15:45:00,8.15,8.15,8.125,8.125,4400,0
2017-04-18,15:50:00,8.1261,8.2,8.125,8.175,27544,0
2017-04-18,15:55:00,8.175,8.175,8.1,8.175,19156,0
2017-04-18,16:00:00,8.15,8.175,8.15,8.175,300,0
2017-04-18,16:05:00,8.175,8.225,8.125,8.125,25524,0
2017-04-18,16:10:00,8.1,8.15,8.1,8.15,4012,0
2017-04-18,16:15:00,8.12,8.125,7.95,7.975,54666,0
2017-04-18,16:20:00,7.95,8,7.95,7.96,20098,0
2017-04-18,16:25:00,7.975,8.05,7.975,8.025,20654,0
2017-04-18,16:30:00,8.025,8.05,8,8,3100,0
2017-04-18,16:35:00,8.025,8.025,7.9,7.9,34975,0
2017-04-18,16:40:00,7.925,8,7.9,8,19218,0
2017-04-18,16:45:00,8,8,7.95,7.99,19513,0
2017-04-18,16:50:00,8,8,7.975,7.9819,2400,0
2017-04-18,16:55:00,7.9501,8,7.9,7.925,34824,0
2017-04-18,17:00:00,7.9271,7.95,7.9,7.925,4889,0
2017-04-18,17:05:00,7.95,7.95,7.925,7.925,700,0
2017-04-18,17:10:00,7.9,7.95,7.85,7.875,19906,0
2017-04-18,17:15:00,7.85,7.875,7.85,7.85,1900,0
2017-04-18,17:20:00,7.85,7.875,7.8,7.875,30732,0
2017-04-18,17:25:00,7.89,8,7.85,8,29445,0
2017-04-18,17:30:00,7.95,8,7.925,7.9801,13803,0
2017-04-18,17:35:00,7.95,8.05,7.95,7.95,44414,0
2017-04-18,17:40:00,8,8,7.95,7.95,7408,0
2017-04-18,17:45:00,7.99,8,7.95,7.95,15837,0
2017-04-18,17:50:00,7.975,7.975,7.9,7.925,12715,0
2017-04-18,17:55:00,7.95,8,7.95,8,25557,0
2017-04-18,18:00:00,8,8,7.975,7.975,1400,0
2017-04-18,18:05:00,7.95,7.975,7.9,7.95,25520,0
2017-04-18,18:10:00,7.95,8,7.95,7.975,2600,0
2017-04-18,18:15:00,7.975,7.975,7.9,7.9,36041,0
2017-04-18,18:20:00,7.925,7.9318,7.9,7.925,1380,0
2017-04-18,18:25:00,7.925,7.9321,7.9,7.9,9400,0
2017-04-18,18:30:00,7.925,7.95,7.9,7.925,31220,0
2017-04-18,18:35:00,7.925,7.95,7.9005,7.9237,3500,0
2017-04-18,18:40:00,7.95,7.95,7.9,7.9,7250,0
2017-04-18,18:45:00,7.9,7.95,7.9,7.925,10941,0
2017-04-18,18:50:00,7.925,7.945,7.9,7.925,3100,0
2017-04-18,18:55:00,7.925,7.925,7.9,7.925,2100,0
2017-04-18,19:00:00,7.925,7.95,7.9,7.9,13373,0
2017-04-18,19:05:00,7.9,7.95,7.85,7.875,64741,0
2017-04-18,19:10:00,7.875,7.875,7.8749,7.8749,1400,0
2017-04-18,19:15:00,7.9,7.925,7.85,7.9,30674,0
2017-04-18,19:20:00,7.875,7.9,7.85,7.9,23800,0
2017-04-18,19:25:00,7.89,7.9,7.85,7.9,10282,0
2017-04-18,19:30:00,7.875,7.95,7.875,7.925,8200,0
2017-04-18,19:35:00,7.9,7.925,7.9,7.925,5800,0
2017-04-18,19:40:00,7.925,7.925,7.9,7.9247,5075,0
2017-04-18,19:45:00,7.9,7.95,7.9,7.95,5194,0
2017-04-18,19:50:00,7.925,7.925,7.85,7.9,9300,0
2017-04-18,19:55:00,7.875,7.875,7.875,7.875,1100,0
2017-04-18,20:00:00,7.9,7.9,7.85,7.875,33960,0
2017-04-18,20:05:00,7.87,8,7.87,7.95,36365,0
2017-04-18,20:10:00,7.95,8,7.95,7.975,8600,0
2017-04-18,20:15:00,7.975,7.975,7.9,7.905,9593,0
2017-04-18,20:20:00,7.925,7.9442,7.9,7.925,5400,0
2017-04-18,20:25:00,7.925,7.95,7.9,7.9,6940,0
2017-04-18,20:30:00,7.925,7.95,7.925,7.925,800,0
2017-04-18,20:35:00,7.925,7.95,7.9,7.95,4000,0
2017-04-18,20:40:00,7.925,7.95,7.9,7.9,1700,0
2017-04-18,20:45:00,7.925,7.925,7.85,7.9,22159,0
2017-04-18,20:50:00,7.9,7.9,7.87,7.9,22630,0
2017-04-18,20:55:00,7.875,7.95,7.85,7.925,27010,0
2017-04-18,21:00:00,7.9,7.925,7.9,7.9,40856,0
2017-04-18,21:05:00,7.925,7.925,7.9,7.925,4020,0
2017-04-18,21:10:00,7.9,7.925,7.85,7.875,15663,0
2017-04-18,21:15:00,7.875,7.9281,7.875,7.9281,15594,0
2017-04-18,21:20:00,7.925,7.925,7.86,7.875,26227,0
2017-04-18,21:25:00,7.9,7.9,7.875,7.9,3335,0
2017-04-18,21:30:00,7.8922,7.9,7.875,7.9,5168,0
2017-04-18,21:35:00,7.9,7.9,7.875,7.9,7231,0
2017-04-18,21:40:00,7.9,7.9,7.85,7.875,24981,0
2017-04-18,21:45:00,7.875,7.9,7.8,7.875,53951,0
2017-04-18,21:50:00,7.9,7.95,7.875,7.95,163553,0
2017-04-18,21:55:00,7.925,7.95,7.9,7.925,31213,0
2017-04-18,22:00:00,7.9,8,7.9,7.95,177294,0
2017-04-19,15:35:00,8.05,8.2,7.95,8.2,81728,0
2017-04-19,15:40:00,8.2,8.3,8.025,8.3,45424,0
2017-04-19,15:45:00,8.25,8.25,8.175,8.25,15736,0
2017-04-19,15:50:00,8.26,8.325,8.225,8.3,17939,0
2017-04-19,15:55:00,8.3,8.35,8.27,8.3,25968,0
2017-04-19,16:00:00,8.3,8.45,8.275,8.425,65720,0
2017-04-19,16:05:00,8.425,8.45,8.3165,8.45,44824,0
2017-04-19,16:10:00,8.4,8.425,8.3,8.35,9045,0
2017-04-19,16:15:00,8.325,8.35,8.325,8.35,7535,0
2017-04-19,16:20:00,8.325,8.4,8.325,8.375,12900,0
2017-04-19,16:25:00,8.375,8.425,8.375,8.375,43127,0
2017-04-19,16:30:00,8.375,8.45,8.35,8.425,16325,0
2017-04-19,16:35:00,8.45,8.5,8.4,8.5,27563,0
2017-04-19,16:40:00,8.475,8.5,8.4,8.4,23119,0
2017-04-19,16:45:00,8.425,8.425,8.35,8.4,12300,0
2017-04-19,16:50:00,8.375,8.4,8.35,8.4,3428,0
2017-04-19,16:55:00,8.4,8.4,8.375,8.375,8700,0
2017-04-19,17:00:00,8.375,8.4,8.25,8.275,28551,0
2017-04-19,17:05:00,8.275,8.3,8.275,8.275,3000,0
2017-04-19,17:10:00,8.3,8.3,8.25,8.275,13400,0
2017-04-19,17:15:00,8.25,8.275,8.15,8.1592,24477,0
2017-04-19,17:20:00,8.15,8.175,8.1,8.1,16612,0
2017-04-19,17:25:00,8.1,8.14,8.1,8.125,400,0
2017-04-19,17:30:00,8.1,8.125,8.05,8.1,26994,0
2017-04-19,17:35:00,8.125,8.15,8.1,8.1,4037,0
2017-04-19,17:40:00,8.15,8.15,8.1,8.1,5755,0
2017-04-19,17:45:00,8.125,8.15,8.1,8.125,700,0
2017-04-19,17:50:00,8.15,8.15,8.125,8.125,2530,0
2017-04-19,17:55:00,8.125,8.125,8,8,28953,0
2017-04-19,18:00:00,8,8.1,8,8.05,10600,0
2017-04-19,18:05:00,8.1,8.1,8.05,8.05,5900,0
2017-04-19,18:10:00,8.05,8.075,8,8,16729,0
2017-04-19,18:15:00,7.95,7.995,7.95,7.975,1700,0
2017-04-19,18:20:00,7.975,8,7.95,7.95,1100,0
2017-04-19,18:25:00,7.99,8,7.95,8,21319,0
2017-04-19,18:30:00,7.975,8,7.975,7.975,1600,0
2017-04-19,18:35:00,8,8,7.975,7.975,2163,0
2017-04-19,18:40:00,8,8,7.975,8,9482,0
2017-04-19,18:45:00,7.975,8,7.975,8,7737,0
2017-04-19,18:50:00,8,8,7.95,7.968,2800,0
2017-04-19,18:55:00,7.975,7.978,7.875,7.925,26654,0
2017-04-19,19:00:00,7.925,7.95,7.9,7.925,6400,0
2017-04-19,19:05:00,7.925,7.95,7.9,7.9,3800,0
2017-04-19,19:10:00,7.9,7.9321,7.9,7.925,2450,0
2017-04-19,19:15:00,7.925,7.95,7.85,7.9,20228,0
2017-04-19,19:20:00,7.9,7.95,7.9,7.9,3142,0
2017-04-19,19:25:00,7.9,8,7.9,7.95,24432,0
2017-04-19,19:30:00,7.95,7.95,7.9,7.925,20800,0
2017-04-19,19:35:00,7.9,7.925,7.9,7.925,10295,0
2017-04-19,19:40:00,7.9,7.925,7.85,7.85,19617,0
2017-04-19,19:45:00,7.875,7.9,7.85,7.9,5736,0
2017-04-19,19:50:00,7.875,7.9,7.85,7.875,4670,0
2017-04-19,19:55:00,7.875,7.95,7.875,7.95,9102,0
2017-04-19,20:00:00,7.925,7.95,7.9,7.925,2618,0
2017-04-19,20:05:00,7.925,7.95,7.85,7.875,10577,0
2017-04-19,20:10:00,7.875,7.9,7.825,7.825,29922,0
2017-04-19,20:15:00,7.825,7.85,7.8,7.825,6203,0
2017-04-19,20:20:00,7.825,7.85,7.8,7.825,5540,0
2017-04-19,20:25:00,7.825,7.85,7.8,7.825,11185,0
2017-04-19,20:30:00,7.85,7.85,7.75,7.775,31913,0
2017-04-19,20:35:00,7.75,7.8,7.75,7.8,6448,0
2017-04-19,20:40:00,7.775,7.85,7.775,7.85,14304,0
2017-04-19,20:45:00,7.85,7.85,7.75,7.75,27505,0
2017-04-19,20:50:00,7.75,7.8,7.75,7.75,3300,0
2017-04-19,20:55:00,7.8,7.8,7.7,7.7123,18547,0
2017-04-19,21:00:00,7.725,7.75,7.675,7.675,15385,0
2017-04-19,21:05:00,7.65,7.75,7.65,7.7295,53095,0
2017-04-19,21:10:00,7.7,7.75,7.7,7.75,4600,0
2017-04-19,21:15:00,7.75,7.75,7.7,7.725,5925,0
2017-04-19,21:20:00,7.725,7.7323,7.65,7.725,66003,0
2017-04-19,21:25:00,7.725,7.75,7.65,7.65,26028,0
2017-04-19,21:30:00,7.675,7.8,7.65,7.775,135709,0
2017-04-19,21:35:00,7.775,7.9,7.75,7.9,52595,0
2017-04-19,21:40:00,7.9,7.9,7.8,7.875,25752,0
2017-04-19,21:45:00,7.875,7.9,7.8,7.875,24386,0
2017-04-19,21:50:00,7.85,7.9,7.85,7.9,40955,0
2017-04-19,21:55:00,7.875,7.95,7.8718,7.9,60511,0
2017-04-19,22:00:00,7.9,7.95,7.85,7.85,112403,0
2017-04-20,15:35:00,7.55,7.8,7.35,7.675,123867,0
2017-04-20,15:40:00,7.6658,7.6658,7.5,7.55,55121,0
2017-04-20,15:45:00,7.55,7.6,7.45,7.5,76910,0
2017-04-20,15:50:00,7.5,7.5,7.4,7.4,35680,0
2017-04-20,15:55:00,7.4,7.525,7.4,7.5,41364,0
2017-04-20,16:00:00,7.525,7.75,7.5025,7.675,56574,0
2017-04-20,16:05:00,7.7,7.775,7.66,7.725,43982,0
2017-04-20,16:10:00,7.75,7.75,7.65,7.65,19984,0
2017-04-20,16:15:00,7.7,7.725,7.65,7.65,37891,0
2017-04-20,16:20:00,7.675,7.675,7.5,7.6,80816,0
2017-04-20,16:25:00,7.575,7.6,7.55,7.6,18684,0
2017-04-20,16:30:00,7.575,7.6,7.421,7.421,51718,0
2017-04-20,16:35:00,7.425,7.55,7.4,7.4,56503,0
2017-04-20,16:40:00,7.425,7.475,7.375,7.375,39750,0
2017-04-20,16:45:00,7.4,7.425,7.275,7.3788,41351,0
2017-04-20,16:50:00,7.4,7.4,7.35,7.4,9320,0
2017-04-20,16:55:00,7.4,7.425,7.35,7.4,11956,0
2017-04-20,17:00:00,7.4,7.4,7.35,7.4,7490,0
2017-04-20,17:05:00,7.4,7.45,7.3,7.425,33043,0
2017-04-20,17:10:00,7.425,7.425,7.375,7.375,23600,0
2017-04-20,17:15:00,7.375,7.5,7.35,7.5,61830,0
2017-04-20,17:20:00,7.5,7.85,7.45,7.71,220331,0
2017-04-20,17:25:00,7.7,7.86,7.7,7.775,142472,0
2017-04-20,17:30:00,7.775,7.85,7.75,7.8,39109,0
2017-04-20,17:35:00,7.85,7.905,7.775,7.875,32217,0
2017-04-20,17:40:00,7.85,7.9,7.75,7.76,50851,0
2017-04-20,17:45:00,7.8,7.9,7.7,7.75,97301,0
2017-04-20,17:50:00,7.75,7.85,7.736,7.75,48190,0
2017-04-20,17:55:00,7.75,7.85,7.7,7.775,54300,0
2017-04-20,18:00:00,7.775,7.8,7.675,7.742,31879,0
2017-04-20,18:05:00,7.7471,7.75,7.55,7.6,46977,0
2017-04-20,18:10:00,7.575,7.65,7.469,7.6,41261,0
2017-04-20,18:15:00,7.6233,7.671,7.55,7.6,29726,0
2017-04-20,18:20:00,7.6286,7.675,7.6,7.625,10593,0
2017-04-20,18:25:00,7.6,7.625,7.525,7.6,16154,0
2017-04-20,18:30:00,7.6,7.65,7.55,7.65,13606,0
2017-04-20,18:35:00,7.6,7.65,7.6,7.61,4900,0
2017-04-20,18:40:00,7.6,7.65,7.6,7.6,6080,0
2017-04-20,18:45:00,7.575,7.5837,7.55,7.575,7108,0
2017-04-20,18:50:00,7.575,7.675,7.55,7.65,20580,0
2017-04-20,18:55:00,7.625,7.7,7.6,7.6715,20122,0
2017-04-20,19:00:00,7.7,7.725,7.65,7.675,11715,0
2017-04-20,19:05:00,7.675,7.675,7.65,7.65,3260,0
2017-04-20,19:10:00,7.65,7.675,7.525,7.525,18867,0
2017-04-20,19:15:00,7.525,7.55,7.45,7.525,18900,0
2017-04-20,19:20:00,7.5,7.525,7.5,7.5,3200,0
2017-04-20,19:25:00,7.5,7.55,7.45,7.525,29084,0
2017-04-20,19:30:00,7.525,7.6,7.5,7.5,21437,0
2017-04-20,19:35:00,7.525,7.6,7.525,7.575,3800,0
2017-04-20,19:40:00,7.575,7.575,7.5,7.5,15422,0
2017-04-20,19:45:00,7.5,7.525,7.5,7.5,2000,0
2017-04-20,19:50:00,7.5,7.525,7.45,7.5,11300,0
2017-04-20,19:55:00,7.5,7.525,7.5,7.5,2000,0
2017-04-20,20:00:00,7.5,7.55,7.5,7.5,4129,0
2017-04-20,20:05:00,7.5,7.531,7.5,7.5,7333,0
2017-04-20,20:10:00,7.5,7.525,7.475,7.475,10033,0
2017-04-20,20:15:00,7.475,7.475,7.45,7.45,4710,0
2017-04-20,20:20:00,7.45,7.5,7.45,7.475,4149,0
2017-04-20,20:25:00,7.45,7.475,7.45,7.45,5842,0
2017-04-20,20:30:00,7.45,7.45,7.35,7.4,31530,0
2017-04-20,20:35:00,7.425,7.425,7.35,7.4,13677,0
2017-04-20,20:40:00,7.425,7.45,7.35,7.45,13045,0
2017-04-20,20:45:00,7.45,7.55,7.45,7.55,28878,0
2017-04-20,20:50:00,7.525,7.7,7.5,7.7,69267,0
2017-04-20,20:55:00,7.675,7.725,7.65,7.675,12448,0
2017-04-20,21:00:00,7.7,7.725,7.65,7.675,9933,0
2017-04-20,21:05:00,7.675,7.7,7.6,7.6,22202,0
2017-04-20,21:10:00,7.6,7.65,7.6,7.625,9734,0
2017-04-20,21:15:00,7.625,7.75,7.6,7.75,56064,0
2017-04-20,21:20:00,7.725,7.75,7.7,7.7,4610,0
2017-04-20,21:25:00,7.7175,7.7175,7.65,7.675,24200,0
2017-04-20,21:30:00,7.7,7.7,7.65,7.675,7313,0
2017-04-20,21:35:00,7.7,7.7,7.65,7.65,9008,0
2017-04-20,21:40:00,7.675,7.7,7.65,7.7,9078,0
2017-04-20,21:45:00,7.7,7.7,7.65,7.675,14565,0
2017-04-20,21:50:00,7.675,7.7,7.65,7.675,22478,0
2017-04-20,21:55:00,7.65,7.7,7.55,7.55,72614,0
2017-04-20,22:00:00,7.55,7.65,7.55,7.55,179222,0
2017-04-21,15:35:00,7.55,7.65,7.45,7.55,43028,0
2017-04-21,15:40:00,7.55,7.6,7.5,7.55,37274,0
2017-04-21,15:45:00,7.6,7.675,7.55,7.675,8197,0
2017-04-21,15:50:00,7.675,7.8,7.675,7.725,81408,0
2017-04-21,15:55:00,7.725,7.8,7.725,7.7795,19555,0
2017-04-21,16:00:00,7.775,7.825,7.75,7.825,18585,0
2017-04-21,16:05:00,7.825,7.85,7.775,7.8,23179,0
2017-04-21,16:10:00,7.775,7.8,7.75,7.75,500,0
2017-04-21,16:15:00,7.775,7.8,7.77,7.8,6241,0
2017-04-21,16:20:00,7.8,7.8,7.76,7.8,2400,0
2017-04-21,16:25:00,7.8,7.85,7.8,7.85,9322,0
2017-04-21,16:30:00,7.85,7.85,7.825,7.825,14800,0
2017-04-21,16:35:00,7.825,7.85,7.8,7.85,7670,0
2017-04-21,16:40:00,7.85,7.85,7.8,7.85,4800,0
2017-04-21,16:45:00,7.85,7.9,7.8178,7.9,15639,0
2017-04-21,16:50:00,7.879,8,7.879,7.99,34377,0
2017-04-21,16:55:00,8,8,7.975,7.9877,1747,0
2017-04-21,17:00:00,8,8,7.9,7.925,20458,0
2017-04-21,17:05:00,7.925,7.9419,7.9178,7.925,1600,0
2017-04-21,17:10:00,7.925,7.9321,7.85,7.86,8448,0
2017-04-21,17:15:00,7.86,7.875,7.8,7.825,13342,0
2017-04-21,17:20:00,7.85,7.9,7.8,7.825,14720,0
2017-04-21,17:25:00,7.825,7.85,7.8,7.825,3350,0
2017-04-21,17:30:00,7.825,7.85,7.725,7.75,32292,0
2017-04-21,17:35:00,7.75,7.775,7.725,7.75,30696,0
2017-04-21,17:40:00,7.75,7.8,7.725,7.8,14905,0
2017-04-21,17:45:00,7.75,7.775,7.725,7.75,77203,0
2017-04-21,17:50:00,7.75,7.775,7.7,7.725,4015,0
2017-04-21,17:55:00,7.75,7.775,7.7,7.75,15273,0
2017-04-21,18:00:00,7.75,7.8,7.75,7.775,20436,0
2017-04-21,18:05:00,7.775,7.8,7.7583,7.8,6200,0
2017-04-21,18:10:00,7.775,7.775,7.75,7.75,500,0
2017-04-21,18:15:00,7.775,7.775,7.75,7.75,600,0
2017-04-21,18:20:00,7.775,7.775,7.75,7.775,500,0
2017-04-21,18:25:00,7.775,7.8,7.75,7.775,6700,0
2017-04-21,18:30:00,7.775,7.8,7.75,7.75,2400,0
2017-04-21,18:35:00,7.775,7.775,7.7,7.7,24399,0
2017-04-21,18:40:00,7.71,7.75,7.7,7.75,9800,0
2017-04-21,18:45:00,7.75,7.8,7.7,7.75,10233,0
2017-04-21,18:50:00,7.775,7.8,7.7,7.725,10447,0
2017-04-21,18:55:00,7.7,7.8,7.7,7.7,9197,0
2017-04-21,19:00:00,7.75,7.8,7.725,7.725,11900,0
2017-04-21,19:05:00,7.7,7.75,7.675,7.7,20102,0
2017-04-21,19:10:00,7.7,7.725,7.675,7.7,12258,0
2017-04-21,19:15:00,7.7,7.7,7.65,7.7,1900,0
2017-04-21,19:20:00,7.7,7.7,7.55,7.55,38646,0
2017-04-21,19:25:00,7.6,7.65,7.575,7.65,12387,0
2017-04-21,19:30:00,7.625,7.625,7.625,7.625,900,0
2017-04-21,19:35:00,7.6,7.625,7.55,7.55,10245,0
2017-04-21,19:40:00,7.55,7.6,7.55,7.55,6700,0
2017-04-21,19:45:00,7.55,7.575,7.525,7.55,10353,0
2017-04-21,19:50:00,7.55,7.6,7.55,7.55,4800,0
2017-04-21,19:55:00,7.575,7.65,7.575,7.625,20436,0
2017-04-21,20:00:00,7.65,7.65,7.6,7.625,5100,0
2017-04-21,20:05:00,7.65,7.65,7.6,7.6076,402,0
2017-04-21,20:10:00,7.6,7.625,7.55,7.55,8020,0
2017-04-21,20:15:00,7.55,7.575,7.55,7.55,2300,0
2017-04-21,20:20:00,7.55,7.575,7.5,7.575,21117,0
2017-04-21,20:25:00,7.55,7.6,7.55,7.55,15776,0
2017-04-21,20:30:00,7.55,7.6,7.5,7.5,4304,0
2017-04-21,20:35:00,7.55,7.55,7.5,7.525,12778,0
2017-04-21,20:40:00,7.5,7.575,7.5,7.55,25451,0
2017-04-21,20:45:00,7.525,7.5325,7.5,7.5,6200,0
2017-04-21,20:50:00,7.55,7.575,7.5,7.575,18386,0
2017-04-21,20:55:00,7.575,7.575,7.55,7.55,2500,0
2017-04-21,21:00:00,7.55,7.6,7.55,7.575,3200,0
2017-04-21,21:05:00,7.55,7.6,7.5,7.5,36520,0
2017-04-21,21:10:00,7.5,7.525,7.5,7.525,6174,0
2017-04-21,21:15:00,7.525,7.575,7.5,7.575,18720,0
2017-04-21,21:20:00,7.575,7.575,7.5,7.525,23400,0
2017-04-21,21:25:00,7.5,7.55,7.5,7.525,8000,0
2017-04-21,21:30:00,7.5,7.55,7.5,7.525,31969,0
2017-04-21,21:35:00,7.55,7.55,7.45,7.45,38220,0
2017-04-21,21:40:00,7.475,7.5,7.45,7.475,7764,0
2017-04-21,21:45:00,7.45,7.4828,7.45,7.475,14046,0
2017-04-21,21:50:00,7.45,7.475,7.45,7.475,9052,0
2017-04-21,21:55:00,7.475,7.5,7.45,7.45,21007,0
2017-04-21,22:00:00,7.45,7.475,7.4,7.4,149043,0
2017-04-24,15:35:00,7.6,7.755,7.6,7.755,40823,0
2017-04-24,15:40:00,7.8,7.8,7.675,7.7,22837,0
2017-04-24,15:45:00,7.7,7.75,7.65,7.65,27919,0
2017-04-24,15:50:00,7.65,7.65,7.6,7.625,7600,0
2017-04-24,15:55:00,7.65,7.65,7.625,7.65,15100,0
2017-04-24,16:00:00,7.6,7.65,7.475,7.525,40173,0
2017-04-24,16:05:00,7.525,7.65,7.525,7.65,21494,0
2017-04-24,16:10:00,7.65,7.7,7.55,7.6,24345,0
2017-04-24,16:15:00,7.6,7.675,7.6,7.65,20250,0
2017-04-24,16:20:00,7.7,7.8353,7.7,7.725,42574,0
2017-04-24,16:25:00,7.725,7.725,7.65,7.675,9050,0
2017-04-24,16:30:00,7.65,7.675,7.6,7.675,24603,0
2017-04-24,16:35:00,7.675,7.7,7.6,7.6,8910,0
2017-04-24,16:40:00,7.6,7.65,7.6,7.625,1046,0
2017-04-24,16:45:00,7.625,7.625,7.55,7.575,13507,0
2017-04-24,16:50:00,7.575,7.6,7.55,7.6,1200,0
2017-04-24,16:55:00,7.575,7.6,7.55,7.6,6910,0
2017-04-24,17:00:00,7.6,7.65,7.6,7.625,24145,0
2017-04-24,17:05:00,7.65,7.65,7.6,7.625,9798,0
2017-04-24,17:10:00,7.625,7.75,7.625,7.7,39939,0
2017-04-24,17:15:00,7.675,7.675,7.6,7.625,27039,0
2017-04-24,17:20:00,7.625,7.625,7.6,7.625,1500,0
2017-04-24,17:25:00,7.625,7.65,7.6,7.625,15037,0
2017-04-24,17:30:00,7.65,7.65,7.6,7.625,1700,0
2017-04-24,17:35:00,7.625,7.65,7.625,7.625,740,0
2017-04-24,17:40:00,7.625,7.65,7.6,7.625,2000,0
2017-04-24,17:45:00,7.625,7.65,7.6,7.625,4200,0
2017-04-24,17:50:00,7.625,7.65,7.6,7.625,2800,0
2017-04-24,17:55:00,7.605,7.65,7.6,7.6,1200,0
2017-04-24,18:00:00,7.625,7.625,7.6,7.625,1150,0
2017-04-24,18:05:00,7.625,7.65,7.6,7.625,5802,0
2017-04-24,18:10:00,7.625,7.65,7.6,7.65,13700,0
2017-04-24,18:15:00,7.65,7.7,7.625,7.675,17609,0
2017-04-24,18:20:00,7.675,7.7,7.6,7.65,21944,0
2017-04-24,18:25:00,7.625,7.65,7.6,7.6,5200,0
2017-04-24,18:30:00,7.6,7.6325,7.6,7.6,1720,0
2017-04-24,18:35:00,7.625,7.625,7.6,7.625,600,0
2017-04-24,18:40:00,7.625,7.625,7.6,7.625,2656,0
2017-04-24,18:45:00,7.625,7.65,7.625,7.625,1142,0
2017-04-24,18:50:00,7.6,7.65,7.6,7.65,2289,0
2017-04-24,18:55:00,7.65,7.65,7.6,7.6,700,0
2017-04-24,19:00:00,7.65,7.65,7.6,7.625,1200,0
2017-04-24,19:05:00,7.6,7.65,7.6,7.65,8404,0
2017-04-24,19:10:00,7.65,7.65,7.625,7.65,900,0
2017-04-24,19:15:00,7.65,7.65,7.625,7.65,1620,0
2017-04-24,19:20:00,7.625,7.7,7.625,7.7,23779,0
2017-04-24,19:25:00,7.7,7.75,7.65,7.675,8874,0
2017-04-24,19:30:00,7.675,7.7,7.65,7.7,1800,0
2017-04-24,19:35:00,7.675,7.7,7.65,7.675,5800,0
2017-04-24,19:40:00,7.65,7.675,7.65,7.675,1500,0
2017-04-24,19:45:00,7.675,7.675,7.65,7.675,1400,0
2017-04-24,19:50:00,7.675,7.675,7.625,7.625,8443,0
2017-04-24,19:55:00,7.65,7.65,7.6,7.625,500,0
2017-04-24,20:00:00,7.65,7.65,7.6,7.6,1000,0
2017-04-24,20:05:00,7.625,7.7334,7.6,7.725,30046,0
2017-04-24,20:10:00,7.7,7.75,7.7,7.725,2900,0
2017-04-24,20:15:00,7.75,7.75,7.7,7.725,12900,0
2017-04-24,20:20:00,7.725,7.8,7.725,7.8,10852,0
2017-04-24,20:25:00,7.8,7.85,7.8,7.85,14537,0
2017-04-24,20:30:00,7.825,7.85,7.825,7.825,2746,0
2017-04-24,20:35:00,7.825,7.9,7.8,7.875,6746,0
2017-04-24,20:40:00,7.9,7.9,7.875,7.9,5089,0
2017-04-24,20:45:00,7.875,7.9,7.825,7.825,36846,0
2017-04-24,20:50:00,7.85,7.85,7.825,7.825,200,0
2017-04-24,20:55:00,7.85,7.85,7.8,7.85,1200,0
2017-04-24,21:00:00,7.825,7.875,7.8,7.825,25352,0
2017-04-24,21:05:00,7.825,7.825,7.75,7.775,11300,0
2017-04-24,21:10:00,7.775,7.8,7.775,7.8,2500,0
2017-04-24,21:15:00,7.8,7.8,7.775,7.8,2730,0
2017-04-24,21:20:00,7.8,7.8,7.775,7.8,2800,0
2017-04-24,21:25:00,7.775,7.8,7.775,7.775,6259,0
2017-04-24,21:30:00,7.775,7.8,7.7,7.725,27838,0
2017-04-24,21:35:00,7.725,7.75,7.7,7.7,7100,0
2017-04-24,21:40:00,7.725,7.725,7.65,7.675,22803,0
2017-04-24,21:45:00,7.675,7.7,7.65,7.65,10649,0
2017-04-24,21:50:00,7.675,7.7,7.65,7.675,18635,0
2017-04-24,21:55:00,7.675,7.7,7.6,7.6,69558,0
2017-04-24,22:00:00,7.6,7.65,7.6,7.6,133205,0
2017-04-25,15:35:00,7.25,7.45,7.1,7.38,125996,0
2017-04-25,15:40:00,7.35,7.5,7.3,7.4395,107751,0
2017-04-25,15:45:00,7.45,7.45,7.4,7.4,5649,0
2017-04-25,15:50:00,7.4,7.45,7.4,7.4,1370,0
2017-04-25,15:55:00,7.4,7.425,7.3,7.35,45081,0
2017-04-25,16:00:00,7.35,7.35,7.3,7.325,16974,0
2017-04-25,16:05:00,7.325,7.35,7.25,7.2741,23451,0
2017-04-25,16:10:00,7.275,7.3,7.25,7.275,12900,0
2017-04-25,16:15:00,7.25,7.325,7.25,7.3,36211,0
2017-04-25,16:20:00,7.3,7.375,7.3,7.316,44522,0
2017-04-25,16:25:00,7.3,7.35,7.3,7.325,9077,0
2017-04-25,16:30:00,7.325,7.35,7.3,7.325,5100,0
2017-04-25,16:35:00,7.325,7.35,7.3,7.325,4300,0
2017-04-25,16:40:00,7.325,7.4,7.325,7.35,16024,0
2017-04-25,16:45:00,7.35,7.375,7.325,7.325,14246,0
2017-04-25,16:50:00,7.3,7.4,7.3,7.3,21774,0
2017-04-25,16:55:00,7.3,7.325,7.3,7.3,11056,0
2017-04-25,17:00:00,7.3,7.375,7.275,7.329,19972,0
2017-04-25,17:05:00,7.35,7.35,7.325,7.35,2301,0
2017-04-25,17:10:00,7.35,7.4,7.35,7.375,9104,0
2017-04-25,17:15:00,7.375,7.525,7.35,7.5,42915,0
2017-04-25,17:20:00,7.55,7.55,7.4,7.4,19802,0
2017-04-25,17:25:00,7.425,7.425,7.4,7.4,7772,0
2017-04-25,17:30:00,7.4,7.475,7.4,7.425,9485,0
2017-04-25,17:35:00,7.45,7.5,7.45,7.45,22214,0
2017-04-25,17:40:00,7.475,7.475,7.4,7.425,8232,0
2017-04-25,17:45:00,7.425,7.45,7.4,7.425,1850,0
2017-04-25,17:50:00,7.425,7.45,7.4,7.425,3310,0
2017-04-25,17:55:00,7.425,7.45,7.4,7.45,10460,0
2017-04-25,18:00:00,7.45,7.5,7.4,7.5,20713,0
2017-04-25,18:05:00,7.45,7.6,7.45,7.45,40703,0
2017-04-25,18:10:00,7.5,7.5,7.475,7.5,2862,0
2017-04-25,18:15:00,7.475,7.5,7.4,7.475,42490,0
2017-04-25,18:20:00,7.475,7.475,7.45,7.45,300,0
2017-04-25,18:25:00,7.45,7.4795,7.45,7.45,1400,0
2017-04-25,18:30:00,7.5,7.5,7.45,7.45,700,0
2017-04-25,18:35:00,7.45,7.5,7.45,7.475,14700,0
2017-04-25,18:40:00,7.45,7.495,7.45,7.45,2000,0
2017-04-25,18:45:00,7.45,7.5,7.45,7.45,2260,0
2017-04-25,18:50:00,7.475,7.5,7.45,7.45,4633,0
2017-04-25,18:55:00,7.45,7.475,7.4,7.425,16470,0
2017-04-25,19:00:00,7.4,7.44,7.4,7.4,3689,0
2017-04-25,19:05:00,7.405,7.425,7.4,7.4,1167,0
2017-04-25,19:10:00,7.425,7.425,7.4,7.4,1428,0
2017-04-25,19:15:00,7.4,7.4259,7.4,7.4259,2800,0
2017-04-25,19:20:00,7.4,7.425,7.4,7.4,900,0
2017-04-25,19:25:00,7.4,7.425,7.4,7.4,900,0
2017-04-25,19:30:00,7.4297,7.4297,7.4,7.4,2300,0
2017-04-25,19:35:00,7.4,7.4,7.4,7.4,1300,0
2017-04-25,19:40:00,7.425,7.425,7.35,7.4,21847,0
2017-04-25,19:45:00,7.4,7.42,7.4,7.42,1187,0
2017-04-25,19:50:00,7.4,7.425,7.4,7.425,900,0
2017-04-25,19:55:00,7.4,7.425,7.4,7.4,600,0
2017-04-25,20:00:00,7.425,7.5,7.4,7.5,19570,0
2017-04-25,20:05:00,7.45,7.5,7.45,7.45,12317,0
2017-04-25,20:10:00,7.45,7.475,7.45,7.475,650,0
2017-04-25,20:15:00,7.475,7.6,7.475,7.55,31562,0
2017-04-25,20:20:00,7.55,7.6,7.5,7.5,15095,0
2017-04-25,20:25:00,7.55,7.55,7.5,7.5,300,0
2017-04-25,20:30:00,7.5,7.55,7.5,7.5,600,0
2017-04-25,20:35:00,7.5,7.55,7.5,7.55,3740,0
2017-04-25,20:40:00,7.5,7.5,7.5,7.5,1400,0
2017-04-25,20:45:00,7.5,7.525,7.5,7.5,1100,0
2017-04-25,20:50:00,7.5,7.525,7.5,7.5,900,0
2017-04-25,20:55:00,7.5,7.525,7.5,7.5,1600,0
2017-04-25,21:00:00,7.5,7.5,7.45,7.45,2100,0
2017-04-25,21:05:00,7.45,7.475,7.45,7.45,800,0
2017-04-25,21:10:00,7.455,7.5,7.45,7.5,1910,0
2017-04-25,21:15:00,7.45,7.475,7.45,7.45,2900,0
2017-04-25,21:20:00,7.475,7.475,7.45,7.475,6994,0
2017-04-25,21:25:00,7.45,7.525,7.45,7.525,15502,0
2017-04-25,21:30:00,7.5,7.525,7.45,7.5,15755,0
2017-04-25,21:35:00,7.5,7.55,7.475,7.475,18042,0
2017-04-25,21:40:00,7.475,7.5,7.45,7.45,3589,0
2017-04-25,21:45:00,7.475,7.5,7.45,7.5,3150,0
2017-04-25,21:50:00,7.475,7.5,7.45,7.45,6251,0
2017-04-25,21:55:00,7.45,7.5,7.45,7.475,9386,0
2017-04-25,22:00:00,7.5,7.5,7.45,7.5,49463,0
2017-04-26,15:35:00,7.45,7.55,7.4,7.525,18665,0
2017-04-26,15:40:00,7.5,7.5325,7.45,7.45,2680,0
2017-04-26,15:45:00,7.5,7.55,7.45,7.55,4900,0
2017-04-26,15:50:00,7.525,7.6,7.525,7.575,12352,0
2017-04-26,15:55:00,7.6,7.6,7.525,7.525,6300,0
2017-04-26,16:00:00,7.525,7.525,7.45,7.475,6500,0
2017-04-26,16:05:00,7.475,7.55,7.475,7.525,9429,0
2017-04-26,16:10:00,7.55,7.55,7.5,7.55,1420,0
2017-04-26,16:15:00,7.525,7.55,7.5,7.55,800,0
2017-04-26,16:20:00,7.525,7.55,7.5,7.525,2100,0
2017-04-26,16:25:00,7.55,7.6,7.5,7.575,9249,0
2017-04-26,16:30:00,7.6,7.65,7.575,7.65,4261,0
2017-04-26,16:35:00,7.625,7.7,7.575,7.625,14333,0
2017-04-26,16:40:00,7.625,7.65,7.6,7.625,2300,0
2017-04-26,16:45:00,7.625,7.7,7.625,7.7,6000,0
2017-04-26,16:50:00,7.7,7.725,7.675,7.71,5700,0
2017-04-26,16:55:00,7.725,7.75,7.65,7.75,15802,0
2017-04-26,17:00:00,7.725,7.75,7.7,7.725,1700,0
2017-04-26,17:05:00,7.7,7.8,7.7,7.775,8000,0
2017-04-26,17:10:00,7.8,7.8,7.7,7.7,15500,0
2017-04-26,17:15:00,7.725,7.75,7.7,7.75,1436,0
2017-04-26,17:20:00,7.725,7.75,7.675,7.7,9441,0
2017-04-26,17:25:00,7.7,7.8,7.7,7.8,13528,0
2017-04-26,17:30:00,7.8,7.85,7.8,7.85,9988,0
2017-04-26,17:35:00,7.825,7.85,7.775,7.825,10519,0
2017-04-26,17:40:00,7.8,7.825,7.75,7.8,8695,0
2017-04-26,17:45:00,7.775,7.8,7.75,7.75,8064,0
2017-04-26,17:50:00,7.7,7.75,7.7,7.725,7652,0
2017-04-26,17:55:00,7.7,7.725,7.65,7.675,6464,0
2017-04-26,18:00:00,7.7,7.75,7.7,7.75,9598,0
2017-04-26,18:05:00,7.725,7.75,7.7,7.7,3300,0
2017-04-26,18:10:00,7.74,7.75,7.725,7.75,1262,0
2017-04-26,18:15:00,7.75,7.75,7.725,7.725,1200,0
2017-04-26,18:20:00,7.75,7.75,7.725,7.725,2800,0
2017-04-26,18:25:00,7.75,7.75,7.7,7.725,1004,0
2017-04-26,18:30:00,7.725,7.75,7.7,7.725,2173,0
2017-04-26,18:35:00,7.7,7.725,7.65,7.675,11097,0
2017-04-26,18:40:00,7.6785,7.7,7.65,7.675,1400,0
2017-04-26,18:45:00,7.675,7.675,7.65,7.65,300,0
2017-04-26,18:50:00,7.65,7.7,7.65,7.65,2200,0
2017-04-26,18:55:00,7.7,7.7,7.7,7.7,400,0
2017-04-26,19:00:00,7.675,7.7,7.65,7.7,500,0
2017-04-26,19:05:00,7.675,7.7,7.65,7.65,1200,0
2017-04-26,19:10:00,7.65,7.675,7.65,7.675,1250,0
2017-04-26,19:15:00,7.7,7.7,7.65,7.675,1200,0
2017-04-26,19:20:00,7.65,7.7,7.65,7.65,1000,0
2017-04-26,19:25:00,7.675,7.7,7.675,7.675,900,0
2017-04-26,19:30:00,7.675,7.675,7.65,7.65,6586,0
2017-04-26,19:35:00,7.6,7.65,7.6,7.625,5282,0
2017-04-26,19:40:00,7.6,7.625,7.6,7.6,8900,0
2017-04-26,19:45:00,7.65,7.65,7.6,7.65,1300,0
2017-04-26,19:50:00,7.625,7.625,7.6,7.625,16682,0
2017-04-26,19:55:00,7.625,7.625,7.6,7.625,1184,0
2017-04-26,20:00:00,7.625,7.65,7.6,7.6,1100,0
2017-04-26,20:05:00,7.6,7.65,7.6,7.625,7589,0
2017-04-26,20:10:00,7.6,7.65,7.6,7.6,2900,0
2017-04-26,20:15:00,7.625,7.65,7.625,7.65,1050,0
2017-04-26,20:20:00,7.65,7.7,7.65,7.7,9221,0
2017-04-26,20:25:00,7.65,7.8,7.65,7.8,39117,0
2017-04-26,20:30:00,7.75,7.8,7.75,7.795,3750,0
2017-04-26,20:35:00,7.775,7.795,7.75,7.75,20664,0
2017-04-26,20:40:00,7.775,7.8,7.75,7.8,27613,0
2017-04-26,20:45:00,7.8,7.8,7.8,7.8,1478,0
2017-04-26,20:50:00,7.775,7.8,7.775,7.775,800,0
2017-04-26,20:55:00,7.8,7.8,7.755,7.775,1550,0
2017-04-26,21:00:00,7.8,7.825,7.775,7.775,5906,0
2017-04-26,21:05:00,7.8,7.8,7.75,7.8,400,0
2017-04-26,21:10:00,7.78,7.8,7.75,7.75,900,0
2017-04-26,21:15:00,7.76,7.8,7.75,7.75,1800,0
2017-04-26,21:20:00,7.75,7.8,7.75,7.75,1400,0
2017-04-26,21:25:00,7.775,7.8,7.7,7.725,10581,0
2017-04-26,21:30:00,7.7,7.75,7.7,7.725,2700,0
2017-04-26,21:35:00,7.725,7.75,7.7,7.725,3154,0
2017-04-26,21:40:00,7.7,7.75,7.7,7.75,3327,0
2017-04-26,21:45:00,7.7,7.75,7.65,7.75,37615,0
2017-04-26,21:50:00,7.7,7.75,7.65,7.75,36188,0
2017-04-26,21:55:00,7.725,7.75,7.7,7.7,8374,0
2017-04-26,22:00:00,7.7,7.725,7.5,7.6,366192,0
