Date,Time,Open,High,Low,Close,Volume,OpenInt
2017-02-27,15:35:00,9.643,9.643,9.643,9.643,280,0
2017-02-27,15:45:00,9.553,9.563,9.523,9.53,4921,0
2017-02-27,16:00:00,9.588,9.588,9.543,9.543,3004,0
2017-02-27,16:05:00,9.577,9.583,9.577,9.583,386,0
2017-02-27,16:45:00,9.543,9.56,9.543,9.56,301,0
2017-02-27,17:15:00,9.563,9.563,9.563,9.563,2871,0
2017-02-27,17:50:00,9.578,9.578,9.578,9.578,100,0
2017-02-27,18:30:00,9.579,9.579,9.579,9.579,1205,0
2017-02-27,19:35:00,9.592,9.593,9.578,9.593,4676,0
2017-02-27,19:40:00,9.603,9.603,9.603,9.603,602,0
2017-02-27,20:10:00,9.613,9.618,9.613,9.618,201,0
2017-02-27,20:50:00,9.613,9.618,9.613,9.618,3848,0
2017-02-27,21:10:00,9.613,9.618,9.613,9.618,1139,0
2017-02-27,21:20:00,9.611,9.611,9.611,9.611,301,0
2017-02-27,21:55:00,9.593,9.629,9.593,9.593,10081,0
2017-02-27,22:00:00,9.583,9.583,9.573,9.573,1205,0
2017-02-28,16:35:00,9.593,9.593,9.593,9.593,2963,0
2017-02-28,17:05:00,9.601,9.601,9.601,9.601,1554,0
2017-02-28,17:15:00,9.593,9.593,9.593,9.593,1707,0
2017-02-28,17:50:00,9.593,9.593,9.59,9.592,594,0
2017-02-28,18:05:00,9.589,9.589,9.589,9.589,201,0
2017-02-28,19:10:00,9.588,9.588,9.588,9.588,1005,0
2017-02-28,19:45:00,9.583,9.585,9.583,9.583,6927,0
2017-02-28,20:05:00,9.583,9.583,9.583,9.583,100,0
2017-02-28,20:30:00,9.583,9.583,9.583,9.583,8431,0
2017-02-28,21:20:00,9.583,9.583,9.583,9.583,100,0
2017-02-28,21:25:00,9.587,9.587,9.587,9.587,657,0
2017-02-28,21:35:00,9.583,9.583,9.583,9.583,100,0
2017-02-28,21:50:00,9.583,9.583,9.583,9.583,201,0
2017-02-28,22:00:00,9.583,9.583,9.583,9.583,201,0
2017-03-01,15:35:00,9.563,9.563,9.563,9.563,1222,0
2017-03-01,15:40:00,9.544,9.544,9.543,9.543,1205,0
2017-03-01,16:15:00,9.513,9.513,9.513,9.513,100,0
2017-03-01,16:25:00,9.533,9.563,9.523,9.523,4281,0
2017-03-01,16:30:00,9.538,9.538,9.538,9.538,546,0
2017-03-01,16:40:00,9.553,9.553,9.523,9.523,4281,0
2017-03-01,17:25:00,9.526,9.526,9.523,9.523,2770,0
2017-03-01,17:40:00,9.537,9.537,9.537,9.537,201,0
2017-03-01,18:50:00,9.553,9.553,9.553,9.553,276,0
2017-03-01,18:55:00,9.524,9.524,9.524,9.524,1004,0
2017-03-01,19:00:00,9.523,9.523,9.523,9.523,100,0
2017-03-01,19:25:00,9.523,9.523,9.523,9.523,100,0
2017-03-01,20:20:00,9.523,9.533,9.523,9.533,1675,0
2017-03-01,20:30:00,9.523,9.523,9.523,9.523,100,0
2017-03-01,21:05:00,9.523,9.553,9.523,9.547,495,0
2017-03-01,21:10:00,9.534,9.553,9.534,9.538,1801,0
2017-03-01,21:20:00,9.523,9.523,9.523,9.523,100,0
2017-03-01,21:35:00,9.513,9.513,9.513,9.513,100,0
2017-03-01,21:45:00,9.513,9.513,9.513,9.513,100,0
2017-03-01,21:50:00,9.533,9.545,9.533,9.545,1272,0
2017-03-01,22:00:00,9.513,9.513,9.513,9.513,100,0
2017-03-02,15:45:00,9.523,9.523,9.523,9.523,100,0
2017-03-02,15:50:00,9.513,9.513,9.513,9.513,1205,0
2017-03-02,15:55:00,9.4935,9.4935,9.4935,9.4935,100,0
2017-03-02,16:00:00,9.4985,9.4985,9.4866,9.4866,2322,0
2017-03-02,16:10:00,9.4836,9.4836,9.4836,9.4836,100,0
2017-03-02,16:15:00,9.513,9.513,9.513,9.513,502,0
2017-03-02,16:20:00,9.513,9.513,9.513,9.513,318,0
2017-03-02,16:25:00,9.513,9.513,9.513,9.513,100,0
2017-03-02,16:40:00,9.513,9.513,9.513,9.513,100,0
2017-03-02,16:55:00,9.513,9.513,9.513,9.513,100,0
2017-03-02,17:00:00,9.513,9.513,9.513,9.513,100,0
2017-03-02,17:10:00,9.4935,9.4935,9.4935,9.4935,100,0
2017-03-02,17:25:00,9.508,9.508,9.508,9.508,1659,0
2017-03-02,17:30:00,9.4935,9.4935,9.4935,9.4935,100,0
2017-03-02,18:05:00,9.506,9.506,9.4935,9.4935,3895,0
2017-03-02,18:10:00,9.4935,9.4935,9.4935,9.4935,100,0
2017-03-02,18:35:00,9.4935,9.4935,9.4935,9.4935,100,0
2017-03-02,18:50:00,9.4955,9.4955,9.4935,9.4935,2092,0
2017-03-02,19:00:00,9.4935,9.4935,9.4935,9.4935,100,0
2017-03-02,19:25:00,9.4836,9.4836,9.4836,9.4836,100,0
2017-03-02,19:40:00,9.4836,9.502,9.4836,9.4836,3846,0
2017-03-02,19:45:00,9.4836,9.4836,9.4836,9.4836,100,0
2017-03-02,20:10:00,9.4836,9.4836,9.4836,9.4836,100,0
2017-03-02,20:20:00,9.4836,9.491,9.4836,9.491,4124,0
2017-03-02,20:25:00,9.4949,9.4949,9.4935,9.4949,803,0
2017-03-02,20:30:00,9.4935,9.4935,9.4935,9.4935,201,0
2017-03-02,20:40:00,9.503,9.513,9.503,9.513,497,0
2017-03-02,20:45:00,9.503,9.503,9.503,9.503,1506,0
2017-03-02,20:50:00,9.4836,9.4836,9.4836,9.4836,100,0
2017-03-02,21:05:00,9.4836,9.4836,9.4836,9.4836,100,0
2017-03-02,21:20:00,9.4836,9.4836,9.4836,9.4836,100,0
2017-03-02,21:35:00,9.4836,9.4836,9.4836,9.4836,100,0
2017-03-02,21:40:00,9.4935,9.4935,9.4836,9.4836,201,0
2017-03-02,21:45:00,9.4836,9.503,9.4836,9.4836,1807,0
2017-03-02,21:55:00,9.4836,9.4836,9.4836,9.4836,201,0
2017-03-02,22:00:00,9.4836,9.4836,9.4836,9.4836,1636,0
2017-03-03,15:35:00,9.4736,9.4736,9.4736,9.4736,664,0
2017-03-03,16:45:00,9.4935,9.4935,9.4736,9.4736,1031,0
2017-03-03,16:50:00,9.4736,9.4736,9.4736,9.4736,2013,0
2017-03-03,17:35:00,9.4736,9.4736,9.4736,9.4736,2616,0
2017-03-03,17:40:00,9.4735,9.4735,9.4735,9.4735,267,0
2017-03-03,17:50:00,9.4736,9.4736,9.4735,9.4735,224,0
2017-03-03,17:55:00,9.4636,9.4636,9.4636,9.4636,1707,0
2017-03-03,18:00:00,9.4636,9.4637,9.4437,9.4437,11290,0
2017-03-03,18:35:00,9.4686,9.4686,9.4636,9.4686,703,0
2017-03-03,18:40:00,9.4736,9.4736,9.4636,9.4681,4378,0
2017-03-03,19:00:00,9.4636,9.4636,9.4636,9.4636,201,0
2017-03-03,19:15:00,9.4643,9.4643,9.4643,9.4643,201,0
2017-03-03,19:30:00,9.4636,9.4636,9.4636,9.4636,201,0
2017-03-03,20:00:00,9.4636,9.4636,9.4636,9.4636,100,0
2017-03-03,20:10:00,9.4636,9.4736,9.4636,9.4736,2171,0
2017-03-03,20:35:00,9.4736,9.4836,9.4637,9.4637,3382,0
2017-03-03,20:55:00,9.4636,9.4636,9.4636,9.4636,1292,0
2017-03-03,21:00:00,9.4636,9.4636,9.4636,9.4636,803,0
2017-03-03,21:30:00,9.4636,9.4636,9.4636,9.4636,100,0
2017-03-03,21:35:00,9.4636,9.4636,9.4537,9.4537,201,0
2017-03-03,21:45:00,9.4606,9.4606,9.4537,9.4537,1504,0
2017-03-03,21:55:00,9.4537,9.4685,9.4537,9.4685,602,0
2017-03-03,22:00:00,9.4537,9.4537,9.4537,9.4537,432,0
2017-03-06,15:35:00,9.4437,9.4437,9.4437,9.4437,310,0
2017-03-06,16:10:00,9.4735,9.4735,9.4735,9.4735,263,0
2017-03-06,16:15:00,9.4636,9.4636,9.4437,9.4437,4718,0
2017-03-06,16:30:00,9.4537,9.4537,9.4238,9.4238,9637,0
2017-03-06,16:50:00,9.4338,9.4338,9.4238,9.4238,2256,0
2017-03-06,17:10:00,9.4437,9.4437,9.4437,9.4437,1506,0
2017-03-06,17:30:00,9.4537,9.4537,9.4537,9.4537,301,0
2017-03-06,17:55:00,9.4636,9.503,9.4636,9.503,2212,0
2017-03-06,18:00:00,9.503,9.513,9.503,9.513,2309,0
2017-03-06,18:05:00,9.513,9.513,9.513,9.513,301,0
2017-03-06,18:10:00,9.503,9.513,9.503,9.513,803,0
2017-03-06,18:15:00,9.513,9.513,9.508,9.508,903,0
2017-03-06,18:20:00,9.508,9.513,9.503,9.503,3513,0
2017-03-06,18:25:00,9.503,9.513,9.503,9.503,3815,0
2017-03-06,18:30:00,9.503,9.513,9.503,9.513,4216,0
2017-03-06,18:45:00,9.4935,9.503,9.4935,9.503,502,0
2017-03-06,18:50:00,9.503,9.503,9.503,9.503,100,0
2017-03-06,18:55:00,9.503,9.513,9.503,9.513,4816,0
2017-03-06,19:00:00,9.503,9.503,9.503,9.503,2269,0
2017-03-06,19:05:00,9.513,9.513,9.513,9.513,2510,0
2017-03-06,19:10:00,9.521,9.521,9.512,9.512,1871,0
2017-03-06,19:40:00,9.503,9.503,9.503,9.503,100,0
2017-03-06,19:45:00,9.513,9.513,9.513,9.513,100,0
2017-03-06,20:05:00,9.504,9.504,9.504,9.504,637,0
2017-03-06,20:10:00,9.513,9.517,9.513,9.517,798,0
2017-03-06,20:20:00,9.523,9.533,9.513,9.513,3313,0
2017-03-06,20:40:00,9.533,9.533,9.523,9.523,1536,0
2017-03-06,21:25:00,9.531,9.531,9.513,9.513,1606,0
2017-03-06,22:00:00,9.513,9.513,9.513,9.513,1893,0
2017-03-07,16:35:00,9.4484,9.4484,9.4484,9.4484,301,0
2017-03-07,16:55:00,9.4547,9.4567,9.4537,9.4537,2522,0
2017-03-07,17:25:00,9.4597,9.4597,9.4537,9.4537,3217,0
2017-03-07,17:45:00,9.4537,9.4538,9.4338,9.4338,903,0
2017-03-07,17:50:00,9.4437,9.4437,9.4437,9.4437,2811,0
2017-03-07,17:55:00,9.4338,9.4338,9.4338,9.4338,402,0
2017-03-07,18:30:00,9.4437,9.4437,9.4437,9.4437,2710,0
2017-03-07,18:35:00,9.4437,9.4437,9.4437,9.4437,1440,0
2017-03-07,19:15:00,9.4606,9.4606,9.4606,9.4606,719,0
2017-03-07,20:10:00,9.4487,9.4487,9.4338,9.4338,3513,0
2017-03-07,20:25:00,9.4338,9.4537,9.4338,9.4537,1004,0
2017-03-07,20:30:00,9.4437,9.4437,9.4437,9.4437,721,0
2017-03-07,20:55:00,9.4597,9.4597,9.4597,9.4597,1032,0
2017-03-07,21:40:00,9.4387,9.4387,9.4238,9.4238,1104,0
2017-03-07,21:45:00,9.4424,9.4424,9.4238,9.4238,8371,0
2017-03-07,21:50:00,9.4238,9.4238,9.4238,9.4238,100,0
2017-03-07,22:00:00,9.4138,9.4138,9.4138,9.4138,100,0
2017-03-08,15:35:00,9.3939,9.3939,9.3939,9.3939,216,0
2017-03-08,15:40:00,9.4039,9.4039,9.4039,9.4039,100,0
2017-03-08,15:50:00,9.4039,9.4039,9.4039,9.4039,301,0
2017-03-08,16:00:00,9.4039,9.4049,9.3869,9.4049,3513,0
2017-03-08,16:05:00,9.3839,9.3989,9.3839,9.3839,301,0
2017-03-08,16:15:00,9.3939,9.3939,9.3839,9.3849,602,0
2017-03-08,16:20:00,9.3839,9.3839,9.3839,9.3839,602,0
2017-03-08,16:45:00,9.3939,9.3984,9.3839,9.3912,1907,0
2017-03-08,17:15:00,9.3839,9.3939,9.3839,9.3849,667,0
2017-03-08,17:35:00,9.3975,9.3975,9.3975,9.3975,1004,0
2017-03-08,18:15:00,9.4039,9.4039,9.4039,9.4039,301,0
2017-03-08,18:20:00,9.4039,9.4039,9.4039,9.4039,602,0
2017-03-08,18:25:00,9.4039,9.4138,9.4039,9.4138,1205,0
2017-03-08,18:30:00,9.4039,9.4039,9.4039,9.4039,201,0
2017-03-08,18:35:00,9.384,9.384,9.3839,9.384,3513,0
2017-03-08,19:10:00,9.3939,9.3939,9.374,9.374,2431,0
2017-03-08,19:45:00,9.374,9.374,9.374,9.374,4618,0
2017-03-08,19:55:00,9.4039,9.4238,9.4039,9.4039,1004,0
2017-03-08,20:00:00,9.421,9.421,9.4039,9.421,502,0
2017-03-08,20:15:00,9.4108,9.4108,9.4108,9.4108,2610,0
2017-03-08,21:05:00,9.374,9.374,9.364,9.3659,9045,0
2017-03-08,21:25:00,9.3894,9.3939,9.379,9.3939,1238,0
2017-03-08,21:50:00,9.3939,9.4039,9.3939,9.4039,301,0
2017-03-08,22:00:00,9.374,9.4238,9.374,9.4238,318,0
2017-03-09,15:35:00,9.4138,9.4138,9.4138,9.4138,431,0
2017-03-09,15:45:00,9.4138,9.4138,9.4138,9.4138,1091,0
2017-03-09,16:00:00,9.364,9.364,9.364,9.364,5812,0
2017-03-09,16:25:00,9.359,9.359,9.359,9.359,100,0
2017-03-09,17:05:00,9.359,9.359,9.3541,9.3549,703,0
2017-03-09,17:10:00,9.359,9.359,9.3541,9.3549,301,0
2017-03-09,17:30:00,9.3541,9.3569,9.3043,9.3043,4265,0
2017-03-09,18:25:00,9.3177,9.3177,9.3142,9.3142,286,0
2017-03-09,18:30:00,9.3199,9.3227,9.3142,9.3227,4417,0
2017-03-09,18:40:00,9.3163,9.3163,9.3142,9.3142,1104,0
2017-03-09,19:00:00,9.3242,9.3242,9.3192,9.3192,402,0
2017-03-09,19:55:00,9.3341,9.3341,9.3142,9.3242,903,0
2017-03-09,20:10:00,9.3341,9.3341,9.3341,9.3341,703,0
2017-03-09,20:15:00,9.3293,9.3293,9.3142,9.3142,749,0
2017-03-09,20:20:00,9.3142,9.3242,9.3142,9.3242,1506,0
2017-03-09,20:25:00,9.334,9.334,9.3142,9.3242,3413,0
2017-03-09,20:55:00,9.334,9.334,9.3142,9.3142,1907,0
2017-03-09,21:35:00,9.334,9.334,9.3142,9.3242,437,0
2017-03-09,21:45:00,9.3242,9.3242,9.3142,9.3142,853,0
2017-03-09,21:50:00,9.3441,9.3441,9.3142,9.3142,2811,0
2017-03-09,21:55:00,9.3292,9.3441,9.3292,9.3441,1123,0
2017-03-09,22:00:00,9.3242,9.4039,9.3242,9.4039,534,0
2017-03-10,15:35:00,9.4039,9.4039,9.364,9.3839,2568,0
2017-03-10,15:40:00,9.3939,9.3939,9.3839,9.3839,224,0
2017-03-10,15:45:00,9.364,9.374,9.364,9.374,8031,0
2017-03-10,15:50:00,9.3442,9.3442,9.3441,9.3441,11275,0
2017-03-10,16:05:00,9.3491,9.3491,9.3491,9.3491,201,0
2017-03-10,16:10:00,9.3451,9.3451,9.3451,9.3451,257,0
2017-03-10,16:25:00,9.3541,9.3541,9.354,9.354,6796,0
2017-03-10,16:30:00,9.3491,9.3839,9.3441,9.3441,6224,0
2017-03-10,16:40:00,9.3351,9.3351,9.3351,9.3351,1707,0
2017-03-10,16:55:00,9.3341,9.3341,9.3341,9.3341,100,0
2017-03-10,18:05:00,9.3341,9.3341,9.3341,9.3341,201,0
2017-03-10,18:10:00,9.3441,9.3541,9.3441,9.3541,2309,0
2017-03-10,18:20:00,9.3367,9.3367,9.3367,9.3367,2048,0
2017-03-10,18:30:00,9.3292,9.3292,9.3252,9.3252,3202,0
2017-03-10,18:40:00,9.3243,9.3243,9.3243,9.3243,1004,0
2017-03-10,18:50:00,9.3269,9.3269,9.3269,9.3269,1004,0
2017-03-10,19:10:00,9.3341,9.3341,9.3341,9.3341,502,0
2017-03-10,19:15:00,9.3341,9.3341,9.3341,9.3341,301,0
2017-03-10,20:15:00,9.3285,9.3285,9.3285,9.3285,703,0
2017-03-10,21:00:00,9.3331,9.3331,9.3292,9.3292,594,0
2017-03-10,21:05:00,9.3302,9.3302,9.3302,9.3302,1004,0
2017-03-10,21:15:00,9.3341,9.3541,9.3341,9.3541,201,0
2017-03-10,21:25:00,9.3541,9.3541,9.3541,9.3541,301,0
2017-03-10,21:30:00,9.3541,9.3541,9.3541,9.3541,1506,0
2017-03-10,21:35:00,9.3541,9.374,9.3541,9.374,2208,0
2017-03-10,21:40:00,9.3491,9.364,9.3491,9.363,602,0
2017-03-10,21:45:00,9.3541,9.3541,9.3541,9.3541,502,0
2017-03-10,22:00:00,9.3441,9.3441,9.3142,9.3142,664,0
2017-03-13,14:35:00,9.3142,9.3142,9.3142,9.3142,384,0
2017-03-13,14:40:00,9.3242,9.3242,9.3242,9.3242,100,0
2017-03-13,14:50:00,9.3341,9.3341,9.3341,9.3341,6525,0
2017-03-13,14:55:00,9.3341,9.3341,9.334,9.334,201,0
2017-03-13,15:00:00,9.3242,9.3242,9.3242,9.3242,100,0
2017-03-13,15:05:00,9.3242,9.3242,9.3242,9.3242,100,0
2017-03-13,15:10:00,9.3242,9.3242,9.3142,9.3142,201,0
2017-03-13,15:15:00,9.3242,9.3242,9.3242,9.3242,100,0
2017-03-13,15:20:00,9.3142,9.3142,9.3142,9.3142,100,0
2017-03-13,15:25:00,9.3142,9.3142,9.3142,9.3142,100,0
2017-03-13,15:30:00,9.3341,9.3341,9.3341,9.3341,301,0
2017-03-13,15:40:00,9.3142,9.3142,9.3142,9.3142,100,0
2017-03-13,15:45:00,9.3242,9.3242,9.3242,9.3242,100,0
2017-03-13,15:50:00,9.3242,9.3242,9.3242,9.3242,100,0
2017-03-13,15:55:00,9.3242,9.3242,9.3242,9.3242,100,0
2017-03-13,16:05:00,9.3242,9.3242,9.3242,9.3242,100,0
2017-03-13,16:10:00,9.3242,9.3242,9.3242,9.3242,100,0
2017-03-13,16:15:00,9.3242,9.3242,9.3242,9.3242,100,0
2017-03-13,16:20:00,9.3242,9.3242,9.3242,9.3242,100,0
2017-03-13,16:30:00,9.3242,9.3242,9.3242,9.3242,100,0
2017-03-13,16:35:00,9.3142,9.3142,9.3142,9.3142,100,0
2017-03-13,16:40:00,9.3142,9.3142,9.3142,9.3142,100,0
2017-03-13,16:45:00,9.3242,9.3242,9.3242,9.3242,402,0
2017-03-13,17:00:00,9.3152,9.3152,9.3142,9.3142,402,0
2017-03-13,17:05:00,9.3142,9.3142,9.3142,9.3142,100,0
2017-03-13,17:15:00,9.3142,9.3142,9.3142,9.3142,100,0
2017-03-13,17:20:00,9.3142,9.3142,9.3142,9.3142,100,0
2017-03-13,17:25:00,9.3142,9.3142,9.3142,9.3142,100,0
2017-03-13,17:30:00,9.3142,9.3142,9.3142,9.3142,100,0
2017-03-13,17:35:00,9.3142,9.3142,9.3142,9.3142,100,0
2017-03-13,17:45:00,9.3142,9.3142,9.3142,9.3142,100,0
2017-03-13,17:50:00,9.3142,9.3142,9.3142,9.3142,261,0
2017-03-13,17:55:00,9.3142,9.3142,9.3142,9.3142,201,0
2017-03-13,18:00:00,9.3142,9.3142,9.3142,9.3142,301,0
2017-03-13,18:05:00,9.3142,9.3142,9.3142,9.3142,100,0
2017-03-13,18:10:00,9.3142,9.3142,9.3142,9.3142,100,0
2017-03-13,18:20:00,9.3142,9.3142,9.3142,9.3142,201,0
2017-03-13,18:30:00,9.3142,9.3142,9.3142,9.3142,201,0
2017-03-13,18:40:00,9.3142,9.3142,9.3142,9.3142,402,0
2017-03-13,18:50:00,9.3142,9.3142,9.3142,9.3142,201,0
2017-03-13,19:00:00,9.3142,9.3142,9.3142,9.3142,201,0
2017-03-13,19:05:00,9.3142,9.3142,9.3043,9.3043,803,0
2017-03-13,19:15:00,9.3043,9.3043,9.2943,9.2943,1205,0
2017-03-13,19:20:00,9.3043,9.3043,9.3043,9.3043,1004,0
2017-03-13,19:25:00,9.2943,9.2943,9.2943,9.2943,201,0
2017-03-13,19:30:00,9.2953,9.2953,9.2953,9.2953,1004,0
2017-03-13,19:35:00,9.2943,9.2943,9.2943,9.2943,100,0
2017-03-13,19:40:00,9.2943,9.2943,9.2943,9.2943,100,0
2017-03-13,19:45:00,9.2943,9.2943,9.2943,9.2943,100,0
2017-03-13,19:50:00,9.2943,9.2943,9.2943,9.2943,100,0
2017-03-13,19:55:00,9.2943,9.2943,9.2943,9.2943,100,0
2017-03-13,20:00:00,9.2943,9.2943,9.2943,9.2943,100,0
2017-03-13,20:05:00,9.2943,9.2943,9.2943,9.2943,100,0
2017-03-13,20:10:00,9.2943,9.2943,9.2943,9.2943,100,0
2017-03-13,20:15:00,9.2943,9.2943,9.2943,9.2943,100,0
2017-03-13,20:20:00,9.2943,9.2953,9.2943,9.2943,444,0
2017-03-13,20:25:00,9.2943,9.2943,9.2943,9.2943,100,0
2017-03-13,20:30:00,9.2943,9.2943,9.2943,9.2943,100,0
2017-03-13,20:35:00,9.2943,9.3033,9.2943,9.3033,885,0
2017-03-13,20:40:00,9.2943,9.2943,9.2943,9.2943,100,0
2017-03-13,20:55:00,9.3033,9.3034,9.2943,9.3034,1656,0
2017-03-13,21:00:00,9.2943,9.3341,9.2943,9.3341,1143,0
2017-03-14,14:35:00,9.2843,9.2853,9.2843,9.2843,5490,0
2017-03-14,14:40:00,9.3092,9.3142,9.3092,9.3142,301,0
2017-03-14,14:50:00,9.2943,9.2943,9.2943,9.2943,201,0
2017-03-14,15:05:00,9.2909,9.2909,9.2909,9.2909,1004,0
2017-03-14,15:10:00,9.2943,9.3142,9.2943,9.3142,5923,0
2017-03-14,15:25:00,9.3013,9.3043,9.3013,9.3043,1807,0
2017-03-14,15:40:00,9.2943,9.2943,9.2943,9.2943,502,0
2017-03-14,16:00:00,9.2893,9.2893,9.2893,9.2893,100,0
2017-03-14,16:20:00,9.2853,9.2853,9.2843,9.2843,1004,0
2017-03-14,16:25:00,9.2843,9.2843,9.2843,9.2843,1004,0
2017-03-14,16:35:00,9.2943,9.3009,9.2943,9.3009,828,0
2017-03-14,16:40:00,9.3043,9.3043,9.3043,9.3043,201,0
2017-03-14,16:45:00,9.2965,9.2965,9.2965,9.2965,341,0
2017-03-14,16:50:00,9.3043,9.3043,9.3043,9.3043,1205,0
2017-03-14,16:55:00,9.3043,9.3043,9.3043,9.3043,201,0
2017-03-14,17:20:00,9.3043,9.3043,9.3043,9.3043,1004,0
2017-03-14,18:35:00,9.2943,9.2943,9.2943,9.2943,201,0
2017-03-14,18:40:00,9.2943,9.2943,9.2943,9.2943,602,0
2017-03-14,18:45:00,9.2943,9.2943,9.2943,9.2943,703,0
2017-03-14,18:55:00,9.3043,9.3043,9.3043,9.3043,100,0
2017-03-14,20:10:00,9.3043,9.3062,9.3043,9.3062,1004,0
2017-03-14,20:30:00,9.3043,9.3043,9.3043,9.3043,1004,0
2017-03-14,20:45:00,9.3052,9.3052,9.3043,9.3043,402,0
2017-03-14,20:50:00,9.3043,9.3043,9.2943,9.2943,2208,0
2017-03-14,20:55:00,9.2943,9.3082,9.2843,9.2843,4648,0
2017-03-14,21:00:00,9.2843,9.2843,9.2744,9.2744,330,0
2017-03-15,14:35:00,9.2943,9.3043,9.2943,9.3043,421,0
2017-03-15,15:10:00,9.2843,9.2893,9.2644,9.2893,9287,0
2017-03-15,15:15:00,9.2943,9.2943,9.2943,9.2943,100,0
2017-03-15,15:20:00,9.2943,9.2943,9.2943,9.2943,100,0
2017-03-15,15:25:00,9.2644,9.2644,9.2644,9.2644,100,0
2017-03-15,15:30:00,9.2843,9.2843,9.2843,9.2843,100,0
2017-03-15,15:35:00,9.2843,9.2943,9.2843,9.2943,201,0
2017-03-15,16:30:00,9.2943,9.2943,9.2943,9.2943,201,0
2017-03-15,17:05:00,9.2943,9.2943,9.2843,9.2843,1197,0
2017-03-15,18:20:00,9.2943,9.2943,9.2943,9.2943,201,0
2017-03-15,19:05:00,9.3042,9.3043,9.2943,9.3043,1483,0
2017-03-15,19:10:00,9.3142,9.3242,9.3142,9.3242,299,0
2017-03-15,19:45:00,9.3441,9.3634,9.3441,9.3634,2610,0
2017-03-15,19:50:00,9.3365,9.3365,9.3365,9.3365,1606,0
2017-03-15,20:05:00,9.374,9.374,9.374,9.374,100,0
2017-03-15,20:20:00,9.374,9.374,9.374,9.374,100,0
2017-03-15,20:35:00,9.3839,9.3839,9.3839,9.3839,100,0
2017-03-15,20:45:00,9.3839,9.3839,9.3839,9.3839,100,0
2017-03-15,20:55:00,9.3839,9.3839,9.3839,9.3839,100,0
2017-03-15,21:00:00,9.374,9.4138,9.374,9.4138,220,0
2017-03-16,14:35:00,9.3839,9.3839,9.3839,9.3839,354,0
2017-03-16,15:10:00,9.3441,9.3441,9.3341,9.3341,687,0
2017-03-16,15:15:00,9.3252,9.3252,9.3242,9.3242,598,0
2017-03-16,15:20:00,9.3242,9.3341,9.3242,9.3341,4417,0
2017-03-16,15:25:00,9.3142,9.3192,9.3142,9.3142,1874,0
2017-03-16,15:40:00,9.3142,9.3242,9.3142,9.3242,5622,0
2017-03-16,15:55:00,9.3242,9.3242,9.3242,9.3242,100,0
2017-03-16,16:10:00,9.3242,9.3242,9.3242,9.3242,100,0
2017-03-16,16:15:00,9.3541,9.3541,9.3541,9.3541,1807,0
2017-03-16,16:30:00,9.3242,9.3242,9.3242,9.3242,100,0
2017-03-16,17:05:00,9.3445,9.3445,9.3445,9.3445,803,0
2017-03-16,18:45:00,9.3441,9.3441,9.3441,9.3441,100,0
2017-03-16,18:50:00,9.3342,9.3342,9.3341,9.3341,1335,0
2017-03-16,19:10:00,9.3252,9.3441,9.3252,9.3441,602,0
2017-03-16,19:30:00,9.3382,9.3382,9.3382,9.3382,502,0
2017-03-16,19:35:00,9.3405,9.3405,9.3382,9.3382,1004,0
2017-03-16,19:40:00,9.3242,9.3382,9.3242,9.3283,1506,0
2017-03-16,19:45:00,9.3242,9.3276,9.3242,9.3276,867,0
2017-03-16,19:55:00,9.3341,9.3407,9.3341,9.3401,1154,0
2017-03-16,20:40:00,9.3491,9.361,9.3491,9.361,753,0
2017-03-16,21:00:00,9.3341,9.3341,9.3341,9.3341,332,0
2017-03-17,14:35:00,9.3341,9.3503,9.3341,9.3503,889,0
2017-03-17,14:50:00,9.3464,9.3464,9.3464,9.3464,2008,0
2017-03-17,15:10:00,9.3391,9.3441,9.3391,9.3441,201,0
2017-03-17,15:20:00,9.3441,9.3441,9.3441,9.3441,100,0
2017-03-17,15:35:00,9.3441,9.3441,9.3441,9.3441,100,0
2017-03-17,15:45:00,9.3341,9.3341,9.3341,9.3341,100,0
2017-03-17,16:10:00,9.3341,9.3341,9.3242,9.3311,1345,0
2017-03-17,16:15:00,9.3441,9.3441,9.3431,9.3441,1205,0
2017-03-17,16:20:00,9.3431,9.3441,9.3431,9.3441,703,0
2017-03-17,17:10:00,9.3441,9.3441,9.3441,9.3441,1247,0
2017-03-17,17:25:00,9.3351,9.3361,9.3351,9.3361,1907,0
2017-03-17,17:30:00,9.3491,9.3541,9.3491,9.3541,754,0
2017-03-17,17:40:00,9.374,9.374,9.3729,9.3729,201,0
2017-03-17,18:20:00,9.364,9.364,9.3462,9.3462,402,0
2017-03-17,19:05:00,9.3442,9.3442,9.3442,9.3442,1962,0
2017-03-17,19:35:00,9.3441,9.3441,9.3242,9.3242,4469,0
2017-03-17,19:50:00,9.3242,9.3242,9.3242,9.3242,100,0
2017-03-17,19:55:00,9.3441,9.3441,9.3441,9.3441,1305,0
2017-03-17,20:50:00,9.3443,9.3443,9.3443,9.3443,1104,0
2017-03-17,20:55:00,9.3398,9.3398,9.3398,9.3398,502,0
2017-03-17,21:00:00,9.3242,9.3242,9.3242,9.3242,126,0
2017-03-20,14:35:00,9.3341,9.3341,9.3341,9.3341,363,0
2017-03-20,15:20:00,9.374,9.374,9.374,9.374,100,0
2017-03-20,16:05:00,9.381,9.3831,9.381,9.3831,402,0
2017-03-20,16:25:00,9.3749,9.3749,9.3749,9.3749,100,0
2017-03-20,16:30:00,9.364,9.364,9.364,9.364,567,0
2017-03-20,17:35:00,9.3641,9.374,9.364,9.3641,3764,0
2017-03-20,18:25:00,9.374,9.374,9.374,9.374,1004,0
2017-03-20,19:00:00,9.3939,9.4238,9.3939,9.4138,10200,0
2017-03-20,19:05:00,9.4138,9.4138,9.4138,9.4138,652,0
2017-03-20,19:10:00,9.4138,9.4138,9.4138,9.4138,100,0
2017-03-20,19:30:00,9.4338,9.4636,9.4138,9.4138,5601,0
2017-03-20,19:35:00,9.4138,9.4537,9.4138,9.4537,803,0
2017-03-20,19:40:00,9.4138,9.4138,9.4138,9.4138,402,0
2017-03-20,19:45:00,9.4138,9.4138,9.4138,9.4138,502,0
2017-03-20,19:50:00,9.4537,9.4537,9.4138,9.4138,502,0
2017-03-20,19:55:00,9.4138,9.4138,9.4138,9.4138,402,0
2017-03-20,20:00:00,9.4138,9.4437,9.4138,9.4138,689,0
2017-03-20,20:05:00,9.4437,9.4437,9.4436,9.4436,251,0
2017-03-20,20:20:00,9.4437,9.4437,9.4437,9.4437,100,0
2017-03-20,20:40:00,9.4288,9.4437,9.4288,9.4437,1807,0
2017-03-20,20:45:00,9.4437,9.4437,9.4288,9.4313,1907,0
2017-03-20,20:50:00,9.4288,9.4537,9.4288,9.4537,1606,0
2017-03-20,21:00:00,9.4537,9.4537,9.4537,9.4537,223,0
2017-03-21,14:35:00,9.4537,9.4595,9.4483,9.4595,1707,0
2017-03-21,15:10:00,9.4259,9.4259,9.4259,9.4259,100,0
2017-03-21,15:45:00,9.4338,9.4338,9.4338,9.4338,301,0
2017-03-21,15:55:00,9.4337,9.4337,9.4336,9.4336,3012,0
2017-03-21,16:00:00,9.4238,9.4238,9.4238,9.4238,201,0
2017-03-21,17:40:00,9.4437,9.4437,9.4437,9.4437,1305,0
2017-03-21,18:55:00,9.4248,9.4248,9.4248,9.4248,157,0
2017-03-21,19:00:00,9.4437,9.4437,9.4413,9.4413,1355,0
2017-03-21,19:05:00,9.4238,9.4252,9.4238,9.4252,351,0
2017-03-21,19:10:00,9.441,9.441,9.4238,9.4246,753,0
2017-03-21,19:15:00,9.4249,9.4249,9.4238,9.4249,301,0
2017-03-21,19:20:00,9.4238,9.4238,9.4238,9.4238,100,0
2017-03-21,19:35:00,9.4423,9.4423,9.4423,9.4423,201,0
2017-03-21,19:40:00,9.4437,9.4437,9.4252,9.4252,5822,0
2017-03-21,19:50:00,9.4437,9.4437,9.4414,9.4414,903,0
2017-03-21,20:05:00,9.424,9.4635,9.424,9.4437,3140,0
2017-03-21,20:10:00,9.4527,9.4527,9.4527,9.4527,251,0
2017-03-21,20:15:00,9.4469,9.4537,9.4469,9.4537,837,0
2017-03-21,20:20:00,9.4635,9.4635,9.4635,9.4635,1506,0
2017-03-21,20:30:00,9.4537,9.4706,9.4537,9.4706,3714,0
2017-03-21,20:40:00,9.4587,9.4736,9.4587,9.4736,1405,0
2017-03-21,20:50:00,9.4537,9.4537,9.4239,9.4239,11498,0
2017-03-21,21:00:00,9.4736,9.4736,9.4736,9.4736,784,0
2017-03-22,14:35:00,9.44,9.44,9.44,9.44,1077,0
2017-03-22,14:40:00,9.465,9.485,9.465,9.485,1250,0
2017-03-22,15:00:00,9.44,9.44,9.44,9.44,1600,0
2017-03-22,15:05:00,9.4798,9.4798,9.4798,9.4798,2500,0
2017-03-22,15:15:00,9.492,9.492,9.492,9.492,400,0
2017-03-22,15:20:00,9.4999,9.4999,9.4999,9.4999,1500,0
2017-03-22,15:30:00,9.485,9.51,9.485,9.51,4900,0
2017-03-22,15:35:00,9.5047,9.5047,9.5047,9.5047,500,0
2017-03-22,16:00:00,9.5073,9.5073,9.5073,9.5073,300,0
2017-03-22,16:05:00,9.5081,9.5081,9.5081,9.5081,500,0
2017-03-22,16:10:00,9.5073,9.5073,9.5073,9.5073,300,0
2017-03-22,16:30:00,9.491,9.491,9.4907,9.4907,1200,0
2017-03-22,16:40:00,9.499,9.499,9.499,9.499,500,0
2017-03-22,16:45:00,9.499,9.499,9.4909,9.4909,742,0
2017-03-22,16:55:00,9.495,9.53,9.495,9.53,4399,0
2017-03-22,17:00:00,9.5299,9.5299,9.5299,9.5299,350,0
2017-03-22,17:40:00,9.5232,9.5232,9.5232,9.5232,400,0
2017-03-22,18:00:00,9.53,9.53,9.53,9.53,1400,0
2017-03-22,18:10:00,9.52,9.52,9.51,9.51,1187,0
2017-03-22,18:20:00,9.53,9.54,9.53,9.5325,1532,0
2017-03-22,19:15:00,9.515,9.515,9.515,9.515,200,0
2017-03-22,19:25:00,9.515,9.53,9.515,9.525,1450,0
2017-03-22,19:40:00,9.525,9.53,9.525,9.529,300,0
2017-03-22,19:45:00,9.52,9.52,9.52,9.52,100,0
2017-03-22,20:25:00,9.51,9.55,9.51,9.55,1983,0
2017-03-22,20:35:00,9.52,9.52,9.511,9.511,1630,0
2017-03-22,21:00:00,9.512,9.521,9.49,9.49,4814,0
2017-03-23,14:35:00,9.51,9.51,9.51,9.51,492,0
2017-03-23,15:10:00,9.4708,9.4708,9.4708,9.4708,1515,0
2017-03-23,15:20:00,9.495,9.495,9.495,9.495,100,0
2017-03-23,15:25:00,9.51,9.52,9.5,9.5035,6510,0
2017-03-23,15:30:00,9.51,9.51,9.51,9.51,1700,0
2017-03-23,15:35:00,9.51,9.51,9.51,9.51,700,0
2017-03-23,15:40:00,9.52,9.52,9.52,9.52,400,0
2017-03-23,15:45:00,9.51,9.52,9.51,9.52,800,0
2017-03-23,15:55:00,9.52,9.52,9.515,9.52,756,0
2017-03-23,16:25:00,9.518,9.518,9.518,9.518,300,0
2017-03-23,16:40:00,9.5198,9.5198,9.5198,9.5198,2500,0
2017-03-23,16:50:00,9.51,9.51,9.51,9.51,100,0
2017-03-23,16:55:00,9.51,9.51,9.5078,9.51,530,0
2017-03-23,17:40:00,9.5,9.5,9.5,9.5,100,0
2017-03-23,17:45:00,9.51,9.51,9.5093,9.5093,2500,0
2017-03-23,18:20:00,9.5,9.5,9.5,9.5,100,0
2017-03-23,18:30:00,9.5,9.5,9.5,9.5,1300,0
2017-03-23,19:50:00,9.4901,9.4901,9.4901,9.4901,1000,0
2017-03-23,20:25:00,9.495,9.51,9.495,9.5096,5400,0
2017-03-23,20:50:00,9.5,9.5,9.5,9.5,100,0
2017-03-23,21:00:00,9.53,9.53,9.53,9.53,226,0
2017-03-24,14:35:00,9.48,9.48,9.48,9.48,772,0
2017-03-24,14:55:00,9.49,9.49,9.47,9.47,1700,0
2017-03-24,15:25:00,9.524,9.524,9.524,9.524,250,0
2017-03-24,16:10:00,9.515,9.515,9.515,9.515,393,0
2017-03-24,16:25:00,9.471,9.471,9.471,9.471,610,0
2017-03-24,17:15:00,9.5199,9.5199,9.5199,9.5199,500,0
2017-03-24,17:50:00,9.5,9.51,9.5,9.508,2096,0
2017-03-24,18:45:00,9.505,9.505,9.505,9.505,100,0
2017-03-24,18:55:00,9.52,9.53,9.517,9.526,2398,0
2017-03-24,19:10:00,9.5099,9.5099,9.5099,9.5099,100,0
2017-03-24,19:45:00,9.5,9.5,9.5,9.5,100,0
2017-03-24,20:35:00,9.5036,9.5036,9.5036,9.5036,511,0
2017-03-24,20:50:00,9.5199,9.5199,9.51,9.51,350,0
2017-03-24,20:55:00,9.493,9.493,9.493,9.493,368,0
2017-03-24,21:00:00,9.47,9.47,9.47,9.47,322,0
2017-03-27,15:35:00,9.5,9.5,9.5,9.5,383,0
2017-03-27,15:45:00,9.57,9.57,9.57,9.57,100,0
2017-03-27,15:55:00,9.57,9.57,9.57,9.57,100,0
2017-03-27,16:10:00,9.53,9.53,9.53,9.53,100,0
2017-03-27,16:20:00,9.515,9.515,9.51,9.51,1300,0
2017-03-27,16:25:00,9.52,9.52,9.52,9.52,100,0
2017-03-27,16:30:00,9.51,9.52,9.5,9.52,1300,0
2017-03-27,16:40:00,9.52,9.52,9.51,9.52,300,0
2017-03-27,16:45:00,9.51,9.51,9.5,9.5,700,0
2017-03-27,16:50:00,9.51,9.51,9.5099,9.51,700,0
2017-03-27,16:55:00,9.52,9.52,9.5,9.5,500,0
2017-03-27,17:05:00,9.5148,9.5148,9.5,9.5,2300,0
2017-03-27,17:10:00,9.52,9.52,9.5,9.5,300,0
2017-03-27,17:20:00,9.518,9.518,9.518,9.518,200,0
2017-03-27,17:25:00,9.51,9.51,9.5,9.51,2854,0
2017-03-27,17:30:00,9.51,9.52,9.509,9.51,1300,0
2017-03-27,17:35:00,9.52,9.538,9.519,9.538,1775,0
2017-03-27,17:45:00,9.528,9.528,9.528,9.528,200,0
2017-03-27,17:50:00,9.53,9.547,9.528,9.547,5471,0
2017-03-27,18:10:00,9.52,9.52,9.52,9.52,100,0
2017-03-27,18:30:00,9.51,9.51,9.51,9.51,100,0
2017-03-27,18:35:00,9.52,9.52,9.52,9.52,100,0
2017-03-27,19:00:00,9.53,9.53,9.53,9.53,100,0
2017-03-27,19:15:00,9.52,9.52,9.52,9.52,100,0
2017-03-27,19:25:00,9.53,9.53,9.53,9.53,100,0
2017-03-27,19:45:00,9.53,9.53,9.53,9.53,100,0
2017-03-27,20:10:00,9.53,9.53,9.53,9.53,100,0
2017-03-27,20:30:00,9.53,9.53,9.53,9.53,100,0
2017-03-27,20:50:00,9.53,9.53,9.53,9.53,100,0
2017-03-27,21:05:00,9.53,9.53,9.53,9.53,100,0
2017-03-27,21:20:00,9.53,9.53,9.53,9.53,100,0
2017-03-27,21:35:00,9.53,9.53,9.52,9.52,400,0
2017-03-27,21:45:00,9.53,9.53,9.53,9.53,100,0
2017-03-27,21:55:00,9.53,9.53,9.53,9.53,100,0
2017-03-27,22:00:00,9.52,9.56,9.52,9.56,513,0
2017-03-28,15:35:00,9.56,9.56,9.56,9.56,222,0
2017-03-28,16:20:00,9.53,9.53,9.52,9.52,2000,0
2017-03-28,17:05:00,9.53,9.53,9.53,9.53,100,0
2017-03-28,17:35:00,9.5309,9.5309,9.5309,9.5309,3188,0
2017-03-28,18:00:00,9.53,9.53,9.53,9.53,100,0
2017-03-28,19:40:00,9.522,9.522,9.52,9.52,2100,0
2017-03-28,20:40:00,9.522,9.522,9.52,9.52,2999,0
2017-03-28,21:25:00,9.52,9.54,9.52,9.54,200,0
2017-03-28,21:30:00,9.54,9.54,9.52,9.52,1550,0
2017-03-28,21:40:00,9.547,9.547,9.5276,9.5276,543,0
2017-03-28,22:00:00,9.521,9.55,9.52,9.52,1571,0
2017-03-29,15:35:00,9.54,9.54,9.54,9.54,212,0
2017-03-29,16:10:00,9.54,9.54,9.53,9.53,500,0
2017-03-29,17:00:00,9.548,9.548,9.548,9.548,500,0
2017-03-29,17:35:00,9.548,9.548,9.548,9.548,400,0
2017-03-29,17:40:00,9.548,9.548,9.548,9.548,400,0
2017-03-29,17:50:00,9.54,9.54,9.54,9.54,100,0
2017-03-29,18:00:00,9.545,9.5475,9.545,9.5475,400,0
2017-03-29,18:05:00,9.55,9.55,9.55,9.55,300,0
2017-03-29,18:15:00,9.55,9.55,9.54,9.54,600,0
2017-03-29,18:40:00,9.55,9.55,9.55,9.55,300,0
2017-03-29,18:55:00,9.56,9.56,9.56,9.56,200,0
2017-03-29,19:10:00,9.56,9.56,9.5567,9.5567,2385,0
2017-03-29,19:15:00,9.568,9.568,9.568,9.568,100,0
2017-03-29,19:20:00,9.57,9.57,9.565,9.569,500,0
2017-03-29,19:25:00,9.56,9.56,9.56,9.56,1200,0
2017-03-29,19:40:00,9.56,9.568,9.559,9.568,2250,0
2017-03-29,20:25:00,9.5553,9.5553,9.5553,9.5553,178,0
2017-03-29,20:30:00,9.56,9.56,9.56,9.56,100,0
2017-03-29,20:45:00,9.56,9.56,9.56,9.56,6000,0
2017-03-29,21:40:00,9.55,9.56,9.55,9.552,1500,0
2017-03-29,21:50:00,9.555,9.5599,9.555,9.5599,2000,0
2017-03-29,22:00:00,9.55,9.55,9.55,9.55,100,0
2017-03-30,15:35:00,9.55,9.55,9.55,9.55,308,0
2017-03-30,16:50:00,9.56,9.568,9.56,9.568,1000,0
2017-03-30,17:00:00,9.568,9.568,9.568,9.568,500,0
2017-03-30,17:45:00,9.555,9.559,9.555,9.559,400,0
2017-03-30,18:20:00,9.5556,9.5556,9.5556,9.5556,2000,0
2017-03-30,20:00:00,9.5534,9.5534,9.5534,9.5534,750,0
2017-03-30,20:55:00,9.5509,9.5509,9.55,9.55,2100,0
2017-03-30,21:15:00,9.55,9.56,9.55,9.559,1000,0
2017-03-30,21:20:00,9.5596,9.5596,9.55,9.55,3437,0
2017-03-30,21:30:00,9.55,9.55,9.55,9.55,180,0
2017-03-30,21:35:00,9.5575,9.5575,9.55,9.55,2100,0
2017-03-30,21:40:00,9.5584,9.56,9.5584,9.56,2200,0
2017-03-30,21:45:00,9.55,9.55,9.55,9.55,4163,0
2017-03-30,22:00:00,9.5499,9.58,9.54,9.58,5264,0
2017-03-31,15:35:00,9.57,9.57,9.57,9.57,132,0
2017-03-31,16:05:00,9.565,9.565,9.565,9.565,200,0
2017-03-31,16:15:00,9.57,9.57,9.57,9.57,200,0
2017-03-31,16:20:00,9.58,9.58,9.5775,9.58,728,0
2017-03-31,16:45:00,9.57,9.57,9.5428,9.5428,1000,0
2017-03-31,17:10:00,9.577,9.577,9.577,9.577,500,0
2017-03-31,18:25:00,9.5668,9.5668,9.5668,9.5668,418,0
2017-03-31,18:45:00,9.575,9.58,9.575,9.5775,320,0
2017-03-31,19:00:00,9.573,9.58,9.57,9.57,1050,0
2017-03-31,19:45:00,9.58,9.58,9.578,9.58,919,0
2017-03-31,21:45:00,9.579,9.579,9.56,9.5601,3080,0
2017-03-31,21:50:00,9.58,9.58,9.56,9.56,340,0
2017-03-31,22:00:00,9.5601,9.58,9.54,9.54,1532,0
2017-04-03,15:35:00,9.58,9.58,9.58,9.58,788,0
2017-04-03,15:40:00,9.585,9.585,9.585,9.585,200,0
2017-04-03,15:55:00,9.56,9.56,9.56,9.56,134,0
2017-04-03,16:05:00,9.605,9.605,9.58,9.58,280,0
2017-04-03,16:40:00,9.58,9.58,9.58,9.58,200,0
2017-04-03,16:45:00,9.58,9.58,9.58,9.58,100,0
2017-04-03,16:50:00,9.58,9.58,9.58,9.58,200,0
2017-04-03,16:55:00,9.58,9.58,9.58,9.58,100,0
2017-04-03,17:00:00,9.58,9.58,9.58,9.58,100,0
2017-04-03,17:05:00,9.58,9.58,9.58,9.58,200,0
2017-04-03,17:10:00,9.58,9.58,9.58,9.58,100,0
2017-04-03,17:15:00,9.58,9.58,9.58,9.58,100,0
2017-04-03,17:20:00,9.58,9.58,9.5771,9.58,4500,0
2017-04-03,17:25:00,9.58,9.58,9.58,9.58,100,0
2017-04-03,17:30:00,9.58,9.58,9.58,9.58,200,0
2017-04-03,17:35:00,9.58,9.58,9.58,9.58,100,0
2017-04-03,17:40:00,9.58,9.58,9.58,9.58,100,0
2017-04-03,17:45:00,9.58,9.58,9.58,9.58,100,0
2017-04-03,17:50:00,9.58,9.58,9.58,9.58,100,0
2017-04-03,17:55:00,9.58,9.58,9.58,9.58,200,0
2017-04-03,18:00:00,9.58,9.58,9.58,9.58,100,0
2017-04-03,18:05:00,9.58,9.58,9.58,9.58,100,0
2017-04-03,18:10:00,9.58,9.58,9.58,9.58,100,0
2017-04-03,18:15:00,9.58,9.58,9.58,9.58,100,0
2017-04-03,18:20:00,9.58,9.58,9.58,9.58,200,0
2017-04-03,18:25:00,9.58,9.58,9.58,9.58,100,0
2017-04-03,18:30:00,9.58,9.59,9.579,9.588,1500,0
2017-04-03,18:35:00,9.58,9.58,9.58,9.58,100,0
2017-04-03,18:40:00,9.58,9.58,9.58,9.58,100,0
2017-04-03,18:45:00,9.58,9.58,9.58,9.58,200,0
2017-04-03,18:50:00,9.58,9.58,9.58,9.58,100,0
2017-04-03,18:55:00,9.58,9.58,9.58,9.58,100,0
2017-04-03,19:00:00,9.59,9.59,9.5893,9.5893,300,0
2017-04-03,19:15:00,9.58,9.58,9.58,9.58,652,0
2017-04-03,19:20:00,9.57,9.5737,9.5601,9.5737,7652,0
2017-04-03,20:10:00,9.58,9.58,9.58,9.58,100,0
2017-04-03,21:40:00,9.58,9.58,9.58,9.58,800,0
2017-04-03,22:00:00,9.59,9.59,9.59,9.59,187,0
2017-04-04,15:35:00,9.65,9.65,9.65,9.65,5286,0
2017-04-04,15:55:00,9.65,9.65,9.65,9.65,4781,0
2017-04-04,16:00:00,9.63,9.63,9.62,9.62,700,0
2017-04-04,16:05:00,9.62,9.62,9.6124,9.62,1088,0
2017-04-04,16:10:00,9.605,9.62,9.595,9.595,3900,0
2017-04-04,16:15:00,9.6,9.617,9.59,9.59,5393,0
2017-04-04,16:20:00,9.59,9.5921,9.59,9.59,1200,0
2017-04-04,16:35:00,9.62,9.64,9.6,9.6,10093,0
2017-04-04,16:55:00,9.6,9.615,9.6,9.615,234,0
2017-04-04,17:05:00,9.6045,9.6045,9.6045,9.6045,585,0
2017-04-04,17:10:00,9.61,9.61,9.61,9.61,100,0
2017-04-04,17:25:00,9.601,9.601,9.6,9.6,1041,0
2017-04-04,17:50:00,9.6,9.617,9.599,9.617,3337,0
2017-04-04,18:05:00,9.61,9.61,9.61,9.61,200,0
2017-04-04,18:10:00,9.5921,9.5921,9.59,9.59,1600,0
2017-04-04,19:40:00,9.5932,9.5932,9.5932,9.5932,520,0
2017-04-04,20:35:00,9.5951,9.5951,9.58,9.58,3892,0
2017-04-04,20:40:00,9.594,9.594,9.594,9.594,1000,0
2017-04-04,20:50:00,9.5998,9.5998,9.5998,9.5998,2085,0
2017-04-04,22:00:00,9.62,9.63,9.62,9.63,300,0
2017-04-05,15:35:00,9.57,9.57,9.57,9.57,1210,0
2017-04-05,15:45:00,9.5804,9.5804,9.5804,9.5804,1000,0
2017-04-05,16:15:00,9.599,9.6,9.58,9.59,1900,0
2017-04-05,16:20:00,9.6,9.62,9.6,9.616,3300,0
2017-04-05,16:50:00,9.6,9.6,9.6,9.6,400,0
2017-04-05,16:55:00,9.61,9.62,9.61,9.62,970,0
2017-04-05,17:10:00,9.62,9.62,9.6137,9.6137,1879,0
2017-04-05,17:20:00,9.62,9.62,9.62,9.62,500,0
2017-04-05,18:15:00,9.612,9.612,9.612,9.612,210,0
2017-04-05,18:55:00,9.624,9.624,9.624,9.624,400,0
2017-04-05,19:50:00,9.6243,9.6243,9.6243,9.6243,3000,0
2017-04-05,20:15:00,9.62,9.62,9.62,9.62,300,0
2017-04-05,20:20:00,9.63,9.63,9.63,9.63,885,0
2017-04-05,20:30:00,9.6368,9.6368,9.6368,9.6368,750,0
2017-04-05,20:50:00,9.64,9.64,9.64,9.64,1000,0
2017-04-05,21:05:00,9.64,9.64,9.64,9.64,500,0
2017-04-05,21:10:00,9.6247,9.6247,9.6247,9.6247,5204,0
2017-04-05,21:15:00,9.64,9.64,9.64,9.64,300,0
2017-04-05,21:20:00,9.639,9.639,9.639,9.639,819,0
2017-04-05,21:25:00,9.64,9.66,9.6395,9.66,7123,0
2017-04-05,21:40:00,9.65,9.66,9.65,9.659,4262,0
2017-04-05,21:50:00,9.6539,9.66,9.6539,9.66,1220,0
2017-04-05,22:00:00,9.62,9.62,9.62,9.62,258,0
2017-04-06,16:50:00,9.64,9.64,9.64,9.64,100,0
2017-04-06,16:55:00,9.6321,9.6321,9.6321,9.6321,1000,0
2017-04-06,17:15:00,9.64,9.66,9.63,9.6455,4300,0
2017-04-06,18:05:00,9.66,9.7,9.66,9.69,9700,0
2017-04-06,18:15:00,9.6875,9.69,9.6875,9.6898,3100,0
2017-04-06,18:20:00,9.68,9.69,9.6799,9.69,5500,0
2017-04-06,18:35:00,9.692,9.692,9.692,9.692,2300,0
2017-04-06,18:40:00,9.69,9.69,9.69,9.69,180,0
2017-04-06,19:05:00,9.6901,9.693,9.69,9.6908,1682,0
2017-04-06,19:40:00,9.68,9.68,9.6799,9.6799,394,0
2017-04-06,20:05:00,9.685,9.685,9.685,9.685,100,0
2017-04-06,20:40:00,9.685,9.7,9.685,9.7,3399,0
2017-04-06,20:45:00,9.7001,9.703,9.7,9.7008,400,0
2017-04-06,21:35:00,9.695,9.75,9.68,9.69,7101,0
2017-04-06,21:45:00,9.7001,9.7001,9.7001,9.7001,900,0
2017-04-07,15:35:00,9.74,9.74,9.74,9.74,126,0
2017-04-07,15:45:00,9.78,9.993,9.78,9.993,1388,0
2017-04-07,15:55:00,9.893,9.9,9.886,9.888,3426,0
2017-04-07,16:25:00,9.83,9.921,9.78,9.83,13568,0
2017-04-07,16:30:00,9.83,9.83,9.83,9.83,150,0
2017-04-07,16:35:00,9.849,9.849,9.849,9.849,200,0
2017-04-07,16:40:00,9.85,9.85,9.83,9.83,1650,0
2017-04-07,16:45:00,9.8001,9.8001,9.79,9.79,2216,0
2017-04-07,16:50:00,9.79,9.79,9.79,9.79,700,0
2017-04-07,17:10:00,9.7901,9.7901,9.79,9.79,1800,0
2017-04-07,17:15:00,9.79,9.79,9.77,9.77,1450,0
2017-04-07,17:35:00,9.7899,9.7899,9.7899,9.7899,122,0
2017-04-07,18:25:00,9.7808,9.7808,9.7808,9.7808,2000,0
2017-04-07,19:15:00,9.7847,9.7847,9.7847,9.7847,401,0
2017-04-07,20:10:00,9.76,9.76,9.76,9.76,1700,0
2017-04-07,21:15:00,9.76,9.79,9.76,9.79,4914,0
2017-04-07,21:30:00,9.807,9.807,9.807,9.807,250,0
2017-04-07,21:40:00,9.7608,9.81,9.7608,9.81,1650,0
2017-04-07,22:00:00,9.78,9.78,9.76,9.76,226,0
2017-04-10,15:35:00,9.78,9.78,9.78,9.78,122,0
2017-04-10,15:55:00,9.81,9.81,9.81,9.81,100,0
2017-04-10,16:30:00,9.81,9.81,9.81,9.81,200,0
2017-04-10,17:05:00,9.81,9.81,9.8024,9.81,7712,0
2017-04-10,17:10:00,9.8,9.81,9.8,9.808,2200,0
2017-04-10,17:20:00,9.8,9.8,9.8,9.8,100,0
2017-04-10,17:25:00,9.7998,9.7998,9.7998,9.7998,455,0
2017-04-10,17:35:00,9.797,9.82,9.797,9.7978,11100,0
2017-04-10,18:00:00,9.82,9.82,9.82,9.82,976,0
2017-04-10,19:10:00,9.8153,9.8187,9.8153,9.8187,1000,0
2017-04-10,19:45:00,9.8,9.81,9.8,9.8,400,0
2017-04-10,20:00:00,9.82,9.82,9.82,9.82,800,0
2017-04-10,20:50:00,9.815,9.815,9.815,9.815,1000,0
2017-04-10,21:00:00,9.82,9.82,9.82,9.82,100,0
2017-04-10,22:00:00,9.82,9.85,9.82,9.84,1376,0
2017-04-11,15:35:00,9.85,9.85,9.85,9.85,123,0
2017-04-11,15:40:00,9.8552,9.8552,9.8552,9.8552,1500,0
2017-04-11,16:05:00,9.86,9.86,9.82,9.82,3300,0
2017-04-11,16:10:00,9.81,9.81,9.81,9.81,100,0
2017-04-11,16:40:00,9.81,9.81,9.81,9.81,200,0
2017-04-11,16:45:00,9.8111,9.8111,9.8111,9.8111,750,0
2017-04-11,16:50:00,9.8,9.8165,9.8,9.8165,350,0
2017-04-11,16:55:00,9.81,9.81,9.81,9.81,1500,0
2017-04-11,17:00:00,9.83,9.84,9.8198,9.84,3113,0
2017-04-11,17:30:00,9.83,9.83,9.828,9.828,400,0
2017-04-11,19:25:00,9.8168,9.82,9.8168,9.82,600,0
2017-04-11,20:00:00,9.821,9.821,9.821,9.821,3000,0
2017-04-11,20:25:00,9.84,9.876,9.838,9.8551,4123,0
2017-04-11,20:30:00,9.84,9.84,9.84,9.84,100,0
2017-04-11,20:35:00,9.84,9.84,9.8395,9.8395,499,0
2017-04-11,20:40:00,9.86,9.86,9.859,9.859,1100,0
2017-04-11,20:45:00,9.8699,9.87,9.86,9.86,1770,0
2017-04-11,20:50:00,9.85,9.86,9.85,9.86,2650,0
2017-04-11,21:25:00,9.87,9.88,9.8655,9.8655,2777,0
2017-04-11,22:00:00,9.8767,9.88,9.87,9.87,1700,0
2017-04-12,15:35:00,9.88,9.88,9.88,9.88,200,0
2017-04-12,15:55:00,9.8743,9.88,9.8743,9.88,2632,0
2017-04-12,16:10:00,9.88,9.88,9.88,9.88,100,0
2017-04-12,17:25:00,9.89,9.89,9.89,9.89,1800,0
2017-04-12,17:45:00,9.8998,9.8998,9.8998,9.8998,2500,0
2017-04-12,18:00:00,9.8917,9.9,9.8917,9.8999,3912,0
2017-04-12,18:20:00,9.89,9.89,9.89,9.89,200,0
2017-04-12,18:40:00,9.9,9.9,9.898,9.9,1098,0
2017-04-12,19:00:00,9.91,9.91,9.908,9.908,400,0
2017-04-12,19:25:00,9.9098,9.91,9.9098,9.91,400,0
2017-04-12,19:40:00,9.91,9.92,9.9,9.91,4000,0
2017-04-12,19:45:00,9.91,9.9101,9.91,9.9101,1000,0
2017-04-12,19:50:00,9.9101,9.9101,9.9101,9.9101,200,0
2017-04-12,19:55:00,9.9101,9.9101,9.9101,9.9101,200,0
2017-04-12,20:00:00,9.9101,9.9101,9.9101,9.9101,400,0
2017-04-12,20:05:00,9.9101,9.9101,9.9101,9.9101,200,0
2017-04-12,20:10:00,9.91,9.91,9.909,9.91,800,0
2017-04-12,20:30:00,9.9001,9.9001,9.9001,9.9001,1800,0
2017-04-12,20:40:00,9.9067,9.9149,9.9067,9.9149,743,0
2017-04-12,20:45:00,9.9014,9.91,9.9001,9.9014,2117,0
2017-04-12,20:50:00,9.9007,9.9007,9.9007,9.9007,100,0
2017-04-12,20:55:00,9.9,9.9,9.9,9.9,100,0
2017-04-12,21:10:00,9.9,9.9,9.89,9.89,800,0
2017-04-12,21:35:00,9.91,9.91,9.9001,9.9001,1000,0
2017-04-12,21:45:00,9.91,9.92,9.91,9.915,1600,0
2017-04-12,21:50:00,9.9107,9.92,9.91,9.91,1100,0
2017-04-12,21:55:00,9.915,9.92,9.91,9.92,500,0
2017-04-12,22:00:00,9.92,9.92,9.91,9.91,593,0
2017-04-13,16:15:00,9.911,9.911,9.911,9.911,2045,0
2017-04-13,16:45:00,9.91,9.91,9.91,9.91,100,0
2017-04-13,16:50:00,9.91,9.91,9.91,9.91,200,0
2017-04-13,17:00:00,9.9099,9.91,9.9099,9.9099,3600,0
2017-04-13,17:10:00,9.91,9.91,9.91,9.91,100,0
2017-04-13,17:15:00,9.91,9.91,9.9099,9.9099,1900,0
2017-04-13,17:35:00,9.91,9.91,9.91,9.91,300,0
2017-04-13,17:45:00,9.9,9.9,9.8999,9.9,700,0
2017-04-13,17:50:00,9.92,9.9268,9.91,9.91,2400,0
2017-04-13,18:10:00,9.93,9.93,9.93,9.93,400,0
2017-04-13,20:10:00,9.9134,9.9134,9.9134,9.9134,500,0
2017-04-13,20:15:00,9.9134,9.9134,9.9134,9.9134,1000,0
2017-04-13,20:35:00,9.9114,9.9114,9.9114,9.9114,200,0
2017-04-13,20:45:00,9.9199,9.93,9.91,9.93,2200,0
2017-04-13,20:50:00,9.91,9.91,9.91,9.91,100,0
2017-04-13,21:15:00,9.9134,9.92,9.9134,9.92,1100,0
2017-04-13,21:50:00,9.9,9.9,9.9,9.9,100,0
2017-04-17,15:35:00,9.93,9.93,9.93,9.93,251,0
2017-04-17,16:20:00,9.9156,9.9156,9.9156,9.9156,1115,0
2017-04-17,16:35:00,9.91,9.91,9.91,9.91,200,0
2017-04-17,16:55:00,9.91,9.91,9.91,9.91,650,0
2017-04-17,17:00:00,9.8923,9.8923,9.8923,9.8923,500,0
2017-04-17,17:10:00,9.8938,9.8938,9.8916,9.8916,2100,0
2017-04-17,17:15:00,9.8957,9.9,9.89,9.89,2500,0
2017-04-17,17:20:00,9.9,9.9,9.9,9.9,100,0
2017-04-17,17:50:00,9.9,9.9,9.89,9.89,1036,0
2017-04-17,18:00:00,9.89,9.89,9.89,9.89,764,0
2017-04-17,18:15:00,9.9,9.9,9.894,9.894,881,0
2017-04-17,18:50:00,9.9,9.9,9.9,9.9,200,0
2017-04-17,19:35:00,9.9,9.91,9.893,9.893,1800,0
2017-04-17,19:40:00,9.9,9.91,9.9,9.91,1495,0
2017-04-17,19:55:00,9.9,9.9,9.9,9.9,100,0
2017-04-17,20:40:00,9.91,9.91,9.9076,9.91,4741,0
2017-04-17,20:45:00,9.92,9.92,9.92,9.92,200,0
2017-04-17,21:00:00,9.9014,9.9014,9.9,9.9,1200,0
2017-04-17,21:10:00,9.9,9.9,9.9,9.9,400,0
2017-04-17,21:20:00,9.9,9.91,9.899,9.91,1100,0
2017-04-17,21:25:00,9.91,9.91,9.91,9.91,200,0
2017-04-17,21:45:00,9.9,9.9,9.9,9.9,100,0
2017-04-17,21:50:00,9.89,9.89,9.88,9.88,300,0
2017-04-17,21:55:00,9.89,9.89,9.89,9.89,100,0
2017-04-17,22:00:00,9.89,9.89,9.88,9.88,500,0
2017-04-18,15:35:00,9.89,9.89,9.89,9.89,155,0
2017-04-18,16:10:00,9.9,9.9,9.8825,9.8825,1000,0
2017-04-18,17:40:00,9.89,9.89,9.88,9.89,700,0
2017-04-18,18:45:00,9.895,9.9,9.895,9.899,1550,0
2017-04-18,18:50:00,9.8928,9.8928,9.8928,9.8928,550,0
2017-04-18,18:55:00,9.89,9.89,9.89,9.89,100,0
2017-04-18,19:05:00,9.89,9.89,9.88,9.8824,600,0
2017-04-18,19:20:00,9.88,9.88,9.88,9.88,100,0
2017-04-18,19:30:00,9.88,9.88,9.88,9.88,100,0
2017-04-18,19:40:00,9.88,9.88,9.88,9.88,100,0
2017-04-18,19:50:00,9.88,9.88,9.88,9.88,100,0
2017-04-18,19:55:00,9.88,9.88,9.88,9.88,100,0
2017-04-18,20:05:00,9.88,9.88,9.88,9.88,100,0
2017-04-18,20:10:00,9.88,9.88,9.88,9.88,100,0
2017-04-18,20:20:00,9.88,9.88,9.88,9.88,100,0
2017-04-18,20:25:00,9.88,9.88,9.88,9.88,100,0
2017-04-18,20:30:00,9.89,9.89,9.89,9.89,200,0
2017-04-18,20:50:00,9.88,9.88,9.88,9.88,100,0
2017-04-18,21:00:00,9.88,9.88,9.88,9.88,100,0
2017-04-18,21:10:00,9.88,9.88,9.88,9.88,100,0
2017-04-18,21:20:00,9.88,9.88,9.88,9.88,100,0
2017-04-18,21:25:00,9.89,9.9,9.89,9.9,4007,0
2017-04-18,21:30:00,9.898,9.898,9.898,9.898,350,0
2017-04-18,21:35:00,9.9,9.9,9.9,9.9,200,0
2017-04-18,21:50:00,9.88,9.89,9.88,9.89,670,0
2017-04-18,21:55:00,9.88,9.88,9.88,9.88,200,0
2017-04-18,22:00:00,9.88,9.9,9.88,9.88,3300,0
2017-04-19,15:35:00,9.88,9.88,9.88,9.88,3498,0
2017-04-19,15:40:00,9.88,9.88,9.88,9.88,1375,0
2017-04-19,16:10:00,9.85,9.85,9.85,9.85,300,0
2017-04-19,16:15:00,9.85,9.85,9.85,9.85,200,0
2017-04-19,16:25:00,9.85,9.85,9.85,9.85,600,0
2017-04-19,17:55:00,9.86,9.86,9.86,9.86,575,0
2017-04-19,18:10:00,9.86,9.87,9.86,9.87,1700,0
2017-04-19,18:50:00,9.86,9.8607,9.86,9.8607,300,0
2017-04-19,19:10:00,9.87,9.9,9.87,9.9,3615,0
2017-04-19,19:15:00,9.9,9.91,9.9,9.9,800,0
2017-04-19,20:40:00,9.8932,9.8932,9.8932,9.8932,1000,0
2017-04-19,21:15:00,9.895,9.895,9.89,9.89,600,0
2017-04-19,21:20:00,9.88,9.88,9.88,9.88,100,0
2017-04-19,21:55:00,9.89,9.89,9.89,9.89,500,0
2017-04-19,22:00:00,9.9,9.9,9.9,9.9,1143,0
2017-04-20,15:35:00,9.88,9.88,9.88,9.88,108,0
2017-04-20,16:55:00,9.8601,9.8601,9.86,9.8601,500,0
2017-04-20,17:00:00,9.86,9.86,9.86,9.86,366,0
2017-04-20,17:20:00,9.8501,9.8501,9.8501,9.8501,906,0
2017-04-20,17:40:00,9.879,9.879,9.879,9.879,2500,0
2017-04-20,17:45:00,9.8723,9.88,9.8723,9.88,5200,0
2017-04-20,17:50:00,9.8701,9.874,9.87,9.874,1903,0
2017-04-20,18:50:00,9.88,9.88,9.87,9.8701,1000,0
2017-04-20,19:05:00,9.87,9.88,9.87,9.879,1100,0
2017-04-20,19:30:00,9.875,9.875,9.8444,9.87,3770,0
2017-04-20,21:50:00,9.877,9.877,9.877,9.877,1250,0
2017-04-20,22:00:00,9.88,9.9,9.88,9.88,773,0
2017-04-21,15:35:00,9.9,9.9,9.9,9.9,100,0
2017-04-21,15:45:00,9.9,9.9,9.8832,9.8832,1100,0
2017-04-21,16:00:00,9.89,9.89,9.89,9.89,100,0
2017-04-21,16:40:00,9.88,9.881,9.872,9.872,1650,0
2017-04-21,17:05:00,9.87,9.8799,9.87,9.8799,900,0
2017-04-21,17:20:00,9.878,9.878,9.878,9.878,433,0
2017-04-21,17:55:00,9.86,9.86,9.86,9.86,200,0
2017-04-21,19:10:00,9.86,9.8605,9.86,9.8605,600,0
2017-04-21,20:05:00,9.8643,9.8643,9.86,9.86,1100,0
2017-04-21,20:20:00,9.85,9.85,9.85,9.85,1670,0
2017-04-21,20:25:00,9.86,9.86,9.85,9.85,3410,0
2017-04-21,21:05:00,9.84,9.84,9.84,9.84,200,0
2017-04-21,21:15:00,9.83,9.83,9.83,9.83,1300,0
2017-04-21,21:30:00,9.82,9.82,9.82,9.82,1000,0
2017-04-21,21:35:00,9.8452,9.8452,9.8452,9.8452,1159,0
2017-04-21,21:45:00,9.82,9.82,9.82,9.82,200,0
2017-04-21,22:00:00,9.81,9.81,9.81,9.81,200,0
2017-04-24,15:35:00,9.81,9.81,9.81,9.81,100,0
2017-04-24,15:50:00,9.8021,9.8021,9.8,9.8,375,0
2017-04-24,16:00:00,9.8,9.8,9.8,9.8,400,0
2017-04-24,16:10:00,9.8,9.8,9.8,9.8,100,0
2017-04-24,16:20:00,9.795,9.795,9.795,9.795,100,0
2017-04-24,16:25:00,9.79,9.79,9.79,9.79,1100,0
2017-04-24,16:45:00,9.8,9.82,9.8,9.81,1955,0
2017-04-24,17:00:00,9.815,9.815,9.81,9.81,500,0
2017-04-24,17:05:00,9.81,9.8199,9.81,9.8199,200,0
2017-04-24,17:25:00,9.81,9.81,9.81,9.81,900,0
2017-04-24,17:35:00,9.802,9.8041,9.802,9.8041,900,0
2017-04-24,18:10:00,9.81,9.81,9.81,9.81,200,0
2017-04-24,18:15:00,9.8093,9.8093,9.8093,9.8093,100,0
2017-04-24,19:00:00,9.8,9.805,9.77,9.78,2450,0
2017-04-24,19:05:00,9.7999,9.7999,9.797,9.7992,300,0
2017-04-24,20:00:00,9.8,9.81,9.8,9.8099,1086,0
2017-04-24,20:05:00,9.8,9.8,9.77,9.8,10745,0
2017-04-24,20:10:00,9.7999,9.7999,9.7999,9.7999,2300,0
2017-04-24,20:15:00,9.8,9.8,9.7999,9.7999,500,0
2017-04-24,20:35:00,9.79,9.8,9.79,9.8,406,0
2017-04-24,21:05:00,9.79,9.79,9.76,9.78,1500,0
2017-04-24,21:20:00,9.77,9.78,9.77,9.78,700,0
2017-04-24,21:25:00,9.77,9.77,9.77,9.77,100,0
2017-04-24,21:40:00,9.77,9.77,9.76,9.77,1000,0
2017-04-24,21:45:00,9.7793,9.7793,9.7793,9.7793,100,0
2017-04-24,22:00:00,9.78,9.78,9.73,9.73,754,0
2017-04-25,15:35:00,9.75,9.76,9.75,9.76,1586,0
2017-04-25,15:50:00,9.7559,9.7559,9.7559,9.7559,500,0
2017-04-25,15:55:00,9.76,9.76,9.76,9.76,100,0
2017-04-25,16:05:00,9.76,9.76,9.76,9.76,900,0
2017-04-25,16:15:00,9.76,9.76,9.76,9.76,300,0
2017-04-25,16:30:00,9.7586,9.7586,9.7586,9.7586,100,0
2017-04-25,16:35:00,9.76,9.76,9.76,9.76,1900,0
2017-04-25,17:10:00,9.7587,9.7587,9.7587,9.7587,500,0
2017-04-25,17:40:00,9.77,9.8,9.765,9.79,3164,0
2017-04-25,17:45:00,9.805,9.83,9.7928,9.793,2414,0
2017-04-25,18:00:00,9.8,9.8,9.8,9.8,100,0
2017-04-25,18:05:00,9.79,9.79,9.79,9.79,1900,0
2017-04-25,18:40:00,9.79,9.79,9.79,9.79,300,0
2017-04-25,18:55:00,9.799,9.8,9.799,9.799,1157,0
2017-04-25,19:00:00,9.79,9.79,9.79,9.79,100,0
2017-04-25,19:05:00,9.7944,9.7944,9.7944,9.7944,500,0
2017-04-25,19:10:00,9.79,9.7968,9.79,9.795,600,0
2017-04-25,20:50:00,9.79,9.79,9.79,9.79,134,0
2017-04-25,21:40:00,9.77,9.77,9.77,9.77,100,0
2017-04-25,21:45:00,9.765,9.765,9.751,9.761,500,0
2017-04-25,21:50:00,9.7633,9.7633,9.75,9.75,600,0
2017-04-25,22:00:00,9.78,9.79,9.73,9.79,2105,0
2017-04-26,15:35:00,9.79,9.79,9.79,9.79,121,0
2017-04-26,15:50:00,9.789,9.789,9.789,9.789,350,0
2017-04-26,15:55:00,9.78,9.785,9.78,9.7801,300,0
2017-04-26,16:00:00,9.75,9.75,9.74,9.74,200,0
2017-04-26,16:05:00,9.74,9.74,9.74,9.74,100,0
2017-04-26,16:10:00,9.74,9.74,9.74,9.74,100,0
2017-04-26,16:15:00,9.74,9.74,9.74,9.74,100,0
2017-04-26,16:20:00,9.74,9.75,9.74,9.75,500,0
2017-04-26,16:25:00,9.74,9.74,9.74,9.74,100,0
2017-04-26,16:30:00,9.74,9.74,9.72,9.72,500,0
2017-04-26,16:35:00,9.72,9.73,9.72,9.73,400,0
2017-04-26,16:45:00,9.72,9.72,9.72,9.72,100,0
2017-04-26,16:50:00,9.72,9.73,9.72,9.73,1200,0
2017-04-26,17:00:00,9.73,9.74,9.73,9.73,2125,0
2017-04-26,17:05:00,9.73,9.73,9.73,9.73,100,0
2017-04-26,17:10:00,9.73,9.73,9.73,9.73,100,0
2017-04-26,17:15:00,9.739,9.74,9.73,9.74,2600,0
2017-04-26,17:45:00,9.73,9.73,9.73,9.73,100,0
2017-04-26,17:50:00,9.73,9.73,9.73,9.73,100,0
2017-04-26,17:55:00,9.74,9.74,9.73,9.73,600,0
2017-04-26,18:00:00,9.73,9.73,9.73,9.73,100,0
2017-04-26,18:10:00,9.73,9.73,9.73,9.73,100,0
2017-04-26,18:15:00,9.73,9.73,9.73,9.73,100,0
2017-04-26,18:20:00,9.73,9.73,9.73,9.73,100,0
2017-04-26,18:30:00,9.73,9.73,9.71,9.71,600,0
2017-04-26,18:35:00,9.71,9.71,9.71,9.71,200,0
2017-04-26,18:45:00,9.71,9.71,9.71,9.71,100,0
2017-04-26,18:50:00,9.71,9.71,9.71,9.71,100,0
2017-04-26,18:55:00,9.71,9.71,9.71,9.71,800,0
2017-04-26,19:00:00,9.717,9.72,9.717,9.72,700,0
2017-04-26,19:05:00,9.71,9.7199,9.71,9.7199,200,0
2017-04-26,19:10:00,9.71,9.71,9.71,9.71,100,0
2017-04-26,19:20:00,9.71,9.72,9.71,9.72,200,0
2017-04-26,19:25:00,9.72,9.72,9.72,9.72,100,0
2017-04-26,19:35:00,9.71,9.71,9.7,9.7,1000,0
2017-04-26,19:40:00,9.71,9.71,9.7,9.71,300,0
2017-04-26,19:45:00,9.7099,9.71,9.7099,9.71,457,0
2017-04-26,19:50:00,9.71,9.7286,9.71,9.7286,300,0
2017-04-26,19:55:00,9.7289,9.7289,9.7289,9.7289,100,0
2017-04-26,20:05:00,9.71,9.71,9.71,9.71,100,0
2017-04-26,20:10:00,9.7101,9.7101,9.7101,9.7101,500,0
2017-04-26,20:15:00,9.72,9.73,9.7194,9.73,700,0
2017-04-26,20:20:00,9.7294,9.73,9.71,9.71,5300,0
2017-04-26,20:25:00,9.73,9.73,9.7299,9.7299,1936,0
2017-04-26,20:35:00,9.73,9.74,9.73,9.74,200,0
2017-04-26,20:40:00,9.73,9.7347,9.73,9.7347,600,0
2017-04-26,20:45:00,9.73,9.73,9.73,9.73,500,0
2017-04-26,20:50:00,9.73,9.735,9.73,9.73,1600,0
2017-04-26,20:55:00,9.73,9.73,9.73,9.73,100,0
2017-04-26,21:00:00,9.73,9.73,9.73,9.73,100,0
2017-04-26,21:10:00,9.73,9.73,9.73,9.73,100,0
2017-04-26,21:15:00,9.73,9.73,9.73,9.73,100,0
2017-04-26,21:20:00,9.73,9.73,9.73,9.73,100,0
2017-04-26,21:25:00,9.73,9.73,9.73,9.73,100,0
2017-04-26,21:30:00,9.73,9.73,9.73,9.73,100,0
2017-04-26,21:35:00,9.73,9.73,9.73,9.73,100,0
2017-04-26,21:40:00,9.73,9.73,9.73,9.73,100,0
2017-04-26,21:45:00,9.737,9.74,9.737,9.7392,300,0
2017-04-26,21:50:00,9.73,9.73,9.73,9.73,200,0
2017-04-26,21:55:00,9.73,9.73,9.73,9.73,200,0
2017-04-26,22:00:00,9.73,9.74,9.73,9.74,400,0
