Date,Time,Open,High,Low,Close,Volume,OpenInt
2017-04-10,15:35:00,50.55,50.65,50.55,50.65,13763,0
2017-04-10,15:40:00,50.65,50.86,50.64,50.86,2200,0
2017-04-10,15:45:00,50.8969,50.8969,50.8969,50.8969,197,0
2017-04-10,15:50:00,50.89,50.96,50.85,50.94,1400,0
2017-04-10,15:55:00,50.98,51,50.94,50.94,2700,0
2017-04-10,16:00:00,50.94,50.94,50.85,50.91,7502,0
2017-04-10,16:05:00,50.925,50.95,50.88,50.93,2300,0
2017-04-10,16:10:00,50.95,51.06,50.95,50.95,3300,0
2017-04-10,16:15:00,50.965,50.97,50.91,50.93,2500,0
2017-04-10,16:20:00,50.93,50.935,50.86,50.915,1400,0
2017-04-10,16:25:00,50.88,50.95,50.88,50.91,2600,0
2017-04-10,16:30:00,50.915,50.96,50.915,50.95,400,0
2017-04-10,16:35:00,51,51.0225,51,51.02,2400,0
2017-04-10,16:40:00,51.02,51.06,51,51.06,3231,0
2017-04-10,16:45:00,51.06,51.06,50.985,51.06,2500,0
2017-04-10,16:50:00,51.09,51.11,50.95,51.11,10739,0
2017-04-10,16:55:00,51.09,51.12,51.06,51.12,10892,0
2017-04-10,17:00:00,51.12,51.12,51.06,51.06,3710,0
2017-04-10,17:05:00,50.95,51.03,50.945,50.945,1500,0
2017-04-10,17:10:00,50.93,50.94,50.9,50.9224,4077,0
2017-04-10,17:15:00,50.95,50.97,50.95,50.97,300,0
2017-04-10,17:20:00,51,51.065,51,51.065,1300,0
2017-04-10,17:25:00,51.04,51.04,51.0276,51.04,1524,0
2017-04-10,17:30:00,51.0528,51.0528,51.01,51.02,1621,0
2017-04-10,17:35:00,51.025,51.025,50.85,50.86,1700,0
2017-04-10,17:40:00,50.85,50.89,50.79,50.79,1500,0
2017-04-10,17:45:00,50.79,50.89,50.79,50.89,3832,0
2017-04-10,17:50:00,50.87,50.89,50.8491,50.89,1100,0
2017-04-10,17:55:00,50.89,50.89,50.87,50.88,619,0
2017-04-10,18:00:00,50.885,50.885,50.86,50.88,1100,0
2017-04-10,18:05:00,50.88,50.89,50.84,50.85,1400,0
2017-04-10,18:10:00,50.84,50.84,50.84,50.84,700,0
2017-04-10,18:15:00,50.8,50.82,50.73,50.75,2101,0
2017-04-10,18:20:00,50.76,50.77,50.72,50.745,500,0
2017-04-10,18:25:00,50.735,50.735,50.71,50.72,1822,0
2017-04-10,18:30:00,50.69,50.74,50.69,50.74,700,0
2017-04-10,18:35:00,50.7498,50.81,50.72,50.79,1600,0
2017-04-10,18:40:00,50.78,50.83,50.78,50.79,1992,0
2017-04-10,18:45:00,50.83,50.91,50.81,50.9,2900,0
2017-04-10,18:50:00,50.92,50.96,50.9056,50.96,519,0
2017-04-10,18:55:00,51,51.05,50.99,50.99,1600,0
2017-04-10,19:00:00,51.05,51.07,51.048,51.07,1495,0
2017-04-10,19:05:00,51.04,51.04,50.94,51.02,3300,0
2017-04-10,19:10:00,50.99,51.04,50.99,51.03,1100,0
2017-04-10,19:15:00,51.0399,51.1,51.02,51.1,1800,0
2017-04-10,19:20:00,51.1,51.11,51.05,51.11,1612,0
2017-04-10,19:25:00,51.09,51.13,51.09,51.13,300,0
2017-04-10,19:30:00,51.1,51.11,51.04,51.08,1452,0
2017-04-10,19:35:00,51.0666,51.13,51.0666,51.13,3882,0
2017-04-10,19:40:00,51.14,51.24,51.14,51.21,1300,0
2017-04-10,19:45:00,51.22,51.22,51.19,51.19,600,0
2017-04-10,19:50:00,51.18,51.19,51.13,51.1607,2900,0
2017-04-10,19:55:00,51.18,51.18,51.14,51.14,2146,0
2017-04-10,20:00:00,51.13,51.15,51.11,51.15,3500,0
2017-04-10,20:05:00,51.12,51.12,50.98,50.98,2676,0
2017-04-10,20:10:00,51,51.02,50.98,51.02,3500,0
2017-04-10,20:15:00,51.01,51.02,50.99,51.01,6381,0
2017-04-10,20:20:00,51.01,51.01,50.96,50.99,1446,0
2017-04-10,20:25:00,50.975,51,50.93,50.97,4336,0
2017-04-10,20:30:00,50.985,50.985,50.915,50.915,1940,0
2017-04-10,20:35:00,50.8901,50.96,50.89,50.96,1831,0
2017-04-10,20:40:00,50.96,50.96,50.92,50.9259,3446,0
2017-04-10,20:45:00,50.92,50.94,50.92,50.94,1800,0
2017-04-10,20:50:00,50.93,51.05,50.93,51,3554,0
2017-04-10,20:55:00,51,51.05,51,51.05,2800,0
2017-04-10,21:00:00,51.04,51.05,50.9996,50.9996,3745,0
2017-04-10,21:05:00,51,51.03,50.99,51.03,2500,0
2017-04-10,21:10:00,51.03,51.1,51.025,51.05,2700,0
2017-04-10,21:15:00,51.06,51.06,51.01,51.04,12500,0
2017-04-10,21:20:00,51.05,51.07,50.96,51,4607,0
2017-04-10,21:25:00,51,51,50.96,51,4033,0
2017-04-10,21:30:00,51.005,51.04,50.99,51.04,4600,0
2017-04-10,21:35:00,51.05,51.05,50.94,50.975,6953,0
2017-04-10,21:40:00,50.98,51.03,50.96,51,6234,0
2017-04-10,21:45:00,51,51,50.94,50.95,6692,0
2017-04-10,21:50:00,50.95,50.95,50.9,50.94,8184,0
2017-04-10,21:55:00,50.93,50.94,50.88,50.91,10837,0
2017-04-10,22:00:00,50.895,50.98,50.8911,50.94,61408,0
2017-04-11,15:35:00,50.77,51.135,50.74,50.84,4335,0
2017-04-11,15:40:00,50.96,50.96,50.96,50.96,100,0
2017-04-11,15:45:00,50.85,50.89,50.79,50.82,2151,0
2017-04-11,15:50:00,50.8,50.85,50.77,50.84,2100,0
2017-04-11,15:55:00,50.8,50.83,50.79,50.83,1200,0
2017-04-11,16:00:00,50.88,50.93,50.88,50.92,900,0
2017-04-11,16:05:00,51.02,51.05,51.02,51.04,903,0
2017-04-11,16:10:00,51.1,51.14,51.09,51.13,3929,0
2017-04-11,16:15:00,51.13,51.15,51.06,51.06,2098,0
2017-04-11,16:20:00,51.05,51.06,51.01,51.06,1820,0
2017-04-11,16:25:00,51.04,51.065,50.89,50.89,4111,0
2017-04-11,16:30:00,50.91,50.91,50.91,50.91,288,0
2017-04-11,16:35:00,50.94,50.95,50.81,50.81,1622,0
2017-04-11,16:40:00,50.81,50.94,50.81,50.94,900,0
2017-04-11,16:45:00,50.92,50.92,50.795,50.84,2900,0
2017-04-11,16:50:00,50.87,50.87,50.87,50.87,100,0
2017-04-11,16:55:00,50.875,50.875,50.78,50.8,3883,0
2017-04-11,17:00:00,50.8,50.8,50.75,50.79,1600,0
2017-04-11,17:05:00,50.79,50.84,50.79,50.84,700,0
2017-04-11,17:10:00,50.88,50.94,50.87,50.92,6171,0
2017-04-11,17:15:00,50.91,50.93,50.86,50.86,1648,0
2017-04-11,17:20:00,50.84,50.87,50.77,50.86,3505,0
2017-04-11,17:25:00,50.86,50.9,50.86,50.9,1000,0
2017-04-11,17:30:00,50.89,50.93,50.87,50.93,2753,0
2017-04-11,17:35:00,50.94,51,50.94,51,2092,0
2017-04-11,17:40:00,51.01,51.06,51.01,51.06,1900,0
2017-04-11,17:45:00,51.05,51.06,51.04,51.05,2152,0
2017-04-11,17:50:00,51.05,51.1097,51.02,51.09,5455,0
2017-04-11,17:55:00,51.08,51.16,51.08,51.12,2110,0
2017-04-11,18:00:00,51.13,51.22,51.13,51.21,11569,0
2017-04-11,18:05:00,51.2,51.2,51.16,51.2,14121,0
2017-04-11,18:10:00,51.18,51.22,51.18,51.2,6850,0
2017-04-11,18:15:00,51.2,51.27,51.2,51.27,1900,0
2017-04-11,18:20:00,51.29,51.3,51.27,51.3,4199,0
2017-04-11,18:25:00,51.31,51.35,51.26,51.27,7164,0
2017-04-11,18:30:00,51.275,51.33,51.275,51.33,2112,0
2017-04-11,18:35:00,51.31,51.33,51.31,51.32,500,0
2017-04-11,18:40:00,51.35,51.37,51.35,51.35,3062,0
2017-04-11,18:45:00,51.35,51.36,51.34,51.34,1400,0
2017-04-11,18:50:00,51.35,51.35,51.33,51.33,500,0
2017-04-11,18:55:00,51.35,51.43,51.35,51.43,4000,0
2017-04-11,19:00:00,51.43,51.46,51.4,51.46,6302,0
2017-04-11,19:05:00,51.46,51.63,51.46,51.61,13516,0
2017-04-11,19:10:00,51.62,51.68,51.61,51.68,13810,0
2017-04-11,19:15:00,51.67,51.74,51.64,51.705,27509,0
2017-04-11,19:20:00,51.7,51.72,51.61,51.72,52479,0
2017-04-11,19:25:00,51.67,51.73,51.67,51.7,12233,0
2017-04-11,19:30:00,51.65,51.705,51.65,51.7,3041,0
2017-04-11,19:35:00,51.7,51.7,51.68,51.68,7030,0
2017-04-11,19:40:00,51.685,51.76,51.68,51.75,6537,0
2017-04-11,19:45:00,51.74,51.74,51.66,51.71,19319,0
2017-04-11,19:50:00,51.69,51.73,51.69,51.69,5626,0
2017-04-11,19:55:00,51.69,51.74,51.69,51.7275,6200,0
2017-04-11,20:00:00,51.71,51.78,51.68,51.71,24006,0
2017-04-11,20:05:00,51.72,51.76,51.62,51.62,7235,0
2017-04-11,20:10:00,51.65,51.66,51.58,51.62,8225,0
2017-04-11,20:15:00,51.63,51.7,51.54,51.67,7500,0
2017-04-11,20:20:00,51.67,51.67,51.57,51.57,9129,0
2017-04-11,20:25:00,51.6,51.61,51.54,51.56,2802,0
2017-04-11,20:30:00,51.56,51.58,51.56,51.58,3750,0
2017-04-11,20:35:00,51.58,51.63,51.58,51.63,5987,0
2017-04-11,20:40:00,51.63,51.65,51.62,51.625,4198,0
2017-04-11,20:45:00,51.625,51.625,51.57,51.595,6466,0
2017-04-11,20:50:00,51.6,51.69,51.6,51.67,5182,0
2017-04-11,20:55:00,51.66,51.78,51.66,51.7562,10043,0
2017-04-11,21:00:00,51.76,51.78,51.69,51.73,6824,0
2017-04-11,21:05:00,51.72,51.72,51.64,51.64,11002,0
2017-04-11,21:10:00,51.63,51.64,51.57,51.57,12159,0
2017-04-11,21:15:00,51.59,51.61,51.51,51.51,6056,0
2017-04-11,21:20:00,51.485,51.53,51.47,51.51,8686,0
2017-04-11,21:25:00,51.52,51.56,51.52,51.53,6800,0
2017-04-11,21:30:00,51.53,51.58,51.53,51.53,10888,0
2017-04-11,21:35:00,51.535,51.63,51.51,51.63,11208,0
2017-04-11,21:40:00,51.62,51.705,51.61,51.7,18372,0
2017-04-11,21:45:00,51.7,51.7,51.65,51.67,28537,0
2017-04-11,21:50:00,51.67,51.67,51.62,51.64,13300,0
2017-04-11,21:55:00,51.63,51.66,51.6,51.66,33424,0
2017-04-11,22:00:00,51.66,51.78,51.66,51.77,140089,0
2017-04-12,15:35:00,51.83,51.83,51.62,51.69,10234,0
2017-04-12,15:40:00,51.59,51.67,51.54,51.62,2500,0
2017-04-12,15:45:00,51.595,51.66,51.595,51.62,1193,0
2017-04-12,15:50:00,51.75,51.76,51.665,51.68,1121,0
2017-04-12,15:55:00,51.739,51.74,51.6,51.74,1100,0
2017-04-12,16:00:00,51.63,51.665,51.527,51.62,1800,0
2017-04-12,16:05:00,51.719,51.72,51.5,51.54,2400,0
2017-04-12,16:10:00,51.55,51.55,51.5,51.55,1500,0
2017-04-12,16:15:00,51.53,51.54,51.47,51.485,2300,0
2017-04-12,16:20:00,51.52,51.719,51.52,51.64,3743,0
2017-04-12,16:25:00,51.64,51.64,51.57,51.57,2846,0
2017-04-12,16:30:00,51.57,51.575,51.41,51.46,2200,0
2017-04-12,16:35:00,51.48,51.56,51.48,51.51,2938,0
2017-04-12,16:40:00,51.54,51.54,51.47,51.509,1500,0
2017-04-12,16:45:00,51.47,51.49,51.37,51.37,2900,0
2017-04-12,16:50:00,51.37,51.37,51.28,51.28,1800,0
2017-04-12,16:55:00,51.27,51.4,51.25,51.4,2900,0
2017-04-12,17:00:00,51.403,51.469,51.38,51.415,7000,0
2017-04-12,17:05:00,51.44,51.44,51.33,51.33,5200,0
2017-04-12,17:10:00,51.35,51.46,51.35,51.46,2050,0
2017-04-12,17:15:00,51.47,51.47,51.43,51.47,2000,0
2017-04-12,17:20:00,51.46,51.46,51.39,51.41,1900,0
2017-04-12,17:25:00,51.41,51.41,51.33,51.33,1100,0
2017-04-12,17:30:00,51.36,51.42,51.33,51.35,2400,0
2017-04-12,17:35:00,51.34,51.37,51.32,51.32,1600,0
2017-04-12,17:40:00,51.32,51.33,51.21,51.24,3100,0
2017-04-12,17:45:00,51.22,51.26,51.22,51.24,1600,0
2017-04-12,17:50:00,51.25,51.25,51.19,51.21,1500,0
2017-04-12,17:55:00,51.2,51.2,51.14,51.14,1990,0
2017-04-12,18:00:00,51.14,51.21,51.12,51.2,3600,0
2017-04-12,18:05:00,51.23,51.23,51.18,51.2,913,0
2017-04-12,18:10:00,51.22,51.25,51.22,51.22,1300,0
2017-04-12,18:15:00,51.24,51.3,51.2175,51.29,2836,0
2017-04-12,18:20:00,51.29,51.37,51.29,51.37,1800,0
2017-04-12,18:25:00,51.34,51.4,51.3101,51.33,4948,0
2017-04-12,18:30:00,51.319,51.37,51.28,51.28,1884,0
2017-04-12,18:35:00,51.27,51.38,51.27,51.33,5247,0
2017-04-12,18:40:00,51.35,51.37,51.33,51.33,2200,0
2017-04-12,18:45:00,51.35,51.38,51.33,51.37,3490,0
2017-04-12,18:50:00,51.39,51.41,51.39,51.39,2434,0
2017-04-12,18:55:00,51.4,51.4,51.31,51.33,2000,0
2017-04-12,19:00:00,51.335,51.44,51.32,51.44,4850,0
2017-04-12,19:05:00,51.43,51.4697,51.41,51.43,5100,0
2017-04-12,19:10:00,51.43,51.51,51.41,51.51,5400,0
2017-04-12,19:15:00,51.505,51.58,51.5,51.54,22000,0
2017-04-12,19:20:00,51.54,51.58,51.53,51.57,2833,0
2017-04-12,19:25:00,51.57,51.62,51.54,51.6,8693,0
2017-04-12,19:30:00,51.59,51.6,51.58,51.58,1500,0
2017-04-12,19:35:00,51.58,51.58,51.53,51.57,2300,0
2017-04-12,19:40:00,51.55,51.64,51.55,51.64,2300,0
2017-04-12,19:45:00,51.65,51.67,51.63,51.63,2617,0
2017-04-12,19:50:00,51.632,51.65,51.61,51.65,2488,0
2017-04-12,19:55:00,51.64,51.64,51.57,51.57,1800,0
2017-04-12,20:00:00,51.56,51.64,51.55,51.64,3700,0
2017-04-12,20:05:00,51.65,51.65,51.57,51.61,1450,0
2017-04-12,20:10:00,51.59,51.61,51.55,51.57,3606,0
2017-04-12,20:15:00,51.59,51.59,51.55,51.55,1500,0
2017-04-12,20:20:00,51.54,51.58,51.52,51.58,2363,0
2017-04-12,20:25:00,51.575,51.585,51.56,51.58,2824,0
2017-04-12,20:30:00,51.56,51.56,51.53,51.54,1200,0
2017-04-12,20:35:00,51.55,51.59,51.53,51.57,4500,0
2017-04-12,20:40:00,51.56,51.59,51.53,51.55,4027,0
2017-04-12,20:45:00,51.53,51.53,51.45,51.45,2678,0
2017-04-12,20:50:00,51.44,51.46,51.44,51.45,2300,0
2017-04-12,20:55:00,51.45,51.46,51.42,51.45,3350,0
2017-04-12,21:00:00,51.46,51.47,51.452,51.47,1900,0
2017-04-12,21:05:00,51.45,51.48,51.43,51.44,5345,0
2017-04-12,21:10:00,51.43,51.435,51.39,51.4,7226,0
2017-04-12,21:15:00,51.382,51.44,51.382,51.4,3727,0
2017-04-12,21:20:00,51.38,51.38,51.26,51.26,2383,0
2017-04-12,21:25:00,51.24,51.38,51.24,51.34,4500,0
2017-04-12,21:30:00,51.33,51.33,51.26,51.26,4000,0
2017-04-12,21:35:00,51.28,51.37,51.28,51.37,5599,0
2017-04-12,21:40:00,51.35,51.35,51.285,51.29,8432,0
2017-04-12,21:45:00,51.29,51.3,51.21,51.21,5700,0
2017-04-12,21:50:00,51.21,51.25,51.19,51.22,8455,0
2017-04-12,21:55:00,51.21,51.26,51.17,51.2,28569,0
2017-04-12,22:00:00,51.2,51.26,51.195,51.22,111077,0
2017-04-13,15:35:00,51.1,51.1,51.1,51.1,1762,0
2017-04-13,15:45:00,51.1,51.2,51.035,51.11,4655,0
2017-04-13,15:50:00,51.13,51.17,51.12,51.17,700,0
2017-04-13,15:55:00,51.26,51.45,51.23,51.45,27400,0
2017-04-13,16:00:00,51.4,51.4,51.25,51.25,2528,0
2017-04-13,16:05:00,51.32,51.5,51.32,51.5,2154,0
2017-04-13,16:10:00,51.5,51.5,51.41,51.41,700,0
2017-04-13,16:15:00,51.43,51.5,51.33,51.35,2848,0
2017-04-13,16:20:00,51.36,51.41,51.36,51.39,600,0
2017-04-13,16:25:00,51.31,51.4,51.27,51.4,1100,0
2017-04-13,16:30:00,51.29,51.29,51.24,51.27,1900,0
2017-04-13,16:35:00,51.28,51.37,51.28,51.315,2300,0
2017-04-13,16:40:00,51.32,51.35,51.26,51.35,8260,0
2017-04-13,16:45:00,51.37,51.41,51.37,51.41,1500,0
2017-04-13,16:50:00,51.44,51.5,51.3768,51.3768,2281,0
2017-04-13,16:55:00,51.4,51.5,51.4,51.5,1014,0
2017-04-13,17:00:00,51.5,51.5,51.43,51.43,1100,0
2017-04-13,17:05:00,51.43,51.5,51.43,51.4501,2004,0
2017-04-13,17:10:00,51.45,51.48,51.415,51.42,3600,0
2017-04-13,17:15:00,51.42,51.43,51.41,51.43,500,0
2017-04-13,17:20:00,51.39,51.4,51.34,51.4,3900,0
2017-04-13,17:25:00,51.3634,51.3634,51.3634,51.3634,584,0
2017-04-13,17:30:00,51.4,51.41,51.4,51.41,300,0
2017-04-13,17:35:00,51.42,51.48,51.42,51.48,3700,0
2017-04-13,17:40:00,51.49,51.5,51.46,51.4626,2111,0
2017-04-13,17:45:00,51.45,51.45,51.37,51.37,400,0
2017-04-13,17:50:00,51.41,51.52,51.41,51.52,3601,0
2017-04-13,17:55:00,51.53,51.62,51.53,51.62,5317,0
2017-04-13,18:00:00,51.6,51.61,51.53,51.58,4100,0
2017-04-13,18:05:00,51.57,51.57,51.5,51.5,4660,0
2017-04-13,18:10:00,51.46,51.52,51.38,51.45,13199,0
2017-04-13,18:15:00,51.43,51.5,51.4275,51.48,6513,0
2017-04-13,18:20:00,51.47,51.5,51.45,51.47,9403,0
2017-04-13,18:25:00,51.47,51.53,51.44,51.44,15375,0
2017-04-13,18:30:00,51.425,51.4625,51.41,51.43,1502,0
2017-04-13,18:35:00,51.41,51.47,51.395,51.45,1100,0
2017-04-13,18:40:00,51.42,51.46,51.36,51.38,6700,0
2017-04-13,18:45:00,51.36,51.37,51.25,51.28,2700,0
2017-04-13,18:50:00,51.26,51.26,51.225,51.225,1200,0
2017-04-13,18:55:00,51.23,51.27,51.215,51.27,1200,0
2017-04-13,19:00:00,51.24,51.26,51.185,51.255,2650,0
2017-04-13,19:05:00,51.17,51.27,51.16,51.27,5786,0
2017-04-13,19:10:00,51.27,51.32,51.22,51.25,44811,0
2017-04-13,19:15:00,51.24,51.27,51.215,51.25,7600,0
2017-04-13,19:20:00,51.23,51.26,51.215,51.24,4100,0
2017-04-13,19:25:00,51.235,51.27,51.21,51.25,10767,0
2017-04-13,19:30:00,51.25,51.33,51.24,51.33,2600,0
2017-04-13,19:35:00,51.33,51.4,51.33,51.37,2859,0
2017-04-13,19:40:00,51.38,51.38,51.34,51.37,500,0
2017-04-13,19:45:00,51.34,51.36,51.28,51.28,1947,0
2017-04-13,19:50:00,51.26,51.28,51.2175,51.235,6818,0
2017-04-13,19:55:00,51.2,51.25,51.18,51.25,2204,0
2017-04-13,20:00:00,51.24,51.29,51.24,51.29,1804,0
2017-04-13,20:05:00,51.26,51.3,51.2455,51.2655,5829,0
2017-04-13,20:10:00,51.28,51.41,51.2593,51.41,2832,0
2017-04-13,20:15:00,51.41,51.43,51.41,51.41,1300,0
2017-04-13,20:20:00,51.37,51.41,51.36,51.39,3514,0
2017-04-13,20:25:00,51.37,51.45,51.37,51.42,2300,0
2017-04-13,20:30:00,51.41,51.4474,51.41,51.43,2209,0
2017-04-13,20:35:00,51.42,51.48,51.39,51.47,2400,0
2017-04-13,20:40:00,51.48,51.48,51.42,51.42,2700,0
2017-04-13,20:45:00,51.43,51.5,51.43,51.5,4360,0
2017-04-13,20:50:00,51.495,51.58,51.49,51.53,33591,0
2017-04-13,20:55:00,51.51,51.52,51.48,51.5,5200,0
2017-04-13,21:00:00,51.495,51.55,51.48,51.54,6585,0
2017-04-13,21:05:00,51.55,51.565,51.49,51.53,5877,0
2017-04-13,21:10:00,51.52,51.525,51.48,51.49,4600,0
2017-04-13,21:15:00,51.48,51.51,51.47,51.51,13553,0
2017-04-13,21:20:00,51.49,51.5,51.41,51.44,9368,0
2017-04-13,21:25:00,51.43,51.495,51.43,51.49,6171,0
2017-04-13,21:30:00,51.48,51.51,51.48,51.48,9455,0
2017-04-13,21:35:00,51.47,51.51,51.44,51.47,16960,0
2017-04-13,21:40:00,51.46,51.47,51.32,51.32,16339,0
2017-04-13,21:45:00,51.3101,51.3101,51.25,51.2737,14314,0
2017-04-13,21:50:00,51.275,51.44,51.27,51.44,14725,0
2017-04-13,21:55:00,51.46,51.49,51.38,51.4,33420,0
2017-04-13,22:00:00,51.39,51.4,51.28,51.33,143873,0
2017-04-17,15:35:00,51.4,51.5,51,51.42,6764,0
2017-04-17,15:40:00,51.39,51.39,51.27,51.33,3300,0
2017-04-17,15:45:00,51.4,51.4,51.15,51.25,3700,0
2017-04-17,15:50:00,51.26,51.33,51.25,51.28,1500,0
2017-04-17,15:55:00,51.36,51.39,51.32,51.39,1686,0
2017-04-17,16:00:00,51.4,51.48,51.345,51.41,1000,0
2017-04-17,16:05:00,51.375,51.375,51.23,51.24,6853,0
2017-04-17,16:10:00,51.26,51.28,51.22,51.27,7499,0
2017-04-17,16:15:00,51.26,51.36,51.26,51.33,2487,0
2017-04-17,16:20:00,51.34,51.44,51.33,51.39,3800,0
2017-04-17,16:25:00,51.4,51.43,51.37,51.43,3650,0
2017-04-17,16:30:00,51.43,51.43,51.34,51.3536,3534,0
2017-04-17,16:35:00,51.4,51.49,51.4,51.48,2600,0
2017-04-17,16:40:00,51.46,51.53,51.45,51.48,11131,0
2017-04-17,16:45:00,51.47,51.47,51.33,51.38,10857,0
2017-04-17,16:50:00,51.39,51.47,51.39,51.47,4000,0
2017-04-17,16:55:00,51.46,51.53,51.41,51.45,5369,0
2017-04-17,17:00:00,51.48,51.5,51.39,51.435,10221,0
2017-04-17,17:05:00,51.44,51.51,51.44,51.495,8826,0
2017-04-17,17:10:00,51.5,51.5199,51.46,51.48,13246,0
2017-04-17,17:15:00,51.49,51.53,51.49,51.49,11115,0
2017-04-17,17:20:00,51.5,51.55,51.45,51.5,13058,0
2017-04-17,17:25:00,51.505,51.51,51.47,51.48,4314,0
2017-04-17,17:30:00,51.47,51.52,51.45,51.52,5190,0
2017-04-17,17:35:00,51.51,51.51,51.46,51.47,4363,0
2017-04-17,17:40:00,51.47,51.515,51.47,51.5,11000,0
2017-04-17,17:45:00,51.51,51.53,51.45,51.45,21682,0
2017-04-17,17:50:00,51.475,51.48,51.405,51.4501,9935,0
2017-04-17,17:55:00,51.46,51.46,51.415,51.42,1600,0
2017-04-17,18:00:00,51.415,51.415,51.37,51.37,1300,0
2017-04-17,18:05:00,51.37,51.37,51.36,51.36,2663,0
2017-04-17,18:10:00,51.37,51.4,51.35,51.4,1400,0
2017-04-17,18:15:00,51.41,51.435,51.4,51.415,4829,0
2017-04-17,18:20:00,51.42,51.43,51.39,51.42,3224,0
2017-04-17,18:25:00,51.435,51.47,51.4302,51.45,3000,0
2017-04-17,18:30:00,51.47,51.49,51.45,51.485,1264,0
2017-04-17,18:35:00,51.5,51.5,51.45,51.45,2050,0
2017-04-17,18:40:00,51.45,51.48,51.45,51.48,1108,0
2017-04-17,18:45:00,51.49,51.52,51.49,51.5,2200,0
2017-04-17,18:50:00,51.52,51.52,51.47,51.48,1600,0
2017-04-17,18:55:00,51.47,51.485,51.46,51.48,2300,0
2017-04-17,19:00:00,51.47,51.5184,51.47,51.5,2043,0
2017-04-17,19:05:00,51.5,51.52,51.48,51.52,2767,0
2017-04-17,19:10:00,51.53,51.58,51.53,51.57,2300,0
2017-04-17,19:15:00,51.59,51.6,51.58,51.58,900,0
2017-04-17,19:20:00,51.58,51.61,51.57,51.61,1500,0
2017-04-17,19:25:00,51.59,51.59,51.54,51.56,2300,0
2017-04-17,19:30:00,51.6,51.65,51.6,51.65,1400,0
2017-04-17,19:35:00,51.64,51.65,51.61,51.65,1115,0
2017-04-17,19:40:00,51.65,51.65,51.62,51.64,1400,0
2017-04-17,19:45:00,51.65,51.65,51.58,51.58,700,0
2017-04-17,19:50:00,51.58,51.59,51.57,51.59,2300,0
2017-04-17,19:55:00,51.6,51.6,51.58,51.5897,1710,0
2017-04-17,20:00:00,51.6,51.6,51.59,51.59,2891,0
2017-04-17,20:05:00,51.57,51.6,51.57,51.6,1902,0
2017-04-17,20:10:00,51.58,51.6,51.56,51.58,5600,0
2017-04-17,20:15:00,51.59,51.66,51.59,51.66,1778,0
2017-04-17,20:20:00,51.63,51.65,51.62,51.62,2800,0
2017-04-17,20:25:00,51.62,51.65,51.6,51.6396,3458,0
2017-04-17,20:30:00,51.63,51.64,51.58,51.6,4958,0
2017-04-17,20:35:00,51.62,51.63,51.62,51.63,1389,0
2017-04-17,20:40:00,51.64,51.7255,51.637,51.7255,5078,0
2017-04-17,20:45:00,51.71,51.79,51.7,51.79,7060,0
2017-04-17,20:50:00,51.79,51.79,51.77,51.77,2100,0
2017-04-17,20:55:00,51.75,51.76,51.73,51.74,3015,0
2017-04-17,21:00:00,51.74,51.77,51.72,51.76,6584,0
2017-04-17,21:05:00,51.76,51.79,51.7215,51.73,4338,0
2017-04-17,21:10:00,51.72,51.7825,51.71,51.77,5406,0
2017-04-17,21:15:00,51.77,51.84,51.75,51.84,4808,0
2017-04-17,21:20:00,51.84,51.9,51.84,51.9,4500,0
2017-04-17,21:25:00,51.89,51.92,51.86,51.9,4312,0
2017-04-17,21:30:00,51.91,52,51.9,52,9676,0
2017-04-17,21:35:00,52,52.02,51.965,51.965,7812,0
2017-04-17,21:40:00,51.97,51.98,51.95,51.97,8773,0
2017-04-17,21:45:00,51.97,52.03,51.96,51.96,8603,0
2017-04-17,21:50:00,51.96,52.07,51.955,52.07,13803,0
2017-04-17,21:55:00,52.07,52.07,52.01,52.06,16577,0
2017-04-17,22:00:00,52.05,52.06,52.02,52.05,91032,0
2017-04-18,15:35:00,52.05,52.2,51.79,52.11,33708,0
2017-04-18,15:40:00,52.02,52.22,52,52.175,9515,0
2017-04-18,15:45:00,52.17,52.17,52.03,52.12,20732,0
2017-04-18,15:50:00,52.05,52.08,51.99,52.05,15600,0
2017-04-18,15:55:00,52.04,52.05,51.91,51.91,10800,0
2017-04-18,16:00:00,51.91,52.02,51.91,52.005,7300,0
2017-04-18,16:05:00,52,52.03,51.92,51.95,7500,0
2017-04-18,16:10:00,51.94,51.96,51.9,51.955,7746,0
2017-04-18,16:15:00,51.98,51.98,51.91,51.94,4800,0
2017-04-18,16:20:00,51.96,51.97,51.91,51.93,16097,0
2017-04-18,16:25:00,51.91,51.96,51.86,51.96,6121,0
2017-04-18,16:30:00,51.95,52,51.93,51.95,2616,0
2017-04-18,16:35:00,51.95,51.98,51.93,51.98,4294,0
2017-04-18,16:40:00,52,52,51.94,51.96,10137,0
2017-04-18,16:45:00,51.95,52,51.9,51.96,20036,0
2017-04-18,16:50:00,51.96,51.96,51.92,51.92,2200,0
2017-04-18,16:55:00,51.89,51.89,51.85,51.85,2300,0
2017-04-18,17:00:00,51.85,51.87,51.795,51.84,3350,0
2017-04-18,17:05:00,51.85,51.85,51.73,51.74,2900,0
2017-04-18,17:10:00,51.73,51.83,51.73,51.83,7800,0
2017-04-18,17:15:00,51.86,51.88,51.83,51.83,2100,0
2017-04-18,17:20:00,51.84,51.88,51.84,51.86,900,0
2017-04-18,17:25:00,51.83,51.84,51.78,51.8,2200,0
2017-04-18,17:30:00,51.81,51.91,51.79,51.9064,3908,0
2017-04-18,17:35:00,51.87,51.88,51.82,51.825,1488,0
2017-04-18,17:40:00,51.75,51.77,51.71,51.75,9603,0
2017-04-18,17:45:00,51.74,51.77,51.69,51.7,9013,0
2017-04-18,17:50:00,51.68,51.69,51.65,51.68,2800,0
2017-04-18,17:55:00,51.69,51.72,51.66,51.7,9326,0
2017-04-18,18:00:00,51.69,51.69,51.64,51.65,7189,0
2017-04-18,18:05:00,51.63,51.63,51.57,51.61,4038,0
2017-04-18,18:10:00,51.62,51.64,51.58,51.6,1900,0
2017-04-18,18:15:00,51.595,51.61,51.57,51.61,3200,0
2017-04-18,18:20:00,51.6,51.6,51.56,51.58,1300,0
2017-04-18,18:25:00,51.61,51.62,51.59,51.62,1762,0
2017-04-18,18:30:00,51.61,51.625,51.61,51.62,2954,0
2017-04-18,18:35:00,51.62,51.62,51.58,51.58,2500,0
2017-04-18,18:40:00,51.58,51.59,51.565,51.58,2100,0
2017-04-18,18:45:00,51.58,51.6,51.58,51.6,1224,0
2017-04-18,18:50:00,51.6,51.6,51.57,51.6,1500,0
2017-04-18,18:55:00,51.61,51.67,51.61,51.67,2412,0
2017-04-18,19:00:00,51.66,51.72,51.66,51.67,3700,0
2017-04-18,19:05:00,51.65,51.65,51.64,51.64,900,0
2017-04-18,19:10:00,51.66,51.7,51.66,51.69,1300,0
2017-04-18,19:15:00,51.71,51.75,51.697,51.73,1202,0
2017-04-18,19:20:00,51.7746,51.79,51.72,51.72,18161,0
2017-04-18,19:25:00,51.74,51.74,51.68,51.69,11652,0
2017-04-18,19:30:00,51.69,51.7,51.65,51.685,23642,0
2017-04-18,19:35:00,51.69,51.75,51.64,51.68,93622,0
2017-04-18,19:40:00,51.69,51.81,51.67,51.76,80071,0
2017-04-18,19:45:00,51.75,51.86,51.72,51.839,5455,0
2017-04-18,19:50:00,51.82,51.84,51.74,51.84,7294,0
2017-04-18,19:55:00,51.82,51.84,51.81,51.81,1500,0
2017-04-18,20:00:00,51.79,51.8079,51.76,51.76,2823,0
2017-04-18,20:05:00,51.77,51.86,51.77,51.8,2700,0
2017-04-18,20:10:00,51.81,51.82,51.8,51.82,2388,0
2017-04-18,20:15:00,51.83,51.83,51.79,51.79,8200,0
2017-04-18,20:20:00,51.82,51.94,51.82,51.92,8231,0
2017-04-18,20:25:00,51.93,51.95,51.89,51.9,6800,0
2017-04-18,20:30:00,51.894,51.98,51.894,51.98,14016,0
2017-04-18,20:35:00,51.98,51.99,51.97,51.99,3319,0
2017-04-18,20:40:00,51.99,52.1,51.99,52.02,9950,0
2017-04-18,20:45:00,52.03,52.04,51.93,51.93,4400,0
2017-04-18,20:50:00,51.93,51.95,51.9,51.94,3917,0
2017-04-18,20:55:00,51.95,52.08,51.93,52.04,8910,0
2017-04-18,21:00:00,52.02,52.05,51.96,52.02,13638,0
2017-04-18,21:05:00,52.03,52.04,51.99,52,6965,0
2017-04-18,21:10:00,52,52.04,51.99,52.02,6823,0
2017-04-18,21:15:00,52.05,52.07,52.02,52.07,3500,0
2017-04-18,21:20:00,52.05,52.07,52.03,52.07,6437,0
2017-04-18,21:25:00,52.09,52.13,52.07,52.08,6000,0
2017-04-18,21:30:00,52.09,52.09,52.07,52.09,5763,0
2017-04-18,21:35:00,52.1,52.12,52.06,52.06,5640,0
2017-04-18,21:40:00,52.06,52.18,52.06,52.12,10878,0
2017-04-18,21:45:00,52.13,52.21,52.12,52.13,8791,0
2017-04-18,21:50:00,52.135,52.16,52.12,52.13,9028,0
2017-04-18,21:55:00,52.12,52.14,52.05,52.07,19030,0
2017-04-18,22:00:00,52.08,52.2,52.08,52.14,107848,0
2017-04-19,15:35:00,52.27,52.47,52.24,52.29,7972,0
2017-04-19,15:40:00,52.37,52.46,52.17,52.22,4700,0
2017-04-19,15:45:00,52.21,52.23,52.11,52.17,3112,0
2017-04-19,15:50:00,52.23,52.29,52.14,52.25,2800,0
2017-04-19,15:55:00,52.28,52.3,52.21,52.3,1800,0
2017-04-19,16:00:00,52.34,52.445,52.3356,52.4,2841,0
2017-04-19,16:05:00,52.41,52.41,52.32,52.32,3562,0
2017-04-19,16:10:00,52.31,52.36,52.28,52.306,4673,0
2017-04-19,16:15:00,52.3,52.34,52.27,52.3,3300,0
2017-04-19,16:20:00,52.28,52.3,52.27,52.29,2600,0
2017-04-19,16:25:00,52.26,52.26,52.195,52.26,2854,0
2017-04-19,16:30:00,52.27,52.29,52.23,52.28,2100,0
2017-04-19,16:35:00,52.255,52.27,52.2,52.22,8147,0
2017-04-19,16:40:00,52.25,52.27,52.22,52.26,2000,0
2017-04-19,16:45:00,52.2523,52.2523,52.2,52.2,6626,0
2017-04-19,16:50:00,52.2,52.22,52.16,52.17,7163,0
2017-04-19,16:55:00,52.14,52.16,52.08,52.12,4948,0
2017-04-19,17:00:00,52.14,52.17,52.11,52.16,4995,0
2017-04-19,17:05:00,52.17,52.18,52.12,52.13,3300,0
2017-04-19,17:10:00,52.14,52.19,52.14,52.19,4800,0
2017-04-19,17:15:00,52.2,52.24,52.17,52.24,1500,0
2017-04-19,17:20:00,52.24,52.24,52.19,52.22,5553,0
2017-04-19,17:25:00,52.2,52.28,52.2,52.28,2350,0
2017-04-19,17:30:00,52.32,52.33,52.245,52.33,2900,0
2017-04-19,17:35:00,52.32,52.33,52.28,52.33,1800,0
2017-04-19,17:40:00,52.315,52.37,52.3,52.31,4900,0
2017-04-19,17:45:00,52.3,52.31,52.27,52.28,2700,0
2017-04-19,17:50:00,52.26,52.265,52.24,52.255,2000,0
2017-04-19,17:55:00,52.27,52.28,52.23,52.28,5700,0
2017-04-19,18:00:00,52.25,52.31,52.25,52.29,2162,0
2017-04-19,18:05:00,52.29,52.3,52.24,52.26,4320,0
2017-04-19,18:10:00,52.27,52.31,52.23,52.285,5300,0
2017-04-19,18:15:00,52.245,52.285,52.23,52.27,3100,0
2017-04-19,18:20:00,52.25,52.28,52.25,52.26,3157,0
2017-04-19,18:25:00,52.25,52.42,52.24,52.42,3400,0
2017-04-19,18:30:00,52.42,52.42,52.3,52.32,3800,0
2017-04-19,18:35:00,52.32,52.33,52.3,52.3,9410,0
2017-04-19,18:40:00,52.28,52.31,52.26,52.28,1500,0
2017-04-19,18:45:00,52.3,52.3,52.27,52.2825,3700,0
2017-04-19,18:50:00,52.29,52.3,52.27,52.27,1200,0
2017-04-19,18:55:00,52.2895,52.3,52.24,52.3,2974,0
2017-04-19,19:00:00,52.28,52.32,52.28,52.29,1735,0
2017-04-19,19:05:00,52.28,52.29,52.23,52.25,3088,0
2017-04-19,19:10:00,52.245,52.245,52.18,52.195,2400,0
2017-04-19,19:15:00,52.18,52.21,52.15,52.19,3100,0
2017-04-19,19:20:00,52.17,52.23,52.17,52.22,2300,0
2017-04-19,19:25:00,52.2,52.25,52.2,52.25,1300,0
2017-04-19,19:30:00,52.24,52.24,52.22,52.22,2600,0
2017-04-19,19:35:00,52.21,52.25,52.2,52.235,2500,0
2017-04-19,19:40:00,52.25,52.25,52.2,52.215,2400,0
2017-04-19,19:45:00,52.23,52.23,52.2,52.23,3000,0
2017-04-19,19:50:00,52.22,52.27,52.2,52.27,1900,0
2017-04-19,19:55:00,52.28,52.28,52.24,52.25,1769,0
2017-04-19,20:00:00,52.24,52.3,52.23,52.2862,9672,0
2017-04-19,20:05:00,52.3,52.31,52.27,52.29,5168,0
2017-04-19,20:10:00,52.3,52.3,52.24,52.26,4105,0
2017-04-19,20:15:00,52.27,52.28,52.2,52.21,5900,0
2017-04-19,20:20:00,52.205,52.21,52.15,52.18,5746,0
2017-04-19,20:25:00,52.165,52.18,52.09,52.1,9710,0
2017-04-19,20:30:00,52.12,52.27,52.1,52.26,10292,0
2017-04-19,20:35:00,52.25,52.26,52.21,52.25,8915,0
2017-04-19,20:40:00,52.26,52.27,52.23,52.26,3400,0
2017-04-19,20:45:00,52.23,52.29,52.23,52.27,2900,0
2017-04-19,20:50:00,52.27,52.27,52.11,52.14,35153,0
2017-04-19,20:55:00,52.155,52.17,52.01,52.08,10150,0
2017-04-19,21:00:00,52.09,52.2,52.075,52.2,4971,0
2017-04-19,21:05:00,52.15,52.17,52.1075,52.17,5484,0
2017-04-19,21:10:00,52.17,52.17,52.09,52.12,7010,0
2017-04-19,21:15:00,52.13,52.185,52.13,52.17,5735,0
2017-04-19,21:20:00,52.19,52.19,52.08,52.15,7820,0
2017-04-19,21:25:00,52.18,52.21,52.16,52.18,4218,0
2017-04-19,21:30:00,52.18,52.2,52.07,52.12,17040,0
2017-04-19,21:35:00,52.08,52.16,52.06,52.11,11727,0
2017-04-19,21:40:00,52.11,52.16,52.1,52.14,11033,0
2017-04-19,21:45:00,52.14,52.15,52.07,52.0798,8414,0
2017-04-19,21:50:00,52.09,52.14,52.07,52.08,19000,0
2017-04-19,21:55:00,52.06,52.09,52.03,52.07,23834,0
2017-04-19,22:00:00,52.07,52.15,52.055,52.12,70195,0
2017-04-20,15:35:00,50.04,51.25,50.04,50.88,69397,0
2017-04-20,15:40:00,50.97,51.42,50.91,51.15,63639,0
2017-04-20,15:45:00,51.15,51.35,51,51.055,63463,0
2017-04-20,15:50:00,51.06,51.16,50.99,51.08,47189,0
2017-04-20,15:55:00,51.06,51.27,51.06,51.27,29957,0
2017-04-20,16:00:00,51.29,51.32,51.25,51.31,19883,0
2017-04-20,16:05:00,51.28,51.32,51.12,51.22,29499,0
2017-04-20,16:10:00,51.205,51.22,51.1,51.22,12044,0
2017-04-20,16:15:00,51.25,51.33,51.22,51.27,15013,0
2017-04-20,16:20:00,51.28,51.35,51.23,51.35,9253,0
2017-04-20,16:25:00,51.36,51.57,51.36,51.56,8512,0
2017-04-20,16:30:00,51.51,51.58,51.49,51.58,9026,0
2017-04-20,16:35:00,51.565,51.78,51.565,51.755,9926,0
2017-04-20,16:40:00,51.78,52.02,51.78,51.91,22896,0
2017-04-20,16:45:00,51.91,51.975,51.81,51.82,12133,0
2017-04-20,16:50:00,51.86,51.92,51.845,51.89,7112,0
2017-04-20,16:55:00,51.905,51.92,51.81,51.85,6340,0
2017-04-20,17:00:00,51.84,52.18,51.83,52.16,22288,0
2017-04-20,17:05:00,52.165,52.25,52.14,52.25,21806,0
2017-04-20,17:10:00,52.22,52.3,52.22,52.28,47253,0
2017-04-20,17:15:00,52.29,52.32,52.18,52.19,14866,0
2017-04-20,17:20:00,52.18,52.18,52.03,52.13,6590,0
2017-04-20,17:25:00,52.09,52.11,52.01,52.08,8672,0
2017-04-20,17:30:00,52.08,52.19,52.06,52.13,3851,0
2017-04-20,17:35:00,52.13,52.13,51.99,52,7235,0
2017-04-20,17:40:00,51.99,52.015,51.82,51.82,13209,0
2017-04-20,17:45:00,51.84,51.97,51.8,51.97,6554,0
2017-04-20,17:50:00,51.99,52.0599,51.99,52.0599,2130,0
2017-04-20,17:55:00,52.01,52.06,51.97,52,16642,0
2017-04-20,18:00:00,52,52,51.89,51.89,10012,0
2017-04-20,18:05:00,51.92,51.96,51.83,51.83,9524,0
2017-04-20,18:10:00,51.835,51.84,51.78,51.82,7206,0
2017-04-20,18:15:00,51.84,51.88,51.82,51.88,4120,0
2017-04-20,18:20:00,51.88,51.88,51.71,51.71,5800,0
2017-04-20,18:25:00,51.7,51.78,51.7,51.71,5620,0
2017-04-20,18:30:00,51.74,51.765,51.71,51.71,4752,0
2017-04-20,18:35:00,51.74,51.7672,51.71,51.74,5461,0
2017-04-20,18:40:00,51.71,51.74,51.64,51.7,9300,0
2017-04-20,18:45:00,51.69,51.79,51.69,51.79,4403,0
2017-04-20,18:50:00,51.7899,51.82,51.75,51.82,6224,0
2017-04-20,18:55:00,51.85,51.9,51.825,51.85,24803,0
2017-04-20,19:00:00,51.85,51.86,51.73,51.79,12635,0
2017-04-20,19:05:00,51.76,51.81,51.76,51.76,3600,0
2017-04-20,19:10:00,51.79,51.8,51.64,51.64,5400,0
2017-04-20,19:15:00,51.585,51.64,51.58,51.64,3930,0
2017-04-20,19:20:00,51.62,51.64,51.58,51.59,5804,0
2017-04-20,19:25:00,51.56,51.56,51.45,51.52,21213,0
2017-04-20,19:30:00,51.51,51.52,51.39,51.49,38877,0
2017-04-20,19:35:00,51.5,51.5,51.43,51.49,5500,0
2017-04-20,19:40:00,51.5,51.56,51.46,51.48,8737,0
2017-04-20,19:45:00,51.48,51.5,51.42,51.48,8635,0
2017-04-20,19:50:00,51.46,51.48,51.36,51.37,33936,0
2017-04-20,19:55:00,51.3927,51.59,51.39,51.59,9513,0
2017-04-20,20:00:00,51.57,51.65,51.56,51.58,8275,0
2017-04-20,20:05:00,51.59,51.61,51.52,51.52,8599,0
2017-04-20,20:10:00,51.51,51.52,51.26,51.35,14871,0
2017-04-20,20:15:00,51.32,51.35,51.27,51.3,9604,0
2017-04-20,20:20:00,51.31,51.4,51.31,51.39,11147,0
2017-04-20,20:25:00,51.42,51.45,51.354,51.45,5590,0
2017-04-20,20:30:00,51.42,51.4835,51.38,51.4835,31422,0
2017-04-20,20:35:00,51.46,51.55,51.43,51.5496,5213,0
2017-04-20,20:40:00,51.54,51.59,51.5,51.56,14245,0
2017-04-20,20:45:00,51.54,51.56,51.48,51.49,8768,0
2017-04-20,20:50:00,51.46,51.51,51.44,51.5,5595,0
2017-04-20,20:55:00,51.53,51.53,51.43,51.43,8475,0
2017-04-20,21:00:00,51.44,51.51,51.44,51.48,5118,0
2017-04-20,21:05:00,51.47,51.475,51.38,51.41,10304,0
2017-04-20,21:10:00,51.42,51.5,51.42,51.49,7775,0
2017-04-20,21:15:00,51.48,51.48,51.4,51.4,12777,0
2017-04-20,21:20:00,51.42,51.45,51.39,51.41,10936,0
2017-04-20,21:25:00,51.41,51.41,51.32,51.32,38054,0
2017-04-20,21:30:00,51.335,51.335,51.25,51.29,14381,0
2017-04-20,21:35:00,51.31,51.31,51.23,51.24,21933,0
2017-04-20,21:40:00,51.23,51.25,51.17,51.2,22340,0
2017-04-20,21:45:00,51.2,51.2,51.15,51.15,33975,0
2017-04-20,21:50:00,51.16,51.18,51.07,51.105,40135,0
2017-04-20,21:55:00,51.1,51.17,51.07,51.105,79960,0
2017-04-20,22:00:00,51.105,51.115,51,51.05,148710,0
2017-04-21,15:35:00,51.15,51.15,50.2,50.77,16750,0
2017-04-21,15:40:00,50.67,50.76,50.6101,50.72,5700,0
2017-04-21,15:45:00,50.725,50.81,50.69,50.798,7550,0
2017-04-21,15:50:00,50.815,50.88,50.76,50.76,7144,0
2017-04-21,15:55:00,50.77,50.8,50.68,50.72,5718,0
2017-04-21,16:00:00,50.69,50.83,50.69,50.77,5696,0
2017-04-21,16:05:00,50.76,50.9,50.76,50.85,11772,0
2017-04-21,16:10:00,50.86,50.9,50.8,50.82,9300,0
2017-04-21,16:15:00,50.82,50.88,50.805,50.86,6274,0
2017-04-21,16:20:00,50.87,50.9,50.84,50.86,11830,0
2017-04-21,16:25:00,50.89,50.9,50.8,50.84,9680,0
2017-04-21,16:30:00,50.82,50.84,50.7,50.72,7450,0
2017-04-21,16:35:00,50.74,50.75,50.67,50.69,4352,0
2017-04-21,16:40:00,50.7,50.72,50.63,50.65,6873,0
2017-04-21,16:45:00,50.65,50.72,50.64,50.7,6239,0
2017-04-21,16:50:00,50.71,50.79,50.71,50.74,5400,0
2017-04-21,16:55:00,50.75,50.76,50.72,50.74,2747,0
2017-04-21,17:00:00,50.73,50.75,50.68,50.75,5666,0
2017-04-21,17:05:00,50.75,50.75,50.71,50.73,7000,0
2017-04-21,17:10:00,50.75,50.75,50.695,50.7,8700,0
2017-04-21,17:15:00,50.7,50.72,50.63,50.64,8382,0
2017-04-21,17:20:00,50.63,50.68,50.595,50.66,6071,0
2017-04-21,17:25:00,50.68,50.68,50.61,50.64,6061,0
2017-04-21,17:30:00,50.65,50.65,50.59,50.61,6150,0
2017-04-21,17:35:00,50.64,50.68,50.63,50.67,3449,0
2017-04-21,17:40:00,50.67,50.67,50.57,50.57,6463,0
2017-04-21,17:45:00,50.57,50.59,50.55,50.59,4212,0
2017-04-21,17:50:00,50.6,50.61,50.59,50.61,3454,0
2017-04-21,17:55:00,50.6,50.62,50.57,50.61,5241,0
2017-04-21,18:00:00,50.62,50.66,50.61,50.62,6402,0
2017-04-21,18:05:00,50.63,50.67,50.63,50.64,4998,0
2017-04-21,18:10:00,50.63,50.64,50.6,50.63,7100,0
2017-04-21,18:15:00,50.625,50.64,50.55,50.55,4699,0
2017-04-21,18:20:00,50.56,50.6,50.55,50.6,2340,0
2017-04-21,18:25:00,50.61,50.61,50.58,50.6,4100,0
2017-04-21,18:30:00,50.6,50.6,50.53,50.53,5304,0
2017-04-21,18:35:00,50.53,50.58,50.53,50.58,2176,0
2017-04-21,18:40:00,50.57,50.57,50.52,50.56,4729,0
2017-04-21,18:45:00,50.58,50.6,50.55,50.6,15884,0
2017-04-21,18:50:00,50.6,50.61,50.56,50.56,2099,0
2017-04-21,18:55:00,50.55,50.63,50.55,50.57,5600,0
2017-04-21,19:00:00,50.57,50.57,50.53,50.54,4400,0
2017-04-21,19:05:00,50.54,50.58,50.51,50.52,18168,0
2017-04-21,19:10:00,50.52,50.58,50.52,50.52,8040,0
2017-04-21,19:15:00,50.53,50.53,50.42,50.46,8000,0
2017-04-21,19:20:00,50.45,50.45,50.39,50.39,5273,0
2017-04-21,19:25:00,50.37,50.43,50.37,50.43,6110,0
2017-04-21,19:30:00,50.44,50.44,50.41,50.42,2878,0
2017-04-21,19:35:00,50.44,50.44,50.34,50.35,9664,0
2017-04-21,19:40:00,50.35,50.37,50.26,50.33,10040,0
2017-04-21,19:45:00,50.32,50.37,50.295,50.37,4300,0
2017-04-21,19:50:00,50.4,50.4,50.36,50.36,6000,0
2017-04-21,19:55:00,50.35,50.39,50.34,50.34,4600,0
2017-04-21,20:00:00,50.35,50.5,50.34,50.46,11376,0
2017-04-21,20:05:00,50.48,50.5,50.45,50.46,8190,0
2017-04-21,20:10:00,50.45,50.45,50.41,50.415,5708,0
2017-04-21,20:15:00,50.42,50.45,50.395,50.42,8437,0
2017-04-21,20:20:00,50.415,50.45,50.41,50.41,5200,0
2017-04-21,20:25:00,50.41,50.4503,50.41,50.45,6610,0
2017-04-21,20:30:00,50.46,50.54,50.46,50.5,6916,0
2017-04-21,20:35:00,50.51,50.5122,50.46,50.49,7171,0
2017-04-21,20:40:00,50.5,50.5,50.48,50.49,2800,0
2017-04-21,20:45:00,50.48,50.485,50.41,50.41,6800,0
2017-04-21,20:50:00,50.42,50.44,50.375,50.39,8700,0
2017-04-21,20:55:00,50.39,50.435,50.375,50.42,23940,0
2017-04-21,21:00:00,50.42,50.46,50.42,50.44,10292,0
2017-04-21,21:05:00,50.44,50.44,50.38,50.395,7000,0
2017-04-21,21:10:00,50.4,50.41,50.34,50.38,12640,0
2017-04-21,21:15:00,50.38,50.38,50.28,50.29,13535,0
2017-04-21,21:20:00,50.29,50.3,50.23,50.25,17425,0
2017-04-21,21:25:00,50.23,50.26,50.22,50.23,13623,0
2017-04-21,21:30:00,50.22,50.32,50.22,50.32,12274,0
2017-04-21,21:35:00,50.32,50.35,50.295,50.31,21438,0
2017-04-21,21:40:00,50.32,50.37,50.295,50.305,34185,0
2017-04-21,21:45:00,50.31,50.385,50.305,50.385,21814,0
2017-04-21,21:50:00,50.385,50.39,50.37,50.37,30865,0
2017-04-21,21:55:00,50.38,50.38,50.28,50.28,45257,0
2017-04-21,22:00:00,50.29,50.29,50.08,50.1,184716,0
2017-04-24,15:35:00,51.01,52.245,50.92,50.95,11556,0
2017-04-24,15:40:00,50.94,51.05,50.83,51.05,9103,0
2017-04-24,15:45:00,51.2,51.2,50.85,51.02,14749,0
2017-04-24,15:50:00,51.08,51.08,50.88,50.94,10471,0
2017-04-24,15:55:00,51.02,51.02,50.89,51,5600,0
2017-04-24,16:00:00,50.99,51.05,50.85,50.91,13437,0
2017-04-24,16:05:00,50.84,51.01,50.82,50.98,8792,0
2017-04-24,16:10:00,50.952,50.952,50.87,50.88,5239,0
2017-04-24,16:15:00,50.86,50.91,50.8,50.87,3600,0
2017-04-24,16:20:00,50.83,50.92,50.75,50.87,6200,0
2017-04-24,16:25:00,50.87,50.87,50.76,50.79,3400,0
2017-04-24,16:30:00,50.79,50.87,50.77,50.84,7498,0
2017-04-24,16:35:00,50.84,50.85,50.72,50.73,5100,0
2017-04-24,16:40:00,50.74,50.76,50.66,50.76,26136,0
2017-04-24,16:45:00,50.74,50.87,50.73,50.83,9805,0
2017-04-24,16:50:00,50.81,50.88,50.8,50.8788,5639,0
2017-04-24,16:55:00,50.88,50.905,50.81,50.82,10654,0
2017-04-24,17:00:00,50.81,50.87,50.8,50.81,2700,0
2017-04-24,17:05:00,50.83,50.88,50.83,50.87,7239,0
2017-04-24,17:10:00,50.88,50.89,50.82,50.84,8416,0
2017-04-24,17:15:00,50.86,50.86,50.76,50.78,8700,0
2017-04-24,17:20:00,50.77,50.805,50.73,50.77,12468,0
2017-04-24,17:25:00,50.77,50.78,50.73,50.73,7796,0
2017-04-24,17:30:00,50.73,50.745,50.68,50.73,9744,0
2017-04-24,17:35:00,50.73,50.73,50.68,50.705,5498,0
2017-04-24,17:40:00,50.72,50.74,50.69,50.69,5156,0
2017-04-24,17:45:00,50.69,50.7,50.65,50.69,6667,0
2017-04-24,17:50:00,50.6936,50.71,50.67,50.695,3900,0
2017-04-24,17:55:00,50.69,50.72,50.68,50.68,3410,0
2017-04-24,18:00:00,50.6885,50.69,50.67,50.68,2735,0
2017-04-24,18:05:00,50.7,50.73,50.69,50.73,3100,0
2017-04-24,18:10:00,50.72,50.74,50.71,50.73,3400,0
2017-04-24,18:15:00,50.76,50.77,50.71,50.71,2000,0
2017-04-24,18:20:00,50.7,50.74,50.7,50.73,5000,0
2017-04-24,18:25:00,50.74,50.74,50.69,50.7,2300,0
2017-04-24,18:30:00,50.7,50.72,50.7,50.71,2410,0
2017-04-24,18:35:00,50.6939,50.71,50.69,50.71,5115,0
2017-04-24,18:40:00,50.7,50.71,50.67,50.7,4013,0
2017-04-24,18:45:00,50.69,50.69,50.67,50.68,2355,0
2017-04-24,18:50:00,50.68,50.7,50.68,50.7,700,0
2017-04-24,18:55:00,50.68,50.7,50.68,50.68,1200,0
2017-04-24,19:00:00,50.68,50.68,50.64,50.67,4900,0
2017-04-24,19:05:00,50.66,50.7,50.66,50.68,2400,0
2017-04-24,19:10:00,50.69,50.7031,50.67,50.7031,1565,0
2017-04-24,19:15:00,50.7,50.71,50.68,50.68,2200,0
2017-04-24,19:20:00,50.7,50.705,50.68,50.7,15101,0
2017-04-24,19:25:00,50.69,50.77,50.69,50.74,9308,0
2017-04-24,19:30:00,50.74,50.78,50.74,50.74,4719,0
2017-04-24,19:35:00,50.74,50.76,50.73,50.75,3003,0
2017-04-24,19:40:00,50.73,50.75,50.72,50.75,1800,0
2017-04-24,19:45:00,50.74,50.74,50.72,50.73,1707,0
2017-04-24,19:50:00,50.72,50.74,50.7,50.72,3500,0
2017-04-24,19:55:00,50.72,50.77,50.71,50.77,10611,0
2017-04-24,20:00:00,50.75,50.79,50.75,50.77,4009,0
2017-04-24,20:05:00,50.77,50.8,50.77,50.7807,4870,0
2017-04-24,20:10:00,50.785,50.84,50.77,50.83,6304,0
2017-04-24,20:15:00,50.83,50.84,50.79,50.8,2903,0
2017-04-24,20:20:00,50.8,50.85,50.8,50.85,4949,0
2017-04-24,20:25:00,50.84,50.9,50.83,50.88,8986,0
2017-04-24,20:30:00,50.87,50.91,50.86,50.91,3477,0
2017-04-24,20:35:00,50.91,50.94,50.89,50.94,3000,0
2017-04-24,20:40:00,50.92,50.93,50.89,50.89,3918,0
2017-04-24,20:45:00,50.89,50.91,50.87,50.91,4766,0
2017-04-24,20:50:00,50.89,50.91,50.85,50.88,2413,0
2017-04-24,20:55:00,50.88,50.9,50.85,50.868,4500,0
2017-04-24,21:00:00,50.85,50.87,50.81,50.83,8063,0
2017-04-24,21:05:00,50.86,50.89,50.82,50.89,6472,0
2017-04-24,21:10:00,50.88,50.88,50.85,50.88,5955,0
2017-04-24,21:15:00,50.87,50.89,50.865,50.8836,5358,0
2017-04-24,21:20:00,50.88,50.93,50.88,50.92,7173,0
2017-04-24,21:25:00,50.92,50.93,50.89,50.895,6204,0
2017-04-24,21:30:00,50.89,50.92,50.875,50.92,7501,0
2017-04-24,21:35:00,50.91,50.929,50.89,50.89,12709,0
2017-04-24,21:40:00,50.91,50.959,50.89,50.955,15751,0
2017-04-24,21:45:00,50.95,50.995,50.93,50.99,21855,0
2017-04-24,21:50:00,50.98,50.985,50.94,50.95,33383,0
2017-04-24,21:55:00,50.99,51.05,50.95,51.03,64769,0
2017-04-24,22:00:00,51.05,51.05,50.99,51,216627,0
2017-04-25,15:35:00,51.41,51.41,51.23,51.36,4079,0
2017-04-25,15:40:00,51.42,51.42,51.2775,51.2775,2400,0
2017-04-25,15:45:00,51.275,51.36,51.22,51.25,6700,0
2017-04-25,15:50:00,51.255,51.42,51.23,51.36,6672,0
2017-04-25,15:55:00,51.34,51.36,51.23,51.24,2800,0
2017-04-25,16:00:00,51.27,51.33,51.24,51.31,2700,0
2017-04-25,16:05:00,51.3,51.32,51.22,51.26,3300,0
2017-04-25,16:10:00,51.26,51.29,51.18,51.18,8334,0
2017-04-25,16:15:00,51.16,51.23,51.16,51.18,1509,0
2017-04-25,16:20:00,51.15,51.19,50.95,50.96,20586,0
2017-04-25,16:25:00,50.96,51,50.93,50.94,10763,0
2017-04-25,16:30:00,50.94,50.98,50.92,50.93,7860,0
2017-04-25,16:35:00,50.93,50.93,50.88,50.93,5549,0
2017-04-25,16:40:00,50.96,50.99,50.93,50.96,4100,0
2017-04-25,16:45:00,50.881,50.9,50.85,50.88,4534,0
2017-04-25,16:50:00,50.88,50.88,50.84,50.855,1900,0
2017-04-25,16:55:00,50.85,50.94,50.85,50.89,3500,0
2017-04-25,17:00:00,50.88,50.9,50.83,50.83,8239,0
2017-04-25,17:05:00,50.85,50.85,50.82,50.85,2478,0
2017-04-25,17:10:00,50.87,50.91,50.85,50.9,4086,0
2017-04-25,17:15:00,50.9,50.91,50.875,50.91,1900,0
2017-04-25,17:20:00,50.91,50.95,50.91,50.93,1811,0
2017-04-25,17:25:00,50.95,50.95,50.895,50.895,2211,0
2017-04-25,17:30:00,50.9,50.91,50.79,50.81,4137,0
2017-04-25,17:35:00,50.83,50.83,50.76,50.775,1400,0
2017-04-25,17:40:00,50.75,50.75,50.7,50.7,1700,0
2017-04-25,17:45:00,50.71,50.7177,50.685,50.7,3578,0
2017-04-25,17:50:00,50.71,50.735,50.7,50.7,4957,0
2017-04-25,17:55:00,50.7,50.73,50.7,50.73,400,0
2017-04-25,18:00:00,50.73,50.76,50.72,50.75,3900,0
2017-04-25,18:05:00,50.77,50.815,50.76,50.81,8941,0
2017-04-25,18:10:00,50.81,50.85,50.795,50.795,7410,0
2017-04-25,18:15:00,50.8,50.8,50.74,50.78,5418,0
2017-04-25,18:20:00,50.79,50.855,50.79,50.8,7071,0
2017-04-25,18:25:00,50.8,50.83,50.8,50.825,2349,0
2017-04-25,18:30:00,50.83,50.84,50.82,50.825,1700,0
2017-04-25,18:35:00,50.825,50.825,50.79,50.79,3312,0
2017-04-25,18:40:00,50.8,50.8,50.77,50.79,3743,0
2017-04-25,18:45:00,50.79,50.83,50.78,50.82,5162,0
2017-04-25,18:50:00,50.825,50.87,50.81,50.85,11276,0
2017-04-25,18:55:00,50.85,50.875,50.82,50.8675,4954,0
2017-04-25,19:00:00,50.87,50.895,50.865,50.87,7600,0
2017-04-25,19:05:00,50.86,50.92,50.86,50.92,6700,0
2017-04-25,19:10:00,50.93,50.94,50.855,50.86,12072,0
2017-04-25,19:15:00,50.85,50.9,50.85,50.89,4479,0
2017-04-25,19:20:00,50.89,50.91,50.85,50.86,4941,0
2017-04-25,19:25:00,50.875,50.88,50.86,50.87,3264,0
2017-04-25,19:30:00,50.87,50.88,50.85,50.86,3691,0
2017-04-25,19:35:00,50.87,50.87,50.84,50.87,2893,0
2017-04-25,19:40:00,50.86,50.91,50.86,50.88,5185,0
2017-04-25,19:45:00,50.87,50.93,50.87,50.93,3400,0
2017-04-25,19:50:00,50.94,50.965,50.94,50.94,3441,0
2017-04-25,19:55:00,50.94,50.94,50.89,50.89,7983,0
2017-04-25,20:00:00,50.89,50.91,50.86,50.88,5825,0
2017-04-25,20:05:00,50.89,50.9,50.87,50.9,6611,0
2017-04-25,20:10:00,50.9,50.9,50.88,50.89,5966,0
2017-04-25,20:15:00,50.8925,50.9,50.86,50.86,10266,0
2017-04-25,20:20:00,50.86,50.89,50.86,50.86,7173,0
2017-04-25,20:25:00,50.87,50.87,50.83,50.84,2550,0
2017-04-25,20:30:00,50.84,50.87,50.8375,50.84,7714,0
2017-04-25,20:35:00,50.85,50.86,50.84,50.85,5282,0
2017-04-25,20:40:00,50.87,50.885,50.84,50.85,10892,0
2017-04-25,20:45:00,50.84,50.84,50.82,50.82,10687,0
2017-04-25,20:50:00,50.82,50.88,50.82,50.84,8374,0
2017-04-25,20:55:00,50.8303,50.86,50.83,50.84,5316,0
2017-04-25,21:00:00,50.83,50.84,50.78,50.78,6217,0
2017-04-25,21:05:00,50.79,50.84,50.78,50.825,8873,0
2017-04-25,21:10:00,50.82,50.84,50.81,50.83,9547,0
2017-04-25,21:15:00,50.83,50.855,50.83,50.84,11396,0
2017-04-25,21:20:00,50.84,50.845,50.8,50.835,7900,0
2017-04-25,21:25:00,50.84,50.845,50.82,50.835,12029,0
2017-04-25,21:30:00,50.83,50.85,50.81,50.84,10873,0
2017-04-25,21:35:00,50.84,50.845,50.78,50.79,10165,0
2017-04-25,21:40:00,50.8,50.845,50.795,50.84,13844,0
2017-04-25,21:45:00,50.835,50.8525,50.82,50.83,20331,0
2017-04-25,21:50:00,50.83,50.83,50.75,50.76,10000,0
2017-04-25,21:55:00,50.78,50.83,50.76,50.83,28670,0
2017-04-25,22:00:00,50.82,50.85,50.77,50.8,129820,0
2017-04-26,15:35:00,50.94,51,50.58,50.97,27564,0
2017-04-26,15:40:00,50.99,51.01,50.9375,50.98,13824,0
2017-04-26,15:45:00,50.95,50.98,50.9,50.96,1300,0
2017-04-26,15:50:00,50.9668,51.03,50.9668,51.02,4702,0
2017-04-26,15:55:00,51.05,51.07,51.02,51.02,45283,0
2017-04-26,16:00:00,51,51.01,50.83,50.87,3400,0
2017-04-26,16:05:00,50.87,50.89,50.8,50.82,2900,0
2017-04-26,16:10:00,50.85,50.93,50.83,50.9,2900,0
2017-04-26,16:15:00,50.88,50.88,50.84,50.88,1500,0
2017-04-26,16:20:00,50.89,50.89,50.82,50.86,2900,0
2017-04-26,16:25:00,50.85,50.85,50.79,50.81,1300,0
2017-04-26,16:30:00,50.82,50.82,50.805,50.82,1200,0
2017-04-26,16:35:00,50.81,50.82,50.76,50.78,3200,0
2017-04-26,16:40:00,50.78,50.79,50.75,50.775,3276,0
2017-04-26,16:45:00,50.76,50.78,50.74,50.77,1400,0
2017-04-26,16:50:00,50.77,50.795,50.74,50.795,4440,0
2017-04-26,16:55:00,50.82,50.82,50.79,50.8,3208,0
2017-04-26,17:00:00,50.79,50.81,50.77,50.79,3076,0
2017-04-26,17:05:00,50.79,50.85,50.78,50.85,11787,0
2017-04-26,17:10:00,50.86,50.92,50.86,50.9,13268,0
2017-04-26,17:15:00,50.91,50.97,50.9,50.96,4499,0
2017-04-26,17:20:00,50.97,50.98,50.93,50.94,8921,0
2017-04-26,17:25:00,50.95,51.03,50.94,51.03,10385,0
2017-04-26,17:30:00,51.01,51.09,51.005,51.06,5401,0
2017-04-26,17:35:00,51.065,51.1,51.05,51.09,2700,0
2017-04-26,17:40:00,51.095,51.095,51,51,6500,0
2017-04-26,17:45:00,50.99,50.99,50.86,50.86,6698,0
2017-04-26,17:50:00,50.86,50.87,50.77,50.82,4658,0
2017-04-26,17:55:00,50.79,50.845,50.77,50.84,6300,0
2017-04-26,18:00:00,50.85,50.9,50.83,50.9,2383,0
2017-04-26,18:05:00,50.88,50.89,50.86,50.87,3000,0
2017-04-26,18:10:00,50.88,50.88,50.82,50.85,5944,0
2017-04-26,18:15:00,50.85,50.95,50.82,50.95,1800,0
2017-04-26,18:20:00,50.94,50.96,50.93,50.93,3100,0
2017-04-26,18:25:00,50.91,50.93,50.91,50.93,300,0
2017-04-26,18:30:00,50.95,50.95,50.9,50.9,2523,0
2017-04-26,18:35:00,50.89,50.89,50.87,50.87,500,0
2017-04-26,18:40:00,50.9,50.9,50.88,50.89,2800,0
2017-04-26,18:45:00,50.91,50.92,50.89,50.92,2300,0
2017-04-26,18:50:00,50.925,50.97,50.925,50.94,2906,0
2017-04-26,18:55:00,50.94,50.99,50.94,50.96,2300,0
2017-04-26,19:00:00,51.01,51.05,51.003,51.015,3111,0
2017-04-26,19:05:00,51.01,51.01,50.96,50.96,5000,0
2017-04-26,19:10:00,50.995,51.0099,50.995,51,2006,0
2017-04-26,19:15:00,51,51,50.98,50.98,3815,0
2017-04-26,19:20:00,51,51.005,50.95,50.95,4258,0
2017-04-26,19:25:00,50.965,50.98,50.96,50.975,1400,0
2017-04-26,19:30:00,50.98,50.98,50.92,50.92,4859,0
2017-04-26,19:35:00,50.91,50.91,50.88,50.91,3945,0
2017-04-26,19:40:00,50.92,50.96,50.89,50.96,3300,0
2017-04-26,19:45:00,50.95,50.98,50.91,50.98,7292,0
2017-04-26,19:50:00,50.98,50.99,50.83,50.83,5486,0
2017-04-26,19:55:00,50.86,50.9,50.84,50.89,6157,0
2017-04-26,20:00:00,50.89,50.89,50.85,50.87,4609,0
2017-04-26,20:05:00,50.87,50.87,50.82,50.85,3615,0
2017-04-26,20:10:00,50.84,50.88,50.81,50.88,4369,0
2017-04-26,20:15:00,50.89,50.9,50.88,50.9,1600,0
2017-04-26,20:20:00,50.93,50.93,50.9,50.9,2999,0
2017-04-26,20:25:00,50.8898,50.91,50.87,50.89,1988,0
2017-04-26,20:30:00,50.89,50.93,50.88,50.93,5981,0
2017-04-26,20:35:00,50.93,51,50.93,50.95,12056,0
2017-04-26,20:40:00,50.9767,50.9767,50.9,50.9,5221,0
2017-04-26,20:45:00,50.92,50.95,50.9,50.95,3500,0
2017-04-26,20:50:00,50.96,51,50.96,50.98,5400,0
2017-04-26,20:55:00,50.99,50.99,50.965,50.965,4464,0
2017-04-26,21:00:00,50.96,50.97,50.93,50.93,4378,0
2017-04-26,21:05:00,50.92,50.96,50.91,50.94,4574,0
2017-04-26,21:10:00,50.94,50.97,50.935,50.96,5285,0
2017-04-26,21:15:00,50.965,50.98,50.96,50.965,6381,0
2017-04-26,21:20:00,50.96,51,50.92,50.99,22897,0
2017-04-26,21:25:00,50.99,50.99,50.93,50.94,16351,0
2017-04-26,21:30:00,50.95,50.975,50.93,50.975,15643,0
2017-04-26,21:35:00,50.98,50.995,50.93,50.95,15259,0
2017-04-26,21:40:00,50.95,50.95,50.87,50.87,27936,0
2017-04-26,21:45:00,50.87,50.9,50.83,50.87,15025,0
2017-04-26,21:50:00,50.87,50.875,50.71,50.77,49228,0
2017-04-26,21:55:00,50.78,50.85,50.78,50.82,26979,0
2017-04-26,22:00:00,50.82,50.92,50.82,50.88,132661,0
