Date,Time,Open,High,Low,Close,Volume,OpenInt
2016-04-25,16:10:00,25.98,25.98,25.98,25.98,208,0
2016-04-25,20:00:00,25.97,25.97,25.97,25.97,385,0
2016-04-26,16:15:00,26.077,26.077,26.077,26.077,103,0
2016-04-26,16:35:00,26.067,26.067,26.067,26.067,150,0
2016-04-26,16:55:00,26.067,26.067,26.067,26.067,153,0
2016-04-26,17:05:00,26.057,26.057,26.057,26.057,208,0
2016-04-26,17:25:00,26.087,26.087,26.087,26.087,103,0
2016-04-26,17:40:00,26.085,26.087,26.085,26.087,208,0
2016-04-26,18:00:00,26.096,26.106,26.096,26.106,1051,0
2016-04-26,18:05:00,26.106,26.116,26.106,26.116,904,0
2016-04-26,19:00:00,26.106,26.116,26.106,26.116,1141,0
2016-04-26,20:30:00,26.135,26.135,26.135,26.135,228,0
2016-04-26,21:35:00,26.135,26.135,26.135,26.135,208,0
2016-04-26,21:45:00,26.125,26.125,26.116,26.116,208,0
2016-04-26,22:00:00,26.125,26.135,26.125,26.135,606,0
2016-04-27,15:35:00,26.415,26.415,26.135,26.135,1124,0
2016-04-27,16:25:00,26.145,26.145,26.145,26.145,103,0
2016-04-27,16:40:00,26.125,26.135,26.125,26.135,1141,0
2016-04-27,16:45:00,26.125,26.125,26.125,26.125,311,0
2016-04-28,21:50:00,26.222,26.222,26.222,26.222,170,0
2016-04-29,15:35:00,26.568,26.568,26.568,26.568,194,0
2016-04-29,16:00:00,26.363,26.366,26.363,26.366,208,0
2016-04-29,19:15:00,26.267,26.267,26.267,26.267,416,0
2016-04-29,20:25:00,26.173,26.173,26.173,26.173,3420,0
2016-04-29,20:55:00,26.244,26.259,26.244,26.259,416,0
2016-05-02,15:35:00,26.53,26.53,26.53,26.53,617,0
2016-05-02,15:40:00,26.56,26.56,26.56,26.56,311,0
2016-05-02,15:45:00,26.53,26.53,26.53,26.53,212,0
2016-05-02,16:50:00,26.338,26.338,26.289,26.289,829,0
2016-05-02,17:00:00,26.286,26.286,26.286,26.286,155,0
2016-05-02,17:55:00,26.289,26.289,26.289,26.289,1296,0
2016-05-02,18:25:00,26.286,26.289,26.232,26.232,1036,0
2016-05-02,21:25:00,26.289,26.289,26.289,26.289,264,0
2016-05-02,22:00:00,26.289,26.289,26.289,26.289,103,0
2016-05-03,15:35:00,26.289,26.289,26.289,26.289,171,0
2016-05-03,16:40:00,26.145,26.145,26.145,26.145,518,0
2016-05-04,16:05:00,26.067,26.067,26.067,26.067,622,0
2016-05-04,16:30:00,26.066,26.067,26.066,26.067,829,0
2016-05-04,16:50:00,26.067,26.067,26.067,26.067,1036,0
2016-05-04,19:45:00,26.047,26.047,26.047,26.047,103,0
2016-05-04,20:00:00,26.067,26.067,26.067,26.067,103,0
2016-05-04,20:05:00,26.077,26.077,26.077,26.077,533,0
2016-05-04,21:00:00,26.047,26.047,26.047,26.047,1728,0
2016-05-05,16:15:00,25.975,25.98,25.975,25.98,656,0
2016-05-05,16:20:00,25.98,25.98,25.98,25.98,309,0
2016-05-05,18:10:00,26,26,26,26,829,0
2016-05-05,18:25:00,25.999,26,25.999,26,1968,0
2016-05-05,20:35:00,25.956,25.956,25.956,25.956,103,0
2016-05-05,21:05:00,25.99,25.99,25.99,25.99,726,0
2016-05-06,15:40:00,26,26,26,26,259,0
2016-05-09,15:35:00,26,26,26,26,194,0
2016-05-09,16:10:00,25.98,25.98,25.98,25.98,577,0
2016-05-09,17:25:00,25.932,25.932,25.932,25.932,103,0
2016-05-09,20:00:00,25.956,25.956,25.956,25.956,385,0
2016-05-11,21:50:00,26.02,26.02,26.02,26.02,105,0
2016-05-12,21:10:00,26.043,26.043,25.97,25.97,208,0
2016-05-13,15:50:00,25.95,26.145,25.95,26.145,311,0
2016-05-13,16:10:00,25.95,25.95,25.95,25.95,103,0
2016-05-13,17:35:00,25.96,25.96,25.96,25.96,103,0
2016-05-13,18:45:00,25.97,25.97,25.97,25.97,103,0
2016-05-13,20:00:00,25.99,25.99,25.99,25.99,103,0
2016-05-13,21:05:00,25.97,25.97,25.97,25.97,103,0
2016-05-13,21:45:00,25.97,25.97,25.97,25.97,103,0
2016-05-16,16:45:00,26.067,26.067,26.057,26.057,726,0
2016-05-16,18:15:00,26.077,26.077,26.077,26.077,1036,0
2016-05-16,18:30:00,26.077,26.077,26.047,26.077,1326,0
2016-05-16,20:10:00,26.077,26.077,26.039,26.039,2592,0
2016-05-16,20:25:00,26.077,26.077,26.019,26.019,930,0
2016-05-17,16:20:00,25.913,25.913,25.913,25.913,103,0
2016-05-17,17:50:00,25.98,25.98,25.98,25.98,103,0
2016-05-17,19:50:00,25.96,25.97,25.96,25.97,518,0
2016-05-17,20:10:00,25.97,25.97,25.97,25.97,259,0
2016-05-17,21:50:00,25.955,25.96,25.955,25.96,518,0
2016-05-17,21:55:00,25.96,25.96,25.951,25.951,208,0
2016-05-18,15:45:00,25.913,25.923,25.913,25.913,586,0
2016-05-18,17:55:00,25.912,25.913,25.912,25.913,1659,0
2016-05-18,19:00:00,25.904,25.904,25.903,25.903,841,0
2016-05-18,20:05:00,25.884,25.884,25.884,25.884,103,0
2016-05-18,21:20:00,25.826,25.826,25.826,25.826,103,0
2016-05-18,21:30:00,25.806,25.806,25.806,25.806,103,0
2016-05-18,21:40:00,25.833,25.833,25.833,25.833,208,0
2016-05-19,15:35:00,25.546,25.546,25.546,25.546,1554,0
2016-05-19,17:00:00,25.511,25.511,25.511,25.511,311,0
2016-05-19,19:35:00,25.44,25.44,25.44,25.44,103,0
2016-05-19,21:20:00,25.488,25.488,25.488,25.488,518,0
2016-05-19,21:35:00,25.488,25.488,25.488,25.488,2592,0
2016-05-20,16:15:00,25.439,25.451,25.439,25.451,518,0
2016-05-20,16:55:00,25.449,25.449,25.449,25.449,146,0
2016-05-24,20:40:00,25.594,25.594,25.594,25.594,462,0
2016-05-25,21:40:00,25.633,25.633,25.617,25.617,990,0
2016-05-26,15:55:00,25.758,25.758,25.758,25.758,208,0
2016-05-26,16:00:00,25.758,25.758,25.758,25.758,103,0
2016-05-26,16:30:00,25.778,25.778,25.773,25.773,1762,0
2016-05-26,16:35:00,25.786,25.788,25.786,25.788,208,0
2016-05-26,16:55:00,25.758,26.125,25.758,25.95,934,0
2016-05-26,17:10:00,25.845,25.845,25.845,25.845,622,0
2016-05-26,18:10:00,25.826,25.826,25.826,25.826,208,0
2016-05-26,20:30:00,25.845,25.845,25.845,25.845,311,0
2016-05-26,21:35:00,25.845,25.845,25.845,25.845,208,0
2016-05-26,21:40:00,25.845,25.845,25.835,25.835,360,0
2016-05-27,16:40:00,25.884,25.884,25.884,25.884,155,0
2016-05-27,16:55:00,25.873,25.873,25.86,25.86,627,0
2016-05-27,18:00:00,25.871,25.871,25.871,25.871,311,0
2016-05-27,19:25:00,25.913,25.913,25.913,25.913,103,0
2016-05-27,20:10:00,25.855,25.855,25.855,25.855,726,0
2016-05-31,15:35:00,25.855,25.855,25.835,25.835,1306,0
2016-05-31,16:45:00,25.875,25.875,25.875,25.875,103,0
2016-05-31,20:50:00,25.826,25.826,25.826,25.826,208,0
2016-05-31,21:30:00,25.816,25.816,25.816,25.816,208,0
2016-06-01,15:35:00,25.643,25.643,25.643,25.643,311,0
2016-06-02,15:55:00,25.614,25.614,25.614,25.614,445,0
2016-06-02,20:50:00,25.778,25.816,25.778,25.806,1724,0
2016-06-06,15:35:00,26.491,26.491,26.491,26.491,277,0
2016-06-06,15:40:00,26.116,26.116,26.116,26.116,103,0
2016-06-06,15:50:00,25.927,25.927,25.927,25.927,203,0
2016-06-06,17:10:00,26.182,26.202,26.182,26.202,910,0
2016-06-06,20:15:00,26.182,26.182,26.182,26.182,103,0
2016-06-06,20:20:00,26.182,26.182,26.173,26.182,311,0
2016-06-06,21:50:00,26.182,26.182,26.182,26.182,1134,0
2016-06-07,15:55:00,26.173,26.173,26.173,26.173,103,0
2016-06-07,16:30:00,26.168,26.168,26.168,26.168,383,0
2016-06-07,19:05:00,26.202,26.202,26.202,26.202,103,0
2016-06-10,15:35:00,26.501,26.501,26.232,26.232,1036,0
2016-06-10,15:40:00,26.24,26.25,26.232,26.25,311,0
2016-06-10,15:45:00,26.222,26.318,26.222,26.318,1346,0
2016-06-10,17:05:00,26.24,26.24,26.24,26.24,103,0
2016-06-10,17:30:00,26.289,26.289,26.289,26.289,103,0
2016-06-10,17:50:00,26.269,26.269,26.269,26.269,103,0
2016-06-10,18:15:00,26.269,26.269,26.269,26.269,103,0
2016-06-10,18:45:00,26.259,26.259,26.259,26.259,103,0
2016-06-10,19:10:00,26.259,26.259,26.259,26.259,103,0
2016-06-10,19:35:00,26.25,26.25,26.25,26.25,103,0
2016-06-10,19:55:00,26.212,26.212,26.212,26.212,103,0
2016-06-10,20:15:00,26.192,26.192,26.192,26.192,103,0
2016-06-10,20:35:00,26.202,26.202,26.202,26.202,103,0
2016-06-10,20:50:00,26.192,26.192,26.192,26.192,103,0
2016-06-10,21:10:00,26.192,26.192,26.192,26.192,311,0
2016-06-10,21:25:00,26.192,26.192,26.192,26.192,208,0
2016-06-10,21:35:00,26.192,26.192,26.192,26.192,103,0
2016-06-10,21:40:00,26.182,26.182,26.182,26.182,103,0
2016-06-13,17:45:00,26.096,26.096,26.096,26.096,103,0
2016-06-13,20:30:00,26.096,26.096,26.096,26.096,103,0
2016-06-13,21:05:00,26.106,26.106,26.106,26.106,103,0
2016-06-13,21:15:00,26.096,26.096,26.096,26.096,208,0
2016-06-13,21:30:00,26.096,26.096,26.096,26.096,103,0
2016-06-13,21:50:00,26.096,26.096,26.096,26.096,103,0
2016-06-13,21:55:00,26.096,26.096,26.096,26.096,103,0
2016-06-14,15:35:00,25.806,25.806,25.806,25.806,1554,0
2016-06-14,15:55:00,25.875,25.875,25.875,25.875,103,0
2016-06-14,16:50:00,25.816,25.816,25.816,25.816,159,0
2016-06-14,17:00:00,25.806,25.806,25.806,25.806,1035,0
2016-06-15,20:50:00,25.99,25.99,25.99,25.99,103,0
2016-06-20,15:35:00,26.145,26.145,26.145,26.145,103,0
2016-06-20,21:05:00,26.256,26.258,26.256,26.258,416,0
2016-06-22,17:00:00,26.338,26.974,26.338,26.424,12568,0
2016-06-22,20:10:00,26.52,26.52,26.52,26.52,518,0
2016-06-22,22:00:00,26.607,26.637,26.607,26.637,1346,0
2016-06-23,17:00:00,26.471,26.471,26.471,26.471,518,0
2016-06-23,17:25:00,26.491,26.501,26.491,26.501,622,0
2016-06-23,18:00:00,26.597,26.597,26.597,26.597,518,0
2016-06-23,18:25:00,26.607,26.607,26.541,26.607,2073,0
2016-06-23,21:00:00,26.723,26.723,26.723,26.723,416,0
2016-06-24,16:05:00,26.067,26.087,26.067,26.087,1036,0
2016-06-24,17:05:00,26.145,26.145,26.145,26.145,103,0
2016-06-27,15:45:00,26.042,26.042,26.033,26.033,760,0
2016-06-27,17:30:00,26.052,26.383,26.052,26.072,308,0
2016-06-28,15:35:00,26.033,26.033,26.033,26.033,196,0
2016-06-29,21:10:00,26.393,26.413,26.393,26.413,412,0
2016-06-29,21:30:00,26.423,26.423,26.423,26.423,102,0
2016-06-29,21:35:00,26.694,26.694,26.694,26.694,102,0
2016-07-01,16:05:00,26.645,26.645,26.645,26.645,374,0
2016-07-01,19:45:00,26.607,26.607,26.607,26.607,565,0
2016-07-06,21:10:00,26.5,26.5,26.5,26.5,308,0
2016-07-07,16:45:00,26.549,26.871,26.549,26.861,720,0
2016-07-08,20:40:00,26.666,26.684,26.666,26.684,514,0
2016-07-08,20:45:00,26.684,26.684,26.684,26.684,102,0
2016-07-11,15:35:00,27.103,27.103,27.103,27.103,206,0
2016-07-11,15:45:00,26.711,26.713,26.711,26.713,206,0
2016-07-11,16:05:00,26.694,26.704,26.694,26.704,206,0
2016-07-12,16:05:00,26.782,26.782,26.782,26.782,102,0
2016-07-12,16:10:00,26.782,26.782,26.782,26.782,102,0
2016-07-12,16:15:00,26.769,27.337,26.769,26.957,3688,0
2016-07-12,16:40:00,27.016,27.016,27.016,27.016,344,0
2016-07-12,16:55:00,27.016,27.016,27.016,27.016,160,0
2016-07-13,16:05:00,26.763,26.763,26.763,26.763,102,0
2016-07-13,16:10:00,26.763,26.792,26.763,26.792,616,0
2016-07-13,17:30:00,26.693,26.693,26.693,26.693,821,0
2016-07-13,17:50:00,26.799,26.801,26.799,26.801,206,0
2016-07-14,16:40:00,26.763,26.763,26.763,26.763,1027,0
2016-07-15,19:35:00,26.733,26.733,26.733,26.733,102,0
2016-07-15,20:40:00,26.666,26.666,26.666,26.666,325,0
2016-07-18,16:40:00,26.625,26.625,26.625,26.625,155,0
2016-07-18,19:15:00,26.614,26.614,26.614,26.614,102,0
2016-07-18,19:40:00,26.481,26.481,26.481,26.481,207,0
2016-07-20,17:35:00,26.529,26.529,26.529,26.529,102,0
2016-07-20,17:40:00,26.899,26.899,26.861,26.861,308,0
2016-07-20,18:20:00,26.647,26.647,26.647,26.647,206,0
2016-07-21,21:20:00,26.423,26.423,26.423,26.423,206,0
2016-07-22,15:35:00,26.423,26.423,26.423,26.423,308,0
2016-07-22,16:00:00,26.413,26.413,26.413,26.413,102,0
2016-07-22,16:50:00,26.325,26.325,26.325,26.325,102,0
2016-07-22,18:45:00,26.276,26.276,26.276,26.276,102,0
2016-07-22,19:45:00,26.423,26.423,26.423,26.423,220,0
2016-07-22,20:40:00,26.374,26.374,26.374,26.374,266,0
2016-07-22,21:20:00,26.355,26.355,26.296,26.296,2567,0
2016-07-25,15:35:00,26.423,26.423,26.423,26.423,102,0
2016-07-25,16:05:00,26.423,26.423,26.423,26.423,1027,0
2016-07-25,16:35:00,26.423,26.423,26.423,26.423,206,0
2016-07-25,18:15:00,26.427,26.432,26.427,26.432,206,0
2016-07-25,18:20:00,26.423,26.423,26.423,26.423,102,0
2016-07-25,19:15:00,26.423,26.423,26.423,26.423,102,0
2016-07-26,17:05:00,26.413,26.413,26.413,26.413,206,0
2016-07-26,17:30:00,26.423,26.423,26.423,26.423,102,0
2016-07-26,19:45:00,26.432,26.811,26.432,26.802,1335,0
2016-07-26,19:50:00,26.811,26.811,26.753,26.753,206,0
2016-07-26,20:15:00,26.545,26.545,26.545,26.545,102,0
2016-07-27,15:35:00,26.549,26.549,26.451,26.451,373,0
2016-07-27,16:05:00,26.418,26.418,26.418,26.418,301,0
2016-07-27,16:15:00,26.423,26.423,26.423,26.423,305,0
2016-07-27,16:45:00,26.413,26.413,26.413,26.413,102,0
2016-07-27,16:50:00,26.422,26.432,26.406,26.423,2466,0
2016-07-27,17:20:00,26.413,26.413,26.413,26.413,412,0
2016-07-27,17:45:00,26.393,26.393,26.393,26.393,102,0
2016-07-29,15:35:00,26.393,26.393,26.393,26.393,308,0
2016-07-29,18:55:00,26.743,26.743,26.743,26.743,172,0
2016-08-01,15:35:00,26.928,26.928,26.928,26.928,206,0
2016-08-01,17:15:00,26.753,26.753,26.753,26.753,102,0
2016-08-01,21:25:00,26.695,26.695,26.695,26.695,102,0
2016-08-02,20:40:00,26.724,26.724,26.724,26.724,309,0
2016-08-02,21:55:00,26.724,26.743,26.724,26.743,781,0
2016-08-02,22:00:00,26.743,26.743,26.733,26.733,206,0
2016-08-04,16:25:00,26.733,26.792,26.733,26.792,925,0
2016-08-05,16:40:00,26.743,26.763,26.733,26.763,934,0
2016-08-08,15:35:00,26.763,26.763,26.763,26.763,206,0
2016-08-08,19:05:00,26.871,26.909,26.871,26.909,925,0
2016-08-09,17:15:00,26.841,26.987,26.841,26.987,929,0
2016-08-11,17:30:00,26.987,26.987,26.987,26.987,206,0
2016-08-11,17:35:00,27.016,27.016,27.016,27.016,680,0
2016-08-11,17:55:00,26.957,26.957,26.957,26.957,102,0
2016-08-11,18:00:00,26.977,26.977,26.977,26.977,132,0
2016-08-11,18:05:00,26.967,26.967,26.967,26.967,102,0
2016-08-11,18:15:00,26.967,26.967,26.967,26.967,206,0
2016-08-11,18:25:00,26.967,26.967,26.967,26.967,206,0
2016-08-11,18:30:00,26.967,26.967,26.967,26.967,206,0
2016-08-11,18:40:00,26.967,26.967,26.967,26.967,102,0
2016-08-11,18:45:00,26.967,26.967,26.967,26.967,206,0
2016-08-11,18:55:00,26.967,26.967,26.967,26.967,206,0
2016-08-11,19:00:00,26.977,26.977,26.977,26.977,206,0
2016-08-11,19:05:00,26.977,26.977,26.977,26.977,412,0
2016-08-11,19:10:00,26.977,26.977,26.977,26.977,308,0
2016-08-11,19:20:00,26.977,26.977,26.977,26.977,102,0
2016-08-11,19:25:00,26.977,26.977,26.977,26.977,102,0
2016-08-11,19:35:00,26.977,26.977,26.977,26.977,102,0
2016-08-11,19:45:00,26.977,26.977,26.977,26.977,102,0
2016-08-11,19:50:00,26.977,26.977,26.977,26.977,102,0
2016-08-11,20:00:00,26.977,26.977,26.977,26.977,102,0
2016-08-11,20:05:00,26.977,26.977,26.977,26.977,102,0
2016-08-11,20:15:00,26.977,26.977,26.977,26.977,102,0
2016-08-11,20:25:00,26.977,26.977,26.977,26.977,102,0
2016-08-11,20:40:00,26.957,26.957,26.957,26.957,206,0
2016-08-11,20:55:00,26.957,26.957,26.957,26.957,102,0
2016-08-11,21:10:00,26.957,26.957,26.957,26.957,102,0
2016-08-11,21:25:00,26.957,26.957,26.957,26.957,102,0
2016-08-11,21:45:00,26.957,26.957,26.957,26.957,102,0
2016-08-11,22:00:00,26.957,26.957,26.957,26.957,102,0
2016-08-15,16:30:00,27.153,27.153,27.153,27.153,102,0
2016-08-16,20:45:00,27.22,27.22,27.22,27.22,206,0
2016-08-19,18:20:00,27.181,27.181,27.181,27.181,359,0
2016-08-24,18:15:00,26.851,27.153,26.851,27.153,4111,0
2016-08-25,15:35:00,26.996,26.996,26.996,26.996,514,0
2016-08-25,16:00:00,26.956,26.957,26.95,26.956,616,0
2016-08-30,16:05:00,26.792,26.792,26.792,26.792,102,0
2016-08-30,16:20:00,26.773,26.773,26.773,26.773,412,0
2016-08-30,16:35:00,26.782,26.782,26.773,26.773,514,0
2016-08-31,15:55:00,26.821,26.821,26.821,26.821,162,0
2016-08-31,16:05:00,26.813,26.813,26.813,26.813,306,0
2016-08-31,21:25:00,26.802,26.802,26.792,26.792,666,0
2016-08-31,21:50:00,26.802,26.802,26.802,26.802,102,0
2016-08-31,21:55:00,26.811,26.811,26.811,26.811,158,0
2016-09-01,15:40:00,26.763,26.763,26.763,26.763,514,0
2016-09-01,16:10:00,26.763,26.763,26.763,26.763,1027,0
2016-09-01,18:55:00,26.761,26.763,26.761,26.763,1849,0
2016-09-01,20:25:00,26.762,26.762,26.758,26.758,308,0
2016-09-01,20:35:00,26.763,26.763,26.763,26.763,1027,0
2016-09-01,20:40:00,26.763,26.763,26.753,26.763,3288,0
2016-09-02,16:30:00,26.763,26.763,26.762,26.762,3494,0
2016-09-02,16:40:00,26.763,26.763,26.763,26.763,668,0
2016-09-02,16:50:00,26.743,26.763,26.743,26.763,2620,0
2016-09-02,16:55:00,26.753,26.753,26.752,26.752,1027,0
2016-09-02,17:55:00,26.763,26.763,26.753,26.753,2451,0
2016-09-02,18:05:00,26.753,26.753,26.753,26.753,206,0
2016-09-02,18:35:00,26.763,26.763,26.763,26.763,206,0
2016-09-02,19:00:00,26.833,26.833,26.833,26.833,246,0
2016-09-02,19:25:00,26.871,26.871,26.871,26.871,206,0
2016-09-06,15:35:00,26.733,26.752,26.666,26.666,404,0
2016-09-06,15:50:00,26.811,26.811,26.811,26.811,102,0
2016-09-06,16:35:00,26.938,26.938,26.938,26.938,191,0
2016-09-06,16:45:00,26.977,26.977,26.977,26.977,102,0
2016-09-07,16:10:00,27.19,27.19,27.19,27.19,239,0
2016-09-08,16:35:00,27.179,27.179,27.179,27.179,220,0
2016-09-08,16:40:00,27.099,27.099,27.099,27.099,104,0
2016-09-08,17:05:00,27.191,27.191,27.19,27.19,923,0
2016-09-08,17:40:00,27.153,27.153,27.153,27.153,206,0
2016-09-08,17:50:00,27.138,27.138,27.138,27.138,267,0
2016-09-08,18:30:00,27.113,27.113,27.113,27.113,102,0
2016-09-09,16:30:00,26.876,27.22,26.876,27.21,1846,0
2016-09-09,17:20:00,26.889,26.889,26.889,26.889,142,0
2016-09-12,15:35:00,26.841,26.841,26.841,26.841,186,0
2016-09-12,16:35:00,26.889,26.919,26.889,26.919,933,0
2016-09-12,16:40:00,26.928,26.928,26.928,26.928,412,0
2016-09-12,17:45:00,26.977,26.977,26.977,26.977,308,0
2016-09-12,17:55:00,26.996,26.996,26.996,26.996,412,0
2016-09-13,15:35:00,27.065,27.065,27.065,27.065,102,0
2016-09-13,15:50:00,26.947,26.947,26.947,26.947,102,0
2016-09-13,15:55:00,26.957,26.957,26.957,26.957,206,0
2016-09-13,16:15:00,26.928,26.928,26.928,26.928,206,0
2016-09-13,16:40:00,26.938,26.938,26.938,26.938,102,0
2016-09-13,16:45:00,26.938,27.21,26.938,26.957,1649,0
2016-09-13,16:55:00,26.987,26.987,26.987,26.987,206,0
2016-09-13,17:05:00,26.977,26.977,26.977,26.977,102,0
2016-09-13,17:25:00,26.967,26.967,26.967,26.967,206,0
2016-09-13,18:05:00,26.871,26.871,26.871,26.871,206,0
2016-09-13,19:00:00,26.871,26.871,26.871,26.871,206,0
2016-09-13,20:55:00,26.871,26.871,26.871,26.871,137,0
2016-09-13,21:40:00,26.871,26.871,26.871,26.871,102,0
2016-09-13,21:50:00,26.871,26.871,26.871,26.871,102,0
2016-09-13,21:55:00,26.871,26.871,26.871,26.871,102,0
2016-09-13,22:00:00,26.871,26.871,26.871,26.871,102,0
2016-09-14,16:40:00,26.861,26.861,26.861,26.861,735,0
2016-09-14,17:30:00,26.939,26.939,26.939,26.939,323,0
2016-09-14,19:40:00,26.947,26.947,26.947,26.947,206,0
2016-09-14,20:35:00,26.957,26.957,26.957,26.957,102,0
2016-09-14,20:50:00,26.947,26.947,26.947,26.947,102,0
2016-09-14,21:00:00,26.938,26.938,26.938,26.938,102,0
2016-09-14,21:10:00,26.928,26.928,26.928,26.928,102,0
2016-09-14,21:30:00,26.928,26.928,26.928,26.928,102,0
2016-09-14,21:40:00,26.928,26.928,26.928,26.928,102,0
2016-09-16,15:40:00,26.763,26.763,26.763,26.763,575,0
2016-09-16,16:25:00,26.831,26.831,26.831,26.831,220,0
2016-09-16,16:30:00,26.773,26.773,26.763,26.763,465,0
2016-09-16,20:20:00,26.792,26.792,26.783,26.783,412,0
2016-09-19,15:35:00,26.763,26.763,26.763,26.763,154,0
2016-09-19,17:50:00,26.763,26.763,26.763,26.763,102,0
2016-09-19,20:35:00,26.763,26.811,26.763,26.811,1129,0
2016-09-19,20:45:00,26.821,26.821,26.812,26.812,206,0
2016-09-20,16:30:00,26.948,26.977,26.948,26.977,1033,0
2016-09-20,16:40:00,26.957,26.977,26.957,26.977,1099,0
2016-09-20,19:25:00,26.967,26.967,26.967,26.967,102,0
2016-09-20,20:00:00,26.996,27.016,26.996,27.006,871,0
2016-09-20,20:25:00,27.006,27.006,27.006,27.006,102,0
2016-09-21,16:55:00,27.055,27.055,27.055,27.055,871,0
2016-09-22,20:25:00,27.367,27.367,27.367,27.367,884,0
2016-09-23,15:35:00,27.473,27.473,27.473,27.473,206,0
2016-09-23,16:05:00,27.763,27.763,27.763,27.763,249,0
2016-09-23,21:50:00,27.483,27.483,27.483,27.483,206,0
2016-09-23,22:00:00,27.531,27.531,27.531,27.531,181,0
2016-09-26,19:05:00,27.22,27.22,27.22,27.22,387,0
2016-09-26,19:50:00,27.22,27.22,27.22,27.22,458,0
2016-09-26,19:55:00,27.22,27.22,27.22,27.22,204,0
2016-09-28,16:25:00,27.23,27.23,27.22,27.23,509,0
2016-09-28,18:45:00,27.21,27.21,27.21,27.21,101,0
2016-09-29,16:05:00,27.357,27.357,27.357,27.357,151,0
2016-09-29,16:40:00,27.407,27.407,27.407,27.407,367,0
2016-09-29,16:45:00,27.373,27.373,27.373,27.373,192,0
2016-09-30,16:20:00,27.259,27.259,27.259,27.259,387,0
2016-09-30,19:05:00,27.426,27.426,27.426,27.426,204,0
2016-09-30,21:00:00,27.436,27.711,27.426,27.701,2036,0
2016-10-03,15:40:00,27.368,27.368,27.368,27.368,101,0
2016-10-03,15:45:00,27.613,27.613,27.613,27.613,101,0
2016-10-03,15:50:00,27.623,27.623,27.623,27.623,204,0
2016-10-03,15:55:00,27.643,27.643,27.643,27.643,101,0
2016-10-03,16:05:00,27.633,27.65,27.633,27.65,305,0
2016-10-03,16:10:00,27.641,27.641,27.633,27.633,305,0
2016-10-03,16:15:00,27.632,27.633,27.632,27.633,204,0
2016-10-03,16:45:00,27.711,27.711,27.711,27.711,101,0
2016-10-03,17:00:00,27.711,27.711,27.711,27.711,204,0
2016-10-03,17:40:00,27.769,27.769,27.769,27.769,101,0
2016-10-03,19:05:00,27.779,27.779,27.779,27.779,168,0
2016-10-03,21:55:00,27.79,27.79,27.79,27.79,1119,0
2016-10-03,22:00:00,27.8,27.829,27.75,27.829,1731,0
2016-10-04,15:35:00,27.554,27.554,27.554,27.554,204,0
2016-10-04,15:40:00,27.76,27.76,27.76,27.76,204,0
2016-10-04,15:45:00,27.77,27.77,27.76,27.76,204,0
2016-10-04,15:50:00,27.77,27.79,27.77,27.79,204,0
2016-10-04,15:55:00,27.79,27.795,27.79,27.795,204,0
2016-10-04,16:00:00,27.8,27.839,27.8,27.839,305,0
2016-10-04,16:05:00,27.839,27.839,27.829,27.829,204,0
2016-10-04,16:10:00,27.839,27.839,27.829,27.829,305,0
2016-10-04,16:15:00,27.819,27.819,27.819,27.819,204,0
2016-10-04,16:20:00,27.809,27.809,27.809,27.809,101,0
2016-10-04,16:25:00,27.809,27.809,27.809,27.809,305,0
2016-10-04,16:30:00,27.809,27.859,27.809,27.859,2256,0
2016-10-04,16:35:00,27.859,27.869,27.859,27.869,305,0
2016-10-04,16:40:00,27.76,27.878,27.76,27.878,509,0
2016-10-04,19:05:00,27.809,27.809,27.809,27.809,204,0
2016-10-04,20:00:00,27.829,27.849,27.829,27.849,408,0
2016-10-04,20:20:00,27.849,27.849,27.849,27.849,101,0
2016-10-04,20:30:00,27.976,27.976,27.976,27.976,101,0
2016-10-04,20:35:00,27.849,27.849,27.849,27.849,204,0
2016-10-04,20:50:00,27.878,27.878,27.878,27.878,101,0
2016-10-04,22:00:00,27.515,27.515,27.505,27.505,204,0
2016-10-05,16:05:00,27.15,27.15,27.15,27.15,147,0
2016-10-05,16:30:00,27.662,27.898,27.653,27.898,2969,0
2016-10-05,20:45:00,27.937,27.937,27.937,27.937,1108,0
2016-10-05,22:00:00,27.672,27.672,27.672,27.672,204,0
2016-10-06,16:10:00,27.426,27.426,27.426,27.426,564,0
2016-10-06,22:00:00,27.436,27.623,27.407,27.623,896,0
2016-10-07,21:10:00,27.541,27.541,27.541,27.541,271,0
2016-10-07,21:25:00,27.651,27.651,27.538,27.538,1010,0
2016-10-07,22:00:00,27.407,27.407,27.407,27.407,204,0
2016-10-10,15:35:00,27.259,27.259,27.259,27.259,101,0
2016-10-10,20:20:00,27.623,27.623,27.623,27.623,101,0
2016-10-10,22:00:00,27.593,27.593,27.593,27.593,204,0
2016-10-11,16:45:00,27.436,27.436,27.436,27.436,365,0
2016-10-11,17:40:00,27.395,27.395,27.395,27.395,610,0
2016-10-11,22:00:00,27.308,27.308,27.308,27.308,101,0
2016-10-12,18:05:00,27.358,27.358,27.358,27.358,149,0
2016-10-12,18:25:00,27.368,27.368,27.368,27.368,204,0
2016-10-12,18:30:00,27.613,28.301,27.613,27.84,6108,0
2016-10-12,18:40:00,27.839,27.839,27.368,27.397,2686,0
2016-10-12,18:45:00,27.387,27.387,27.387,27.387,204,0
2016-10-12,18:50:00,27.397,27.397,27.387,27.387,204,0
2016-10-12,18:55:00,27.387,27.397,27.387,27.387,305,0
2016-10-12,19:00:00,27.397,27.397,27.397,27.397,204,0
2016-10-12,19:05:00,27.387,27.397,27.387,27.397,305,0
2016-10-12,19:10:00,27.436,27.495,27.426,27.485,610,0
2016-10-12,19:15:00,27.839,27.839,27.839,27.839,509,0
2016-10-12,19:20:00,27.839,27.845,27.564,27.584,1222,0
2016-10-12,19:25:00,27.446,27.845,27.446,27.485,3868,0
2016-10-12,19:30:00,27.76,27.839,27.75,27.75,1527,0
2016-10-12,19:35:00,27.8,27.8,27.79,27.79,917,0
2016-10-12,19:40:00,27.79,27.79,27.475,27.554,2240,0
2016-10-12,19:45:00,27.711,27.711,27.524,27.524,509,0
2016-10-12,19:50:00,27.524,27.524,27.524,27.524,101,0
2016-10-12,19:55:00,27.524,27.524,27.524,27.524,101,0
2016-10-12,20:00:00,27.524,27.534,27.524,27.534,408,0
2016-10-12,20:05:00,27.524,27.691,27.524,27.691,305,0
2016-10-12,20:10:00,27.79,27.79,27.633,27.633,408,0
2016-10-12,20:15:00,27.643,27.643,27.643,27.643,408,0
2016-10-12,20:20:00,27.76,27.76,27.76,27.76,204,0
2016-10-12,20:25:00,27.691,27.721,27.691,27.721,509,0
2016-10-12,20:30:00,27.76,27.79,27.76,27.78,509,0
2016-10-12,20:35:00,27.691,27.691,27.691,27.691,1018,0
2016-10-12,20:45:00,27.691,27.691,27.691,27.691,204,0
2016-10-12,20:55:00,27.701,27.701,27.701,27.701,814,0
2016-10-12,21:00:00,27.691,27.691,27.691,27.691,1077,0
2016-10-12,21:25:00,27.661,27.661,27.661,27.661,107,0
2016-10-12,21:35:00,27.505,27.505,27.505,27.505,101,0
2016-10-12,21:40:00,27.417,27.417,27.417,27.417,305,0
2016-10-12,22:00:00,27.417,27.417,27.417,27.417,204,0
2016-10-13,15:35:00,27.358,27.358,27.358,27.358,951,0
2016-10-13,16:05:00,27.338,27.338,27.338,27.338,918,0
2016-10-13,16:30:00,27.348,27.348,27.338,27.347,2034,0
2016-10-13,21:30:00,27.387,27.387,27.387,27.387,305,0
2016-10-14,15:40:00,27.229,27.23,27.229,27.23,408,0
2016-10-14,16:15:00,27.426,27.465,27.426,27.465,921,0
2016-10-14,22:00:00,27.171,27.171,27.171,27.171,204,0
2016-10-17,15:35:00,27.171,27.171,27.171,27.171,204,0
2016-10-17,16:45:00,27.377,27.387,27.377,27.377,921,0
2016-10-17,18:30:00,27.377,27.377,27.377,27.377,101,0
2016-10-17,22:00:00,27.22,27.22,27.22,27.22,101,0
2016-10-18,16:05:00,27.465,27.475,27.465,27.475,950,0
2016-10-18,16:10:00,27.454,27.454,27.454,27.454,371,0
2016-10-18,17:25:00,27.464,27.476,27.464,27.476,887,0
2016-10-18,18:05:00,27.482,27.482,27.482,27.482,366,0
2016-10-18,20:40:00,27.495,27.495,27.495,27.495,144,0
2016-10-18,22:00:00,27.279,27.279,27.279,27.279,204,0
2016-10-19,16:05:00,27.534,27.534,27.534,27.534,101,0
2016-10-19,16:15:00,27.511,27.511,27.511,27.511,111,0
2016-10-19,16:30:00,27.534,27.534,27.534,27.534,204,0
2016-10-19,16:50:00,27.544,27.544,27.544,27.544,201,0
2016-10-19,18:30:00,27.584,27.584,27.556,27.556,713,0
2016-10-19,20:40:00,27.407,27.407,27.407,27.407,204,0
2016-10-19,21:20:00,27.584,27.584,27.584,27.584,447,0
2016-10-19,22:00:00,27.377,27.377,27.377,27.377,204,0
2016-10-20,16:05:00,27.554,27.554,27.554,27.554,166,0
2016-10-20,22:00:00,27.289,27.289,27.286,27.288,509,0
2016-10-21,17:00:00,27.446,27.446,27.446,27.446,101,0
2016-10-21,18:35:00,27.446,27.446,27.446,27.446,101,0
2016-10-21,22:00:00,27.249,27.249,27.249,27.249,204,0
2016-10-24,15:55:00,27.564,27.564,27.564,27.564,204,0
2016-10-24,16:05:00,27.534,27.534,27.534,27.534,637,0
2016-10-24,16:15:00,27.524,27.524,27.524,27.524,134,0
2016-10-24,16:35:00,27.534,27.534,27.534,27.534,101,0
2016-10-24,17:10:00,27.534,27.534,27.534,27.534,101,0
2016-10-24,17:35:00,27.524,27.524,27.524,27.524,101,0
2016-10-24,17:45:00,27.524,27.524,27.524,27.524,101,0
2016-10-24,18:25:00,27.524,27.524,27.524,27.524,101,0
2016-10-24,19:10:00,27.524,27.524,27.524,27.524,101,0
2016-10-24,19:55:00,27.515,27.515,27.515,27.515,101,0
2016-10-24,21:00:00,27.524,27.524,27.524,27.524,160,0
2016-10-24,22:00:00,27.299,27.299,27.299,27.299,204,0
2016-10-25,15:35:00,27.368,27.368,27.368,27.368,204,0
2016-10-25,15:55:00,27.574,27.574,27.574,27.574,272,0
2016-10-25,16:40:00,27.564,27.574,27.564,27.574,1583,0
2016-10-25,17:15:00,27.584,27.584,27.584,27.584,448,0
2016-10-25,22:00:00,27.397,27.397,27.397,27.397,204,0
2016-10-26,16:50:00,27.534,27.534,27.534,27.534,101,0
2016-10-26,22:00:00,27.455,27.455,27.455,27.455,204,0
2016-10-27,21:20:00,27.436,27.436,27.436,27.436,770,0
2016-10-27,22:00:00,27.417,27.417,27.22,27.22,204,0
2016-10-28,16:05:00,27.445,27.445,27.445,27.445,292,0
2016-10-28,20:15:00,27.063,27.083,26.768,26.768,6669,0
2016-10-28,22:00:00,27.239,27.239,27.23,27.239,892,0
2016-10-31,14:35:00,26.641,26.641,26.376,26.64,2650,0
2016-10-31,15:40:00,27.593,27.593,27.584,27.593,1018,0
2016-10-31,20:55:00,27.505,27.505,27.495,27.496,814,0
2016-10-31,21:00:00,27.436,27.436,27.436,27.436,204,0
2016-11-01,14:35:00,27.328,27.328,27.328,27.328,125,0
2016-11-01,15:05:00,27.328,27.328,27.328,27.328,448,0
2016-11-01,20:10:00,27.171,27.171,27.171,27.171,285,0
2016-11-02,14:35:00,26.867,27.063,26.867,27.063,4450,0
2016-11-02,15:55:00,27.318,27.318,27.308,27.308,305,0
2016-11-02,17:05:00,27.643,27.643,27.643,27.643,355,0
2016-11-02,17:45:00,27.033,27.033,27.033,27.033,550,0
2016-11-02,17:50:00,27.023,27.023,27.014,27.014,325,0
2016-11-02,17:55:00,26.974,26.974,26.964,26.964,1731,0
2016-11-03,14:40:00,26.876,26.876,26.876,26.876,1018,0
2016-11-03,16:25:00,26.912,26.912,26.912,26.912,301,0
2016-11-04,14:35:00,26.768,26.817,26.768,26.817,340,0
2016-11-04,15:25:00,26.867,26.867,26.867,26.867,408,0
2016-11-04,15:30:00,26.867,26.867,26.867,26.867,101,0
2016-11-04,16:25:00,26.909,26.909,26.909,26.909,157,0
2016-11-07,15:35:00,27.23,27.23,27.23,27.23,371,0
2016-11-07,20:35:00,27.534,27.534,27.053,27.053,1323,0
2016-11-07,21:30:00,26.977,26.977,26.977,26.977,242,0
2016-11-09,15:55:00,26.679,26.679,26.679,26.679,101,0
2016-11-09,18:05:00,26.752,26.827,26.752,26.827,509,0
2016-11-10,16:55:00,26.346,26.346,26.346,26.346,154,0
2016-11-10,19:10:00,26.356,26.356,26.356,26.356,101,0
2016-11-10,21:30:00,26.346,26.349,26.346,26.347,1935,0
2016-11-10,21:35:00,26.346,26.346,26.346,26.346,305,0
2016-11-11,15:35:00,25.805,25.805,25.805,25.805,3746,0
2016-11-11,15:40:00,25.933,25.943,25.933,25.943,305,0
2016-11-11,15:55:00,25.904,25.904,25.904,25.904,408,0
2016-11-11,16:10:00,25.805,25.805,25.766,25.766,204,0
2016-11-11,16:15:00,25.875,25.875,25.875,25.875,509,0
2016-11-11,17:05:00,26.071,26.071,26.071,26.071,228,0
2016-11-11,17:35:00,25.722,25.722,25.722,25.722,153,0
2016-11-11,19:50:00,26.053,26.053,26.053,26.053,378,0
2016-11-11,20:15:00,25.776,25.776,25.746,25.746,208,0
2016-11-14,15:55:00,25.737,25.737,25.737,25.737,184,0
2016-11-14,16:15:00,26.09,26.09,26.09,26.09,131,0
2016-11-14,16:45:00,25.659,25.659,25.659,25.659,280,0
2016-11-14,18:05:00,25.649,25.649,25.649,25.649,130,0
2016-11-14,18:50:00,25.669,25.669,25.669,25.669,153,0
2016-11-14,19:10:00,25.829,25.829,25.829,25.829,204,0
2016-11-14,20:30:00,25.727,25.727,25.727,25.727,1018,0
2016-11-15,16:05:00,26.226,26.226,26.226,26.226,687,0
2016-11-15,18:35:00,26.169,26.169,26.169,26.169,101,0
2016-11-15,21:40:00,26.222,26.222,26.222,26.222,918,0
2016-11-15,21:50:00,26.064,26.064,26.064,26.064,249,0
2016-11-16,16:25:00,26.041,26.061,26.041,26.061,1173,0
2016-11-16,16:30:00,26.051,26.218,26.051,26.218,8495,0
2016-11-16,16:50:00,26.189,26.189,26.189,26.189,305,0
2016-11-17,16:15:00,25.933,26.14,25.933,26.14,858,0
2016-11-17,16:40:00,26.14,26.14,26.14,26.14,111,0
2016-11-17,16:50:00,25.756,25.756,25.756,25.756,322,0
2016-11-17,17:05:00,26.14,26.14,26.14,26.14,132,0
2016-11-17,18:50:00,26.09,26.09,26.09,26.09,152,0
2016-11-18,16:15:00,26.002,26.002,26.002,26.002,204,0
2016-11-18,21:20:00,25.843,25.843,25.835,25.836,917,0
2016-11-18,21:55:00,25.796,25.796,25.796,25.796,101,0
2016-11-18,22:00:00,25.736,25.736,25.736,25.736,692,0
2016-11-21,15:35:00,25.736,25.736,25.736,25.736,219,0
2016-11-21,16:00:00,26.081,26.081,26.081,26.081,204,0
2016-11-21,16:05:00,25.679,25.679,25.679,25.679,336,0
2016-11-21,16:10:00,25.707,25.707,25.687,25.707,305,0
2016-11-21,18:20:00,25.727,25.727,25.727,25.727,305,0
2016-11-21,18:25:00,25.727,25.727,25.727,25.727,101,0
2016-11-21,20:45:00,25.878,25.878,25.878,25.878,204,0
2016-11-22,15:35:00,26.14,26.14,26.14,26.14,1018,0
2016-11-22,16:05:00,25.904,25.904,25.766,25.766,2001,0
2016-11-22,17:25:00,26.018,26.018,25.933,25.933,1440,0
2016-11-22,18:05:00,26.14,26.14,26.14,26.14,873,0
2016-11-22,18:15:00,26.13,26.14,26.13,26.14,632,0
2016-11-22,18:50:00,26.13,26.13,26.13,26.13,101,0
2016-11-22,19:40:00,26.12,26.12,26.12,26.12,101,0
2016-11-23,17:05:00,25.933,25.933,25.933,25.933,590,0
2016-11-23,20:05:00,25.933,25.933,25.933,25.933,101,0
2016-11-23,21:20:00,25.982,25.982,25.982,25.982,767,0
2016-11-25,16:05:00,25.972,25.972,25.972,25.972,418,0
2016-11-25,16:15:00,25.982,25.982,25.982,25.982,117,0
2016-11-25,16:45:00,25.972,25.972,25.962,25.971,1541,0
2016-11-25,18:50:00,25.982,25.982,25.956,25.956,408,0
2016-11-25,19:05:00,26.306,26.306,26.306,26.306,204,0
2016-11-28,17:50:00,26.13,26.13,26.13,26.13,250,0
2016-11-28,18:15:00,26.13,26.13,26.13,26.13,704,0
2016-11-29,16:05:00,26.071,26.071,26.071,26.071,454,0
2016-11-29,16:40:00,26.081,26.081,26.081,26.081,773,0
2016-11-29,18:20:00,26.021,26.021,26.021,26.021,101,0
2016-11-29,20:15:00,26.041,26.041,26.041,26.041,258,0
2016-11-30,15:55:00,26.09,26.09,26.051,26.071,525,0
2016-11-30,19:05:00,25.884,25.884,25.884,25.884,731,0
2016-11-30,19:25:00,26.002,26.002,26.002,26.002,706,0
2016-11-30,19:35:00,25.982,25.982,25.982,25.982,101,0
2016-11-30,20:10:00,25.894,25.894,25.884,25.884,947,0
2016-12-01,15:35:00,25.639,25.668,25.639,25.659,775,0
2016-12-01,15:40:00,25.687,25.687,25.687,25.687,408,0
2016-12-01,16:05:00,25.736,25.737,25.736,25.737,204,0
2016-12-01,16:45:00,25.736,25.736,25.736,25.736,194,0
2016-12-01,17:00:00,25.776,25.884,25.776,25.884,1929,0
2016-12-01,17:15:00,26.071,26.071,26.071,26.071,129,0
2016-12-01,17:35:00,25.875,25.875,25.875,25.875,814,0
2016-12-01,21:45:00,26.13,26.13,26.13,26.13,102,0
2016-12-02,19:35:00,26.129,26.129,26.129,26.129,194,0
2016-12-02,21:35:00,26.036,26.036,26.036,26.036,204,0
2016-12-02,21:40:00,26.13,26.13,26.122,26.13,1841,0
2016-12-05,16:05:00,26.178,26.178,26.178,26.178,182,0
2016-12-05,16:25:00,26.169,26.169,26.169,26.169,304,0
2016-12-06,16:05:00,26.287,26.287,26.287,26.287,101,0
2016-12-06,19:50:00,26.297,26.297,26.297,26.297,228,0
2016-12-07,16:05:00,26.424,26.424,26.415,26.424,1160,0
2016-12-07,18:05:00,26.419,26.434,26.419,26.434,1426,0
2016-12-07,18:25:00,26.277,26.277,26.277,26.277,293,0
2016-12-07,19:00:00,26.293,26.293,26.293,26.293,1018,0
2016-12-08,16:20:00,26.297,26.297,26.297,26.297,1404,0
2016-12-08,20:40:00,26.316,26.316,26.316,26.316,187,0
2016-12-09,20:00:00,26.25,26.25,26.25,26.25,153,0
2016-12-09,20:10:00,26.254,26.257,26.254,26.256,813,0
2016-12-09,20:25:00,26.237,26.237,26.237,26.237,101,0
2016-12-09,22:00:00,26.257,26.257,26.257,26.257,101,0
2016-12-13,16:20:00,26.513,26.513,26.473,26.473,408,0
2016-12-13,16:30:00,26.513,26.513,26.513,26.513,137,0
2016-12-13,18:15:00,26.493,26.493,26.493,26.493,654,0
2016-12-13,19:20:00,26.305,26.305,26.305,26.305,178,0
2016-12-13,21:05:00,26.503,26.503,26.465,26.465,303,0
2016-12-14,20:15:00,26.366,26.366,26.366,26.366,101,0
2016-12-14,20:20:00,26.366,26.366,26.356,26.356,305,0
2016-12-14,21:25:00,26.336,26.336,26.141,26.141,4163,0
2016-12-14,21:35:00,26.218,26.218,26.218,26.218,204,0
2016-12-14,21:40:00,26.319,26.319,26.319,26.319,868,0
2016-12-15,16:15:00,26.081,26.081,26.081,26.081,101,0
2016-12-15,21:55:00,26.098,26.098,26.098,26.098,647,0
2016-12-16,16:20:00,26.044,26.044,26.018,26.025,1222,0
2016-12-16,16:25:00,26.014,26.071,26.004,26.071,3567,0
2016-12-16,21:50:00,26.041,26.041,26.041,26.041,101,0
2016-12-19,15:40:00,26.031,26.031,26.031,26.031,101,0
2016-12-19,16:05:00,26.041,26.041,26.026,26.026,210,0
2016-12-19,16:45:00,25.941,25.941,25.941,25.941,509,0
2016-12-19,16:50:00,26.041,26.041,26.015,26.015,2181,0
2016-12-19,16:55:00,26.081,26.081,26.081,26.081,610,0
2016-12-19,17:20:00,26.031,26.031,26.031,26.031,101,0
2016-12-19,17:45:00,26.041,26.041,26.041,26.041,101,0
2016-12-20,17:50:00,26.061,26.081,26.043,26.06,5381,0
2016-12-20,18:25:00,26.063,26.063,26.051,26.051,613,0
2016-12-20,19:25:00,26.071,26.071,26.071,26.071,173,0
2016-12-20,21:35:00,26.061,26.081,26.061,26.081,1167,0
2016-12-21,15:45:00,26.081,26.081,26.081,26.081,102,0
2016-12-21,16:40:00,26.13,26.13,26.13,26.13,256,0
2016-12-21,21:55:00,26.12,26.12,26.12,26.12,610,0
2016-12-22,18:05:00,26.108,26.12,26.108,26.108,1769,0
2016-12-22,18:15:00,26.104,26.11,26.104,26.11,514,0
2016-12-22,18:25:00,26.11,26.11,26.1,26.1,317,0
2016-12-22,19:55:00,26.11,26.11,26.11,26.11,138,0
2016-12-22,21:30:00,26.111,26.12,26.11,26.12,1985,0
2016-12-22,21:35:00,26.1,26.1,25.736,25.736,1323,0
2016-12-23,18:25:00,26.081,26.081,26.081,26.081,101,0
2016-12-23,20:25:00,25.972,25.972,25.972,25.972,101,0
2016-12-23,20:40:00,25.982,25.982,25.982,25.982,101,0
2016-12-23,21:05:00,26.051,26.051,26.051,26.051,101,0
2016-12-23,21:10:00,26.091,26.091,26.091,26.091,509,0
2016-12-23,21:15:00,26.091,26.091,26.091,26.091,317,0
2016-12-23,21:50:00,26.091,26.091,26.091,26.091,464,0
2016-12-27,15:35:00,26.365,26.365,26.365,26.365,100,0
2016-12-27,16:05:00,26.086,26.086,26.086,26.086,1411,0
2016-12-27,17:15:00,26.026,26.075,26.026,26.075,201,0
2016-12-27,19:40:00,25.996,25.998,25.996,25.997,1520,0
2016-12-27,19:50:00,26.076,26.076,26.076,26.076,100,0
2016-12-27,21:25:00,26.045,26.086,26.045,26.086,322,0
2016-12-27,21:40:00,26.073,26.075,26.073,26.075,201,0
2016-12-28,20:40:00,26.046,26.046,26.046,26.046,1515,0
2016-12-28,20:50:00,26.046,26.046,26.046,26.046,201,0
2016-12-29,16:20:00,26.066,26.066,26.066,26.066,1235,0
2016-12-29,18:10:00,26.245,26.245,26.245,26.245,201,0
2016-12-29,18:50:00,26.166,26.166,26.076,26.076,855,0
2016-12-29,19:05:00,26.046,26.046,26.046,26.046,149,0
2016-12-29,19:15:00,26.245,26.245,26.245,26.245,120,0
2016-12-29,20:30:00,26.096,26.096,26.096,26.096,189,0
2016-12-30,17:05:00,26.195,26.195,26.195,26.195,999,0
2016-12-30,18:30:00,25.916,25.916,25.916,25.916,357,0
2016-12-30,19:50:00,25.909,25.909,25.909,25.909,103,0
2016-12-30,21:30:00,26.195,26.195,26.195,26.195,196,0
2017-01-03,16:05:00,25.877,25.877,25.877,25.877,185,0
2017-01-03,17:05:00,26.185,26.345,26.185,26.345,2837,0
2017-01-03,17:15:00,26.335,26.345,26.335,26.345,769,0
2017-01-03,17:40:00,26.326,26.326,26.326,26.326,224,0
2017-01-04,16:05:00,26.441,26.441,26.416,26.416,402,0
2017-01-04,16:15:00,26.464,26.464,26.464,26.464,391,0
2017-01-05,16:05:00,26.584,26.584,26.584,26.584,432,0
2017-01-05,19:40:00,26.536,26.536,26.536,26.536,186,0
2017-01-05,21:50:00,26.624,26.624,26.624,26.624,100,0
2017-01-06,15:40:00,26.564,26.564,26.564,26.564,382,0
2017-01-06,15:45:00,26.594,26.713,26.594,26.713,2309,0
2017-01-06,16:00:00,26.604,26.604,26.604,26.604,1707,0
2017-01-06,16:05:00,26.604,26.604,26.564,26.574,4116,0
2017-01-06,16:10:00,26.574,26.574,26.574,26.574,201,0
2017-01-06,16:15:00,26.574,26.604,26.574,26.604,2860,0
2017-01-06,16:25:00,26.644,26.644,26.644,26.644,111,0
2017-01-06,16:35:00,26.634,26.634,26.634,26.634,100,0
2017-01-06,17:10:00,26.654,26.654,26.634,26.634,201,0
2017-01-06,17:15:00,26.634,26.634,26.624,26.624,502,0
2017-01-06,17:20:00,26.624,26.634,26.624,26.634,201,0
2017-01-06,17:25:00,26.634,26.634,26.634,26.634,100,0
2017-01-06,19:30:00,26.425,26.425,26.425,26.425,100,0
2017-01-09,16:05:00,26.505,26.524,26.505,26.524,415,0
2017-01-09,16:45:00,26.226,26.226,26.226,26.226,241,0
2017-01-09,17:15:00,26.245,26.245,26.235,26.235,1506,0
2017-01-09,18:30:00,26.225,26.235,26.225,26.225,647,0
2017-01-09,18:45:00,26.179,26.179,26.179,26.179,301,0
2017-01-09,19:50:00,26.146,26.156,26.146,26.146,402,0
2017-01-09,19:55:00,26.156,26.156,26.146,26.146,301,0
2017-01-09,20:00:00,26.156,26.156,26.146,26.146,301,0
2017-01-09,20:05:00,26.146,26.146,26.146,26.146,402,0
2017-01-09,21:15:00,26.136,26.146,26.136,26.146,1026,0
2017-01-10,15:50:00,26.146,26.146,26.136,26.136,395,0
2017-01-10,16:05:00,26.146,26.146,26.146,26.146,891,0
2017-01-10,18:40:00,25.867,25.867,25.867,25.867,395,0
2017-01-10,18:55:00,26.146,26.146,26.146,26.146,303,0
2017-01-10,20:30:00,26.096,26.096,26.096,26.096,311,0
2017-01-10,20:40:00,26.096,26.096,26.083,26.09,602,0
2017-01-10,21:50:00,26.046,26.046,26.046,26.046,1646,0
2017-01-10,22:00:00,25.897,25.907,25.897,25.897,3206,0
2017-01-11,16:40:00,26.307,26.307,26.307,26.307,143,0
2017-01-11,17:15:00,26.328,26.328,26.328,26.328,360,0
2017-01-11,18:15:00,25.897,25.897,25.767,25.767,552,0
2017-01-11,18:50:00,25.888,25.888,25.888,25.888,227,0
2017-01-11,19:05:00,26.335,26.335,26.335,26.335,189,0
2017-01-11,19:40:00,26.337,26.337,26.337,26.337,376,0
2017-01-11,20:05:00,26.341,26.341,26.341,26.341,130,0
2017-01-11,21:05:00,26.336,26.336,26.336,26.336,213,0
2017-01-11,21:45:00,26.291,26.291,26.291,26.291,100,0
2017-01-12,16:05:00,26.763,26.763,26.763,26.763,201,0
2017-01-12,16:40:00,26.763,26.773,26.664,26.773,1628,0
2017-01-12,16:50:00,26.753,26.753,26.753,26.753,136,0
2017-01-12,18:25:00,26.753,26.753,26.753,26.753,277,0
2017-01-12,18:50:00,26.763,26.763,26.763,26.763,1110,0
2017-01-12,19:40:00,26.763,26.763,26.763,26.763,467,0
2017-01-12,20:25:00,26.763,26.763,26.763,26.763,129,0
2017-01-12,20:40:00,26.743,26.753,26.743,26.753,499,0
2017-01-12,21:30:00,26.733,26.743,26.694,26.704,3906,0
2017-01-13,16:05:00,26.345,26.693,26.345,26.693,752,0
2017-01-13,20:05:00,26.704,26.704,26.704,26.704,261,0
2017-01-17,15:35:00,26.893,26.893,26.893,26.893,310,0
2017-01-17,17:40:00,26.703,26.703,26.703,26.703,100,0
2017-01-17,21:00:00,26.514,26.514,26.514,26.514,206,0
2017-01-18,15:45:00,26.603,26.604,26.603,26.604,309,0
2017-01-18,16:50:00,26.604,26.908,26.604,26.908,2151,0
2017-01-18,18:40:00,26.853,26.853,26.843,26.843,201,0
2017-01-18,18:55:00,26.823,26.823,26.823,26.823,100,0
2017-01-18,20:00:00,26.813,26.813,26.813,26.813,100,0
2017-01-19,16:05:00,26.703,26.703,26.691,26.691,201,0
2017-01-19,20:30:00,26.733,26.733,26.733,26.733,100,0
2017-01-19,20:35:00,26.753,26.753,26.753,26.753,201,0
2017-01-19,20:45:00,26.743,26.743,26.743,26.743,201,0
2017-01-19,21:45:00,26.773,26.773,26.773,26.773,201,0
2017-01-19,22:00:00,26.763,26.783,26.763,26.783,703,0
2017-01-20,18:35:00,26.693,26.693,26.693,26.693,301,0
2017-01-23,16:05:00,26.823,26.823,26.823,26.823,301,0
2017-01-23,20:55:00,26.853,26.853,26.853,26.853,1770,0
2017-01-24,16:05:00,26.962,26.962,26.962,26.962,127,0
2017-01-24,17:10:00,26.942,26.942,26.942,26.942,201,0
2017-01-24,20:15:00,26.932,26.932,26.932,26.932,133,0
2017-01-24,20:40:00,26.922,26.922,26.922,26.922,118,0
2017-01-25,16:05:00,26.883,26.883,26.883,26.883,402,0
2017-01-25,17:30:00,26.912,26.912,26.912,26.912,301,0
2017-01-25,19:50:00,26.753,26.753,26.753,26.753,151,0
2017-01-26,16:05:00,26.813,26.813,26.813,26.813,1506,0
2017-01-27,15:35:00,26.833,26.833,26.833,26.833,111,0
2017-01-27,16:05:00,26.833,26.833,26.833,26.833,100,0
2017-01-27,17:20:00,26.703,26.703,26.703,26.703,201,0
2017-01-27,17:35:00,26.693,26.693,26.693,26.693,100,0
2017-01-30,15:45:00,26.564,26.614,26.564,26.614,402,0
2017-01-30,16:05:00,26.634,26.634,26.632,26.632,590,0
2017-01-30,16:15:00,26.594,26.614,26.594,26.613,1371,0
2017-01-30,20:50:00,26.683,26.683,26.683,26.683,171,0
2017-01-31,21:05:00,26.693,26.693,26.683,26.693,703,0
2017-02-01,20:50:00,26.783,26.783,26.783,26.783,169,0
2017-02-02,16:05:00,26.896,26.896,26.896,26.896,115,0
2017-02-02,16:30:00,26.893,26.893,26.893,26.893,129,0
2017-02-02,17:25:00,26.873,26.873,26.849,26.849,992,0
2017-02-02,19:55:00,26.823,26.823,26.823,26.823,122,0
2017-02-02,20:00:00,26.823,26.823,26.823,26.823,100,0
2017-02-03,15:35:00,26.823,26.823,26.823,26.823,100,0
2017-02-03,15:50:00,26.873,26.873,26.873,26.873,1,0
2017-02-03,16:05:00,26.893,26.962,26.893,26.962,93,0
2017-02-03,17:50:00,27.022,27.022,27.022,27.022,537,0
2017-02-03,18:15:00,27.022,27.022,27.022,27.022,725,0
2017-02-03,18:25:00,26.962,26.962,26.962,26.962,1,0
2017-02-03,18:40:00,26.962,27.022,26.962,27.022,225,0
2017-02-03,19:15:00,26.953,26.953,26.953,26.953,236,0
2017-02-03,19:30:00,27.002,27.002,27.002,27.002,83,0
2017-02-03,19:50:00,26.982,26.982,26.982,26.982,138,0
2017-02-03,20:15:00,26.982,26.982,26.982,26.982,49,0
2017-02-03,21:35:00,26.933,26.933,26.932,26.932,11,0
2017-02-03,22:00:00,26.982,26.982,26.982,26.982,0,0
2017-02-06,16:50:00,26.883,26.883,26.883,26.883,702,0
2017-02-06,17:40:00,26.883,26.883,26.883,26.883,211,0
2017-02-06,19:20:00,26.853,26.853,26.853,26.853,5471,0
2017-02-06,20:50:00,26.843,26.843,26.843,26.843,904,0
2017-02-06,20:55:00,26.843,26.843,26.833,26.833,703,0
2017-02-06,21:00:00,26.833,26.833,26.833,26.833,602,0
2017-02-06,21:55:00,26.893,26.893,26.893,26.893,308,0
2017-02-07,16:45:00,26.713,26.713,26.703,26.703,1104,0
2017-02-07,16:50:00,26.693,26.693,26.693,26.693,100,0
2017-02-07,17:50:00,26.693,26.693,26.693,26.693,100,0
2017-02-07,19:00:00,26.693,26.693,26.693,26.693,134,0
2017-02-07,19:30:00,26.693,26.693,26.693,26.693,103,0
2017-02-07,19:50:00,26.693,26.693,26.693,26.693,201,0
2017-02-08,16:05:00,26.883,26.883,26.883,26.883,860,0
2017-02-08,20:40:00,26.843,26.843,26.833,26.833,320,0
2017-02-08,21:00:00,26.833,26.833,26.833,26.833,194,0
2017-02-09,16:05:00,26.903,26.903,26.903,26.903,602,0
2017-02-09,18:05:00,26.903,26.903,26.903,26.903,110,0
2017-02-09,20:25:00,26.896,26.896,26.896,26.896,130,0
2017-02-10,16:05:00,26.955,26.955,26.955,26.955,388,0
2017-02-10,16:30:00,26.982,26.982,26.982,26.982,1000,0
2017-02-10,16:50:00,26.982,26.982,26.982,26.982,388,0
2017-02-13,15:55:00,26.904,26.904,26.904,26.904,190,0
2017-02-13,16:05:00,26.952,26.952,26.952,26.952,119,0
2017-02-13,16:15:00,26.952,26.952,26.952,26.952,498,0
2017-02-13,18:40:00,26.952,26.952,26.952,26.952,207,0
2017-02-13,20:05:00,26.962,26.962,26.962,26.962,100,0
2017-02-13,20:50:00,26.962,26.962,26.962,26.962,1559,0
2017-02-14,17:15:00,26.942,26.942,26.942,26.942,218,0
2017-02-14,17:25:00,26.942,26.952,26.942,26.943,1106,0
2017-02-14,19:35:00,26.972,26.992,26.962,26.992,3012,0
2017-02-14,20:45:00,26.982,26.982,26.942,26.942,2773,0
2017-02-14,21:55:00,26.933,26.982,26.932,26.982,1406,0
2017-02-15,15:40:00,26.893,26.893,26.893,26.893,285,0
2017-02-15,15:45:00,26.843,26.843,26.843,26.843,100,0
2017-02-16,16:35:00,26.962,26.962,26.962,26.962,502,0
2017-02-16,20:50:00,26.923,26.923,26.923,26.923,100,0
2017-02-16,20:55:00,26.923,26.942,26.923,26.932,301,0
2017-02-17,15:50:00,26.923,26.923,26.923,26.923,100,0
2017-02-17,20:45:00,26.883,26.893,26.883,26.893,2230,0
2017-02-17,21:10:00,26.873,26.873,26.873,26.873,622,0
2017-02-17,21:45:00,26.863,26.873,26.863,26.872,1707,0
2017-02-17,21:55:00,26.873,26.873,26.873,26.873,699,0
2017-02-17,22:00:00,26.883,26.883,26.883,26.883,699,0
2017-02-21,16:30:00,26.903,26.903,26.853,26.853,5723,0
2017-02-21,16:40:00,26.912,26.912,26.912,26.912,459,0
2017-02-21,16:50:00,26.843,26.853,26.803,26.843,3916,0
2017-02-21,20:05:00,26.644,26.644,26.644,26.644,179,0
2017-02-22,16:05:00,26.793,26.793,26.793,26.793,362,0
2017-02-22,18:25:00,26.813,26.813,26.813,26.813,108,0
2017-02-22,18:55:00,26.753,26.753,26.753,26.753,835,0
2017-02-22,19:00:00,26.753,26.753,26.753,26.753,299,0
2017-02-22,20:10:00,26.773,26.783,26.773,26.783,502,0
2017-02-22,21:25:00,26.773,26.783,26.773,26.773,602,0
2017-02-23,15:35:00,26.913,26.932,26.893,26.932,1484,0
2017-02-23,15:40:00,26.932,26.932,26.932,26.932,201,0
2017-02-23,17:15:00,26.853,26.853,26.853,26.853,100,0
2017-02-23,17:35:00,26.823,26.823,26.823,26.823,100,0
2017-02-23,18:05:00,26.833,26.833,26.833,26.833,100,0
2017-02-23,18:35:00,26.833,26.833,26.833,26.833,100,0
2017-02-23,19:05:00,26.833,26.833,26.833,26.833,100,0
2017-02-23,19:40:00,26.833,26.833,26.833,26.833,100,0
2017-02-23,20:05:00,26.823,26.823,26.823,26.823,100,0
2017-02-23,20:35:00,26.833,26.833,26.833,26.833,100,0
2017-02-23,21:00:00,26.833,26.833,26.833,26.833,100,0
2017-02-23,21:20:00,26.833,26.833,26.833,26.833,100,0
2017-02-23,21:40:00,26.833,26.833,26.833,26.833,100,0
2017-02-23,21:50:00,26.833,26.833,26.833,26.833,100,0
2017-02-23,22:00:00,26.833,26.833,26.833,26.833,201,0
2017-02-24,15:40:00,26.793,26.793,26.773,26.773,703,0
2017-02-24,16:00:00,26.773,26.783,26.773,26.783,402,0
2017-02-24,16:05:00,26.793,26.793,26.773,26.773,301,0
2017-02-24,16:45:00,26.773,26.803,26.773,26.773,904,0
2017-02-24,18:05:00,26.773,26.803,26.773,26.773,904,0
2017-02-24,18:25:00,26.773,26.813,26.773,26.813,502,0
2017-02-27,16:30:00,26.863,26.873,26.863,26.873,402,0
2017-03-01,16:30:00,26.693,26.693,26.693,26.693,259,0
2017-03-01,16:40:00,26.653,26.653,26.653,26.653,245,0
2017-03-02,15:45:00,26.624,26.624,26.624,26.624,705,0
2017-03-02,16:15:00,26.644,26.644,26.644,26.644,168,0
2017-03-02,17:30:00,26.653,26.653,26.653,26.653,319,0
2017-03-02,20:45:00,26.604,26.604,26.604,26.604,678,0
2017-03-02,21:30:00,26.594,26.594,26.594,26.594,186,0
2017-03-03,16:10:00,26.634,26.664,26.634,26.664,493,0
2017-03-03,16:15:00,26.614,26.614,26.614,26.614,803,0
2017-03-03,17:15:00,26.624,26.671,26.624,26.671,1244,0
2017-03-03,19:05:00,26.624,26.624,26.624,26.624,1004,0
2017-03-03,19:15:00,26.624,26.624,26.624,26.624,904,0
2017-03-03,20:00:00,26.624,26.634,26.624,26.624,703,0
2017-03-03,20:10:00,26.624,26.624,26.624,26.624,301,0
2017-03-03,20:30:00,26.624,26.644,26.624,26.624,5723,0
2017-03-06,15:35:00,27.092,27.092,27.092,27.092,152,0
2017-03-06,15:50:00,26.743,26.743,26.743,26.743,107,0
2017-03-06,16:05:00,26.738,26.738,26.738,26.738,102,0
2017-03-06,16:15:00,26.736,26.736,26.736,26.736,110,0
2017-03-06,17:00:00,26.703,26.703,26.703,26.703,261,0
2017-03-07,15:50:00,26.713,26.713,26.713,26.713,402,0
2017-03-07,16:15:00,26.697,26.697,26.697,26.697,472,0
2017-03-07,16:30:00,26.693,26.693,26.693,26.693,703,0
2017-03-07,16:40:00,26.713,26.713,26.713,26.713,132,0
2017-03-07,18:55:00,26.683,26.723,26.683,26.683,4580,0
2017-03-07,19:15:00,26.71,26.71,26.71,26.71,310,0
2017-03-07,21:50:00,26.703,26.703,26.703,26.703,132,0
2017-03-07,21:55:00,26.703,26.703,26.703,26.703,1587,0
2017-03-08,15:35:00,26.674,26.703,26.674,26.703,561,0
2017-03-08,15:55:00,26.584,26.584,26.584,26.584,201,0
2017-03-08,21:20:00,26.499,26.499,26.499,26.499,456,0
2017-03-10,19:30:00,26.554,26.554,26.554,26.554,1021,0
2017-03-13,15:05:00,26.594,26.594,26.594,26.594,108,0
2017-03-13,15:15:00,26.594,26.594,26.594,26.594,313,0
2017-03-13,15:20:00,26.584,26.584,26.584,26.584,754,0
2017-03-13,20:15:00,26.571,26.571,26.571,26.571,103,0
2017-03-13,20:30:00,26.594,26.594,26.594,26.594,189,0
2017-03-14,15:15:00,26.514,26.514,26.514,26.514,100,0
2017-03-14,15:50:00,26.524,26.524,26.524,26.524,1205,0
2017-03-14,18:05:00,26.524,26.524,26.524,26.524,100,0
2017-03-14,19:40:00,26.524,26.524,26.524,26.524,201,0
2017-03-14,20:10:00,26.534,26.534,26.534,26.534,183,0
2017-03-14,21:00:00,26.524,26.524,26.524,26.524,201,0
2017-03-15,15:05:00,26.59,26.59,26.582,26.584,1238,0
2017-03-15,19:25:00,26.783,26.783,26.783,26.783,100,0
2017-03-16,15:05:00,26.972,26.972,26.972,26.972,493,0
2017-03-16,15:35:00,26.982,26.982,26.982,26.982,6207,0
2017-03-16,15:45:00,26.972,26.972,26.972,26.972,502,0
2017-03-16,16:20:00,26.972,26.972,26.972,26.972,2108,0
2017-03-16,18:05:00,26.982,26.982,26.982,26.982,803,0
2017-03-16,18:55:00,26.972,26.972,26.972,26.972,100,0
2017-03-17,14:35:00,26.962,26.962,26.962,26.962,100,0
2017-03-17,14:45:00,26.982,26.982,26.982,26.982,7028,0
2017-03-17,15:15:00,27.052,27.052,27.052,27.052,100,0
2017-03-17,19:55:00,27.102,27.102,27.102,27.102,212,0
2017-03-20,14:35:00,26.146,26.146,26.146,26.146,905,0
2017-03-20,18:25:00,27.122,27.131,27.122,27.131,388,0
2017-03-20,20:05:00,27.122,27.122,27.112,27.112,309,0
2017-03-21,19:15:00,27.181,27.181,27.181,27.181,547,0
2017-03-21,20:45:00,27.192,27.192,27.192,27.192,201,0
2017-03-22,14:35:00,27.44,27.44,27.162,27.162,915,0
2017-03-22,15:55:00,27.221,27.221,27.221,27.221,1043,0
2017-03-24,15:50:00,27.301,27.301,27.301,27.301,379,0
2017-03-24,17:05:00,27.321,27.321,27.321,27.321,383,0
2017-03-24,17:30:00,27.331,27.331,27.331,27.331,125,0
2017-03-24,19:30:00,27.301,27.301,27.301,27.301,109,0
2017-03-27,17:20:00,27.287,27.287,27.287,27.287,276,0
2017-03-27,18:40:00,27.276,27.276,27.276,27.276,102,0
2017-03-28,16:35:00,27.29,27.29,27.29,27.29,100,0
2017-03-28,18:15:00,27.2999,27.2999,27.2999,27.2999,350,0
2017-03-28,20:10:00,27.28,27.28,27.28,27.28,200,0
2017-03-28,20:30:00,27.25,27.26,27.25,27.26,11001,0
2017-03-28,20:55:00,27.27,27.27,27.27,27.27,337,0
2017-03-28,21:30:00,27.268,27.268,27.268,27.268,200,0
2017-03-29,16:50:00,27.21,27.25,27.21,27.25,708,0
2017-03-30,19:50:00,27.345,27.345,27.345,27.345,206,0
2017-03-30,21:35:00,27.328,27.328,27.328,27.328,180,0
2017-03-31,16:00:00,27.15,27.15,27.15,27.15,100,0
2017-03-31,16:40:00,27.13,27.13,27.13,27.13,100,0
2017-03-31,17:30:00,27.13,27.13,27.11,27.11,300,0
2017-03-31,18:10:00,27.115,27.15,27.115,27.13,8390,0
2017-03-31,18:15:00,27.14,27.14,27.14,27.14,4800,0
2017-03-31,18:25:00,27.14,27.14,27.14,27.14,100,0
2017-03-31,19:30:00,27.15,27.15,27.15,27.15,100,0
2017-03-31,19:55:00,27.1001,27.1001,27.1001,27.1001,148,0
2017-03-31,20:50:00,27.15,27.15,27.15,27.15,100,0
2017-04-03,15:35:00,27.25,27.25,27.25,27.25,102,0
2017-04-03,15:55:00,27.1101,27.1102,27.1101,27.1102,1378,0
2017-04-03,16:25:00,27.11,27.11,27.11,27.11,105,0
2017-04-03,17:50:00,27.13,27.13,27.13,27.13,100,0
2017-04-04,15:35:00,27.24,27.24,27.24,27.24,552,0
2017-04-04,15:45:00,27.08,27.08,27.08,27.08,252,0
2017-04-04,17:20:00,27.0401,27.0401,27.0401,27.0401,126,0
2017-04-04,17:25:00,27.05,27.05,27.05,27.05,16288,0
2017-04-04,17:35:00,27.06,27.06,27.06,27.06,3000,0
2017-04-06,19:10:00,27.0247,27.0247,27.0247,27.0247,370,0
2017-04-11,16:40:00,27.0399,27.0399,27.0399,27.0399,387,0
2017-04-11,16:50:00,27.03,27.03,27.03,27.03,125,0
2017-04-12,16:55:00,27.1599,27.1599,27.1599,27.1599,117,0
2017-04-13,16:00:00,27.2869,27.2869,27.2869,27.2869,200,0
2017-04-13,20:45:00,27.3169,27.32,27.3165,27.32,690,0
2017-04-13,20:50:00,27.2499,27.2499,27.2499,27.2499,190,0
2017-04-17,16:40:00,27.35,27.35,27.35,27.35,471,0
2017-04-17,16:50:00,27.35,27.35,27.346,27.346,227,0
2017-04-17,18:05:00,27.36,27.36,27.3268,27.3268,1000,0
2017-04-17,18:35:00,27.3,27.3,27.3,27.3,100,0
2017-04-17,20:45:00,27.2901,27.2901,27.29,27.2901,1846,0
2017-04-18,15:45:00,27.3738,27.3738,27.3738,27.3738,500,0
2017-04-18,16:45:00,27.39,27.39,27.3858,27.3858,765,0
2017-04-18,19:25:00,27.3699,27.3699,27.3699,27.3699,548,0
2017-04-19,16:15:00,27.2771,27.2771,27.2771,27.2771,427,0
2017-04-19,17:15:00,27.2899,27.2899,27.2899,27.2899,307,0
2017-04-19,18:25:00,27.2306,27.2306,27.2306,27.2306,165,0
2017-04-19,22:00:00,27.23,27.23,27.23,27.23,1000,0
2017-04-20,16:45:00,27.3283,27.3283,27.3283,27.3283,414,0
2017-04-20,17:25:00,27.32,27.32,27.32,27.32,200,0
2017-04-20,19:05:00,27.3394,27.3394,27.3394,27.3394,366,0
2017-04-20,19:15:00,27.33,27.33,27.33,27.33,200,0
2017-04-21,16:35:00,27.3806,27.3806,27.3806,27.3806,1000,0
2017-04-21,19:00:00,27.38,27.38,27.38,27.38,500,0
2017-04-24,16:15:00,27.71,27.71,27.7052,27.7052,230,0
2017-04-24,17:10:00,27.71,27.71,27.71,27.71,200,0
2017-04-25,15:35:00,27.64,27.71,27.64,27.71,200,0
2017-04-26,22:00:00,27.47,27.47,27.47,27.47,100,0
