Date,Time,Open,High,Low,Close,Volume,OpenInt
2017-04-07,15:35:00,42.19,42.19,42.19,42.19,449,0
2017-04-07,15:40:00,42.2031,42.2031,42.2031,42.2031,103,0
2017-04-07,15:45:00,42.2,42.51,42.135,42.31,4309,0
2017-04-07,15:50:00,42.31,42.33,42.17,42.25,500,0
2017-04-07,15:55:00,42.25,42.45,42.23,42.25,4772,0
2017-04-07,16:00:00,42.26,42.32,42.2,42.32,14100,0
2017-04-07,16:05:00,42.33,42.41,42.25,42.32,8539,0
2017-04-07,16:10:00,42.36,42.36,42.23,42.23,11700,0
2017-04-07,16:15:00,42.242,42.34,42.17,42.2675,4400,0
2017-04-07,16:20:00,42.26,42.28,42.22,42.27,14018,0
2017-04-07,16:25:00,42.26,42.32,42.24,42.32,2900,0
2017-04-07,16:30:00,42.33,42.34,42.25,42.3,3000,0
2017-04-07,16:35:00,42.31,42.34,42.23,42.24,4600,0
2017-04-07,16:40:00,42.26,42.33,42.26,42.31,1400,0
2017-04-07,16:45:00,42.35,42.35,42.235,42.25,8581,0
2017-04-07,16:50:00,42.24,42.3,42.24,42.3,3600,0
2017-04-07,16:55:00,42.32,42.38,42.32,42.3799,2308,0
2017-04-07,17:00:00,42.35,42.35,42.34,42.35,1100,0
2017-04-07,17:05:00,42.36,42.37,42.29,42.29,2035,0
2017-04-07,17:10:00,42.28,42.28,42.235,42.26,8182,0
2017-04-07,17:15:00,42.26,42.27,42.22,42.27,9109,0
2017-04-07,17:20:00,42.29,42.29,42.25,42.25,400,0
2017-04-07,17:25:00,42.26,42.323,42.24,42.24,2800,0
2017-04-07,17:30:00,42.265,42.32,42.24,42.24,6800,0
2017-04-07,17:35:00,42.25,42.28,42.23,42.28,842,0
2017-04-07,17:40:00,42.271,42.305,42.23,42.25,3391,0
2017-04-07,17:45:00,42.255,42.255,42.2,42.24,9471,0
2017-04-07,17:50:00,42.26,42.26,42.19,42.19,1600,0
2017-04-07,17:55:00,42.22,42.29,42.22,42.29,550,0
2017-04-07,18:00:00,42.29,42.36,42.29,42.33,1000,0
2017-04-07,18:05:00,42.3,42.3,42.24,42.24,2300,0
2017-04-07,18:10:00,42.29,42.31,42.27,42.27,2113,0
2017-04-07,18:15:00,42.31,42.34,42.28,42.31,2423,0
2017-04-07,18:20:00,42.3,42.31,42.2001,42.245,3300,0
2017-04-07,18:25:00,42.24,42.27,42.24,42.25,500,0
2017-04-07,18:35:00,42.28,42.31,42.28,42.3,1600,0
2017-04-07,18:40:00,42.3,42.3,42.3,42.3,300,0
2017-04-07,18:45:00,42.27,42.32,42.27,42.3,1000,0
2017-04-07,18:50:00,42.3,42.34,42.29,42.3,1700,0
2017-04-07,18:55:00,42.31,42.31,42.29,42.29,1000,0
2017-04-07,19:00:00,42.27,42.3,42.26,42.28,753,0
2017-04-07,19:05:00,42.3,42.3,42.23,42.25,2000,0
2017-04-07,19:10:00,42.24,42.26,42.24,42.24,4600,0
2017-04-07,19:15:00,42.28,42.3,42.275,42.275,900,0
2017-04-07,19:20:00,42.29,42.3,42.26,42.26,300,0
2017-04-07,19:30:00,42.25,42.32,42.25,42.32,600,0
2017-04-07,19:35:00,42.34,42.35,42.31,42.31,1163,0
2017-04-07,19:40:00,42.29,42.3099,42.24,42.295,10400,0
2017-04-07,19:45:00,42.28,42.3,42.27,42.29,900,0
2017-04-07,19:50:00,42.32,42.34,42.31,42.34,971,0
2017-04-07,19:55:00,42.35,42.38,42.33,42.38,1200,0
2017-04-07,20:00:00,42.36,42.4,42.3,42.3725,9000,0
2017-04-07,20:05:00,42.34,42.37,42.27,42.27,3700,0
2017-04-07,20:10:00,42.3,42.35,42.29,42.29,1800,0
2017-04-07,20:15:00,42.32,42.37,42.32,42.37,700,0
2017-04-07,20:20:00,42.37,42.37,42.35,42.36,1110,0
2017-04-07,20:25:00,42.36,42.36,42.25,42.25,1300,0
2017-04-07,20:30:00,42.25,42.26,42.23,42.25,10509,0
2017-04-07,20:35:00,42.27,42.27,42.14,42.18,13372,0
2017-04-07,20:40:00,42.185,42.21,42.13,42.16,3891,0
2017-04-07,20:45:00,42.17,42.19,42.11,42.12,4600,0
2017-04-07,20:50:00,42.15,42.17,42.15,42.17,1000,0
2017-04-07,20:55:00,42.15,42.15,42.09,42.09,1800,0
2017-04-07,21:00:00,42.11,42.11,42.06,42.06,1600,0
2017-04-07,21:05:00,42.08,42.1,42.04,42.07,5146,0
2017-04-07,21:10:00,42.06,42.09,42.03,42.03,1600,0
2017-04-07,21:15:00,42.06,42.12,42.06,42.1,1100,0
2017-04-07,21:20:00,42.11,42.11,42.07,42.07,1900,0
2017-04-07,21:25:00,42.07,42.17,42.06,42.17,1700,0
2017-04-07,21:30:00,42.16,42.175,42.15,42.17,3206,0
2017-04-07,21:35:00,42.14,42.14,42.09,42.1,2300,0
2017-04-07,21:40:00,42.12,42.14,42.1,42.14,2671,0
2017-04-07,21:45:00,42.13,42.145,42.11,42.12,3493,0
2017-04-07,21:50:00,42.12,42.13,42.1,42.105,5770,0
2017-04-07,21:55:00,42.1,42.12,42.09,42.1,3942,0
2017-04-07,22:00:00,42.11,42.12,42.08,42.08,32572,0
2017-04-10,15:35:00,42.1,42.13,42.1,42.12,1502,0
2017-04-10,15:40:00,42.11,42.2,42.1,42.2,2900,0
2017-04-10,15:45:00,42.22,42.3,42.19,42.3,11468,0
2017-04-10,15:50:00,42.31,42.36,42.28,42.34,3000,0
2017-04-10,15:55:00,42.35,42.35,42.3,42.35,10963,0
2017-04-10,16:00:00,42.33,42.37,42.265,42.265,5831,0
2017-04-10,16:05:00,42.35,42.4,42.33,42.36,3400,0
2017-04-10,16:10:00,42.39,42.45,42.32,42.4,9863,0
2017-04-10,16:15:00,42.4,42.45,42.36,42.4,2500,0
2017-04-10,16:20:00,42.435,42.52,42.42,42.47,13850,0
2017-04-10,16:25:00,42.5,42.54,42.45,42.5,3700,0
2017-04-10,16:30:00,42.505,42.54,42.5,42.5,600,0
2017-04-10,16:35:00,42.55,42.69,42.51,42.69,12296,0
2017-04-10,16:40:00,42.7,42.7,42.57,42.57,7938,0
2017-04-10,16:45:00,42.62,42.69,42.62,42.65,2979,0
2017-04-10,16:50:00,42.65,42.66,42.64,42.66,1400,0
2017-04-10,16:55:00,42.64,42.68,42.61,42.61,2300,0
2017-04-10,17:00:00,42.63,42.63,42.55,42.55,1200,0
2017-04-10,17:05:00,42.55,42.55,42.47,42.47,1800,0
2017-04-10,17:10:00,42.47,42.51,42.4201,42.51,4301,0
2017-04-10,17:15:00,42.51,42.51,42.44,42.46,1900,0
2017-04-10,17:20:00,42.45,42.49,42.45,42.49,900,0
2017-04-10,17:25:00,42.47,42.53,42.45,42.46,3500,0
2017-04-10,17:30:00,42.46,42.5,42.39,42.41,2400,0
2017-04-10,17:35:00,42.43,42.43,42.38,42.38,400,0
2017-04-10,17:40:00,42.33,42.33,42.33,42.33,100,0
2017-04-10,17:45:00,42.3,42.34,42.25,42.27,2103,0
2017-04-10,17:50:00,42.28,42.3109,42.26,42.3109,1426,0
2017-04-10,17:55:00,42.3,42.31,42.27,42.31,900,0
2017-04-10,18:00:00,42.26,42.26,42.2,42.25,1500,0
2017-04-10,18:05:00,42.28,42.34,42.25,42.275,1809,0
2017-04-10,18:10:00,42.24,42.25,42.18,42.25,1600,0
2017-04-10,18:15:00,42.21,42.23,42.16,42.16,700,0
2017-04-10,18:20:00,42.17,42.18,42.16,42.16,800,0
2017-04-10,18:25:00,42.16,42.23,42.0902,42.0902,4600,0
2017-04-10,18:30:00,42.09,42.1,42.06,42.07,2162,0
2017-04-10,18:35:00,42.11,42.12,42.05,42.07,5700,0
2017-04-10,18:40:00,42.06,42.09,42.06,42.09,1100,0
2017-04-10,18:45:00,42.1,42.11,42.03,42.05,6500,0
2017-04-10,18:50:00,42.06,42.06,42,42.05,14314,0
2017-04-10,18:55:00,42.05,42.11,42.05,42.08,2826,0
2017-04-10,19:00:00,42.12,42.12,42.1,42.12,813,0
2017-04-10,19:05:00,42.12,42.12,42.11,42.12,1000,0
2017-04-10,19:10:00,42.12,42.17,42.12,42.13,2200,0
2017-04-10,19:15:00,42.12,42.12,42.06,42.12,1749,0
2017-04-10,19:20:00,42.105,42.16,42.105,42.12,1100,0
2017-04-10,19:25:00,42.16,42.2,42.15,42.2,400,0
2017-04-10,19:30:00,42.18,42.2,42.17,42.19,800,0
2017-04-10,19:35:00,42.18,42.23,42.18,42.2188,616,0
2017-04-10,19:40:00,42.23,42.31,42.23,42.31,800,0
2017-04-10,19:45:00,42.3099,42.3099,42.25,42.25,900,0
2017-04-10,19:50:00,42.1901,42.27,42.19,42.25,900,0
2017-04-10,19:55:00,42.295,42.295,42.25,42.25,700,0
2017-04-10,20:05:00,42.305,42.305,42.24,42.24,900,0
2017-04-10,20:10:00,42.29,42.31,42.29,42.31,400,0
2017-04-10,20:15:00,42.31,42.37,42.31,42.35,500,0
2017-04-10,20:20:00,42.34,42.34,42.34,42.34,373,0
2017-04-10,20:25:00,42.32,42.4,42.32,42.4,2950,0
2017-04-10,20:30:00,42.43,42.455,42.4,42.409,1900,0
2017-04-10,20:35:00,42.41,42.42,42.41,42.42,300,0
2017-04-10,20:40:00,42.4,42.4,42.38,42.39,1700,0
2017-04-10,20:45:00,42.39,42.4,42.39,42.4,1900,0
2017-04-10,20:50:00,42.4,42.41,42.39,42.4,1100,0
2017-04-10,20:55:00,42.4,42.42,42.4,42.415,900,0
2017-04-10,21:00:00,42.42,42.42,42.38,42.39,2600,0
2017-04-10,21:05:00,42.4,42.4,42.395,42.4,2967,0
2017-04-10,21:10:00,42.4,42.42,42.365,42.365,3539,0
2017-04-10,21:15:00,42.36,42.41,42.36,42.39,900,0
2017-04-10,21:20:00,42.4,42.42,42.39,42.405,1700,0
2017-04-10,21:25:00,42.39,42.405,42.35,42.405,2500,0
2017-04-10,21:30:00,42.41,42.41,42.39,42.4,2100,0
2017-04-10,21:35:00,42.41,42.42,42.37,42.38,3024,0
2017-04-10,21:40:00,42.395,42.4,42.35,42.39,4600,0
2017-04-10,21:45:00,42.4,42.44,42.4,42.42,3001,0
2017-04-10,21:50:00,42.42,42.45,42.35,42.35,8500,0
2017-04-10,21:55:00,42.36,42.38,42.33,42.35,5800,0
2017-04-10,22:00:00,42.35,42.37,42.26,42.27,28252,0
2017-04-11,15:35:00,42.27,42.27,42.27,42.27,1429,0
2017-04-11,15:40:00,42.18,42.4,42.18,42.37,2105,0
2017-04-11,15:45:00,42.38,42.38,42.37,42.37,200,0
2017-04-11,15:50:00,42.38,42.4,42.35,42.375,2700,0
2017-04-11,15:55:00,42.36,42.36,42.31,42.31,400,0
2017-04-11,16:00:00,42.3468,42.36,42.25,42.25,1600,0
2017-04-11,16:05:00,42.38,42.42,42.35,42.35,400,0
2017-04-11,16:10:00,42.412,42.51,42.36,42.51,51601,0
2017-04-11,16:15:00,42.545,42.585,42.43,42.44,22602,0
2017-04-11,16:20:00,42.505,42.52,42.375,42.44,3000,0
2017-04-11,16:25:00,42.45,42.45,42.39,42.45,700,0
2017-04-11,16:30:00,42.45,42.5699,42.45,42.53,2000,0
2017-04-11,16:35:00,42.4851,42.52,42.45,42.505,1600,0
2017-04-11,16:40:00,42.52,42.59,42.47,42.53,8056,0
2017-04-11,16:45:00,42.47,42.47,42.42,42.42,700,0
2017-04-11,16:50:00,42.47,42.5,42.47,42.5,1800,0
2017-04-11,16:55:00,42.48,42.48,42.455,42.455,899,0
2017-04-11,17:00:00,42.44,42.44,42.44,42.44,200,0
2017-04-11,17:05:00,42.48,42.49,42.41,42.47,1500,0
2017-04-11,17:15:00,42.47,42.49,42.41,42.45,1900,0
2017-04-11,17:20:00,42.47,42.47,42.47,42.47,100,0
2017-04-11,17:25:00,42.455,42.48,42.455,42.47,900,0
2017-04-11,17:30:00,42.45,42.45,42.45,42.45,100,0
2017-04-11,17:35:00,42.45,42.47,42.45,42.47,300,0
2017-04-11,17:40:00,42.52,42.62,42.47,42.62,8294,0
2017-04-11,17:45:00,42.63,42.705,42.63,42.705,1271,0
2017-04-11,17:50:00,42.7,42.7001,42.68,42.7,3271,0
2017-04-11,17:55:00,42.7,42.7,42.69,42.69,1700,0
2017-04-11,18:00:00,42.7,42.7,42.68,42.69,671,0
2017-04-11,18:05:00,42.665,42.665,42.665,42.665,100,0
2017-04-11,18:10:00,42.665,42.7,42.665,42.7,1151,0
2017-04-11,18:15:00,42.7,42.7,42.69,42.69,1600,0
2017-04-11,18:20:00,42.7,42.7,42.67,42.67,900,0
2017-04-11,18:25:00,42.689,42.71,42.689,42.71,2070,0
2017-04-11,18:35:00,42.77,42.79,42.76,42.76,305,0
2017-04-11,18:40:00,42.79,42.85,42.79,42.85,820,0
2017-04-11,18:45:00,42.85,42.85,42.85,42.85,100,0
2017-04-11,18:50:00,42.86,42.8999,42.85,42.8999,1600,0
2017-04-11,18:55:00,42.86,42.91,42.85,42.91,936,0
2017-04-11,19:00:00,42.94,42.94,42.91,42.91,600,0
2017-04-11,19:05:00,42.9001,42.915,42.84,42.88,1000,0
2017-04-11,19:10:00,42.9,42.9,42.9,42.9,100,0
2017-04-11,19:15:00,42.88,42.905,42.88,42.905,500,0
2017-04-11,19:20:00,42.93,43,42.93,43,3598,0
2017-04-11,19:25:00,42.985,43,42.97,42.99,1742,0
2017-04-11,19:30:00,42.96,42.96,42.96,42.96,100,0
2017-04-11,19:35:00,42.97,43,42.96,42.98,4008,0
2017-04-11,19:40:00,43,43,42.98,42.99,4339,0
2017-04-11,19:45:00,42.98,42.99,42.96,42.975,500,0
2017-04-11,19:50:00,42.96,42.975,42.84,42.84,3456,0
2017-04-11,19:55:00,42.8,42.82,42.73,42.75,2023,0
2017-04-11,20:00:00,42.72,42.8,42.68,42.8,1824,0
2017-04-11,20:05:00,42.79,42.81,42.78,42.78,1300,0
2017-04-11,20:10:00,42.81,42.875,42.81,42.87,600,0
2017-04-11,20:15:00,42.89,42.96,42.88,42.96,1400,0
2017-04-11,20:20:00,42.97,43.01,42.95,43,4867,0
2017-04-11,20:25:00,43.01,43.13,43,43.13,3600,0
2017-04-11,20:30:00,43.14,43.19,43.14,43.16,2700,0
2017-04-11,20:35:00,43.15,43.15,43.12,43.13,1050,0
2017-04-11,20:40:00,43.15,43.15,43.11,43.12,2023,0
2017-04-11,20:45:00,43.13,43.15,43.12,43.13,1600,0
2017-04-11,20:50:00,43.11,43.1101,43.08,43.08,6443,0
2017-04-11,20:55:00,43.06,43.1,43.06,43.1,2221,0
2017-04-11,21:00:00,43.09,43.09,43.05,43.08,3095,0
2017-04-11,21:05:00,43.08,43.09,43.08,43.09,1600,0
2017-04-11,21:10:00,43.09,43.1,43.089,43.09,4061,0
2017-04-11,21:15:00,43.08,43.1,43.07,43.085,2262,0
2017-04-11,21:20:00,43.07,43.07,43.03,43.03,1400,0
2017-04-11,21:25:00,43.02,43.04,42.99,42.99,3000,0
2017-04-11,21:30:00,42.98,43,42.98,43,4000,0
2017-04-11,21:35:00,42.995,43,42.98,42.99,5837,0
2017-04-11,21:40:00,42.98,43,42.97,42.99,2851,0
2017-04-11,21:45:00,42.99,43,42.98,43,5745,0
2017-04-11,21:50:00,43,43,42.95,42.99,8070,0
2017-04-11,21:55:00,42.995,43,42.94,42.98,10753,0
2017-04-11,22:00:00,43,43,42.89,42.91,62435,0
2017-04-12,15:35:00,42.93,42.93,42.93,42.93,415,0
2017-04-12,15:45:00,43,43,42.99,43,300,0
2017-04-12,15:50:00,43.04,43.09,43,43.04,600,0
2017-04-12,15:55:00,43.01,43.02,43,43,320,0
2017-04-12,16:00:00,43.06,43.08,42.94,42.95,750,0
2017-04-12,16:05:00,42.97,42.99,42.92,42.92,600,0
2017-04-12,16:10:00,42.94,43.05,42.93,43.05,2100,0
2017-04-12,16:15:00,42.97,43.01,42.92,42.98,1200,0
2017-04-12,16:20:00,42.96,43.0339,42.96,43.0339,800,0
2017-04-12,16:25:00,43.08,43.13,42.9,42.97,1400,0
2017-04-12,16:30:00,43.01,43.0444,43.01,43.0444,600,0
2017-04-12,16:35:00,43.15,43.23,43.11,43.23,1553,0
2017-04-12,16:40:00,43.26,43.26,43.05,43.05,2062,0
2017-04-12,16:45:00,43.04,43.12,43.03,43.03,2300,0
2017-04-12,16:50:00,42.93,43.04,42.91,43.03,600,0
2017-04-12,16:55:00,43.02,43.24,42.95,43.24,4225,0
2017-04-12,17:00:00,43.2299,43.2299,43.11,43.15,1500,0
2017-04-12,17:05:00,43.2,43.22,43.15,43.19,700,0
2017-04-12,17:10:00,43.1175,43.26,43.07,43.25,2000,0
2017-04-12,17:15:00,43.31,43.36,43.31,43.35,1100,0
2017-04-12,17:20:00,43.335,43.35,43.29,43.35,1500,0
2017-04-12,17:25:00,43.32,43.32,43.21,43.29,2386,0
2017-04-12,17:30:00,43.29,43.32,43.29,43.315,749,0
2017-04-12,17:35:00,43.32,43.32,43.32,43.32,200,0
2017-04-12,17:40:00,43.29,43.3,43.22,43.25,4920,0
2017-04-12,17:45:00,43.22,43.22,43.22,43.22,100,0
2017-04-12,17:50:00,43.21,43.22,43.15,43.19,2311,0
2017-04-12,17:55:00,43.18,43.2099,43.18,43.2099,300,0
2017-04-12,18:05:00,43.27,43.27,43.18,43.18,300,0
2017-04-12,18:10:00,43.19,43.25,43.19,43.2299,1300,0
2017-04-12,18:15:00,43.215,43.26,43.19,43.26,1477,0
2017-04-12,18:20:00,43.26,43.3,43.23,43.23,2170,0
2017-04-12,18:25:00,43.26,43.33,43.26,43.33,1270,0
2017-04-12,18:30:00,43.34,43.4599,43.34,43.4599,1600,0
2017-04-12,18:35:00,43.46,43.46,43.41,43.46,1500,0
2017-04-12,18:40:00,43.47,43.47,43.44,43.47,700,0
2017-04-12,18:45:00,43.47,43.49,43.45,43.47,1100,0
2017-04-12,18:50:00,43.46,43.49,43.45,43.48,600,0
2017-04-12,18:55:00,43.49,43.49,43.4,43.49,1540,0
2017-04-12,19:00:00,43.49,43.49,43.49,43.49,400,0
2017-04-12,19:05:00,43.49,43.49,43.42,43.47,1900,0
2017-04-12,19:10:00,43.4576,43.66,43.42,43.66,10241,0
2017-04-12,19:15:00,43.6446,43.66,43.56,43.59,3400,0
2017-04-12,19:20:00,43.62,43.64,43.56,43.56,1070,0
2017-04-12,19:25:00,43.55,43.56,43.265,43.41,3888,0
2017-04-12,19:30:00,43.45,43.45,43.35,43.35,2200,0
2017-04-12,19:35:00,43.31,43.43,43.31,43.4,900,0
2017-04-12,19:40:00,43.42,43.49,43.42,43.49,2900,0
2017-04-12,19:45:00,43.5,43.53,43.48,43.48,1200,0
2017-04-12,19:50:00,43.48,43.48,43.29,43.32,2100,0
2017-04-12,19:55:00,43.35,43.37,43.2,43.21,1720,0
2017-04-12,20:00:00,43.21,43.25,43.16,43.225,2300,0
2017-04-12,20:05:00,43.22,43.22,43.16,43.16,700,0
2017-04-12,20:10:00,43.15,43.16,43.15,43.15,2540,0
2017-04-12,20:15:00,43.15,43.245,43.15,43.235,1300,0
2017-04-12,20:20:00,43.16,43.21,43.15,43.21,1800,0
2017-04-12,20:25:00,43.18,43.18,43.15,43.16,1300,0
2017-04-12,20:30:00,43.15,43.185,43.15,43.17,1400,0
2017-04-12,20:35:00,43.17,43.175,43.15,43.15,1740,0
2017-04-12,20:40:00,43.15,43.215,43.15,43.21,2200,0
2017-04-12,20:45:00,43.18,43.24,43.15,43.16,4241,0
2017-04-12,20:50:00,43.2,43.24,43.19,43.24,2700,0
2017-04-12,20:55:00,43.22,43.35,43.22,43.35,1400,0
2017-04-12,21:00:00,43.3,43.32,43.29,43.32,500,0
2017-04-12,21:05:00,43.32,43.35,43.32,43.34,1500,0
2017-04-12,21:10:00,43.35,43.35,43.15,43.19,9488,0
2017-04-12,21:15:00,43.27,43.33,43.19,43.33,1700,0
2017-04-12,21:20:00,43.33,43.33,43.15,43.22,6200,0
2017-04-12,21:25:00,43.25,43.34,43.245,43.29,2000,0
2017-04-12,21:30:00,43.34,43.34,43.28,43.31,5650,0
2017-04-12,21:35:00,43.31,43.34,43.27,43.31,4000,0
2017-04-12,21:40:00,43.3,43.33,43.29,43.3,4244,0
2017-04-12,21:45:00,43.31,43.32,43.26,43.26,5371,0
2017-04-12,21:50:00,43.27,43.35,43.27,43.32,6270,0
2017-04-12,21:55:00,43.32,43.33,43.22,43.23,13638,0
2017-04-12,22:00:00,43.25,43.29,43.23,43.26,37111,0
2017-04-13,15:35:00,43.5,43.51,43.3864,43.3864,10492,0
2017-04-13,15:40:00,43.51,43.6599,43.51,43.6599,900,0
2017-04-13,15:45:00,43.68,43.68,43.47,43.47,600,0
2017-04-13,15:50:00,43.31,43.43,43.27,43.3,1770,0
2017-04-13,15:55:00,43.3,43.45,43.3,43.335,1300,0
2017-04-13,16:00:00,43.32,43.41,43.26,43.27,2083,0
2017-04-13,16:05:00,43.26,43.35,43.25,43.25,1540,0
2017-04-13,16:10:00,43.25,43.25,43.25,43.25,3200,0
2017-04-13,16:15:00,43.26,43.3,43.25,43.3,3169,0
2017-04-13,16:20:00,43.34,43.36,43.27,43.28,1800,0
2017-04-13,16:25:00,43.25,43.28,43.25,43.26,1350,0
2017-04-13,16:30:00,43.29,43.29,43.25,43.25,2598,0
2017-04-13,16:35:00,43.27,43.3,43.27,43.3,900,0
2017-04-13,16:40:00,43.33,43.345,43.3,43.3121,900,0
2017-04-13,16:45:00,43.31,43.31,43.31,43.31,500,0
2017-04-13,16:50:00,43.31,43.32,43.27,43.27,1900,0
2017-04-13,16:55:00,43.29,43.29,43.25,43.269,3243,0
2017-04-13,17:00:00,43.25,43.28,43.25,43.26,2000,0
2017-04-13,17:05:00,43.29,43.33,43.25,43.25,900,0
2017-04-13,17:10:00,43.25,43.29,43.25,43.2899,400,0
2017-04-13,17:15:00,43.28,43.29,43.28,43.28,800,0
2017-04-13,17:20:00,43.27,43.33,43.25,43.32,4750,0
2017-04-13,17:25:00,43.32,43.32,43.31,43.32,950,0
2017-04-13,17:30:00,43.3,43.3,43.26,43.26,900,0
2017-04-13,17:35:00,43.25,43.25,43.15,43.19,4596,0
2017-04-13,17:40:00,43.15,43.15,43.09,43.09,1100,0
2017-04-13,17:45:00,43.08,43.1115,43.05,43.099,4000,0
2017-04-13,17:50:00,43.0604,43.1721,43.0604,43.1721,5500,0
2017-04-13,17:55:00,43.16,43.16,43.12,43.12,303,0
2017-04-13,18:00:00,43.1697,43.1697,43.05,43.05,2200,0
2017-04-13,18:05:00,43.06,43.1,43.02,43.02,910,0
2017-04-13,18:10:00,43.03,43.06,43,43.02,7363,0
2017-04-13,18:15:00,43.02,43.05,43,43.01,2300,0
2017-04-13,18:20:00,43.02,43.02,42.87,42.87,13561,0
2017-04-13,18:25:00,42.89,42.92,42.83,42.84,1534,0
2017-04-13,18:30:00,42.8599,42.8599,42.82,42.82,200,0
2017-04-13,18:35:00,42.86,42.89,42.81,42.81,1700,0
2017-04-13,18:45:00,42.82,42.83,42.77,42.77,600,0
2017-04-13,18:50:00,42.78,42.78,42.78,42.78,300,0
2017-04-13,18:55:00,42.79,42.87,42.79,42.816,1040,0
2017-04-13,19:00:00,42.83,42.87,42.83,42.87,510,0
2017-04-13,19:05:00,42.88,42.88,42.84,42.84,455,0
2017-04-13,19:10:00,42.82,42.85,42.8,42.81,1849,0
2017-04-13,19:15:00,42.82,42.82,42.82,42.82,300,0
2017-04-13,19:20:00,42.8,42.8,42.8,42.8,600,0
2017-04-13,19:25:00,42.76,42.76,42.76,42.76,900,0
2017-04-13,19:35:00,42.75,42.8,42.73,42.7897,2311,0
2017-04-13,19:40:00,42.77,42.77,42.76,42.77,800,0
2017-04-13,19:45:00,42.71,42.75,42.7,42.7,2364,0
2017-04-13,19:50:00,42.6671,42.6671,42.56,42.61,2070,0
2017-04-13,19:55:00,42.5964,42.63,42.5964,42.62,452,0
2017-04-13,20:00:00,42.59,42.61,42.565,42.6,600,0
2017-04-13,20:05:00,42.63,42.64,42.6,42.605,700,0
2017-04-13,20:10:00,42.6154,42.67,42.6,42.67,1788,0
2017-04-13,20:15:00,42.66,42.71,42.66,42.71,900,0
2017-04-13,20:20:00,42.71,42.72,42.68,42.7,800,0
2017-04-13,20:25:00,42.71,42.72,42.7,42.72,1000,0
2017-04-13,20:30:00,42.72,42.83,42.72,42.83,2400,0
2017-04-13,20:35:00,42.88,42.92,42.87,42.92,400,0
2017-04-13,20:40:00,42.92,42.93,42.86,42.88,2845,0
2017-04-13,20:45:00,42.9,42.95,42.9,42.91,1000,0
2017-04-13,20:50:00,42.91,42.91,42.87,42.88,1300,0
2017-04-13,20:55:00,42.87,42.88,42.81,42.81,1665,0
2017-04-13,21:00:00,42.79,42.88,42.79,42.88,2900,0
2017-04-13,21:05:00,42.89,42.95,42.89,42.94,1600,0
2017-04-13,21:10:00,42.92,42.98,42.92,42.95,2400,0
2017-04-13,21:15:00,42.95,43.08,42.95,43.06,4820,0
2017-04-13,21:20:00,43.01,43.03,43,43.01,600,0
2017-04-13,21:25:00,43.01,43.1,43.01,43.09,1400,0
2017-04-13,21:30:00,43.07,43.09,43.055,43.06,3700,0
2017-04-13,21:35:00,43.06,43.06,42.97,42.99,2268,0
2017-04-13,21:40:00,42.94,43,42.93,42.96,3750,0
2017-04-13,21:45:00,42.95,42.97,42.95,42.95,1997,0
2017-04-13,21:50:00,42.91,43.03,42.91,43.02,5410,0
2017-04-13,21:55:00,43.01,43.03,42.96,42.99,5031,0
2017-04-13,22:00:00,43,43.01,42.95,42.95,17959,0
2017-04-17,15:35:00,42.79,42.79,42.77,42.77,10655,0
2017-04-17,15:45:00,42.98,43.18,42.98,43.18,4800,0
2017-04-17,15:50:00,43.1443,43.18,43.14,43.18,1035,0
2017-04-17,15:55:00,43.175,43.22,43.165,43.22,1500,0
2017-04-17,16:00:00,43.255,43.265,43.16,43.16,1100,0
2017-04-17,16:05:00,43.205,43.219,43.16,43.2,1975,0
2017-04-17,16:10:00,43.2,43.2,43.14,43.16,2998,0
2017-04-17,16:15:00,43.121,43.121,42.92,42.92,1400,0
2017-04-17,16:20:00,42.92,42.935,42.87,42.9,6550,0
2017-04-17,16:25:00,42.91,42.91,42.8001,42.82,1000,0
2017-04-17,16:30:00,42.85,42.85,42.75,42.76,2700,0
2017-04-17,16:35:00,42.76,42.83,42.75,42.78,1900,0
2017-04-17,16:40:00,42.775,42.8,42.75,42.79,4245,0
2017-04-17,16:45:00,42.78,42.82,42.75,42.75,3300,0
2017-04-17,16:50:00,42.76,42.83,42.75,42.82,8489,0
2017-04-17,16:55:00,42.8,42.8,42.75,42.75,3463,0
2017-04-17,17:00:00,42.76,42.83,42.75,42.825,5480,0
2017-04-17,17:05:00,42.86,42.955,42.86,42.88,1474,0
2017-04-17,17:10:00,42.85,42.87,42.75,42.76,1842,0
2017-04-17,17:15:00,42.78,42.82,42.77,42.82,2900,0
2017-04-17,17:20:00,42.82,42.82,42.52,42.68,22612,0
2017-04-17,17:25:00,42.71,42.71,42.56,42.56,973,0
2017-04-17,17:30:00,42.54,42.54,42.5,42.54,1337,0
2017-04-17,17:35:00,42.56,42.6,42.54,42.6,2588,0
2017-04-17,17:40:00,42.5979,42.6,42.54,42.56,2396,0
2017-04-17,17:45:00,42.56,42.68,42.56,42.68,3500,0
2017-04-17,17:50:00,42.67,42.6792,42.6,42.65,3115,0
2017-04-17,17:55:00,42.64,42.64,42.64,42.64,158,0
2017-04-17,18:00:00,42.64,42.64,42.59,42.6,1200,0
2017-04-17,18:05:00,42.61,42.76,42.61,42.73,2900,0
2017-04-17,18:10:00,42.7,42.74,42.7,42.7,700,0
2017-04-17,18:15:00,42.74,42.78,42.72,42.78,926,0
2017-04-17,18:20:00,42.79,42.81,42.76,42.8,1800,0
2017-04-17,18:25:00,42.79,42.82,42.79,42.82,700,0
2017-04-17,18:30:00,42.82,42.86,42.82,42.86,1552,0
2017-04-17,18:35:00,42.88,42.9009,42.88,42.89,1200,0
2017-04-17,18:40:00,42.85,42.89,42.85,42.85,2100,0
2017-04-17,18:45:00,42.85,42.85,42.77,42.78,4040,0
2017-04-17,18:50:00,42.78,42.78,42.7,42.7,1900,0
2017-04-17,18:55:00,42.7,42.72,42.61,42.61,2810,0
2017-04-17,19:00:00,42.6025,42.615,42.5,42.5,20779,0
2017-04-17,19:05:00,42.5,42.52,42.33,42.33,28015,0
2017-04-17,19:10:00,42.4,42.58,42.4,42.58,3800,0
2017-04-17,19:15:00,42.54,42.65,42.54,42.6,1600,0
2017-04-17,19:20:00,42.56,42.57,42.56,42.57,1400,0
2017-04-17,19:25:00,42.57,42.6,42.53,42.53,1972,0
2017-04-17,19:30:00,42.52,42.57,42.5,42.57,2600,0
2017-04-17,19:35:00,42.62,42.67,42.62,42.67,800,0
2017-04-17,19:40:00,42.65,42.65,42.65,42.65,200,0
2017-04-17,19:45:00,42.77,42.87,42.77,42.87,1700,0
2017-04-17,19:50:00,42.82,42.86,42.78,42.78,489,0
2017-04-17,19:55:00,42.77,42.77,42.77,42.77,200,0
2017-04-17,20:00:00,42.78,42.79,42.77,42.77,300,0
2017-04-17,20:05:00,42.74,42.74,42.71,42.74,1000,0
2017-04-17,20:10:00,42.71,42.724,42.7,42.7,800,0
2017-04-17,20:15:00,42.67,42.69,42.64,42.64,1200,0
2017-04-17,20:20:00,42.65,42.67,42.65,42.67,200,0
2017-04-17,20:25:00,42.64,42.6627,42.64,42.65,1600,0
2017-04-17,20:30:00,42.64,42.64,42.63,42.637,942,0
2017-04-17,20:35:00,42.64,42.7336,42.64,42.7336,4367,0
2017-04-17,20:40:00,42.74,42.74,42.71,42.71,1500,0
2017-04-17,20:45:00,42.7,42.73,42.7,42.73,400,0
2017-04-17,20:50:00,42.73,42.73,42.71,42.71,1300,0
2017-04-17,20:55:00,42.71,42.71,42.63,42.63,1688,0
2017-04-17,21:00:00,42.65,42.66,42.64,42.64,859,0
2017-04-17,21:05:00,42.63,42.64,42.62,42.64,880,0
2017-04-17,21:10:00,42.63,42.6761,42.63,42.6761,1405,0
2017-04-17,21:15:00,42.67,42.67,42.65,42.65,1823,0
2017-04-17,21:20:00,42.66,42.74,42.66,42.69,4320,0
2017-04-17,21:25:00,42.685,42.7,42.67,42.7,1200,0
2017-04-17,21:30:00,42.71,42.76,42.71,42.71,4933,0
2017-04-17,21:35:00,42.71,42.73,42.68,42.72,3491,0
2017-04-17,21:40:00,42.7109,42.73,42.71,42.71,1838,0
2017-04-17,21:45:00,42.73,42.77,42.73,42.75,1567,0
2017-04-17,21:50:00,42.76,42.84,42.75,42.83,3200,0
2017-04-17,21:55:00,42.83,42.83,42.79,42.8001,4800,0
2017-04-17,22:00:00,42.81,42.84,42.8,42.8,18049,0
2017-04-18,15:35:00,42.54,42.54,42.54,42.54,2480,0
2017-04-18,15:45:00,42.55,42.7,42.55,42.7,300,0
2017-04-18,15:50:00,42.7,42.76,42.65,42.65,800,0
2017-04-18,15:55:00,42.65,42.665,42.55,42.62,600,0
2017-04-18,16:00:00,42.7,42.76,42.7,42.71,400,0
2017-04-18,16:05:00,42.73,42.73,42.65,42.71,500,0
2017-04-18,16:10:00,42.68,42.71,42.65,42.69,1590,0
2017-04-18,16:15:00,42.66,42.66,42.53,42.57,1550,0
2017-04-18,16:20:00,42.58,42.58,42.5,42.5,1219,0
2017-04-18,16:25:00,42.5,42.53,42.5,42.5,2220,0
2017-04-18,16:30:00,42.5,42.53,42.5,42.52,1500,0
2017-04-18,16:35:00,42.5,42.52,42.5,42.51,5116,0
2017-04-18,16:40:00,42.51,42.54,42.5,42.54,2000,0
2017-04-18,16:45:00,42.51,42.52,42.51,42.51,1100,0
2017-04-18,16:50:00,42.51,42.68,42.5,42.65,14401,0
2017-04-18,16:55:00,42.64,42.67,42.6301,42.645,12800,0
2017-04-18,17:00:00,42.65,42.69,42.645,42.645,3980,0
2017-04-18,17:05:00,42.67,42.67,42.64,42.65,6395,0
2017-04-18,17:10:00,42.69,42.71,42.68,42.71,1900,0
2017-04-18,17:15:00,42.72,42.73,42.65,42.65,500,0
2017-04-18,17:20:00,42.67,42.68,42.635,42.68,1500,0
2017-04-18,17:25:00,42.69,42.72,42.69,42.72,600,0
2017-04-18,17:30:00,42.71,42.71,42.71,42.71,100,0
2017-04-18,17:35:00,42.78,42.78,42.71,42.71,3900,0
2017-04-18,17:40:00,42.7193,42.7193,42.65,42.6607,1270,0
2017-04-18,17:45:00,42.64,42.65,42.64,42.64,400,0
2017-04-18,17:50:00,42.65,42.68,42.65,42.68,500,0
2017-04-18,17:55:00,42.68,42.69,42.67,42.69,800,0
2017-04-18,18:00:00,42.71,42.71,42.7,42.7,500,0
2017-04-18,18:05:00,42.67,42.68,42.64,42.68,1000,0
2017-04-18,18:10:00,42.71,42.71,42.67,42.67,400,0
2017-04-18,18:15:00,42.645,42.66,42.645,42.66,400,0
2017-04-18,18:20:00,42.65,42.65,42.65,42.65,300,0
2017-04-18,18:25:00,42.65,42.72,42.65,42.72,600,0
2017-04-18,18:35:00,42.7597,42.76,42.72,42.74,847,0
2017-04-18,18:45:00,42.76,42.76,42.76,42.76,100,0
2017-04-18,18:50:00,42.73,42.73,42.7,42.7,400,0
2017-04-18,18:55:00,42.72,42.785,42.72,42.785,1396,0
2017-04-18,19:00:00,42.77,42.77,42.77,42.77,200,0
2017-04-18,19:05:00,42.74,42.76,42.73,42.76,300,0
2017-04-18,19:10:00,42.725,42.725,42.69,42.69,300,0
2017-04-18,19:15:00,42.75,42.77,42.75,42.77,400,0
2017-04-18,19:20:00,42.81,42.81,42.81,42.81,200,0
2017-04-18,19:25:00,42.81,42.82,42.81,42.82,818,0
2017-04-18,19:35:00,42.82,42.88,42.82,42.88,2165,0
2017-04-18,19:40:00,42.9,42.9499,42.9,42.9499,200,0
2017-04-18,19:45:00,42.92,42.95,42.92,42.95,400,0
2017-04-18,19:50:00,42.946,42.96,42.92,42.92,438,0
2017-04-18,19:55:00,42.94,42.94,42.93,42.93,200,0
2017-04-18,20:00:00,42.93,42.94,42.89,42.91,500,0
2017-04-18,20:05:00,42.96,42.97,42.96,42.96,540,0
2017-04-18,20:10:00,43,43,42.97,42.97,900,0
2017-04-18,20:15:00,42.98,43,42.94,43,800,0
2017-04-18,20:20:00,43,43.04,42.92,42.955,2800,0
2017-04-18,20:25:00,42.96,42.97,42.96,42.9603,300,0
2017-04-18,20:30:00,42.97,42.97,42.93,42.93,300,0
2017-04-18,20:35:00,42.96,42.96,42.89,42.9,2700,0
2017-04-18,20:40:00,42.92,42.92,42.84,42.84,3215,0
2017-04-18,20:45:00,42.8665,42.8665,42.8,42.81,500,0
2017-04-18,20:50:00,42.79,42.83,42.77,42.79,800,0
2017-04-18,20:55:00,42.79,42.81,42.78,42.8,600,0
2017-04-18,21:00:00,42.79,42.79,42.635,42.68,4000,0
2017-04-18,21:05:00,42.69,42.72,42.685,42.685,2770,0
2017-04-18,21:10:00,42.67,42.71,42.67,42.71,2000,0
2017-04-18,21:15:00,42.72,42.745,42.72,42.745,490,0
2017-04-18,21:20:00,42.75,42.82,42.73,42.82,1809,0
2017-04-18,21:25:00,42.83,42.86,42.83,42.86,2279,0
2017-04-18,21:30:00,42.86,42.86,42.81,42.84,1200,0
2017-04-18,21:35:00,42.84,42.865,42.83,42.835,2300,0
2017-04-18,21:40:00,42.84,42.84,42.8,42.82,3227,0
2017-04-18,21:45:00,42.83,42.84,42.82,42.835,1900,0
2017-04-18,21:50:00,42.85,42.85,42.8,42.8,5519,0
2017-04-18,21:55:00,42.8,42.85,42.8,42.84,6617,0
2017-04-18,22:00:00,42.84,42.88,42.84,42.86,20393,0
2017-04-19,15:35:00,42.84,42.84,42.84,42.84,338,0
2017-04-19,15:40:00,42.94,42.94,42.6901,42.87,2113,0
2017-04-19,15:45:00,42.855,43.13,42.855,43.13,900,0
2017-04-19,15:50:00,43,43,42.94,42.94,1300,0
2017-04-19,15:55:00,42.935,42.95,42.93,42.95,1100,0
2017-04-19,16:00:00,42.9724,42.985,42.95,42.95,600,0
2017-04-19,16:05:00,42.954,43.0701,42.954,43.0701,2700,0
2017-04-19,16:10:00,43.005,43.01,42.9101,42.97,1100,0
2017-04-19,16:15:00,42.99,43.032,42.95,42.99,3120,0
2017-04-19,16:20:00,43.1,43.1,42.93,43.01,5019,0
2017-04-19,16:25:00,42.945,42.96,42.945,42.96,700,0
2017-04-19,16:30:00,42.98,43.03,42.98,43,1500,0
2017-04-19,16:35:00,43.03,43.2628,43.015,43.2,1250,0
2017-04-19,16:40:00,43.275,43.275,43.07,43.07,1300,0
2017-04-19,16:45:00,43.12,43.12,43,43.01,2801,0
2017-04-19,16:50:00,43,43.03,42.9,42.964,2860,0
2017-04-19,16:55:00,42.9499,43,42.9499,43,1040,0
2017-04-19,17:00:00,43,43.13,42.98,43.13,8307,0
2017-04-19,17:05:00,43.13,43.44,43.13,43.44,1976,0
2017-04-19,17:10:00,43.56,43.56,43.43,43.51,3776,0
2017-04-19,17:15:00,43.49,43.49,43.41,43.45,300,0
2017-04-19,17:20:00,43.45,43.45,43.33,43.395,1000,0
2017-04-19,17:25:00,43.395,43.403,43.19,43.19,3500,0
2017-04-19,17:30:00,43.19,43.2648,43.19,43.2648,500,0
2017-04-19,17:35:00,43.25,43.35,43.25,43.35,500,0
2017-04-19,17:40:00,43.35,43.375,43.17,43.18,6620,0
2017-04-19,17:50:00,43.24,43.3151,43.24,43.3151,300,0
2017-04-19,17:55:00,43.2801,43.2801,43.14,43.14,900,0
2017-04-19,18:00:00,43.14,43.19,43.13,43.19,550,0
2017-04-19,18:05:00,43.1711,43.1711,43.1711,43.1711,200,0
2017-04-19,18:10:00,43.3,43.3,43.195,43.195,1418,0
2017-04-19,18:15:00,43.18,43.18,43.03,43.03,1450,0
2017-04-19,18:20:00,43.04,43.04,43.04,43.04,100,0
2017-04-19,18:25:00,43.1491,43.165,43.11,43.11,1394,0
2017-04-19,18:30:00,43.11,43.1747,43.11,43.11,450,0
2017-04-19,18:35:00,43.05,43.05,43.05,43.05,330,0
2017-04-19,18:40:00,43.06,43.17,43.05,43.17,2204,0
2017-04-19,18:45:00,43.145,43.16,43.12,43.12,700,0
2017-04-19,18:50:00,43.08,43.1199,43.05,43.05,1155,0
2017-04-19,18:55:00,43.08,43.11,43.08,43.11,800,0
2017-04-19,19:00:00,43.12,43.2,43.12,43.2,1300,0
2017-04-19,19:05:00,43.15,43.16,43.04,43.04,600,0
2017-04-19,19:10:00,43.09,43.13,43.05,43.07,2000,0
2017-04-19,19:25:00,43.066,43.1,43.066,43.1,225,0
2017-04-19,19:30:00,43.135,43.172,43.135,43.1665,1100,0
2017-04-19,19:35:00,43.13,43.13,43.13,43.13,100,0
2017-04-19,19:40:00,43.13,43.17,43.13,43.15,2570,0
2017-04-19,19:45:00,43.13,43.19,43.13,43.19,5104,0
2017-04-19,19:50:00,43.18,43.18,43.18,43.18,100,0
2017-04-19,19:55:00,43.24,43.24,43.23,43.23,200,0
2017-04-19,20:00:00,43.23,43.23,43.18,43.18,400,0
2017-04-19,20:05:00,43.2,43.2,43.17,43.17,200,0
2017-04-19,20:10:00,43.15,43.23,43.14,43.15,1400,0
2017-04-19,20:20:00,43.13,43.17,43.09,43.16,1170,0
2017-04-19,20:25:00,43.1,43.1,43.1,43.1,100,0
2017-04-19,20:30:00,43.1164,43.18,43.09,43.15,2915,0
2017-04-19,20:35:00,43.14,43.17,43.11,43.11,500,0
2017-04-19,20:40:00,43.145,43.22,43.14,43.21,1370,0
2017-04-19,20:45:00,43.22,43.22,43.18,43.21,1500,0
2017-04-19,20:50:00,43.14,43.14,43.02,43.03,955,0
2017-04-19,20:55:00,43.02,43.025,42.99,43.02,3285,0
2017-04-19,21:00:00,43.01,43.02,42.965,43.02,1510,0
2017-04-19,21:05:00,42.99,43.04,42.975,43.04,3965,0
2017-04-19,21:10:00,43.03,43.08,42.995,43.08,2605,0
2017-04-19,21:15:00,43.05,43.06,42.99,43.02,1800,0
2017-04-19,21:20:00,43.009,43.12,43.009,43.095,8400,0
2017-04-19,21:25:00,43.07,43.08,43.07,43.08,200,0
2017-04-19,21:30:00,43.12,43.14,43.06,43.06,1904,0
2017-04-19,21:35:00,43.04,43.06,43,43,1400,0
2017-04-19,21:40:00,43.03,43.14,43.01,43.08,51188,0
2017-04-19,21:45:00,43.105,43.19,43.08,43.14,4322,0
2017-04-19,21:50:00,43.07,43.155,43.06,43.13,6189,0
2017-04-19,21:55:00,43.155,43.155,43.06,43.08,6200,0
2017-04-19,22:00:00,43.06,43.11,43.05,43.11,33051,0
2017-04-20,15:35:00,43.24,43.24,43.24,43.24,548,0
2017-04-20,15:40:00,43.13,43.23,43.13,43.23,500,0
2017-04-20,15:45:00,43.06,43.18,43.06,43.18,200,0
2017-04-20,15:50:00,43.18,43.28,43.12,43.12,1000,0
2017-04-20,15:55:00,43.09,43.12,43,43,1124,0
2017-04-20,16:00:00,43.01,43.01,42.96,43.005,500,0
2017-04-20,16:05:00,42.96,43.03,42.96,42.98,400,0
2017-04-20,16:10:00,43.035,43.04,42.98,43.04,400,0
2017-04-20,16:15:00,43.0292,43.12,43.0292,43.075,2680,0
2017-04-20,16:20:00,43.045,43.08,43.045,43.08,400,0
2017-04-20,16:25:00,43.08,43.14,43.06,43.06,809,0
2017-04-20,16:30:00,43.02,43.02,43.02,43.02,400,0
2017-04-20,16:35:00,43.05,43.05,42.99,42.995,3430,0
2017-04-20,16:40:00,43.015,43.08,43.01,43.07,1900,0
2017-04-20,16:45:00,43.07,43.1365,43.07,43.1365,401,0
2017-04-20,16:50:00,43.2,43.2,43.13,43.1307,1100,0
2017-04-20,16:55:00,43.13,43.17,43.12,43.1532,1000,0
2017-04-20,17:00:00,43.1825,43.22,43.13,43.22,800,0
2017-04-20,17:05:00,43.16,43.16,43.07,43.1,4100,0
2017-04-20,17:10:00,43.13,43.14,43.11,43.14,606,0
2017-04-20,17:15:00,43.21,43.21,43.2,43.2,400,0
2017-04-20,17:20:00,43.23,43.26,43.23,43.25,400,0
2017-04-20,17:25:00,43.31,43.31,43.27,43.28,300,0
2017-04-20,17:30:00,43.28,43.32,43.27,43.32,400,0
2017-04-20,17:35:00,43.3,43.34,43.27,43.34,400,0
2017-04-20,17:40:00,43.3359,43.355,43.3359,43.34,1416,0
2017-04-20,17:45:00,43.35,43.35,43.3,43.35,2200,0
2017-04-20,17:50:00,43.38,43.385,43.375,43.385,300,0
2017-04-20,18:00:00,43.41,43.435,43.38,43.38,400,0
2017-04-20,18:05:00,43.37,43.43,43.37,43.43,400,0
2017-04-20,18:10:00,43.41,43.4293,43.385,43.4293,500,0
2017-04-20,18:15:00,43.425,43.435,43.4101,43.4101,800,0
2017-04-20,18:20:00,43.45,43.45,43.43,43.43,800,0
2017-04-20,18:25:00,43.41,43.41,43.41,43.41,100,0
2017-04-20,18:30:00,43.41,43.41,43.38,43.38,400,0
2017-04-20,18:35:00,43.35,43.47,43.35,43.42,1100,0
2017-04-20,18:40:00,43.42,43.42,43.38,43.38,300,0
2017-04-20,18:45:00,43.36,43.42,43.33,43.38,800,0
2017-04-20,18:55:00,43.44,43.44,43.44,43.44,100,0
2017-04-20,19:00:00,43.41,43.42,43.39,43.39,1000,0
2017-04-20,19:05:00,43.42,43.44,43.41,43.44,650,0
2017-04-20,19:10:00,43.43,43.43,43.43,43.43,100,0
2017-04-20,19:15:00,43.46,43.46,43.46,43.46,100,0
2017-04-20,19:20:00,43.46,43.48,43.45,43.48,300,0
2017-04-20,19:25:00,43.44,43.445,43.44,43.44,800,0
2017-04-20,19:30:00,43.45,43.51,43.44,43.51,700,0
2017-04-20,19:40:00,43.51,43.51,43.42,43.42,1100,0
2017-04-20,19:50:00,43.42,43.45,43.42,43.449,800,0
2017-04-20,19:55:00,43.45,43.45,43.45,43.45,200,0
2017-04-20,20:00:00,43.46,43.46,43.46,43.46,700,0
2017-04-20,20:05:00,43.44,43.44,43.43,43.43,300,0
2017-04-20,20:10:00,43.44,43.47,43.43,43.43,800,0
2017-04-20,20:15:00,43.43,43.435,43.42,43.43,600,0
2017-04-20,20:20:00,43.47,43.505,43.47,43.48,1100,0
2017-04-20,20:25:00,43.49,43.5,43.49,43.5,200,0
2017-04-20,20:30:00,43.5,43.53,43.5,43.52,300,0
2017-04-20,20:35:00,43.51,43.51,43.46,43.46,900,0
2017-04-20,20:40:00,43.5,43.505,43.27,43.31,8689,0
2017-04-20,20:45:00,43.315,43.42,43.315,43.36,4700,0
2017-04-20,20:50:00,43.36,43.36,43.345,43.345,200,0
2017-04-20,20:55:00,43.33,43.36,43.3,43.3,1671,0
2017-04-20,21:00:00,43.28,43.28,43.27,43.27,700,0
2017-04-20,21:05:00,43.23,43.23,43.19,43.19,300,0
2017-04-20,21:10:00,43.23,43.24,43.22,43.24,900,0
2017-04-20,21:15:00,43.25,43.25,43.22,43.24,300,0
2017-04-20,21:20:00,43.235,43.24,43.21,43.24,2147,0
2017-04-20,21:25:00,43.23,43.24,43.22,43.225,900,0
2017-04-20,21:30:00,43.23,43.235,43.23,43.235,500,0
2017-04-20,21:35:00,43.2392,43.3,43.2392,43.3,4700,0
2017-04-20,21:40:00,43.305,43.35,43.3,43.35,2000,0
2017-04-20,21:45:00,43.35,43.36,43.32,43.32,2903,0
2017-04-20,21:50:00,43.32,43.33,43.3,43.33,4653,0
2017-04-20,21:55:00,43.33,43.37,43.33,43.37,2600,0
2017-04-20,22:00:00,43.37,43.37,43.32,43.33,19603,0
2017-04-21,15:35:00,43.33,43.33,43.33,43.33,7880,0
2017-04-21,15:40:00,43.225,43.45,43.2,43.29,2608,0
2017-04-21,15:45:00,43.17,43.33,43.17,43.27,1000,0
2017-04-21,15:50:00,43.24,43.355,43.1,43.135,2820,0
2017-04-21,15:55:00,43.11,43.2627,43.09,43.14,4700,0
2017-04-21,16:00:00,43.1,43.1,43.1,43.1,100,0
2017-04-21,16:05:00,43.11,43.11,43,43,1500,0
2017-04-21,16:10:00,43.03,43.05,42.88,42.88,6097,0
2017-04-21,16:15:00,42.9,42.9,42.88,42.88,600,0
2017-04-21,16:20:00,42.84,42.84,42.65,42.65,2282,0
2017-04-21,16:25:00,42.6806,42.6806,42.52,42.6799,6028,0
2017-04-21,16:30:00,42.67,42.84,42.65,42.73,6750,0
2017-04-21,16:35:00,42.7,42.7,42.65,42.7,1201,0
2017-04-21,16:40:00,42.72,42.77,42.72,42.75,900,0
2017-04-21,16:45:00,42.73,42.79,42.73,42.79,700,0
2017-04-21,16:50:00,42.765,42.85,42.765,42.85,2401,0
2017-04-21,16:55:00,42.86,42.92,42.86,42.86,1400,0
2017-04-21,17:00:00,42.86,42.9,42.835,42.9,1100,0
2017-04-21,17:05:00,42.95,43.0231,42.9,42.91,2447,0
2017-04-21,17:10:00,42.92,42.92,42.83,42.85,1326,0
2017-04-21,17:15:00,42.85,42.87,42.83,42.85,1069,0
2017-04-21,17:20:00,42.87,42.885,42.86,42.86,1400,0
2017-04-21,17:25:00,42.85,42.88,42.85,42.88,200,0
2017-04-21,17:30:00,42.88,42.8974,42.87,42.87,3002,0
2017-04-21,17:35:00,42.88,42.895,42.87,42.88,1002,0
2017-04-21,17:40:00,42.8801,42.8801,42.85,42.87,2000,0
2017-04-21,17:45:00,42.85,42.895,42.85,42.88,2050,0
2017-04-21,17:50:00,42.89,42.91,42.88,42.88,1000,0
2017-04-21,17:55:00,42.9,42.9,42.88,42.88,500,0
2017-04-21,18:00:00,42.8805,42.94,42.88,42.91,2100,0
2017-04-21,18:05:00,42.91,42.91,42.91,42.91,200,0
2017-04-21,18:10:00,42.86,42.93,42.86,42.93,1008,0
2017-04-21,18:15:00,42.86,42.8621,42.85,42.85,1300,0
2017-04-21,18:20:00,42.85,42.89,42.85,42.89,502,0
2017-04-21,18:25:00,42.89,42.92,42.89,42.91,1400,0
2017-04-21,18:30:00,42.93,42.93,42.9,42.9,360,0
2017-04-21,18:35:00,42.91,42.91,42.91,42.91,200,0
2017-04-21,18:40:00,42.88,42.89,42.88,42.89,200,0
2017-04-21,18:45:00,42.9,42.9,42.86,42.86,500,0
2017-04-21,18:50:00,42.885,42.885,42.875,42.875,200,0
2017-04-21,18:55:00,42.9,42.96,42.9,42.95,700,0
2017-04-21,19:00:00,42.95,42.96,42.93,42.93,600,0
2017-04-21,19:05:00,42.93,42.945,42.91,42.91,600,0
2017-04-21,19:10:00,42.9101,42.9101,42.89,42.9,500,0
2017-04-21,19:15:00,42.91,42.92,42.87,42.87,1400,0
2017-04-21,19:20:00,42.88,42.9,42.88,42.9,800,0
2017-04-21,19:25:00,42.87,42.87,42.85,42.85,300,0
2017-04-21,19:30:00,42.85,42.9,42.85,42.9,1206,0
2017-04-21,19:35:00,42.87,42.87,42.87,42.87,200,0
2017-04-21,19:40:00,42.85,42.85,42.835,42.835,200,0
2017-04-21,19:45:00,42.82,42.86,42.82,42.86,1300,0
2017-04-21,19:50:00,42.8898,42.8898,42.855,42.855,1900,0
2017-04-21,19:55:00,42.88,42.88,42.88,42.88,500,0
2017-04-21,20:00:00,42.85,42.8832,42.85,42.8832,301,0
2017-04-21,20:05:00,42.88,42.88,42.84,42.84,802,0
2017-04-21,20:10:00,42.87,42.91,42.87,42.9,600,0
2017-04-21,20:15:00,42.915,42.915,42.87,42.88,819,0
2017-04-21,20:20:00,42.895,42.895,42.895,42.895,100,0
2017-04-21,20:25:00,42.895,42.94,42.88,42.9,5199,0
2017-04-21,20:30:00,42.92,42.95,42.92,42.94,600,0
2017-04-21,20:35:00,42.93,42.94,42.89,42.9,1903,0
2017-04-21,20:40:00,42.89,42.89,42.87,42.87,600,0
2017-04-21,20:45:00,42.87,42.89,42.84,42.85,1102,0
2017-04-21,20:50:00,42.87,42.91,42.87,42.9,1005,0
2017-04-21,20:55:00,42.89,42.91,42.879,42.9,1700,0
2017-04-21,21:00:00,42.89,42.89,42.86,42.86,700,0
2017-04-21,21:05:00,42.88,42.88,42.85,42.88,802,0
2017-04-21,21:10:00,42.86,42.88,42.85,42.87,2799,0
2017-04-21,21:15:00,42.86,42.9,42.86,42.86,1100,0
2017-04-21,21:20:00,42.89,42.89,42.86,42.87,800,0
2017-04-21,21:25:00,42.87,42.87,42.85,42.87,2300,0
2017-04-21,21:30:00,42.87,42.89,42.86,42.86,3000,0
2017-04-21,21:35:00,42.86,42.86,42.84,42.85,3400,0
2017-04-21,21:40:00,42.85,42.87,42.85,42.86,2409,0
2017-04-21,21:45:00,42.84,42.91,42.84,42.91,1708,0
2017-04-21,21:50:00,42.91,42.91,42.86,42.88,2700,0
2017-04-21,21:55:00,42.89,42.89,42.86,42.88,2918,0
2017-04-21,22:00:00,42.88,42.88,42.85,42.86,24289,0
2017-04-24,15:35:00,44.11,44.495,43.95,44.19,21820,0
2017-04-24,15:40:00,44.19,44.2,43.82,44,18444,0
2017-04-24,15:45:00,43.86,43.86,43.27,43.27,6846,0
2017-04-24,15:50:00,43.26,43.325,42.6,43.31,24744,0
2017-04-24,15:55:00,43.39,43.97,43.32,43.51,17811,0
2017-04-24,16:00:00,43.55,43.63,43.4,43.6,9525,0
2017-04-24,16:05:00,43.5858,43.6,43.42,43.5199,3673,0
2017-04-24,16:10:00,43.47,43.591,43.47,43.55,3650,0
2017-04-24,16:15:00,43.54,43.55,43.4338,43.4338,6424,0
2017-04-24,16:20:00,43.41,43.515,43.36,43.5,14993,0
2017-04-24,16:25:00,43.5,43.508,43.4,43.42,6072,0
2017-04-24,16:30:00,43.405,43.405,43.35,43.39,2744,0
2017-04-24,16:35:00,43.34,43.389,43.34,43.37,3900,0
2017-04-24,16:40:00,43.33,43.33,43.31,43.31,500,0
2017-04-24,16:45:00,43.329,43.33,43.12,43.2,21957,0
2017-04-24,16:50:00,43.1,43.1,42.89,42.95,4800,0
2017-04-24,16:55:00,42.95,43.105,42.86,42.86,19501,0
2017-04-24,17:00:00,42.86,42.86,42.72,42.79,8473,0
2017-04-24,17:05:00,42.77,42.91,42.76,42.91,4660,0
2017-04-24,17:10:00,42.9316,42.9316,42.86,42.87,2065,0
2017-04-24,17:15:00,42.86,42.87,42.86,42.87,300,0
2017-04-24,17:20:00,42.86,42.86,42.82,42.84,3350,0
2017-04-24,17:25:00,42.83,42.86,42.83,42.86,700,0
2017-04-24,17:30:00,42.86,42.9,42.8181,42.9,2940,0
2017-04-24,17:35:00,42.899,43.029,42.899,42.942,5480,0
2017-04-24,17:40:00,42.98,42.98,42.98,42.98,200,0
2017-04-24,17:45:00,42.95,42.98,42.8,42.84,3492,0
2017-04-24,17:50:00,42.8,42.97,42.77,42.94,2400,0
2017-04-24,17:55:00,42.98,42.99,42.96,42.99,750,0
2017-04-24,18:00:00,42.91,42.93,42.83,42.83,1100,0
2017-04-24,18:10:00,42.8499,43.019,42.8499,42.96,4216,0
2017-04-24,18:15:00,42.96,42.99,42.95,42.97,5180,0
2017-04-24,18:20:00,42.95,43,42.95,42.98,2399,0
2017-04-24,18:25:00,42.98,43.01,42.98,42.99,1000,0
2017-04-24,18:30:00,42.98,42.98,42.98,42.98,200,0
2017-04-24,18:35:00,43.01,43.08,43.01,43.04,2600,0
2017-04-24,18:40:00,43.03,43.04,42.95,42.95,1694,0
2017-04-24,18:45:00,42.975,43.14,42.88,43.14,11867,0
2017-04-24,18:50:00,43.15,43.19,43.125,43.15,1940,0
2017-04-24,18:55:00,43.19,43.2,43.1649,43.175,3250,0
2017-04-24,19:00:00,43.17,43.19,43.17,43.17,2386,0
2017-04-24,19:05:00,43.17,43.31,43.17,43.29,14015,0
2017-04-24,19:10:00,43.28,43.34,43.23,43.26,4979,0
2017-04-24,19:15:00,43.23,43.36,43.23,43.34,1700,0
2017-04-24,19:20:00,43.3416,43.525,43.3416,43.419,25592,0
2017-04-24,19:25:00,43.38,43.41,43.235,43.28,11600,0
2017-04-24,19:30:00,43.265,43.27,43.18,43.27,4983,0
2017-04-24,19:35:00,43.31,43.31,43.26,43.2778,2872,0
2017-04-24,19:40:00,43.23,43.255,43.22,43.22,1302,0
2017-04-24,19:45:00,43.22,43.22,43.22,43.22,100,0
2017-04-24,19:50:00,43.22,43.24,43.22,43.22,3675,0
2017-04-24,19:55:00,43.22,43.2477,43.22,43.24,2100,0
2017-04-24,20:00:00,43.23,43.299,43.228,43.299,858,0
2017-04-24,20:05:00,43.3,43.3,43.24,43.25,750,0
2017-04-24,20:10:00,43.22,43.22,43.13,43.13,3081,0
2017-04-24,20:15:00,43.14,43.14,43,43,8000,0
2017-04-24,20:20:00,43.04,43.04,42.88,42.97,3629,0
2017-04-24,20:25:00,42.99,43.0199,42.97,42.97,1200,0
2017-04-24,20:30:00,42.98,43.03,42.95,42.95,1100,0
2017-04-24,20:35:00,42.92,42.92,42.9,42.9,300,0
2017-04-24,20:40:00,42.94,42.97,42.93,42.945,669,0
2017-04-24,20:45:00,42.945,43.06,42.945,43.06,899,0
2017-04-24,20:50:00,42.99,42.99,42.99,42.99,789,0
2017-04-24,20:55:00,42.99,43.02,42.98,42.99,1100,0
2017-04-24,21:00:00,42.95,42.98,42.95,42.97,700,0
2017-04-24,21:05:00,42.955,43,42.955,43,1700,0
2017-04-24,21:10:00,43,43.01,42.98,43.01,1000,0
2017-04-24,21:15:00,43.02,43.07,43.02,43.07,1200,0
2017-04-24,21:20:00,43.06,43.14,43.06,43.12,2450,0
2017-04-24,21:25:00,43.06,43.09,43.06,43.06,300,0
2017-04-24,21:30:00,43.03,43.05,43.03,43.048,1308,0
2017-04-24,21:35:00,43.05,43.1,43.03,43.07,1900,0
2017-04-24,21:40:00,43.07,43.1,43.07,43.08,1000,0
2017-04-24,21:45:00,43.08,43.21,43.08,43.17,4700,0
2017-04-24,21:50:00,43.16,43.18,43.12,43.17,4266,0
2017-04-24,21:55:00,43.18,43.19,43.16,43.17,5590,0
2017-04-24,22:00:00,43.18,43.26,43.17,43.18,61273,0
2017-04-25,15:35:00,43.32,43.47,43.2,43.24,3857,0
2017-04-25,15:40:00,43.42,43.42,43.18,43.18,1386,0
2017-04-25,15:45:00,43.13,43.13,42.77,42.925,2000,0
2017-04-25,15:50:00,42.8,43.04,42.8,43.04,2293,0
2017-04-25,15:55:00,43.0248,43.07,43,43,4200,0
2017-04-25,16:00:00,43.05,43.05,42.9,42.96,4400,0
2017-04-25,16:05:00,42.89,42.93,42.84,42.89,800,0
2017-04-25,16:10:00,42.89,42.9088,42.85,42.86,2305,0
2017-04-25,16:15:00,42.86,42.93,42.83,42.85,4667,0
2017-04-25,16:20:00,42.86,42.86,42.78,42.78,2911,0
2017-04-25,16:25:00,42.78,42.78,42.59,42.65,7077,0
2017-04-25,16:30:00,42.65,42.69,42.62,42.6728,5100,0
2017-04-25,16:35:00,42.71,42.73,42.68,42.69,997,0
2017-04-25,16:40:00,42.76,42.76,42.76,42.76,300,0
2017-04-25,16:45:00,42.765,42.7999,42.69,42.695,3922,0
2017-04-25,16:50:00,42.71,42.9,42.71,42.855,8500,0
2017-04-25,16:55:00,42.86,43.06,42.8,42.92,6259,0
2017-04-25,17:00:00,42.92,42.98,42.88,42.97,2700,0
2017-04-25,17:05:00,42.93,43.17,42.93,43.06,29662,0
2017-04-25,17:10:00,42.93,43.15,42.93,43.14,13330,0
2017-04-25,17:15:00,43.12,43.16,43.09,43.13,13800,0
2017-04-25,17:20:00,43.1547,43.26,43.1,43.15,27401,0
2017-04-25,17:25:00,43.21,43.23,43.13,43.22,3979,0
2017-04-25,17:30:00,43.26,43.34,43.245,43.25,5436,0
2017-04-25,17:35:00,43.26,43.34,43.26,43.3395,1100,0
2017-04-25,17:40:00,43.29,43.36,43.29,43.36,975,0
2017-04-25,17:45:00,43.37,43.37,43.17,43.275,40437,0
2017-04-25,17:50:00,43.3,43.39,43.28,43.39,2000,0
2017-04-25,17:55:00,43.3821,43.3821,43.3821,43.3821,100,0
2017-04-25,18:00:00,43.41,43.459,43.41,43.435,900,0
2017-04-25,18:05:00,43.4407,43.5,43.4,43.4799,4300,0
2017-04-25,18:10:00,43.4955,43.4955,43.4955,43.4955,500,0
2017-04-25,18:15:00,43.57,43.58,43.52,43.545,942,0
2017-04-25,18:20:00,43.55,43.57,43.521,43.568,989,0
2017-04-25,18:25:00,43.57,43.58,43.49,43.56,1827,0
2017-04-25,18:30:00,43.58,43.63,43.58,43.62,1940,0
2017-04-25,18:35:00,43.58,43.58,43.54,43.54,800,0
2017-04-25,18:40:00,43.5,43.5,43.45,43.45,1720,0
2017-04-25,18:45:00,43.45,43.51,43.44,43.47,1497,0
2017-04-25,18:50:00,43.43,43.47,43.43,43.465,1563,0
2017-04-25,18:55:00,43.465,43.465,43.45,43.46,600,0
2017-04-25,19:00:00,43.46,43.46,43.44,43.445,500,0
2017-04-25,19:05:00,43.43,43.48,43.43,43.48,1100,0
2017-04-25,19:10:00,43.475,43.48,43.455,43.465,2000,0
2017-04-25,19:15:00,43.48,43.57,43.45,43.45,4100,0
2017-04-25,19:20:00,43.47,43.47,43.42,43.47,2703,0
2017-04-25,19:25:00,43.47,43.52,43.4625,43.49,4100,0
2017-04-25,19:30:00,43.49,43.5,43.46,43.5,2600,0
2017-04-25,19:35:00,43.49,43.49,43.49,43.49,100,0
2017-04-25,19:40:00,43.515,43.54,43.5,43.53,1258,0
2017-04-25,19:45:00,43.54,43.63,43.54,43.54,7388,0
2017-04-25,19:50:00,43.56,43.6,43.53,43.6,1222,0
2017-04-25,19:55:00,43.58,43.58,43.51,43.51,700,0
2017-04-25,20:00:00,43.54,43.54,43.51,43.51,1500,0
2017-04-25,20:05:00,43.525,43.58,43.5,43.55,2900,0
2017-04-25,20:10:00,43.54,43.56,43.51,43.54,1293,0
2017-04-25,20:15:00,43.595,43.595,43.465,43.57,4428,0
2017-04-25,20:20:00,43.57,43.6165,43.56,43.5705,3380,0
2017-04-25,20:25:00,43.589,43.589,43.46,43.56,5530,0
2017-04-25,20:30:00,43.53,43.56,43.49,43.53,3100,0
2017-04-25,20:35:00,43.54,43.54,43.5,43.5,900,0
2017-04-25,20:40:00,43.525,43.68,43.5,43.68,4583,0
2017-04-25,20:45:00,43.64,43.68,43.55,43.68,4637,0
2017-04-25,20:50:00,43.64,43.67,43.58,43.62,1950,0
2017-04-25,20:55:00,43.66,43.68,43.57,43.64,2900,0
2017-04-25,21:00:00,43.62,43.76,43.62,43.7,4299,0
2017-04-25,21:05:00,43.71,43.77,43.66,43.77,2600,0
2017-04-25,21:10:00,43.75,44,43.74,43.86,8460,0
2017-04-25,21:15:00,43.83,43.83,43.83,43.83,400,0
2017-04-25,21:20:00,43.83,43.88,43.83,43.87,1700,0
2017-04-25,21:25:00,43.87,43.87,43.8,43.8,1400,0
2017-04-25,21:30:00,43.79,43.87,43.79,43.8575,4153,0
2017-04-25,21:35:00,43.86,43.89,43.83,43.88,5285,0
2017-04-25,21:40:00,43.9,44.04,43.9,43.92,9591,0
2017-04-25,21:45:00,43.93,44.05,43.9,44.05,8465,0
2017-04-25,21:50:00,44.05,44.08,43.99,44.02,6496,0
2017-04-25,21:55:00,44.02,44.04,44,44,4900,0
2017-04-25,22:00:00,44,44.05,44,44.04,34954,0
2017-04-26,15:35:00,44.06,44.1333,43.83,43.915,5178,0
2017-04-26,15:40:00,43.93,43.93,43.61,43.78,1600,0
2017-04-26,15:45:00,43.7211,43.75,43.65,43.75,1600,0
2017-04-26,15:50:00,43.79,43.81,43.7,43.745,3130,0
2017-04-26,15:55:00,43.735,43.76,43.68,43.74,1900,0
2017-04-26,16:00:00,43.71,43.89,43.696,43.79,5100,0
2017-04-26,16:05:00,43.8,43.82,43.795,43.82,1391,0
2017-04-26,16:10:00,43.88,43.92,43.835,43.89,1718,0
2017-04-26,16:15:00,43.84,43.85,43.7425,43.805,2956,0
2017-04-26,16:20:00,43.84,43.86,43.825,43.835,3202,0
2017-04-26,16:25:00,43.855,43.9,43.84,43.8875,2800,0
2017-04-26,16:30:00,43.89,43.92,43.86,43.89,800,0
2017-04-26,16:35:00,43.89,43.89,43.89,43.89,100,0
2017-04-26,16:40:00,43.905,44.03,43.905,44.03,1702,0
2017-04-26,16:45:00,44.07,44.21,44.054,44.21,3993,0
2017-04-26,16:50:00,44.15,44.17,44.02,44.17,2992,0
2017-04-26,16:55:00,44.2,44.21,44.1,44.12,1247,0
2017-04-26,17:00:00,44.19,44.23,44.09,44.17,1851,0
2017-04-26,17:05:00,44.08,44.08,44.02,44.03,3800,0
2017-04-26,17:10:00,44.07,44.1199,44.05,44.05,4600,0
2017-04-26,17:15:00,44.05,44.15,44.04,44.15,2003,0
2017-04-26,17:20:00,44.15,44.23,44.12,44.21,4700,0
2017-04-26,17:25:00,44.18,44.37,44.18,44.32,2988,0
2017-04-26,17:30:00,44.35,44.43,44.35,44.43,500,0
2017-04-26,17:35:00,44.34,44.43,44.34,44.35,1250,0
2017-04-26,17:40:00,44.36,44.4099,44.33,44.34,1172,0
2017-04-26,17:45:00,44.23,44.31,44.23,44.25,4565,0
2017-04-26,17:50:00,44.2481,44.2481,44.12,44.17,900,0
2017-04-26,17:55:00,44.12,44.17,44.1,44.12,500,0
2017-04-26,18:00:00,44.176,44.176,44.11,44.16,1315,0
2017-04-26,18:05:00,44.09,44.17,44.09,44.13,1600,0
2017-04-26,18:10:00,44.16,44.21,44.16,44.21,1000,0
2017-04-26,18:15:00,44.19,44.25,44.14,44.14,500,0
2017-04-26,18:20:00,44.12,44.17,44.12,44.17,300,0
2017-04-26,18:25:00,44.14,44.22,44.12,44.16,1368,0
2017-04-26,18:30:00,44.25,44.32,44.25,44.285,1559,0
2017-04-26,18:35:00,44.27,44.27,44.25,44.27,958,0
2017-04-26,18:40:00,44.28,44.3,44.2664,44.3,2270,0
2017-04-26,18:45:00,44.3,44.36,44.285,44.32,4250,0
2017-04-26,18:50:00,44.37,44.4,44.35,44.35,750,0
2017-04-26,18:55:00,44.35,44.44,44.35,44.44,1298,0
2017-04-26,19:00:00,44.4,44.44,44.3966,44.4,900,0
2017-04-26,19:05:00,44.35,44.38,44.34,44.38,400,0
2017-04-26,19:10:00,44.3,44.33,44.28,44.29,1300,0
2017-04-26,19:15:00,44.32,44.33,44.28,44.31,2654,0
2017-04-26,19:20:00,44.35,44.35,44.33,44.33,300,0
2017-04-26,19:25:00,44.32,44.35,44.29,44.34,1100,0
2017-04-26,19:30:00,44.33,44.34,44.27,44.27,600,0
2017-04-26,19:35:00,44.28,44.32,44.2757,44.32,1078,0
2017-04-26,19:40:00,44.27,44.27,44.27,44.27,100,0
2017-04-26,19:45:00,44.27,44.27,44.25,44.25,1020,0
2017-04-26,19:50:00,44.29,44.361,44.14,44.14,11600,0
2017-04-26,19:55:00,44.228,44.3,44.18,44.3,2300,0
2017-04-26,20:00:00,44.33,44.33,44.13,44.13,1000,0
2017-04-26,20:05:00,44.09,44.19,44,44.07,2271,0
2017-04-26,20:10:00,44.04,44.1225,44.04,44.1,3100,0
2017-04-26,20:15:00,44.11,44.19,44.1,44.19,800,0
2017-04-26,20:20:00,44.17,44.19,44.1,44.17,1600,0
2017-04-26,20:25:00,44.15,44.24,44.14,44.19,2100,0
2017-04-26,20:30:00,44.17,44.24,44.16,44.2,1402,0
2017-04-26,20:35:00,44.19,44.24,44.19,44.2,500,0
2017-04-26,20:40:00,44.19,44.26,44.19,44.23,1600,0
2017-04-26,20:45:00,44.27,44.27,44.25,44.25,500,0
2017-04-26,20:50:00,44.28,44.3,44.25,44.26,900,0
2017-04-26,20:55:00,44.3,44.31,44.3,44.31,1178,0
2017-04-26,21:00:00,44.32,44.35,44.295,44.3156,1900,0
2017-04-26,21:05:00,44.26,44.35,44.24,44.27,3400,0
2017-04-26,21:10:00,44.28,44.28,44.22,44.25,2101,0
2017-04-26,21:15:00,44.27,44.3,44.25,44.25,1099,0
2017-04-26,21:20:00,44.289,44.289,44.06,44.16,7503,0
2017-04-26,21:25:00,44.16,44.2,44.11,44.11,6500,0
2017-04-26,21:30:00,44.16,44.26,44.14,44.225,9577,0
2017-04-26,21:35:00,44.225,44.28,44.14,44.21,13728,0
2017-04-26,21:40:00,44.2,44.21,44.13,44.16,10241,0
2017-04-26,21:45:00,44.18,44.19,44.1,44.135,11806,0
2017-04-26,21:50:00,44.11,44.13,44,44.01,10992,0
2017-04-26,21:55:00,44.02,44.03,43.95,43.95,14868,0
2017-04-26,22:00:00,43.95,44,43.95,43.98,53215,0
