Date,Time,Open,High,Low,Close,Volume,OpenInt
2017-04-10,15:35:00,42.96,42.97,42.89,42.97,2545,0
2017-04-10,15:40:00,42.88,42.99,42.845,42.845,600,0
2017-04-10,15:45:00,42.81,43,42.81,43,1000,0
2017-04-10,15:50:00,43.01,43.15,43.01,43.12,2200,0
2017-04-10,15:55:00,43.1,43.11,43.04,43.04,500,0
2017-04-10,16:00:00,43.026,43.06,43.026,43.04,1112,0
2017-04-10,16:05:00,43.08,43.12,43.05,43.11,1436,0
2017-04-10,16:10:00,43.13,43.14,43.11,43.14,600,0
2017-04-10,16:15:00,43.09,43.09,43.0401,43.05,800,0
2017-04-10,16:20:00,43.06,43.09,43.035,43.09,2819,0
2017-04-10,16:25:00,43.07,43.115,43.05,43.07,12847,0
2017-04-10,16:30:00,43.08,43.08,43.04,43.06,2400,0
2017-04-10,16:35:00,43.08,43.18,43.08,43.18,700,0
2017-04-10,16:40:00,43.175,43.33,43.15,43.33,4300,0
2017-04-10,16:45:00,43.29,43.29,43.24,43.28,2100,0
2017-04-10,16:50:00,43.24,43.24,43.19,43.235,1900,0
2017-04-10,16:55:00,43.235,43.235,43.195,43.195,726,0
2017-04-10,17:00:00,43.19,43.19,43.1,43.15,1000,0
2017-04-10,17:05:00,43.125,43.2,43.1,43.17,3700,0
2017-04-10,17:10:00,43.165,43.19,43.165,43.19,600,0
2017-04-10,17:15:00,43.17,43.17,43.17,43.17,400,0
2017-04-10,17:20:00,43.18,43.18,43.14,43.14,900,0
2017-04-10,17:25:00,43.17,43.24,43.17,43.24,2415,0
2017-04-10,17:30:00,43.25,43.25,43.17,43.17,1000,0
2017-04-10,17:35:00,43.2,43.24,43.16,43.24,8540,0
2017-04-10,17:40:00,43.22,43.22,43.2,43.2,1109,0
2017-04-10,17:45:00,43.18,43.24,43.17,43.23,2970,0
2017-04-10,17:50:00,43.23,43.24,43.19,43.215,2900,0
2017-04-10,17:55:00,43.2,43.29,43.2,43.29,2770,0
2017-04-10,18:00:00,43.31,43.31,43.31,43.31,370,0
2017-04-10,18:05:00,43.2925,43.2925,43.22,43.28,3182,0
2017-04-10,18:10:00,43.23,43.27,43.21,43.245,1900,0
2017-04-10,18:15:00,43.2275,43.27,43.2,43.235,4370,0
2017-04-10,18:20:00,43.26,43.26,43.2,43.235,300,0
2017-04-10,18:25:00,43.25,43.25,43.22,43.23,3270,0
2017-04-10,18:30:00,43.215,43.27,43.215,43.27,1840,0
2017-04-10,18:35:00,43.25,43.31,43.185,43.25,14320,0
2017-04-10,18:40:00,43.26,43.26,43.2,43.2,700,0
2017-04-10,18:45:00,43.2,43.25,43.2,43.25,2170,0
2017-04-10,18:50:00,43.25,43.31,43.25,43.29,1356,0
2017-04-10,18:55:00,43.26,43.26,43.25,43.25,300,0
2017-04-10,19:00:00,43.25,43.25,43.2478,43.2478,250,0
2017-04-10,19:05:00,43.24,43.26,43.24,43.25,956,0
2017-04-10,19:10:00,43.245,43.28,43.245,43.2615,811,0
2017-04-10,19:15:00,43.25,43.25,43.25,43.25,1300,0
2017-04-10,19:20:00,43.26,43.26,43.25,43.25,570,0
2017-04-10,19:25:00,43.255,43.28,43.255,43.27,1800,0
2017-04-10,19:30:00,43.28,43.295,43.27,43.27,1100,0
2017-04-10,19:35:00,43.28,43.29,43.26,43.29,800,0
2017-04-10,19:40:00,43.3,43.33,43.27,43.28,14204,0
2017-04-10,19:45:00,43.26,43.33,43.25,43.33,1770,0
2017-04-10,19:50:00,43.3,43.32,43.29,43.315,700,0
2017-04-10,19:55:00,43.3,43.3,43.3,43.3,200,0
2017-04-10,20:00:00,43.3,43.3,43.3,43.3,200,0
2017-04-10,20:05:00,43.3,43.3,43.25,43.3,6000,0
2017-04-10,20:10:00,43.3,43.34,43.285,43.285,8569,0
2017-04-10,20:15:00,43.29,43.38,43.29,43.33,3614,0
2017-04-10,20:25:00,43.3,43.3,43.277,43.277,1100,0
2017-04-10,20:30:00,43.285,43.29,43.27,43.29,2458,0
2017-04-10,20:35:00,43.29,43.3,43.28,43.3,1766,0
2017-04-10,20:40:00,43.27,43.28,43.27,43.27,800,0
2017-04-10,20:45:00,43.27,43.31,43.27,43.31,3691,0
2017-04-10,20:50:00,43.33,43.35,43.325,43.35,300,0
2017-04-10,21:00:00,43.3,43.32,43.29,43.29,677,0
2017-04-10,21:05:00,43.32,43.33,43.32,43.33,1405,0
2017-04-10,21:10:00,43.34,43.34,43.31,43.31,1212,0
2017-04-10,21:15:00,43.31,43.34,43.3,43.34,2669,0
2017-04-10,21:20:00,43.35,43.35,43.29,43.3,3407,0
2017-04-10,21:25:00,43.305,43.32,43.28,43.31,3624,0
2017-04-10,21:30:00,43.31,43.31,43.285,43.29,2298,0
2017-04-10,21:35:00,43.3,43.325,43.3,43.32,1990,0
2017-04-10,21:40:00,43.32,43.37,43.31,43.35,2874,0
2017-04-10,21:45:00,43.35,43.35,43.305,43.33,4039,0
2017-04-10,21:50:00,43.31,43.35,43.29,43.31,8625,0
2017-04-10,21:55:00,43.305,43.34,43.295,43.32,9012,0
2017-04-10,22:00:00,43.32,43.36,43.28,43.34,63105,0
2017-04-11,15:35:00,43.18,43.25,43.05,43.05,1989,0
2017-04-11,15:40:00,43.27,43.27,43.27,43.27,100,0
2017-04-11,15:45:00,43.11,43.24,43.1,43.23,600,0
2017-04-11,15:50:00,43.21,43.25,43.17,43.17,1500,0
2017-04-11,15:55:00,43.18,43.19,43.18,43.19,200,0
2017-04-11,16:00:00,43.18,43.19,43.16,43.185,400,0
2017-04-11,16:05:00,43.22,43.31,43.215,43.31,3800,0
2017-04-11,16:10:00,43.34,43.37,43.28,43.28,2100,0
2017-04-11,16:15:00,43.28,43.28,43.2,43.25,8155,0
2017-04-11,16:20:00,43.22,43.3,43.22,43.3,3501,0
2017-04-11,16:25:00,43.3,43.3,43.26,43.28,1397,0
2017-04-11,16:30:00,43.27,43.34,43.27,43.34,1300,0
2017-04-11,16:35:00,43.3,43.36,43.24,43.28,7148,0
2017-04-11,16:40:00,43.3,43.31,43.26,43.28,1100,0
2017-04-11,16:45:00,43.29,43.29,43.2,43.29,7729,0
2017-04-11,16:50:00,43.28,43.34,43.28,43.3,1940,0
2017-04-11,16:55:00,43.28,43.28,43.25,43.28,4655,0
2017-04-11,17:00:00,43.28,43.32,43.25,43.3,7725,0
2017-04-11,17:05:00,43.35,43.37,43.33,43.365,3829,0
2017-04-11,17:10:00,43.35,43.35,43.35,43.35,200,0
2017-04-11,17:15:00,43.32,43.32,43.27,43.28,2090,0
2017-04-11,17:20:00,43.28,43.36,43.265,43.31,5704,0
2017-04-11,17:25:00,43.29,43.34,43.29,43.34,800,0
2017-04-11,17:30:00,43.28,43.31,43.25,43.29,7450,0
2017-04-11,17:35:00,43.31,43.34,43.29,43.29,1229,0
2017-04-11,17:40:00,43.33,43.35,43.33,43.35,700,0
2017-04-11,17:45:00,43.3,43.3,43.295,43.295,300,0
2017-04-11,17:50:00,43.29,43.32,43.27,43.3,2493,0
2017-04-11,17:55:00,43.32,43.34,43.3,43.3,1169,0
2017-04-11,18:05:00,43.28,43.32,43.28,43.32,4300,0
2017-04-11,18:10:00,43.3,43.3,43.3,43.3,100,0
2017-04-11,18:15:00,43.31,43.35,43.31,43.35,2220,0
2017-04-11,18:20:00,43.34,43.34,43.34,43.34,100,0
2017-04-11,18:25:00,43.37,43.39,43.35,43.35,6300,0
2017-04-11,18:30:00,43.34,43.34,43.31,43.34,1269,0
2017-04-11,18:35:00,43.34,43.34,43.31,43.31,300,0
2017-04-11,18:40:00,43.31,43.32,43.3,43.3,2150,0
2017-04-11,18:45:00,43.3,43.33,43.29,43.33,2221,0
2017-04-11,18:50:00,43.32,43.32,43.315,43.315,500,0
2017-04-11,18:55:00,43.33,43.36,43.33,43.36,1100,0
2017-04-11,19:00:00,43.35,43.35,43.33,43.33,300,0
2017-04-11,19:10:00,43.4,43.41,43.4,43.41,1298,0
2017-04-11,19:15:00,43.36,43.36,43.34,43.34,200,0
2017-04-11,19:20:00,43.37,43.37,43.36,43.36,969,0
2017-04-11,19:25:00,43.37,43.39,43.34,43.34,1100,0
2017-04-11,19:30:00,43.35,43.36,43.33,43.33,850,0
2017-04-11,19:35:00,43.35,43.35,43.34,43.34,600,0
2017-04-11,19:40:00,43.345,43.37,43.345,43.36,1039,0
2017-04-11,19:45:00,43.35,43.355,43.315,43.35,13829,0
2017-04-11,19:50:00,43.36,43.39,43.345,43.39,3400,0
2017-04-11,19:55:00,43.4,43.45,43.4,43.43,2621,0
2017-04-11,20:00:00,43.43,43.45,43.42,43.42,1300,0
2017-04-11,20:05:00,43.44,43.45,43.43,43.43,800,0
2017-04-11,20:10:00,43.45,43.5,43.44,43.5,600,0
2017-04-11,20:15:00,43.501,43.51,43.49,43.49,600,0
2017-04-11,20:20:00,43.46,43.46,43.4,43.4,900,0
2017-04-11,20:25:00,43.41,43.41,43.41,43.41,200,0
2017-04-11,20:30:00,43.4,43.4,43.39,43.4,2100,0
2017-04-11,20:35:00,43.41,43.42,43.41,43.42,200,0
2017-04-11,20:40:00,43.41,43.41,43.4,43.4,1600,0
2017-04-11,20:45:00,43.4,43.41,43.36,43.36,908,0
2017-04-11,20:50:00,43.37,43.39,43.36,43.36,1418,0
2017-04-11,20:55:00,43.35,43.4,43.34,43.4,4330,0
2017-04-11,21:00:00,43.41,43.42,43.38,43.38,1552,0
2017-04-11,21:05:00,43.39,43.4,43.37,43.37,600,0
2017-04-11,21:10:00,43.37,43.38,43.35,43.37,2153,0
2017-04-11,21:15:00,43.37,43.37,43.32,43.33,4638,0
2017-04-11,21:20:00,43.31,43.35,43.31,43.35,4146,0
2017-04-11,21:25:00,43.38,43.39,43.34,43.345,17700,0
2017-04-11,21:30:00,43.35,43.39,43.35,43.38,4756,0
2017-04-11,21:35:00,43.4,43.4,43.37,43.39,2428,0
2017-04-11,21:40:00,43.4,43.42,43.38,43.39,4420,0
2017-04-11,21:45:00,43.395,43.395,43.38,43.385,3556,0
2017-04-11,21:50:00,43.38,43.42,43.35,43.41,14071,0
2017-04-11,21:55:00,43.41,43.44,43.41,43.41,6879,0
2017-04-11,22:00:00,43.41,43.48,43.4,43.44,51734,0
2017-04-12,15:35:00,43.55,43.78,43.55,43.73,3205,0
2017-04-12,15:40:00,43.56,43.76,43.56,43.76,700,0
2017-04-12,15:45:00,43.77,43.81,43.625,43.7,1000,0
2017-04-12,15:50:00,43.7,43.71,43.66,43.71,700,0
2017-04-12,15:55:00,43.7,43.71,43.49,43.5,12300,0
2017-04-12,16:00:00,43.51,43.52,43.43,43.5,3000,0
2017-04-12,16:05:00,43.49,43.54,43.47,43.52,4554,0
2017-04-12,16:10:00,43.525,43.5714,43.5,43.51,8631,0
2017-04-12,16:15:00,43.51,43.5295,43.49,43.495,3316,0
2017-04-12,16:20:00,43.53,43.58,43.53,43.58,1800,0
2017-04-12,16:25:00,43.59,43.59,43.51,43.51,1500,0
2017-04-12,16:30:00,43.52,43.53,43.51,43.51,2004,0
2017-04-12,16:35:00,43.53,43.72,43.53,43.72,4650,0
2017-04-12,16:40:00,43.71,43.71,43.58,43.595,3647,0
2017-04-12,16:45:00,43.57,43.61,43.53,43.53,2600,0
2017-04-12,16:50:00,43.52,43.6051,43.46,43.58,3350,0
2017-04-12,16:55:00,43.57,43.63,43.57,43.61,1000,0
2017-04-12,17:00:00,43.63,43.68,43.62,43.63,2600,0
2017-04-12,17:05:00,43.62,43.66,43.57,43.64,4250,0
2017-04-12,17:10:00,43.665,43.71,43.665,43.68,700,0
2017-04-12,17:15:00,43.68,43.69,43.61,43.615,2853,0
2017-04-12,17:20:00,43.615,43.66,43.61,43.62,4100,0
2017-04-12,17:25:00,43.61,43.62,43.54,43.62,9603,0
2017-04-12,17:30:00,43.63,43.65,43.63,43.64,1310,0
2017-04-12,17:35:00,43.64,43.64,43.6,43.61,3100,0
2017-04-12,17:40:00,43.61,43.65,43.57,43.595,2000,0
2017-04-12,17:45:00,43.61,43.61,43.61,43.61,300,0
2017-04-12,17:50:00,43.6,43.62,43.58,43.6,5410,0
2017-04-12,17:55:00,43.6,43.63,43.58,43.63,4100,0
2017-04-12,18:00:00,43.63,43.65,43.63,43.65,700,0
2017-04-12,18:10:00,43.63,43.68,43.63,43.67,700,0
2017-04-12,18:15:00,43.7,43.75,43.7,43.75,2704,0
2017-04-12,18:20:00,43.755,43.79,43.755,43.79,1069,0
2017-04-12,18:25:00,43.7899,43.7899,43.71,43.71,2000,0
2017-04-12,18:30:00,43.71,43.71,43.66,43.66,800,0
2017-04-12,18:35:00,43.64,43.665,43.64,43.64,300,0
2017-04-12,18:40:00,43.63,43.63,43.6,43.6,2100,0
2017-04-12,18:45:00,43.6,43.63,43.6,43.62,1000,0
2017-04-12,18:50:00,43.62,43.65,43.62,43.64,1700,0
2017-04-12,18:55:00,43.62,43.62,43.58,43.6,2358,0
2017-04-12,19:00:00,43.59,43.62,43.59,43.62,1100,0
2017-04-12,19:05:00,43.63,43.68,43.63,43.68,2163,0
2017-04-12,19:10:00,43.66,43.69,43.64,43.69,1200,0
2017-04-12,19:15:00,43.71,43.71,43.69,43.695,500,0
2017-04-12,19:20:00,43.68,43.72,43.68,43.7,6100,0
2017-04-12,19:25:00,43.68,43.68,43.61,43.615,1300,0
2017-04-12,19:30:00,43.62,43.63,43.6,43.625,4127,0
2017-04-12,19:35:00,43.6,43.62,43.56,43.59,3865,0
2017-04-12,19:40:00,43.57,43.58,43.55,43.55,2603,0
2017-04-12,19:45:00,43.55,43.62,43.55,43.62,800,0
2017-04-12,19:50:00,43.64,43.64,43.56,43.57,1300,0
2017-04-12,19:55:00,43.56,43.56,43.56,43.56,100,0
2017-04-12,20:00:00,43.6,43.65,43.57,43.65,3403,0
2017-04-12,20:05:00,43.64,43.64,43.61,43.62,2000,0
2017-04-12,20:10:00,43.61,43.645,43.6,43.63,2217,0
2017-04-12,20:15:00,43.63,43.65,43.63,43.64,300,0
2017-04-12,20:20:00,43.64,43.64,43.62,43.62,900,0
2017-04-12,20:25:00,43.61,43.62,43.61,43.62,1200,0
2017-04-12,20:30:00,43.62,43.635,43.62,43.62,2269,0
2017-04-12,20:35:00,43.62,43.7,43.615,43.7,5423,0
2017-04-12,20:40:00,43.73,43.73,43.7,43.7,4775,0
2017-04-12,20:45:00,43.69,43.69,43.68,43.685,1000,0
2017-04-12,20:50:00,43.69,43.71,43.68,43.71,2998,0
2017-04-12,20:55:00,43.73,43.79,43.73,43.79,2537,0
2017-04-12,21:00:00,43.775,43.78,43.73,43.75,2529,0
2017-04-12,21:05:00,43.73,43.73,43.7,43.71,1400,0
2017-04-12,21:10:00,43.71,43.71,43.685,43.7,901,0
2017-04-12,21:15:00,43.7,43.71,43.64,43.67,9212,0
2017-04-12,21:20:00,43.65,43.66,43.49,43.49,6053,0
2017-04-12,21:25:00,43.49,43.56,43.44,43.535,7679,0
2017-04-12,21:30:00,43.53,43.58,43.5,43.58,8116,0
2017-04-12,21:35:00,43.58,43.64,43.58,43.63,5100,0
2017-04-12,21:40:00,43.63,43.63,43.54,43.55,8751,0
2017-04-12,21:45:00,43.56,43.565,43.54,43.54,14882,0
2017-04-12,21:50:00,43.52,43.55,43.49,43.55,16210,0
2017-04-12,21:55:00,43.55,43.57,43.55,43.57,15228,0
2017-04-12,22:00:00,43.56,43.57,43.48,43.48,46262,0
2017-04-13,15:35:00,43.42,43.42,42.7,42.7,1566,0
2017-04-13,15:40:00,43.11,43.1542,43.11,43.1542,300,0
2017-04-13,15:45:00,43.13,43.17,42.98,43.04,1500,0
2017-04-13,15:50:00,43.07,43.07,42.8801,42.8801,1700,0
2017-04-13,15:55:00,42.93,42.98,42.9,42.98,1200,0
2017-04-13,16:00:00,42.97,42.97,42.85,42.85,700,0
2017-04-13,16:05:00,42.88,42.93,42.82,42.9,1000,0
2017-04-13,16:10:00,42.9,42.93,42.85,42.85,800,0
2017-04-13,16:15:00,42.82,42.82,42.6965,42.7,1700,0
2017-04-13,16:20:00,42.69,42.7,42.61,42.61,1600,0
2017-04-13,16:25:00,42.6,42.679,42.52,42.679,2441,0
2017-04-13,16:30:00,42.64,42.64,42.565,42.565,700,0
2017-04-13,16:35:00,42.55,42.67,42.55,42.65,3315,0
2017-04-13,16:40:00,42.61,42.61,42.48,42.52,1900,0
2017-04-13,16:45:00,42.45,42.51,42.43,42.46,1940,0
2017-04-13,16:50:00,42.44,42.51,42.44,42.5,600,0
2017-04-13,16:55:00,42.5,42.54,42.48,42.54,2600,0
2017-04-13,17:00:00,42.55,42.55,42.38,42.54,5000,0
2017-04-13,17:05:00,42.53,42.57,42.47,42.49,2078,0
2017-04-13,17:10:00,42.43,42.47,42.37,42.37,950,0
2017-04-13,17:15:00,42.37,42.395,42.36,42.36,500,0
2017-04-13,17:20:00,42.35,42.35,42.32,42.32,500,0
2017-04-13,17:25:00,42.32,42.32,42.23,42.28,6226,0
2017-04-13,17:30:00,42.25,42.3,42.14,42.2,3575,0
2017-04-13,17:35:00,42.19,42.22,42.19,42.22,600,0
2017-04-13,17:40:00,42.18,42.22,42.14,42.14,800,0
2017-04-13,17:45:00,42.14,42.155,42.05,42.11,2000,0
2017-04-13,17:50:00,42.07,42.07,41.9,41.93,2600,0
2017-04-13,17:55:00,41.95,41.9699,41.86,41.88,3418,0
2017-04-13,18:00:00,41.85,41.9,41.78,41.83,4709,0
2017-04-13,18:05:00,41.79,41.79,41.7,41.74,500,0
2017-04-13,18:10:00,41.69,41.69,41.56,41.63,4207,0
2017-04-13,18:15:00,41.62,41.69,41.62,41.69,1100,0
2017-04-13,18:20:00,41.73,41.78,41.67,41.74,2500,0
2017-04-13,18:25:00,41.71,41.72,41.65,41.71,865,0
2017-04-13,18:30:00,41.72,41.77,41.67,41.71,3540,0
2017-04-13,18:35:00,41.7,41.79,41.7,41.79,1700,0
2017-04-13,18:40:00,41.78,41.78,41.7,41.7,1100,0
2017-04-13,18:45:00,41.7,41.73,41.59,41.64,4700,0
2017-04-13,18:50:00,41.63,41.63,41.52,41.52,700,0
2017-04-13,18:55:00,41.52,41.57,41.51,41.55,2300,0
2017-04-13,19:00:00,41.54,41.58,41.52,41.53,2600,0
2017-04-13,19:05:00,41.51,41.5156,41.45,41.48,1400,0
2017-04-13,19:10:00,41.44,41.45,41.4,41.425,2426,0
2017-04-13,19:15:00,41.49,41.51,41.44,41.455,3006,0
2017-04-13,19:20:00,41.44,41.48,41.44,41.48,1000,0
2017-04-13,19:25:00,41.47,41.509,41.46,41.509,600,0
2017-04-13,19:30:00,41.53,41.56,41.51,41.56,1869,0
2017-04-13,19:35:00,41.58,41.65,41.54,41.6275,6911,0
2017-04-13,19:40:00,41.63,41.67,41.63,41.65,800,0
2017-04-13,19:45:00,41.65,41.65,41.52,41.54,6919,0
2017-04-13,19:50:00,41.5,41.52,41.385,41.41,3000,0
2017-04-13,19:55:00,41.42,41.42,41.41,41.41,300,0
2017-04-13,20:00:00,41.44,41.46,41.415,41.425,1500,0
2017-04-13,20:05:00,41.44,41.49,41.44,41.45,2400,0
2017-04-13,20:10:00,41.49,41.59,41.49,41.59,1024,0
2017-04-13,20:15:00,41.59,41.61,41.55,41.56,1000,0
2017-04-13,20:20:00,41.56,41.61,41.56,41.6,1800,0
2017-04-13,20:25:00,41.61,41.65,41.6,41.6,500,0
2017-04-13,20:30:00,41.62,41.69,41.59,41.605,3869,0
2017-04-13,20:35:00,41.61,41.63,41.54,41.57,1400,0
2017-04-13,20:40:00,41.55,41.58,41.53,41.58,400,0
2017-04-13,20:45:00,41.57,41.58,41.53,41.54,3739,0
2017-04-13,20:50:00,41.53,41.57,41.53,41.55,600,0
2017-04-13,20:55:00,41.51,41.51,41.48,41.48,2350,0
2017-04-13,21:00:00,41.49,41.5,41.42,41.47,2700,0
2017-04-13,21:05:00,41.47,41.49,41.46,41.47,1881,0
2017-04-13,21:10:00,41.46,41.48,41.42,41.44,3366,0
2017-04-13,21:15:00,41.42,41.42,41.36,41.37,4537,0
2017-04-13,21:20:00,41.4,41.4,41.32,41.34,2401,0
2017-04-13,21:25:00,41.33,41.37,41.33,41.36,2500,0
2017-04-13,21:30:00,41.38,41.39,41.34,41.37,13015,0
2017-04-13,21:35:00,41.36,41.37,41.22,41.225,11438,0
2017-04-13,21:40:00,41.21,41.26,41.19,41.21,9674,0
2017-04-13,21:45:00,41.21,41.26,41.2,41.22,7792,0
2017-04-13,21:50:00,41.23,41.32,41.23,41.31,12311,0
2017-04-13,21:55:00,41.3,41.38,41.25,41.36,29540,0
2017-04-13,22:00:00,41.36,41.37,41.16,41.18,70108,0
2017-04-17,15:35:00,41.31,41.59,41.31,41.59,1174,0
2017-04-17,15:45:00,41.63,41.63,41.57,41.58,2700,0
2017-04-17,15:50:00,41.52,41.57,41.41,41.42,1000,0
2017-04-17,15:55:00,41.3,41.32,41.3,41.32,900,0
2017-04-17,16:00:00,41.27,41.3,41.27,41.3,600,0
2017-04-17,16:05:00,41.27,41.31,41.27,41.3,1400,0
2017-04-17,16:10:00,41.33,41.33,41.28,41.3,1400,0
2017-04-17,16:15:00,41.29,41.29,41.29,41.29,200,0
2017-04-17,16:20:00,41.34,41.35,41.3,41.32,3405,0
2017-04-17,16:25:00,41.3194,41.35,41.29,41.29,1700,0
2017-04-17,16:30:00,41.27,41.36,41.25,41.31,1695,0
2017-04-17,16:35:00,41.32,41.45,41.32,41.39,3789,0
2017-04-17,16:40:00,41.38,41.38,41.28,41.32,3400,0
2017-04-17,16:45:00,41.34,41.34,41.33,41.33,700,0
2017-04-17,16:50:00,41.37,41.44,41.37,41.44,1400,0
2017-04-17,16:55:00,41.43,41.47,41.42,41.47,1598,0
2017-04-17,17:00:00,41.465,41.54,41.465,41.52,830,0
2017-04-17,17:05:00,41.55,41.65,41.535,41.65,1200,0
2017-04-17,17:15:00,41.71,41.75,41.71,41.725,2567,0
2017-04-17,17:20:00,41.74,41.76,41.68,41.72,4391,0
2017-04-17,17:25:00,41.74,41.74,41.7,41.7,750,0
2017-04-17,17:30:00,41.73,41.75,41.73,41.75,546,0
2017-04-17,17:35:00,41.77,41.77,41.74,41.75,900,0
2017-04-17,17:40:00,41.765,41.85,41.765,41.85,1500,0
2017-04-17,17:45:00,41.85,41.85,41.78,41.795,2733,0
2017-04-17,17:50:00,41.84,41.9,41.84,41.85,2450,0
2017-04-17,17:55:00,41.87,41.87,41.84,41.86,1351,0
2017-04-17,18:00:00,41.82,41.8354,41.77,41.79,1777,0
2017-04-17,18:05:00,41.72,41.8,41.72,41.8,1273,0
2017-04-17,18:10:00,41.77,41.77,41.76,41.76,1100,0
2017-04-17,18:15:00,41.73,41.76,41.72,41.72,300,0
2017-04-17,18:20:00,41.73,41.73,41.73,41.73,200,0
2017-04-17,18:25:00,41.73,41.78,41.73,41.76,2019,0
2017-04-17,18:30:00,41.75,41.75,41.71,41.71,1000,0
2017-04-17,18:35:00,41.71,41.71,41.67,41.67,2400,0
2017-04-17,18:40:00,41.65,41.65,41.64,41.64,400,0
2017-04-17,18:45:00,41.64,41.69,41.64,41.64,2746,0
2017-04-17,18:50:00,41.61,41.61,41.58,41.58,974,0
2017-04-17,18:55:00,41.58,41.6,41.56,41.59,1700,0
2017-04-17,19:00:00,41.59,41.59,41.56,41.56,1058,0
2017-04-17,19:05:00,41.56,41.58,41.54,41.5401,1142,0
2017-04-17,19:10:00,41.54,41.54,41.47,41.496,3200,0
2017-04-17,19:15:00,41.49,41.5,41.47,41.47,841,0
2017-04-17,19:20:00,41.44,41.51,41.44,41.51,1935,0
2017-04-17,19:25:00,41.5109,41.5109,41.47,41.47,900,0
2017-04-17,19:30:00,41.49,41.54,41.49,41.5,1819,0
2017-04-17,19:35:00,41.5,41.53,41.5,41.53,600,0
2017-04-17,19:40:00,41.51,41.51,41.51,41.51,300,0
2017-04-17,19:45:00,41.52,41.55,41.49,41.49,2107,0
2017-04-17,19:50:00,41.53,41.54,41.53,41.53,888,0
2017-04-17,19:55:00,41.54,41.54,41.54,41.54,200,0
2017-04-17,20:00:00,41.51,41.55,41.51,41.53,2400,0
2017-04-17,20:05:00,41.55,41.61,41.54,41.6,3005,0
2017-04-17,20:10:00,41.59,41.61,41.57,41.575,1619,0
2017-04-17,20:15:00,41.56,41.58,41.56,41.58,200,0
2017-04-17,20:20:00,41.59,41.59,41.58,41.58,400,0
2017-04-17,20:25:00,41.57,41.605,41.57,41.6,1641,0
2017-04-17,20:30:00,41.61,41.61,41.5701,41.5701,1678,0
2017-04-17,20:35:00,41.59,41.64,41.59,41.63,1269,0
2017-04-17,20:40:00,41.64,41.64,41.61,41.61,896,0
2017-04-17,20:45:00,41.66,41.67,41.63,41.63,300,0
2017-04-17,20:50:00,41.63,41.66,41.63,41.63,1436,0
2017-04-17,20:55:00,41.63,41.69,41.63,41.69,1000,0
2017-04-17,21:00:00,41.69,41.69,41.62,41.62,2021,0
2017-04-17,21:05:00,41.62,41.62,41.62,41.62,100,0
2017-04-17,21:10:00,41.62,41.64,41.62,41.62,2303,0
2017-04-17,21:15:00,41.62,41.65,41.62,41.65,1000,0
2017-04-17,21:20:00,41.67,41.79,41.67,41.77,2206,0
2017-04-17,21:25:00,41.76,41.76,41.76,41.76,100,0
2017-04-17,21:30:00,41.79,41.83,41.79,41.79,3073,0
2017-04-17,21:35:00,41.8,41.8,41.75,41.78,3170,0
2017-04-17,21:40:00,41.77,41.82,41.77,41.82,5298,0
2017-04-17,21:45:00,41.82,41.85,41.82,41.85,3961,0
2017-04-17,21:50:00,41.86,42.02,41.86,42.02,12695,0
2017-04-17,21:55:00,42.03,42.115,41.99,42.1,19073,0
2017-04-17,22:00:00,42.1,42.12,42.07,42.09,21528,0
2017-04-18,15:35:00,42.04,42.19,41.68,41.69,1830,0
2017-04-18,15:40:00,42.24,42.24,41.985,41.985,500,0
2017-04-18,15:45:00,42.12,42.23,42.12,42.23,1000,0
2017-04-18,15:50:00,41.98,42.24,41.98,42.24,300,0
2017-04-18,15:55:00,42.22,42.22,42.175,42.22,607,0
2017-04-18,16:00:00,42.14,42.26,42.14,42.26,963,0
2017-04-18,16:05:00,42.32,42.39,42.3,42.31,3600,0
2017-04-18,16:10:00,42.27,42.3,42.25,42.25,700,0
2017-04-18,16:15:00,42.3,42.3,42.24,42.24,1100,0
2017-04-18,16:20:00,42.2,42.2,42.07,42.12,1000,0
2017-04-18,16:25:00,42.11,42.11,42.11,42.11,100,0
2017-04-18,16:30:00,42.15,42.15,42.12,42.15,300,0
2017-04-18,16:35:00,42.13,42.21,42.12,42.205,1194,0
2017-04-18,16:40:00,42.26,42.31,42.24,42.3,679,0
2017-04-18,16:45:00,42.28,42.3,42.28,42.3,600,0
2017-04-18,16:50:00,42.26,42.3,42.26,42.26,600,0
2017-04-18,16:55:00,42.25,42.29,42.19,42.205,902,0
2017-04-18,17:00:00,42.2,42.29,42.2,42.27,2000,0
2017-04-18,17:05:00,42.27,42.27,42.2,42.2,1596,0
2017-04-18,17:10:00,42.195,42.25,42.195,42.25,800,0
2017-04-18,17:15:00,42.28,42.32,42.28,42.29,1400,0
2017-04-18,17:20:00,42.33,42.34,42.29,42.3,1300,0
2017-04-18,17:25:00,42.31,42.31,42.26,42.26,700,0
2017-04-18,17:30:00,42.29,42.38,42.27,42.36,1100,0
2017-04-18,17:35:00,42.33,42.33,42.26,42.27,1700,0
2017-04-18,17:40:00,42.3,42.3,42.24,42.28,2943,0
2017-04-18,17:45:00,42.32,42.32,42.3,42.3,700,0
2017-04-18,17:50:00,42.32,42.335,42.32,42.32,300,0
2017-04-18,17:55:00,42.34,42.44,42.34,42.39,1600,0
2017-04-18,18:00:00,42.37,42.39,42.35,42.39,500,0
2017-04-18,18:05:00,42.31,42.34,42.24,42.34,2600,0
2017-04-18,18:10:00,42.3,42.3,42.18,42.22,1450,0
2017-04-18,18:15:00,42.23,42.23,42.115,42.115,900,0
2017-04-18,18:20:00,42.14,42.15,42.12,42.12,1100,0
2017-04-18,18:25:00,42.13,42.21,42.13,42.21,1200,0
2017-04-18,18:30:00,42.19,42.2,42.135,42.2,1100,0
2017-04-18,18:35:00,42.16,42.19,42.16,42.19,600,0
2017-04-18,18:40:00,42.16,42.18,42.16,42.18,400,0
2017-04-18,18:45:00,42.17,42.19,42.17,42.19,600,0
2017-04-18,18:50:00,42.17,42.17,42.12,42.12,200,0
2017-04-18,18:55:00,42.11,42.21,42.1,42.1,2250,0
2017-04-18,19:00:00,42.08,42.13,42.07,42.13,800,0
2017-04-18,19:05:00,42.07,42.07,42.04,42.07,900,0
2017-04-18,19:10:00,42.03,42.06,42.01,42.01,1000,0
2017-04-18,19:15:00,42.05,42.14,42.04,42.12,800,0
2017-04-18,19:20:00,42.13,42.14,42.11,42.14,400,0
2017-04-18,19:25:00,42.16,42.18,42.16,42.18,200,0
2017-04-18,19:30:00,42.16,42.21,42.13,42.21,700,0
2017-04-18,19:35:00,42.21,42.24,42.21,42.24,300,0
2017-04-18,19:40:00,42.28,42.3,42.2,42.23,1400,0
2017-04-18,19:45:00,42.24,42.24,42.21,42.21,400,0
2017-04-18,19:50:00,42.16,42.19,42.14,42.19,800,0
2017-04-18,19:55:00,42.19,42.24,42.19,42.24,300,0
2017-04-18,20:00:00,42.2,42.2,42.16,42.2,851,0
2017-04-18,20:05:00,42.17,42.241,42.17,42.22,1200,0
2017-04-18,20:10:00,42.2799,42.2799,42.22,42.22,500,0
2017-04-18,20:15:00,42.22,42.22,42.18,42.18,1000,0
2017-04-18,20:20:00,42.22,42.29,42.22,42.24,1200,0
2017-04-18,20:25:00,42.2301,42.245,42.2,42.2,1500,0
2017-04-18,20:30:00,42.2,42.2,42.13,42.165,2260,0
2017-04-18,20:35:00,42.2,42.2,42.18,42.18,200,0
2017-04-18,20:40:00,42.24,42.24,42.24,42.24,400,0
2017-04-18,20:45:00,42.2,42.2,42.18,42.18,700,0
2017-04-18,20:50:00,42.16,42.16,42.06,42.12,700,0
2017-04-18,20:55:00,42.07,42.14,42.03,42.035,2200,0
2017-04-18,21:00:00,42.09,42.09,42.02,42.03,600,0
2017-04-18,21:05:00,42.06,42.07,42.01,42.02,2761,0
2017-04-18,21:10:00,41.99,42.05,41.99,41.99,2300,0
2017-04-18,21:15:00,42.03,42.04,42.01,42.01,1761,0
2017-04-18,21:20:00,42.025,42.06,42.01,42.05,2100,0
2017-04-18,21:25:00,42.05,42.1,42.05,42.09,1600,0
2017-04-18,21:30:00,42.105,42.16,42.105,42.16,900,0
2017-04-18,21:35:00,42.14,42.16,42.13,42.15,3075,0
2017-04-18,21:40:00,42.16,42.24,42.16,42.21,4700,0
2017-04-18,21:45:00,42.24,42.25,42.19,42.2,2000,0
2017-04-18,21:50:00,42.19,42.23,42.19,42.21,4349,0
2017-04-18,21:55:00,42.22,42.25,42.21,42.22,4813,0
2017-04-18,22:00:00,42.23,42.3,42.22,42.27,38270,0
2017-04-19,15:35:00,42.48,42.48,42.48,42.48,726,0
2017-04-19,15:45:00,42.53,42.55,42.52,42.52,1081,0
2017-04-19,15:50:00,42.53,42.61,42.53,42.57,1000,0
2017-04-19,15:55:00,42.57,42.64,42.55,42.6,1300,0
2017-04-19,16:00:00,42.67,42.71,42.67,42.71,400,0
2017-04-19,16:05:00,42.71,42.71,42.62,42.65,1300,0
2017-04-19,16:10:00,42.67,42.7375,42.66,42.7375,300,0
2017-04-19,16:15:00,42.78,42.81,42.67,42.67,1000,0
2017-04-19,16:20:00,42.7,42.7,42.64,42.64,800,0
2017-04-19,16:25:00,42.66,42.66,42.6,42.65,1900,0
2017-04-19,16:30:00,42.67,42.67,42.53,42.53,1700,0
2017-04-19,16:35:00,42.6,42.72,42.51,42.7,2200,0
2017-04-19,16:40:00,42.8,42.81,42.59,42.6875,8200,0
2017-04-19,16:45:00,42.67,42.74,42.62,42.64,3000,0
2017-04-19,16:50:00,42.62,42.62,42.62,42.62,100,0
2017-04-19,16:55:00,42.53,42.58,42.43,42.43,3890,0
2017-04-19,17:00:00,42.38,42.59,42.35,42.59,2449,0
2017-04-19,17:05:00,42.55,42.55,42.5,42.5,900,0
2017-04-19,17:10:00,42.56,42.57,42.555,42.57,800,0
2017-04-19,17:15:00,42.58,42.6,42.49,42.5175,3043,0
2017-04-19,17:20:00,42.5,42.56,42.5,42.56,500,0
2017-04-19,17:25:00,42.6025,42.62,42.6025,42.62,200,0
2017-04-19,17:30:00,42.62,42.66,42.56,42.62,3025,0
2017-04-19,17:35:00,42.64,42.66,42.61,42.61,2100,0
2017-04-19,17:40:00,42.68,42.7,42.67,42.67,2100,0
2017-04-19,17:45:00,42.7,42.72,42.7,42.715,600,0
2017-04-19,17:50:00,42.65,42.66,42.645,42.645,800,0
2017-04-19,17:55:00,42.63,42.63,42.535,42.565,1900,0
2017-04-19,18:00:00,42.56,42.565,42.53,42.55,1000,0
2017-04-19,18:05:00,42.57,42.61,42.48,42.48,1900,0
2017-04-19,18:10:00,42.46,42.5,42.43,42.43,700,0
2017-04-19,18:15:00,42.41,42.46,42.3,42.46,1920,0
2017-04-19,18:20:00,42.4,42.4,42.4,42.4,325,0
2017-04-19,18:25:00,42.47,42.49,42.47,42.49,500,0
2017-04-19,18:30:00,42.51,42.51,42.42,42.44,1900,0
2017-04-19,18:35:00,42.48,42.49,42.455,42.49,500,0
2017-04-19,18:40:00,42.48,42.48,42.46,42.48,614,0
2017-04-19,18:45:00,42.49,42.49,42.49,42.49,200,0
2017-04-19,18:50:00,42.47,42.47,42.38,42.39,700,0
2017-04-19,18:55:00,42.4,42.43,42.39,42.43,600,0
2017-04-19,19:00:00,42.405,42.43,42.36,42.36,1500,0
2017-04-19,19:05:00,42.38,42.38,42.36,42.36,300,0
2017-04-19,19:10:00,42.37,42.38,42.355,42.38,667,0
2017-04-19,19:15:00,42.32,42.32,42.27,42.32,1800,0
2017-04-19,19:20:00,42.36,42.36,42.26,42.26,800,0
2017-04-19,19:25:00,42.27,42.395,42.27,42.395,1424,0
2017-04-19,19:30:00,42.42,42.42,42.42,42.42,400,0
2017-04-19,19:35:00,42.41,42.41,42.31,42.36,1500,0
2017-04-19,19:40:00,42.39,42.39,42.39,42.39,200,0
2017-04-19,19:45:00,42.38,42.415,42.37,42.4,1300,0
2017-04-19,19:50:00,42.39,42.39,42.35,42.37,600,0
2017-04-19,19:55:00,42.38,42.4,42.375,42.4,800,0
2017-04-19,20:00:00,42.39,42.39,42.33,42.33,547,0
2017-04-19,20:05:00,42.39,42.39,42.38,42.38,600,0
2017-04-19,20:10:00,42.35,42.35,42.26,42.26,4135,0
2017-04-19,20:15:00,42.26,42.26,42.2,42.24,1013,0
2017-04-19,20:20:00,42.2,42.2,42.165,42.165,800,0
2017-04-19,20:25:00,42.18,42.18,42.17,42.18,700,0
2017-04-19,20:30:00,42.16,42.21,42.14,42.21,2900,0
2017-04-19,20:40:00,42.18,42.21,42.18,42.19,1462,0
2017-04-19,20:45:00,42.19,42.2,42.17,42.18,1200,0
2017-04-19,20:50:00,42.175,42.19,42.15,42.165,1700,0
2017-04-19,20:55:00,42.15,42.16,42.11,42.12,1600,0
2017-04-19,21:00:00,42.145,42.145,42.12,42.12,600,0
2017-04-19,21:05:00,42.14,42.14,42.04,42.05,3400,0
2017-04-19,21:10:00,42.08,42.08,42.02,42.075,2200,0
2017-04-19,21:15:00,42.1,42.18,42.1,42.16,1500,0
2017-04-19,21:20:00,42.19,42.209,42.18,42.209,1100,0
2017-04-19,21:25:00,42.21,42.245,42.16,42.245,3967,0
2017-04-19,21:30:00,42.29,42.31,42.26,42.27,900,0
2017-04-19,21:35:00,42.26,42.29,42.22,42.22,2197,0
2017-04-19,21:40:00,42.23,42.27,42.22,42.26,5786,0
2017-04-19,21:45:00,42.25,42.27,42.23,42.27,1500,0
2017-04-19,21:50:00,42.29,42.29,42.24,42.26,2628,0
2017-04-19,21:55:00,42.26,42.28,42.23,42.26,4117,0
2017-04-19,22:00:00,42.29,42.35,42.28,42.33,19476,0
2017-04-20,15:35:00,42.53,42.85,42.53,42.83,1533,0
2017-04-20,15:40:00,42.84,42.98,42.835,42.87,3719,0
2017-04-20,15:45:00,42.92,42.94,42.39,42.39,1860,0
2017-04-20,15:50:00,42.26,42.6,42.26,42.5348,1400,0
2017-04-20,15:55:00,42.65,42.65,42.65,42.65,100,0
2017-04-20,16:00:00,42.62,42.62,42.47,42.47,400,0
2017-04-20,16:05:00,42.54,42.61,42.535,42.61,800,0
2017-04-20,16:10:00,42.59,42.6043,42.47,42.55,1900,0
2017-04-20,16:15:00,42.59,42.6,42.5,42.5,1500,0
2017-04-20,16:20:00,42.52,42.52,42.52,42.52,300,0
2017-04-20,16:25:00,42.55,42.63,42.46,42.47,2400,0
2017-04-20,16:30:00,42.49,42.53,42.38,42.38,3100,0
2017-04-20,16:35:00,42.38,42.38,42.35,42.37,500,0
2017-04-20,16:40:00,42.35,42.37,42.3,42.33,2260,0
2017-04-20,16:45:00,42.4,42.44,42.38,42.44,1259,0
2017-04-20,16:50:00,42.5,42.5,42.5,42.5,100,0
2017-04-20,16:55:00,42.525,42.61,42.525,42.61,700,0
2017-04-20,17:00:00,42.56,42.64,42.53,42.53,4264,0
2017-04-20,17:05:00,42.54,42.58,42.47,42.52,3163,0
2017-04-20,17:10:00,42.55,42.72,42.55,42.64,5200,0
2017-04-20,17:15:00,42.68,42.71,42.68,42.71,500,0
2017-04-20,17:20:00,42.67,42.73,42.67,42.73,1550,0
2017-04-20,17:25:00,42.735,42.77,42.66,42.67,4331,0
2017-04-20,17:30:00,42.7,42.73,42.7,42.72,500,0
2017-04-20,17:35:00,42.71,42.71,42.68,42.7,1200,0
2017-04-20,17:40:00,42.725,42.79,42.725,42.75,2900,0
2017-04-20,17:45:00,42.8,42.82,42.73,42.775,2661,0
2017-04-20,17:50:00,42.78,42.79,42.75,42.79,2200,0
2017-04-20,17:55:00,42.8,42.8,42.77,42.78,4600,0
2017-04-20,18:00:00,42.778,42.795,42.66,42.71,10010,0
2017-04-20,18:05:00,42.72,42.83,42.72,42.78,4000,0
2017-04-20,18:10:00,42.75,42.8,42.7301,42.8,1900,0
2017-04-20,18:15:00,42.8,42.81,42.69,42.71,5700,0
2017-04-20,18:20:00,42.7,42.72,42.7,42.72,200,0
2017-04-20,18:25:00,42.74,42.78,42.73,42.7601,1200,0
2017-04-20,18:30:00,42.75,42.76,42.71,42.71,2100,0
2017-04-20,18:35:00,42.7,42.755,42.7,42.755,800,0
2017-04-20,18:40:00,42.81,42.82,42.72,42.76,2715,0
2017-04-20,18:45:00,42.75,42.77,42.7475,42.77,1100,0
2017-04-20,18:50:00,42.765,42.765,42.74,42.74,705,0
2017-04-20,18:55:00,42.765,42.8,42.765,42.77,3400,0
2017-04-20,19:00:00,42.77,42.78,42.75,42.75,1500,0
2017-04-20,19:05:00,42.75,42.78,42.71,42.71,2480,0
2017-04-20,19:10:00,42.7,42.73,42.7,42.71,700,0
2017-04-20,19:15:00,42.73,42.75,42.73,42.75,300,0
2017-04-20,19:20:00,42.74,42.8,42.685,42.685,1303,0
2017-04-20,19:25:00,42.69,42.695,42.69,42.695,300,0
2017-04-20,19:30:00,42.72,42.77,42.695,42.7101,2320,0
2017-04-20,19:35:00,42.75,42.75,42.72,42.72,1805,0
2017-04-20,19:40:00,42.74,42.74,42.67,42.67,1100,0
2017-04-20,19:45:00,42.66,42.72,42.64,42.68,2200,0
2017-04-20,19:50:00,42.66,42.74,42.63,42.71,800,0
2017-04-20,19:55:00,42.74,42.74,42.7,42.71,1178,0
2017-04-20,20:00:00,42.7,42.75,42.7,42.75,300,0
2017-04-20,20:05:00,42.76,42.76,42.73,42.76,400,0
2017-04-20,20:10:00,42.73,42.77,42.69,42.71,4700,0
2017-04-20,20:15:00,42.69,42.71,42.69,42.71,400,0
2017-04-20,20:20:00,42.72,42.73,42.72,42.73,600,0
2017-04-20,20:25:00,42.76,42.76,42.55,42.6,6978,0
2017-04-20,20:30:00,42.67,42.68,42.67,42.67,400,0
2017-04-20,20:35:00,42.71,42.71,42.53,42.58,2998,0
2017-04-20,20:40:00,42.55,42.58,42.53,42.5735,800,0
2017-04-20,20:45:00,42.565,42.59,42.565,42.59,500,0
2017-04-20,20:50:00,42.64,42.64,42.51,42.52,3202,0
2017-04-20,20:55:00,42.57,42.6,42.53,42.55,2000,0
2017-04-20,21:00:00,42.55,42.55,42.48,42.51,1600,0
2017-04-20,21:05:00,42.53,42.53,42.46,42.53,1990,0
2017-04-20,21:10:00,42.545,42.545,42.48,42.5,2710,0
2017-04-20,21:15:00,42.5,42.51,42.45,42.485,2400,0
2017-04-20,21:20:00,42.5,42.5,42.41,42.42,1759,0
2017-04-20,21:25:00,42.425,42.45,42.36,42.36,3300,0
2017-04-20,21:30:00,42.39,42.42,42.37,42.4,3947,0
2017-04-20,21:35:00,42.44,42.47,42.4,42.46,3765,0
2017-04-20,21:40:00,42.46,42.5,42.43,42.45,2900,0
2017-04-20,21:45:00,42.47,42.47,42.44,42.45,2300,0
2017-04-20,21:50:00,42.45,42.5,42.44,42.49,7025,0
2017-04-20,21:55:00,42.49,42.51,42.45,42.4575,9228,0
2017-04-20,22:00:00,42.47,42.5,42.41,42.41,41883,0
2017-04-21,15:35:00,42.4,42.4,41.98,41.98,6717,0
2017-04-21,15:40:00,42.36,42.36,42.36,42.36,100,0
2017-04-21,15:45:00,42.25,42.3,42.02,42.3,1600,0
2017-04-21,15:50:00,42.27,42.45,42.14,42.34,2161,0
2017-04-21,15:55:00,42.26,42.26,42.25,42.25,700,0
2017-04-21,16:00:00,42.3117,42.3117,42.19,42.19,400,0
2017-04-21,16:05:00,42.21,42.21,42.13,42.13,1300,0
2017-04-21,16:15:00,42.2,42.23,42.2,42.23,400,0
2017-04-21,16:20:00,42.345,42.36,42.31,42.36,600,0
2017-04-21,16:25:00,42.36,42.45,42.36,42.45,1500,0
2017-04-21,16:30:00,42.5,42.56,42.5,42.51,2292,0
2017-04-21,16:35:00,42.5,42.5,42.36,42.455,2700,0
2017-04-21,16:40:00,42.5,42.54,42.41,42.41,2300,0
2017-04-21,16:45:00,42.42,42.47,42.42,42.47,500,0
2017-04-21,16:50:00,42.53,42.59,42.49,42.51,900,0
2017-04-21,16:55:00,42.5,42.51,42.47,42.47,1200,0
2017-04-21,17:00:00,42.42,42.45,42.42,42.425,800,0
2017-04-21,17:05:00,42.5,42.5,42.46,42.46,300,0
2017-04-21,17:10:00,42.445,42.47,42.445,42.455,1000,0
2017-04-21,17:15:00,42.47,42.5,42.44,42.44,3124,0
2017-04-21,17:20:00,42.43,42.55,42.4,42.49,4535,0
2017-04-21,17:25:00,42.49,42.49,42.345,42.41,2200,0
2017-04-21,17:30:00,42.4,42.43,42.4,42.425,1956,0
2017-04-21,17:35:00,42.45,42.46,42.36,42.36,2652,0
2017-04-21,17:40:00,42.41,42.5,42.32,42.33,8510,0
2017-04-21,17:45:00,42.32,42.34,42.25,42.3,2037,0
2017-04-21,17:50:00,42.35,42.38,42.27,42.27,2805,0
2017-04-21,17:55:00,42.21,42.21,41.97,42.13,16992,0
2017-04-21,18:00:00,42.15,42.18,42.11,42.13,2900,0
2017-04-21,18:05:00,42.1,42.13,41.89,41.91,12300,0
2017-04-21,18:10:00,41.91,42,41.8,42,4900,0
2017-04-21,18:15:00,41.99,42.03,41.98,41.99,3146,0
2017-04-21,18:20:00,42.01,42.01,41.985,41.985,2300,0
2017-04-21,18:25:00,42.01,42.02,41.95,41.95,8644,0
2017-04-21,18:30:00,41.98,42.01,41.84,41.87,3050,0
2017-04-21,18:35:00,41.84,41.97,41.76,41.96,3300,0
2017-04-21,18:40:00,41.975,42,41.975,42,800,0
2017-04-21,18:45:00,41.98,42.07,41.94,42.07,3705,0
2017-04-21,18:50:00,42.055,42.055,41.96,42.05,3115,0
2017-04-21,18:55:00,42.065,42.13,42.065,42.13,700,0
2017-04-21,19:00:00,42.11,42.13,41.9,41.9,4000,0
2017-04-21,19:05:00,41.94,41.9768,41.88,41.93,8955,0
2017-04-21,19:10:00,41.94,41.97,41.94,41.97,300,0
2017-04-21,19:15:00,41.94,41.98,41.88,41.96,1600,0
2017-04-21,19:20:00,41.96,41.96,41.8,41.89,4255,0
2017-04-21,19:25:00,41.9,41.93,41.895,41.915,2188,0
2017-04-21,19:30:00,41.92,41.93,41.88,41.895,2500,0
2017-04-21,19:35:00,41.88,41.89,41.86,41.86,2000,0
2017-04-21,19:40:00,41.845,41.9,41.83,41.885,1500,0
2017-04-21,19:45:00,41.885,41.885,41.865,41.88,1700,0
2017-04-21,19:50:00,41.88,41.91,41.84,41.88,1700,0
2017-04-21,19:55:00,41.875,41.895,41.84,41.845,18500,0
2017-04-21,20:00:00,41.86,41.96,41.86,41.96,3710,0
2017-04-21,20:05:00,41.92,41.93,41.9,41.9,800,0
2017-04-21,20:10:00,41.9,41.97,41.88,41.97,3182,0
2017-04-21,20:15:00,41.96,42.01,41.93,41.99,5800,0
2017-04-21,20:20:00,41.99,42.01,41.99,42.01,500,0
2017-04-21,20:25:00,42.01,42.09,42.01,42.065,901,0
2017-04-21,20:30:00,42.09,42.24,42.09,42.24,1600,0
2017-04-21,20:35:00,42.28,42.29,42.2359,42.24,991,0
2017-04-21,20:40:00,42.21,42.21,42.16,42.16,1300,0
2017-04-21,20:45:00,42.2,42.2,42.1,42.1,2500,0
2017-04-21,20:50:00,42.08,42.1,42.05,42.08,1500,0
2017-04-21,20:55:00,42.09,42.09,42.06,42.07,900,0
2017-04-21,21:00:00,42.12,42.15,42.1,42.15,900,0
2017-04-21,21:05:00,42.13,42.13,42.08,42.09,4201,0
2017-04-21,21:10:00,42.1,42.1,42.07,42.07,1095,0
2017-04-21,21:15:00,42.09,42.12,42.09,42.12,2400,0
2017-04-21,21:20:00,42.15,42.18,42.14,42.18,1000,0
2017-04-21,21:25:00,42.18,42.18,42.1,42.13,3900,0
2017-04-21,21:30:00,42.17,42.185,42.17,42.17,800,0
2017-04-21,21:35:00,42.1668,42.2,42.1668,42.175,2070,0
2017-04-21,21:40:00,42.17,42.24,42.17,42.22,3974,0
2017-04-21,21:45:00,42.23,42.26,42.23,42.25,4078,0
2017-04-21,21:50:00,42.26,42.3,42.26,42.28,2900,0
2017-04-21,21:55:00,42.29,42.29,42.25,42.29,6074,0
2017-04-21,22:00:00,42.28,42.33,42.27,42.29,23872,0
2017-04-24,15:35:00,42.85,42.85,42.48,42.5,4797,0
2017-04-24,15:40:00,42.65,42.65,42.48,42.48,803,0
2017-04-24,15:45:00,42.47,42.64,42.43,42.59,2000,0
2017-04-24,15:50:00,42.485,42.68,42.45,42.54,1500,0
2017-04-24,15:55:00,42.56,42.56,42.43,42.49,700,0
2017-04-24,16:00:00,42.4,42.47,42.34,42.35,2920,0
2017-04-24,16:05:00,42.37,42.46,42.37,42.41,1400,0
2017-04-24,16:10:00,42.47,42.5193,42.435,42.46,2209,0
2017-04-24,16:15:00,42.45,42.52,42.43,42.52,2000,0
2017-04-24,16:20:00,42.47,42.51,42.42,42.48,7400,0
2017-04-24,16:25:00,42.47,42.48,42.435,42.445,3800,0
2017-04-24,16:30:00,42.42,42.42,42.32,42.32,1500,0
2017-04-24,16:35:00,42.34,42.38,42.27,42.275,4658,0
2017-04-24,16:40:00,42.25,42.32,42.25,42.275,1800,0
2017-04-24,16:45:00,42.31,42.38,42.285,42.38,1900,0
2017-04-24,16:50:00,42.375,42.38,42.29,42.36,1800,0
2017-04-24,16:55:00,42.36,42.39,42.36,42.39,600,0
2017-04-24,17:00:00,42.39,42.39,42.36,42.39,1800,0
2017-04-24,17:05:00,42.37,42.44,42.34,42.42,4011,0
2017-04-24,17:10:00,42.44,42.48,42.4,42.47,4642,0
2017-04-24,17:15:00,42.47,42.52,42.45,42.5,3880,0
2017-04-24,17:20:00,42.52,42.57,42.52,42.57,800,0
2017-04-24,17:25:00,42.58,42.6,42.57,42.58,2200,0
2017-04-24,17:30:00,42.59,42.65,42.59,42.65,700,0
2017-04-24,17:35:00,42.65,42.66,42.62,42.62,900,0
2017-04-24,17:40:00,42.62,42.71,42.57,42.65,4375,0
2017-04-24,17:45:00,42.67,42.74,42.66,42.74,3342,0
2017-04-24,17:50:00,42.755,42.76,42.755,42.76,200,0
2017-04-24,17:55:00,42.765,42.81,42.71,42.73,800,0
2017-04-24,18:00:00,42.75,42.75,42.7,42.7,500,0
2017-04-24,18:05:00,42.72,42.74,42.69,42.71,700,0
2017-04-24,18:10:00,42.68,42.72,42.65,42.68,1600,0
2017-04-24,18:15:00,42.67,42.74,42.67,42.72,1500,0
2017-04-24,18:20:00,42.73,42.73,42.73,42.73,200,0
2017-04-24,18:25:00,42.7,42.7,42.62,42.64,2485,0
2017-04-24,18:30:00,42.625,42.63,42.55,42.63,1100,0
2017-04-24,18:35:00,42.62,42.62,42.52,42.57,3471,0
2017-04-24,18:40:00,42.58,42.58,42.53,42.57,1900,0
2017-04-24,18:45:00,42.52,42.54,42.5,42.52,2300,0
2017-04-24,18:50:00,42.5,42.52,42.48,42.48,600,0
2017-04-24,18:55:00,42.47,42.52,42.47,42.52,2090,0
2017-04-24,19:00:00,42.5,42.51,42.46,42.5,2665,0
2017-04-24,19:05:00,42.53,42.53,42.51,42.53,800,0
2017-04-24,19:10:00,42.54,42.54,42.48,42.495,4569,0
2017-04-24,19:15:00,42.49,42.515,42.48,42.515,1100,0
2017-04-24,19:20:00,42.53,42.54,42.51,42.54,1000,0
2017-04-24,19:25:00,42.525,42.6,42.515,42.6,10800,0
2017-04-24,19:30:00,42.59,42.67,42.58,42.645,4800,0
2017-04-24,19:35:00,42.655,42.655,42.63,42.63,600,0
2017-04-24,19:40:00,42.63,42.67,42.63,42.64,2211,0
2017-04-24,19:45:00,42.62,42.63,42.595,42.61,3300,0
2017-04-24,19:50:00,42.63,42.63,42.61,42.62,600,0
2017-04-24,19:55:00,42.625,42.64,42.59,42.63,2000,0
2017-04-24,20:00:00,42.61,42.61,42.56,42.595,4900,0
2017-04-24,20:05:00,42.61,42.64,42.59,42.595,3851,0
2017-04-24,20:10:00,42.6,42.61,42.58,42.59,800,0
2017-04-24,20:15:00,42.57,42.72,42.565,42.72,6886,0
2017-04-24,20:20:00,42.74,42.745,42.68,42.68,1929,0
2017-04-24,20:25:00,42.695,42.71,42.695,42.7,1000,0
2017-04-24,20:30:00,42.69,42.69,42.63,42.65,1247,0
2017-04-24,20:35:00,42.64,42.7,42.62,42.65,3800,0
2017-04-24,20:40:00,42.63,42.63,42.605,42.615,2109,0
2017-04-24,20:45:00,42.62,42.64,42.595,42.6,1500,0
2017-04-24,20:50:00,42.595,42.62,42.595,42.62,1700,0
2017-04-24,20:55:00,42.62,42.67,42.54,42.59,3600,0
2017-04-24,21:00:00,42.575,42.62,42.575,42.62,1991,0
2017-04-24,21:05:00,42.61,42.64,42.595,42.64,3383,0
2017-04-24,21:10:00,42.64,42.66,42.63,42.63,1432,0
2017-04-24,21:15:00,42.63,42.66,42.61,42.66,1300,0
2017-04-24,21:20:00,42.63,42.63,42.595,42.61,2400,0
2017-04-24,21:25:00,42.595,42.61,42.59,42.61,1500,0
2017-04-24,21:30:00,42.61,42.65,42.6,42.65,5800,0
2017-04-24,21:35:00,42.63,42.63,42.59,42.595,3524,0
2017-04-24,21:40:00,42.58,42.625,42.57,42.62,4498,0
2017-04-24,21:45:00,42.6,42.62,42.595,42.61,4271,0
2017-04-24,21:50:00,42.62,42.62,42.59,42.595,7814,0
2017-04-24,21:55:00,42.6,42.64,42.59,42.6,8460,0
2017-04-24,22:00:00,42.6,42.62,42.58,42.62,43866,0
2017-04-25,15:35:00,42.83,42.855,42.51,42.855,1950,0
2017-04-25,15:40:00,42.84,42.91,42.84,42.86,400,0
2017-04-25,15:45:00,42.9,43.03,42.9,43.02,2500,0
2017-04-25,15:50:00,43.13,43.26,43.1,43.15,4256,0
2017-04-25,15:55:00,43.115,43.17,43.115,43.17,1200,0
2017-04-25,16:00:00,43.2,43.21,43.175,43.21,1100,0
2017-04-25,16:05:00,43.19,43.22,43.12,43.22,2619,0
2017-04-25,16:10:00,43.205,43.31,43.19,43.22,1836,0
2017-04-25,16:15:00,43.29,43.32,43.185,43.1975,11671,0
2017-04-25,16:20:00,43.2,43.2,43.1,43.1,2391,0
2017-04-25,16:25:00,43.1,43.1,42.99,42.99,600,0
2017-04-25,16:30:00,43.01,43.12,43.01,43.11,1600,0
2017-04-25,16:35:00,43.1,43.21,43.1,43.165,2400,0
2017-04-25,16:40:00,43.165,43.17,43.13,43.14,600,0
2017-04-25,16:45:00,43.11,43.22,43.09,43.195,5302,0
2017-04-25,16:50:00,43.2,43.2,43.12,43.15,22588,0
2017-04-25,16:55:00,43.23,43.31,43.21,43.26,2998,0
2017-04-25,17:00:00,43.3,43.3,43.29,43.29,200,0
2017-04-25,17:05:00,43.25,43.25,43.18,43.2,1704,0
2017-04-25,17:10:00,43.23,43.26,43.21,43.26,900,0
2017-04-25,17:15:00,43.23,43.45,43.23,43.45,4600,0
2017-04-25,17:20:00,43.45,43.45,43.35,43.45,12975,0
2017-04-25,17:25:00,43.44,43.45,43.44,43.45,300,0
2017-04-25,17:30:00,43.44,43.44,43.41,43.41,700,0
2017-04-25,17:35:00,43.42,43.42,43.285,43.285,5724,0
2017-04-25,17:40:00,43.3,43.3,43.23,43.23,1300,0
2017-04-25,17:45:00,43.22,43.24,43.17,43.235,800,0
2017-04-25,17:50:00,43.27,43.27,43.18,43.18,900,0
2017-04-25,17:55:00,43.19,43.19,43.16,43.16,200,0
2017-04-25,18:00:00,43.22,43.27,43.22,43.23,400,0
2017-04-25,18:05:00,43.24,43.29,43.24,43.29,300,0
2017-04-25,18:10:00,43.27,43.3,43.26,43.29,600,0
2017-04-25,18:15:00,43.3,43.3,43.29,43.29,2400,0
2017-04-25,18:20:00,43.3,43.4,43.29,43.38,10811,0
2017-04-25,18:25:00,43.4,43.4,43.34,43.34,4411,0
2017-04-25,18:30:00,43.37,43.38,43.37,43.38,400,0
2017-04-25,18:35:00,43.4,43.4,43.32,43.32,900,0
2017-04-25,18:40:00,43.32,43.35,43.26,43.35,1100,0
2017-04-25,18:45:00,43.32,43.32,43.15,43.15,7056,0
2017-04-25,18:50:00,43.15,43.2,43.15,43.19,3600,0
2017-04-25,18:55:00,43.165,43.26,43.165,43.2,2692,0
2017-04-25,19:00:00,43.2,43.28,43.18,43.28,1710,0
2017-04-25,19:05:00,43.22,43.22,43.17,43.19,1200,0
2017-04-25,19:10:00,43.2,43.21,43.2,43.21,1000,0
2017-04-25,19:15:00,43.205,43.3,43.19,43.295,1935,0
2017-04-25,19:20:00,43.33,43.33,43.27,43.27,500,0
2017-04-25,19:25:00,43.28,43.38,43.28,43.32,400,0
2017-04-25,19:30:00,43.32,43.32,43.31,43.31,300,0
2017-04-25,19:35:00,43.28,43.34,43.28,43.29,800,0
2017-04-25,19:40:00,43.283,43.305,43.18,43.18,5986,0
2017-04-25,19:45:00,43.21,43.25,43.18,43.24,1100,0
2017-04-25,19:50:00,43.25,43.25,43.2,43.235,500,0
2017-04-25,19:55:00,43.245,43.32,43.245,43.29,1300,0
2017-04-25,20:00:00,43.3,43.3,43.275,43.275,1196,0
2017-04-25,20:05:00,43.3,43.33,43.275,43.3,2000,0
2017-04-25,20:10:00,43.3,43.3,43.28,43.3,1800,0
2017-04-25,20:15:00,43.28,43.3,43.28,43.3,1340,0
2017-04-25,20:20:00,43.27,43.3,43.27,43.28,1000,0
2017-04-25,20:25:00,43.28,43.3,43.24,43.26,1600,0
2017-04-25,20:30:00,43.26,43.3,43.26,43.3,1100,0
2017-04-25,20:35:00,43.26,43.3,43.22,43.275,3559,0
2017-04-25,20:40:00,43.3,43.3,43.275,43.29,2300,0
2017-04-25,20:45:00,43.3,43.3,43.26,43.29,1500,0
2017-04-25,20:50:00,43.2705,43.29,43.23,43.235,1400,0
2017-04-25,20:55:00,43.24,43.26,43.22,43.26,1000,0
2017-04-25,21:00:00,43.24,43.25,43.21,43.24,1700,0
2017-04-25,21:05:00,43.26,43.3,43.24,43.3,1700,0
2017-04-25,21:10:00,43.29,43.29,43.26,43.29,900,0
2017-04-25,21:15:00,43.27,43.29,43.12,43.18,8126,0
2017-04-25,21:20:00,43.18,43.2,43.15,43.18,1200,0
2017-04-25,21:25:00,43.2,43.24,43.18,43.22,1100,0
2017-04-25,21:30:00,43.23,43.25,43.22,43.23,3510,0
2017-04-25,21:35:00,43.23,43.25,43.23,43.24,4100,0
2017-04-25,21:40:00,43.235,43.24,43.18,43.18,2963,0
2017-04-25,21:45:00,43.18,43.29,43.16,43.21,4375,0
2017-04-25,21:50:00,43.2,43.21,43.14,43.21,8728,0
2017-04-25,21:55:00,43.2,43.23,43.18,43.19,9564,0
2017-04-25,22:00:00,43.19,43.19,43.09,43.1,28420,0
2017-04-26,15:35:00,43.15,43.15,43.15,43.15,1110,0
2017-04-26,15:40:00,43.3799,43.3799,43.3799,43.3799,400,0
2017-04-26,15:45:00,43.25,43.25,43.14,43.22,1600,0
2017-04-26,15:50:00,43.25,43.25,43.25,43.25,100,0
2017-04-26,15:55:00,43.33,43.33,43.27,43.28,600,0
2017-04-26,16:00:00,43.27,43.27,43.22,43.25,2000,0
2017-04-26,16:05:00,43.25,43.25,43.1,43.1,2099,0
2017-04-26,16:10:00,43.12,43.2,43.11,43.2,700,0
2017-04-26,16:15:00,43.17,43.18,43.09,43.1,5021,0
2017-04-26,16:20:00,43.08,43.1,43.07,43.09,1500,0
2017-04-26,16:25:00,43.07,43.07,43.07,43.07,300,0
2017-04-26,16:30:00,43.1,43.1,43.07,43.07,3039,0
2017-04-26,16:35:00,43.05,43.2188,43.05,43.2188,2790,0
2017-04-26,16:40:00,43.26,43.47,43.22,43.44,13978,0
2017-04-26,16:45:00,43.44,43.53,43.44,43.48,7980,0
2017-04-26,16:50:00,43.5,43.5,43.49,43.5,4000,0
2017-04-26,16:55:00,43.49,43.5,43.47,43.48,5890,0
2017-04-26,17:00:00,43.5,43.5,43.48,43.49,2686,0
2017-04-26,17:05:00,43.47,43.5,43.47,43.5,900,0
2017-04-26,17:10:00,43.49,43.5,43.41,43.44,2700,0
2017-04-26,17:15:00,43.41,43.5,43.4,43.49,6165,0
2017-04-26,17:20:00,43.5,43.57,43.48,43.51,9721,0
2017-04-26,17:25:00,43.645,43.66,43.645,43.66,700,0
2017-04-26,17:30:00,43.7,43.7,43.63,43.63,8180,0
2017-04-26,17:35:00,43.56,43.56,43.4801,43.55,7800,0
2017-04-26,17:40:00,43.56,43.56,43.56,43.56,1200,0
2017-04-26,17:45:00,43.56,43.64,43.56,43.61,2011,0
2017-04-26,17:50:00,43.57,43.57,43.54,43.565,500,0
2017-04-26,17:55:00,43.61,43.62,43.58,43.62,1000,0
2017-04-26,18:00:00,43.55,43.56,43.49,43.56,32542,0
2017-04-26,18:05:00,43.55,43.55,43.52,43.52,300,0
2017-04-26,18:10:00,43.51,43.57,43.51,43.57,500,0
2017-04-26,18:15:00,43.62,43.62,43.62,43.62,100,0
2017-04-26,18:20:00,43.64,43.7,43.63,43.66,4600,0
2017-04-26,18:25:00,43.68,43.68,43.68,43.68,100,0
2017-04-26,18:30:00,43.65,43.68,43.65,43.68,200,0
2017-04-26,18:35:00,43.66,43.67,43.66,43.67,1029,0
2017-04-26,18:40:00,43.66,43.68,43.65,43.68,790,0
2017-04-26,18:45:00,43.65,43.68,43.65,43.68,200,0
2017-04-26,18:50:00,43.68,43.68,43.64,43.64,700,0
2017-04-26,18:55:00,43.66,43.66,43.65,43.65,200,0
2017-04-26,19:00:00,43.65,43.66,43.65,43.66,400,0
2017-04-26,19:05:00,43.69,43.69,43.68,43.68,900,0
2017-04-26,19:10:00,43.7,43.85,43.68,43.85,11958,0
2017-04-26,19:15:00,43.89,43.89,43.82,43.82,1045,0
2017-04-26,19:20:00,43.82,43.91,43.82,43.885,1991,0
2017-04-26,19:25:00,43.9,43.92,43.89,43.92,1877,0
2017-04-26,19:30:00,43.91,43.91,43.87,43.87,1000,0
2017-04-26,19:35:00,43.89,43.89,43.69,43.74,5300,0
2017-04-26,19:40:00,43.78,43.8,43.77,43.785,2000,0
2017-04-26,19:45:00,43.77,43.77,43.72,43.72,1600,0
2017-04-26,19:50:00,43.71,43.76,43.6,43.6,4000,0
2017-04-26,19:55:00,43.6,43.6,43.57,43.59,2800,0
2017-04-26,20:00:00,43.56,43.56,43.49,43.49,1000,0
2017-04-26,20:05:00,43.52,43.59,43.52,43.59,900,0
2017-04-26,20:10:00,43.55,43.6,43.55,43.6,1901,0
2017-04-26,20:15:00,43.6,43.6,43.575,43.575,4300,0
2017-04-26,20:20:00,43.6,43.6,43.58,43.59,900,0
2017-04-26,20:25:00,43.59,43.6,43.56,43.56,3606,0
2017-04-26,20:30:00,43.57,43.58,43.53,43.57,2199,0
2017-04-26,20:35:00,43.6,43.6,43.58,43.58,4110,0
2017-04-26,20:40:00,43.56,43.56,43.54,43.54,300,0
2017-04-26,20:45:00,43.58,43.6,43.58,43.6,4693,0
2017-04-26,20:50:00,43.58,43.6,43.58,43.58,3654,0
2017-04-26,20:55:00,43.6,43.6,43.58,43.58,500,0
2017-04-26,21:00:00,43.595,43.6,43.58,43.59,2832,0
2017-04-26,21:05:00,43.6,43.745,43.6,43.745,2826,0
2017-04-26,21:10:00,43.77,43.885,43.77,43.83,5413,0
2017-04-26,21:15:00,43.83,43.85,43.81,43.81,3244,0
2017-04-26,21:20:00,43.84,43.93,43.83,43.92,5509,0
2017-04-26,21:25:00,43.89,43.89,43.77,43.77,4152,0
2017-04-26,21:30:00,43.77,43.785,43.65,43.66,4050,0
2017-04-26,21:35:00,43.675,43.71,43.57,43.6,5839,0
2017-04-26,21:40:00,43.6,43.66,43.55,43.6,9189,0
2017-04-26,21:45:00,43.605,43.66,43.59,43.66,5810,0
2017-04-26,21:50:00,43.66,43.67,43.63,43.63,11397,0
2017-04-26,21:55:00,43.61,43.73,43.61,43.71,16129,0
2017-04-26,22:00:00,43.71,43.73,43.48,43.5,71971,0
