Date,Time,Open,High,Low,Close,Volume,OpenInt
2017-04-07,15:35:00,4.73,4.775,4.73,4.77,1556,0
2017-04-07,15:40:00,4.73,4.74,4.73,4.74,200,0
2017-04-07,15:50:00,4.75,4.76,4.75,4.75,1000,0
2017-04-07,15:55:00,4.75,4.79,4.75,4.77,10716,0
2017-04-07,16:00:00,4.78,4.78,4.755,4.77,1200,0
2017-04-07,16:05:00,4.78,4.81,4.77,4.8,1100,0
2017-04-07,16:10:00,4.81,4.81,4.81,4.81,300,0
2017-04-07,16:20:00,4.84,4.85,4.825,4.85,2200,0
2017-04-07,16:25:00,4.84,4.855,4.84,4.855,300,0
2017-04-07,16:30:00,4.84,4.85,4.84,4.85,1600,0
2017-04-07,16:35:00,4.85,4.85,4.85,4.85,100,0
2017-04-07,16:40:00,4.86,4.87,4.86,4.87,200,0
2017-04-07,16:45:00,4.86,4.87,4.86,4.87,800,0
2017-04-07,16:55:00,4.85,4.85,4.85,4.85,800,0
2017-04-07,17:00:00,4.84,4.84,4.84,4.84,100,0
2017-04-07,17:05:00,4.85,4.86,4.85,4.86,500,0
2017-04-07,17:15:00,4.85,4.86,4.85,4.86,200,0
2017-04-07,17:20:00,4.85,4.86,4.85,4.86,2259,0
2017-04-07,17:25:00,4.87,4.9,4.87,4.9,600,0
2017-04-07,17:35:00,4.89,4.89,4.87,4.87,1100,0
2017-04-07,17:40:00,4.87,4.87,4.86,4.86,500,0
2017-04-07,17:45:00,4.86,4.86,4.86,4.86,100,0
2017-04-07,17:50:00,4.85,4.88,4.85,4.88,1900,0
2017-04-07,18:05:00,4.89,4.91,4.89,4.9,1200,0
2017-04-07,18:10:00,4.9074,4.91,4.87,4.885,5407,0
2017-04-07,18:15:00,4.87,4.88,4.85,4.85,1200,0
2017-04-07,18:20:00,4.86,4.87,4.85,4.85,700,0
2017-04-07,18:25:00,4.86,4.86,4.84,4.84,900,0
2017-04-07,18:30:00,4.85,4.86,4.85,4.85,400,0
2017-04-07,18:35:00,4.84,4.84,4.84,4.84,200,0
2017-04-07,18:40:00,4.84,4.84,4.82,4.82,200,0
2017-04-07,18:45:00,4.82,4.82,4.82,4.82,100,0
2017-04-07,18:50:00,4.81,4.82,4.81,4.81,500,0
2017-04-07,18:55:00,4.83,4.83,4.82,4.83,900,0
2017-04-07,19:00:00,4.84,4.845,4.835,4.835,700,0
2017-04-07,19:05:00,4.85,4.85,4.85,4.85,100,0
2017-04-07,19:10:00,4.86,4.86,4.85,4.85,300,0
2017-04-07,19:15:00,4.84,4.85,4.84,4.85,200,0
2017-04-07,19:30:00,4.85,4.8684,4.85,4.8684,3100,0
2017-04-07,19:35:00,4.87,4.88,4.87,4.8769,1697,0
2017-04-07,19:40:00,4.87,4.87,4.86,4.86,900,0
2017-04-07,19:45:00,4.86,4.86,4.84,4.84,600,0
2017-04-07,19:55:00,4.84,4.85,4.84,4.85,1400,0
2017-04-07,20:00:00,4.85,4.85,4.85,4.85,300,0
2017-04-07,20:05:00,4.86,4.86,4.855,4.855,400,0
2017-04-07,20:10:00,4.855,4.865,4.855,4.865,900,0
2017-04-07,20:15:00,4.87,4.87,4.87,4.87,100,0
2017-04-07,20:20:00,4.87,4.87,4.84,4.84,1600,0
2017-04-07,20:25:00,4.85,4.85,4.85,4.85,1000,0
2017-04-07,20:35:00,4.84,4.84,4.82,4.82,1500,0
2017-04-07,20:40:00,4.82,4.82,4.82,4.82,500,0
2017-04-07,20:45:00,4.82,4.83,4.81,4.8199,2400,0
2017-04-07,20:50:00,4.82,4.82,4.8198,4.8198,436,0
2017-04-07,20:55:00,4.82,4.83,4.805,4.82,4303,0
2017-04-07,21:00:00,4.83,4.86,4.83,4.85,9200,0
2017-04-07,21:05:00,4.84,4.84,4.82,4.83,1400,0
2017-04-07,21:10:00,4.83,4.84,4.83,4.83,800,0
2017-04-07,21:15:00,4.83,4.83,4.81,4.81,2549,0
2017-04-07,21:20:00,4.81,4.82,4.81,4.81,1800,0
2017-04-07,21:25:00,4.81,4.82,4.8,4.81,3670,0
2017-04-07,21:30:00,4.81,4.82,4.81,4.81,2774,0
2017-04-07,21:35:00,4.81,4.81,4.79,4.8,2802,0
2017-04-07,21:40:00,4.8,4.81,4.8,4.81,6488,0
2017-04-07,21:45:00,4.8,4.8,4.78,4.79,6000,0
2017-04-07,21:50:00,4.79,4.8,4.79,4.8,6344,0
2017-04-07,21:55:00,4.8,4.8,4.79,4.8,4607,0
2017-04-07,22:00:00,4.8,4.8,4.76,4.78,39992,0
2017-04-10,15:35:00,4.79,4.86,4.76,4.76,3701,0
2017-04-10,15:40:00,4.81,4.8208,4.81,4.8208,800,0
2017-04-10,15:45:00,4.82,4.84,4.82,4.84,700,0
2017-04-10,15:50:00,4.83,4.84,4.81,4.84,300,0
2017-04-10,16:05:00,4.86,4.865,4.86,4.86,1400,0
2017-04-10,16:10:00,4.86,4.88,4.86,4.86,2400,0
2017-04-10,16:15:00,4.84,4.84,4.83,4.84,800,0
2017-04-10,16:20:00,4.84,4.87,4.84,4.87,543,0
2017-04-10,16:25:00,4.86,4.86,4.84,4.84,700,0
2017-04-10,16:30:00,4.81,4.81,4.81,4.81,100,0
2017-04-10,16:35:00,4.83,4.85,4.83,4.83,800,0
2017-04-10,16:40:00,4.8375,4.8375,4.81,4.81,520,0
2017-04-10,16:45:00,4.81,4.81,4.8,4.8,600,0
2017-04-10,16:50:00,4.8084,4.8084,4.8084,4.8084,1000,0
2017-04-10,16:55:00,4.805,4.81,4.803,4.803,1700,0
2017-04-10,17:00:00,4.81,4.82,4.8,4.81,4544,0
2017-04-10,17:05:00,4.8,4.82,4.78,4.81,9431,0
2017-04-10,17:10:00,4.8,4.8,4.78,4.78,1400,0
2017-04-10,17:15:00,4.79,4.8,4.79,4.8,1731,0
2017-04-10,17:20:00,4.795,4.795,4.79,4.79,1056,0
2017-04-10,17:25:00,4.78,4.78,4.78,4.78,100,0
2017-04-10,17:30:00,4.78,4.78,4.77,4.78,4877,0
2017-04-10,17:35:00,4.78,4.78,4.75,4.75,1845,0
2017-04-10,17:40:00,4.745,4.745,4.74,4.74,400,0
2017-04-10,17:45:00,4.74,4.74,4.73,4.73,800,0
2017-04-10,17:50:00,4.73,4.73,4.71,4.73,2900,0
2017-04-10,17:55:00,4.73,4.73,4.725,4.73,900,0
2017-04-10,18:00:00,4.75,4.75,4.74,4.74,1300,0
2017-04-10,18:05:00,4.75,4.77,4.75,4.77,400,0
2017-04-10,18:10:00,4.76,4.76,4.75,4.75,1087,0
2017-04-10,18:15:00,4.7599,4.78,4.7599,4.76,4500,0
2017-04-10,18:20:00,4.75,4.75,4.75,4.75,400,0
2017-04-10,18:25:00,4.74,4.74,4.725,4.73,1000,0
2017-04-10,18:30:00,4.75,4.75,4.75,4.75,100,0
2017-04-10,18:35:00,4.75,4.75,4.74,4.75,1400,0
2017-04-10,18:40:00,4.76,4.76,4.75,4.76,2080,0
2017-04-10,18:45:00,4.76,4.76,4.76,4.76,100,0
2017-04-10,18:50:00,4.76,4.78,4.76,4.78,1000,0
2017-04-10,18:55:00,4.78,4.82,4.78,4.81,2900,0
2017-04-10,19:00:00,4.8,4.8,4.79,4.8,500,0
2017-04-10,19:10:00,4.79,4.79,4.78,4.78,1464,0
2017-04-10,19:15:00,4.77,4.79,4.77,4.79,600,0
2017-04-10,19:20:00,4.78,4.79,4.76,4.76,2100,0
2017-04-10,19:25:00,4.76,4.7601,4.76,4.76,500,0
2017-04-10,19:30:00,4.76,4.78,4.76,4.765,7608,0
2017-04-10,19:35:00,4.76,4.76,4.74,4.74,1800,0
2017-04-10,19:40:00,4.75,4.78,4.75,4.76,4800,0
2017-04-10,19:45:00,4.75,4.75,4.75,4.75,200,0
2017-04-10,19:50:00,4.76,4.77,4.76,4.77,1600,0
2017-04-10,19:55:00,4.76,4.76,4.76,4.76,500,0
2017-04-10,20:00:00,4.75,4.76,4.75,4.75,400,0
2017-04-10,20:05:00,4.76,4.76,4.73,4.73,3970,0
2017-04-10,20:10:00,4.72,4.7301,4.72,4.7301,719,0
2017-04-10,20:15:00,4.73,4.76,4.72,4.76,3527,0
2017-04-10,20:20:00,4.75,4.75,4.75,4.75,400,0
2017-04-10,20:25:00,4.75,4.75,4.75,4.75,100,0
2017-04-10,20:30:00,4.75,4.76,4.74,4.74,1500,0
2017-04-10,20:35:00,4.75,4.77,4.74,4.76,16100,0
2017-04-10,20:40:00,4.76,4.77,4.745,4.75,9578,0
2017-04-10,20:45:00,4.755,4.76,4.75,4.75,1800,0
2017-04-10,20:50:00,4.76,4.76,4.75,4.75,6001,0
2017-04-10,20:55:00,4.75,4.76,4.74,4.75,10791,0
2017-04-10,21:05:00,4.75,4.77,4.75,4.76,3500,0
2017-04-10,21:10:00,4.77,4.8,4.765,4.77,7000,0
2017-04-10,21:15:00,4.77,4.77,4.76,4.76,1600,0
2017-04-10,21:20:00,4.75,4.78,4.74,4.77,4900,0
2017-04-10,21:25:00,4.76,4.76,4.74,4.75,7489,0
2017-04-10,21:30:00,4.7525,4.76,4.75,4.76,463,0
2017-04-10,21:35:00,4.75,4.76,4.72,4.72,6700,0
2017-04-10,21:40:00,4.73,4.74,4.73,4.74,3811,0
2017-04-10,21:45:00,4.74,4.74,4.7,4.7,21960,0
2017-04-10,21:50:00,4.71,4.74,4.7075,4.73,16441,0
2017-04-10,21:55:00,4.725,4.769,4.725,4.769,15200,0
2017-04-10,22:00:00,4.765,4.78,4.74,4.75,50685,0
2017-04-11,15:35:00,4.75,4.75,4.75,4.75,1110,0
2017-04-11,15:40:00,4.75,4.75,4.75,4.75,100,0
2017-04-11,15:50:00,4.76,4.7634,4.74,4.7634,3300,0
2017-04-11,15:55:00,4.76,4.76,4.76,4.76,400,0
2017-04-11,16:00:00,4.76,4.78,4.76,4.77,600,0
2017-04-11,16:05:00,4.77,4.81,4.77,4.81,717,0
2017-04-11,16:10:00,4.83,4.83,4.825,4.83,800,0
2017-04-11,16:15:00,4.82,4.82,4.82,4.82,100,0
2017-04-11,16:20:00,4.81,4.81,4.8,4.8,600,0
2017-04-11,16:25:00,4.79,4.79,4.79,4.79,200,0
2017-04-11,16:30:00,4.79,4.79,4.77,4.7701,300,0
2017-04-11,16:35:00,4.77,4.77,4.75,4.75,300,0
2017-04-11,16:40:00,4.75,4.76,4.73,4.75,800,0
2017-04-11,16:45:00,4.74,4.74,4.71,4.73,1208,0
2017-04-11,16:55:00,4.7401,4.75,4.73,4.735,17900,0
2017-04-11,17:00:00,4.735,4.76,4.735,4.75,6600,0
2017-04-11,17:05:00,4.75,4.76,4.745,4.75,1100,0
2017-04-11,17:10:00,4.75,4.79,4.75,4.79,1600,0
2017-04-11,17:15:00,4.79,4.81,4.79,4.81,1300,0
2017-04-11,17:20:00,4.81,4.84,4.8,4.84,1500,0
2017-04-11,17:25:00,4.84,4.87,4.84,4.87,1300,0
2017-04-11,17:30:00,4.88,4.89,4.87,4.89,1828,0
2017-04-11,17:35:00,4.89,4.91,4.89,4.91,7168,0
2017-04-11,17:40:00,4.91,4.97,4.91,4.95,2000,0
2017-04-11,17:45:00,4.98,4.98,4.98,4.98,800,0
2017-04-11,17:50:00,4.98,5,4.96,5,2600,0
2017-04-11,17:55:00,5,5,4.94,4.95,9100,0
2017-04-11,18:00:00,4.96,4.97,4.96,4.96,1100,0
2017-04-11,18:05:00,4.96,4.96,4.93,4.94,1200,0
2017-04-11,18:10:00,4.93,4.94,4.92,4.94,700,0
2017-04-11,18:15:00,4.94,4.95,4.93,4.93,1500,0
2017-04-11,18:20:00,4.95,4.95,4.9342,4.95,1900,0
2017-04-11,18:25:00,4.95,4.95,4.9366,4.95,1705,0
2017-04-11,18:30:00,4.95,4.97,4.94,4.97,6600,0
2017-04-11,18:35:00,4.97,4.98,4.97,4.97,1720,0
2017-04-11,18:40:00,4.98,4.98,4.96,4.98,900,0
2017-04-11,18:45:00,4.97,4.98,4.96,4.97,800,0
2017-04-11,18:50:00,4.97,4.99,4.97,4.99,1000,0
2017-04-11,18:55:00,4.99,5,4.99,5,1000,0
2017-04-11,19:00:00,5,5,4.995,4.995,800,0
2017-04-11,19:05:00,4.99,5.02,4.99,5.02,1500,0
2017-04-11,19:10:00,5.02,5.04,5.02,5.03,1800,0
2017-04-11,19:15:00,5.04,5.04,5.021,5.04,1900,0
2017-04-11,19:20:00,5.04,5.04,5,5.02,1900,0
2017-04-11,19:25:00,5.02,5.02,5.01,5.01,900,0
2017-04-11,19:30:00,5.01,5.02,5,5.02,900,0
2017-04-11,19:35:00,5.03,5.04,5.01,5.01,2306,0
2017-04-11,19:40:00,5.01,5.02,5.01,5.02,800,0
2017-04-11,19:45:00,5.02,5.03,5.02,5.02,1600,0
2017-04-11,19:50:00,5.02,5.04,5.02,5.04,1100,0
2017-04-11,19:55:00,5.04,5.04,5.02,5.04,700,0
2017-04-11,20:00:00,5.01,5.025,5.01,5.02,1238,0
2017-04-11,20:05:00,5.02,5.02,5.01,5.015,2992,0
2017-04-11,20:10:00,5.01,5.02,5.01,5.02,1576,0
2017-04-11,20:15:00,5.03,5.03,5,5.02,1816,0
2017-04-11,20:20:00,5.01,5.01,5.01,5.01,1300,0
2017-04-11,20:25:00,5.01,5.02,5.01,5.02,1000,0
2017-04-11,20:30:00,5.0124,5.02,5.01,5.02,1200,0
2017-04-11,20:35:00,5.03,5.03,5.02,5.03,1800,0
2017-04-11,20:40:00,5.04,5.04,5.02,5.03,2100,0
2017-04-11,20:45:00,5.03,5.03,5.02,5.03,1000,0
2017-04-11,20:50:00,5.04,5.05,5.03,5.04,2750,0
2017-04-11,20:55:00,5.04,5.05,5.04,5.05,1800,0
2017-04-11,21:00:00,5.05,5.05,5.01,5.02,5200,0
2017-04-11,21:05:00,5.01,5.04,5.01,5.04,2900,0
2017-04-11,21:10:00,5.04,5.06,5.04,5.06,1500,0
2017-04-11,21:15:00,5.06,5.065,5.05,5.055,10100,0
2017-04-11,21:20:00,5.06,5.07,5.06,5.07,1600,0
2017-04-11,21:25:00,5.07,5.09,5.07,5.08,3100,0
2017-04-11,21:30:00,5.08,5.1,5.08,5.09,8400,0
2017-04-11,21:35:00,5.09,5.12,5.09,5.12,9429,0
2017-04-11,21:40:00,5.11,5.145,5.11,5.13,4914,0
2017-04-11,21:45:00,5.13,5.145,5.115,5.12,6000,0
2017-04-11,21:50:00,5.12,5.155,5.11,5.15,20624,0
2017-04-11,21:55:00,5.15,5.17,5.12,5.14,10056,0
2017-04-11,22:00:00,5.14,5.15,5.12,5.13,33524,0
2017-04-12,15:35:00,5.15,5.15,5.1,5.1,2160,0
2017-04-12,15:40:00,5.1,5.1,5.08,5.1,1500,0
2017-04-12,15:50:00,5.1,5.1,5.1,5.1,4700,0
2017-04-12,15:55:00,5.1,5.11,5.1,5.11,1500,0
2017-04-12,16:00:00,5.1,5.11,5.1,5.1,1400,0
2017-04-12,16:05:00,5.11,5.11,5.09,5.1,3946,0
2017-04-12,16:10:00,5.09,5.1,5.08,5.1,1700,0
2017-04-12,16:15:00,5.1,5.1,5.09,5.09,900,0
2017-04-12,16:20:00,5.08,5.1,5.08,5.1,700,0
2017-04-12,16:25:00,5.1,5.1,5.09,5.09,1200,0
2017-04-12,16:30:00,5.08,5.08,5.04,5.04,3873,0
2017-04-12,16:35:00,5.05,5.07,5.05,5.07,1299,0
2017-04-12,16:40:00,5.07,5.07,5.05,5.06,2224,0
2017-04-12,16:45:00,5.0501,5.0501,5.03,5.04,5746,0
2017-04-12,16:50:00,5.03,5.03,5,5,3114,0
2017-04-12,16:55:00,5,5.01,5,5.01,1700,0
2017-04-12,17:00:00,5.03,5.05,5.03,5.05,1900,0
2017-04-12,17:05:00,5.04,5.04,5.03,5.03,800,0
2017-04-12,17:15:00,5.04,5.04,5.04,5.04,700,0
2017-04-12,17:20:00,5.04,5.05,5.03,5.05,1200,0
2017-04-12,17:25:00,5.04,5.05,5.03,5.03,3290,0
2017-04-12,17:30:00,5.03,5.03,5.02,5.03,1000,0
2017-04-12,17:35:00,5.03,5.04,5.02,5.02,5535,0
2017-04-12,17:40:00,5.01,5.01,5,5,4910,0
2017-04-12,17:45:00,5.01,5.01,5,5,500,0
2017-04-12,17:50:00,5,5,5,5,100,0
2017-04-12,17:55:00,5.01,5.01,5,5.01,4984,0
2017-04-12,18:00:00,5,5,5,5,600,0
2017-04-12,18:05:00,5.01,5.04,5.01,5.04,1800,0
2017-04-12,18:10:00,5.05,5.05,5.04,5.04,1000,0
2017-04-12,18:15:00,5.045,5.05,5.04,5.04,500,0
2017-04-12,18:25:00,5.05,5.05,5.04,5.05,729,0
2017-04-12,18:30:00,5.05,5.05,5.03,5.03,500,0
2017-04-12,18:35:00,5.02,5.0276,5.02,5.02,3990,0
2017-04-12,18:40:00,5.02,5.02,5.02,5.02,1200,0
2017-04-12,18:45:00,5.02,5.02,5.02,5.02,200,0
2017-04-12,18:50:00,5.03,5.035,5.03,5.03,500,0
2017-04-12,19:00:00,5.02,5.03,5.02,5.03,1100,0
2017-04-12,19:05:00,5.03,5.05,5.03,5.05,900,0
2017-04-12,19:10:00,5.05,5.05,5.04,5.04,3700,0
2017-04-12,19:15:00,5.05,5.05,5.05,5.05,500,0
2017-04-12,19:30:00,5.055,5.055,5.055,5.055,100,0
2017-04-12,19:35:00,5.05,5.05,5.05,5.05,700,0
2017-04-12,19:40:00,5.055,5.0599,5.05,5.0599,2600,0
2017-04-12,19:45:00,5.05,5.05,5.05,5.05,100,0
2017-04-12,19:55:00,5.06,5.07,5.06,5.07,900,0
2017-04-12,20:00:00,5.07,5.07,5.07,5.07,600,0
2017-04-12,20:05:00,5.07,5.07,5.07,5.07,100,0
2017-04-12,20:10:00,5.0684,5.0684,5.05,5.05,1900,0
2017-04-12,20:15:00,5.0501,5.0501,5.0501,5.0501,272,0
2017-04-12,20:20:00,5.051,5.0513,5.04,5.05,1188,0
2017-04-12,20:25:00,5.06,5.07,5.06,5.06,1917,0
2017-04-12,20:30:00,5.06,5.07,5.06,5.07,300,0
2017-04-12,20:35:00,5.07,5.07,5.07,5.07,200,0
2017-04-12,20:40:00,5.08,5.08,5.07,5.07,500,0
2017-04-12,20:45:00,5.05,5.05,5.05,5.05,500,0
2017-04-12,20:50:00,5.05,5.05,5.05,5.05,100,0
2017-04-12,20:55:00,5.05,5.055,5.05,5.055,1100,0
2017-04-12,21:05:00,5.06,5.06,5.06,5.06,100,0
2017-04-12,21:10:00,5.05,5.055,5.05,5.05,2299,0
2017-04-12,21:15:00,5.05,5.06,5.05,5.05,2381,0
2017-04-12,21:20:00,5.0544,5.0544,5.04,5.04,1305,0
2017-04-12,21:25:00,5.04,5.0416,5.04,5.04,4391,0
2017-04-12,21:30:00,5.03,5.03,5.02,5.02,8952,0
2017-04-12,21:35:00,5.01,5.02,5.01,5.01,700,0
2017-04-12,21:40:00,5.01,5.02,5.01,5.01,1200,0
2017-04-12,21:45:00,5.01,5.01,5,5,1840,0
2017-04-12,21:50:00,5,5.005,5,5,3818,0
2017-04-12,21:55:00,4.99,5.03,4.98,5.01,13827,0
2017-04-12,22:00:00,5.01,5.04,5.01,5.03,25930,0
2017-04-13,15:35:00,4.99,4.99,4.99,4.99,471,0
2017-04-13,15:40:00,4.98,4.98,4.97,4.98,2700,0
2017-04-13,15:45:00,4.96,4.96,4.96,4.96,100,0
2017-04-13,15:50:00,4.97,4.97,4.97,4.97,100,0
2017-04-13,15:55:00,4.97,4.97,4.97,4.97,700,0
2017-04-13,16:00:00,5.01,5.01,4.98,4.98,200,0
2017-04-13,16:10:00,5.005,5.005,4.98,4.98,200,0
2017-04-13,16:15:00,4.99,4.99,4.99,4.99,100,0
2017-04-13,16:20:00,4.9901,5.02,4.9901,5.02,2552,0
2017-04-13,16:25:00,5,5.03,5,5.03,500,0
2017-04-13,16:30:00,5.03,5.03,5.015,5.015,300,0
2017-04-13,16:35:00,5,5,5,5,400,0
2017-04-13,16:45:00,5,5,4.99,4.99,200,0
2017-04-13,16:50:00,4.99,4.99,4.99,4.99,2050,0
2017-04-13,16:55:00,4.99,5,4.99,5,5300,0
2017-04-13,17:00:00,4.99,4.99,4.99,4.99,100,0
2017-04-13,17:05:00,4.995,4.995,4.98,4.98,2925,0
2017-04-13,17:10:00,4.98,4.98,4.97,4.979,3886,0
2017-04-13,17:15:00,4.97,4.97,4.97,4.97,100,0
2017-04-13,17:20:00,4.97,4.97,4.96,4.96,1700,0
2017-04-13,17:25:00,4.95,4.96,4.95,4.96,1500,0
2017-04-13,17:30:00,4.97,4.97,4.965,4.965,200,0
2017-04-13,17:35:00,4.96,4.96,4.95,4.95,3509,0
2017-04-13,17:40:00,4.95,4.95,4.91,4.92,3790,0
2017-04-13,17:45:00,4.92,4.93,4.92,4.93,2100,0
2017-04-13,18:00:00,4.94,4.94,4.94,4.94,400,0
2017-04-13,18:05:00,4.93,4.94,4.92,4.92,1600,0
2017-04-13,18:10:00,4.92,4.92,4.895,4.91,5100,0
2017-04-13,18:15:00,4.91,4.91,4.91,4.91,800,0
2017-04-13,18:20:00,4.92,4.92,4.9,4.9,1382,0
2017-04-13,18:25:00,4.91,4.91,4.895,4.895,600,0
2017-04-13,18:30:00,4.91,4.91,4.91,4.91,800,0
2017-04-13,18:35:00,4.91,4.93,4.91,4.93,600,0
2017-04-13,18:40:00,4.93,4.93,4.93,4.93,658,0
2017-04-13,18:45:00,4.93,4.93,4.9252,4.9252,700,0
2017-04-13,18:50:00,4.93,4.93,4.93,4.93,600,0
2017-04-13,18:55:00,4.93,4.93,4.925,4.925,400,0
2017-04-13,19:00:00,4.93,4.93,4.92,4.92,1700,0
2017-04-13,19:05:00,4.92,4.92,4.91,4.91,500,0
2017-04-13,19:10:00,4.9,4.9,4.9,4.9,800,0
2017-04-13,19:15:00,4.91,4.91,4.91,4.91,100,0
2017-04-13,19:20:00,4.92,4.92,4.92,4.92,200,0
2017-04-13,19:25:00,4.92,4.92,4.91,4.91,700,0
2017-04-13,19:30:00,4.9084,4.9084,4.9084,4.9084,529,0
2017-04-13,19:40:00,4.91,4.94,4.91,4.93,1500,0
2017-04-13,19:45:00,4.93,4.93,4.86,4.89,6147,0
2017-04-13,19:50:00,4.89,4.89,4.88,4.89,1800,0
2017-04-13,19:55:00,4.89,4.89,4.88,4.88,1497,0
2017-04-13,20:05:00,4.885,4.9,4.885,4.9,800,0
2017-04-13,20:10:00,4.9,4.9,4.9,4.9,200,0
2017-04-13,20:15:00,4.91,4.92,4.89,4.89,1312,0
2017-04-13,20:20:00,4.9,4.9,4.8901,4.9,431,0
2017-04-13,20:25:00,4.91,4.92,4.91,4.92,1200,0
2017-04-13,20:30:00,4.91,4.91,4.91,4.91,100,0
2017-04-13,20:35:00,4.9,4.9,4.9,4.9,100,0
2017-04-13,20:40:00,4.9,4.9,4.9,4.9,100,0
2017-04-13,20:45:00,4.8957,4.8957,4.8957,4.8957,1278,0
2017-04-13,20:55:00,4.8901,4.895,4.8901,4.895,671,0
2017-04-13,21:00:00,4.89,4.92,4.875,4.9194,6485,0
2017-04-13,21:05:00,4.9,4.92,4.88,4.89,25128,0
2017-04-13,21:10:00,4.89,4.93,4.88,4.91,30073,0
2017-04-13,21:15:00,4.91,4.91,4.91,4.91,200,0
2017-04-13,21:20:00,4.909,4.909,4.89,4.89,2200,0
2017-04-13,21:25:00,4.89,4.895,4.89,4.89,1453,0
2017-04-13,21:30:00,4.895,4.92,4.895,4.91,2700,0
2017-04-13,21:35:00,4.9,4.9,4.9,4.9,2077,0
2017-04-13,21:40:00,4.9,4.9,4.89,4.89,600,0
2017-04-13,21:45:00,4.9,4.9,4.89,4.89,1371,0
2017-04-13,21:50:00,4.9,4.9,4.89,4.89,1200,0
2017-04-13,21:55:00,4.89,4.97,4.88,4.91,77859,0
2017-04-13,22:00:00,4.91,4.96,4.9,4.9,70468,0
2017-04-17,15:35:00,4.91,5.01,4.91,5.01,4589,0
2017-04-17,15:40:00,5.02,5.04,5.02,5.03,500,0
2017-04-17,15:45:00,5.08,5.12,4.99,5.12,4100,0
2017-04-17,15:50:00,5.04,5.04,4.9601,4.99,2500,0
2017-04-17,15:55:00,5.01,5.05,5.01,5.05,1400,0
2017-04-17,16:00:00,5.07,5.08,5.02,5.08,1400,0
2017-04-17,16:05:00,5.1,5.1,5.04,5.07,2000,0
2017-04-17,16:10:00,5.06,5.1,5.02,5.085,14100,0
2017-04-17,16:15:00,5.06,5.08,5.04,5.07,2300,0
2017-04-17,16:20:00,5.05,5.07,5.05,5.07,1100,0
2017-04-17,16:25:00,5.08,5.08,5.05,5.065,2800,0
2017-04-17,16:30:00,5.08,5.08,5.04,5.04,2607,0
2017-04-17,16:35:00,5.04,5.06,5.03,5.03,2900,0
2017-04-17,16:40:00,5.05,5.07,5.05,5.06,1500,0
2017-04-17,16:45:00,5.04,5.04,4.99,4.99,6500,0
2017-04-17,16:50:00,4.98,4.98,4.96,4.96,1500,0
2017-04-17,16:55:00,4.96,4.975,4.92,4.92,3267,0
2017-04-17,17:00:00,4.92,4.92,4.9,4.91,700,0
2017-04-17,17:05:00,4.92,4.92,4.91,4.91,1900,0
2017-04-17,17:10:00,4.93,4.94,4.92,4.93,5263,0
2017-04-17,17:15:00,4.93,4.93,4.9,4.9,3500,0
2017-04-17,17:20:00,4.9,4.9,4.8996,4.9,800,0
2017-04-17,17:25:00,4.89,4.89,4.88,4.89,1560,0
2017-04-17,17:30:00,4.89,4.89,4.89,4.89,100,0
2017-04-17,17:35:00,4.88,4.89,4.88,4.89,700,0
2017-04-17,17:40:00,4.88,4.91,4.88,4.91,600,0
2017-04-17,17:45:00,4.9,4.9,4.9,4.9,400,0
2017-04-17,17:50:00,4.88,4.88,4.88,4.88,100,0
2017-04-17,17:55:00,4.89,4.89,4.89,4.89,100,0
2017-04-17,18:00:00,4.88,4.88,4.86,4.87,1100,0
2017-04-17,18:05:00,4.86,4.86,4.85,4.85,300,0
2017-04-17,18:10:00,4.83,4.83,4.83,4.83,300,0
2017-04-17,18:15:00,4.83,4.83,4.82,4.82,1600,0
2017-04-17,18:25:00,4.81,4.82,4.81,4.81,900,0
2017-04-17,18:30:00,4.81,4.81,4.79,4.8,1090,0
2017-04-17,18:35:00,4.805,4.805,4.805,4.805,200,0
2017-04-17,18:40:00,4.805,4.805,4.805,4.805,200,0
2017-04-17,18:45:00,4.81,4.82,4.81,4.82,800,0
2017-04-17,18:50:00,4.83,4.83,4.82,4.82,200,0
2017-04-17,18:55:00,4.82,4.82,4.81,4.81,400,0
2017-04-17,19:00:00,4.81,4.815,4.81,4.815,300,0
2017-04-17,19:05:00,4.82,4.82,4.815,4.82,300,0
2017-04-17,19:10:00,4.82,4.82,4.82,4.82,800,0
2017-04-17,19:20:00,4.82,4.83,4.82,4.82,817,0
2017-04-17,19:25:00,4.82,4.82,4.8,4.8,1657,0
2017-04-17,19:30:00,4.8,4.81,4.8,4.81,1100,0
2017-04-17,19:35:00,4.81,4.82,4.81,4.82,700,0
2017-04-17,19:40:00,4.82,4.84,4.82,4.84,2700,0
2017-04-17,19:50:00,4.83,4.83,4.82,4.83,800,0
2017-04-17,19:55:00,4.82,4.82,4.82,4.82,100,0
2017-04-17,20:00:00,4.83,4.85,4.83,4.85,2600,0
2017-04-17,20:10:00,4.86,4.86,4.86,4.86,300,0
2017-04-17,20:15:00,4.85,4.85,4.85,4.85,100,0
2017-04-17,20:20:00,4.85,4.85,4.84,4.84,1390,0
2017-04-17,20:25:00,4.83,4.84,4.825,4.835,1617,0
2017-04-17,20:30:00,4.84,4.84,4.84,4.84,100,0
2017-04-17,20:35:00,4.83,4.84,4.83,4.84,1500,0
2017-04-17,20:40:00,4.845,4.85,4.845,4.85,800,0
2017-04-17,20:50:00,4.85,4.85,4.84,4.84,1900,0
2017-04-17,20:55:00,4.85,4.85,4.84,4.845,400,0
2017-04-17,21:00:00,4.85,4.85,4.85,4.85,800,0
2017-04-17,21:10:00,4.84,4.86,4.84,4.86,2726,0
2017-04-17,21:15:00,4.87,4.87,4.865,4.865,500,0
2017-04-17,21:20:00,4.88,4.88,4.87,4.87,300,0
2017-04-17,21:25:00,4.88,4.91,4.875,4.9,4900,0
2017-04-17,21:30:00,4.9042,4.915,4.9042,4.915,1218,0
2017-04-17,21:35:00,4.92,4.92,4.91,4.91,3600,0
2017-04-17,21:40:00,4.9,4.9,4.89,4.895,3540,0
2017-04-17,21:45:00,4.89,4.93,4.89,4.915,7400,0
2017-04-17,21:50:00,4.92,4.95,4.92,4.95,7477,0
2017-04-17,21:55:00,4.94,5,4.93,4.98,20651,0
2017-04-17,22:00:00,4.975,5,4.965,4.97,26006,0
2017-04-18,15:35:00,4.93,4.93,4.92,4.92,600,0
2017-04-18,15:40:00,4.93,4.93,4.9,4.9228,520,0
2017-04-18,15:45:00,4.91,4.91,4.89,4.9,1000,0
2017-04-18,15:50:00,4.9,4.9,4.88,4.882,1800,0
2017-04-18,16:00:00,4.89,4.89,4.89,4.89,200,0
2017-04-18,16:10:00,4.9,4.905,4.9,4.905,2300,0
2017-04-18,16:15:00,4.9,4.9,4.89,4.89,1563,0
2017-04-18,16:20:00,4.895,4.895,4.895,4.895,100,0
2017-04-18,16:25:00,4.9,4.9,4.9,4.9,400,0
2017-04-18,16:35:00,4.93,4.93,4.93,4.93,1000,0
2017-04-18,16:45:00,4.95,4.95,4.95,4.95,600,0
2017-04-18,16:50:00,4.95,4.95,4.95,4.95,200,0
2017-04-18,16:55:00,4.94,4.94,4.92,4.92,1200,0
2017-04-18,17:00:00,4.9086,4.9086,4.9086,4.9086,400,0
2017-04-18,17:05:00,4.91,4.91,4.895,4.895,1100,0
2017-04-18,17:10:00,4.89,4.91,4.885,4.91,2287,0
2017-04-18,17:15:00,4.91,4.91,4.9,4.9,700,0
2017-04-18,17:20:00,4.91,4.91,4.9,4.9,500,0
2017-04-18,17:25:00,4.895,4.895,4.895,4.895,1300,0
2017-04-18,17:30:00,4.9,4.94,4.9,4.94,900,0
2017-04-18,17:35:00,4.9332,4.9332,4.92,4.92,879,0
2017-04-18,17:40:00,4.92,4.92,4.9,4.9,600,0
2017-04-18,17:45:00,4.91,4.91,4.91,4.91,100,0
2017-04-18,17:50:00,4.895,4.895,4.895,4.895,200,0
2017-04-18,17:55:00,4.9,4.915,4.9,4.915,1100,0
2017-04-18,18:00:00,4.91,4.91,4.9,4.91,800,0
2017-04-18,18:05:00,4.9,4.9,4.9,4.9,3539,0
2017-04-18,18:10:00,4.9,4.9,4.9,4.9,100,0
2017-04-18,18:15:00,4.9,4.9,4.9,4.9,200,0
2017-04-18,18:20:00,4.9,4.9,4.9,4.9,100,0
2017-04-18,18:25:00,4.91,4.9299,4.91,4.9299,1314,0
2017-04-18,18:30:00,4.92,4.92,4.92,4.92,200,0
2017-04-18,18:40:00,4.92,4.93,4.92,4.93,900,0
2017-04-18,18:45:00,4.92,4.92,4.92,4.92,400,0
2017-04-18,18:50:00,4.92,4.92,4.91,4.91,300,0
2017-04-18,18:55:00,4.92,4.92,4.92,4.92,600,0
2017-04-18,19:00:00,4.93,4.93,4.93,4.93,541,0
2017-04-18,19:05:00,4.901,4.901,4.901,4.901,106,0
2017-04-18,19:10:00,4.925,4.93,4.925,4.93,300,0
2017-04-18,19:20:00,4.94,4.94,4.93,4.93,3000,0
2017-04-18,19:25:00,4.921,4.921,4.9,4.9,4100,0
2017-04-18,19:30:00,4.91,4.94,4.905,4.925,11899,0
2017-04-18,19:35:00,4.94,4.94,4.92,4.92,200,0
2017-04-18,19:40:00,4.94,4.97,4.935,4.97,948,0
2017-04-18,19:50:00,4.97,4.97,4.97,4.97,100,0
2017-04-18,19:55:00,4.97,4.97,4.97,4.97,400,0
2017-04-18,20:00:00,4.99,4.99,4.98,4.98,200,0
2017-04-18,20:05:00,4.99,5.03,4.99,5.01,1570,0
2017-04-18,20:10:00,5,5,4.99,4.99,300,0
2017-04-18,20:15:00,4.97,4.97,4.97,4.97,100,0
2017-04-18,20:20:00,4.975,4.975,4.975,4.975,100,0
2017-04-18,20:25:00,4.98,4.99,4.98,4.99,500,0
2017-04-18,20:30:00,4.98,4.98,4.965,4.965,823,0
2017-04-18,20:35:00,4.97,4.975,4.97,4.97,400,0
2017-04-18,20:40:00,4.97,4.97,4.965,4.968,950,0
2017-04-18,20:45:00,4.96,4.96,4.955,4.955,300,0
2017-04-18,20:50:00,4.95,4.965,4.945,4.965,900,0
2017-04-18,21:00:00,4.965,4.965,4.94,4.94,1100,0
2017-04-18,21:05:00,4.945,4.945,4.945,4.945,100,0
2017-04-18,21:10:00,4.95,4.96,4.95,4.96,800,0
2017-04-18,21:15:00,4.96,4.97,4.96,4.97,400,0
2017-04-18,21:20:00,4.97,4.97,4.96,4.96,400,0
2017-04-18,21:25:00,4.96,4.97,4.96,4.97,1100,0
2017-04-18,21:30:00,4.97,4.99,4.97,4.98,1900,0
2017-04-18,21:35:00,4.99,5,4.985,4.995,1594,0
2017-04-18,21:40:00,4.99,5.01,4.99,5,1700,0
2017-04-18,21:45:00,5.01,5.025,4.98,4.98,12724,0
2017-04-18,21:50:00,4.98,5.01,4.98,5.005,1850,0
2017-04-18,21:55:00,5.01,5.01,4.99,5,16900,0
2017-04-18,22:00:00,5,5.01,4.98,4.99,31662,0
2017-04-19,15:35:00,5.04,5.04,5.04,5.04,480,0
2017-04-19,15:40:00,5.05,5.05,5.05,5.05,100,0
2017-04-19,15:45:00,5.0376,5.04,5.0376,5.04,2700,0
2017-04-19,15:50:00,5.06,5.06,5.0035,5.035,2900,0
2017-04-19,16:00:00,5.05,5.08,5.05,5.08,300,0
2017-04-19,16:05:00,5.09,5.09,5.07,5.08,4570,0
2017-04-19,16:10:00,5.07,5.075,5.01,5.01,2751,0
2017-04-19,16:15:00,5.01,5.01,5.01,5.01,1684,0
2017-04-19,16:20:00,5.01,5.03,4.98,4.98,2900,0
2017-04-19,16:25:00,4.97,4.97,4.97,4.97,100,0
2017-04-19,16:30:00,4.97,4.97,4.97,4.97,800,0
2017-04-19,16:35:00,4.99,5.015,4.99,5.015,1300,0
2017-04-19,16:45:00,5.03,5.03,5.03,5.03,100,0
2017-04-19,16:55:00,5.01,5.01,5.01,5.01,400,0
2017-04-19,17:05:00,5.02,5.05,5.02,5.05,1000,0
2017-04-19,17:10:00,5.045,5.045,4.99,4.99,3100,0
2017-04-19,17:15:00,5,5,5,5,300,0
2017-04-19,17:20:00,4.99,4.99,4.99,4.99,200,0
2017-04-19,17:25:00,4.96,4.98,4.96,4.98,1200,0
2017-04-19,17:30:00,5,5,4.995,5,1000,0
2017-04-19,17:35:00,5,5,5,5,200,0
2017-04-19,17:40:00,5,5.02,5,5,1100,0
2017-04-19,17:45:00,5,5,5,5,900,0
2017-04-19,17:50:00,5,5,5,5,600,0
2017-04-19,17:55:00,4.995,4.995,4.995,4.995,100,0
2017-04-19,18:00:00,5,5,5,5,970,0
2017-04-19,18:05:00,4.995,4.995,4.99,4.99,1327,0
2017-04-19,18:10:00,4.99,4.99,4.99,4.99,100,0
2017-04-19,18:15:00,4.97,4.97,4.97,4.97,100,0
2017-04-19,18:25:00,4.99,4.99,4.99,4.99,100,0
2017-04-19,18:30:00,4.97,4.97,4.97,4.97,100,0
2017-04-19,18:50:00,4.97,4.97,4.97,4.97,100,0
2017-04-19,18:55:00,4.97,4.97,4.97,4.97,100,0
2017-04-19,19:00:00,4.975,4.975,4.97,4.97,600,0
2017-04-19,19:05:00,4.98,4.98,4.97,4.97,500,0
2017-04-19,19:10:00,4.97,4.97,4.945,4.945,1100,0
2017-04-19,19:15:00,4.94,4.94,4.94,4.94,600,0
2017-04-19,19:30:00,4.95,4.95,4.95,4.95,101,0
2017-04-19,19:35:00,4.95,4.95,4.94,4.94,300,0
2017-04-19,19:40:00,4.945,4.945,4.945,4.945,300,0
2017-04-19,19:45:00,4.95,4.95,4.945,4.945,300,0
2017-04-19,19:50:00,4.945,4.945,4.945,4.945,100,0
2017-04-19,19:55:00,4.945,4.945,4.935,4.935,400,0
2017-04-19,20:00:00,4.91,4.93,4.91,4.925,800,0
2017-04-19,20:05:00,4.935,4.94,4.935,4.94,3200,0
2017-04-19,20:10:00,4.935,4.935,4.935,4.935,200,0
2017-04-19,20:15:00,4.935,4.94,4.935,4.94,300,0
2017-04-19,20:20:00,4.93,4.93,4.93,4.93,100,0
2017-04-19,20:25:00,4.93,4.93,4.93,4.93,100,0
2017-04-19,20:30:00,4.94,4.94,4.94,4.94,300,0
2017-04-19,20:35:00,4.9543,4.9543,4.9465,4.9465,900,0
2017-04-19,20:45:00,4.95,4.95,4.95,4.95,100,0
2017-04-19,20:50:00,4.95,4.95,4.95,4.95,500,0
2017-04-19,20:55:00,4.94,4.94,4.94,4.94,200,0
2017-04-19,21:05:00,4.94,4.94,4.9075,4.91,2275,0
2017-04-19,21:10:00,4.915,4.915,4.91,4.91,300,0
2017-04-19,21:15:00,4.91,4.91,4.91,4.91,100,0
2017-04-19,21:20:00,4.915,4.92,4.91,4.91,2500,0
2017-04-19,21:25:00,4.92,4.92,4.91,4.92,300,0
2017-04-19,21:30:00,4.92,4.92,4.9,4.9,1400,0
2017-04-19,21:35:00,4.9,4.9,4.89,4.89,1200,0
2017-04-19,21:40:00,4.9,4.905,4.895,4.9,6600,0
2017-04-19,21:45:00,4.895,4.9,4.895,4.9,584,0
2017-04-19,21:50:00,4.9,4.905,4.89,4.905,3973,0
2017-04-19,21:55:00,4.9,4.9,4.86,4.875,16801,0
2017-04-19,22:00:00,4.88,4.88,4.87,4.87,10277,0
2017-04-20,15:35:00,4.94,4.94,4.8,4.8,516,0
2017-04-20,15:40:00,4.91,4.96,4.91,4.96,1100,0
2017-04-20,15:50:00,4.93,4.94,4.93,4.94,200,0
2017-04-20,15:55:00,4.93,4.94,4.88,4.94,500,0
2017-04-20,16:05:00,4.95,4.95,4.95,4.95,100,0
2017-04-20,16:10:00,4.91,4.93,4.91,4.93,600,0
2017-04-20,16:15:00,4.93,4.93,4.93,4.93,300,0
2017-04-20,16:20:00,4.92,4.92,4.9,4.9,600,0
2017-04-20,16:25:00,4.9,4.925,4.9,4.91,800,0
2017-04-20,16:30:00,4.9,4.9,4.9,4.9,583,0
2017-04-20,16:35:00,4.9,4.92,4.895,4.92,1000,0
2017-04-20,16:50:00,4.91,4.91,4.91,4.91,100,0
2017-04-20,16:55:00,4.91,4.92,4.91,4.92,200,0
2017-04-20,17:00:00,4.92,4.92,4.92,4.92,100,0
2017-04-20,17:05:00,4.92,4.93,4.92,4.93,300,0
2017-04-20,17:10:00,4.93,4.93,4.93,4.93,600,0
2017-04-20,17:15:00,4.95,4.98,4.95,4.98,700,0
2017-04-20,17:20:00,4.96,4.96,4.95,4.95,1300,0
2017-04-20,17:25:00,4.94,4.94,4.94,4.94,300,0
2017-04-20,17:30:00,4.94,4.94,4.9,4.92,1520,0
2017-04-20,17:35:00,4.92,4.94,4.92,4.93,3546,0
2017-04-20,17:40:00,4.93,4.93,4.93,4.93,800,0
2017-04-20,17:45:00,4.935,4.935,4.935,4.935,100,0
2017-04-20,17:50:00,4.9338,4.94,4.9338,4.94,800,0
2017-04-20,18:00:00,4.96,4.96,4.92,4.94,8718,0
2017-04-20,18:15:00,4.95,4.95,4.95,4.95,500,0
2017-04-20,18:20:00,4.95,4.95,4.94,4.94,1300,0
2017-04-20,18:25:00,4.94,4.94,4.93,4.93,500,0
2017-04-20,18:30:00,4.93,4.94,4.92,4.92,400,0
2017-04-20,18:45:00,4.94,4.94,4.93,4.93,400,0
2017-04-20,18:50:00,4.935,4.935,4.93,4.93,300,0
2017-04-20,18:55:00,4.94,4.945,4.93,4.94,1500,0
2017-04-20,19:00:00,4.92,4.92,4.92,4.92,200,0
2017-04-20,19:05:00,4.92,4.92,4.92,4.92,100,0
2017-04-20,19:10:00,4.92,4.92,4.91,4.91,400,0
2017-04-20,19:15:00,4.89,4.895,4.89,4.895,200,0
2017-04-20,19:20:00,4.89,4.92,4.89,4.92,1000,0
2017-04-20,19:25:00,4.915,4.915,4.915,4.915,100,0
2017-04-20,19:30:00,4.9,4.93,4.9,4.93,200,0
2017-04-20,19:35:00,4.91,4.92,4.91,4.92,300,0
2017-04-20,19:40:00,4.91,4.91,4.91,4.91,200,0
2017-04-20,19:45:00,4.92,4.92,4.92,4.92,100,0
2017-04-20,19:50:00,4.91,4.91,4.91,4.91,100,0
2017-04-20,19:55:00,4.9,4.92,4.9,4.92,300,0
2017-04-20,20:00:00,4.915,4.915,4.915,4.915,200,0
2017-04-20,20:05:00,4.92,4.93,4.915,4.93,1300,0
2017-04-20,20:10:00,4.92,4.925,4.92,4.925,300,0
2017-04-20,20:15:00,4.9,4.9,4.9,4.9,200,0
2017-04-20,20:20:00,4.91,4.92,4.9,4.9,542,0
2017-04-20,20:25:00,4.9,4.92,4.9,4.92,200,0
2017-04-20,20:30:00,4.9,4.91,4.9,4.91,300,0
2017-04-20,20:35:00,4.9,4.9,4.9,4.9,100,0
2017-04-20,20:40:00,4.9,4.91,4.9,4.91,700,0
2017-04-20,20:45:00,4.91,4.915,4.91,4.915,300,0
2017-04-20,20:50:00,4.915,4.92,4.91,4.915,800,0
2017-04-20,20:55:00,4.92,4.92,4.91,4.915,1564,0
2017-04-20,21:00:00,4.9107,4.915,4.88,4.885,3518,0
2017-04-20,21:05:00,4.88,4.885,4.87,4.87,1500,0
2017-04-20,21:10:00,4.871,4.89,4.87,4.89,2121,0
2017-04-20,21:15:00,4.89,4.91,4.88,4.89,900,0
2017-04-20,21:20:00,4.9,4.9,4.89,4.89,200,0
2017-04-20,21:25:00,4.91,4.935,4.9,4.9007,14258,0
2017-04-20,21:30:00,4.905,4.93,4.905,4.92,6300,0
2017-04-20,21:35:00,4.92,4.925,4.91,4.925,1402,0
2017-04-20,21:40:00,4.93,4.93,4.925,4.925,611,0
2017-04-20,21:45:00,4.93,4.96,4.925,4.96,2000,0
2017-04-20,21:50:00,4.96,4.97,4.96,4.97,1400,0
2017-04-20,21:55:00,4.97,4.97,4.96,4.96,4400,0
2017-04-20,22:00:00,4.96,4.97,4.96,4.96,12741,0
2017-04-21,15:35:00,4.93,4.93,4.87,4.87,15299,0
2017-04-21,15:40:00,4.9,4.94,4.9,4.94,5158,0
2017-04-21,15:45:00,4.92,4.98,4.92,4.96,1905,0
2017-04-21,15:50:00,4.955,4.955,4.93,4.93,1032,0
2017-04-21,15:55:00,4.93,4.93,4.92,4.93,900,0
2017-04-21,16:00:00,4.91,4.93,4.91,4.92,400,0
2017-04-21,16:05:00,4.93,4.94,4.93,4.93,900,0
2017-04-21,16:15:00,4.91,4.91,4.91,4.91,400,0
2017-04-21,16:20:00,4.89,4.92,4.89,4.92,1500,0
2017-04-21,16:25:00,4.93,4.93,4.91,4.91,400,0
2017-04-21,16:30:00,4.91,4.91,4.91,4.91,200,0
2017-04-21,16:40:00,4.93,4.93,4.93,4.93,100,0
2017-04-21,16:45:00,4.92,4.92,4.88,4.88,1850,0
2017-04-21,16:50:00,4.88,4.89,4.88,4.89,200,0
2017-04-21,16:55:00,4.89,4.89,4.85,4.85,2835,0
2017-04-21,17:00:00,4.85,4.86,4.85,4.86,700,0
2017-04-21,17:05:00,4.86,4.86,4.81,4.83,6300,0
2017-04-21,17:10:00,4.83,4.83,4.8,4.82,1800,0
2017-04-21,17:15:00,4.8,4.82,4.8,4.8,600,0
2017-04-21,17:20:00,4.8,4.83,4.8,4.83,2100,0
2017-04-21,17:25:00,4.84,4.84,4.82,4.83,11100,0
2017-04-21,17:30:00,4.84,4.84,4.82,4.84,1000,0
2017-04-21,17:35:00,4.84,4.84,4.82,4.84,1200,0
2017-04-21,17:40:00,4.84,4.87,4.82,4.86,2202,0
2017-04-21,17:45:00,4.87,4.92,4.87,4.91,9344,0
2017-04-21,17:50:00,4.92,4.94,4.92,4.94,1012,0
2017-04-21,17:55:00,4.94,4.94,4.92,4.94,900,0
2017-04-21,18:00:00,4.94,4.96,4.94,4.96,1798,0
2017-04-21,18:05:00,4.95,4.95,4.92,4.94,800,0
2017-04-21,18:10:00,4.94,4.94,4.92,4.92,600,0
2017-04-21,18:15:00,4.92,4.92,4.9,4.91,788,0
2017-04-21,18:20:00,4.91,4.91,4.9,4.9,800,0
2017-04-21,18:25:00,4.9,4.92,4.9,4.92,1300,0
2017-04-21,18:30:00,4.92,4.92,4.91,4.91,600,0
2017-04-21,18:35:00,4.92,4.925,4.92,4.92,900,0
2017-04-21,18:40:00,4.93,4.95,4.92,4.93,1319,0
2017-04-21,18:45:00,4.95,4.98,4.95,4.97,600,0
2017-04-21,18:50:00,4.98,4.98,4.93,4.93,7938,0
2017-04-21,18:55:00,4.94,4.94,4.93,4.94,500,0
2017-04-21,19:00:00,4.94,4.96,4.93,4.96,600,0
2017-04-21,19:05:00,4.96,4.96,4.955,4.96,700,0
2017-04-21,19:10:00,4.96,4.96,4.955,4.955,800,0
2017-04-21,19:15:00,4.955,4.955,4.935,4.94,1756,0
2017-04-21,19:20:00,4.96,4.96,4.94,4.955,700,0
2017-04-21,19:25:00,4.955,4.98,4.955,4.98,2200,0
2017-04-21,19:30:00,4.98,5.03,4.98,5.02,4874,0
2017-04-21,19:35:00,5.02,5.02,5.01,5.015,1800,0
2017-04-21,19:40:00,5.01,5.01,4.97,4.97,3700,0
2017-04-21,19:45:00,4.97,4.975,4.97,4.975,1512,0
2017-04-21,19:50:00,4.98,5,4.98,5,2643,0
2017-04-21,19:55:00,4.99,5,4.98,5,1037,0
2017-04-21,20:00:00,5,5.03,5,5.03,1200,0
2017-04-21,20:05:00,5.03,5.03,5.011,5.03,2314,0
2017-04-21,20:10:00,5.03,5.03,5.02,5.03,900,0
2017-04-21,20:15:00,5.03,5.04,5.02,5.03,4829,0
2017-04-21,20:20:00,5.03,5.03,5.03,5.03,1767,0
2017-04-21,20:25:00,5.03,5.04,5.03,5.04,3733,0
2017-04-21,20:30:00,5.03,5.04,5.03,5.03,9100,0
2017-04-21,20:35:00,5.03,5.035,5.02,5.02,2600,0
2017-04-21,20:40:00,5.02,5.02,5.01,5.01,500,0
2017-04-21,20:45:00,5.01,5.01,4.98,4.98,2300,0
2017-04-21,20:50:00,4.98,4.98,4.96,4.97,1400,0
2017-04-21,20:55:00,4.96,4.97,4.955,4.955,1400,0
2017-04-21,21:00:00,4.96,4.99,4.96,4.99,2296,0
2017-04-21,21:05:00,4.98,4.99,4.975,4.99,1400,0
2017-04-21,21:10:00,4.99,4.99,4.985,4.99,700,0
2017-04-21,21:15:00,4.99,4.99,4.98,4.99,1991,0
2017-04-21,21:20:00,4.98,4.99,4.96,4.9638,2043,0
2017-04-21,21:25:00,4.965,4.97,4.96,4.965,1900,0
2017-04-21,21:30:00,4.965,5.01,4.965,5,4338,0
2017-04-21,21:35:00,5,5,4.98,4.98,2100,0
2017-04-21,21:40:00,4.98,4.985,4.97,4.98,3400,0
2017-04-21,21:45:00,4.98,4.98,4.96,4.96,4156,0
2017-04-21,21:50:00,4.96,4.97,4.96,4.96,2909,0
2017-04-21,21:55:00,4.97,4.97,4.94,4.945,13260,0
2017-04-21,22:00:00,4.945,4.95,4.92,4.93,28836,0
2017-04-24,15:35:00,5.08,5.08,5.08,5.08,1158,0
2017-04-24,15:40:00,5.06,5.06,4.99,5.0114,18214,0
2017-04-24,15:45:00,5.04,5.06,5.02,5.05,2100,0
2017-04-24,15:50:00,5.05,5.06,5.03,5.06,700,0
2017-04-24,15:55:00,5.06,5.08,5,5,4500,0
2017-04-24,16:00:00,5.05,5.05,4.99,4.99,2500,0
2017-04-24,16:05:00,5.01,5.01,5,5,300,0
2017-04-24,16:10:00,4.99,5.1,4.99,5.08,2300,0
2017-04-24,16:20:00,5.07,5.07,5,5,9918,0
2017-04-24,16:25:00,5.01,5.01,5.01,5.01,100,0
2017-04-24,16:30:00,5.01,5.01,5.01,5.01,100,0
2017-04-24,16:35:00,5.04,5.04,5.025,5.025,500,0
2017-04-24,16:40:00,5.01,5.025,5.01,5.025,200,0
2017-04-24,16:45:00,5.04,5.05,5.04,5.05,1200,0
2017-04-24,16:50:00,5.05,5.05,5.04,5.05,3325,0
2017-04-24,16:55:00,5.04,5.06,5.04,5.06,1647,0
2017-04-24,17:00:00,5.05,5.06,5.05,5.06,500,0
2017-04-24,17:05:00,5.05,5.08,5.05,5.06,1100,0
2017-04-24,17:10:00,5.07,5.07,5.06,5.07,303,0
2017-04-24,17:15:00,5.06,5.07,5.05,5.07,400,0
2017-04-24,17:20:00,5.06,5.06,5.06,5.06,300,0
2017-04-24,17:25:00,5.07,5.075,5.06,5.06,700,0
2017-04-24,17:30:00,5.06,5.06,5.02,5.02,3600,0
2017-04-24,17:35:00,5.04,5.04,5.03,5.03,200,0
2017-04-24,17:40:00,5.04,5.05,5.03,5.03,3700,0
2017-04-24,17:45:00,5.06,5.06,5.06,5.06,300,0
2017-04-24,17:50:00,5.05,5.05,5.045,5.05,2678,0
2017-04-24,17:55:00,5.05,5.07,5.05,5.06,2955,0
2017-04-24,18:00:00,5.08,5.08,5.04,5.04,5626,0
2017-04-24,18:05:00,5.06,5.06,5.04,5.04,200,0
2017-04-24,18:10:00,5.06,5.07,5.06,5.06,600,0
2017-04-24,18:15:00,5.07,5.07,5.07,5.07,100,0
2017-04-24,18:20:00,5.06,5.07,5.06,5.06,1200,0
2017-04-24,18:25:00,5.065,5.07,5.06,5.07,500,0
2017-04-24,18:30:00,5.0558,5.0558,5.0558,5.0558,800,0
2017-04-24,18:35:00,5.07,5.07,5.05,5.05,200,0
2017-04-24,18:40:00,5.06,5.07,5.06,5.07,400,0
2017-04-24,18:45:00,5.06,5.08,5.06,5.08,700,0
2017-04-24,18:50:00,5.08,5.085,5.06,5.06,2500,0
2017-04-24,18:55:00,5.08,5.08,5.08,5.08,300,0
2017-04-24,19:00:00,5.08,5.08,5.06,5.075,11357,0
2017-04-24,19:05:00,5.08,5.09,5.08,5.08,1600,0
2017-04-24,19:10:00,5.09,5.09,5.08,5.08,400,0
2017-04-24,19:15:00,5.08,5.08,5.07,5.07,600,0
2017-04-24,19:20:00,5.07,5.08,5.07,5.08,400,0
2017-04-24,19:30:00,5.07,5.08,5.07,5.07,2506,0
2017-04-24,19:35:00,5.08,5.08,5.07,5.07,3996,0
2017-04-24,19:40:00,5.07,5.08,5.07,5.07,626,0
2017-04-24,19:45:00,5.07,5.07,5.05,5.05,3900,0
2017-04-24,19:50:00,5.06,5.07,5.06,5.06,1900,0
2017-04-24,19:55:00,5.06,5.06,5.06,5.06,200,0
2017-04-24,20:00:00,5.0565,5.064,5.05,5.06,656,0
2017-04-24,20:05:00,5.05,5.06,5.05,5.055,800,0
2017-04-24,20:10:00,5.05,5.06,5.05,5.06,800,0
2017-04-24,20:15:00,5.05,5.06,5.05,5.06,200,0
2017-04-24,20:20:00,5.06,5.06,5.06,5.06,1692,0
2017-04-24,20:25:00,5.05,5.07,5.05,5.05,2300,0
2017-04-24,20:30:00,5.05,5.05,5.05,5.05,100,0
2017-04-24,20:35:00,5.05,5.05,5.04,5.04,700,0
2017-04-24,20:40:00,5.03,5.05,5.03,5.03,900,0
2017-04-24,20:45:00,5.03,5.04,5.03,5.04,600,0
2017-04-24,20:55:00,5.03,5.03,5,5,915,0
2017-04-24,21:00:00,5.03,5.03,5.02,5.02,900,0
2017-04-24,21:05:00,5.03,5.03,5,5.02,600,0
2017-04-24,21:10:00,5.02,5.04,5.02,5.04,1435,0
2017-04-24,21:15:00,5.04,5.06,5.03,5.06,700,0
2017-04-24,21:20:00,5.03,5.05,5.03,5.03,1400,0
2017-04-24,21:25:00,5.05,5.05,5.03,5.04,1000,0
2017-04-24,21:30:00,5.04,5.05,5.03,5.04,2700,0
2017-04-24,21:35:00,5.05,5.05,5.04,5.05,1200,0
2017-04-24,21:40:00,5.04,5.05,5.03,5.05,1831,0
2017-04-24,21:45:00,5.06,5.06,5.025,5.025,7500,0
2017-04-24,21:50:00,5.03,5.03,5,5.02,3021,0
2017-04-24,21:55:00,5.02,5.02,5.01,5.01,2400,0
2017-04-24,22:00:00,5.01,5.015,4.995,5,24198,0
2017-04-25,15:35:00,5.06,5.08,5.01,5.04,1151,0
2017-04-25,15:40:00,5.05,5.1,5.05,5.1,500,0
2017-04-25,15:45:00,5.09,5.09,5.06,5.07,600,0
2017-04-25,15:50:00,5.08,5.105,5.08,5.1,6000,0
2017-04-25,15:55:00,5.1,5.1,5.09,5.09,1620,0
2017-04-25,16:00:00,5.09,5.11,5.07,5.095,4300,0
2017-04-25,16:05:00,5.1,5.1,5.1,5.1,300,0
2017-04-25,16:10:00,5.09,5.1,5.08,5.1,3800,0
2017-04-25,16:15:00,5.095,5.1,5.08,5.09,800,0
2017-04-25,16:20:00,5.08,5.08,5.07,5.07,800,0
2017-04-25,16:25:00,5.07,5.085,5.04,5.05,29054,0
2017-04-25,16:30:00,5.05,5.07,5.045,5.05,4500,0
2017-04-25,16:35:00,5.05,5.05,5.045,5.0475,1700,0
2017-04-25,16:40:00,5.05,5.055,5.04,5.055,700,0
2017-04-25,16:45:00,5.04,5.07,5.04,5.05,1900,0
2017-04-25,16:50:00,5.04,5.04,5.04,5.04,200,0
2017-04-25,16:55:00,5.055,5.055,5.04,5.04,200,0
2017-04-25,17:00:00,5.0538,5.07,5.05,5.06,1300,0
2017-04-25,17:05:00,5.07,5.08,5.06,5.07,1700,0
2017-04-25,17:10:00,5.08,5.09,5.07,5.08,1000,0
2017-04-25,17:15:00,5.08,5.11,5.08,5.095,400,0
2017-04-25,17:20:00,5.095,5.12,5.08,5.12,4000,0
2017-04-25,17:25:00,5.105,5.105,5.08,5.08,9735,0
2017-04-25,17:30:00,5.08,5.09,5.08,5.09,200,0
2017-04-25,17:35:00,5.08,5.08,5.08,5.08,100,0
2017-04-25,17:40:00,5.09,5.11,5.09,5.1,700,0
2017-04-25,17:45:00,5.1,5.11,5.09,5.1,500,0
2017-04-25,17:50:00,5.09,5.09,5.08,5.09,1100,0
2017-04-25,17:55:00,5.09,5.1,5.08,5.08,1000,0
2017-04-25,18:00:00,5.09,5.09,5.08,5.08,500,0
2017-04-25,18:05:00,5.08,5.09,5.08,5.08,600,0
2017-04-25,18:10:00,5.07,5.08,5.07,5.07,2000,0
2017-04-25,18:15:00,5.07,5.08,5.06,5.0675,1500,0
2017-04-25,18:20:00,5.07,5.08,5.06,5.06,3308,0
2017-04-25,18:25:00,5.08,5.08,5.04,5.04,4100,0
2017-04-25,18:30:00,5.05,5.05,5.04,5.04,200,0
2017-04-25,18:35:00,5.06,5.06,5.03,5.035,800,0
2017-04-25,18:40:00,5.02,5.0328,5.02,5.03,562,0
2017-04-25,18:45:00,5.04,5.05,5.03,5.04,2100,0
2017-04-25,18:50:00,5.04,5.05,5.04,5.05,700,0
2017-04-25,18:55:00,5.05,5.05,5.035,5.035,900,0
2017-04-25,19:00:00,5.03,5.03,5.02,5.02,600,0
2017-04-25,19:05:00,5.02,5.02,5,5.01,3807,0
2017-04-25,19:10:00,5,5.0175,5,5,4500,0
2017-04-25,19:15:00,5,5.01,5,5.01,1900,0
2017-04-25,19:20:00,5.01,5.01,5.005,5.01,1100,0
2017-04-25,19:25:00,5.015,5.02,5.005,5.005,900,0
2017-04-25,19:30:00,5.01,5.02,5,5,400,0
2017-04-25,19:35:00,5.01,5.01,5.01,5.01,300,0
2017-04-25,19:40:00,5.01,5.02,5,5,1900,0
2017-04-25,19:45:00,5.005,5.02,5.005,5.01,798,0
2017-04-25,19:50:00,5.02,5.03,5.01,5.02,600,0
2017-04-25,19:55:00,5.02,5.03,5.01,5.01,600,0
2017-04-25,20:00:00,5.03,5.04,5.01,5.01,9966,0
2017-04-25,20:05:00,5.01,5.02,5.01,5.01,800,0
2017-04-25,20:10:00,5.02,5.03,5.02,5.02,2500,0
2017-04-25,20:15:00,5.03,5.03,5.03,5.03,100,0
2017-04-25,20:20:00,5.02,5.04,5.02,5.03,2100,0
2017-04-25,20:25:00,5.02,5.05,5.01,5.04,3400,0
2017-04-25,20:30:00,5.05,5.05,5.05,5.05,200,0
2017-04-25,20:35:00,5.04,5.05,5.03,5.03,900,0
2017-04-25,20:40:00,5.05,5.08,5.04,5.08,25955,0
2017-04-25,20:45:00,5.065,5.07,5.065,5.07,1000,0
2017-04-25,20:50:00,5.06,5.08,5.06,5.07,400,0
2017-04-25,20:55:00,5.08,5.08,5.06,5.065,1500,0
2017-04-25,21:00:00,5.06,5.06,5.055,5.06,800,0
2017-04-25,21:05:00,5.07,5.07,5.06,5.06,400,0
2017-04-25,21:10:00,5.07,5.09,5.07,5.09,1300,0
2017-04-25,21:15:00,5.09,5.09,5.07,5.075,1300,0
2017-04-25,21:20:00,5.07,5.07,5.04,5.04,3900,0
2017-04-25,21:25:00,5.04,5.045,5.04,5.045,800,0
2017-04-25,21:30:00,5.045,5.045,5.01,5.01,4700,0
2017-04-25,21:35:00,5.02,5.04,5.01,5.02,3000,0
2017-04-25,21:40:00,5.03,5.03,5,5,3900,0
2017-04-25,21:45:00,5.01,5.02,4.99,4.99,11198,0
2017-04-25,21:50:00,4.99,5.02,4.97,5,16600,0
2017-04-25,21:55:00,4.99,5.015,4.99,5.005,10030,0
2017-04-25,22:00:00,5,5.01,4.98,5,45195,0
2017-04-26,15:35:00,5,5.08,5,5.04,569,0
2017-04-26,15:40:00,5.03,5.1,5.03,5.1,1540,0
2017-04-26,15:45:00,5.07,5.07,5.06,5.07,300,0
2017-04-26,15:50:00,5.07,5.1,5.07,5.09,1157,0
2017-04-26,15:55:00,5.0901,5.1,5.06,5.1,3600,0
2017-04-26,16:10:00,5.09,5.09,5.09,5.09,600,0
2017-04-26,16:15:00,5.095,5.1,5.07,5.08,4900,0
2017-04-26,16:20:00,5.08,5.08,5.06,5.08,900,0
2017-04-26,16:25:00,5.07,5.07,5.05,5.06,2100,0
2017-04-26,16:30:00,5.07,5.09,5.07,5.09,1600,0
2017-04-26,16:35:00,5.085,5.085,5.085,5.085,100,0
2017-04-26,16:40:00,5.08,5.09,5.06,5.07,2000,0
2017-04-26,16:45:00,5.08,5.1,5.08,5.1,1000,0
2017-04-26,16:50:00,5.095,5.095,5.08,5.09,600,0
2017-04-26,16:55:00,5.09,5.12,5.09,5.105,4151,0
2017-04-26,17:00:00,5.13,5.13,5.1,5.1,600,0
2017-04-26,17:05:00,5.1,5.13,5.1,5.1,2475,0
2017-04-26,17:10:00,5.1,5.1,5.09,5.1,1100,0
2017-04-26,17:15:00,5.09,5.11,5.09,5.11,1751,0
2017-04-26,17:20:00,5.11,5.11,5.09,5.1,2300,0
2017-04-26,17:25:00,5.1,5.11,5.09,5.09,3900,0
2017-04-26,17:30:00,5.1,5.11,5.08,5.1,4533,0
2017-04-26,17:35:00,5.1,5.1,5.09,5.1,1575,0
2017-04-26,17:40:00,5.105,5.12,5.1,5.1,1652,0
2017-04-26,17:45:00,5.1,5.1,5.1,5.1,1300,0
2017-04-26,17:50:00,5.09,5.1,5.09,5.1,400,0
2017-04-26,17:55:00,5.1,5.11,5.09,5.1,800,0
2017-04-26,18:00:00,5.11,5.11,5.1,5.1,500,0
2017-04-26,18:05:00,5.1,5.11,5.1,5.1,2200,0
2017-04-26,18:10:00,5.1,5.11,5.1,5.1,500,0
2017-04-26,18:15:00,5.105,5.11,5.1,5.11,2000,0
2017-04-26,18:20:00,5.12,5.12,5.1,5.11,1412,0
2017-04-26,18:25:00,5.12,5.13,5.12,5.13,400,0
2017-04-26,18:30:00,5.13,5.14,5.12,5.12,6293,0
2017-04-26,18:35:00,5.13,5.13,5.12,5.13,1309,0
2017-04-26,18:40:00,5.14,5.15,5.13,5.14,2830,0
2017-04-26,18:45:00,5.15,5.15,5.14,5.14,4600,0
2017-04-26,18:50:00,5.13,5.14,5.13,5.13,900,0
2017-04-26,18:55:00,5.14,5.15,5.14,5.145,2376,0
2017-04-26,19:00:00,5.15,5.17,5.14,5.155,4874,0
2017-04-26,19:05:00,5.14,5.14,5.14,5.14,200,0
2017-04-26,19:10:00,5.17,5.17,5.14,5.14,1700,0
2017-04-26,19:15:00,5.15,5.16,5.15,5.16,400,0
2017-04-26,19:20:00,5.17,5.17,5.17,5.17,100,0
2017-04-26,19:25:00,5.16,5.1678,5.15,5.16,4854,0
2017-04-26,19:30:00,5.1699,5.1699,5.1699,5.1699,100,0
2017-04-26,19:35:00,5.165,5.165,5.16,5.16,200,0
2017-04-26,19:40:00,5.17,5.19,5.17,5.18,6693,0
2017-04-26,19:45:00,5.18,5.18,5.16,5.18,1500,0
2017-04-26,19:50:00,5.17,5.1899,5.14,5.14,3154,0
2017-04-26,19:55:00,5.155,5.16,5.15,5.15,1100,0
2017-04-26,20:00:00,5.15,5.15,5.14,5.14,1100,0
2017-04-26,20:10:00,5.12,5.13,5.1,5.11,9945,0
2017-04-26,20:15:00,5.1299,5.13,5.11,5.13,500,0
2017-04-26,20:20:00,5.13,5.1424,5.13,5.14,1474,0
2017-04-26,20:25:00,5.13,5.16,5.13,5.14,1288,0
2017-04-26,20:30:00,5.18,5.19,5.17,5.18,1775,0
2017-04-26,20:35:00,5.19,5.19,5.18,5.18,4000,0
2017-04-26,20:40:00,5.2,5.2,5.18,5.18,2536,0
2017-04-26,20:45:00,5.19,5.1999,5.19,5.19,900,0
2017-04-26,20:50:00,5.2,5.21,5.19,5.19,2200,0
2017-04-26,20:55:00,5.19,5.2,5.18,5.19,1800,0
2017-04-26,21:00:00,5.19,5.195,5.18,5.19,2300,0
2017-04-26,21:05:00,5.19,5.195,5.18,5.19,2700,0
2017-04-26,21:10:00,5.18,5.18,5.18,5.18,100,0
2017-04-26,21:15:00,5.19,5.21,5.19,5.2,7854,0
2017-04-26,21:20:00,5.2,5.21,5.2,5.21,300,0
2017-04-26,21:25:00,5.22,5.22,5.19,5.195,1300,0
2017-04-26,21:30:00,5.19,5.195,5.18,5.19,4600,0
2017-04-26,21:35:00,5.1897,5.21,5.1897,5.21,1801,0
2017-04-26,21:40:00,5.21,5.21,5.19,5.2,2600,0
2017-04-26,21:45:00,5.21,5.21,5.2,5.21,5486,0
2017-04-26,21:50:00,5.2,5.21,5.2,5.2,4801,0
2017-04-26,21:55:00,5.2099,5.21,5.2,5.21,7000,0
2017-04-26,22:00:00,5.21,5.22,5.2,5.21,27164,0
