Date,Time,Open,High,Low,Close,Volume,OpenInt
2017-04-07,15:35:00,35.38,35.5976,35.37,35.37,954,0
2017-04-07,15:40:00,35.4,35.41,35.31,35.41,1000,0
2017-04-07,15:45:00,35.4,35.45,35.295,35.295,1000,0
2017-04-07,15:50:00,35.415,35.67,35.275,35.67,800,0
2017-04-07,15:55:00,35.35,35.55,35.3,35.3,2400,0
2017-04-07,16:00:00,35.315,35.5,35.29,35.33,5900,0
2017-04-07,16:05:00,35.27,35.415,35.22,35.41,2000,0
2017-04-07,16:10:00,35.275,35.4,35.23,35.365,1628,0
2017-04-07,16:15:00,35.38,35.42,35.26,35.42,900,0
2017-04-07,16:20:00,35.41,35.46,35.41,35.46,200,0
2017-04-07,16:25:00,35.44,35.44,35.295,35.34,1400,0
2017-04-07,16:30:00,35.4,35.55,35.37,35.455,35200,0
2017-04-07,16:35:00,35.44,35.44,35.41,35.41,400,0
2017-04-07,16:40:00,35.43,35.74,35.43,35.74,700,0
2017-04-07,16:45:00,35.74,35.74,35.38,35.49,2399,0
2017-04-07,16:50:00,35.52,35.52,35.46,35.46,500,0
2017-04-07,16:55:00,35.445,35.48,35.42,35.48,500,0
2017-04-07,17:00:00,35.49,35.49,35.49,35.49,200,0
2017-04-07,17:05:00,35.53,35.53,35.44,35.47,1791,0
2017-04-07,17:10:00,35.48,35.48,35.33,35.33,700,0
2017-04-07,17:15:00,35.35,35.44,35.35,35.42,1200,0
2017-04-07,17:20:00,35.38,35.41,35.36,35.41,800,0
2017-04-07,17:25:00,35.41,35.495,35.29,35.42,2500,0
2017-04-07,17:30:00,35.3,35.4,35.3,35.312,1325,0
2017-04-07,17:35:00,35.285,35.43,35.285,35.3725,1800,0
2017-04-07,17:40:00,35.4,35.42,35.295,35.42,1982,0
2017-04-07,17:45:00,35.44,35.46,35.4,35.4,1000,0
2017-04-07,17:50:00,35.35,35.41,35.35,35.41,1060,0
2017-04-07,17:55:00,35.46,35.51,35.36,35.475,1400,0
2017-04-07,18:00:00,35.4,35.4,35.34,35.4,1800,0
2017-04-07,18:05:00,35.45,35.45,35.42,35.42,300,0
2017-04-07,18:10:00,35.42,35.42,35.4,35.42,1000,0
2017-04-07,18:15:00,35.45,35.45,35.42,35.42,500,0
2017-04-07,18:20:00,35.41,35.41,35.3,35.36,500,0
2017-04-07,18:25:00,35.33,35.4,35.255,35.4,1400,0
2017-04-07,18:30:00,35.26,35.4,35.26,35.4,300,0
2017-04-07,18:35:00,35.38,35.45,35.38,35.45,700,0
2017-04-07,18:40:00,35.43,35.43,35.38,35.38,1300,0
2017-04-07,18:45:00,35.42,35.45,35.41,35.45,311,0
2017-04-07,18:50:00,35.44,35.46,35.44,35.46,300,0
2017-04-07,18:55:00,35.48,35.48,35.48,35.48,200,0
2017-04-07,19:00:00,35.48,35.55,35.48,35.55,800,0
2017-04-07,19:05:00,35.59,35.63,35.58,35.6175,700,0
2017-04-07,19:15:00,35.69,35.71,35.65,35.65,1100,0
2017-04-07,19:20:00,35.6,35.6,35.6,35.6,100,0
2017-04-07,19:25:00,35.58,35.58,35.58,35.58,300,0
2017-04-07,19:30:00,35.48,35.48,35.44,35.44,300,0
2017-04-07,19:35:00,35.54,35.54,35.54,35.54,300,0
2017-04-07,19:40:00,35.65,35.65,35.57,35.57,300,0
2017-04-07,19:45:00,35.85,35.85,35.64,35.64,200,0
2017-04-07,19:50:00,35.61,35.74,35.575,35.575,1300,0
2017-04-07,19:55:00,35.53,35.53,35.53,35.53,100,0
2017-04-07,20:00:00,35.6,35.63,35.6,35.63,577,0
2017-04-07,20:05:00,35.57,35.68,35.57,35.65,600,0
2017-04-07,20:10:00,35.73,35.76,35.68,35.75,1100,0
2017-04-07,20:20:00,35.75,35.75,35.7,35.7,1000,0
2017-04-07,20:25:00,35.83,35.83,35.83,35.83,100,0
2017-04-07,20:30:00,35.865,35.865,35.77,35.77,1000,0
2017-04-07,20:35:00,35.75,35.89,35.62,35.85,4800,0
2017-04-07,20:40:00,35.84,35.84,35.84,35.84,100,0
2017-04-07,20:45:00,35.85,35.85,35.84,35.85,2109,0
2017-04-07,20:50:00,35.84,35.91,35.835,35.835,1500,0
2017-04-07,20:55:00,35.85,35.87,35.832,35.86,1900,0
2017-04-07,21:00:00,35.85,35.85,35.85,35.85,1700,0
2017-04-07,21:05:00,35.96,35.96,35.88,35.88,200,0
2017-04-07,21:10:00,35.97,35.97,35.97,35.97,200,0
2017-04-07,21:15:00,35.98,36.02,35.98,35.98,500,0
2017-04-07,21:20:00,36.17,36.17,36.03,36.11,300,0
2017-04-07,21:25:00,36.04,36.1,36.03,36.09,500,0
2017-04-07,21:30:00,36.1,36.1,35.94,35.9999,1100,0
2017-04-07,21:35:00,35.92,35.99,35.92,35.99,1900,0
2017-04-07,21:40:00,36.06,36.16,36.06,36.16,1600,0
2017-04-07,21:45:00,36.19,36.21,36.13,36.14,2683,0
2017-04-07,21:50:00,36.05,36.06,36.01,36.05,2000,0
2017-04-07,21:55:00,36.05,36.21,36.05,36.16,8875,0
2017-04-07,22:00:00,36.15,36.31,36.1,36.31,33248,0
2017-04-10,15:35:00,36.61,36.7,36.61,36.7,2091,0
2017-04-10,15:40:00,36.62,36.69,36.62,36.69,400,0
2017-04-10,15:45:00,36.75,36.75,36.72,36.72,400,0
2017-04-10,15:50:00,36.84,36.84,36.71,36.71,200,0
2017-04-10,15:55:00,36.68,36.68,36.545,36.545,200,0
2017-04-10,16:00:00,36.55,36.605,36.55,36.605,200,0
2017-04-10,16:05:00,36.64,36.64,36.52,36.52,200,0
2017-04-10,16:10:00,36.67,36.67,36.67,36.67,100,0
2017-04-10,16:15:00,36.61,36.61,36.46,36.525,1800,0
2017-04-10,16:25:00,36.53,36.85,36.53,36.85,1047,0
2017-04-10,16:30:00,36.765,36.7999,36.69,36.755,1155,0
2017-04-10,16:35:00,36.755,36.85,36.755,36.85,850,0
2017-04-10,16:40:00,36.84,36.87,36.7,36.7,1363,0
2017-04-10,16:45:00,36.7,36.725,36.7,36.725,200,0
2017-04-10,16:55:00,36.76,36.83,36.76,36.83,300,0
2017-04-10,17:00:00,36.79,36.81,36.74,36.74,2100,0
2017-04-10,17:05:00,36.72,36.85,36.72,36.74,1800,0
2017-04-10,17:10:00,36.79,36.79,36.71,36.725,500,0
2017-04-10,17:15:00,36.765,36.84,36.765,36.84,200,0
2017-04-10,17:20:00,36.74,36.91,36.73,36.91,1700,0
2017-04-10,17:25:00,36.96,37.03,36.92,37.03,1540,0
2017-04-10,17:30:00,36.89,37,36.89,36.95,2410,0
2017-04-10,17:35:00,36.82,36.88,36.74,36.74,1400,0
2017-04-10,17:40:00,36.82,36.85,36.7,36.85,900,0
2017-04-10,17:45:00,36.74,36.82,36.66,36.75,1800,0
2017-04-10,17:50:00,36.84,36.84,36.84,36.84,100,0
2017-04-10,17:55:00,36.805,36.92,36.805,36.9,2200,0
2017-04-10,18:00:00,36.8,36.865,36.7,36.7,1543,0
2017-04-10,18:05:00,36.77,36.91,36.7,36.86,2100,0
2017-04-10,18:10:00,36.88,36.88,36.73,36.73,1175,0
2017-04-10,18:15:00,36.64,36.72,36.57,36.57,1000,0
2017-04-10,18:25:00,36.61,36.61,36.55,36.56,400,0
2017-04-10,18:30:00,36.515,36.515,36.46,36.495,400,0
2017-04-10,18:35:00,36.51,36.52,36.51,36.52,400,0
2017-04-10,18:40:00,36.57,36.59,36.54,36.59,300,0
2017-04-10,18:45:00,36.545,36.64,36.545,36.61,900,0
2017-04-10,18:50:00,36.64,36.72,36.64,36.72,300,0
2017-04-10,18:55:00,36.73,36.73,36.73,36.73,138,0
2017-04-10,19:00:00,36.67,36.68,36.61,36.68,400,0
2017-04-10,19:05:00,36.68,36.68,36.625,36.625,300,0
2017-04-10,19:10:00,36.63,36.68,36.6,36.625,500,0
2017-04-10,19:15:00,36.66,36.69,36.64,36.69,459,0
2017-04-10,19:20:00,36.69,36.69,36.69,36.69,157,0
2017-04-10,19:25:00,36.625,36.67,36.54,36.67,1800,0
2017-04-10,19:30:00,36.71,36.87,36.71,36.87,700,0
2017-04-10,19:35:00,36.815,36.86,36.815,36.86,332,0
2017-04-10,19:40:00,36.81,36.86,36.81,36.86,400,0
2017-04-10,19:45:00,36.9,36.9,36.9,36.9,200,0
2017-04-10,19:50:00,36.9,36.9,36.9,36.9,100,0
2017-04-10,19:55:00,36.84,36.88,36.77,36.88,1000,0
2017-04-10,20:00:00,36.9,36.91,36.85,36.91,73000,0
2017-04-10,20:05:00,37.01,37.01,36.82,36.82,1778,0
2017-04-10,20:10:00,36.8,36.9,36.79,36.9,800,0
2017-04-10,20:15:00,36.95,36.95,36.84,36.84,200,0
2017-04-10,20:20:00,36.96,37,36.84,37,600,0
2017-04-10,20:25:00,36.94,36.94,36.85,36.85,300,0
2017-04-10,20:30:00,36.84,36.84,36.835,36.835,400,0
2017-04-10,20:35:00,36.76,36.76,36.7,36.72,1100,0
2017-04-10,20:40:00,36.72,36.73,36.72,36.73,500,0
2017-04-10,20:45:00,36.73,36.73,36.73,36.73,200,0
2017-04-10,20:50:00,36.73,36.74,36.73,36.74,200,0
2017-04-10,20:55:00,36.68,36.81,36.67,36.81,5000,0
2017-04-10,21:00:00,36.85,36.89,36.76,36.86,1400,0
2017-04-10,21:05:00,36.9,36.9,36.805,36.9,300,0
2017-04-10,21:10:00,36.7648,36.84,36.76,36.84,400,0
2017-04-10,21:20:00,36.73,36.86,36.69,36.76,1991,0
2017-04-10,21:25:00,36.73,36.85,36.73,36.85,1769,0
2017-04-10,21:30:00,36.85,36.87,36.8,36.86,1400,0
2017-04-10,21:35:00,36.86,36.89,36.825,36.88,1200,0
2017-04-10,21:40:00,36.79,36.86,36.79,36.85,1803,0
2017-04-10,21:45:00,36.86,36.86,36.79,36.86,1597,0
2017-04-10,21:50:00,36.86,37,36.8,36.8,3005,0
2017-04-10,21:55:00,36.89,36.89,36.815,36.89,1500,0
2017-04-10,22:00:00,36.875,36.94,36.83,36.89,26979,0
2017-04-11,15:35:00,36.79,37,36.79,37,1441,0
2017-04-11,15:40:00,36.99,37,36.99,37,300,0
2017-04-11,15:45:00,36.94,36.94,36.86,36.86,300,0
2017-04-11,15:50:00,37.1,37.1,37.1,37.1,100,0
2017-04-11,15:55:00,36.85,37.12,36.85,37.12,300,0
2017-04-11,16:00:00,37.11,37.11,36.97,36.97,400,0
2017-04-11,16:05:00,36.91,36.91,36.91,36.91,100,0
2017-04-11,16:10:00,37.08,37.08,37.05,37.07,872,0
2017-04-11,16:15:00,37.07,37.07,37.07,37.07,100,0
2017-04-11,16:20:00,37.14,37.14,37.1,37.1,400,0
2017-04-11,16:25:00,37.17,37.17,37,37.06,1300,0
2017-04-11,16:30:00,37.14,37.14,37.14,37.14,100,0
2017-04-11,16:35:00,37,37.02,36.96,37,1400,0
2017-04-11,16:40:00,37.13,37.13,36.99,37.01,1595,0
2017-04-11,16:45:00,36.98,37,36.98,37,200,0
2017-04-11,16:50:00,36.87,36.93,36.87,36.93,400,0
2017-04-11,16:55:00,37,37.03,36.87,36.93,1123,0
2017-04-11,17:00:00,36.98,36.98,36.91,36.97,900,0
2017-04-11,17:05:00,36.94,37.02,36.94,37.02,500,0
2017-04-11,17:10:00,36.94,37.02,36.94,36.98,400,0
2017-04-11,17:15:00,36.87,36.92,36.87,36.88,500,0
2017-04-11,17:20:00,36.91,36.94,36.83,36.94,1200,0
2017-04-11,17:25:00,36.856,36.856,36.856,36.856,2000,0
2017-04-11,17:30:00,36.92,36.92,36.845,36.88,1300,0
2017-04-11,17:35:00,36.91,37.04,36.91,36.95,1971,0
2017-04-11,17:40:00,36.96,36.96,36.96,36.96,100,0
2017-04-11,17:45:00,36.85,36.96,36.85,36.86,400,0
2017-04-11,17:50:00,36.86,37.01,36.84,36.84,900,0
2017-04-11,17:55:00,36.87,37,36.87,36.91,900,0
2017-04-11,18:00:00,36.9075,37.01,36.9,37.01,18000,0
2017-04-11,18:05:00,37.01,37.01,36.95,36.98,15703,0
2017-04-11,18:10:00,36.83,36.83,36.76,36.76,200,0
2017-04-11,18:15:00,36.8,36.89,36.79,36.85,2900,0
2017-04-11,18:20:00,36.85,36.85,36.65,36.73,3400,0
2017-04-11,18:25:00,36.68,36.9,36.68,36.77,11505,0
2017-04-11,18:30:00,36.705,36.705,36.53,36.63,900,0
2017-04-11,18:35:00,36.69,36.78,36.69,36.74,2200,0
2017-04-11,18:40:00,36.77,36.77,36.61,36.61,500,0
2017-04-11,18:45:00,36.68,36.68,36.59,36.59,300,0
2017-04-11,18:50:00,36.57,36.66,36.55,36.65,600,0
2017-04-11,18:55:00,36.64,36.64,36.6,36.64,400,0
2017-04-11,19:00:00,36.55,36.63,36.55,36.5625,700,0
2017-04-11,19:05:00,36.64,36.65,36.56,36.63,1300,0
2017-04-11,19:10:00,36.66,36.71,36.6,36.71,1000,0
2017-04-11,19:15:00,36.57,36.615,36.49,36.59,12100,0
2017-04-11,19:20:00,36.64,36.84,36.64,36.775,10800,0
2017-04-11,19:25:00,36.72,36.87,36.72,36.84,1900,0
2017-04-11,19:30:00,36.81,36.93,36.8,36.82,11200,0
2017-04-11,19:35:00,36.8,36.83,36.8,36.83,2430,0
2017-04-11,19:40:00,36.83,36.86,36.83,36.86,800,0
2017-04-11,19:45:00,36.83,36.83,36.83,36.83,100,0
2017-04-11,19:55:00,36.9,36.92,36.8,36.9,3034,0
2017-04-11,20:00:00,36.9,36.945,36.88,36.9,1500,0
2017-04-11,20:05:00,36.99,36.99,36.9,36.9,1128,0
2017-04-11,20:10:00,36.9,36.98,36.9,36.9,1400,0
2017-04-11,20:15:00,36.9,36.9,36.85,36.885,3500,0
2017-04-11,20:20:00,36.85,36.92,36.85,36.92,600,0
2017-04-11,20:25:00,36.86,37,36.86,36.97,9403,0
2017-04-11,20:30:00,37,37.14,37,37.09,800,0
2017-04-11,20:35:00,37.25,37.25,37.25,37.25,100,0
2017-04-11,20:40:00,37.29,37.38,37.29,37.3,10156,0
2017-04-11,20:45:00,37.275,37.275,37.275,37.275,100,0
2017-04-11,20:50:00,37.19,37.19,37.18,37.18,300,0
2017-04-11,20:55:00,37.22,37.2575,37.16,37.255,3023,0
2017-04-11,21:00:00,37.29,37.29,37.255,37.255,10300,0
2017-04-11,21:05:00,37.255,37.26,37.19,37.24,19573,0
2017-04-11,21:10:00,37.24,37.3,37.24,37.3,2862,0
2017-04-11,21:15:00,37.3,37.38,37.3,37.32,14899,0
2017-04-11,21:20:00,37.33,37.35,37.285,37.35,3900,0
2017-04-11,21:25:00,37.314,37.48,37.27,37.42,6179,0
2017-04-11,21:30:00,37.46,37.5,37.44,37.4601,12480,0
2017-04-11,21:35:00,37.46,37.49,37.4,37.4,5596,0
2017-04-11,21:40:00,37.4,37.49,37.33,37.49,4400,0
2017-04-11,21:45:00,37.42,37.5,37.33,37.402,6605,0
2017-04-11,21:50:00,37.35,37.553,37.35,37.553,5404,0
2017-04-11,21:55:00,37.5,37.58,37.49,37.54,6148,0
2017-04-11,22:00:00,37.57,37.75,37.54,37.73,43830,0
2017-04-12,15:35:00,37.72,37.72,37.5,37.5,2910,0
2017-04-12,15:40:00,37.55,37.61,37.33,37.61,2300,0
2017-04-12,15:45:00,37.66,37.86,37.66,37.78,6980,0
2017-04-12,15:50:00,37.66,37.79,37.6,37.6,943,0
2017-04-12,15:55:00,37.54,37.8,37.54,37.8,45600,0
2017-04-12,16:00:00,37.7104,37.7104,37.64,37.64,400,0
2017-04-12,16:05:00,37.67,37.67,37.64,37.64,1200,0
2017-04-12,16:10:00,37.651,37.83,37.651,37.7281,3106,0
2017-04-12,16:15:00,37.72,37.72,37.56,37.56,4425,0
2017-04-12,16:20:00,37.6,37.6,37.56,37.6,1000,0
2017-04-12,16:40:00,37.39,37.39,37.39,37.39,100,0
2017-04-12,16:45:00,37.37,37.37,37.11,37.11,600,0
2017-04-12,16:50:00,36.95,37.1,36.93,37.1,800,0
2017-04-12,16:55:00,37.09,37.145,36.9998,36.9998,800,0
2017-04-12,17:05:00,37.03,37.24,37.03,37.21,1400,0
2017-04-12,17:10:00,37.175,37.175,37.1,37.14,730,0
2017-04-12,17:15:00,37.145,37.23,37.14,37.23,400,0
2017-04-12,17:20:00,37.19,37.19,37.12,37.17,1100,0
2017-04-12,17:25:00,37.14,37.14,37.02,37.08,400,0
2017-04-12,17:30:00,37.06,37.12,37.05,37.12,1000,0
2017-04-12,17:35:00,37.18,37.2,37.18,37.2,233,0
2017-04-12,17:40:00,37.14,37.14,36.99,36.99,300,0
2017-04-12,17:45:00,37.13,37.13,37.07,37.07,500,0
2017-04-12,17:50:00,37.02,37.21,36.92,37.21,7840,0
2017-04-12,17:55:00,37.2,37.23,36.95,37.06,10150,0
2017-04-12,18:00:00,37.03,37.17,37,37.14,10797,0
2017-04-12,18:05:00,37.31,37.33,37.2,37.28,3100,0
2017-04-12,18:15:00,37.34,37.36,37.21,37.21,400,0
2017-04-12,18:20:00,37.175,37.34,37.175,37.34,600,0
2017-04-12,18:25:00,37.2,37.235,37.11,37.135,2100,0
2017-04-12,18:30:00,37.125,37.37,37.125,37.37,1600,0
2017-04-12,18:35:00,37.25,37.34,37.25,37.315,2500,0
2017-04-12,18:40:00,37.28,37.42,37.27,37.42,3600,0
2017-04-12,18:45:00,37.35,37.54,37.35,37.53,3861,0
2017-04-12,18:50:00,37.43,37.43,37.43,37.43,100,0
2017-04-12,18:55:00,37.44,37.44,37.28,37.29,586,0
2017-04-12,19:00:00,37.32,37.57,37.245,37.57,1294,0
2017-04-12,19:05:00,37.34,37.48,37.34,37.39,56300,0
2017-04-12,19:10:00,37.335,37.335,37.335,37.335,100,0
2017-04-12,19:15:00,37.35,37.35,37.33,37.33,200,0
2017-04-12,19:20:00,37.31,37.31,37.3,37.31,300,0
2017-04-12,19:25:00,37.265,37.265,37.265,37.265,100,0
2017-04-12,19:35:00,37.25,37.31,37.19,37.31,500,0
2017-04-12,19:40:00,37.24,37.3,37.24,37.3,1300,0
2017-04-12,19:45:00,37.17,37.215,37.17,37.215,200,0
2017-04-12,19:50:00,37.22,37.39,37.22,37.39,800,0
2017-04-12,19:55:00,37.26,37.325,37.26,37.325,300,0
2017-04-12,20:00:00,37.335,37.53,37.335,37.53,900,0
2017-04-12,20:05:00,37.375,37.375,37.375,37.375,100,0
2017-04-12,20:10:00,37.4,37.44,37.4,37.44,500,0
2017-04-12,20:15:00,37.37,37.38,37.37,37.38,200,0
2017-04-12,20:20:00,37.42,37.43,37.42,37.43,200,0
2017-04-12,20:25:00,37.45,37.45,37.45,37.45,100,0
2017-04-12,20:30:00,37.43,37.43,37.365,37.365,200,0
2017-04-12,20:35:00,37.46,37.5,37.45,37.5,600,0
2017-04-12,20:50:00,37.39,37.435,37.39,37.435,300,0
2017-04-12,20:55:00,37.39,37.5,37.39,37.49,1000,0
2017-04-12,21:00:00,37.54,37.54,37.48,37.48,1100,0
2017-04-12,21:05:00,37.455,37.55,37.455,37.458,600,0
2017-04-12,21:10:00,37.458,37.54,37.458,37.465,1670,0
2017-04-12,21:15:00,37.51,37.51,37.51,37.51,400,0
2017-04-12,21:20:00,37.45,37.455,37.34,37.345,1100,0
2017-04-12,21:25:00,37.345,37.46,37.345,37.45,1600,0
2017-04-12,21:30:00,37.3425,37.4,37.321,37.331,581,0
2017-04-12,21:35:00,37.32,37.39,37.32,37.38,1000,0
2017-04-12,21:40:00,37.36,37.36,37.27,37.3,2100,0
2017-04-12,21:45:00,37.35,37.355,37.26,37.3,8650,0
2017-04-12,21:50:00,37.32,37.33,37.26,37.26,3446,0
2017-04-12,21:55:00,37.28,37.4,37.28,37.38,3700,0
2017-04-12,22:00:00,37.39,37.43,37.34,37.35,29922,0
2017-04-13,15:35:00,37.21,37.21,36.64,36.935,896,0
2017-04-13,15:40:00,36.94,37.09,36.93,37.09,741,0
2017-04-13,15:50:00,37.08,37.22,36.97,37.01,2300,0
2017-04-13,15:55:00,37.27,37.35,37.27,37.3,1000,0
2017-04-13,16:05:00,37.315,37.47,37.315,37.47,400,0
2017-04-13,16:10:00,37.34,37.48,37.34,37.48,400,0
2017-04-13,16:20:00,37.64,37.81,37.51,37.7451,7063,0
2017-04-13,16:25:00,37.67,37.795,37.67,37.795,800,0
2017-04-13,16:30:00,37.815,37.9,37.65,37.86,6844,0
2017-04-13,16:35:00,37.86,38.1,37.815,38.09,19293,0
2017-04-13,16:40:00,38.0602,38.25,38.02,38.24,19073,0
2017-04-13,16:45:00,38.25,38.25,37.98,38.21,2939,0
2017-04-13,16:50:00,38.2,38.47,38.175,38.175,17082,0
2017-04-13,16:55:00,38.25,38.38,38.23,38.38,3744,0
2017-04-13,17:00:00,38.25,38.35,38.25,38.35,757,0
2017-04-13,17:05:00,38.32,38.44,38.23,38.23,1700,0
2017-04-13,17:10:00,38.265,38.31,38.16,38.25,2741,0
2017-04-13,17:15:00,38.27,38.31,38.07,38.1,2823,0
2017-04-13,17:20:00,38.1,38.15,37.97,38.15,1820,0
2017-04-13,17:25:00,38.1,38.15,38.05,38.05,2200,0
2017-04-13,17:30:00,38.07,38.15,38.05,38.05,1300,0
2017-04-13,17:35:00,38.05,38.05,38.03,38.03,400,0
2017-04-13,17:40:00,38.05,38.07,38,38.07,900,0
2017-04-13,17:45:00,38.01,38.0296,37.67,37.98,9800,0
2017-04-13,17:50:00,37.87,37.87,37.78,37.78,200,0
2017-04-13,17:55:00,37.77,37.85,37.73,37.85,2059,0
2017-04-13,18:00:00,37.85,37.85,37.67,37.85,2100,0
2017-04-13,18:05:00,37.84,37.84,37.84,37.84,200,0
2017-04-13,18:10:00,37.67,37.84,37.63,37.74,77645,0
2017-04-13,18:15:00,37.74,37.8,37.7389,37.8,1800,0
2017-04-13,18:20:00,37.85,37.86,37.8,37.85,1000,0
2017-04-13,18:25:00,37.89,37.89,37.82,37.82,1801,0
2017-04-13,18:30:00,37.79,37.79,37.79,37.79,100,0
2017-04-13,18:40:00,37.88,37.95,37.88,37.89,900,0
2017-04-13,18:45:00,37.95,37.95,37.87,37.87,400,0
2017-04-13,18:50:00,37.95,38.1,37.95,38.1,1497,0
2017-04-13,18:55:00,38.11,38.2,38.02,38.2,800,0
2017-04-13,19:00:00,38.19,38.3,38.09,38.3,1100,0
2017-04-13,19:05:00,38.32,38.32,38.19,38.25,2700,0
2017-04-13,19:10:00,38.1891,38.3,38.185,38.3,1085,0
2017-04-13,19:15:00,38.35,38.35,38.35,38.35,349,0
2017-04-13,19:20:00,38.39,38.51,38.39,38.5,2101,0
2017-04-13,19:30:00,38.478,38.58,38.46,38.5,2400,0
2017-04-13,19:35:00,38.53,38.53,38.53,38.53,400,0
2017-04-13,19:40:00,38.53,38.53,38.46,38.46,1200,0
2017-04-13,19:45:00,38.53,38.585,38.39,38.39,1400,0
2017-04-13,19:50:00,38.26,38.32,38.25,38.27,2200,0
2017-04-13,19:55:00,38.22,38.28,38.19,38.19,1800,0
2017-04-13,20:00:00,38.24,38.24,38.23,38.23,200,0
2017-04-13,20:05:00,38.18,38.24,38.18,38.24,600,0
2017-04-13,20:10:00,38.25,38.28,38.25,38.28,2300,0
2017-04-13,20:15:00,38.29,38.29,38.29,38.29,600,0
2017-04-13,20:20:00,38.26,38.27,38.25,38.27,600,0
2017-04-13,20:25:00,38.27,38.33,38.27,38.28,1200,0
2017-04-13,20:30:00,38.29,38.33,38.29,38.305,2401,0
2017-04-13,20:35:00,38.29,38.305,38.28,38.28,1900,0
2017-04-13,20:40:00,38.29,38.33,38.29,38.295,2973,0
2017-04-13,20:45:00,38.3,38.33,38.23,38.28,5228,0
2017-04-13,20:50:00,38.145,38.19,38.145,38.19,200,0
2017-04-13,20:55:00,38.16,38.16,38.14,38.14,900,0
2017-04-13,21:00:00,38.12,38.12,37.97,38.05,1584,0
2017-04-13,21:05:00,37.99,38.05,37.99,38.05,300,0
2017-04-13,21:10:00,38.005,38.07,38.005,38.07,800,0
2017-04-13,21:15:00,38.1,38.1,38.01,38.01,300,0
2017-04-13,21:20:00,38.07,38.09,38.05,38.05,600,0
2017-04-13,21:25:00,38.01,38.04,38,38.04,1800,0
2017-04-13,21:30:00,38.15,38.15,37.98,37.98,900,0
2017-04-13,21:35:00,37.93,37.93,37.77,37.85,1000,0
2017-04-13,21:40:00,37.76,37.89,37.72,37.83,2120,0
2017-04-13,21:45:00,37.8,37.9,37.68,37.9,25020,0
2017-04-13,21:50:00,37.9,38.03,37.875,38.03,2670,0
2017-04-13,21:55:00,38.01,38.03,37.84,37.92,10167,0
2017-04-13,22:00:00,37.99,37.99,37.8,37.84,34370,0
2017-04-17,15:35:00,37.99,38.17,37.99,38.14,4081,0
2017-04-17,15:40:00,38.0391,38.0391,37.875,37.875,250,0
2017-04-17,15:50:00,37.76,37.76,37.69,37.7,400,0
2017-04-17,15:55:00,37.63,37.73,37.63,37.73,800,0
2017-04-17,16:00:00,37.72,37.73,37.66,37.68,930,0
2017-04-17,16:05:00,37.81,37.81,37.75,37.76,306,0
2017-04-17,16:10:00,37.69,37.77,37.69,37.77,200,0
2017-04-17,16:15:00,37.77,37.79,37.63,37.63,1950,0
2017-04-17,16:20:00,37.67,37.67,37.67,37.67,100,0
2017-04-17,16:25:00,37.66,37.66,37.66,37.66,600,0
2017-04-17,16:30:00,37.6,37.635,37.35,37.6,4507,0
2017-04-17,16:35:00,37.6,37.64,37.55,37.6,800,0
2017-04-17,16:45:00,37.5737,37.5737,37.5737,37.5737,213,0
2017-04-17,16:50:00,37.541,37.585,37.541,37.55,397,0
2017-04-17,16:55:00,37.58,37.63,37.58,37.63,500,0
2017-04-17,17:05:00,37.7,37.8,37.7,37.8,700,0
2017-04-17,17:15:00,37.73,37.73,37.62,37.62,700,0
2017-04-17,17:20:00,37.705,37.8,37.705,37.72,400,0
2017-04-17,17:30:00,37.735,37.85,37.735,37.85,750,0
2017-04-17,17:35:00,37.79,37.82,37.79,37.82,300,0
2017-04-17,17:40:00,37.825,37.85,37.75,37.75,1000,0
2017-04-17,17:45:00,37.75,37.77,37.75,37.77,262,0
2017-04-17,17:50:00,37.73,37.73,37.73,37.73,100,0
2017-04-17,17:55:00,37.77,37.79,37.73,37.73,500,0
2017-04-17,18:00:00,37.635,37.7,37.63,37.63,300,0
2017-04-17,18:10:00,37.8,37.8,37.69,37.69,600,0
2017-04-17,18:15:00,37.6,37.6,37.46,37.46,600,0
2017-04-17,18:20:00,37.46,37.63,37.45,37.63,1800,0
2017-04-17,18:30:00,37.61,37.61,37.51,37.58,1000,0
2017-04-17,18:35:00,37.6,37.6,37.6,37.6,100,0
2017-04-17,18:40:00,37.6,37.63,37.6,37.6,600,0
2017-04-17,18:50:00,37.63,37.64,37.445,37.55,1788,0
2017-04-17,18:55:00,37.68,37.68,37.68,37.68,100,0
2017-04-17,19:00:00,37.6488,37.6488,37.6488,37.6488,265,0
2017-04-17,19:05:00,37.59,37.65,37.58,37.65,300,0
2017-04-17,19:20:00,37.6,37.62,37.56,37.6,600,0
2017-04-17,19:25:00,37.62,37.62,37.49,37.59,2100,0
2017-04-17,19:30:00,37.59,37.6,37.59,37.6,1150,0
2017-04-17,19:35:00,37.58,37.63,37.58,37.63,406,0
2017-04-17,19:40:00,37.62,37.63,37.6,37.63,900,0
2017-04-17,19:45:00,37.65,37.65,37.65,37.65,100,0
2017-04-17,19:50:00,37.69,37.69,37.53,37.53,700,0
2017-04-17,19:55:00,37.61,37.62,37.56,37.62,400,0
2017-04-17,20:00:00,37.64,37.64,37.57,37.6,2300,0
2017-04-17,20:05:00,37.66,37.68,37.66,37.68,200,0
2017-04-17,20:10:00,37.68,37.69,37.68,37.69,500,0
2017-04-17,20:15:00,37.75,37.75,37.75,37.75,600,0
2017-04-17,20:30:00,37.735,37.735,37.63,37.63,700,0
2017-04-17,20:35:00,37.7,37.7,37.7,37.7,400,0
2017-04-17,20:40:00,37.71,37.71,37.71,37.71,100,0
2017-04-17,20:45:00,37.66,37.69,37.65,37.69,1795,0
2017-04-17,20:50:00,37.69,37.69,37.69,37.69,300,0
2017-04-17,20:55:00,37.7,37.7,37.7,37.7,100,0
2017-04-17,21:00:00,37.69,37.69,37.69,37.69,1000,0
2017-04-17,21:05:00,37.67,37.695,37.67,37.695,200,0
2017-04-17,21:10:00,37.72,37.72,37.59,37.59,4044,0
2017-04-17,21:15:00,37.6,37.62,37.59,37.6,3700,0
2017-04-17,21:20:00,37.6,37.66,37.6,37.64,3874,0
2017-04-17,21:25:00,37.615,37.615,37.615,37.615,100,0
2017-04-17,21:30:00,37.65,37.69,37.61,37.67,4700,0
2017-04-17,21:35:00,37.63,37.63,37.625,37.625,400,0
2017-04-17,21:40:00,37.625,37.71,37.625,37.66,2541,0
2017-04-17,21:45:00,37.65,37.66,37.48,37.53,2654,0
2017-04-17,21:50:00,37.445,37.69,37.43,37.575,3600,0
2017-04-17,21:55:00,37.6,37.66,37.53,37.66,3838,0
2017-04-17,22:00:00,37.62,37.71,37.6,37.65,19137,0
2017-04-18,15:35:00,37.49,37.49,37,37.31,2120,0
2017-04-18,15:40:00,37.3,37.425,37.26,37.425,700,0
2017-04-18,15:45:00,37.31,37.36,37.23,37.24,1770,0
2017-04-18,15:50:00,37.35,37.45,37.335,37.45,1700,0
2017-04-18,15:55:00,37.395,37.5,37.28,37.5,1667,0
2017-04-18,16:00:00,37.31,37.44,37.31,37.44,500,0
2017-04-18,16:05:00,37.3,37.3,37.24,37.25,400,0
2017-04-18,16:10:00,37.3,37.3,37.24,37.24,400,0
2017-04-18,16:15:00,37.31,37.31,37.135,37.14,1350,0
2017-04-18,16:20:00,37.1,37.16,36.98,37,5725,0
2017-04-18,16:25:00,37.0188,37.07,37.0188,37.07,1500,0
2017-04-18,16:30:00,37.09,37.11,37.01,37.11,60900,0
2017-04-18,16:35:00,37.11,37.11,37.08,37.08,500,0
2017-04-18,16:40:00,37.09,37.15,36.96,37.1,7571,0
2017-04-18,16:45:00,37.06,37.14,37.06,37.1,500,0
2017-04-18,16:50:00,36.96,37.05,36.94,37.05,5504,0
2017-04-18,16:55:00,37.05,37.15,37,37.15,3600,0
2017-04-18,17:00:00,37.15,37.17,37.12,37.12,1615,0
2017-04-18,17:05:00,37.15,37.15,37.125,37.125,900,0
2017-04-18,17:10:00,37.1,37.13,37.09,37.104,4821,0
2017-04-18,17:15:00,37.17,37.17,37.08,37.08,500,0
2017-04-18,17:20:00,37.15,37.15,37.14,37.15,700,0
2017-04-18,17:25:00,37.11,37.11,37.09,37.09,600,0
2017-04-18,17:30:00,37.115,37.18,37.115,37.14,982,0
2017-04-18,17:35:00,37.12,37.12,37.06,37.06,300,0
2017-04-18,17:40:00,37.1,37.16,37.09,37.09,432,0
2017-04-18,17:45:00,37.05,37.1,37,37.1,3991,0
2017-04-18,17:50:00,37.09,37.14,37.06,37.1,2400,0
2017-04-18,17:55:00,37.08,37.08,37.08,37.08,300,0
2017-04-18,18:00:00,37.06,37.15,37.06,37.15,2300,0
2017-04-18,18:05:00,37.06,37.16,37.03,37.16,2300,0
2017-04-18,18:10:00,37.13,37.13,37.02,37.05,1314,0
2017-04-18,18:15:00,37.02,37.08,37.02,37.08,1204,0
2017-04-18,18:20:00,37.11,37.11,37.11,37.11,100,0
2017-04-18,18:25:00,37.05,37.07,37.02,37.07,1300,0
2017-04-18,18:30:00,37.02,37.12,37.02,37.12,2000,0
2017-04-18,18:35:00,37.09,37.17,37.09,37.17,600,0
2017-04-18,18:40:00,37.08,37.08,37.08,37.08,200,0
2017-04-18,18:45:00,37.075,37.11,37.07,37.11,300,0
2017-04-18,18:50:00,37.07,37.11,37.07,37.11,700,0
2017-04-18,18:55:00,37.12,37.14,37.1,37.1,500,0
2017-04-18,19:00:00,37.11,37.11,37.09,37.11,1300,0
2017-04-18,19:05:00,37.07,37.12,37.04,37.12,1400,0
2017-04-18,19:10:00,37.12,37.12,37.07,37.1,1000,0
2017-04-18,19:15:00,37.11,37.135,37.11,37.135,2600,0
2017-04-18,19:25:00,37.16,37.23,37.09,37.215,2600,0
2017-04-18,19:30:00,37.215,37.25,37.215,37.25,200,0
2017-04-18,19:35:00,37.27,37.3,37.25,37.25,1300,0
2017-04-18,19:40:00,37.25,37.32,37.19,37.19,61200,0
2017-04-18,19:45:00,37.21,37.21,37.16,37.2,3900,0
2017-04-18,19:50:00,37.205,37.23,37.14,37.22,3390,0
2017-04-18,19:55:00,37.2,37.2,37.2,37.2,800,0
2017-04-18,20:00:00,37.18,37.22,37.18,37.2,700,0
2017-04-18,20:05:00,37.26,37.35,37.2,37.315,3200,0
2017-04-18,20:10:00,37.33,37.37,37.3,37.32,1900,0
2017-04-18,20:20:00,37.35,37.36,37.34,37.36,400,0
2017-04-18,20:25:00,37.37,37.37,37.2,37.23,1200,0
2017-04-18,20:30:00,37.15,37.23,37.13,37.23,700,0
2017-04-18,20:35:00,37.27,37.27,37.25,37.25,200,0
2017-04-18,20:40:00,37.19,37.19,37.19,37.19,200,0
2017-04-18,20:45:00,37.26,37.35,37.225,37.285,4572,0
2017-04-18,20:50:00,37.28,37.36,37.28,37.36,1200,0
2017-04-18,20:55:00,37.41,37.49,37.41,37.49,412,0
2017-04-18,21:00:00,37.49,37.49,37.41,37.41,1700,0
2017-04-18,21:05:00,37.45,37.45,37.232,37.232,2481,0
2017-04-18,21:10:00,37.241,37.241,37.241,37.241,100,0
2017-04-18,21:15:00,37.315,37.33,37.315,37.33,702,0
2017-04-18,21:20:00,37.305,37.34,37.27,37.277,1400,0
2017-04-18,21:25:00,37.286,37.34,37.24,37.34,1200,0
2017-04-18,21:30:00,37.35,37.37,37.31,37.335,1800,0
2017-04-18,21:35:00,37.335,37.41,37.31,37.41,2700,0
2017-04-18,21:40:00,37.44,37.53,37.44,37.53,2700,0
2017-04-18,21:45:00,37.53,37.57,37.51,37.515,2300,0
2017-04-18,21:50:00,37.515,37.59,37.505,37.57,1700,0
2017-04-18,21:55:00,37.6,37.6,37.47,37.47,3545,0
2017-04-18,22:00:00,37.465,37.52,37.41,37.52,22897,0
2017-04-19,15:35:00,37.61,37.625,37.58,37.58,925,0
2017-04-19,15:40:00,37.64,37.7,37.64,37.7,635,0
2017-04-19,15:45:00,37.645,38.2,37.575,38.2,7100,0
2017-04-19,15:50:00,38.04,38.04,37.57,37.98,2706,0
2017-04-19,15:55:00,37.68,37.9,37.64,37.675,900,0
2017-04-19,16:00:00,37.89,37.89,37.89,37.89,100,0
2017-04-19,16:10:00,38,38.21,37.97,38.03,1932,0
2017-04-19,16:15:00,38.01,38.17,37.97,38.03,1100,0
2017-04-19,16:20:00,38.23,38.245,38.1,38.13,500,0
2017-04-19,16:25:00,38.13,38.15,38.05,38.09,1400,0
2017-04-19,16:35:00,38.185,38.185,38.07,38.16,6200,0
2017-04-19,16:40:00,38.16,38.23,38.131,38.131,800,0
2017-04-19,16:45:00,38.16,38.18,38.16,38.18,400,0
2017-04-19,16:50:00,38.15,38.15,37.98,37.99,2400,0
2017-04-19,16:55:00,37.98,38.04,37.93,38.04,1000,0
2017-04-19,17:00:00,37.99,38.09,37.96,38.09,600,0
2017-04-19,17:05:00,38.095,38.16,38.095,38.12,1967,0
2017-04-19,17:10:00,38.04,38.04,37.98,38.02,700,0
2017-04-19,17:15:00,38.03,38.28,38.03,38.225,1400,0
2017-04-19,17:20:00,38.23,38.28,38.22,38.245,1134,0
2017-04-19,17:25:00,38.24,38.245,38.235,38.235,300,0
2017-04-19,17:30:00,38.21,38.34,38.18,38.28,4289,0
2017-04-19,17:35:00,38.34,38.45,38.34,38.445,1200,0
2017-04-19,17:40:00,38.41,38.5,38.41,38.43,1500,0
2017-04-19,17:45:00,38.475,38.475,38.39,38.39,400,0
2017-04-19,17:50:00,38.362,38.363,38.353,38.363,300,0
2017-04-19,17:55:00,38.37,38.375,38.37,38.375,300,0
2017-04-19,18:00:00,38.395,38.5,38.38,38.5,3000,0
2017-04-19,18:05:00,38.58,38.75,38.57,38.72,6825,0
2017-04-19,18:10:00,38.7,38.7,38.47,38.57,1736,0
2017-04-19,18:15:00,38.56,38.56,38.446,38.53,500,0
2017-04-19,18:20:00,38.5,38.5499,38.5,38.5,400,0
2017-04-19,18:25:00,38.5,38.65,38.5,38.615,1273,0
2017-04-19,18:30:00,38.491,38.58,38.48,38.48,538,0
2017-04-19,18:35:00,38.5,38.58,38.5,38.58,694,0
2017-04-19,18:40:00,38.503,38.62,38.503,38.6021,1999,0
2017-04-19,18:45:00,38.605,38.605,38.52,38.52,600,0
2017-04-19,18:50:00,38.51,38.63,38.46,38.63,59699,0
2017-04-19,18:55:00,38.64,38.7,38.57,38.57,900,0
2017-04-19,19:00:00,38.49,38.685,38.49,38.62,3800,0
2017-04-19,19:05:00,38.615,38.83,38.579,38.83,4400,0
2017-04-19,19:10:00,38.83,38.83,38.6,38.6,900,0
2017-04-19,19:15:00,38.77,38.83,38.72,38.72,1381,0
2017-04-19,19:20:00,38.72,38.855,38.72,38.73,500,0
2017-04-19,19:25:00,38.76,38.87,38.76,38.83,3513,0
2017-04-19,19:30:00,38.86,38.86,38.76,38.76,600,0
2017-04-19,19:35:00,38.77,38.78,38.75,38.78,500,0
2017-04-19,19:40:00,38.76,38.76,38.76,38.76,300,0
2017-04-19,19:45:00,38.78,38.88,38.715,38.715,2700,0
2017-04-19,19:50:00,38.75,38.78,38.7,38.7,500,0
2017-04-19,19:55:00,38.78,38.8,38.68,38.68,1000,0
2017-04-19,20:00:00,38.66,38.74,38.659,38.7359,800,0
2017-04-19,20:05:00,38.79,38.84,38.737,38.84,900,0
2017-04-19,20:10:00,38.8,38.85,38.78,38.85,1400,0
2017-04-19,20:15:00,38.79,38.85,38.78,38.81,800,0
2017-04-19,20:20:00,38.705,38.75,38.66,38.74,600,0
2017-04-19,20:25:00,38.698,38.715,38.6,38.63,1900,0
2017-04-19,20:30:00,38.62,38.66,38.5983,38.6,2287,0
2017-04-19,20:35:00,38.62,38.62,38.49,38.5,1205,0
2017-04-19,20:40:00,38.5,38.54,38.5,38.5,600,0
2017-04-19,20:45:00,38.509,38.555,38.509,38.52,1400,0
2017-04-19,20:50:00,38.5,38.57,38.45,38.45,2100,0
2017-04-19,20:55:00,38.5,38.5,38.41,38.49,1800,0
2017-04-19,21:00:00,38.45,38.47,38.39,38.39,800,0
2017-04-19,21:05:00,38.37,38.45,38.37,38.45,1600,0
2017-04-19,21:10:00,38.41,38.46,38.38,38.46,2700,0
2017-04-19,21:15:00,38.53,38.58,38.46,38.535,1000,0
2017-04-19,21:20:00,38.45,38.51,38.409,38.49,1805,0
2017-04-19,21:25:00,38.5,38.52,38.485,38.49,1200,0
2017-04-19,21:30:00,38.49,38.55,38.45,38.5,2500,0
2017-04-19,21:35:00,38.49,38.51,38.37,38.5,4642,0
2017-04-19,21:40:00,38.495,38.65,38.495,38.51,2995,0
2017-04-19,21:45:00,38.63,38.66,38.53,38.66,2000,0
2017-04-19,21:50:00,38.61,38.65,38.56,38.57,2300,0
2017-04-19,21:55:00,38.57,38.58,38.47,38.565,8055,0
2017-04-19,22:00:00,38.57,38.68,38.57,38.6,31303,0
2017-04-20,15:35:00,38.84,39.11,38.84,39.08,4500,0
2017-04-20,15:40:00,38.99,38.99,38.844,38.844,200,0
2017-04-20,15:45:00,39.05,39.05,38.93,38.93,300,0
2017-04-20,15:50:00,38.81,38.99,38.73,38.74,1641,0
2017-04-20,15:55:00,38.73,38.92,38.72,38.92,1600,0
2017-04-20,16:00:00,38.83,38.89,38.83,38.87,600,0
2017-04-20,16:05:00,38.94,39.025,38.92,39.015,2100,0
2017-04-20,16:10:00,39.035,39.035,38.88,38.92,2112,0
2017-04-20,16:15:00,38.879,39.06,38.879,39.06,1000,0
2017-04-20,16:20:00,38.995,39.06,38.89,38.93,47912,0
2017-04-20,16:25:00,38.925,39.05,38.925,39.05,1700,0
2017-04-20,16:30:00,39.03,39.03,38.965,39,400,0
2017-04-20,16:35:00,39.05,39.05,38.97,39,1775,0
2017-04-20,16:40:00,39,39.05,38.91,38.99,6947,0
2017-04-20,16:45:00,38.915,38.92,38.87,38.92,500,0
2017-04-20,16:50:00,38.94,38.94,38.9,38.9,1200,0
2017-04-20,16:55:00,38.9,38.94,38.8783,38.9,885,0
2017-04-20,17:00:00,38.93,39.05,38.93,38.94,6454,0
2017-04-20,17:05:00,38.95,38.95,38.9,38.9,600,0
2017-04-20,17:10:00,38.945,38.965,38.945,38.965,200,0
2017-04-20,17:15:00,38.95,39,38.894,39,900,0
2017-04-20,17:20:00,38.924,39.055,38.92,39.055,2050,0
2017-04-20,17:25:00,39.035,39.035,39.035,39.035,100,0
2017-04-20,17:30:00,39.034,39.1,39.034,39.052,500,0
2017-04-20,17:35:00,39.05,39.1,39.05,39.1,400,0
2017-04-20,17:40:00,39.06,39.08,39.04,39.08,1200,0
2017-04-20,17:45:00,39.09,39.26,39.06,39.26,8763,0
2017-04-20,17:50:00,39.26,39.42,39.26,39.35,3871,0
2017-04-20,17:55:00,39.41,39.455,39.28,39.28,4300,0
2017-04-20,18:00:00,39.33,39.35,39.28,39.29,1500,0
2017-04-20,18:05:00,39.29,39.395,39.27,39.38,5783,0
2017-04-20,18:15:00,39.36,39.405,39.29,39.29,1500,0
2017-04-20,18:25:00,39.41,39.42,39.34,39.355,700,0
2017-04-20,18:35:00,39.33,39.419,39.296,39.3,1500,0
2017-04-20,18:40:00,39.24,39.24,39.124,39.124,1200,0
2017-04-20,18:45:00,39.134,39.26,39.134,39.235,800,0
2017-04-20,18:50:00,39.28,39.32,39.28,39.285,700,0
2017-04-20,18:55:00,39.23,39.28,39.23,39.25,1000,0
2017-04-20,19:00:00,39.22,39.22,39.1,39.1,400,0
2017-04-20,19:05:00,39.15,39.15,39.045,39.045,800,0
2017-04-20,19:10:00,39.06,39.06,39.01,39.02,600,0
2017-04-20,19:15:00,39.03,39.035,38.996,38.996,400,0
2017-04-20,19:20:00,39,39.015,39,39.015,300,0
2017-04-20,19:25:00,39,39.03,39,39.03,1186,0
2017-04-20,19:35:00,39.105,39.105,39.08,39.08,300,0
2017-04-20,19:40:00,39.13,39.17,39.13,39.17,300,0
2017-04-20,19:45:00,39.155,39.23,39.155,39.174,23800,0
2017-04-20,19:50:00,39.19,39.19,39.13,39.13,1100,0
2017-04-20,19:55:00,39.165,39.24,39.11,39.19,650,0
2017-04-20,20:00:00,39.14,39.21,39.14,39.21,900,0
2017-04-20,20:05:00,39.17,39.23,39.17,39.2,500,0
2017-04-20,20:10:00,39.28,39.3,39.21,39.3,1000,0
2017-04-20,20:15:00,39.29,39.29,39.28,39.28,400,0
2017-04-20,20:20:00,39.32,39.36,39.27,39.3575,900,0
2017-04-20,20:25:00,39.39,39.39,39.31,39.36,400,0
2017-04-20,20:30:00,39.41,39.46,39.35,39.35,24200,0
2017-04-20,20:35:00,39.36,39.36,39.31,39.31,600,0
2017-04-20,20:40:00,39.305,39.48,39.305,39.48,4542,0
2017-04-20,20:45:00,39.42,39.45,39.39,39.41,700,0
2017-04-20,20:55:00,39.405,39.405,39.35,39.35,600,0
2017-04-20,21:00:00,39.395,39.4,39.395,39.4,200,0
2017-04-20,21:05:00,39.34,39.3989,39.18,39.18,1400,0
2017-04-20,21:10:00,39.3,39.345,39.29,39.29,899,0
2017-04-20,21:15:00,39.26,39.28,39.132,39.185,1400,0
2017-04-20,21:20:00,39.2,39.2,39.15,39.15,300,0
2017-04-20,21:25:00,39.15,39.15,38.966,39.1,1500,0
2017-04-20,21:30:00,39.08,39.13,39.0436,39.08,1569,0
2017-04-20,21:35:00,39.08,39.25,39.07,39.17,1400,0
2017-04-20,21:40:00,39.2,39.24,39.1,39.1,2403,0
2017-04-20,21:45:00,39.17,39.17,39.08,39.15,1100,0
2017-04-20,21:50:00,39.15,39.15,39.06,39.14,2400,0
2017-04-20,21:55:00,39.16,39.27,39.12,39.21,11647,0
2017-04-20,22:00:00,39.25,39.28,39.0901,39.16,42357,0
2017-04-21,15:35:00,39.11,39.11,39.11,39.11,11484,0
2017-04-21,15:40:00,39.09,39.2,38.95,39.2,800,0
2017-04-21,15:45:00,39.15,39.2,39.15,39.16,900,0
2017-04-21,15:50:00,39.1,39.1,39.1,39.1,100,0
2017-04-21,15:55:00,39.05,39.05,39.05,39.05,100,0
2017-04-21,16:05:00,39.02,39.02,39.02,39.02,100,0
2017-04-21,16:10:00,38.97,38.9982,38.92,38.94,1239,0
2017-04-21,16:15:00,39,39,38.95,38.95,600,0
2017-04-21,16:20:00,38.945,38.97,38.9,38.97,600,0
2017-04-21,16:25:00,39,39.11,39,39.11,47300,0
2017-04-21,16:30:00,39.11,39.11,38.95,38.95,2100,0
2017-04-21,16:35:00,38.92,38.97,38.92,38.97,600,0
2017-04-21,16:40:00,38.99,39,38.985,38.985,700,0
2017-04-21,16:45:00,38.915,39,38.915,38.965,1800,0
2017-04-21,16:50:00,38.92,38.935,38.76,38.77,2000,0
2017-04-21,16:55:00,38.715,38.81,38.715,38.81,400,0
2017-04-21,17:00:00,38.82,38.905,38.82,38.905,400,0
2017-04-21,17:05:00,38.86,38.86,38.83,38.83,800,0
2017-04-21,17:10:00,38.85,38.85,38.795,38.795,300,0
2017-04-21,17:15:00,38.735,38.8,38.735,38.8,200,0
2017-04-21,17:20:00,38.8,38.85,38.775,38.84,700,0
2017-04-21,17:25:00,38.89,38.94,38.87,38.94,500,0
2017-04-21,17:35:00,38.945,38.97,38.94,38.945,600,0
2017-04-21,17:40:00,38.96,38.965,38.91,38.95,1700,0
2017-04-21,17:45:00,38.95,39.0106,38.94,39,1200,0
2017-04-21,17:50:00,39.03,39.06,39.02,39.045,1000,0
2017-04-21,17:55:00,39.05,39.05,39.05,39.05,121,0
2017-04-21,18:00:00,39.05,39.06,38.98,39.06,1600,0
2017-04-21,18:10:00,39.02,39.075,39.02,39.02,898,0
2017-04-21,18:15:00,39.04,39.05,39.02,39.02,800,0
2017-04-21,18:20:00,38.99,38.99,38.96,38.96,598,0
2017-04-21,18:30:00,39.02,39.02,38.99,39.02,300,0
2017-04-21,18:35:00,38.96,39.005,38.93,38.93,1200,0
2017-04-21,18:40:00,38.94,38.94,38.92,38.92,400,0
2017-04-21,18:45:00,38.88,38.89,38.88,38.89,200,0
2017-04-21,18:50:00,38.88,38.9,38.88,38.89,352,0
2017-04-21,18:55:00,38.89,38.935,38.85,38.85,600,0
2017-04-21,19:00:00,38.885,38.885,38.845,38.845,900,0
2017-04-21,19:05:00,38.87,38.89,38.84,38.89,800,0
2017-04-21,19:10:00,38.85,38.85,38.84,38.84,700,0
2017-04-21,19:15:00,38.84,38.84,38.78,38.84,800,0
2017-04-21,19:20:00,38.81,38.81,38.77,38.8,400,0
2017-04-21,19:25:00,38.81,38.81,38.765,38.765,919,0
2017-04-21,19:30:00,38.76,38.76,38.76,38.76,200,0
2017-04-21,19:35:00,38.77,38.77,38.74,38.77,1700,0
2017-04-21,19:40:00,38.84,38.845,38.81,38.84,700,0
2017-04-21,19:45:00,38.81,38.83,38.78,38.82,700,0
2017-04-21,19:55:00,38.84,38.86,38.83,38.83,1000,0
2017-04-21,20:00:00,38.86,39,38.86,38.95,1600,0
2017-04-21,20:05:00,38.88,38.9,38.88,38.9,300,0
2017-04-21,20:10:00,38.91,38.91,38.91,38.91,100,0
2017-04-21,20:15:00,38.915,38.915,38.87,38.87,400,0
2017-04-21,20:20:00,38.83,38.92,38.83,38.91,2300,0
2017-04-21,20:25:00,38.95,38.95,38.95,38.95,930,0
2017-04-21,20:30:00,38.98,39.015,38.85,38.87,6260,0
2017-04-21,20:35:00,38.85,38.88,38.83,38.84,1300,0
2017-04-21,20:45:00,38.8,38.8,38.77,38.77,300,0
2017-04-21,20:50:00,38.73,38.73,38.73,38.73,100,0
2017-04-21,20:55:00,38.74,38.74,38.6636,38.6636,1600,0
2017-04-21,21:00:00,38.63,38.69,38.54,38.64,1300,0
2017-04-21,21:05:00,38.61,38.71,38.59,38.59,1900,0
2017-04-21,21:10:00,38.51,38.58,38.51,38.58,1600,0
2017-04-21,21:15:00,38.56,38.6,38.5,38.5,3500,0
2017-04-21,21:20:00,38.51,38.56,38.51,38.55,400,0
2017-04-21,21:25:00,38.52,38.6,38.52,38.6,1700,0
2017-04-21,21:30:00,38.545,38.59,38.52,38.53,800,0
2017-04-21,21:35:00,38.53,38.545,38.505,38.505,700,0
2017-04-21,21:40:00,38.5,38.5,38.46,38.47,900,0
2017-04-21,21:45:00,38.5,38.52,38.44,38.52,2000,0
2017-04-21,21:50:00,38.56,38.72,38.56,38.66,4100,0
2017-04-21,21:55:00,38.65,38.79,38.65,38.75,18820,0
2017-04-21,22:00:00,38.75,38.82,38.74,38.79,35490,0
2017-04-24,15:35:00,39.2,39.2,37.95,38.38,11527,0
2017-04-24,15:40:00,38.39,38.46,38.21,38.35,2515,0
2017-04-24,15:45:00,38.36,38.53,38.32,38.375,1495,0
2017-04-24,15:50:00,38.56,38.8,38.55,38.6,2800,0
2017-04-24,15:55:00,38.52,38.71,38.48,38.48,3238,0
2017-04-24,16:00:00,38.52,38.73,38.52,38.64,1000,0
2017-04-24,16:05:00,38.69,38.81,38.64,38.77,1000,0
2017-04-24,16:10:00,38.77,38.775,38.71,38.76,1200,0
2017-04-24,16:15:00,38.7,38.71,38.67,38.71,600,0
2017-04-24,16:20:00,38.65,38.7,38.65,38.7,500,0
2017-04-24,16:25:00,38.66,38.74,38.64,38.69,4500,0
2017-04-24,16:30:00,38.675,38.675,38.675,38.675,100,0
2017-04-24,16:35:00,38.6,38.66,38.55,38.55,900,0
2017-04-24,16:45:00,38.55,38.65,38.55,38.65,700,0
2017-04-24,16:50:00,38.58,38.7,38.57,38.64,34500,0
2017-04-24,16:55:00,38.655,38.655,38.5,38.62,1200,0
2017-04-24,17:00:00,38.53,38.53,38.53,38.53,200,0
2017-04-24,17:05:00,38.61,38.61,38.61,38.61,100,0
2017-04-24,17:10:00,38.64,38.7,38.64,38.67,600,0
2017-04-24,17:15:00,38.79,38.79,38.79,38.79,100,0
2017-04-24,17:20:00,38.72,38.8,38.67,38.8,626,0
2017-04-24,17:25:00,38.76,38.77,38.67,38.74,1600,0
2017-04-24,17:35:00,38.77,38.79,38.7,38.75,1200,0
2017-04-24,17:40:00,38.675,38.87,38.675,38.78,1868,0
2017-04-24,17:45:00,38.73,38.8,38.7,38.73,500,0
2017-04-24,17:50:00,38.78,38.78,38.78,38.78,100,0
2017-04-24,17:55:00,38.81,38.81,38.78,38.78,900,0
2017-04-24,18:00:00,38.7588,38.7588,38.7588,38.7588,300,0
2017-04-24,18:10:00,38.64,38.74,38.568,38.625,3798,0
2017-04-24,18:15:00,38.616,38.6588,38.616,38.63,1500,0
2017-04-24,18:20:00,38.64,38.94,38.64,38.93,800,0
2017-04-24,18:25:00,38.88,38.895,38.79,38.82,1500,0
2017-04-24,18:35:00,38.89,38.89,38.89,38.89,200,0
2017-04-24,18:40:00,38.9633,38.9633,38.88,38.88,650,0
2017-04-24,18:45:00,38.98,39.1,38.98,39.015,1700,0
2017-04-24,18:50:00,39,39.05,38.93,39.03,1400,0
2017-04-24,18:55:00,39.08,39.08,38.8692,38.88,2600,0
2017-04-24,19:00:00,38.88,38.98,38.88,38.91,485,0
2017-04-24,19:05:00,38.91,39.06,38.91,39.06,400,0
2017-04-24,19:10:00,39.1,39.1,38.96,38.96,200,0
2017-04-24,19:15:00,39.09,39.15,39,39,1150,0
2017-04-24,19:20:00,39.1,39.17,39.1,39.17,600,0
2017-04-24,19:25:00,39.06,39.06,39.06,39.06,100,0
2017-04-24,19:30:00,39.06,39.14,39.06,39.075,800,0
2017-04-24,19:40:00,39.17,39.17,39.09,39.09,500,0
2017-04-24,19:50:00,39.08,39.08,39.03,39.03,973,0
2017-04-24,19:55:00,39.12,39.22,39.12,39.22,4775,0
2017-04-24,20:00:00,39.2,39.2,39.2,39.2,500,0
2017-04-24,20:05:00,39.1727,39.1727,39.14,39.14,400,0
2017-04-24,20:10:00,39.12,39.12,39.12,39.12,100,0
2017-04-24,20:15:00,39.14,39.22,39.14,39.18,600,0
2017-04-24,20:20:00,39.21,39.28,39.21,39.28,200,0
2017-04-24,20:25:00,39.27,39.27,39.27,39.27,300,0
2017-04-24,20:30:00,39.22,39.245,39.06,39.06,2200,0
2017-04-24,20:35:00,39.07,39.08,39.07,39.08,200,0
2017-04-24,20:40:00,39.1,39.11,39.1,39.11,500,0
2017-04-24,20:45:00,39.05,39.12,39.05,39.06,500,0
2017-04-24,20:50:00,39.09,39.12,39.09,39.12,200,0
2017-04-24,20:55:00,39.14,39.19,39.1,39.12,1100,0
2017-04-24,21:00:00,39.11,39.21,39.11,39.21,300,0
2017-04-24,21:05:00,39.22,39.27,39.15,39.15,2000,0
2017-04-24,21:10:00,39.25,39.25,38.93,39.12,51100,0
2017-04-24,21:15:00,39.06,39.13,39.03,39.13,500,0
2017-04-24,21:20:00,39.1,39.19,39.05,39.055,1500,0
2017-04-24,21:25:00,39.22,39.22,39.13,39.13,300,0
2017-04-24,21:30:00,39.21,39.21,39.07,39.16,1120,0
2017-04-24,21:35:00,39.14,39.2,39.08,39.09,1800,0
2017-04-24,21:40:00,39.15,39.26,39.1,39.12,3540,0
2017-04-24,21:45:00,39.12,39.12,39.12,39.12,900,0
2017-04-24,21:50:00,39.1,39.14,39.06,39.14,800,0
2017-04-24,21:55:00,39.16,39.22,39.13,39.15,4262,0
2017-04-24,22:00:00,39.14,39.24,39.14,39.21,20147,0
2017-04-25,15:35:00,39.48,39.48,39.11,39.44,3580,0
2017-04-25,15:40:00,39.49,39.75,39.49,39.75,2307,0
2017-04-25,15:45:00,39.75,40,39.66,39.81,8134,0
2017-04-25,15:50:00,39.915,39.915,39.75,39.85,300,0
2017-04-25,15:55:00,39.71,39.84,39.69,39.815,600,0
2017-04-25,16:00:00,39.74,39.77,39.63,39.63,1000,0
2017-04-25,16:05:00,39.97,39.99,39.95,39.99,400,0
2017-04-25,16:10:00,39.905,40.01,39.81,39.945,2450,0
2017-04-25,16:15:00,39.87,39.9,39.86,39.9,500,0
2017-04-25,16:25:00,39.87,39.87,39.76,39.76,1100,0
2017-04-25,16:30:00,39.85,39.85,39.05,39.295,15523,0
2017-04-25,16:35:00,39.415,39.62,39.32,39.42,3100,0
2017-04-25,16:40:00,39.53,39.53,39.53,39.53,100,0
2017-04-25,16:45:00,39.44,39.48,39.4,39.44,1200,0
2017-04-25,16:50:00,39.4,39.56,39.345,39.56,3800,0
2017-04-25,16:55:00,39.585,39.585,39.575,39.575,200,0
2017-04-25,17:00:00,39.7,39.7,39.7,39.7,100,0
2017-04-25,17:05:00,39.75,39.85,39.75,39.85,1000,0
2017-04-25,17:10:00,39.87,39.87,39.7,39.73,2700,0
2017-04-25,17:15:00,39.73,39.79,39.56,39.585,1200,0
2017-04-25,17:20:00,39.66,39.8,39.65,39.8,1224,0
2017-04-25,17:30:00,39.8,39.83,39.75,39.795,600,0
2017-04-25,17:35:00,39.87,39.97,39.87,39.97,400,0
2017-04-25,17:40:00,39.98,39.99,39.98,39.99,700,0
2017-04-25,17:45:00,40.02,40.02,39.83,39.97,700,0
2017-04-25,17:50:00,39.99,40.04,39.95,40.04,1500,0
2017-04-25,17:55:00,40,40,39.95,40,700,0
2017-04-25,18:00:00,39.98,39.98,39.98,39.98,100,0
2017-04-25,18:05:00,40.05,40.05,40.05,40.05,600,0
2017-04-25,18:10:00,39.95,39.985,39.86,39.895,2078,0
2017-04-25,18:15:00,39.85,39.87,39.6,39.6,1100,0
2017-04-25,18:20:00,39.72,39.82,39.72,39.82,1400,0
2017-04-25,18:30:00,39.82,39.82,39.77,39.77,200,0
2017-04-25,18:40:00,39.75,39.84,39.75,39.84,700,0
2017-04-25,18:45:00,39.85,39.87,39.85,39.87,300,0
2017-04-25,18:50:00,39.91,39.91,39.84,39.9,1100,0
2017-04-25,18:55:00,39.84,39.84,39.79,39.79,300,0
2017-04-25,19:00:00,39.755,39.755,39.755,39.755,100,0
2017-04-25,19:05:00,39.72,39.72,39.72,39.72,100,0
2017-04-25,19:10:00,39.78,39.78,39.69,39.745,400,0
2017-04-25,19:15:00,39.77,39.79,39.73,39.79,500,0
2017-04-25,19:20:00,39.7,39.7,39.7,39.7,100,0
2017-04-25,19:25:00,39.78,39.78,39.78,39.78,200,0
2017-04-25,19:30:00,39.71,39.71,39.71,39.71,300,0
2017-04-25,19:35:00,39.77,39.77,39.75,39.75,200,0
2017-04-25,19:40:00,39.68,39.77,39.66,39.77,1800,0
2017-04-25,19:50:00,39.705,39.705,39.65,39.65,577,0
2017-04-25,19:55:00,39.77,39.93,39.76,39.93,1910,0
2017-04-25,20:00:00,39.87,39.89,39.84,39.88,1400,0
2017-04-25,20:05:00,39.88,39.92,39.88,39.92,500,0
2017-04-25,20:10:00,39.83,39.83,39.83,39.83,100,0
2017-04-25,20:15:00,39.98,39.98,39.88,39.88,324,0
2017-04-25,20:20:00,39.93,39.97,39.86,39.96,1000,0
2017-04-25,20:25:00,39.9332,39.9332,39.9332,39.9332,267,0
2017-04-25,20:30:00,39.95,39.95,39.89,39.9,514,0
2017-04-25,20:35:00,39.89,39.89,39.89,39.89,100,0
2017-04-25,20:40:00,39.89,39.99,39.89,39.9556,2492,0
2017-04-25,20:45:00,40,40.05,39.99,40.02,2592,0
2017-04-25,20:50:00,39.96,39.96,39.96,39.96,100,0
2017-04-25,20:55:00,39.99,40.01,39.99,40.01,300,0
2017-04-25,21:00:00,39.99,40.06,39.99,40.05,1400,0
2017-04-25,21:05:00,40.05,40.08,40.04,40.04,918,0
2017-04-25,21:10:00,40.05,40.13,40.02,40.13,1900,0
2017-04-25,21:15:00,40.13,40.13,40.05,40.05,300,0
2017-04-25,21:20:00,40.02,40.04,40.02,40.04,200,0
2017-04-25,21:25:00,40.1,40.1,40.07,40.07,200,0
2017-04-25,21:30:00,40.055,40.055,40.055,40.055,100,0
2017-04-25,21:35:00,40.02,40.14,40.02,40.09,1600,0
2017-04-25,21:40:00,40.06,40.12,40.03,40.055,750,0
2017-04-25,21:45:00,40.08,40.14,40.07,40.14,1100,0
2017-04-25,21:50:00,40.05,40.12,40.04,40.09,1600,0
2017-04-25,21:55:00,40.05,40.05,39.93,39.93,10395,0
2017-04-25,22:00:00,39.965,40,39.91,39.93,26905,0
2017-04-26,15:35:00,39.98,39.98,39.84,39.885,1502,0
2017-04-26,15:40:00,39.89,39.89,39.87,39.87,400,0
2017-04-26,15:45:00,39.87,39.94,39.85,39.88,1500,0
2017-04-26,15:50:00,39.905,40.16,39.905,40.1,900,0
2017-04-26,15:55:00,40.18,40.51,40.18,40.37,8380,0
2017-04-26,16:00:00,40.34,40.34,40.23,40.23,2300,0
2017-04-26,16:05:00,40.25,40.27,40.25,40.27,1368,0
2017-04-26,16:10:00,40.29,40.29,40.29,40.29,100,0
2017-04-26,16:15:00,40.38,40.38,40.38,40.38,300,0
2017-04-26,16:20:00,40.49,40.5,40.49,40.5,200,0
2017-04-26,16:25:00,40.5,40.5,40.5,40.5,100,0
2017-04-26,16:30:00,40.49,40.6,40.49,40.54,2030,0
2017-04-26,16:35:00,40.535,40.535,40.33,40.33,2750,0
2017-04-26,16:40:00,40.39,40.4,40.39,40.4,800,0
2017-04-26,16:50:00,40.48,40.54,40.48,40.54,600,0
2017-04-26,16:55:00,40.56,40.63,40.5,40.63,10756,0
2017-04-26,17:00:00,40.78,40.78,40.54,40.555,3150,0
2017-04-26,17:05:00,40.635,40.635,40.6,40.6,1100,0
2017-04-26,17:10:00,40.55,40.55,40.45,40.485,1700,0
2017-04-26,17:15:00,40.49,40.55,40.49,40.55,600,0
2017-04-26,17:20:00,40.56,40.59,40.55,40.55,400,0
2017-04-26,17:25:00,40.51,40.66,40.46,40.66,3749,0
2017-04-26,17:30:00,40.6,40.73,40.57,40.73,900,0
2017-04-26,17:35:00,40.71,40.71,40.71,40.71,100,0
2017-04-26,17:40:00,40.74,40.74,40.64,40.71,500,0
2017-04-26,17:45:00,40.67,40.67,40.54,40.61,1900,0
2017-04-26,17:50:00,40.6,40.63,40.57,40.6,800,0
2017-04-26,17:55:00,40.615,40.615,40.615,40.615,100,0
2017-04-26,18:00:00,40.605,40.61,40.48,40.48,11613,0
2017-04-26,18:05:00,40.54,40.59,40.47,40.475,1300,0
2017-04-26,18:10:00,40.465,40.55,40.4,40.55,300,0
2017-04-26,18:15:00,40.54,40.6,40.485,40.57,1300,0
2017-04-26,18:20:00,40.6,40.63,40.6,40.6,900,0
2017-04-26,18:25:00,40.62,40.65,40.61,40.65,600,0
2017-04-26,18:30:00,40.64,40.68,40.61,40.66,1500,0
2017-04-26,18:35:00,40.635,40.67,40.57,40.57,1485,0
2017-04-26,18:40:00,40.62,40.62,40.585,40.585,200,0
2017-04-26,18:45:00,40.61,40.62,40.6,40.6,600,0
2017-04-26,18:50:00,40.64,40.64,40.54,40.6,900,0
2017-04-26,18:55:00,40.6,40.73,40.595,40.73,2250,0
2017-04-26,19:00:00,40.75,40.75,40.72,40.72,800,0
2017-04-26,19:05:00,40.7,40.76,40.7,40.76,600,0
2017-04-26,19:15:00,40.72,40.8,40.72,40.785,500,0
2017-04-26,19:20:00,40.8,40.8,40.8,40.8,100,0
2017-04-26,19:25:00,40.84,40.9,40.83,40.89,1121,0
2017-04-26,19:30:00,40.83,40.89,40.73,40.7944,3259,0
2017-04-26,19:35:00,40.81,40.82,40.81,40.82,500,0
2017-04-26,19:40:00,40.83,40.83,40.81,40.81,400,0
2017-04-26,19:45:00,40.77,40.82,40.77,40.81,900,0
2017-04-26,19:50:00,40.76,40.76,40.7223,40.7223,300,0
2017-04-26,19:55:00,40.76,40.86,40.76,40.86,400,0
2017-04-26,20:00:00,40.81,40.81,40.775,40.78,1400,0
2017-04-26,20:05:00,40.79,40.79,40.69,40.715,400,0
2017-04-26,20:10:00,40.72,40.73,40.68,40.68,900,0
2017-04-26,20:15:00,40.74,40.755,40.74,40.755,300,0
2017-04-26,20:20:00,40.78,40.78,40.69,40.7,900,0
2017-04-26,20:25:00,40.68,40.78,40.675,40.74,2500,0
2017-04-26,20:30:00,40.77,40.8,40.71,40.8,1800,0
2017-04-26,20:35:00,40.78,40.79,40.64,40.65,1800,0
2017-04-26,20:40:00,40.571,40.602,40.571,40.58,500,0
2017-04-26,20:45:00,40.65,40.67,40.58,40.64,1200,0
2017-04-26,20:50:00,40.64,40.675,40.6041,40.675,1020,0
2017-04-26,20:55:00,40.7,40.7,40.68,40.7,300,0
2017-04-26,21:00:00,40.71,40.72,40.67,40.6725,700,0
2017-04-26,21:05:00,40.63,40.69,40.63,40.67,600,0
2017-04-26,21:10:00,40.72,40.81,40.64,40.75,17363,0
2017-04-26,21:15:00,40.75,40.78,40.75,40.78,1100,0
2017-04-26,21:20:00,40.75,40.82,40.75,40.795,5200,0
2017-04-26,21:25:00,40.795,40.795,40.75,40.76,2200,0
2017-04-26,21:30:00,40.75,40.84,40.75,40.83,2400,0
2017-04-26,21:35:00,40.845,40.87,40.805,40.805,1000,0
2017-04-26,21:40:00,40.83,40.88,40.81,40.88,2141,0
2017-04-26,21:45:00,40.86,40.87,40.83,40.83,600,0
2017-04-26,21:50:00,40.81,40.87,40.8,40.83,1822,0
2017-04-26,21:55:00,40.84,40.84,40.82,40.82,1900,0
2017-04-26,22:00:00,40.75,40.77,40.65,40.75,32618,0
