Date,Time,Open,High,Low,Close,Volume,OpenInt
2017-04-07,15:35:00,34.95,35.135,34.9,34.9,1345,0
2017-04-07,15:40:00,34.95,35.075,34.95,35,1900,0
2017-04-07,15:45:00,35.05,35.075,35,35.025,5775,0
2017-04-07,15:50:00,35,35.05,35,35.05,1931,0
2017-04-07,15:55:00,35.05,35.1,35,35.05,4700,0
2017-04-07,16:00:00,35.025,35.05,34.95,35,4038,0
2017-04-07,16:05:00,35.05,35.075,35.05,35.05,1910,0
2017-04-07,16:10:00,35.15,35.15,35.05,35.05,8900,0
2017-04-07,16:15:00,35,35.1,35,35.05,1533,0
2017-04-07,16:20:00,35.05,35.05,35,35.05,1200,0
2017-04-07,16:25:00,35.05,35.05,35.05,35.05,600,0
2017-04-07,16:30:00,35.075,35.15,35.075,35.15,1400,0
2017-04-07,16:35:00,35.1,35.15,35.05,35.15,1200,0
2017-04-07,16:40:00,35.2,35.2,35.2,35.2,800,0
2017-04-07,16:45:00,35.25,35.25,35.15,35.15,800,0
2017-04-07,16:50:00,35.1,35.15,35.05,35.05,1900,0
2017-04-07,16:55:00,35.1,35.1,35,35.05,600,0
2017-04-07,17:00:00,35,35,35,35,100,0
2017-04-07,17:05:00,35,35.05,35,35.025,1200,0
2017-04-07,17:10:00,35.025,35.05,35,35.05,3700,0
2017-04-07,17:15:00,35.05,35.1,35.025,35.1,1600,0
2017-04-07,17:20:00,35.05,35.1,35.05,35.1,200,0
2017-04-07,17:25:00,35.1,35.2,35.1,35.15,900,0
2017-04-07,17:30:00,35.1,35.1,35.075,35.075,300,0
2017-04-07,17:35:00,35.05,35.075,35,35.05,600,0
2017-04-07,17:40:00,35,35.1,35,35.05,400,0
2017-04-07,17:45:00,35.05,35.05,34.975,35,2518,0
2017-04-07,17:50:00,35,35.05,35,35.05,1000,0
2017-04-07,17:55:00,35.1,35.1,35,35,300,0
2017-04-07,18:00:00,35.05,35.05,35,35,5300,0
2017-04-07,18:05:00,35,35.1,35,35.1,4500,0
2017-04-07,18:10:00,35.075,35.075,35.025,35.05,3700,0
2017-04-07,18:15:00,35.1,35.1,35.1,35.1,790,0
2017-04-07,18:20:00,35.1,35.15,35.1,35.15,900,0
2017-04-07,18:25:00,35.1,35.1,35.1,35.1,900,0
2017-04-07,18:30:00,35.1,35.1,35.1,35.1,200,0
2017-04-07,18:35:00,35.1,35.15,35.1,35.125,700,0
2017-04-07,18:40:00,35.1,35.1,35.075,35.075,1800,0
2017-04-07,18:45:00,35.05,35.125,35.05,35.1,1000,0
2017-04-07,18:50:00,35.1,35.1,35.1,35.1,900,0
2017-04-07,18:55:00,35.05,35.2,35.05,35.2,2210,0
2017-04-07,19:00:00,35.2,35.2,35.175,35.175,1400,0
2017-04-07,19:10:00,35.15,35.15,35.15,35.15,300,0
2017-04-07,19:15:00,35.25,35.25,35.15,35.2,500,0
2017-04-07,19:20:00,35.15,35.2,35.15,35.175,1000,0
2017-04-07,19:25:00,35.2,35.2,35.2,35.2,700,0
2017-04-07,19:30:00,35.175,35.2,35.15,35.2,1300,0
2017-04-07,19:35:00,35.25,35.3,35.175,35.175,1691,0
2017-04-07,19:40:00,35.175,35.175,35.15,35.15,400,0
2017-04-07,19:45:00,35.175,35.175,35.15,35.15,1100,0
2017-04-07,19:50:00,35.2,35.2,35.2,35.2,100,0
2017-04-07,19:55:00,35.175,35.2,35.15,35.2,400,0
2017-04-07,20:00:00,35.2,35.2,35.175,35.175,600,0
2017-04-07,20:05:00,35.2,35.25,35.2,35.25,1245,0
2017-04-07,20:10:00,35.25,35.25,35.25,35.25,200,0
2017-04-07,20:15:00,35.225,35.25,35.175,35.175,1500,0
2017-04-07,20:20:00,35.2,35.2,35.15,35.15,400,0
2017-04-07,20:25:00,35.175,35.175,35.175,35.175,300,0
2017-04-07,20:30:00,35.175,35.2,35.15,35.175,4300,0
2017-04-07,20:35:00,35.175,35.25,35.15,35.225,3025,0
2017-04-07,20:40:00,35.225,35.25,35.225,35.225,300,0
2017-04-07,20:45:00,35.25,35.25,35.175,35.175,3600,0
2017-04-07,20:50:00,35.2,35.225,35.175,35.225,4892,0
2017-04-07,20:55:00,35.225,35.25,35.225,35.225,1300,0
2017-04-07,21:00:00,35.225,35.25,35.2218,35.25,3589,0
2017-04-07,21:05:00,35.225,35.25,35.175,35.175,6900,0
2017-04-07,21:10:00,35.175,35.2,35.175,35.2,1100,0
2017-04-07,21:15:00,35.2,35.2,35.175,35.2,2300,0
2017-04-07,21:20:00,35.2,35.3,35.2,35.3,4745,0
2017-04-07,21:25:00,35.3,35.35,35.3,35.325,900,0
2017-04-07,21:30:00,35.35,35.35,35.275,35.3,1870,0
2017-04-07,21:35:00,35.275,35.3,35.25,35.275,5300,0
2017-04-07,21:40:00,35.275,35.3,35.25,35.275,5000,0
2017-04-07,21:45:00,35.275,35.3,35.25,35.275,2600,0
2017-04-07,21:50:00,35.275,35.3,35.25,35.275,3213,0
2017-04-07,21:55:00,35.3,35.35,35.3,35.35,13523,0
2017-04-07,22:00:00,35.35,35.35,35.25,35.3,51517,0
2017-04-10,15:35:00,35.35,35.55,35.005,35.15,4297,0
2017-04-10,15:40:00,35.15,35.3,35.15,35.3,900,0
2017-04-10,15:45:00,35.45,35.6,35.45,35.6,1000,0
2017-04-10,15:50:00,35.6,35.65,35.587,35.587,1647,0
2017-04-10,15:55:00,35.55,35.575,35.55,35.575,1300,0
2017-04-10,16:00:00,35.55,35.6,35.525,35.575,3600,0
2017-04-10,16:05:00,35.6,35.6,35.6,35.6,250,0
2017-04-10,16:10:00,35.55,35.65,35.55,35.575,6100,0
2017-04-10,16:15:00,35.55,35.55,35.5,35.5,1704,0
2017-04-10,16:20:00,35.45,35.5,35.45,35.5,1300,0
2017-04-10,16:25:00,35.55,35.6,35.5,35.5,3121,0
2017-04-10,16:30:00,35.45,35.5,35.45,35.5,600,0
2017-04-10,16:35:00,35.5,35.6,35.5,35.5,2201,0
2017-04-10,16:40:00,35.5,35.5,35.45,35.45,800,0
2017-04-10,16:45:00,35.45,35.55,35.4,35.525,2914,0
2017-04-10,16:50:00,35.5,35.5,35.5,35.5,500,0
2017-04-10,16:55:00,35.45,35.45,35.45,35.45,200,0
2017-04-10,17:00:00,35.45,35.45,35.4,35.4,1400,0
2017-04-10,17:05:00,35.45,35.5,35.45,35.5,1100,0
2017-04-10,17:10:00,35.45,35.45,35.4,35.4,1300,0
2017-04-10,17:15:00,35.45,35.5,35.45,35.5,700,0
2017-04-10,17:20:00,35.55,35.55,35.4,35.4,4700,0
2017-04-10,17:25:00,35.4,35.425,35.4,35.425,200,0
2017-04-10,17:30:00,35.4,35.4,35.35,35.4,2627,0
2017-04-10,17:35:00,35.4,35.4,35.275,35.275,4000,0
2017-04-10,17:40:00,35.25,35.2941,35.15,35.15,1752,0
2017-04-10,17:45:00,35.15,35.2,35.1,35.2,2400,0
2017-04-10,17:50:00,35.15,35.2,35.1,35.15,2944,0
2017-04-10,17:55:00,35.15,35.25,35.15,35.225,800,0
2017-04-10,18:00:00,35.225,35.225,35.15,35.15,3291,0
2017-04-10,18:05:00,35.2,35.25,35.2,35.2,900,0
2017-04-10,18:10:00,35.225,35.225,35.15,35.2,1000,0
2017-04-10,18:15:00,35.15,35.2,35.1,35.135,3300,0
2017-04-10,18:20:00,35.1,35.1,35.1,35.1,100,0
2017-04-10,18:25:00,35.1,35.1,35.1,35.1,100,0
2017-04-10,18:30:00,35.15,35.25,35.15,35.25,1400,0
2017-04-10,18:35:00,35.2,35.275,35.15,35.275,600,0
2017-04-10,18:40:00,35.275,35.275,35.275,35.275,100,0
2017-04-10,18:45:00,35.275,35.4,35.275,35.4,2200,0
2017-04-10,18:50:00,35.3473,35.3473,35.3,35.3,220,0
2017-04-10,18:55:00,35.4,35.45,35.4,35.45,600,0
2017-04-10,19:00:00,35.45,35.45,35.45,35.45,100,0
2017-04-10,19:05:00,35.4,35.5,35.4,35.4,2415,0
2017-04-10,19:10:00,35.45,35.45,35.45,35.45,300,0
2017-04-10,19:15:00,35.45,35.55,35.4,35.55,7000,0
2017-04-10,19:20:00,35.55,35.6,35.55,35.6,1636,0
2017-04-10,19:25:00,35.5,35.5661,35.5,35.5,650,0
2017-04-10,19:30:00,35.6,35.6,35.5,35.5,400,0
2017-04-10,19:35:00,35.55,35.55,35.55,35.55,1600,0
2017-04-10,19:40:00,35.55,35.65,35.45,35.45,4200,0
2017-04-10,19:45:00,35.5,35.55,35.5,35.5,750,0
2017-04-10,19:50:00,35.45,35.5,35.4,35.4,800,0
2017-04-10,19:55:00,35.4,35.5,35.4,35.5,2072,0
2017-04-10,20:00:00,35.5,35.55,35.5,35.5,3300,0
2017-04-10,20:05:00,35.45,35.45,35.3,35.3,1500,0
2017-04-10,20:10:00,35.35,35.4,35.3,35.3,400,0
2017-04-10,20:15:00,35.3,35.45,35.3,35.45,805,0
2017-04-10,20:20:00,35.4,35.45,35.4,35.45,800,0
2017-04-10,20:25:00,35.35,35.45,35.3,35.45,1221,0
2017-04-10,20:30:00,35.4,35.4,35.4,35.4,100,0
2017-04-10,20:35:00,35.35,35.35,35.35,35.35,100,0
2017-04-10,20:40:00,35.35,35.45,35.35,35.4,700,0
2017-04-10,20:45:00,35.35,35.4,35.35,35.4,200,0
2017-04-10,20:50:00,35.35,35.5,35.35,35.45,900,0
2017-04-10,20:55:00,35.45,35.45,35.45,35.45,200,0
2017-04-10,21:00:00,35.5,35.5,35.45,35.45,2700,0
2017-04-10,21:05:00,35.45,35.5,35.45,35.45,1000,0
2017-04-10,21:10:00,35.5,35.5,35.45,35.475,2400,0
2017-04-10,21:15:00,35.475,35.6,35.475,35.575,19000,0
2017-04-10,21:20:00,35.55,35.55,35.475,35.55,5700,0
2017-04-10,21:25:00,35.5,35.5,35.45,35.45,1800,0
2017-04-10,21:30:00,35.4,35.5,35.4,35.475,1400,0
2017-04-10,21:35:00,35.475,35.525,35.4,35.425,4814,0
2017-04-10,21:40:00,35.45,35.5,35.45,35.5,2501,0
2017-04-10,21:45:00,35.475,35.5,35.45,35.5,3200,0
2017-04-10,21:50:00,35.5,35.5,35.35,35.375,6618,0
2017-04-10,21:55:00,35.4,35.5,35.4,35.5,14513,0
2017-04-10,22:00:00,35.475,35.5,35.45,35.5,49336,0
2017-04-11,15:35:00,35.4,35.5,35.4,35.45,2896,0
2017-04-11,15:40:00,35.4,35.4,35.15,35.15,2427,0
2017-04-11,15:45:00,35.15,35.3,35.15,35.2,1820,0
2017-04-11,15:50:00,35.2,35.3,35.2,35.3,2099,0
2017-04-11,15:55:00,35.3,35.3,35.2,35.25,3399,0
2017-04-11,16:00:00,35.25,35.35,35.25,35.3,2100,0
2017-04-11,16:05:00,35.3,35.3,35.2,35.25,4400,0
2017-04-11,16:10:00,35.25,35.25,35.15,35.2,2400,0
2017-04-11,16:15:00,35.2,35.3,35.15,35.15,1800,0
2017-04-11,16:20:00,35.125,35.125,35.075,35.1,700,0
2017-04-11,16:25:00,35.05,35.15,35.05,35.15,3800,0
2017-04-11,16:30:00,35.15,35.2,35.1,35.2,900,0
2017-04-11,16:35:00,35.15,35.2,35,35,6500,0
2017-04-11,16:40:00,35,35.125,35,35.1,2300,0
2017-04-11,16:45:00,35.05,35.05,35,35.05,6536,0
2017-04-11,16:50:00,35.05,35.05,35,35,800,0
2017-04-11,16:55:00,35,35.05,35,35.05,1700,0
2017-04-11,17:00:00,35.05,35.05,34.95,34.95,1900,0
2017-04-11,17:05:00,35.05,35.1,35,35.1,1725,0
2017-04-11,17:10:00,35.05,35.05,35.05,35.05,300,0
2017-04-11,17:15:00,35.05,35.05,35,35.05,675,0
2017-04-11,17:20:00,35,35.05,34.95,35.05,1740,0
2017-04-11,17:25:00,35.063,35.063,35,35.05,1400,0
2017-04-11,17:30:00,35,35.025,34.975,35,1000,0
2017-04-11,17:35:00,35.05,35.1,35.05,35.1,487,0
2017-04-11,17:40:00,35.1,35.2,35.1,35.2,1794,0
2017-04-11,17:45:00,35.2,35.25,35.2,35.25,900,0
2017-04-11,17:50:00,35.2,35.3,35.2,35.25,1800,0
2017-04-11,17:55:00,35.3,35.35,35.3,35.35,600,0
2017-04-11,18:00:00,35.25,35.275,35.25,35.25,1800,0
2017-04-11,18:05:00,35.25,35.25,35.25,35.25,400,0
2017-04-11,18:15:00,35.2,35.2,35.2,35.2,100,0
2017-04-11,18:20:00,35.3,35.35,35.3,35.3,2001,0
2017-04-11,18:25:00,35.3,35.4,35.3,35.3,2200,0
2017-04-11,18:30:00,35.3,35.35,35.3,35.3,700,0
2017-04-11,18:35:00,35.3,35.3,35.3,35.3,100,0
2017-04-11,18:40:00,35.3,35.3,35.25,35.3,501,0
2017-04-11,18:45:00,35.3,35.35,35.3,35.35,200,0
2017-04-11,18:50:00,35.35,35.35,35.3,35.35,700,0
2017-04-11,18:55:00,35.35,35.4,35.3,35.35,6900,0
2017-04-11,19:00:00,35.35,35.35,35.35,35.35,410,0
2017-04-11,19:05:00,35.35,35.4,35.35,35.4,1500,0
2017-04-11,19:10:00,35.35,35.4,35.325,35.35,4258,0
2017-04-11,19:15:00,35.35,35.35,35.35,35.35,100,0
2017-04-11,19:20:00,35.4,35.4084,35.4,35.4084,400,0
2017-04-11,19:25:00,35.4,35.4,35.35,35.35,700,0
2017-04-11,19:30:00,35.3,35.3,35.25,35.25,300,0
2017-04-11,19:35:00,35.3,35.3,35.3,35.3,1600,0
2017-04-11,19:40:00,35.255,35.3,35.25,35.3,4300,0
2017-04-11,19:45:00,35.25,35.25,35.25,35.25,200,0
2017-04-11,19:50:00,35.3,35.3,35.25,35.3,2438,0
2017-04-11,19:55:00,35.3,35.325,35.25,35.3,2200,0
2017-04-11,20:00:00,35.35,35.35,35.25,35.25,1700,0
2017-04-11,20:05:00,35.35,35.35,35.3,35.35,300,0
2017-04-11,20:10:00,35.35,35.45,35.3,35.4,2019,0
2017-04-11,20:15:00,35.4,35.4,35.35,35.35,800,0
2017-04-11,20:20:00,35.35,35.35,35.35,35.35,300,0
2017-04-11,20:25:00,35.35,35.4,35.3,35.3,19300,0
2017-04-11,20:30:00,35.4,35.4,35.35,35.35,500,0
2017-04-11,20:35:00,35.375,35.375,35.35,35.375,300,0
2017-04-11,20:40:00,35.4,35.4,35.375,35.375,700,0
2017-04-11,20:45:00,35.35,35.4,35.35,35.35,400,0
2017-04-11,20:50:00,35.375,35.575,35.375,35.575,6250,0
2017-04-11,20:55:00,35.575,35.65,35.55,35.65,3511,0
2017-04-11,21:00:00,35.65,35.65,35.65,35.65,2700,0
2017-04-11,21:05:00,35.65,35.65,35.65,35.65,300,0
2017-04-11,21:10:00,35.7,35.7,35.7,35.7,100,0
2017-04-11,21:15:00,35.6,35.65,35.575,35.6,5000,0
2017-04-11,21:20:00,35.6,35.6,35.6,35.6,300,0
2017-04-11,21:25:00,35.6,35.6,35.6,35.6,200,0
2017-04-11,21:30:00,35.6,35.6,35.45,35.5,8393,0
2017-04-11,21:35:00,35.55,35.575,35.55,35.55,1500,0
2017-04-11,21:40:00,35.575,35.65,35.575,35.625,2900,0
2017-04-11,21:45:00,35.6,35.6,35.525,35.55,5400,0
2017-04-11,21:50:00,35.525,35.55,35.525,35.55,1130,0
2017-04-11,21:55:00,35.55,35.55,35.5,35.5,1968,0
2017-04-11,22:00:00,35.525,35.55,35.45,35.55,27365,0
2017-04-12,15:35:00,35.4,35.55,35.4,35.5,1742,0
2017-04-12,15:40:00,35.45,35.5,35.45,35.45,532,0
2017-04-12,15:45:00,35.45,35.45,35.45,35.45,100,0
2017-04-12,15:50:00,35.425,35.45,35.35,35.35,600,0
2017-04-12,15:55:00,35.35,35.4,35.3,35.4,5300,0
2017-04-12,16:00:00,35.4,35.4,35.2,35.4,2600,0
2017-04-12,16:05:00,35.45,35.45,35.35,35.35,500,0
2017-04-12,16:10:00,35.4,35.5,35.4,35.5,1500,0
2017-04-12,16:15:00,35.4,35.45,35.4,35.425,3300,0
2017-04-12,16:20:00,35.45,35.65,35.45,35.6,1145,0
2017-04-12,16:25:00,35.55,35.55,35.55,35.55,200,0
2017-04-12,16:30:00,35.45,35.45,35.45,35.45,100,0
2017-04-12,16:35:00,35.55,35.6,35.45,35.45,60200,0
2017-04-12,16:40:00,35.45,35.45,35.3,35.35,4900,0
2017-04-12,16:45:00,35.35,35.35,35.25,35.3,4200,0
2017-04-12,16:50:00,35.3,35.3,35.1,35.2,26898,0
2017-04-12,16:55:00,35.25,35.35,35.15,35.325,7098,0
2017-04-12,17:00:00,35.35,35.375,35.35,35.375,1401,0
2017-04-12,17:05:00,35.35,35.425,35.325,35.4,13100,0
2017-04-12,17:10:00,35.4,35.45,35.4,35.45,900,0
2017-04-12,17:15:00,35.45,35.45,35.45,35.45,300,0
2017-04-12,17:20:00,35.4,35.45,35.4,35.425,1660,0
2017-04-12,17:25:00,35.4,35.45,35.375,35.375,2009,0
2017-04-12,17:30:00,35.35,35.4,35.35,35.4,1400,0
2017-04-12,17:35:00,35.4,35.4,35.35,35.35,700,0
2017-04-12,17:40:00,35.35,35.35,35.3,35.35,2600,0
2017-04-12,17:50:00,35.35,35.35,35.35,35.35,100,0
2017-04-12,17:55:00,35.35,35.35,35.3,35.3,1700,0
2017-04-12,18:00:00,35.35,35.35,35.35,35.35,2039,0
2017-04-12,18:05:00,35.35,35.35,35.35,35.35,100,0
2017-04-12,18:15:00,35.3,35.4,35.3,35.4,600,0
2017-04-12,18:20:00,35.35,35.5,35.35,35.5,7306,0
2017-04-12,18:25:00,35.55,35.6,35.55,35.55,29520,0
2017-04-12,18:30:00,35.5,35.5,35.45,35.5,1300,0
2017-04-12,18:35:00,35.45,35.45,35.45,35.45,300,0
2017-04-12,18:40:00,35.4,35.4,35.35,35.35,600,0
2017-04-12,18:45:00,35.35,35.35,35.3,35.3,2906,0
2017-04-12,18:50:00,35.325,35.35,35.325,35.35,1200,0
2017-04-12,18:55:00,35.35,35.35,35.3,35.3,400,0
2017-04-12,19:00:00,35.3,35.3,35.3,35.3,400,0
2017-04-12,19:05:00,35.3,35.35,35.3,35.35,1000,0
2017-04-12,19:10:00,35.35,35.375,35.35,35.375,1201,0
2017-04-12,19:15:00,35.35,35.375,35.35,35.375,600,0
2017-04-12,19:20:00,35.375,35.375,35.375,35.375,300,0
2017-04-12,19:25:00,35.35,35.35,35.325,35.325,1638,0
2017-04-12,19:35:00,35.325,35.35,35.3,35.35,2000,0
2017-04-12,19:40:00,35.375,35.425,35.375,35.4,1500,0
2017-04-12,19:45:00,35.4,35.4,35.375,35.4,673,0
2017-04-12,19:50:00,35.4,35.45,35.4,35.45,1200,0
2017-04-12,20:00:00,35.4,35.55,35.4,35.5,3100,0
2017-04-12,20:05:00,35.5,35.5,35.45,35.45,35800,0
2017-04-12,20:10:00,35.45,35.45,35.35,35.4,2700,0
2017-04-12,20:15:00,35.35,35.35,35.3,35.3,3495,0
2017-04-12,20:20:00,35.25,35.3,35.25,35.275,900,0
2017-04-12,20:25:00,35.275,35.3,35.25,35.3,2000,0
2017-04-12,20:35:00,35.25,35.3,35.25,35.3,200,0
2017-04-12,20:40:00,35.3,35.3,35.2,35.2,2871,0
2017-04-12,20:45:00,35.2185,35.2185,35.175,35.175,228,0
2017-04-12,20:50:00,35.15,35.15,35.125,35.15,2600,0
2017-04-12,20:55:00,35.15,35.2,35.1,35.175,3900,0
2017-04-12,21:00:00,35.2,35.2,35.15,35.15,1100,0
2017-04-12,21:05:00,35.15,35.15,35.125,35.15,700,0
2017-04-12,21:10:00,35.1,35.1,35.1,35.1,100,0
2017-04-12,21:15:00,35.15,35.15,35.15,35.15,400,0
2017-04-12,21:20:00,35.15,35.15,35.05,35.05,2260,0
2017-04-12,21:25:00,34.95,35.1,34.85,35.1,4891,0
2017-04-12,21:30:00,35.05,35.1,35,35,817,0
2017-04-12,21:35:00,35,35.1,35,35.05,4600,0
2017-04-12,21:40:00,35.05,35.075,35.025,35.05,2900,0
2017-04-12,21:45:00,35.05,35.05,35.05,35.05,1000,0
2017-04-12,21:50:00,35.05,35.05,35.05,35.05,3000,0
2017-04-12,21:55:00,35.1,35.15,35.05,35.05,9088,0
2017-04-12,22:00:00,35.05,35.1,34.9,34.95,61098,0
2017-04-13,15:35:00,34.9,34.9,34.305,34.75,6901,0
2017-04-13,15:40:00,34.75,35,34.7,35,1300,0
2017-04-13,15:45:00,35.05,35.05,35.05,35.05,300,0
2017-04-13,15:50:00,35,35,34.95,34.95,1651,0
2017-04-13,15:55:00,35.1,35.3,35.05,35.25,1700,0
2017-04-13,16:05:00,35.25,35.25,35,35.15,5199,0
2017-04-13,16:15:00,35.15,35.15,35.05,35.05,1600,0
2017-04-13,16:20:00,35.1,35.15,35.05,35.05,1400,0
2017-04-13,16:25:00,34.95,35.05,34.85,35.05,1800,0
2017-04-13,16:30:00,35.05,35.05,34.85,34.85,785,0
2017-04-13,16:35:00,34.9,34.95,34.9,34.95,1200,0
2017-04-13,16:40:00,34.95,34.95,34.95,34.95,600,0
2017-04-13,16:45:00,34.95,34.95,34.9,34.9,600,0
2017-04-13,16:50:00,34.9,34.9,34.9,34.9,100,0
2017-04-13,16:55:00,34.9,35.05,34.9,35.05,1600,0
2017-04-13,17:00:00,34.95,35,34.95,34.95,554,0
2017-04-13,17:05:00,34.95,35,34.95,34.95,2300,0
2017-04-13,17:10:00,34.9,34.9,34.85,34.85,1000,0
2017-04-13,17:15:00,34.85,34.85,34.8,34.8,300,0
2017-04-13,17:20:00,34.75,34.8,34.7,34.7,900,0
2017-04-13,17:25:00,34.7,34.8,34.7,34.75,1600,0
2017-04-13,17:30:00,34.8,34.8,34.8,34.8,100,0
2017-04-13,17:35:00,34.8,34.85,34.7,34.8,4100,0
2017-04-13,17:40:00,34.85,34.85,34.65,34.65,18600,0
2017-04-13,17:45:00,34.7,34.85,34.7,34.85,17100,0
2017-04-13,17:50:00,34.85,34.85,34.8,34.85,1500,0
2017-04-13,17:55:00,34.75,34.75,34.65,34.75,3600,0
2017-04-13,18:00:00,34.725,34.75,34.725,34.75,3400,0
2017-04-13,18:05:00,34.7,34.75,34.7,34.75,200,0
2017-04-13,18:10:00,34.7,34.75,34.7,34.7,5374,0
2017-04-13,18:15:00,34.75,34.75,34.75,34.75,200,0
2017-04-13,18:20:00,34.75,34.8,34.7,34.7,5185,0
2017-04-13,18:25:00,34.75,34.775,34.675,34.75,8276,0
2017-04-13,18:30:00,34.7,34.7,34.7,34.7,100,0
2017-04-13,18:35:00,34.75,34.8,34.75,34.75,4697,0
2017-04-13,18:40:00,34.775,34.775,34.75,34.75,3400,0
2017-04-13,18:50:00,34.725,34.725,34.7,34.7,400,0
2017-04-13,18:55:00,34.65,34.7,34.65,34.7,1663,0
2017-04-13,19:00:00,34.7,34.7,34.7,34.7,400,0
2017-04-13,19:05:00,34.6466,34.65,34.6466,34.65,1050,0
2017-04-13,19:10:00,34.6,34.6,34.45,34.5,1300,0
2017-04-13,19:15:00,34.55,34.6,34.5,34.5,495,0
2017-04-13,19:20:00,34.55,34.575,34.5,34.575,1604,0
2017-04-13,19:25:00,34.575,34.575,34.55,34.575,465,0
2017-04-13,19:30:00,34.55,34.7,34.55,34.65,3425,0
2017-04-13,19:35:00,34.7,34.75,34.7,34.7,400,0
2017-04-13,19:40:00,34.675,34.7,34.675,34.7,825,0
2017-04-13,19:45:00,34.7,34.7,34.55,34.55,2400,0
2017-04-13,19:50:00,34.5,34.575,34.5,34.575,500,0
2017-04-13,19:55:00,34.5,34.6,34.5,34.6,1100,0
2017-04-13,20:00:00,34.7,34.7,34.65,34.65,200,0
2017-04-13,20:05:00,34.65,34.7,34.65,34.65,1200,0
2017-04-13,20:10:00,34.65,34.65,34.65,34.65,956,0
2017-04-13,20:15:00,34.7,34.7,34.625,34.65,1600,0
2017-04-13,20:20:00,34.7,34.75,34.7,34.75,900,0
2017-04-13,20:25:00,34.75,34.8,34.7,34.7,3203,0
2017-04-13,20:30:00,34.75,34.75,34.75,34.75,100,0
2017-04-13,20:40:00,34.75,34.8,34.7,34.7,1300,0
2017-04-13,20:50:00,34.746,34.746,34.7,34.7,450,0
2017-04-13,20:55:00,34.7,34.75,34.7,34.7,1200,0
2017-04-13,21:00:00,34.7,34.7,34.55,34.6,6750,0
2017-04-13,21:05:00,34.55,34.6,34.55,34.55,900,0
2017-04-13,21:10:00,34.55,34.6,34.55,34.6,200,0
2017-04-13,21:15:00,34.55,34.6,34.55,34.55,7600,0
2017-04-13,21:20:00,34.55,34.6,34.475,34.55,12403,0
2017-04-13,21:25:00,34.575,34.7,34.575,34.7,2200,0
2017-04-13,21:30:00,34.7,34.725,34.65,34.7,6164,0
2017-04-13,21:35:00,34.675,34.7,34.6,34.7,3800,0
2017-04-13,21:40:00,34.675,34.7,34.6,34.6,9914,0
2017-04-13,21:45:00,34.55,34.6,34.5,34.6,2160,0
2017-04-13,21:50:00,34.55,34.65,34.55,34.65,9737,0
2017-04-13,21:55:00,34.65,34.7,34.6,34.6,11608,0
2017-04-13,22:00:00,34.625,34.65,34.55,34.65,24423,0
2017-04-17,15:35:00,34.8,34.8,34.8,34.8,1747,0
2017-04-17,15:40:00,35.05,35.05,34.8,34.9,1200,0
2017-04-17,15:45:00,34.9,34.9,34.6,34.75,1500,0
2017-04-17,15:50:00,34.75,34.95,34.75,34.85,2900,0
2017-04-17,15:55:00,34.925,35,34.9,35,800,0
2017-04-17,16:00:00,34.95,34.95,34.95,34.95,100,0
2017-04-17,16:05:00,34.95,34.95,34.95,34.95,400,0
2017-04-17,16:10:00,34.925,34.925,34.925,34.925,100,0
2017-04-17,16:15:00,34.85,34.925,34.85,34.925,300,0
2017-04-17,16:20:00,34.85,34.85,34.85,34.85,100,0
2017-04-17,16:25:00,34.95,34.95,34.95,34.95,100,0
2017-04-17,16:30:00,34.9,34.9,34.8,34.8,1201,0
2017-04-17,16:35:00,34.85,34.95,34.85,34.9,900,0
2017-04-17,16:40:00,34.85,34.85,34.85,34.85,100,0
2017-04-17,16:50:00,34.9,34.9,34.85,34.85,400,0
2017-04-17,16:55:00,34.85,34.9,34.85,34.9,995,0
2017-04-17,17:00:00,34.9,34.95,34.9,34.9,1200,0
2017-04-17,17:05:00,34.85,35.01,34.85,35.01,1300,0
2017-04-17,17:10:00,35.05,35.05,35.05,35.05,200,0
2017-04-17,17:25:00,35,35,35,35,200,0
2017-04-17,17:30:00,35,35.05,35,35.05,825,0
2017-04-17,17:35:00,35,35,35,35,200,0
2017-04-17,17:45:00,34.95,34.95,34.95,34.95,1100,0
2017-04-17,17:50:00,34.95,34.9526,34.9,34.9526,1000,0
2017-04-17,17:55:00,34.95,34.9502,34.95,34.95,950,0
2017-04-17,18:00:00,34.9,34.95,34.85,34.85,954,0
2017-04-17,18:10:00,34.85,34.9,34.85,34.9,800,0
2017-04-17,18:15:00,34.95,34.95,34.85,34.85,1300,0
2017-04-17,18:20:00,34.95,34.95,34.925,34.95,500,0
2017-04-17,18:25:00,34.95,35,34.95,34.95,1000,0
2017-04-17,18:30:00,34.95,34.95,34.9,34.9,200,0
2017-04-17,18:35:00,34.9,34.9,34.85,34.85,500,0
2017-04-17,18:40:00,34.85,34.85,34.85,34.85,100,0
2017-04-17,18:45:00,34.85,34.85,34.85,34.85,100,0
2017-04-17,18:50:00,34.85,34.85,34.825,34.825,600,0
2017-04-17,18:55:00,34.8,34.825,34.75,34.8,2330,0
2017-04-17,19:00:00,34.825,34.9,34.825,34.85,800,0
2017-04-17,19:05:00,34.8,34.8,34.8,34.8,100,0
2017-04-17,19:15:00,34.8,34.8267,34.8,34.8267,500,0
2017-04-17,19:20:00,34.8,34.8,34.8,34.8,100,0
2017-04-17,19:25:00,34.8,34.8,34.75,34.75,400,0
2017-04-17,19:30:00,34.75,34.75,34.7,34.7,4040,0
2017-04-17,19:35:00,34.75,34.75,34.7,34.7,200,0
2017-04-17,19:40:00,34.75,34.75,34.725,34.725,300,0
2017-04-17,19:45:00,34.7,34.7,34.65,34.65,1510,0
2017-04-17,19:50:00,34.65,34.65,34.65,34.65,100,0
2017-04-17,19:55:00,34.65,34.65,34.65,34.65,100,0
2017-04-17,20:00:00,34.7,34.75,34.7,34.75,700,0
2017-04-17,20:05:00,34.75,34.75,34.75,34.75,1400,0
2017-04-17,20:10:00,34.75,34.75,34.725,34.725,400,0
2017-04-17,20:15:00,34.7235,34.74,34.7235,34.725,700,0
2017-04-17,20:20:00,34.729,34.75,34.729,34.75,2526,0
2017-04-17,20:25:00,34.7,34.7,34.65,34.65,1300,0
2017-04-17,20:30:00,34.65,34.65,34.65,34.65,200,0
2017-04-17,20:35:00,34.65,34.65,34.65,34.65,1795,0
2017-04-17,20:40:00,34.675,34.675,34.65,34.65,200,0
2017-04-17,20:45:00,34.65,34.7,34.65,34.7,1713,0
2017-04-17,20:50:00,34.7,34.7,34.7,34.7,100,0
2017-04-17,20:55:00,34.7,34.7,34.675,34.675,1800,0
2017-04-17,21:00:00,34.65,34.65,34.65,34.65,300,0
2017-04-17,21:05:00,34.65,34.75,34.65,34.75,1986,0
2017-04-17,21:10:00,34.75,34.8,34.725,34.725,5699,0
2017-04-17,21:15:00,34.75,34.85,34.75,34.85,3200,0
2017-04-17,21:20:00,34.85,34.9,34.85,34.85,3737,0
2017-04-17,21:25:00,34.85,34.9,34.85,34.9,200,0
2017-04-17,21:30:00,34.9,35,34.9,35,1850,0
2017-04-17,21:35:00,35.05,35.05,34.925,34.925,3536,0
2017-04-17,21:40:00,34.95,34.95,34.95,34.95,900,0
2017-04-17,21:45:00,35,35,35,35,1700,0
2017-04-17,21:50:00,35.031,35.05,35,35,5153,0
2017-04-17,21:55:00,35.025,35.075,35,35.075,4685,0
2017-04-17,22:00:00,35.05,35.1,35,35.05,16927,0
2017-04-18,15:35:00,34.85,34.85,34.85,34.85,1729,0
2017-04-18,15:40:00,34.9,34.9,34.9,34.9,100,0
2017-04-18,15:50:00,34.95,34.95,34.95,34.95,100,0
2017-04-18,15:55:00,34.8,34.8,34.75,34.8,2981,0
2017-04-18,16:00:00,34.85,34.85,34.85,34.85,100,0
2017-04-18,16:05:00,34.95,34.95,34.85,34.85,664,0
2017-04-18,16:10:00,34.85,34.85,34.825,34.825,300,0
2017-04-18,16:15:00,34.8,34.8,34.8,34.8,400,0
2017-04-18,16:20:00,34.8,34.85,34.75,34.75,1900,0
2017-04-18,16:25:00,34.75,34.85,34.75,34.85,900,0
2017-04-18,16:30:00,34.85,34.85,34.85,34.85,698,0
2017-04-18,16:35:00,34.9,34.95,34.9,34.9,900,0
2017-04-18,16:40:00,34.9,34.95,34.9,34.95,300,0
2017-04-18,16:50:00,35,35.05,34.95,35.05,800,0
2017-04-18,16:55:00,35,35,34.95,34.95,1296,0
2017-04-18,17:00:00,34.9,34.95,34.85,34.85,578,0
2017-04-18,17:05:00,34.85,34.85,34.85,34.85,400,0
2017-04-18,17:10:00,34.85,34.85,34.8,34.85,700,0
2017-04-18,17:15:00,34.9,34.95,34.9,34.95,300,0
2017-04-18,17:25:00,34.9,34.9,34.9,34.9,400,0
2017-04-18,17:30:00,34.95,35,34.95,35,600,0
2017-04-18,17:35:00,35,35,34.9,34.9,900,0
2017-04-18,17:40:00,34.85,34.85,34.75,34.85,1000,0
2017-04-18,17:45:00,34.85,34.85,34.75,34.75,500,0
2017-04-18,17:50:00,34.85,34.85,34.85,34.85,100,0
2017-04-18,17:55:00,34.85,34.85,34.8,34.8,700,0
2017-04-18,18:00:00,34.85,34.85,34.75,34.75,1200,0
2017-04-18,18:05:00,34.75,34.75,34.55,34.55,5730,0
2017-04-18,18:10:00,34.6,34.6,34.45,34.45,4300,0
2017-04-18,18:15:00,34.45,34.5,34.4,34.5,4400,0
2017-04-18,18:20:00,34.5,34.5,34.45,34.45,3000,0
2017-04-18,18:25:00,34.5,34.5,34.5,34.5,900,0
2017-04-18,18:30:00,34.45,34.5,34.45,34.45,1009,0
2017-04-18,18:35:00,34.45,34.5,34.45,34.45,800,0
2017-04-18,18:40:00,34.45,34.45,34.4,34.45,4912,0
2017-04-18,18:45:00,34.5,34.5,34.5,34.5,600,0
2017-04-18,18:50:00,34.45,34.5,34.45,34.5,400,0
2017-04-18,18:55:00,34.475,34.55,34.45,34.45,2480,0
2017-04-18,19:00:00,34.5,34.5,34.5,34.5,200,0
2017-04-18,19:05:00,34.45,34.55,34.45,34.55,2270,0
2017-04-18,19:10:00,34.55,34.55,34.5,34.5,4000,0
2017-04-18,19:15:00,34.55,34.6,34.55,34.6,3100,0
2017-04-18,19:20:00,34.6,34.6,34.55,34.6,3284,0
2017-04-18,19:25:00,34.6,34.6,34.55,34.55,1200,0
2017-04-18,19:30:00,34.55,34.6,34.55,34.6,3634,0
2017-04-18,19:35:00,34.6,34.6,34.575,34.6,7300,0
2017-04-18,19:40:00,34.65,34.65,34.65,34.65,100,0
2017-04-18,19:45:00,34.7,34.7,34.7,34.7,300,0
2017-04-18,19:50:00,34.65,34.65,34.65,34.65,100,0
2017-04-18,19:55:00,34.7,34.7,34.7,34.7,916,0
2017-04-18,20:00:00,34.7,34.7,34.675,34.7,2700,0
2017-04-18,20:05:00,34.7,34.75,34.65,34.7,4803,0
2017-04-18,20:10:00,34.65,34.7,34.65,34.65,300,0
2017-04-18,20:15:00,34.689,34.689,34.65,34.65,225,0
2017-04-18,20:20:00,34.675,34.675,34.65,34.65,300,0
2017-04-18,20:25:00,34.675,34.7,34.65,34.65,3600,0
2017-04-18,20:30:00,34.6,34.65,34.55,34.65,2900,0
2017-04-18,20:35:00,34.7,34.725,34.7,34.725,2050,0
2017-04-18,20:40:00,34.75,34.75,34.7,34.7,8024,0
2017-04-18,20:45:00,34.7,34.7,34.65,34.65,5007,0
2017-04-18,20:50:00,34.6,34.65,34.6,34.6,3200,0
2017-04-18,20:55:00,34.65,34.65,34.65,34.65,1000,0
2017-04-18,21:00:00,34.6252,34.6252,34.55,34.6,2115,0
2017-04-18,21:05:00,34.6,34.65,34.55,34.55,2200,0
2017-04-18,21:10:00,34.55,34.6,34.55,34.6,600,0
2017-04-18,21:15:00,34.6,34.6,34.55,34.55,2700,0
2017-04-18,21:20:00,34.55,34.55,34.5,34.55,4084,0
2017-04-18,21:25:00,34.6,34.6,34.55,34.6,1971,0
2017-04-18,21:30:00,34.65,34.65,34.65,34.65,900,0
2017-04-18,21:35:00,34.65,34.675,34.625,34.675,2317,0
2017-04-18,21:40:00,34.65,34.7,34.65,34.7,8533,0
2017-04-18,21:45:00,34.7,34.75,34.675,34.75,1717,0
2017-04-18,21:50:00,34.725,34.75,34.7,34.7,4353,0
2017-04-18,21:55:00,34.675,34.675,34.625,34.625,3934,0
2017-04-18,22:00:00,34.6,34.75,34.6,34.75,21672,0
2017-04-19,15:35:00,34.7,35.25,34.7,35.25,4411,0
2017-04-19,15:40:00,35.25,35.25,35.15,35.2,1100,0
2017-04-19,15:45:00,35.175,35.25,35.1,35.15,2100,0
2017-04-19,15:50:00,35.175,35.4,35.175,35.4,2229,0
2017-04-19,15:55:00,35.3,35.35,35.25,35.3,1451,0
2017-04-19,16:00:00,35.35,35.45,35.35,35.35,800,0
2017-04-19,16:05:00,35.35,35.35,35.3,35.3,500,0
2017-04-19,16:10:00,35.25,35.3,35.25,35.3,1200,0
2017-04-19,16:15:00,35.25,35.25,35.2,35.25,4600,0
2017-04-19,16:20:00,35.2,35.3,35.2,35.3,1300,0
2017-04-19,16:25:00,35.3,35.3,35.25,35.3,2096,0
2017-04-19,16:30:00,35.35,35.4,35.35,35.35,2317,0
2017-04-19,16:35:00,35.4,35.4,35.35,35.35,5603,0
2017-04-19,16:40:00,35.4,35.4,35.3,35.325,2700,0
2017-04-19,16:45:00,35.3,35.325,35.275,35.3,2097,0
2017-04-19,16:50:00,35.3,35.3,35.25,35.25,2300,0
2017-04-19,16:55:00,35.25,35.3,35.2,35.3,1900,0
2017-04-19,17:00:00,35.25,35.35,35.225,35.35,3000,0
2017-04-19,17:05:00,35.3,35.3,35.25,35.25,500,0
2017-04-19,17:10:00,35.275,35.275,35.2,35.2,1300,0
2017-04-19,17:15:00,35.2,35.25,35.15,35.25,1800,0
2017-04-19,17:20:00,35.3,35.3,35.25,35.3,800,0
2017-04-19,17:25:00,35.3,35.3,35.25,35.25,1500,0
2017-04-19,17:30:00,35.25,35.4,35.25,35.4,1600,0
2017-04-19,17:35:00,35.4,35.4,35.25,35.25,1700,0
2017-04-19,17:40:00,35.3,35.3,35.25,35.3,1100,0
2017-04-19,17:45:00,35.35,35.4,35.35,35.4,2500,0
2017-04-19,17:50:00,35.35,35.375,35.3,35.3,2200,0
2017-04-19,17:55:00,35.25,35.275,35.2,35.275,2721,0
2017-04-19,18:00:00,35.3,35.3,35.2,35.2,3950,0
2017-04-19,18:05:00,35.25,35.3,35.25,35.3,700,0
2017-04-19,18:10:00,35.25,35.3,35.25,35.3,1400,0
2017-04-19,18:15:00,35.25,35.25,35.25,35.25,1000,0
2017-04-19,18:25:00,35.3,35.35,35.3,35.35,700,0
2017-04-19,18:30:00,35.35,35.4,35.35,35.35,900,0
2017-04-19,18:35:00,35.4,35.425,35.375,35.375,400,0
2017-04-19,18:40:00,35.4,35.4,35.4,35.4,400,0
2017-04-19,18:50:00,35.4,35.425,35.375,35.425,2500,0
2017-04-19,18:55:00,35.45,35.45,35.45,35.45,800,0
2017-04-19,19:00:00,35.475,35.475,35.475,35.475,100,0
2017-04-19,19:05:00,35.45,35.45,35.4,35.4,850,0
2017-04-19,19:10:00,35.4,35.4,35.4,35.4,1202,0
2017-04-19,19:15:00,35.4,35.4,35.4,35.4,300,0
2017-04-19,19:20:00,35.45,35.45,35.45,35.45,700,0
2017-04-19,19:25:00,35.45,35.5,35.45,35.5,497,0
2017-04-19,19:30:00,35.525,35.525,35.5,35.5,500,0
2017-04-19,19:35:00,35.55,35.55,35.55,35.55,100,0
2017-04-19,19:40:00,35.55,35.55,35.55,35.55,200,0
2017-04-19,19:45:00,35.55,35.6,35.55,35.6,1100,0
2017-04-19,19:50:00,35.6,35.7,35.6,35.65,600,0
2017-04-19,19:55:00,35.65,35.7,35.65,35.7,1800,0
2017-04-19,20:00:00,35.65,35.7,35.65,35.7,1400,0
2017-04-19,20:05:00,35.675,35.7,35.65,35.7,1500,0
2017-04-19,20:10:00,35.675,35.675,35.65,35.65,800,0
2017-04-19,20:15:00,35.7,35.7,35.65,35.65,1100,0
2017-04-19,20:20:00,35.625,35.65,35.6,35.65,2280,0
2017-04-19,20:25:00,35.6,35.6,35.55,35.55,600,0
2017-04-19,20:30:00,35.55,35.65,35.55,35.65,1970,0
2017-04-19,20:35:00,35.675,35.675,35.65,35.65,475,0
2017-04-19,20:45:00,35.6,35.625,35.6,35.625,200,0
2017-04-19,20:50:00,35.6,35.6,35.55,35.6,2771,0
2017-04-19,20:55:00,35.575,35.575,35.5,35.525,738,0
2017-04-19,21:00:00,35.55,35.55,35.525,35.525,1500,0
2017-04-19,21:05:00,35.5,35.525,35.45,35.45,2400,0
2017-04-19,21:10:00,35.5,35.5,35.475,35.475,300,0
2017-04-19,21:15:00,35.5,35.55,35.475,35.525,1259,0
2017-04-19,21:20:00,35.55,35.55,35.525,35.55,800,0
2017-04-19,21:25:00,35.55,35.55,35.4,35.425,2645,0
2017-04-19,21:30:00,35.4,35.4,35.35,35.4,4721,0
2017-04-19,21:35:00,35.425,35.425,35.35,35.4,4168,0
2017-04-19,21:40:00,35.4,35.45,35.375,35.425,2600,0
2017-04-19,21:45:00,35.4,35.5,35.35,35.45,7724,0
2017-04-19,21:50:00,35.425,35.45,35.425,35.425,2902,0
2017-04-19,21:55:00,35.425,35.425,35.3,35.375,13934,0
2017-04-19,22:00:00,35.375,35.45,35.375,35.4,20867,0
2017-04-20,15:35:00,35.7,35.8,35.7,35.75,2555,0
2017-04-20,15:40:00,35.8,35.95,35.8,35.9,1400,0
2017-04-20,15:45:00,35.85,35.85,35.85,35.85,844,0
2017-04-20,15:50:00,35.95,35.95,35.75,35.75,300,0
2017-04-20,15:55:00,35.75,35.825,35.75,35.825,500,0
2017-04-20,16:00:00,35.825,35.825,35.75,35.8,2100,0
2017-04-20,16:05:00,35.8,35.85,35.7,35.7,600,0
2017-04-20,16:10:00,35.7,35.8,35.7,35.8,1456,0
2017-04-20,16:20:00,35.75,35.775,35.65,35.65,1400,0
2017-04-20,16:25:00,35.7,35.75,35.7,35.7,1250,0
2017-04-20,16:30:00,35.7,35.7,35.65,35.7,700,0
2017-04-20,16:35:00,35.7,35.75,35.7,35.7,700,0
2017-04-20,16:40:00,35.7,35.75,35.7,35.75,800,0
2017-04-20,16:50:00,35.85,35.85,35.85,35.85,800,0
2017-04-20,16:55:00,35.9,35.9,35.9,35.9,100,0
2017-04-20,17:00:00,35.95,35.95,35.9,35.9,700,0
2017-04-20,17:05:00,35.95,35.95,35.85,35.95,400,0
2017-04-20,17:10:00,35.9,35.9,35.9,35.9,200,0
2017-04-20,17:15:00,35.95,35.95,35.95,35.95,800,0
2017-04-20,17:20:00,35.925,35.95,35.925,35.95,400,0
2017-04-20,17:25:00,35.95,35.95,35.95,35.95,500,0
2017-04-20,17:30:00,35.9,35.9,35.9,35.9,100,0
2017-04-20,17:35:00,35.975,36,35.9,35.9,1350,0
2017-04-20,17:40:00,35.9,35.95,35.9,35.95,200,0
2017-04-20,17:45:00,36,36.05,35.9,36.05,2100,0
2017-04-20,17:50:00,36.075,36.075,36,36,1300,0
2017-04-20,17:55:00,36.05,36.05,36,36,200,0
2017-04-20,18:05:00,36.05,36.15,36,36.15,1750,0
2017-04-20,18:10:00,36.1,36.125,36,36.05,905,0
2017-04-20,18:15:00,36.1,36.1,36.1,36.1,100,0
2017-04-20,18:20:00,36.05,36.05,36.05,36.05,200,0
2017-04-20,18:25:00,36.15,36.1502,36.15,36.15,1275,0
2017-04-20,18:35:00,36.15,36.15,36.1,36.1,400,0
2017-04-20,18:40:00,36.1,36.15,36.05,36.1,1087,0
2017-04-20,18:50:00,36.1,36.1,36.05,36.05,400,0
2017-04-20,18:55:00,36.1,36.1,36.1,36.1,482,0
2017-04-20,19:00:00,36.02,36.05,36,36,600,0
2017-04-20,19:05:00,36.05,36.05,36,36,200,0
2017-04-20,19:20:00,35.95,36.05,35.95,35.95,500,0
2017-04-20,19:25:00,35.9251,35.95,35.925,35.925,800,0
2017-04-20,19:30:00,35.9,35.975,35.9,35.975,1000,0
2017-04-20,19:35:00,35.95,35.95,35.9,35.9,805,0
2017-04-20,19:50:00,36,36.05,36,36.05,700,0
2017-04-20,19:55:00,36.1,36.15,36.1,36.15,400,0
2017-04-20,20:00:00,36.15,36.2,36,36,3675,0
2017-04-20,20:05:00,36.035,36.035,36,36,400,0
2017-04-20,20:10:00,36.025,36.025,36,36,585,0
2017-04-20,20:15:00,36,36,35.95,35.95,300,0
2017-04-20,20:20:00,35.95,35.95,35.95,35.95,200,0
2017-04-20,20:25:00,35.95,35.95,35.9,35.95,1100,0
2017-04-20,20:30:00,36,36,36,36,200,0
2017-04-20,20:35:00,36.05,36.05,35.9,35.95,1022,0
2017-04-20,20:40:00,35.95,35.95,35.9,35.9,800,0
2017-04-20,20:45:00,35.85,35.85,35.85,35.85,200,0
2017-04-20,20:50:00,35.9,35.9,35.85,35.85,500,0
2017-04-20,20:55:00,35.9,35.9,35.85,35.85,1114,0
2017-04-20,21:00:00,35.9,35.9,35.85,35.85,300,0
2017-04-20,21:05:00,35.9,35.9,35.8,35.85,3184,0
2017-04-20,21:10:00,35.875,35.9,35.875,35.875,1125,0
2017-04-20,21:15:00,35.925,35.95,35.925,35.95,200,0
2017-04-20,21:20:00,35.95,35.95,35.85,35.85,2058,0
2017-04-20,21:25:00,35.85,35.85,35.825,35.825,1000,0
2017-04-20,21:30:00,35.825,35.85,35.825,35.825,600,0
2017-04-20,21:35:00,35.85,35.9,35.85,35.875,1778,0
2017-04-20,21:40:00,35.85,35.875,35.8,35.8,6774,0
2017-04-20,21:45:00,35.85,35.9,35.825,35.85,2100,0
2017-04-20,21:50:00,35.9,35.9,35.875,35.875,900,0
2017-04-20,21:55:00,35.875,35.95,35.85,35.875,4900,0
2017-04-20,22:00:00,35.875,35.95,35.85,35.9,24335,0
2017-04-21,15:35:00,35.8,35.9,35.7,35.9,14814,0
2017-04-21,15:40:00,35.65,35.65,35.5,35.65,726,0
2017-04-21,15:45:00,35.7,35.75,35.7,35.75,1200,0
2017-04-21,15:50:00,35.85,35.85,35.6,35.6,1100,0
2017-04-21,15:55:00,35.7,35.7,35.4,35.4,800,0
2017-04-21,16:00:00,35.425,35.425,35.425,35.425,100,0
2017-04-21,16:05:00,35.4,35.4,35.25,35.3,3000,0
2017-04-21,16:10:00,35.35,35.35,35.25,35.35,4094,0
2017-04-21,16:15:00,35.4,35.4,35.4,35.4,413,0
2017-04-21,16:20:00,35.4,35.4,35.35,35.4,1000,0
2017-04-21,16:25:00,35.45,35.45,35.45,35.45,100,0
2017-04-21,16:30:00,35.45,35.475,35.35,35.4,1800,0
2017-04-21,16:35:00,35.4,35.4,35.3,35.4,4000,0
2017-04-21,16:40:00,35.4,35.4,35.4,35.4,1000,0
2017-04-21,16:45:00,35.4,35.45,35.35,35.45,1782,0
2017-04-21,16:50:00,35.45,35.45,35.45,35.45,300,0
2017-04-21,16:55:00,35.4,35.4,35.35,35.4,900,0
2017-04-21,17:00:00,35.35,35.4,35.3,35.4,1100,0
2017-04-21,17:05:00,35.4,35.4,35.35,35.4,1300,0
2017-04-21,17:20:00,35.3,35.3,35.3,35.3,200,0
2017-04-21,17:25:00,35.4,35.45,35.4,35.45,500,0
2017-04-21,17:30:00,35.45,35.45,35.4,35.45,1276,0
2017-04-21,17:35:00,35.45,35.45,35.4,35.45,600,0
2017-04-21,17:40:00,35.45,35.45,35.45,35.45,200,0
2017-04-21,17:45:00,35.45,35.5,35.4,35.45,3737,0
2017-04-21,17:50:00,35.45,35.45,35.4,35.4,700,0
2017-04-21,17:55:00,35.425,35.5,35.425,35.5,1000,0
2017-04-21,18:00:00,35.55,35.55,35.55,35.55,100,0
2017-04-21,18:05:00,35.5,35.5,35.5,35.5,900,0
2017-04-21,18:15:00,35.5,35.5,35.4,35.4,2400,0
2017-04-21,18:25:00,35.475,35.475,35.475,35.475,200,0
2017-04-21,18:30:00,35.475,35.475,35.35,35.35,2095,0
2017-04-21,18:35:00,35.4,35.4,35.35,35.4,1600,0
2017-04-21,18:40:00,35.425,35.425,35.35,35.35,700,0
2017-04-21,18:45:00,35.4,35.45,35.4,35.45,800,0
2017-04-21,18:50:00,35.5,35.5,35.5,35.5,200,0
2017-04-21,18:55:00,35.5,35.5,35.4,35.5,575,0
2017-04-21,19:00:00,35.45,35.475,35.45,35.45,300,0
2017-04-21,19:05:00,35.475,35.475,35.45,35.45,500,0
2017-04-21,19:10:00,35.475,35.475,35.375,35.4,2300,0
2017-04-21,19:15:00,35.4,35.4,35.3,35.35,1800,0
2017-04-21,19:20:00,35.35,35.4,35.35,35.4,1851,0
2017-04-21,19:25:00,35.4,35.4,35.35,35.4,1300,0
2017-04-21,19:30:00,35.45,35.475,35.4,35.45,1000,0
2017-04-21,19:35:00,35.45,35.45,35.4,35.4,800,0
2017-04-21,19:50:00,35.4,35.4,35.35,35.375,1000,0
2017-04-21,19:55:00,35.4,35.4,35.4,35.4,1362,0
2017-04-21,20:00:00,35.425,35.5,35.425,35.45,1900,0
2017-04-21,20:05:00,35.45,35.45,35.4,35.4,700,0
2017-04-21,20:15:00,35.429,35.45,35.429,35.45,700,0
2017-04-21,20:20:00,35.45,35.4503,35.45,35.4503,358,0
2017-04-21,20:25:00,35.5,35.5,35.45,35.45,300,0
2017-04-21,20:30:00,35.4,35.525,35.4,35.525,800,0
2017-04-21,20:35:00,35.55,35.55,35.55,35.55,300,0
2017-04-21,20:40:00,35.525,35.525,35.4,35.45,4291,0
2017-04-21,20:45:00,35.5,35.5,35.4,35.4,1700,0
2017-04-21,20:50:00,35.4,35.475,35.4,35.45,3400,0
2017-04-21,20:55:00,35.5,35.5,35.45,35.5,1700,0
2017-04-21,21:00:00,35.5,35.525,35.5,35.525,700,0
2017-04-21,21:05:00,35.5,35.55,35.5,35.55,700,0
2017-04-21,21:10:00,35.55,35.55,35.475,35.475,2605,0
2017-04-21,21:15:00,35.45,35.5,35.45,35.5,2400,0
2017-04-21,21:20:00,35.5,35.5,35.45,35.45,1904,0
2017-04-21,21:25:00,35.5,35.5,35.45,35.5,1497,0
2017-04-21,21:30:00,35.475,35.5,35.475,35.475,800,0
2017-04-21,21:35:00,35.45,35.5,35.4,35.4,2441,0
2017-04-21,21:40:00,35.4,35.45,35.4,35.4,5719,0
2017-04-21,21:45:00,35.4,35.425,35.35,35.375,6268,0
2017-04-21,21:50:00,35.375,35.4,35.35,35.375,3803,0
2017-04-21,21:55:00,35.375,35.375,35.3,35.3,10500,0
2017-04-21,22:00:00,35.35,35.35,35.25,35.3,43611,0
2017-04-24,15:35:00,36.1,36.1,35.95,36,3577,0
2017-04-24,15:40:00,36,36.1,35.9,35.9,3073,0
2017-04-24,15:45:00,36.1,36.1,35.95,35.95,800,0
2017-04-24,15:50:00,36.1,36.15,35.95,36,2200,0
2017-04-24,15:55:00,36.1,36.25,36.05,36.25,1700,0
2017-04-24,16:00:00,36.2,36.2,36.2,36.2,300,0
2017-04-24,16:10:00,36.2,36.25,36.15,36.2,1600,0
2017-04-24,16:15:00,36.25,36.25,36.2,36.2,2914,0
2017-04-24,16:20:00,36.2,36.2,35.95,35.95,5725,0
2017-04-24,16:25:00,35.95,35.975,35.8,35.8,2000,0
2017-04-24,16:30:00,35.8,36,35.8,35.975,1700,0
2017-04-24,16:35:00,35.95,36,35.85,35.85,3345,0
2017-04-24,16:40:00,35.75,35.8,35.75,35.8,500,0
2017-04-24,16:45:00,35.75,35.75,35.6,35.65,3899,0
2017-04-24,16:50:00,35.6,35.6,35.6,35.6,200,0
2017-04-24,16:55:00,35.7,35.75,35.55,35.55,5100,0
2017-04-24,17:00:00,35.55,35.55,35.45,35.5,3998,0
2017-04-24,17:05:00,35.5,35.55,35.4,35.525,8061,0
2017-04-24,17:10:00,35.55,35.65,35.5,35.55,2650,0
2017-04-24,17:15:00,35.65,35.65,35.55,35.55,5012,0
2017-04-24,17:20:00,35.65,35.65,35.5,35.65,2375,0
2017-04-24,17:25:00,35.65,35.75,35.65,35.7,4700,0
2017-04-24,17:30:00,35.7,35.7,35.65,35.65,1231,0
2017-04-24,17:35:00,35.65,35.7,35.65,35.65,11069,0
2017-04-24,17:40:00,35.7,35.7,35.7,35.7,12810,0
2017-04-24,17:45:00,35.7,35.7,35.65,35.65,1000,0
2017-04-24,17:50:00,35.65,35.7,35.65,35.7,2800,0
2017-04-24,17:55:00,35.7,35.7,35.6,35.6,2089,0
2017-04-24,18:00:00,35.6,35.65,35.6,35.65,900,0
2017-04-24,18:05:00,35.7,35.75,35.7,35.75,2900,0
2017-04-24,18:10:00,35.75,35.775,35.7,35.7,3300,0
2017-04-24,18:15:00,35.75,35.775,35.7,35.7,3300,0
2017-04-24,18:20:00,35.7,35.7,35.7,35.7,600,0
2017-04-24,18:25:00,35.6864,35.6864,35.6864,35.6864,815,0
2017-04-24,18:30:00,35.65,35.7,35.65,35.7,1000,0
2017-04-24,18:35:00,35.65,35.7,35.55,35.6,4080,0
2017-04-24,18:40:00,35.6,35.65,35.55,35.65,500,0
2017-04-24,18:45:00,35.65,35.7,35.55,35.65,1950,0
2017-04-24,18:50:00,35.7003,35.7003,35.7003,35.7003,100,0
2017-04-24,18:55:00,35.7,35.7,35.7,35.7,300,0
2017-04-24,19:00:00,35.7,35.75,35.55,35.65,5996,0
2017-04-24,19:05:00,35.65,35.7,35.6,35.65,2600,0
2017-04-24,19:10:00,35.65,35.65,35.65,35.65,100,0
2017-04-24,19:15:00,35.65,35.675,35.6,35.675,1400,0
2017-04-24,19:20:00,35.692,35.7,35.692,35.7,5375,0
2017-04-24,19:25:00,35.7,35.75,35.65,35.675,3700,0
2017-04-24,19:30:00,35.7,35.7,35.6642,35.7,1160,0
2017-04-24,19:35:00,35.7,35.7,35.675,35.675,200,0
2017-04-24,19:40:00,35.65,35.65,35.6,35.65,3160,0
2017-04-24,19:45:00,35.65,35.7,35.6,35.65,8300,0
2017-04-24,19:50:00,35.65,35.65,35.65,35.65,500,0
2017-04-24,19:55:00,35.65,35.675,35.6,35.6,3900,0
2017-04-24,20:00:00,35.6,35.65,35.6,35.6,2000,0
2017-04-24,20:05:00,35.65,35.7,35.55,35.55,3421,0
2017-04-24,20:10:00,35.575,35.6,35.55,35.6,1700,0
2017-04-24,20:15:00,35.55,35.6,35.55,35.575,700,0
2017-04-24,20:20:00,35.6,35.6,35.5,35.55,4800,0
2017-04-24,20:25:00,35.6,35.6,35.6,35.6,1400,0
2017-04-24,20:30:00,35.575,35.6,35.55,35.55,1600,0
2017-04-24,20:35:00,35.6,35.6,35.6,35.6,2000,0
2017-04-24,20:40:00,35.5753,35.5753,35.5,35.55,1800,0
2017-04-24,20:45:00,35.5,35.6,35.5,35.6,1846,0
2017-04-24,20:50:00,35.575,35.625,35.575,35.6,1511,0
2017-04-24,20:55:00,35.575,35.6,35.575,35.6,500,0
2017-04-24,21:00:00,35.55,35.6,35.55,35.6,600,0
2017-04-24,21:05:00,35.6,35.625,35.575,35.6,3800,0
2017-04-24,21:10:00,35.6,35.6,35.55,35.6,3298,0
2017-04-24,21:15:00,35.6,35.6,35.55,35.6,600,0
2017-04-24,21:20:00,35.575,35.6,35.575,35.6,600,0
2017-04-24,21:25:00,35.575,35.6,35.55,35.575,3100,0
2017-04-24,21:30:00,35.575,35.6,35.55,35.6,2400,0
2017-04-24,21:35:00,35.6,35.65,35.6,35.6,6371,0
2017-04-24,21:40:00,35.65,35.7,35.625,35.675,2825,0
2017-04-24,21:45:00,35.7,35.7,35.675,35.7,1400,0
2017-04-24,21:50:00,35.7,35.7,35.675,35.7,1500,0
2017-04-24,21:55:00,35.7,35.7,35.6,35.625,8873,0
2017-04-24,22:00:00,35.65,35.7,35.5,35.5,45243,0
2017-04-25,15:35:00,35.85,36.15,35.85,36,3398,0
2017-04-25,15:40:00,36.05,36.1,36.05,36.1,3056,0
2017-04-25,15:45:00,36.15,36.2,36.15,36.15,981,0
2017-04-25,15:50:00,36.25,36.275,36.2,36.275,1400,0
2017-04-25,15:55:00,36.25,36.284,36.2,36.25,4145,0
2017-04-25,16:05:00,36.2,36.35,36.2,36.35,700,0
2017-04-25,16:10:00,36.45,36.45,36.4,36.425,2500,0
2017-04-25,16:15:00,36.425,36.5,36.4,36.4,800,0
2017-04-25,16:20:00,36.45,36.45,36.375,36.45,2934,0
2017-04-25,16:25:00,36.35,36.35,36.3,36.3,900,0
2017-04-25,16:30:00,36.3,36.35,36.275,36.3,3600,0
2017-04-25,16:35:00,36.3,36.3,36.25,36.3,2920,0
2017-04-25,16:40:00,36.3,36.35,36.3,36.35,1400,0
2017-04-25,16:45:00,36.3,36.35,36.3,36.35,500,0
2017-04-25,16:50:00,36.25,36.25,36.25,36.25,2324,0
2017-04-25,16:55:00,36.25,36.3,36.25,36.25,1692,0
2017-04-25,17:00:00,36.25,36.25,36.15,36.15,900,0
2017-04-25,17:05:00,36.2,36.2,36.2,36.2,200,0
2017-04-25,17:10:00,36.25,36.25,36.25,36.25,538,0
2017-04-25,17:15:00,36.3,36.3,36.25,36.25,321,0
2017-04-25,17:20:00,36.25,36.35,36.25,36.35,2226,0
2017-04-25,17:25:00,36.35,36.35,36.271,36.275,2200,0
2017-04-25,17:30:00,36.3,36.35,36.275,36.35,2400,0
2017-04-25,17:35:00,36.35,36.35,36.25,36.25,2140,0
2017-04-25,17:40:00,36.25,36.25,36.25,36.25,200,0
2017-04-25,17:45:00,36.25,36.25,36.25,36.25,100,0
2017-04-25,17:50:00,36.3,36.3,36.25,36.275,726,0
2017-04-25,17:55:00,36.275,36.3,36.25,36.275,864,0
2017-04-25,18:00:00,36.3,36.3,36.2,36.25,6714,0
2017-04-25,18:05:00,36.3,36.3,36.2,36.2,2000,0
2017-04-25,18:10:00,36.25,36.25,36.25,36.25,200,0
2017-04-25,18:15:00,36.3,36.3,36.15,36.15,1726,0
2017-04-25,18:20:00,36.2,36.225,36.175,36.2,900,0
2017-04-25,18:25:00,36.2,36.25,36.2,36.25,900,0
2017-04-25,18:30:00,36.25,36.3,36.25,36.25,4494,0
2017-04-25,18:35:00,36.25,36.25,36.2,36.2,900,0
2017-04-25,18:40:00,36.2,36.2,36.15,36.15,1000,0
2017-04-25,18:45:00,36.2,36.225,36.15,36.15,1100,0
2017-04-25,18:50:00,36.1,36.1,36.1,36.1,100,0
2017-04-25,18:55:00,36.1,36.15,36.1,36.1,400,0
2017-04-25,19:00:00,36.1,36.1,36.1,36.1,300,0
2017-04-25,19:05:00,36.15,36.15,36.05,36.05,6000,0
2017-04-25,19:10:00,36.2,36.25,36.15,36.2,2500,0
2017-04-25,19:15:00,36.2,36.2,36.2,36.2,1500,0
2017-04-25,19:25:00,36.1747,36.25,36.1747,36.2,2613,0
2017-04-25,19:30:00,36.175,36.2,36.15,36.15,694,0
2017-04-25,19:35:00,36.175,36.175,36.15,36.175,1000,0
2017-04-25,19:40:00,36.15,36.15,36.15,36.15,400,0
2017-04-25,19:45:00,36.2,36.2,36.15,36.15,200,0
2017-04-25,19:50:00,36.1559,36.1559,36.1,36.1,257,0
2017-04-25,19:55:00,36.15,36.2,36.15,36.15,700,0
2017-04-25,20:00:00,36.15,36.175,36.15,36.175,700,0
2017-04-25,20:05:00,36.2,36.2,36.15,36.15,2800,0
2017-04-25,20:10:00,36.2,36.25,36.175,36.25,1000,0
2017-04-25,20:15:00,36.3,36.3,36.25,36.25,800,0
2017-04-25,20:20:00,36.25,36.25,36.25,36.25,700,0
2017-04-25,20:25:00,36.25,36.25,36.25,36.25,1000,0
2017-04-25,20:30:00,36.25,36.25,36.225,36.25,1200,0
2017-04-25,20:35:00,36.225,36.25,36.2,36.25,1500,0
2017-04-25,20:40:00,36.25,36.25,36.25,36.25,300,0
2017-04-25,20:45:00,36.25,36.3,36.25,36.25,1920,0
2017-04-25,20:50:00,36.225,36.25,36.225,36.225,1480,0
2017-04-25,20:55:00,36.25,36.25,36.25,36.25,100,0
2017-04-25,21:00:00,36.2,36.25,36.2,36.225,1400,0
2017-04-25,21:05:00,36.25,36.275,36.225,36.275,2500,0
2017-04-25,21:10:00,36.275,36.35,36.275,36.325,2900,0
2017-04-25,21:15:00,36.325,36.325,36.3,36.325,1400,0
2017-04-25,21:20:00,36.325,36.325,36.2,36.2,6276,0
2017-04-25,21:25:00,36.25,36.3,36.25,36.25,900,0
2017-04-25,21:30:00,36.275,36.275,36.275,36.275,600,0
2017-04-25,21:35:00,36.25,36.3,36.2,36.225,3014,0
2017-04-25,21:40:00,36.2,36.225,36.2,36.225,200,0
2017-04-25,21:45:00,36.25,36.3,36.25,36.275,4635,0
2017-04-25,21:50:00,36.275,36.3,36.25,36.275,2982,0
2017-04-25,21:55:00,36.275,36.275,36.2,36.25,6306,0
2017-04-25,22:00:00,36.2,36.25,36.2,36.2,23779,0
2017-04-26,15:35:00,36.25,36.25,36.05,36.2,2495,0
2017-04-26,15:40:00,36.25,36.25,36.15,36.15,424,0
2017-04-26,15:45:00,36.3,36.4,36.2,36.25,2200,0
2017-04-26,15:50:00,36.25,36.35,36.15,36.35,900,0
2017-04-26,16:05:00,36.3,36.3,36.3,36.3,700,0
2017-04-26,16:10:00,36.3,36.3,36.25,36.3,600,0
2017-04-26,16:20:00,36.3,36.35,36.275,36.3,1552,0
2017-04-26,16:25:00,36.35,36.35,36.325,36.35,850,0
2017-04-26,16:30:00,36.35,36.4,36.35,36.4,800,0
2017-04-26,16:35:00,36.45,36.45,36.4,36.4,700,0
2017-04-26,16:40:00,36.375,36.4,36.375,36.4,1000,0
2017-04-26,16:45:00,36.45,36.475,36.45,36.475,700,0
2017-04-26,16:50:00,36.45,36.45,36.45,36.45,100,0
2017-04-26,16:55:00,36.5,36.55,36.4,36.5,6330,0
2017-04-26,17:00:00,36.5,36.6,36.5,36.55,2883,0
2017-04-26,17:05:00,36.55,36.55,36.5,36.5,700,0
2017-04-26,17:10:00,36.5,36.55,36.5,36.5,1200,0
2017-04-26,17:15:00,36.55,36.6,36.55,36.55,1288,0
2017-04-26,17:20:00,36.55,36.6,36.5,36.6,6100,0
2017-04-26,17:25:00,36.55,36.75,36.55,36.65,4100,0
2017-04-26,17:30:00,36.65,36.7,36.65,36.7,2400,0
2017-04-26,17:35:00,36.7,36.8,36.7,36.8,1700,0
2017-04-26,17:40:00,36.8,36.8,36.7,36.7,200,0
2017-04-26,17:45:00,36.65,36.65,36.625,36.65,2100,0
2017-04-26,17:50:00,36.6,36.6,36.525,36.6,1000,0
2017-04-26,17:55:00,36.5,36.525,36.35,36.45,1200,0
2017-04-26,18:00:00,36.3,36.45,36.25,36.4,3599,0
2017-04-26,18:05:00,36.4,36.4,36.25,36.4,407,0
2017-04-26,18:10:00,36.4,36.4,36.4,36.4,200,0
2017-04-26,18:15:00,36.4,36.45,36.4,36.45,521,0
2017-04-26,18:25:00,36.5,36.5,36.35,36.35,2765,0
2017-04-26,18:30:00,36.4,36.45,36.3,36.3,1200,0
2017-04-26,18:35:00,36.4,36.4,36.35,36.35,400,0
2017-04-26,18:40:00,36.4,36.4,36.3,36.4,1452,0
2017-04-26,18:45:00,36.45,36.5,36.4,36.45,600,0
2017-04-26,18:50:00,36.5,36.6,36.5,36.6,1000,0
2017-04-26,18:55:00,36.55,36.6,36.55,36.6,500,0
2017-04-26,19:00:00,36.6,36.6,36.55,36.55,500,0
2017-04-26,19:05:00,36.6,36.6,36.6,36.6,100,0
2017-04-26,19:10:00,36.5,36.6,36.5,36.6,500,0
2017-04-26,19:15:00,36.6,36.65,36.6,36.6,1335,0
2017-04-26,19:20:00,36.65,36.65,36.6,36.65,900,0
2017-04-26,19:25:00,36.6,36.65,36.6,36.625,5338,0
2017-04-26,19:30:00,36.6,36.6,36.55,36.6,1640,0
2017-04-26,19:35:00,36.6,36.6,36.5,36.575,2299,0
2017-04-26,19:40:00,36.55,36.6,36.55,36.6,1412,0
2017-04-26,19:45:00,36.65,36.65,36.6,36.6,200,0
2017-04-26,19:50:00,36.6,36.6,36.5,36.5,1833,0
2017-04-26,19:55:00,36.5,36.675,36.5,36.65,1620,0
2017-04-26,20:00:00,36.6,36.6,36.6,36.6,900,0
2017-04-26,20:05:00,36.55,36.55,36.4,36.5,1700,0
2017-04-26,20:10:00,36.5,36.5,36.5,36.5,600,0
2017-04-26,20:15:00,36.55,36.55,36.55,36.55,100,0
2017-04-26,20:20:00,36.55,36.6,36.45,36.45,2809,0
2017-04-26,20:25:00,36.5,36.55,36.45,36.55,1956,0
2017-04-26,20:30:00,36.55,36.55,36.5,36.5,200,0
2017-04-26,20:35:00,36.45,36.5,36.45,36.45,1092,0
2017-04-26,20:40:00,36.45,36.45,36.35,36.35,492,0
2017-04-26,20:45:00,36.5,36.6,36.5,36.6,1400,0
2017-04-26,20:50:00,36.55,36.55,36.5,36.55,905,0
2017-04-26,20:55:00,36.55,36.55,36.45,36.55,1523,0
2017-04-26,21:00:00,36.55,36.55,36.55,36.55,100,0
2017-04-26,21:05:00,36.45,36.475,36.4,36.45,4684,0
2017-04-26,21:10:00,36.45,36.45,36.35,36.425,2292,0
2017-04-26,21:15:00,36.4,36.45,36.4,36.425,1500,0
2017-04-26,21:20:00,36.4,36.45,36.35,36.35,3206,0
2017-04-26,21:25:00,36.4,36.45,36.375,36.45,300,0
2017-04-26,21:30:00,36.45,36.45,36.325,36.375,3376,0
2017-04-26,21:35:00,36.4,36.45,36.375,36.4,4020,0
2017-04-26,21:40:00,36.45,36.5,36.425,36.45,9487,0
2017-04-26,21:45:00,36.45,36.45,36.4,36.45,2700,0
2017-04-26,21:50:00,36.45,36.45,36.3,36.4,7671,0
2017-04-26,21:55:00,36.35,36.4,36.3,36.4,10294,0
2017-04-26,22:00:00,36.4,36.4,36.3,36.3,70604,0
