Date,Time,Open,High,Low,Close,Volume,OpenInt
2017-04-10,15:35:00,21.26,21.31,21.26,21.31,6239,0
2017-04-10,15:40:00,21.32,21.34,21.31,21.34,800,0
2017-04-10,15:50:00,21.45,21.521,21.45,21.515,16300,0
2017-04-10,15:55:00,21.495,21.52,21.495,21.51,1700,0
2017-04-10,16:00:00,21.52,21.525,21.5042,21.515,5920,0
2017-04-10,16:05:00,21.53,21.53,21.485,21.51,2587,0
2017-04-10,16:10:00,21.52,21.535,21.51,21.51,10004,0
2017-04-10,16:15:00,21.51,21.54,21.51,21.53,1800,0
2017-04-10,16:20:00,21.53,21.535,21.5,21.51,2883,0
2017-04-10,16:25:00,21.52,21.53,21.52,21.52,1300,0
2017-04-10,16:30:00,21.51,21.51,21.45,21.46,2200,0
2017-04-10,16:35:00,21.47,21.52,21.47,21.515,1000,0
2017-04-10,16:40:00,21.51,21.51,21.48,21.48,3320,0
2017-04-10,16:45:00,21.48,21.49,21.47,21.485,2488,0
2017-04-10,16:50:00,21.49,21.5,21.47,21.47,2400,0
2017-04-10,16:55:00,21.47,21.485,21.465,21.47,2488,0
2017-04-10,17:00:00,21.46,21.46,21.395,21.4,5600,0
2017-04-10,17:05:00,21.405,21.4258,21.4,21.42,6481,0
2017-04-10,17:10:00,21.41,21.41,21.37,21.37,5300,0
2017-04-10,17:15:00,21.37,21.38,21.34,21.36,2800,0
2017-04-10,17:20:00,21.35,21.4,21.35,21.4,1400,0
2017-04-10,17:25:00,21.41,21.41,21.4,21.4,7000,0
2017-04-10,17:30:00,21.405,21.405,21.33,21.35,4640,0
2017-04-10,17:35:00,21.36,21.38,21.3,21.3,3900,0
2017-04-10,17:40:00,21.28,21.3,21.28,21.3,2200,0
2017-04-10,17:45:00,21.305,21.305,21.25,21.3,6500,0
2017-04-10,17:50:00,21.3,21.33,21.3,21.33,7161,0
2017-04-10,17:55:00,21.325,21.33,21.32,21.32,5844,0
2017-04-10,18:00:00,21.32,21.34,21.31,21.335,10900,0
2017-04-10,18:05:00,21.335,21.36,21.33,21.35,19924,0
2017-04-10,18:10:00,21.345,21.35,21.295,21.3,8624,0
2017-04-10,18:15:00,21.29,21.29,21.27,21.28,12925,0
2017-04-10,18:20:00,21.28,21.31,21.28,21.31,1600,0
2017-04-10,18:25:00,21.31,21.31,21.295,21.3,2946,0
2017-04-10,18:30:00,21.295,21.31,21.28,21.2999,5600,0
2017-04-10,18:35:00,21.29,21.31,21.28,21.31,4694,0
2017-04-10,18:40:00,21.31,21.33,21.31,21.325,2899,0
2017-04-10,18:45:00,21.325,21.35,21.325,21.35,9100,0
2017-04-10,18:50:00,21.355,21.37,21.355,21.37,5323,0
2017-04-10,18:55:00,21.3675,21.395,21.365,21.385,9421,0
2017-04-10,19:00:00,21.39,21.39,21.38,21.39,500,0
2017-04-10,19:05:00,21.395,21.42,21.395,21.41,2138,0
2017-04-10,19:10:00,21.42,21.44,21.415,21.44,5250,0
2017-04-10,19:15:00,21.45,21.49,21.44,21.47,3100,0
2017-04-10,19:20:00,21.49,21.49,21.425,21.43,6500,0
2017-04-10,19:25:00,21.425,21.43,21.37,21.4,13275,0
2017-04-10,19:30:00,21.41,21.41,21.37,21.385,7268,0
2017-04-10,19:35:00,21.39,21.4,21.35,21.35,11385,0
2017-04-10,19:40:00,21.36,21.39,21.36,21.3875,7457,0
2017-04-10,19:45:00,21.39,21.4,21.365,21.4,7823,0
2017-04-10,19:50:00,21.39,21.39,21.37,21.37,4123,0
2017-04-10,19:55:00,21.38,21.38,21.34,21.34,6788,0
2017-04-10,20:00:00,21.34,21.365,21.33,21.36,3888,0
2017-04-10,20:05:00,21.365,21.37,21.29,21.3,7888,0
2017-04-10,20:10:00,21.31,21.325,21.305,21.32,3696,0
2017-04-10,20:15:00,21.32,21.33,21.29,21.33,6600,0
2017-04-10,20:20:00,21.32,21.32,21.28,21.32,57786,0
2017-04-10,20:25:00,21.32,21.325,21.29,21.31,5930,0
2017-04-10,20:30:00,21.31,21.31,21.28,21.28,2971,0
2017-04-10,20:35:00,21.2687,21.285,21.26,21.26,5240,0
2017-04-10,20:40:00,21.27,21.27,21.26,21.2699,2700,0
2017-04-10,20:45:00,21.27,21.32,21.27,21.32,7449,0
2017-04-10,20:50:00,21.325,21.34,21.32,21.34,4246,0
2017-04-10,20:55:00,21.34,21.37,21.34,21.37,4200,0
2017-04-10,21:00:00,21.365,21.37,21.36,21.36,7086,0
2017-04-10,21:05:00,21.355,21.38,21.355,21.38,6135,0
2017-04-10,21:10:00,21.38,21.43,21.38,21.4,21395,0
2017-04-10,21:15:00,21.4,21.4,21.395,21.395,1800,0
2017-04-10,21:20:00,21.395,21.4,21.38,21.39,9033,0
2017-04-10,21:25:00,21.38,21.38,21.34,21.375,162173,0
2017-04-10,21:30:00,21.375,21.375,21.36,21.37,17285,0
2017-04-10,21:35:00,21.37,21.38,21.32,21.33,19028,0
2017-04-10,21:40:00,21.34,21.36,21.34,21.355,14081,0
2017-04-10,21:45:00,21.35,21.36,21.35,21.35,8155,0
2017-04-10,21:50:00,21.35,21.36,21.34,21.34,12330,0
2017-04-10,21:55:00,21.34,21.36,21.34,21.355,19132,0
2017-04-10,22:00:00,21.35,21.36,21.34,21.35,74500,0
2017-04-11,15:35:00,21.35,21.53,21.35,21.44,21698,0
2017-04-11,15:40:00,21.43,21.43,21.41,21.42,1400,0
2017-04-11,15:45:00,21.39,21.44,21.39,21.42,2700,0
2017-04-11,15:50:00,21.43,21.45,21.3984,21.41,8631,0
2017-04-11,15:55:00,21.41,21.475,21.4,21.45,19400,0
2017-04-11,16:00:00,21.44,21.47,21.41,21.46,18700,0
2017-04-11,16:05:00,21.46,21.565,21.46,21.56,16740,0
2017-04-11,16:10:00,21.55,21.6,21.55,21.56,15998,0
2017-04-11,16:15:00,21.56,21.57,21.51,21.52,12198,0
2017-04-11,16:20:00,21.52,21.54,21.495,21.535,9300,0
2017-04-11,16:25:00,21.535,21.535,21.51,21.525,12000,0
2017-04-11,16:30:00,21.53,21.53,21.49,21.51,9617,0
2017-04-11,16:35:00,21.5001,21.505,21.44,21.44,8900,0
2017-04-11,16:40:00,21.45,21.485,21.45,21.47,8742,0
2017-04-11,16:45:00,21.47,21.47,21.43,21.47,5465,0
2017-04-11,16:50:00,21.465,21.49,21.45,21.46,5952,0
2017-04-11,16:55:00,21.46,21.46,21.41,21.41,2957,0
2017-04-11,17:00:00,21.4101,21.44,21.4,21.44,5599,0
2017-04-11,17:05:00,21.44,21.46,21.43,21.46,5800,0
2017-04-11,17:10:00,21.455,21.47,21.43,21.445,8805,0
2017-04-11,17:15:00,21.445,21.455,21.42,21.44,3234,0
2017-04-11,17:20:00,21.43,21.47,21.43,21.4575,6615,0
2017-04-11,17:25:00,21.455,21.455,21.435,21.44,26500,0
2017-04-11,17:30:00,21.43,21.45,21.43,21.445,12264,0
2017-04-11,17:35:00,21.45,21.455,21.44,21.455,5407,0
2017-04-11,17:40:00,21.455,21.48,21.455,21.475,5848,0
2017-04-11,17:45:00,21.48,21.485,21.465,21.475,5361,0
2017-04-11,17:50:00,21.475,21.49,21.465,21.465,12600,0
2017-04-11,17:55:00,21.465,21.475,21.44,21.445,11161,0
2017-04-11,18:00:00,21.445,21.45,21.4355,21.44,3100,0
2017-04-11,18:05:00,21.43,21.44,21.42,21.435,5800,0
2017-04-11,18:10:00,21.4375,21.46,21.435,21.455,7778,0
2017-04-11,18:15:00,21.455,21.475,21.455,21.47,7200,0
2017-04-11,18:20:00,21.48,21.49,21.475,21.485,24261,0
2017-04-11,18:25:00,21.49,21.52,21.48,21.505,17900,0
2017-04-11,18:30:00,21.5,21.5,21.49,21.5,8763,0
2017-04-11,18:35:00,21.495,21.51,21.495,21.505,3110,0
2017-04-11,18:40:00,21.51,21.53,21.505,21.525,8800,0
2017-04-11,18:45:00,21.52,21.52,21.495,21.51,6500,0
2017-04-11,18:50:00,21.505,21.51,21.495,21.495,4728,0
2017-04-11,18:55:00,21.495,21.515,21.495,21.51,10272,0
2017-04-11,19:00:00,21.51,21.52,21.505,21.505,6800,0
2017-04-11,19:05:00,21.51,21.52,21.5,21.515,6075,0
2017-04-11,19:10:00,21.515,21.55,21.515,21.53,11000,0
2017-04-11,19:15:00,21.525,21.53,21.515,21.515,4300,0
2017-04-11,19:20:00,21.515,21.52,21.505,21.515,7436,0
2017-04-11,19:25:00,21.515,21.52,21.495,21.495,6557,0
2017-04-11,19:30:00,21.495,21.5,21.49,21.5,4182,0
2017-04-11,19:35:00,21.4975,21.5,21.495,21.495,2700,0
2017-04-11,19:40:00,21.495,21.515,21.495,21.51,6246,0
2017-04-11,19:45:00,21.505,21.515,21.5,21.515,6437,0
2017-04-11,19:50:00,21.515,21.53,21.51,21.53,4502,0
2017-04-11,19:55:00,21.53,21.535,21.525,21.535,5013,0
2017-04-11,20:00:00,21.535,21.54,21.52,21.535,5100,0
2017-04-11,20:05:00,21.535,21.54,21.525,21.525,10400,0
2017-04-11,20:10:00,21.525,21.54,21.525,21.535,8200,0
2017-04-11,20:15:00,21.535,21.54,21.51,21.515,7099,0
2017-04-11,20:20:00,21.515,21.53,21.505,21.525,4991,0
2017-04-11,20:25:00,21.53,21.54,21.525,21.525,5302,0
2017-04-11,20:30:00,21.53,21.55,21.52,21.545,9700,0
2017-04-11,20:35:00,21.54,21.555,21.54,21.555,3600,0
2017-04-11,20:40:00,21.555,21.56,21.535,21.535,5674,0
2017-04-11,20:45:00,21.54,21.55,21.535,21.54,3900,0
2017-04-11,20:50:00,21.545,21.56,21.545,21.555,5500,0
2017-04-11,20:55:00,21.56,21.58,21.555,21.575,12000,0
2017-04-11,21:00:00,21.58,21.58,21.545,21.545,9213,0
2017-04-11,21:05:00,21.55,21.55,21.535,21.545,12438,0
2017-04-11,21:10:00,21.54,21.55,21.53,21.55,4500,0
2017-04-11,21:15:00,21.55,21.55,21.53,21.54,7090,0
2017-04-11,21:20:00,21.54,21.55,21.53,21.545,6382,0
2017-04-11,21:25:00,21.545,21.55,21.54,21.545,5850,0
2017-04-11,21:30:00,21.545,21.55,21.54,21.545,5427,0
2017-04-11,21:35:00,21.545,21.56,21.54,21.555,10249,0
2017-04-11,21:40:00,21.55,21.56,21.55,21.555,10253,0
2017-04-11,21:45:00,21.56,21.56,21.54,21.55,11645,0
2017-04-11,21:50:00,21.54,21.55,21.54,21.545,19640,0
2017-04-11,21:55:00,21.545,21.55,21.51,21.51,29052,0
2017-04-11,22:00:00,21.52,21.54,21.49,21.51,185896,0
2017-04-12,15:35:00,21.55,21.6399,21.4699,21.51,13432,0
2017-04-12,15:40:00,21.47,21.5,21.45,21.48,2700,0
2017-04-12,15:45:00,21.48,21.48,21.45,21.46,19200,0
2017-04-12,15:50:00,21.45,21.5025,21.45,21.48,5184,0
2017-04-12,15:55:00,21.5,21.5075,21.45,21.5,5789,0
2017-04-12,16:00:00,21.51,21.51,21.46,21.5,3602,0
2017-04-12,16:05:00,21.49,21.51,21.47,21.485,8930,0
2017-04-12,16:10:00,21.5,21.51,21.48,21.485,11545,0
2017-04-12,16:15:00,21.49,21.5,21.46,21.49,7680,0
2017-04-12,16:20:00,21.49,21.51,21.49,21.505,4500,0
2017-04-12,16:25:00,21.51,21.51,21.485,21.4899,7700,0
2017-04-12,16:30:00,21.485,21.4999,21.48,21.49,4300,0
2017-04-12,16:35:00,21.495,21.505,21.475,21.49,12858,0
2017-04-12,16:40:00,21.49,21.49,21.46,21.47,10102,0
2017-04-12,16:45:00,21.475,21.48,21.47,21.48,9476,0
2017-04-12,16:50:00,21.47,21.47,21.42,21.45,6880,0
2017-04-12,16:55:00,21.46,21.47,21.445,21.445,4111,0
2017-04-12,17:00:00,21.45,21.46,21.43,21.43,10513,0
2017-04-12,17:05:00,21.43,21.44,21.43,21.44,5405,0
2017-04-12,17:10:00,21.44,21.475,21.44,21.46,6909,0
2017-04-12,17:15:00,21.465,21.465,21.45,21.46,6198,0
2017-04-12,17:20:00,21.465,21.475,21.46,21.47,6600,0
2017-04-12,17:25:00,21.465,21.47,21.44,21.44,8800,0
2017-04-12,17:30:00,21.45,21.47,21.45,21.46,5526,0
2017-04-12,17:35:00,21.46,21.47,21.46,21.46,5796,0
2017-04-12,17:40:00,21.46,21.46,21.35,21.37,21453,0
2017-04-12,17:45:00,21.37,21.38,21.36,21.36,4161,0
2017-04-12,17:50:00,21.36,21.375,21.33,21.375,5900,0
2017-04-12,17:55:00,21.36,21.37,21.34,21.37,7600,0
2017-04-12,18:00:00,21.36,21.38,21.34,21.38,5400,0
2017-04-12,18:05:00,21.38,21.385,21.37,21.38,5994,0
2017-04-12,18:10:00,21.38,21.38,21.365,21.38,6055,0
2017-04-12,18:15:00,21.38,21.39,21.37,21.37,13577,0
2017-04-12,18:20:00,21.38,21.38,21.36,21.38,9917,0
2017-04-12,18:25:00,21.38,21.39,21.37,21.37,7480,0
2017-04-12,18:30:00,21.375,21.4,21.37,21.375,9926,0
2017-04-12,18:35:00,21.38,21.38,21.37,21.38,9795,0
2017-04-12,18:40:00,21.38,21.39,21.36,21.38,15243,0
2017-04-12,18:45:00,21.37,21.41,21.37,21.41,8395,0
2017-04-12,18:50:00,21.42,21.4475,21.415,21.44,8174,0
2017-04-12,18:55:00,21.43,21.43,21.39,21.4,11940,0
2017-04-12,19:00:00,21.39,21.43,21.39,21.43,10064,0
2017-04-12,19:05:00,21.4275,21.49,21.425,21.49,12959,0
2017-04-12,19:10:00,21.48,21.5,21.465,21.485,21117,0
2017-04-12,19:15:00,21.485,21.485,21.47,21.47,11231,0
2017-04-12,19:20:00,21.47,21.48,21.47,21.475,3771,0
2017-04-12,19:25:00,21.475,21.475,21.45,21.47,5800,0
2017-04-12,19:30:00,21.47,21.47,21.46,21.465,6860,0
2017-04-12,19:35:00,21.465,21.48,21.46,21.48,9180,0
2017-04-12,19:40:00,21.48,21.5,21.475,21.49,27817,0
2017-04-12,19:45:00,21.495,21.5,21.49,21.495,4944,0
2017-04-12,19:50:00,21.495,21.53,21.48,21.525,20439,0
2017-04-12,19:55:00,21.525,21.53,21.521,21.5275,3000,0
2017-04-12,20:00:00,21.53,21.57,21.48,21.52,44736,0
2017-04-12,20:05:00,21.54,21.54,21.53,21.54,4678,0
2017-04-12,20:10:00,21.535,21.54,21.51,21.51,5565,0
2017-04-12,20:15:00,21.51,21.53,21.51,21.53,5003,0
2017-04-12,20:20:00,21.52,21.52,21.51,21.515,5301,0
2017-04-12,20:25:00,21.52,21.52,21.5,21.5,10855,0
2017-04-12,20:30:00,21.51,21.51,21.5,21.51,5679,0
2017-04-12,20:35:00,21.51,21.51,21.49,21.5,15328,0
2017-04-12,20:40:00,21.495,21.505,21.48,21.48,22940,0
2017-04-12,20:45:00,21.47,21.48,21.47,21.47,6771,0
2017-04-12,20:50:00,21.47,21.48,21.45,21.45,7500,0
2017-04-12,20:55:00,21.46,21.48,21.45,21.4675,8023,0
2017-04-12,21:00:00,21.47,21.4875,21.47,21.4875,7998,0
2017-04-12,21:05:00,21.48,21.49,21.48,21.49,5455,0
2017-04-12,21:10:00,21.49,21.49,21.48,21.485,9059,0
2017-04-12,21:15:00,21.49,21.5,21.48,21.48,26542,0
2017-04-12,21:20:00,21.48,21.49,21.44,21.44,12379,0
2017-04-12,21:25:00,21.44,21.47,21.435,21.46,17723,0
2017-04-12,21:30:00,21.46,21.465,21.45,21.465,7533,0
2017-04-12,21:35:00,21.47,21.47,21.431,21.44,23337,0
2017-04-12,21:40:00,21.44,21.44,21.43,21.44,5700,0
2017-04-12,21:45:00,21.44,21.44,21.43,21.43,18217,0
2017-04-12,21:50:00,21.435,21.44,21.43,21.43,31769,0
2017-04-12,21:55:00,21.44,21.44,21.41,21.42,50421,0
2017-04-12,22:00:00,21.42,21.44,21.41,21.43,185592,0
2017-04-13,15:35:00,21.39,21.49,21.39,21.46,4929,0
2017-04-13,15:40:00,21.4699,21.55,21.4699,21.51,2800,0
2017-04-13,15:45:00,21.55,21.55,21.49,21.525,2500,0
2017-04-13,15:50:00,21.52,21.55,21.49,21.535,4495,0
2017-04-13,15:55:00,21.54,21.64,21.54,21.6,37691,0
2017-04-13,16:00:00,21.6,21.64,21.595,21.61,1904,0
2017-04-13,16:05:00,21.6,21.64,21.6,21.635,6235,0
2017-04-13,16:10:00,21.66,21.66,21.62,21.62,3700,0
2017-04-13,16:15:00,21.61,21.63,21.6,21.6,6775,0
2017-04-13,16:20:00,21.6,21.6,21.55,21.55,12600,0
2017-04-13,16:25:00,21.56,21.56,21.54,21.56,3300,0
2017-04-13,16:30:00,21.56,21.57,21.55,21.56,3300,0
2017-04-13,16:35:00,21.57,21.59,21.56,21.585,8073,0
2017-04-13,16:40:00,21.59,21.59,21.55,21.55,8200,0
2017-04-13,16:45:00,21.55,21.57,21.55,21.57,7058,0
2017-04-13,16:50:00,21.57,21.58,21.565,21.575,8331,0
2017-04-13,16:55:00,21.58,21.61,21.575,21.585,21068,0
2017-04-13,17:00:00,21.58,21.59,21.57,21.57,10175,0
2017-04-13,17:05:00,21.58,21.63,21.57,21.62,17000,0
2017-04-13,17:10:00,21.62,21.63,21.6,21.62,13323,0
2017-04-13,17:15:00,21.62,21.62,21.6,21.6,3289,0
2017-04-13,17:20:00,21.6,21.6,21.58,21.58,9511,0
2017-04-13,17:25:00,21.58,21.585,21.57,21.57,6199,0
2017-04-13,17:30:00,21.57,21.57,21.55,21.55,7049,0
2017-04-13,17:35:00,21.55,21.55,21.54,21.55,8348,0
2017-04-13,17:40:00,21.55,21.56,21.52,21.52,6900,0
2017-04-13,17:45:00,21.52,21.53,21.52,21.52,900,0
2017-04-13,17:50:00,21.525,21.53,21.51,21.51,7700,0
2017-04-13,17:55:00,21.52,21.53,21.515,21.525,3800,0
2017-04-13,18:00:00,21.53,21.53,21.51,21.52,7700,0
2017-04-13,18:05:00,21.52,21.53,21.49,21.49,11100,0
2017-04-13,18:10:00,21.48,21.49,21.43,21.43,5743,0
2017-04-13,18:15:00,21.45,21.47,21.44,21.47,1200,0
2017-04-13,18:20:00,21.46,21.4675,21.44,21.46,4840,0
2017-04-13,18:25:00,21.455,21.46,21.44,21.44,4561,0
2017-04-13,18:30:00,21.45,21.49,21.45,21.455,5812,0
2017-04-13,18:35:00,21.455,21.46,21.44,21.44,3500,0
2017-04-13,18:40:00,21.45,21.46,21.44,21.45,2700,0
2017-04-13,18:45:00,21.45,21.46,21.42,21.46,10548,0
2017-04-13,18:50:00,21.45,21.45,21.42,21.44,6699,0
2017-04-13,18:55:00,21.44,21.47,21.44,21.47,3546,0
2017-04-13,19:00:00,21.46,21.465,21.45,21.45,6131,0
2017-04-13,19:05:00,21.46,21.46,21.4,21.41,6971,0
2017-04-13,19:10:00,21.41,21.42,21.4,21.41,6179,0
2017-04-13,19:15:00,21.42,21.42,21.395,21.4,5443,0
2017-04-13,19:20:00,21.4,21.405,21.39,21.405,1699,0
2017-04-13,19:25:00,21.4,21.405,21.39,21.39,5201,0
2017-04-13,19:30:00,21.39,21.401,21.39,21.401,2699,0
2017-04-13,19:35:00,21.41,21.42,21.39,21.4,13627,0
2017-04-13,19:40:00,21.405,21.41,21.4,21.4,4600,0
2017-04-13,19:45:00,21.39,21.395,21.365,21.37,7519,0
2017-04-13,19:50:00,21.36,21.38,21.35,21.35,6193,0
2017-04-13,19:55:00,21.36,21.38,21.36,21.37,3105,0
2017-04-13,20:00:00,21.365,21.375,21.36,21.37,2092,0
2017-04-13,20:05:00,21.365,21.44,21.365,21.42,8138,0
2017-04-13,20:10:00,21.42,21.44,21.4,21.43,10647,0
2017-04-13,20:15:00,21.43,21.44,21.41,21.41,4199,0
2017-04-13,20:20:00,21.415,21.42,21.4,21.41,7188,0
2017-04-13,20:25:00,21.41,21.42,21.4,21.415,9100,0
2017-04-13,20:30:00,21.42,21.42,21.41,21.41,8300,0
2017-04-13,20:35:00,21.41,21.42,21.4,21.405,9187,0
2017-04-13,20:40:00,21.4,21.41,21.395,21.4,10390,0
2017-04-13,20:45:00,21.405,21.42,21.39,21.415,9700,0
2017-04-13,20:50:00,21.42,21.42,21.41,21.42,6873,0
2017-04-13,20:55:00,21.42,21.43,21.42,21.42,6347,0
2017-04-13,21:00:00,21.42,21.43,21.41,21.425,6684,0
2017-04-13,21:05:00,21.42,21.44,21.42,21.43,3674,0
2017-04-13,21:10:00,21.44,21.44,21.43,21.435,5806,0
2017-04-13,21:15:00,21.43,21.435,21.42,21.43,12856,0
2017-04-13,21:20:00,21.42,21.43,21.4,21.4,12222,0
2017-04-13,21:25:00,21.4,21.41,21.37,21.4,12836,0
2017-04-13,21:30:00,21.4,21.4,21.37,21.38,11535,0
2017-04-13,21:35:00,21.39,21.4,21.38,21.39,49544,0
2017-04-13,21:40:00,21.39,21.39,21.33,21.355,29163,0
2017-04-13,21:45:00,21.36,21.39,21.36,21.385,8142,0
2017-04-13,21:50:00,21.39,21.41,21.37,21.37,50520,0
2017-04-13,21:55:00,21.37,21.39,21.32,21.37,97022,0
2017-04-13,22:00:00,21.38,21.39,21.36,21.39,139181,0
2017-04-17,15:35:00,21.44,21.49,21.4124,21.49,2649,0
2017-04-17,15:40:00,21.47,21.47,21.435,21.44,2538,0
2017-04-17,15:45:00,21.44,21.46,21.44,21.46,1403,0
2017-04-17,15:50:00,21.475,21.5,21.44,21.48,28240,0
2017-04-17,15:55:00,21.49,21.53,21.4842,21.52,9427,0
2017-04-17,16:00:00,21.53,21.55,21.53,21.55,9193,0
2017-04-17,16:05:00,21.545,21.56,21.525,21.555,11886,0
2017-04-17,16:10:00,21.555,21.6,21.54,21.6,4200,0
2017-04-17,16:15:00,21.57,21.57,21.54,21.54,1870,0
2017-04-17,16:20:00,21.56,21.57,21.54,21.55,4600,0
2017-04-17,16:25:00,21.54,21.55,21.52,21.54,8384,0
2017-04-17,16:30:00,21.54,21.54,21.47,21.48,4250,0
2017-04-17,16:35:00,21.49,21.5,21.48,21.48,9637,0
2017-04-17,16:40:00,21.48,21.48,21.43,21.43,2400,0
2017-04-17,16:45:00,21.43,21.43,21.41,21.41,720,0
2017-04-17,16:50:00,21.405,21.41,21.38,21.38,4940,0
2017-04-17,16:55:00,21.39,21.42,21.39,21.42,903,0
2017-04-17,17:00:00,21.45,21.47,21.45,21.47,2504,0
2017-04-17,17:05:00,21.4593,21.47,21.451,21.46,2900,0
2017-04-17,17:10:00,21.47,21.47,21.45,21.45,1981,0
2017-04-17,17:15:00,21.46,21.49,21.46,21.49,4398,0
2017-04-17,17:20:00,21.485,21.49,21.455,21.46,6638,0
2017-04-17,17:25:00,21.45,21.46,21.435,21.435,8711,0
2017-04-17,17:30:00,21.4349,21.44,21.4349,21.44,1972,0
2017-04-17,17:35:00,21.44,21.45,21.43,21.44,3989,0
2017-04-17,17:40:00,21.44,21.455,21.44,21.455,16720,0
2017-04-17,17:45:00,21.46,21.46,21.45,21.45,4524,0
2017-04-17,17:50:00,21.445,21.45,21.435,21.4378,3636,0
2017-04-17,17:55:00,21.44,21.45,21.425,21.43,3200,0
2017-04-17,18:00:00,21.43,21.43,21.42,21.42,1000,0
2017-04-17,18:05:00,21.42,21.43,21.41,21.43,11264,0
2017-04-17,18:10:00,21.44,21.45,21.44,21.45,2200,0
2017-04-17,18:15:00,21.445,21.445,21.43,21.445,1400,0
2017-04-17,18:20:00,21.45,21.45,21.44,21.44,2526,0
2017-04-17,18:25:00,21.45,21.46,21.445,21.445,9621,0
2017-04-17,18:30:00,21.445,21.45,21.44,21.445,1200,0
2017-04-17,18:35:00,21.44,21.44,21.43,21.435,3756,0
2017-04-17,18:40:00,21.43,21.43,21.42,21.43,5000,0
2017-04-17,18:45:00,21.43,21.43,21.43,21.43,2500,0
2017-04-17,18:50:00,21.43,21.44,21.42,21.42,3700,0
2017-04-17,18:55:00,21.41,21.43,21.41,21.42,19947,0
2017-04-17,19:00:00,21.42,21.43,21.41,21.42,12294,0
2017-04-17,19:05:00,21.42,21.455,21.42,21.455,2200,0
2017-04-17,19:10:00,21.46,21.465,21.45,21.45,1600,0
2017-04-17,19:15:00,21.45,21.46,21.44,21.44,4642,0
2017-04-17,19:20:00,21.44,21.48,21.44,21.48,2359,0
2017-04-17,19:25:00,21.48,21.485,21.48,21.485,1413,0
2017-04-17,19:30:00,21.48,21.525,21.47,21.525,81761,0
2017-04-17,19:35:00,21.525,21.59,21.525,21.55,6773,0
2017-04-17,19:40:00,21.54,21.541,21.52,21.53,14082,0
2017-04-17,19:45:00,21.53,21.55,21.53,21.54,6678,0
2017-04-17,19:50:00,21.54,21.55,21.54,21.55,2500,0
2017-04-17,19:55:00,21.54,21.54,21.48,21.49,8000,0
2017-04-17,20:00:00,21.49,21.5,21.49,21.5,1200,0
2017-04-17,20:05:00,21.5,21.53,21.5,21.52,10140,0
2017-04-17,20:10:00,21.525,21.53,21.5,21.52,8879,0
2017-04-17,20:15:00,21.515,21.52,21.515,21.52,1600,0
2017-04-17,20:20:00,21.52,21.53,21.5,21.5,13438,0
2017-04-17,20:25:00,21.5,21.51,21.49,21.505,2400,0
2017-04-17,20:30:00,21.51,21.53,21.505,21.525,9458,0
2017-04-17,20:35:00,21.52,21.54,21.52,21.535,12619,0
2017-04-17,20:40:00,21.53,21.55,21.52,21.545,17343,0
2017-04-17,20:45:00,21.545,21.55,21.505,21.505,13136,0
2017-04-17,20:50:00,21.505,21.51,21.5,21.505,3396,0
2017-04-17,20:55:00,21.5,21.51,21.5,21.51,14569,0
2017-04-17,21:00:00,21.505,21.505,21.44,21.49,12024,0
2017-04-17,21:05:00,21.5,21.52,21.495,21.5,6900,0
2017-04-17,21:10:00,21.5,21.51,21.5,21.505,6340,0
2017-04-17,21:15:00,21.5,21.51,21.485,21.495,10886,0
2017-04-17,21:20:00,21.505,21.51,21.48,21.505,26593,0
2017-04-17,21:25:00,21.51,21.54,21.5,21.53,136568,0
2017-04-17,21:30:00,21.53,21.59,21.51,21.59,29674,0
2017-04-17,21:35:00,21.58,21.58,21.52,21.54,36731,0
2017-04-17,21:40:00,21.54,21.56,21.51,21.53,53782,0
2017-04-17,21:45:00,21.52,21.56,21.49,21.53,100771,0
2017-04-17,21:50:00,21.54,21.55,21.41,21.49,176367,0
2017-04-17,21:55:00,21.49,21.59,21.42,21.58,413552,0
2017-04-17,22:00:00,21.59,21.59,21.54,21.56,128552,0
2017-04-18,15:35:00,21.57,21.58,21.47,21.53,12936,0
2017-04-18,15:40:00,21.54,21.61,21.5,21.57,7100,0
2017-04-18,15:45:00,21.57,21.615,21.55,21.59,11464,0
2017-04-18,15:50:00,21.58,21.65,21.58,21.65,3591,0
2017-04-18,15:55:00,21.63,21.65,21.61,21.65,8002,0
2017-04-18,16:00:00,21.65,21.71,21.64,21.7,7246,0
2017-04-18,16:05:00,21.7,21.715,21.66,21.66,5921,0
2017-04-18,16:10:00,21.65,21.66,21.61,21.61,3635,0
2017-04-18,16:15:00,21.63,21.645,21.6,21.61,5400,0
2017-04-18,16:20:00,21.6008,21.615,21.54,21.54,4375,0
2017-04-18,16:25:00,21.56,21.57,21.54,21.57,1444,0
2017-04-18,16:30:00,21.565,21.63,21.56,21.61,6806,0
2017-04-18,16:35:00,21.61,21.685,21.6,21.68,4816,0
2017-04-18,16:40:00,21.69,21.73,21.675,21.69,6545,0
2017-04-18,16:45:00,21.7,21.715,21.69,21.71,4500,0
2017-04-18,16:50:00,21.71,21.75,21.71,21.72,6094,0
2017-04-18,16:55:00,21.71,21.72,21.68,21.69,4790,0
2017-04-18,17:00:00,21.69,21.74,21.68,21.74,3773,0
2017-04-18,17:05:00,21.745,21.76,21.68,21.7,11870,0
2017-04-18,17:10:00,21.705,21.72,21.685,21.71,8030,0
2017-04-18,17:15:00,21.72,21.74,21.64,21.715,93951,0
2017-04-18,17:20:00,21.73,21.77,21.72,21.74,11214,0
2017-04-18,17:25:00,21.75,21.805,21.745,21.8,6456,0
2017-04-18,17:30:00,21.79,21.8,21.765,21.79,10654,0
2017-04-18,17:35:00,21.8,21.81,21.78,21.785,6908,0
2017-04-18,17:40:00,21.78,21.79,21.73,21.785,8164,0
2017-04-18,17:45:00,21.785,21.785,21.74,21.75,4500,0
2017-04-18,17:50:00,21.75,21.785,21.75,21.7775,4874,0
2017-04-18,17:55:00,21.79,21.79,21.72,21.73,14242,0
2017-04-18,18:00:00,21.73,21.74,21.73,21.74,3963,0
2017-04-18,18:05:00,21.73,21.735,21.68,21.7,10284,0
2017-04-18,18:10:00,21.7,21.71,21.68,21.68,2957,0
2017-04-18,18:15:00,21.675,21.73,21.66,21.71,9675,0
2017-04-18,18:20:00,21.7,21.71,21.68,21.68,3520,0
2017-04-18,18:25:00,21.69,21.73,21.69,21.73,1510,0
2017-04-18,18:30:00,21.73,21.735,21.71,21.72,5217,0
2017-04-18,18:35:00,21.72,21.75,21.72,21.73,3770,0
2017-04-18,18:40:00,21.74,21.745,21.71,21.74,4800,0
2017-04-18,18:45:00,21.73,21.755,21.73,21.75,4093,0
2017-04-18,18:50:00,21.75,21.76,21.75,21.75,1550,0
2017-04-18,18:55:00,21.76,21.82,21.76,21.78,10080,0
2017-04-18,19:00:00,21.79,21.81,21.78,21.78,5404,0
2017-04-18,19:05:00,21.785,21.8,21.78,21.8,5084,0
2017-04-18,19:10:00,21.81,21.83,21.8,21.83,2938,0
2017-04-18,19:15:00,21.84,21.88,21.83,21.88,22148,0
2017-04-18,19:20:00,21.89,22.01,21.89,21.965,34864,0
2017-04-18,19:25:00,21.96,21.97,21.92,21.96,6971,0
2017-04-18,19:30:00,21.96,21.97,21.95,21.95,7605,0
2017-04-18,19:35:00,21.95,21.96,21.92,21.95,3370,0
2017-04-18,19:40:00,21.95,21.96,21.885,21.91,17180,0
2017-04-18,19:45:00,21.92,21.94,21.915,21.94,4200,0
2017-04-18,19:50:00,21.93,21.94,21.91,21.91,9444,0
2017-04-18,19:55:00,21.91,21.94,21.91,21.925,7271,0
2017-04-18,20:00:00,21.93,21.96,21.9,21.93,19340,0
2017-04-18,20:05:00,21.94,22.025,21.94,22.02,17021,0
2017-04-18,20:10:00,22.01,22.04,22.01,22.03,10820,0
2017-04-18,20:15:00,22.025,22.03,21.98,21.995,7870,0
2017-04-18,20:20:00,21.9947,22.035,21.99,22.035,5531,0
2017-04-18,20:25:00,22.035,22.09,22,22,25038,0
2017-04-18,20:30:00,22.01,22.02,22,22.02,3238,0
2017-04-18,20:35:00,22.02,22.03,22.02,22.02,11756,0
2017-04-18,20:40:00,22.025,22.03,21.99,21.99,16635,0
2017-04-18,20:45:00,21.985,22,21.98,21.98,3510,0
2017-04-18,20:50:00,21.975,21.98,21.92,21.94,11960,0
2017-04-18,20:55:00,21.96,21.96,21.94,21.9575,10200,0
2017-04-18,21:00:00,21.955,21.96,21.925,21.95,3592,0
2017-04-18,21:05:00,21.95,21.96,21.92,21.92,6452,0
2017-04-18,21:10:00,21.93,21.95,21.93,21.945,4571,0
2017-04-18,21:15:00,21.94,21.95,21.91,21.95,6100,0
2017-04-18,21:20:00,21.95,21.96,21.94,21.96,4572,0
2017-04-18,21:25:00,21.96,21.98,21.95,21.96,6183,0
2017-04-18,21:30:00,21.955,21.965,21.93,21.93,8474,0
2017-04-18,21:35:00,21.93,21.94,21.92,21.935,4584,0
2017-04-18,21:40:00,21.935,21.965,21.935,21.95,17891,0
2017-04-18,21:45:00,21.95,21.96,21.95,21.95,13679,0
2017-04-18,21:50:00,21.95,21.98,21.95,21.95,35853,0
2017-04-18,21:55:00,21.96,21.965,21.94,21.945,16871,0
2017-04-18,22:00:00,21.95,21.95,21.93,21.94,108113,0
2017-04-19,15:35:00,22.05,22.13,22.02,22.09,14111,0
2017-04-19,15:40:00,22.12,22.21,22.11,22.16,11633,0
2017-04-19,15:45:00,22.12,22.12,22,22,4496,0
2017-04-19,15:50:00,22.01,22.04,22,22.01,4638,0
2017-04-19,15:55:00,22.02,22.02,21.94,21.98,11459,0
2017-04-19,16:00:00,21.99,22.05,21.985,22.02,6246,0
2017-04-19,16:05:00,22.02,22.04,21.98,21.99,6365,0
2017-04-19,16:10:00,22,22,21.97,21.98,4544,0
2017-04-19,16:15:00,21.9866,22,21.975,21.98,4551,0
2017-04-19,16:20:00,21.98,21.99,21.95,21.98,15431,0
2017-04-19,16:25:00,21.97,21.97,21.92,21.94,15775,0
2017-04-19,16:30:00,21.94,21.955,21.9,21.9,31712,0
2017-04-19,16:35:00,21.88,21.96,21.87,21.94,9728,0
2017-04-19,16:40:00,21.935,21.95,21.9,21.925,6132,0
2017-04-19,16:45:00,21.92,21.92,21.895,21.9,4226,0
2017-04-19,16:50:00,21.89,21.91,21.87,21.87,10552,0
2017-04-19,16:55:00,21.87,21.88,21.87,21.88,3400,0
2017-04-19,17:00:00,21.875,21.92,21.87,21.92,7799,0
2017-04-19,17:05:00,21.915,21.915,21.9,21.9,7763,0
2017-04-19,17:10:00,21.9,21.92,21.89,21.9,16532,0
2017-04-19,17:15:00,21.895,21.91,21.89,21.905,5000,0
2017-04-19,17:20:00,21.905,21.955,21.9,21.9475,11801,0
2017-04-19,17:25:00,21.945,21.95,21.935,21.94,8600,0
2017-04-19,17:30:00,21.935,21.96,21.905,21.96,11144,0
2017-04-19,17:35:00,21.95,21.99,21.945,21.98,7845,0
2017-04-19,17:40:00,21.99,22.01,21.99,22.01,6150,0
2017-04-19,17:45:00,22.02,22.03,21.99,22,68088,0
2017-04-19,17:50:00,21.9943,22,21.97,21.97,3092,0
2017-04-19,17:55:00,21.97,22.01,21.965,22,7452,0
2017-04-19,18:00:00,22,22.01,21.99,22.01,12000,0
2017-04-19,18:05:00,22.01,22.03,21.99,22,11280,0
2017-04-19,18:10:00,22,22,21.97,21.97,13347,0
2017-04-19,18:15:00,21.965,22.01,21.96,22.005,11240,0
2017-04-19,18:20:00,22.01,22.01,22,22.01,2150,0
2017-04-19,18:25:00,22.005,22.025,22.005,22.01,5431,0
2017-04-19,18:30:00,22.02,22.02,21.99,22,5351,0
2017-04-19,18:35:00,21.995,22.02,21.99,22.02,6289,0
2017-04-19,18:40:00,22.015,22.015,21.99,22,8476,0
2017-04-19,18:45:00,21.995,21.995,21.98,21.995,3855,0
2017-04-19,18:50:00,21.995,22.01,21.98,22.01,4927,0
2017-04-19,18:55:00,22.01,22.02,22,22.005,3000,0
2017-04-19,19:00:00,22.01,22.01,22,22.01,3360,0
2017-04-19,19:05:00,22.01,22.01,21.98,21.985,7752,0
2017-04-19,19:10:00,21.99,22,21.98,21.99,7407,0
2017-04-19,19:15:00,22,22.005,21.975,22,12078,0
2017-04-19,19:20:00,21.995,22.005,21.97,21.98,6800,0
2017-04-19,19:25:00,21.99,22.01,21.98,22,12809,0
2017-04-19,19:30:00,22,22,21.99,22,3924,0
2017-04-19,19:35:00,22,22.01,21.995,22,5986,0
2017-04-19,19:40:00,22.01,22.01,22,22.01,2100,0
2017-04-19,19:45:00,22.005,22.06,22.005,22.06,9297,0
2017-04-19,19:50:00,22.06,22.1,22.055,22.09,8262,0
2017-04-19,19:55:00,22.09,22.09,22.06,22.065,3900,0
2017-04-19,20:00:00,22.065,22.065,22.02,22.045,15517,0
2017-04-19,20:05:00,22.05,22.05,22.02,22.0224,4387,0
2017-04-19,20:10:00,22.02,22.04,22.01,22.03,6874,0
2017-04-19,20:15:00,22.03,22.04,22.02,22.02,4446,0
2017-04-19,20:20:00,22.02,22.02,22,22.02,7395,0
2017-04-19,20:25:00,22.025,22.03,22.02,22.02,3700,0
2017-04-19,20:30:00,22.03,22.03,22.01,22.01,15280,0
2017-04-19,20:35:00,22.015,22.02,22,22,4819,0
2017-04-19,20:40:00,22.005,22.02,21.9925,22.015,15600,0
2017-04-19,20:45:00,22.01,22.02,21.99,22,8445,0
2017-04-19,20:50:00,22,22,21.99,22,10300,0
2017-04-19,20:55:00,22,22,21.97,21.98,10200,0
2017-04-19,21:00:00,21.97,21.98,21.97,21.97,5094,0
2017-04-19,21:05:00,21.96,21.96,21.95,21.96,3567,0
2017-04-19,21:10:00,21.955,21.97,21.95,21.96,7599,0
2017-04-19,21:15:00,21.96,21.99,21.96,21.98,6980,0
2017-04-19,21:20:00,21.975,22.005,21.975,22.005,6700,0
2017-04-19,21:25:00,22.005,22.005,21.98,21.98,8045,0
2017-04-19,21:30:00,21.97,21.98,21.94,21.94,52350,0
2017-04-19,21:35:00,21.945,21.96,21.94,21.955,12064,0
2017-04-19,21:40:00,21.95,21.96,21.95,21.955,4400,0
2017-04-19,21:45:00,21.96,21.99,21.95,21.99,15317,0
2017-04-19,21:50:00,21.995,22.02,21.995,22.02,17128,0
2017-04-19,21:55:00,22.02,22.05,22.015,22.045,35379,0
2017-04-19,22:00:00,22.045,22.05,22.04,22.05,127301,0
2017-04-20,15:35:00,22.19,22.47,22.17,22.41,7854,0
2017-04-20,15:40:00,22.41,22.415,22.26,22.28,4200,0
2017-04-20,15:45:00,22.31,22.32,22.155,22.22,18042,0
2017-04-20,15:50:00,22.21,22.24,21.98,22.09,9389,0
2017-04-20,15:55:00,22.07,22.07,21.9,21.9,4616,0
2017-04-20,16:00:00,21.92,21.98,21.83,21.85,7545,0
2017-04-20,16:05:00,21.87,21.91,21.805,21.87,8389,0
2017-04-20,16:10:00,21.88,21.88,21.79,21.88,4244,0
2017-04-20,16:15:00,21.88,21.93,21.85,21.89,10907,0
2017-04-20,16:20:00,21.89,21.9,21.8,21.85,8950,0
2017-04-20,16:25:00,21.86,21.88,21.8,21.82,7003,0
2017-04-20,16:30:00,21.82,21.85,21.785,21.85,5765,0
2017-04-20,16:35:00,21.87,21.94,21.87,21.93,7800,0
2017-04-20,16:40:00,21.92,21.95,21.9,21.91,4508,0
2017-04-20,16:45:00,21.91,21.955,21.91,21.955,12358,0
2017-04-20,16:50:00,21.96,21.96,21.91,21.92,7833,0
2017-04-20,16:55:00,21.92,21.95,21.92,21.94,4683,0
2017-04-20,17:00:00,21.935,22.05,21.935,22.035,14310,0
2017-04-20,17:05:00,22.04,22.04,22,22,6209,0
2017-04-20,17:10:00,22,22.09,22,22.09,7581,0
2017-04-20,17:15:00,22.08,22.085,22.03,22.03,7923,0
2017-04-20,17:20:00,22.035,22.04,22.015,22.03,13612,0
2017-04-20,17:25:00,22.025,22.03,22,22,4867,0
2017-04-20,17:30:00,21.99,22.01,21.99,22,6340,0
2017-04-20,17:35:00,22.005,22.02,21.99,21.995,9800,0
2017-04-20,17:40:00,22,22.07,21.995,22.07,19874,0
2017-04-20,17:45:00,22.06,22.07,21.995,22.005,19563,0
2017-04-20,17:50:00,22.01,22.01,21.995,22,8284,0
2017-04-20,17:55:00,22,22.005,21.99,21.995,7009,0
2017-04-20,18:00:00,22,22.04,22,22.04,5432,0
2017-04-20,18:05:00,22.05,22.07,22.035,22.035,12450,0
2017-04-20,18:10:00,22.035,22.06,22.025,22.055,7140,0
2017-04-20,18:15:00,22.06,22.09,22.055,22.09,20854,0
2017-04-20,18:20:00,22.09,22.12,22.09,22.11,4100,0
2017-04-20,18:25:00,22.13,22.13,22.06,22.1,9870,0
2017-04-20,18:30:00,22.1,22.105,22.08,22.09,2700,0
2017-04-20,18:35:00,22.09,22.13,22.09,22.13,3909,0
2017-04-20,18:40:00,22.13,22.145,22.11,22.12,6034,0
2017-04-20,18:45:00,22.12,22.15,22.12,22.13,6600,0
2017-04-20,18:50:00,22.12,22.14,22.12,22.14,3467,0
2017-04-20,18:55:00,22.135,22.14,22.12,22.14,7104,0
2017-04-20,19:00:00,22.13,22.13,22.1,22.1,5194,0
2017-04-20,19:05:00,22.1,22.125,22.1,22.125,5183,0
2017-04-20,19:10:00,22.12,22.125,22.09,22.1,7665,0
2017-04-20,19:15:00,22.11,22.11,22.08,22.09,6661,0
2017-04-20,19:20:00,22.09,22.09,22.06,22.06,4510,0
2017-04-20,19:25:00,22.05,22.07,22.05,22.06,3895,0
2017-04-20,19:30:00,22.05,22.085,22.04,22.08,8322,0
2017-04-20,19:35:00,22.09,22.095,22.07,22.08,1782,0
2017-04-20,19:40:00,22.09,22.11,22.085,22.1,2590,0
2017-04-20,19:45:00,22.1,22.105,22.075,22.08,6380,0
2017-04-20,19:50:00,22.07,22.09,22.07,22.08,11508,0
2017-04-20,19:55:00,22.08,22.09,22.07,22.09,5450,0
2017-04-20,20:00:00,22.09,22.09,22.075,22.08,5154,0
2017-04-20,20:05:00,22.08,22.1,22.08,22.1,3300,0
2017-04-20,20:10:00,22.095,22.1,22.06,22.065,5368,0
2017-04-20,20:15:00,22.065,22.065,22.03,22.03,5419,0
2017-04-20,20:20:00,22.025,22.03,22.005,22.02,9730,0
2017-04-20,20:25:00,22.02,22.03,21.98,21.98,14408,0
2017-04-20,20:30:00,21.99,21.99,21.94,21.94,6500,0
2017-04-20,20:35:00,21.93,21.95,21.93,21.95,5551,0
2017-04-20,20:40:00,21.95,21.95,21.93,21.94,4050,0
2017-04-20,20:45:00,21.93,21.94,21.895,21.895,5854,0
2017-04-20,20:50:00,21.88,21.93,21.88,21.92,7857,0
2017-04-20,20:55:00,21.91,21.911,21.87,21.87,5733,0
2017-04-20,21:00:00,21.87,21.875,21.83,21.83,5038,0
2017-04-20,21:05:00,21.83,21.845,21.82,21.845,6571,0
2017-04-20,21:10:00,21.84,21.85,21.83,21.84,4004,0
2017-04-20,21:15:00,21.84,21.84,21.79,21.815,10086,0
2017-04-20,21:20:00,21.82,21.84,21.8,21.805,7532,0
2017-04-20,21:25:00,21.795,21.8,21.76,21.77,8481,0
2017-04-20,21:30:00,21.77,21.8,21.765,21.79,8490,0
2017-04-20,21:35:00,21.785,21.83,21.785,21.825,14760,0
2017-04-20,21:40:00,21.815,21.87,21.81,21.87,13773,0
2017-04-20,21:45:00,21.87,21.93,21.87,21.93,22958,0
2017-04-20,21:50:00,21.93,21.935,21.895,21.91,40137,0
2017-04-20,21:55:00,21.905,21.97,21.905,21.965,26294,0
2017-04-20,22:00:00,21.965,21.98,21.94,21.94,75344,0
2017-04-21,15:35:00,21.92,21.92,21.74,21.74,18773,0
2017-04-21,15:40:00,21.8,21.85,21.76,21.84,2560,0
2017-04-21,15:45:00,21.84,21.85,21.78,21.81,2077,0
2017-04-21,15:50:00,21.73,21.88,21.73,21.85,9533,0
2017-04-21,15:55:00,21.81,21.82,21.77,21.78,3475,0
2017-04-21,16:00:00,21.75,21.86,21.7,21.86,26894,0
2017-04-21,16:05:00,21.86,21.86,21.76,21.77,50368,0
2017-04-21,16:10:00,21.77,21.77,21.69,21.69,7864,0
2017-04-21,16:15:00,21.68,21.77,21.68,21.76,8820,0
2017-04-21,16:20:00,21.76,21.81,21.76,21.79,3608,0
2017-04-21,16:25:00,21.8,21.89,21.8,21.89,9270,0
2017-04-21,16:30:00,21.89,21.89,21.82,21.88,8814,0
2017-04-21,16:35:00,21.872,21.89,21.83,21.89,6552,0
2017-04-21,16:40:00,21.88,21.89,21.86,21.87,13096,0
2017-04-21,16:45:00,21.87,21.87,21.82,21.87,10339,0
2017-04-21,16:50:00,21.87,21.9,21.87,21.88,6135,0
2017-04-21,16:55:00,21.88,21.92,21.88,21.92,5500,0
2017-04-21,17:00:00,21.92,21.94,21.89,21.93,6054,0
2017-04-21,17:05:00,21.92,21.94,21.91,21.94,5605,0
2017-04-21,17:10:00,21.95,22,21.95,21.99,7400,0
2017-04-21,17:15:00,22,22,21.96,21.969,16392,0
2017-04-21,17:20:00,21.96,22.01,21.95,22.01,24547,0
2017-04-21,17:25:00,22,22.02,21.98,22.015,5400,0
2017-04-21,17:30:00,22.02,22.05,22.02,22.05,9422,0
2017-04-21,17:35:00,22.05,22.05,22.03,22.045,24558,0
2017-04-21,17:40:00,22.05,22.05,22.02,22.02,8961,0
2017-04-21,17:45:00,22.02,22.03,21.995,22.03,7971,0
2017-04-21,17:50:00,22.02,22.04,22.015,22.035,10819,0
2017-04-21,17:55:00,22.04,22.04,22.02,22.03,24388,0
2017-04-21,18:00:00,22.03,22.03,22,22,6700,0
2017-04-21,18:05:00,22,22.02,22,22.02,6646,0
2017-04-21,18:10:00,22.02,22.07,22.02,22.07,10377,0
2017-04-21,18:15:00,22.065,22.09,22.06,22.08,15104,0
2017-04-21,18:20:00,22.08,22.09,22.07,22.08,32300,0
2017-04-21,18:25:00,22.07,22.08,22.04,22.05,5742,0
2017-04-21,18:30:00,22.05,22.05,22.01,22.01,9881,0
2017-04-21,18:35:00,22.015,22.015,22,22.01,8118,0
2017-04-21,18:40:00,22,22.01,22,22.01,2800,0
2017-04-21,18:45:00,22.01,22.01,21.97,21.975,16550,0
2017-04-21,18:50:00,21.97,21.98,21.97,21.98,2500,0
2017-04-21,18:55:00,21.97,21.97,21.95,21.95,6797,0
2017-04-21,19:00:00,21.95,22,21.95,21.99,29470,0
2017-04-21,19:05:00,21.99,21.99,21.975,21.975,5300,0
2017-04-21,19:10:00,21.98,21.99,21.965,21.965,7100,0
2017-04-21,19:15:00,21.97,21.97,21.91,21.96,8000,0
2017-04-21,19:20:00,21.96,21.96,21.95,21.95,4868,0
2017-04-21,19:25:00,21.96,21.97,21.95,21.9553,6099,0
2017-04-21,19:30:00,21.96,21.96,21.95,21.96,2700,0
2017-04-21,19:40:00,21.96,21.96,21.94,21.94,5150,0
2017-04-21,19:45:00,21.94,21.96,21.93,21.95,13434,0
2017-04-21,19:50:00,21.96,21.96,21.95,21.96,800,0
2017-04-21,19:55:00,21.96,21.97,21.9569,21.9569,15569,0
2017-04-21,20:00:00,21.9599,21.97,21.9599,21.97,11204,0
2017-04-21,20:05:00,21.96,21.98,21.95,21.98,9241,0
2017-04-21,20:10:00,21.98,21.98,21.97,21.98,6378,0
2017-04-21,20:15:00,21.98,21.98,21.96,21.98,9106,0
2017-04-21,20:20:00,21.98,21.99,21.98,21.98,12477,0
2017-04-21,20:25:00,21.99,22,21.99,22,4800,0
2017-04-21,20:30:00,21.99,22.005,21.98,21.98,32050,0
2017-04-21,20:35:00,21.99,21.99,21.98,21.98,3695,0
2017-04-21,20:40:00,21.97,21.97,21.95,21.95,4600,0
2017-04-21,20:45:00,21.96,21.96,21.95,21.95,16025,0
2017-04-21,20:50:00,21.95,21.95,21.94,21.94,4497,0
2017-04-21,20:55:00,21.94,21.95,21.9226,21.95,7977,0
2017-04-21,21:00:00,21.95,21.965,21.95,21.95,5417,0
2017-04-21,21:05:00,21.96,21.96,21.93,21.94,7517,0
2017-04-21,21:10:00,21.95,21.95,21.94,21.94,4113,0
2017-04-21,21:15:00,21.94,21.95,21.92,21.94,9510,0
2017-04-21,21:20:00,21.95,21.95,21.92,21.93,32129,0
2017-04-21,21:25:00,21.93,21.96,21.92,21.96,2695,0
2017-04-21,21:30:00,21.95,22.03,21.94,22.03,14794,0
2017-04-21,21:35:00,22.035,22.035,22.01,22.01,15382,0
2017-04-21,21:40:00,22.01,22.02,22,22,18116,0
2017-04-21,21:45:00,22,22.01,21.985,21.985,75929,0
2017-04-21,21:50:00,21.99,22.08,21.99,22.07,27519,0
2017-04-21,21:55:00,22.07,22.08,22.06,22.06,32599,0
2017-04-21,22:00:00,22.06,22.07,22.04,22.04,95760,0
2017-04-24,15:35:00,22.35,22.51,22.33,22.39,10994,0
2017-04-24,15:40:00,22.4,22.4,22.22,22.22,2115,0
2017-04-24,15:45:00,22.21,22.27,22.2,22.22,2362,0
2017-04-24,15:50:00,22.24,22.27,22.1082,22.17,3800,0
2017-04-24,15:55:00,22.18,22.22,22.16,22.19,3610,0
2017-04-24,16:00:00,22.2,22.22,22.18,22.19,2900,0
2017-04-24,16:05:00,22.18,22.23,22.18,22.22,4397,0
2017-04-24,16:10:00,22.21,22.25,22.17,22.17,10153,0
2017-04-24,16:15:00,22.1732,22.18,22.15,22.16,2250,0
2017-04-24,16:20:00,22.17,22.2,22.165,22.165,3801,0
2017-04-24,16:25:00,22.18,22.18,22.14,22.14,4386,0
2017-04-24,16:30:00,22.14,22.17,22.12,22.155,5465,0
2017-04-24,16:35:00,22.16,22.17,22.12,22.12,4400,0
2017-04-24,16:40:00,22.12,22.135,22.08,22.095,5127,0
2017-04-24,16:45:00,22.09,22.1,22.07,22.085,6770,0
2017-04-24,16:50:00,22.08,22.1,22.07,22.1,6402,0
2017-04-24,16:55:00,22.13,22.15,22.12,22.14,5600,0
2017-04-24,17:00:00,22.15,22.16,22.14,22.155,5146,0
2017-04-24,17:05:00,22.15,22.16,22.12,22.125,4977,0
2017-04-24,17:10:00,22.12,22.135,22.12,22.13,5332,0
2017-04-24,17:15:00,22.13,22.13,22.07,22.07,13771,0
2017-04-24,17:20:00,22.08,22.08,22.02,22.04,6300,0
2017-04-24,17:25:00,22.04,22.06,22.03,22.06,4869,0
2017-04-24,17:30:00,22.06,22.09,22.06,22.09,6707,0
2017-04-24,17:35:00,22.08,22.085,22.03,22.04,7844,0
2017-04-24,17:40:00,22.04,22.09,22.04,22.09,6472,0
2017-04-24,17:45:00,22.09,22.125,22.09,22.125,3069,0
2017-04-24,17:50:00,22.13,22.15,22.12,22.125,5159,0
2017-04-24,17:55:00,22.13,22.15,22.13,22.13,5100,0
2017-04-24,18:00:00,22.13,22.14,22.13,22.13,5092,0
2017-04-24,18:05:00,22.13,22.15,22.13,22.1425,4525,0
2017-04-24,18:10:00,22.135,22.135,22.12,22.13,4600,0
2017-04-24,18:15:00,22.125,22.17,22.125,22.165,6100,0
2017-04-24,18:20:00,22.165,22.17,22.155,22.17,4894,0
2017-04-24,18:25:00,22.17,22.17,22.15,22.165,6676,0
2017-04-24,18:30:00,22.165,22.17,22.15,22.155,3391,0
2017-04-24,18:35:00,22.16,22.17,22.16,22.17,3031,0
2017-04-24,18:40:00,22.17,22.18,22.16,22.175,2900,0
2017-04-24,18:45:00,22.18,22.215,22.18,22.21,7809,0
2017-04-24,18:50:00,22.205,22.215,22.2,22.205,10280,0
2017-04-24,18:55:00,22.205,22.23,22.205,22.225,4200,0
2017-04-24,19:00:00,22.21,22.215,22.19,22.2,5395,0
2017-04-24,19:05:00,22.205,22.205,22.19,22.195,3077,0
2017-04-24,19:10:00,22.18,22.23,22.18,22.23,115281,0
2017-04-24,19:15:00,22.235,22.25,22.23,22.25,4197,0
2017-04-24,19:20:00,22.245,22.26,22.24,22.25,5724,0
2017-04-24,19:25:00,22.26,22.28,22.255,22.28,6100,0
2017-04-24,19:30:00,22.28,22.32,22.28,22.32,5200,0
2017-04-24,19:35:00,22.32,22.32,22.3,22.3,12366,0
2017-04-24,19:40:00,22.3,22.36,22.3,22.35,19618,0
2017-04-24,19:45:00,22.34,22.34,22.31,22.325,5774,0
2017-04-24,19:50:00,22.32,22.32,22.265,22.27,7389,0
2017-04-24,19:55:00,22.265,22.32,22.26,22.315,28763,0
2017-04-24,20:00:00,22.31,22.315,22.28,22.29,6046,0
2017-04-24,20:05:00,22.29,22.295,22.26,22.265,19899,0
2017-04-24,20:10:00,22.27,22.31,22.25,22.31,10317,0
2017-04-24,20:15:00,22.31,22.34,22.3,22.3299,10677,0
2017-04-24,20:20:00,22.33,22.37,22.33,22.36,7827,0
2017-04-24,20:25:00,22.36,22.375,22.36,22.37,6625,0
2017-04-24,20:30:00,22.36,22.365,22.34,22.35,8182,0
2017-04-24,20:35:00,22.35,22.37,22.35,22.37,4819,0
2017-04-24,20:40:00,22.36,22.38,22.35,22.38,7923,0
2017-04-24,20:45:00,22.38,22.4,22.37,22.39,6100,0
2017-04-24,20:50:00,22.38,22.39,22.375,22.39,7587,0
2017-04-24,20:55:00,22.39,22.41,22.39,22.395,7823,0
2017-04-24,21:00:00,22.4,22.4,22.36,22.39,11832,0
2017-04-24,21:05:00,22.39,22.39,22.37,22.375,4306,0
2017-04-24,21:10:00,22.38,22.4,22.38,22.38,8084,0
2017-04-24,21:15:00,22.39,22.39,22.38,22.39,7483,0
2017-04-24,21:20:00,22.39,22.4,22.32,22.32,14925,0
2017-04-24,21:25:00,22.33,22.34,22.32,22.34,7466,0
2017-04-24,21:30:00,22.34,22.34,22.325,22.34,7291,0
2017-04-24,21:35:00,22.33,22.35,22.33,22.335,9251,0
2017-04-24,21:40:00,22.34,22.35,22.32,22.33,25998,0
2017-04-24,21:45:00,22.33,22.33,22.28,22.3,23977,0
2017-04-24,21:50:00,22.3,22.31,22.3,22.31,11362,0
2017-04-24,21:55:00,22.31,22.31,22.3,22.305,37020,0
2017-04-24,22:00:00,22.305,22.32,22.3,22.31,133466,0
2017-04-25,15:35:00,22.32,22.32,21.99,22.02,13136,0
2017-04-25,15:40:00,22.1,22.1,22,22.07,11820,0
2017-04-25,15:45:00,22.05,22.09,22,22.03,5325,0
2017-04-25,15:50:00,22.05,22.13,22.03,22.08,5000,0
2017-04-25,15:55:00,22.13,22.18,22.1,22.18,9700,0
2017-04-25,16:00:00,22.19,22.2,22.12,22.15,13506,0
2017-04-25,16:05:00,22.15,22.22,22.13,22.135,13944,0
2017-04-25,16:10:00,22.13,22.16,22.13,22.16,24155,0
2017-04-25,16:15:00,22.16,22.16,22.12,22.12,21659,0
2017-04-25,16:20:00,22.13,22.13,22.1,22.11,37686,0
2017-04-25,16:25:00,22.115,22.115,22.02,22.02,15285,0
2017-04-25,16:30:00,22.03,22.04,21.93,21.96,9100,0
2017-04-25,16:35:00,21.97,21.99,21.92,21.99,8928,0
2017-04-25,16:40:00,21.9875,22.01,21.98,21.98,8492,0
2017-04-25,16:45:00,21.98,22.03,21.9401,22.0285,10239,0
2017-04-25,16:50:00,22.04,22.04,21.98,21.98,7300,0
2017-04-25,16:55:00,21.985,22.03,21.97,22.03,10850,0
2017-04-25,17:00:00,22.03,22.07,22.02,22.0301,22104,0
2017-04-25,17:05:00,22.04,22.11,22.04,22.095,8600,0
2017-04-25,17:10:00,22.1,22.13,22.09,22.12,15565,0
2017-04-25,17:15:00,22.13,22.195,22.13,22.19,4615,0
2017-04-25,17:20:00,22.1801,22.2,22.1401,22.17,8735,0
2017-04-25,17:25:00,22.17,22.17,22.11,22.12,8188,0
2017-04-25,17:30:00,22.12,22.13,22.08,22.13,9345,0
2017-04-25,17:35:00,22.13,22.13,22.09,22.12,8363,0
2017-04-25,17:40:00,22.12,22.13,22.06,22.08,6090,0
2017-04-25,17:45:00,22.09,22.09,22.06,22.07,5301,0
2017-04-25,17:50:00,22.08,22.13,22.08,22.125,9400,0
2017-04-25,17:55:00,22.13,22.13,22.09,22.09,19886,0
2017-04-25,18:00:00,22.09,22.09,22.01,22.04,7661,0
2017-04-25,18:05:00,22.0401,22.06,22.02,22.05,8961,0
2017-04-25,18:10:00,22.07,22.07,22.03,22.03,2600,0
2017-04-25,18:15:00,22.02,22.025,21.99,22,5225,0
2017-04-25,18:20:00,22,22.028,22,22.01,3704,0
2017-04-25,18:25:00,22.03,22.045,22.02,22.045,7700,0
2017-04-25,18:30:00,22.05,22.0701,22.05,22.0701,4787,0
2017-04-25,18:35:00,22.07,22.07,22.025,22.025,11574,0
2017-04-25,18:40:00,22.025,22.08,22.025,22.08,13170,0
2017-04-25,18:45:00,22.0801,22.085,22.04,22.05,5910,0
2017-04-25,18:50:00,22.05,22.07,22.045,22.05,6643,0
2017-04-25,18:55:00,22.04,22.07,22.04,22.06,9300,0
2017-04-25,19:00:00,22.05,22.06,22.02,22.025,9631,0
2017-04-25,19:05:00,22.03,22.07,22.03,22.04,19204,0
2017-04-25,19:10:00,22.05,22.08,22.05,22.06,4381,0
2017-04-25,19:15:00,22.07,22.075,22.045,22.06,6810,0
2017-04-25,19:20:00,22.05,22.06,22.04,22.06,3871,0
2017-04-25,19:25:00,22.06,22.12,22.06,22.11,7137,0
2017-04-25,19:30:00,22.115,22.14,22.115,22.12,2925,0
2017-04-25,19:35:00,22.13,22.16,22.11,22.16,9237,0
2017-04-25,19:40:00,22.17,22.17,22.14,22.16,3637,0
2017-04-25,19:45:00,22.16,22.17,22.12,22.16,6178,0
2017-04-25,19:50:00,22.15,22.15,22.14,22.15,2200,0
2017-04-25,19:55:00,22.15,22.16,22.145,22.16,1990,0
2017-04-25,20:00:00,22.17,22.17,22.14,22.14,7893,0
2017-04-25,20:05:00,22.1401,22.19,22.14,22.18,6417,0
2017-04-25,20:10:00,22.18,22.21,22.175,22.21,6620,0
2017-04-25,20:15:00,22.21,22.22,22.2,22.215,7376,0
2017-04-25,20:20:00,22.21,22.215,22.19,22.2,8400,0
2017-04-25,20:25:00,22.2,22.2,22.18,22.185,7303,0
2017-04-25,20:30:00,22.18,22.2,22.18,22.2,8236,0
2017-04-25,20:35:00,22.2,22.21,22.19,22.1942,8914,0
2017-04-25,20:40:00,22.195,22.21,22.19,22.205,7597,0
2017-04-25,20:45:00,22.21,22.21,22.2,22.21,6221,0
2017-04-25,20:50:00,22.21,22.24,22.205,22.235,7431,0
2017-04-25,20:55:00,22.235,22.255,22.235,22.25,5535,0
2017-04-25,21:00:00,22.245,22.245,22.19,22.19,25461,0
2017-04-25,21:05:00,22.19,22.22,22.19,22.22,8097,0
2017-04-25,21:10:00,22.215,22.22,22.2,22.22,4529,0
2017-04-25,21:15:00,22.21,22.21,22.195,22.195,9235,0
2017-04-25,21:20:00,22.195,22.21,22.19,22.2,6473,0
2017-04-25,21:25:00,22.21,22.22,22.19,22.205,17427,0
2017-04-25,21:30:00,22.2,22.23,22.2,22.23,25376,0
2017-04-25,21:35:00,22.22,22.23,22.19,22.195,30196,0
2017-04-25,21:40:00,22.195,22.2,22.19,22.19,7300,0
2017-04-25,21:45:00,22.19,22.21,22.19,22.2,12762,0
2017-04-25,21:50:00,22.2,22.205,22.19,22.2,18815,0
2017-04-25,21:55:00,22.2,22.2,22.19,22.19,18458,0
2017-04-25,22:00:00,22.19,22.21,22.19,22.19,115012,0
2017-04-26,15:35:00,22.25,22.32,22.24,22.24,5717,0
2017-04-26,15:40:00,22.25,22.31,22.22,22.22,1610,0
2017-04-26,15:45:00,22.26,22.27,22.22,22.26,5695,0
2017-04-26,15:50:00,22.26,22.27,22.19,22.19,4400,0
2017-04-26,15:55:00,22.18,22.25,22.18,22.25,2900,0
2017-04-26,16:00:00,22.25,22.25,22.21,22.24,3714,0
2017-04-26,16:05:00,22.25,22.25,22.21,22.225,4700,0
2017-04-26,16:10:00,22.24,22.28,22.21,22.28,1865,0
2017-04-26,16:15:00,22.29,22.36,22.29,22.35,1800,0
2017-04-26,16:20:00,22.36,22.54,22.35,22.465,11627,0
2017-04-26,16:25:00,22.48,22.508,22.44,22.48,7311,0
2017-04-26,16:30:00,22.485,22.55,22.47,22.54,9268,0
2017-04-26,16:35:00,22.53,22.53,22.47,22.48,13646,0
2017-04-26,16:40:00,22.48,22.52,22.46,22.47,11946,0
2017-04-26,16:45:00,22.47,22.47,22.45,22.47,5463,0
2017-04-26,16:50:00,22.47,22.51,22.46,22.495,9821,0
2017-04-26,16:55:00,22.5,22.558,22.5,22.5358,9008,0
2017-04-26,17:00:00,22.535,22.58,22.53,22.58,6034,0
2017-04-26,17:05:00,22.57,22.585,22.535,22.535,7107,0
2017-04-26,17:10:00,22.54,22.57,22.54,22.54,4111,0
2017-04-26,17:15:00,22.54,22.58,22.54,22.58,7545,0
2017-04-26,17:20:00,22.58,22.59,22.56,22.5701,4681,0
2017-04-26,17:25:00,22.57,22.61,22.55,22.61,6302,0
2017-04-26,17:30:00,22.61,22.69,22.61,22.67,11389,0
2017-04-26,17:35:00,22.67,22.67,22.61,22.61,9034,0
2017-04-26,17:40:00,22.61,22.62,22.61,22.61,2322,0
2017-04-26,17:45:00,22.6106,22.6275,22.57,22.57,8183,0
2017-04-26,17:50:00,22.57,22.6,22.545,22.55,10392,0
2017-04-26,17:55:00,22.54,22.56,22.51,22.51,4800,0
2017-04-26,18:00:00,22.515,22.55,22.5,22.55,5213,0
2017-04-26,18:05:00,22.55,22.555,22.52,22.52,4135,0
2017-04-26,18:10:00,22.53,22.53,22.495,22.53,6863,0
2017-04-26,18:15:00,22.53,22.53,22.51,22.52,4100,0
2017-04-26,18:20:00,22.52,22.52,22.49,22.5,6071,0
2017-04-26,18:25:00,22.5,22.51,22.475,22.51,5260,0
2017-04-26,18:30:00,22.51,22.53,22.505,22.51,3736,0
2017-04-26,18:35:00,22.51,22.52,22.49,22.515,3400,0
2017-04-26,18:40:00,22.52,22.52,22.48,22.51,8000,0
2017-04-26,18:45:00,22.51,22.53,22.51,22.52,4712,0
2017-04-26,18:50:00,22.53,22.57,22.53,22.555,5900,0
2017-04-26,18:55:00,22.56,22.58,22.56,22.58,2228,0
2017-04-26,19:00:00,22.58,22.58,22.54,22.58,6000,0
2017-04-26,19:05:00,22.581,22.59,22.57,22.58,2100,0
2017-04-26,19:10:00,22.57,22.61,22.56,22.605,5042,0
2017-04-26,19:15:00,22.62,22.63,22.605,22.62,3952,0
2017-04-26,19:20:00,22.62,22.63,22.61,22.62,3208,0
2017-04-26,19:25:00,22.615,22.62,22.59,22.59,6252,0
2017-04-26,19:30:00,22.59,22.59,22.545,22.55,11836,0
2017-04-26,19:35:00,22.56,22.57,22.54,22.57,5918,0
2017-04-26,19:40:00,22.57,22.59,22.56,22.59,8455,0
2017-04-26,19:45:00,22.58,22.59,22.56,22.59,7839,0
2017-04-26,19:50:00,22.59,22.62,22.58,22.59,17318,0
2017-04-26,19:55:00,22.6,22.62,22.59,22.62,9179,0
2017-04-26,20:00:00,22.63,22.63,22.595,22.61,9636,0
2017-04-26,20:05:00,22.61,22.62,22.59,22.59,6900,0
2017-04-26,20:10:00,22.6,22.6,22.55,22.57,14554,0
2017-04-26,20:15:00,22.57,22.58,22.56,22.58,7775,0
2017-04-26,20:20:00,22.575,22.575,22.55,22.55,10100,0
2017-04-26,20:25:00,22.555,22.56,22.54,22.56,7731,0
2017-04-26,20:30:00,22.56,22.56,22.49,22.51,48422,0
2017-04-26,20:35:00,22.51,22.53,22.505,22.5292,16352,0
2017-04-26,20:40:00,22.53,22.545,22.525,22.535,13200,0
2017-04-26,20:45:00,22.535,22.57,22.53,22.56,15520,0
2017-04-26,20:50:00,22.56,22.59,22.56,22.59,18340,0
2017-04-26,20:55:00,22.59,22.6,22.57,22.59,8695,0
2017-04-26,21:00:00,22.5842,22.6,22.56,22.56,8947,0
2017-04-26,21:05:00,22.56,22.57,22.55,22.55,11205,0
2017-04-26,21:10:00,22.555,22.6,22.55,22.595,12576,0
2017-04-26,21:15:00,22.6,22.61,22.59,22.59,17373,0
2017-04-26,21:20:00,22.6,22.61,22.59,22.595,8485,0
2017-04-26,21:25:00,22.595,22.63,22.59,22.62,15377,0
2017-04-26,21:30:00,22.625,22.625,22.59,22.59,31893,0
2017-04-26,21:35:00,22.6,22.61,22.56,22.565,50567,0
2017-04-26,21:40:00,22.56,22.565,22.5,22.5,35928,0
2017-04-26,21:45:00,22.505,22.51,22.48,22.51,32183,0
2017-04-26,21:50:00,22.51,22.53,22.5,22.515,34820,0
2017-04-26,21:55:00,22.51,22.515,22.49,22.49,36374,0
2017-04-26,22:00:00,22.49,22.51,22.49,22.51,148279,0
