Date,Time,Open,High,Low,Close,Volume,OpenInt
2017-03-14,14:35:00,93.47,93.47,93.47,93.47,725,0
2017-03-14,14:40:00,93,93.126,93,93.126,200,0
2017-03-14,14:45:00,93.08,93.08,92.96,92.96,255,0
2017-03-14,14:55:00,92.97,92.97,92.97,92.97,100,0
2017-03-14,15:00:00,93,93,93,93,483,0
2017-03-14,15:05:00,93.2522,93.2522,93.17,93.17,700,0
2017-03-14,15:25:00,93.17,93.17,93.17,93.17,100,0
2017-03-14,15:30:00,93,93.19,93,93.02,800,0
2017-03-14,15:35:00,93.09,93.09,93.09,93.09,100,0
2017-03-14,15:40:00,93.11,93.226,93.1025,93.1025,800,0
2017-03-14,15:45:00,93.25,93.25,93.25,93.25,100,0
2017-03-14,16:05:00,93.055,93.055,93.055,93.055,245,0
2017-03-14,16:10:00,93.1,93.1,92.6,92.79,3949,0
2017-03-14,16:15:00,92.86,93.12,92.8505,93.07,3499,0
2017-03-14,16:20:00,92.8,92.8,92.8,92.8,200,0
2017-03-14,16:30:00,92.8402,92.8402,92.8402,92.8402,300,0
2017-03-14,16:40:00,92.816,92.86,92.816,92.86,400,0
2017-03-14,16:50:00,92.86,92.86,92.86,92.86,100,0
2017-03-14,17:00:00,92.8702,92.95,92.8702,92.95,300,0
2017-03-14,17:05:00,93.1096,93.1096,93.1096,93.1096,250,0
2017-03-14,17:10:00,93.1411,93.1411,93.1411,93.1411,105,0
2017-03-14,17:15:00,93.0987,93.0987,93.0987,93.0987,100,0
2017-03-14,17:35:00,93.07,93.07,93.07,93.07,200,0
2017-03-14,17:55:00,93.1006,93.1499,93.1006,93.1499,1200,0
2017-03-14,18:00:00,93.06,93.06,93.05,93.05,241,0
2017-03-14,18:15:00,93.0195,93.02,93.01,93.02,300,0
2017-03-14,18:30:00,93.011,93.011,93.011,93.011,105,0
2017-03-14,18:35:00,93.02,93.02,93.02,93.02,100,0
2017-03-14,18:50:00,92.83,92.863,92.83,92.845,1000,0
2017-03-14,19:05:00,92.83,92.87,92.83,92.87,400,0
2017-03-14,19:25:00,93.0131,93.0131,93.0131,93.0131,250,0
2017-03-14,19:30:00,92.9328,92.9328,92.9328,92.9328,200,0
2017-03-14,19:45:00,92.8,92.8,92.8,92.8,200,0
2017-03-14,19:55:00,92.81,92.81,92.77,92.81,1975,0
2017-03-14,20:00:00,92.82,92.82,92.82,92.82,100,0
2017-03-14,20:10:00,92.76,92.76,92.76,92.76,200,0
2017-03-14,20:15:00,92.76,92.81,92.76,92.81,400,0
2017-03-14,20:30:00,92.75,92.75,92.75,92.75,100,0
2017-03-14,20:35:00,92.785,92.785,92.785,92.785,100,0
2017-03-14,20:40:00,92.7682,92.7682,92.7682,92.7682,280,0
2017-03-14,20:50:00,92.82,92.82,92.82,92.82,100,0
2017-03-14,21:00:00,92.65,93,92.61,93,699,0
2017-03-15,14:35:00,93.16,93.16,93,93,476,0
2017-03-15,14:40:00,93.01,93.01,93.01,93.01,100,0
2017-03-15,14:50:00,93.242,93.242,93.242,93.242,150,0
2017-03-15,14:55:00,93.22,93.6,93.22,93.6,900,0
2017-03-15,15:00:00,93.34,93.34,93.34,93.34,100,0
2017-03-15,15:05:00,93.34,93.3909,93.32,93.3909,400,0
2017-03-15,15:10:00,93.72,93.72,93.72,93.72,100,0
2017-03-15,15:15:00,93.562,93.6072,93.562,93.6072,200,0
2017-03-15,15:45:00,93.529,93.529,93.529,93.529,100,0
2017-03-15,15:55:00,93.4291,93.4291,93.25,93.25,1000,0
2017-03-15,16:00:00,93.3699,93.3699,93.02,93.02,1174,0
2017-03-15,16:10:00,93.03,93.03,93.01,93.03,300,0
2017-03-15,16:15:00,93.17,93.17,93.17,93.17,100,0
2017-03-15,16:20:00,93.1,93.1,93,93,2492,0
2017-03-15,16:25:00,92.78,92.8,92.5,92.8,800,0
2017-03-15,16:50:00,93.058,93.058,93.058,93.058,180,0
2017-03-15,17:00:00,93.312,93.4329,93.312,93.4329,200,0
2017-03-15,17:05:00,93.09,93.09,93.09,93.09,100,0
2017-03-15,17:15:00,93.1405,93.1405,93.1405,93.1405,101,0
2017-03-15,17:45:00,93.15,93.15,93.15,93.15,100,0
2017-03-15,18:00:00,93.3359,93.3359,93.3359,93.3359,105,0
2017-03-15,18:15:00,93.38,93.38,93.38,93.38,100,0
2017-03-15,18:30:00,93.128,93.13,93.128,93.13,613,0
2017-03-15,18:35:00,93,93,93,93,100,0
2017-03-15,18:40:00,92.9912,92.9912,92.8,92.8,250,0
2017-03-15,18:45:00,92.6771,92.6771,92.6017,92.6017,239,0
2017-03-15,18:55:00,92.5,92.5,92.5,92.5,100,0
2017-03-15,19:00:00,92.5,92.5,92.5,92.5,1472,0
2017-03-15,19:05:00,92.57,92.57,92.51,92.51,208,0
2017-03-15,19:10:00,92.51,92.95,92.51,92.95,605,0
2017-03-15,19:15:00,93.2578,93.2578,93.0905,93.0905,202,0
2017-03-15,19:25:00,92.951,93.0998,92.95,92.95,1307,0
2017-03-15,19:30:00,93.0832,93.0832,92.95,92.95,300,0
2017-03-15,19:35:00,92.95,92.95,92.95,92.95,673,0
2017-03-15,19:40:00,92.7,92.7,92.7,92.7,100,0
2017-03-15,19:45:00,93.0202,93.0202,92.7,92.7,200,0
2017-03-15,19:50:00,92.72,92.72,92.72,92.72,100,0
2017-03-15,19:55:00,92.481,92.79,92.481,92.79,200,0
2017-03-15,20:00:00,92.75,93.08,92.75,93.08,200,0
2017-03-15,20:15:00,92.68,92.68,92.68,92.68,287,0
2017-03-15,20:20:00,92.8808,92.8808,92.72,92.72,208,0
2017-03-15,20:25:00,92.7551,92.7551,92.55,92.55,200,0
2017-03-15,20:30:00,92.88,92.88,92.88,92.88,200,0
2017-03-15,20:35:00,92.8964,92.8964,92.65,92.65,200,0
2017-03-15,20:40:00,92.7,92.721,92.7,92.721,674,0
2017-03-15,20:45:00,92.72,93.0099,92.705,92.705,704,0
2017-03-15,20:50:00,92.9163,92.9163,92.9163,92.9163,500,0
2017-03-15,20:55:00,92.89,92.89,92.8275,92.8275,400,0
2017-03-15,21:00:00,92.93,93.04,92.75,92.98,2216,0
2017-03-16,14:35:00,92.99,93.87,92.99,93.87,797,0
2017-03-16,14:50:00,93.6825,93.6825,93.5,93.5,300,0
2017-03-16,15:00:00,93.35,93.35,93.35,93.35,200,0
2017-03-16,15:10:00,93.4,93.84,93.3398,93.36,1609,0
2017-03-16,15:15:00,93.35,93.35,93.35,93.35,200,0
2017-03-16,15:20:00,93.7542,93.7542,93.21,93.21,1400,0
2017-03-16,15:40:00,93.5696,93.71,93.5696,93.71,300,0
2017-03-16,15:45:00,93.5,93.5,93,93.314,917,0
2017-03-16,15:55:00,92.98,92.98,92.98,92.98,214,0
2017-03-16,16:00:00,92.96,92.99,92.92,92.92,645,0
2017-03-16,16:15:00,93,93.08,93,93.08,340,0
2017-03-16,16:20:00,92.9185,93.13,92.9185,93.12,895,0
2017-03-16,16:35:00,93.23,93.23,93.23,93.23,100,0
2017-03-16,16:50:00,93.2,93.2,93.2,93.2,100,0
2017-03-16,16:55:00,93.46,93.5,93.3203,93.5,800,0
2017-03-16,17:00:00,93.6,93.6,93.6,93.6,500,0
2017-03-16,17:05:00,93.79,93.8,93.6488,93.8,949,0
2017-03-16,17:10:00,93.5103,93.5136,93.5103,93.5136,550,0
2017-03-16,17:25:00,93.131,93.131,93.131,93.131,100,0
2017-03-16,17:45:00,93.6914,93.6914,93.6914,93.6914,100,0
2017-03-16,18:20:00,93.4404,93.4404,93.4404,93.4404,200,0
2017-03-16,18:30:00,93.2407,93.2407,93.2407,93.2407,200,0
2017-03-16,18:40:00,93.496,93.78,93.496,93.78,790,0
2017-03-16,18:50:00,93.443,93.443,93.443,93.443,200,0
2017-03-16,18:55:00,93.7,93.7,93.7,93.7,100,0
2017-03-16,19:00:00,93.6667,93.6667,93.6667,93.6667,100,0
2017-03-16,19:05:00,93.7,93.7,93.7,93.7,100,0
2017-03-16,19:15:00,93.591,93.591,93.591,93.591,200,0
2017-03-16,19:20:00,93.7,93.7,93.7,93.7,200,0
2017-03-16,19:45:00,93.52,93.52,93.52,93.52,100,0
2017-03-16,19:50:00,93.5,93.5,93.5,93.5,100,0
2017-03-16,20:20:00,93.5,93.5,93.5,93.5,100,0
2017-03-16,20:30:00,93.59,93.63,93.59,93.59,395,0
2017-03-16,20:35:00,93.55,93.55,93.55,93.55,100,0
2017-03-16,20:45:00,93.5703,93.5703,93.5703,93.5703,200,0
2017-03-16,21:00:00,93.583,93.64,93.4,93.4,807,0
2017-03-17,14:35:00,93.69,93.7436,93.46,93.46,1164,0
2017-03-17,14:50:00,93.1444,93.1444,93.1444,93.1444,100,0
2017-03-17,15:30:00,93.458,93.458,93.4577,93.4577,200,0
2017-03-17,15:40:00,93.762,93.762,93.762,93.762,100,0
2017-03-17,15:50:00,93.61,93.61,93.61,93.61,100,0
2017-03-17,15:55:00,93.5,93.6861,93.5,93.6861,200,0
2017-03-17,16:10:00,93.5,93.664,93.5,93.664,300,0
2017-03-17,16:15:00,93.8378,93.84,93.8378,93.84,266,0
2017-03-17,16:30:00,93.636,93.636,93.41,93.41,200,0
2017-03-17,16:45:00,93.411,93.411,93.411,93.411,200,0
2017-03-17,17:00:00,93.4021,93.4021,93.4021,93.4021,116,0
2017-03-17,17:15:00,93.72,93.72,93.72,93.72,100,0
2017-03-17,17:20:00,93.594,93.594,93.594,93.594,500,0
2017-03-17,17:30:00,93.7686,93.7686,93.6686,93.6686,400,0
2017-03-17,17:50:00,93.84,93.87,93.81,93.87,2206,0
2017-03-17,18:15:00,94.07,94.07,94.07,94.07,100,0
2017-03-17,18:20:00,94.2756,94.2756,94.2756,94.2756,147,0
2017-03-17,18:25:00,94.4497,94.5999,94.4497,94.5999,560,0
2017-03-17,18:40:00,94.9,94.9,94.7903,94.7903,699,0
2017-03-17,18:50:00,94.84,94.84,94.8315,94.8315,432,0
2017-03-17,19:00:00,94.92,94.92,94.92,94.92,100,0
2017-03-17,19:10:00,94.81,94.81,94.81,94.81,100,0
2017-03-17,19:20:00,94.767,94.9,94.702,94.702,400,0
2017-03-17,19:25:00,94.8204,94.8204,94.8204,94.8204,200,0
2017-03-17,19:35:00,94.847,94.847,94.847,94.847,100,0
2017-03-17,19:40:00,94.904,94.904,94.7,94.7,600,0
2017-03-17,19:50:00,94.65,94.85,94.65,94.85,200,0
2017-03-17,19:55:00,94.7578,94.7578,94.7578,94.7578,100,0
2017-03-17,20:00:00,94.565,94.6,94.565,94.6,1000,0
2017-03-17,20:10:00,94.87,94.87,94.87,94.87,100,0
2017-03-17,20:15:00,94.6929,94.6929,94.6929,94.6929,100,0
2017-03-17,20:20:00,94.732,94.88,94.732,94.7864,1358,0
2017-03-17,20:25:00,94.88,94.88,94.88,94.88,100,0
2017-03-17,20:35:00,94.8451,94.88,94.8451,94.88,787,0
2017-03-17,20:40:00,94.85,94.85,94.85,94.85,200,0
2017-03-17,20:50:00,94.85,94.88,94.85,94.88,300,0
2017-03-17,20:55:00,94.88,95.49,94.86,95.49,2251,0
2017-03-17,21:00:00,95.5,96.68,95.4892,96.68,15613,0
2017-03-20,14:35:00,96.65,96.65,96.5,96.5,1777,0
2017-03-20,14:45:00,96.329,96.329,96.329,96.329,200,0
2017-03-20,14:50:00,96.33,96.33,95.6443,95.6443,200,0
2017-03-20,14:55:00,96.22,96.22,96.22,96.22,100,0
2017-03-20,15:15:00,95.5819,95.713,95.5101,95.5101,500,0
2017-03-20,15:20:00,95.74,95.74,95.71,95.71,400,0
2017-03-20,15:25:00,95.72,95.8299,95.51,95.8299,650,0
2017-03-20,15:40:00,95.17,95.17,95,95,1000,0
2017-03-20,15:50:00,94.48,94.84,94.48,94.84,1400,0
2017-03-20,16:00:00,95.04,95.269,95.04,95.269,400,0
2017-03-20,16:10:00,95.3,95.3,95.3,95.3,100,0
2017-03-20,16:15:00,95.3,95.3,95.3,95.3,200,0
2017-03-20,16:20:00,95.42,95.42,95.42,95.42,100,0
2017-03-20,16:40:00,95.2766,95.2766,95.2766,95.2766,126,0
2017-03-20,16:45:00,95.49,95.5,95.49,95.5,1019,0
2017-03-20,16:50:00,95.5,95.5,95.5,95.5,1072,0
2017-03-20,16:55:00,95.84,95.84,95.81,95.84,300,0
2017-03-20,17:00:00,95.84,95.84,95.84,95.84,100,0
2017-03-20,17:30:00,95.73,95.73,95.73,95.73,100,0
2017-03-20,17:35:00,95.97,95.97,95.97,95.97,100,0
2017-03-20,18:00:00,95.6253,95.6253,95.598,95.598,439,0
2017-03-20,18:10:00,95.5235,95.5235,95.5235,95.5235,100,0
2017-03-20,18:15:00,95.3535,95.3535,95.3535,95.3535,100,0
2017-03-20,18:25:00,95.5477,95.64,95.4288,95.64,543,0
2017-03-20,18:30:00,95.485,95.64,95.35,95.64,500,0
2017-03-20,18:40:00,95.559,95.95,95.559,95.95,737,0
2017-03-20,18:50:00,95.7686,95.7686,95.7686,95.7686,100,0
2017-03-20,18:55:00,95.774,95.774,95.774,95.774,100,0
2017-03-20,19:10:00,95.88,95.88,95.88,95.88,100,0
2017-03-20,19:15:00,95.301,95.62,95.301,95.62,500,0
2017-03-20,19:45:00,95.62,95.62,95.62,95.62,100,0
2017-03-20,19:55:00,95.5132,95.5132,95.5132,95.5132,127,0
2017-03-20,20:05:00,95.71,95.71,95.71,95.71,100,0
2017-03-20,20:10:00,95.5047,95.71,95.5047,95.71,220,0
2017-03-20,20:25:00,95.81,95.815,95.75,95.75,600,0
2017-03-20,20:30:00,95.6204,95.6204,95.6204,95.6204,500,0
2017-03-20,20:35:00,95.58,95.6,95.56,95.56,400,0
2017-03-20,20:45:00,95.68,95.68,95.49,95.49,1079,0
2017-03-20,20:50:00,95.668,95.668,95.668,95.668,200,0
2017-03-20,20:55:00,95.59,95.59,95.59,95.59,100,0
2017-03-20,21:00:00,95.79,95.79,95.29,95.73,1447,0
2017-03-21,14:35:00,95.38,95.38,95.38,95.38,547,0
2017-03-21,14:50:00,95.288,95.5749,95.288,95.5749,300,0
2017-03-21,14:55:00,95.35,95.35,95.34,95.34,278,0
2017-03-21,15:10:00,95.6248,95.6248,95.6248,95.6248,110,0
2017-03-21,15:15:00,95.4,95.4,95.39,95.39,295,0
2017-03-21,15:20:00,95.1,95.1,95,95,570,0
2017-03-21,15:30:00,94.964,94.964,94.6228,94.6228,1102,0
2017-03-21,15:35:00,94.4682,94.51,94.4682,94.47,551,0
2017-03-21,15:40:00,94.61,94.61,94.45,94.45,585,0
2017-03-21,15:55:00,94.3065,94.89,94.3065,94.89,235,0
2017-03-21,16:25:00,94.6076,94.6076,94.6076,94.6076,105,0
2017-03-21,16:35:00,94.4,94.4,94.4,94.4,100,0
2017-03-21,16:40:00,94.31,94.31,94.3,94.3,900,0
2017-03-21,16:45:00,94.29,94.41,94.29,94.41,200,0
2017-03-21,16:55:00,94.47,94.47,94.47,94.47,300,0
2017-03-21,17:00:00,94.37,94.37,94.37,94.37,100,0
2017-03-21,17:15:00,94.29,94.29,93.832,94.0546,400,0
2017-03-21,17:25:00,94.1231,94.1231,94.1231,94.1231,240,0
2017-03-21,17:40:00,94.64,94.64,94.2544,94.2544,246,0
2017-03-21,17:55:00,94.25,94.25,94.2211,94.2211,200,0
2017-03-21,18:00:00,94.096,94.096,94.096,94.096,200,0
2017-03-21,18:30:00,94.402,94.402,94.402,94.402,100,0
2017-03-21,18:35:00,94.3799,94.3799,94.3799,94.3799,100,0
2017-03-21,19:05:00,94.09,94.09,94.09,94.09,338,0
2017-03-21,19:10:00,94.1512,94.1512,94.1512,94.1512,200,0
2017-03-21,19:30:00,94.15,94.15,94.15,94.15,100,0
2017-03-21,19:45:00,94.12,94.12,94.12,94.12,100,0
2017-03-21,20:05:00,94.12,94.12,94.12,94.12,100,0
2017-03-21,20:30:00,94.2308,94.2308,94.2308,94.2308,100,0
2017-03-21,20:40:00,94.35,94.35,94.35,94.35,100,0
2017-03-21,20:45:00,94.2,94.2,94.2,94.2,100,0
2017-03-21,20:55:00,94.2753,94.2753,94.16,94.2353,793,0
2017-03-21,21:00:00,94.16,94.16,94.1,94.1,977,0
2017-03-22,14:35:00,94.17,94.17,93.74,93.74,853,0
2017-03-22,14:45:00,93.61,93.61,93.6,93.6,200,0
2017-03-22,14:50:00,93.45,93.45,93.45,93.45,100,0
2017-03-22,15:10:00,93.6985,93.6985,93.6985,93.6985,200,0
2017-03-22,15:15:00,93.5814,93.957,93.56,93.957,420,0
2017-03-22,15:20:00,93.876,93.876,93.876,93.876,200,0
2017-03-22,15:30:00,93.7956,93.7956,93.7956,93.7956,100,0
2017-03-22,15:40:00,93.3,93.3878,93.3,93.3878,500,0
2017-03-22,15:45:00,93.49,93.5,93.49,93.5,500,0
2017-03-22,15:55:00,93.73,93.73,93.73,93.73,100,0
2017-03-22,16:00:00,93.5504,93.7347,93.5,93.7347,1420,0
2017-03-22,16:05:00,93.5662,93.5662,93.5662,93.5662,100,0
2017-03-22,16:30:00,93.5,93.65,93.5,93.6423,775,0
2017-03-22,16:35:00,93.78,93.78,93.78,93.78,200,0
2017-03-22,16:40:00,93.7,93.7,93.7,93.7,100,0
2017-03-22,16:45:00,93.71,93.71,93.71,93.71,100,0
2017-03-22,16:50:00,93.8,93.8,93.8,93.8,100,0
2017-03-22,17:00:00,93.6503,93.6503,93.6503,93.6503,100,0
2017-03-22,17:50:00,93.715,93.715,93.715,93.715,400,0
2017-03-22,18:05:00,93.808,93.808,93.7,93.7,200,0
2017-03-22,18:10:00,93.75,93.75,93.75,93.75,100,0
2017-03-22,18:40:00,93.6,93.74,93.6,93.649,440,0
2017-03-22,19:15:00,93.745,93.745,93.745,93.745,155,0
2017-03-22,19:25:00,93.5,93.5,93.5,93.5,100,0
2017-03-22,19:35:00,93.577,93.577,93.577,93.577,100,0
2017-03-22,19:45:00,93.522,93.522,93.522,93.522,150,0
2017-03-22,19:50:00,93.44,93.44,93.44,93.44,200,0
2017-03-22,19:55:00,93.413,93.413,93.413,93.413,200,0
2017-03-22,20:10:00,93.44,93.5734,93.44,93.5734,400,0
2017-03-22,20:20:00,93.59,93.6144,93.51,93.51,1016,0
2017-03-22,20:30:00,93.4501,93.5,93.4501,93.5,200,0
2017-03-22,20:40:00,93.5,93.595,93.5,93.595,200,0
2017-03-22,20:45:00,93.58,93.6,93.58,93.6,300,0
2017-03-22,20:50:00,93.595,93.6,93.535,93.6,300,0
2017-03-22,20:55:00,93.6,93.76,93.6,93.745,300,0
2017-03-22,21:00:00,93.735,93.82,93.64,93.75,977,0
2017-03-23,14:35:00,93.74,93.74,93.72,93.72,471,0
2017-03-23,14:50:00,93.5763,93.5763,93.5763,93.5763,241,0
2017-03-23,14:55:00,93.5406,93.5406,93.5406,93.5406,128,0
2017-03-23,15:10:00,93.54,93.54,93.54,93.54,500,0
2017-03-23,15:15:00,93.59,93.59,93.59,93.59,100,0
2017-03-23,15:45:00,93.75,93.76,93.7499,93.7499,300,0
2017-03-23,16:10:00,94.02,94.1,94.02,94.1,336,0
2017-03-23,16:15:00,94.5479,94.5479,94.5479,94.5479,250,0
2017-03-23,16:25:00,94.7499,94.7499,94.7499,94.7499,1000,0
2017-03-23,16:45:00,94.55,94.55,94.54,94.54,272,0
2017-03-23,16:55:00,94.4247,94.4247,94.4247,94.4247,200,0
2017-03-23,17:05:00,94.55,94.55,94.55,94.55,250,0
2017-03-23,17:10:00,94.2425,94.2425,94.2425,94.2425,104,0
2017-03-23,17:25:00,94.2775,94.2775,94.2775,94.2775,300,0
2017-03-23,17:55:00,94.3001,94.3001,94.3001,94.3001,312,0
2017-03-23,18:40:00,94.54,94.54,94.54,94.54,100,0
2017-03-23,18:45:00,94.33,94.33,94.33,94.33,100,0
2017-03-23,19:00:00,94.31,94.3162,94.31,94.3162,320,0
2017-03-23,19:40:00,94.4299,94.4299,94.3934,94.3934,200,0
2017-03-23,20:00:00,94.43,94.5,94.43,94.5,200,0
2017-03-23,21:00:00,94.54,94.909,94.54,94.56,825,0
2017-03-24,14:35:00,94.64,94.96,94.64,94.96,500,0
2017-03-24,14:40:00,95,95.2753,95,95.2753,350,0
2017-03-24,14:50:00,95.3575,95.3575,95.3575,95.3575,200,0
2017-03-24,15:00:00,95.49,95.49,95.49,95.49,100,0
2017-03-24,15:05:00,95.7,95.7,95.605,95.605,200,0
2017-03-24,15:10:00,95.58,95.58,95.58,95.58,300,0
2017-03-24,15:30:00,95.83,95.83,95.7434,95.7434,350,0
2017-03-24,15:35:00,95.8,96,95.8,96,658,0
2017-03-24,15:45:00,96.1403,96.15,96.1403,96.15,300,0
2017-03-24,15:50:00,96.224,96.224,96.11,96.11,300,0
2017-03-24,16:05:00,95.9654,95.9654,95.9654,95.9654,100,0
2017-03-24,16:10:00,95.9896,96.0575,95.9896,96.0575,200,0
2017-03-24,16:15:00,96.11,96.11,96.11,96.11,299,0
2017-03-24,16:25:00,96.2752,96.2752,96.2752,96.2752,100,0
2017-03-24,16:35:00,96.34,96.34,96.34,96.34,100,0
2017-03-24,16:50:00,96.3,96.3,96.3,96.3,100,0
2017-03-24,17:10:00,96.3462,96.3462,96.3462,96.3462,1000,0
2017-03-24,17:20:00,96.301,96.5,96.301,96.5,252,0
2017-03-24,17:25:00,96.65,96.65,96.65,96.65,100,0
2017-03-24,17:50:00,96.44,96.44,96.44,96.44,100,0
2017-03-24,18:00:00,96.21,96.2109,96.21,96.2109,300,0
2017-03-24,18:05:00,96.0343,96.0343,96.0343,96.0343,550,0
2017-03-24,18:10:00,96.0885,96.0885,96.0885,96.0885,150,0
2017-03-24,18:15:00,96.349,96.349,96.1173,96.1173,200,0
2017-03-24,18:20:00,96.01,96.01,95.96,95.96,1098,0
2017-03-24,18:30:00,95.9581,95.9581,95.9581,95.9581,100,0
2017-03-24,18:35:00,95.8619,95.8619,95.8619,95.8619,150,0
2017-03-24,18:40:00,95.671,95.671,95.671,95.671,100,0
2017-03-24,19:50:00,95.1425,95.5236,95.1425,95.5236,700,0
2017-03-24,19:55:00,95.39,95.5,95.39,95.48,600,0
2017-03-24,20:00:00,95.4,95.4,95.4,95.4,389,0
2017-03-24,20:10:00,95.1435,95.1435,95.1435,95.1435,200,0
2017-03-24,20:25:00,95.1911,95.1911,95.1911,95.1911,400,0
2017-03-24,20:30:00,95.34,95.34,95.34,95.34,200,0
2017-03-24,20:40:00,95.1808,95.1808,95.1808,95.1808,100,0
2017-03-24,20:45:00,95.3995,95.3995,95.39,95.39,200,0
2017-03-24,21:00:00,95.3,95.3,95,95,350,0
2017-03-27,15:35:00,94.48,94.48,94.48,94.48,412,0
2017-03-27,15:45:00,94.6,94.6,94.38,94.38,200,0
2017-03-27,15:50:00,94.216,94.38,94.216,94.305,350,0
2017-03-27,15:55:00,94.4,94.4,94.4,94.4,100,0
2017-03-27,16:00:00,94.5802,94.5802,94.5802,94.5802,200,0
2017-03-27,16:35:00,95,95,95,95,200,0
2017-03-27,16:45:00,94.6672,94.6672,94.6672,94.6672,100,0
2017-03-27,16:50:00,95.49,95.49,95.49,95.49,100,0
2017-03-27,16:55:00,95.23,95.23,95.23,95.23,100,0
2017-03-27,17:00:00,95.3,95.3,95.3,95.3,200,0
2017-03-27,17:05:00,94.536,94.536,94.5273,94.5273,500,0
2017-03-27,17:10:00,94.55,94.55,94.55,94.55,500,0
2017-03-27,17:55:00,95.105,95.105,95.105,95.105,100,0
2017-03-27,18:10:00,95.3604,95.3604,95.3604,95.3604,500,0
2017-03-27,19:05:00,95.1336,95.1336,95.1336,95.1336,250,0
2017-03-27,19:10:00,95.0151,95.0151,95.0151,95.0151,100,0
2017-03-27,19:45:00,94.73,94.73,94.73,94.73,100,0
2017-03-27,19:50:00,94.55,94.55,94.54,94.54,395,0
2017-03-27,20:25:00,94.51,94.59,94.5,94.5,400,0
2017-03-27,20:35:00,94.7572,94.7572,94.7572,94.7572,100,0
2017-03-27,20:40:00,94.6528,94.6528,94.6528,94.6528,200,0
2017-03-27,20:55:00,94.989,94.989,94.989,94.989,100,0
2017-03-27,21:25:00,94.906,94.906,94.75,94.8804,324,0
2017-03-27,21:40:00,94.97,95,94.82,94.826,2270,0
2017-03-27,22:00:00,95,95,94.99,94.99,500,0
2017-03-28,15:35:00,95,95,95,95,576,0
2017-03-28,15:40:00,95.7751,95.7751,95.7751,95.7751,100,0
2017-03-28,15:55:00,95,95.7003,95,95.7003,300,0
2017-03-28,16:05:00,95.09,95.09,95.09,95.09,100,0
2017-03-28,16:10:00,95.819,95.819,95.819,95.819,100,0
2017-03-28,16:20:00,95.3703,95.3703,95.3703,95.3703,250,0
2017-03-28,16:30:00,95.7,95.7,95.7,95.7,100,0
2017-03-28,17:00:00,95.096,95.096,95.096,95.096,100,0
2017-03-28,17:55:00,95.2415,95.2415,95.2415,95.2415,151,0
2017-03-28,18:00:00,95.429,95.429,95.429,95.429,400,0
2017-03-28,18:05:00,95.2471,95.2471,95.2471,95.2471,100,0
2017-03-28,18:20:00,95.615,95.615,95.615,95.615,100,0
2017-03-28,18:55:00,95.4532,95.4532,95.4532,95.4532,230,0
2017-03-28,19:05:00,95.2972,95.2972,95.2972,95.2972,114,0
2017-03-28,19:25:00,95.59,95.59,95.59,95.59,100,0
2017-03-28,19:35:00,95.3672,95.3672,95.3672,95.3672,100,0
2017-03-28,19:45:00,95.35,95.35,95.33,95.33,300,0
2017-03-28,20:55:00,95.41,95.41,95.41,95.41,100,0
2017-03-28,21:15:00,95.58,95.58,95.58,95.58,100,0
2017-03-28,21:20:00,95.5899,95.5899,95.5899,95.5899,325,0
2017-03-28,21:35:00,95.4101,95.4101,95.4101,95.4101,100,0
2017-03-28,22:00:00,95.43,95.555,95.43,95.49,304,0
2017-03-29,15:35:00,95.26,95.26,95.26,95.26,343,0
2017-03-29,15:40:00,95.0418,95.0418,95.0418,95.0418,100,0
2017-03-29,15:50:00,95.0401,95.0401,95.0401,95.0401,130,0
2017-03-29,16:00:00,95.41,95.4505,94.8901,94.8901,600,0
2017-03-29,16:05:00,95.01,95.01,95.01,95.01,100,0
2017-03-29,16:15:00,94.95,94.95,94.95,94.95,100,0
2017-03-29,16:35:00,94.676,94.676,94.676,94.676,200,0
2017-03-29,16:40:00,95.16,95.24,95.16,95.24,780,0
2017-03-29,16:45:00,95.635,95.64,95.635,95.64,200,0
2017-03-29,16:55:00,95.52,95.52,95.5,95.5,200,0
2017-03-29,17:20:00,95.5061,95.5061,95.5061,95.5061,100,0
2017-03-29,17:35:00,95.49,95.49,95.49,95.49,100,0
2017-03-29,17:40:00,95.32,95.32,95.32,95.32,100,0
2017-03-29,17:50:00,95.3827,95.3827,95.3827,95.3827,157,0
2017-03-29,18:20:00,95.4815,95.4815,95.4815,95.4815,250,0
2017-03-29,18:25:00,95.59,95.6,95.43,95.43,400,0
2017-03-29,18:30:00,95.685,95.685,95.685,95.685,100,0
2017-03-29,18:40:00,95.5936,95.69,95.5936,95.69,500,0
2017-03-29,18:45:00,95.995,95.995,95.995,95.995,100,0
2017-03-29,18:50:00,95.995,95.995,95.995,95.995,100,0
2017-03-29,18:55:00,96,96.305,96,96.3,300,0
2017-03-29,19:00:00,95.9747,96.0595,95.9747,96.015,570,0
2017-03-29,19:05:00,96.0297,96.0297,96.0297,96.0297,100,0
2017-03-29,19:10:00,96.285,96.285,96.285,96.285,100,0
2017-03-29,19:20:00,96.1332,96.26,96.1332,96.26,200,0
2017-03-29,19:25:00,96.029,96.029,96.021,96.0217,435,0
2017-03-29,19:30:00,96.19,96.35,96.19,96.35,940,0
2017-03-29,19:50:00,96.2346,96.2346,96.2346,96.2346,700,0
2017-03-29,20:00:00,96.425,96.425,96.425,96.425,100,0
2017-03-29,20:05:00,96.5,96.5,96.5,96.5,100,0
2017-03-29,20:10:00,96.2187,96.934,96.2187,96.934,402,0
2017-03-29,20:15:00,96.125,96.125,96.02,96.11,958,0
2017-03-29,20:20:00,96.089,96.089,96.089,96.089,100,0
2017-03-29,20:40:00,96.1451,96.4955,96.1451,96.4955,400,0
2017-03-29,20:55:00,96.6,96.6,96.6,96.6,1100,0
2017-03-29,21:00:00,96.2128,96.2128,96.2128,96.2128,100,0
2017-03-29,21:35:00,96.2688,96.2688,96.2688,96.2688,552,0
2017-03-29,21:40:00,96.4307,96.4307,96.21,96.21,200,0
2017-03-29,22:00:00,96.24,96.47,96.19,96.19,391,0
2017-03-30,15:35:00,96.17,96.19,96.17,96.19,345,0
2017-03-30,15:40:00,96.2232,96.2232,96.2232,96.2232,311,0
2017-03-30,15:45:00,96.1803,96.1803,96.1803,96.1803,100,0
2017-03-30,15:50:00,96.39,96.39,96.39,96.39,658,0
2017-03-30,16:00:00,96.84,96.84,96.84,96.84,100,0
2017-03-30,16:10:00,96.89,96.89,96.89,96.89,258,0
2017-03-30,16:15:00,96.5657,96.7471,96.5657,96.7471,200,0
2017-03-30,16:55:00,96.4838,96.545,96.4838,96.545,470,0
2017-03-30,17:00:00,96.6046,96.6046,96.57,96.57,300,0
2017-03-30,17:05:00,96.74,96.74,96.6947,96.6947,278,0
2017-03-30,17:30:00,96.61,96.61,96.57,96.575,300,0
2017-03-30,17:40:00,96.6,96.61,96.6,96.61,205,0
2017-03-30,17:45:00,96.52,96.709,96.41,96.41,1007,0
2017-03-30,17:50:00,96.6943,96.6943,96.6943,96.6943,100,0
2017-03-30,18:10:00,96.64,96.64,96.64,96.64,300,0
2017-03-30,18:15:00,96.71,96.71,96.71,96.71,100,0
2017-03-30,18:45:00,96.545,96.545,96.41,96.41,200,0
2017-03-30,19:25:00,96.4,96.4,96.4,96.4,103,0
2017-03-30,19:35:00,96.32,96.6,96.32,96.42,3508,0
2017-03-30,20:00:00,96.417,96.4185,96.36,96.4185,353,0
2017-03-30,20:10:00,96.3743,96.3743,96.3743,96.3743,100,0
2017-03-30,20:50:00,96.4,96.4,96.4,96.4,100,0
2017-03-30,20:55:00,96.3496,96.3496,96.3496,96.3496,218,0
2017-03-30,21:35:00,96.39,96.4,96.39,96.4,303,0
2017-03-30,21:40:00,96.4302,96.4302,96.4302,96.4302,100,0
2017-03-30,21:55:00,96.4537,96.473,96.4537,96.473,200,0
2017-03-30,22:00:00,96.464,96.5,96.34,96.34,1335,0
2017-03-31,15:35:00,96.24,96.35,96.24,96.35,1124,0
2017-03-31,15:40:00,96.45,96.45,96.45,96.45,178,0
2017-03-31,15:45:00,96.813,96.813,96.813,96.813,100,0
2017-03-31,15:50:00,96.665,96.665,96.665,96.665,100,0
2017-03-31,16:20:00,96.64,96.9,96.64,96.9,1873,0
2017-03-31,16:30:00,96.89,96.89,96.89,96.89,100,0
2017-03-31,16:35:00,96.8576,96.8576,96.8576,96.8576,100,0
2017-03-31,16:40:00,96.98,96.98,96.98,96.98,100,0
2017-03-31,16:45:00,97.04,97.0493,97.04,97.0493,1155,0
2017-03-31,16:50:00,97.11,97.11,97.11,97.11,793,0
2017-03-31,17:00:00,97.012,97.012,97.012,97.012,100,0
2017-03-31,17:15:00,96.93,97.07,96.93,97.07,200,0
2017-03-31,17:20:00,97.16,97.16,97.16,97.16,100,0
2017-03-31,17:25:00,97.13,97.13,97.13,97.13,100,0
2017-03-31,17:45:00,96.9775,96.9775,96.9775,96.9775,150,0
2017-03-31,18:05:00,97,97,97,97,500,0
2017-03-31,18:25:00,97.12,97.12,97.12,97.12,100,0
2017-03-31,18:40:00,97.0095,97.0095,97.0095,97.0095,100,0
2017-03-31,19:00:00,96.99,96.99,96.8821,96.8821,200,0
2017-03-31,19:30:00,96.97,97,96.97,97,2073,0
2017-03-31,20:05:00,97.24,97.24,97.24,97.24,100,0
2017-03-31,20:15:00,97.0609,97.0609,97.0609,97.0609,100,0
2017-03-31,20:30:00,97.0444,97.0444,97.0444,97.0444,500,0
2017-03-31,20:35:00,97.13,97.13,97.13,97.13,100,0
2017-03-31,20:50:00,97.0582,97.0582,97.0582,97.0582,100,0
2017-03-31,20:55:00,97.25,97.29,97.25,97.29,400,0
2017-03-31,21:20:00,97.2983,97.2983,97.2983,97.2983,100,0
2017-03-31,21:30:00,97.4,97.4,97.4,97.4,100,0
2017-03-31,21:45:00,97.42,97.42,97.3412,97.3412,550,0
2017-03-31,21:55:00,97.41,98,97.41,97.995,731,0
2017-03-31,22:00:00,98,98.76,97.7589,98.24,2710,0
2017-04-03,15:35:00,97.95,98.285,97.4168,98.285,706,0
2017-04-03,16:00:00,97.3383,97.3383,97.3383,97.3383,200,0
2017-04-03,16:20:00,97.74,97.74,97.64,97.64,225,0
2017-04-03,16:25:00,98.03,98.1,98.03,98.1,300,0
2017-04-03,17:00:00,97.95,97.95,97.95,97.95,100,0
2017-04-03,17:10:00,97.78,97.78,97.75,97.75,205,0
2017-04-03,17:25:00,97.839,97.839,97.839,97.839,100,0
2017-04-03,17:30:00,97.71,97.93,97.71,97.93,250,0
2017-04-03,17:55:00,97.8,97.8,97.71,97.71,735,0
2017-04-03,18:30:00,97.46,97.46,97.46,97.46,200,0
2017-04-03,18:40:00,97.46,97.46,97.46,97.46,100,0
2017-04-03,19:30:00,97.53,97.53,97.53,97.53,100,0
2017-04-03,19:50:00,97.47,97.47,97.3588,97.4561,400,0
2017-04-03,20:05:00,97.1653,97.1653,97,97.0001,1442,0
2017-04-03,20:10:00,97,97.46,96.77,97.46,510,0
2017-04-03,20:15:00,96.8,96.8,96.8,96.8,100,0
2017-04-03,20:25:00,96.7,96.7,96.7,96.7,100,0
2017-04-03,20:30:00,96.7,96.7,96.7,96.7,100,0
2017-04-03,20:35:00,97.0181,97.39,96.7255,97.39,500,0
2017-04-03,20:40:00,97.065,97.065,97.065,97.065,100,0
2017-04-03,20:45:00,97.29,97.29,97.29,97.29,100,0
2017-04-03,20:50:00,97.0502,97.0502,96.78,96.78,400,0
2017-04-03,21:10:00,96.68,96.68,96.68,96.68,100,0
2017-04-03,21:15:00,96.68,96.68,96.68,96.68,100,0
2017-04-03,21:20:00,96.67,96.67,96.67,96.67,100,0
2017-04-03,21:30:00,96.67,97.2765,96.67,97.2765,200,0
2017-04-03,21:40:00,96.98,96.98,96.5,96.5,229,0
2017-04-03,21:45:00,96.5,96.5,96.5,96.5,200,0
2017-04-03,21:50:00,96.51,96.6063,96.51,96.6063,200,0
2017-04-03,21:55:00,96.52,96.61,96.52,96.61,200,0
2017-04-03,22:00:00,96.61,97.22,96.61,97.22,2392,0
2017-04-04,15:35:00,96.55,96.982,96.55,96.982,1675,0
2017-04-04,15:55:00,97,97.005,96.95,96.95,300,0
2017-04-04,16:05:00,97.21,97.21,96.7555,96.7555,300,0
2017-04-04,16:10:00,96.75,96.75,96.75,96.75,100,0
2017-04-04,16:15:00,96.76,96.76,96.76,96.76,100,0
2017-04-04,16:20:00,96.76,96.76,96.76,96.76,100,0
2017-04-04,16:30:00,96.6605,96.6605,96.6605,96.6605,100,0
2017-04-04,16:45:00,96.6597,96.6597,96.45,96.45,700,0
2017-04-04,17:30:00,96.74,96.74,96.634,96.634,209,0
2017-04-04,17:35:00,97.1239,97.1239,97.1239,97.1239,391,0
2017-04-04,18:10:00,96.8988,96.988,96.8988,96.988,400,0
2017-04-04,18:40:00,97.0475,97.0475,97.0475,97.0475,500,0
2017-04-04,18:50:00,96.8,96.8,96.8,96.8,220,0
2017-04-04,19:00:00,96.8034,96.8034,96.8034,96.8034,107,0
2017-04-04,19:35:00,96.8,96.84,96.8,96.84,200,0
2017-04-04,20:10:00,96.8,96.8,96.8,96.8,135,0
2017-04-04,20:40:00,96.94,96.98,96.94,96.98,200,0
2017-04-04,20:45:00,96.9623,96.9623,96.9623,96.9623,100,0
2017-04-04,20:50:00,96.887,96.887,96.887,96.887,100,0
2017-04-04,21:20:00,96.972,96.972,96.972,96.972,100,0
2017-04-04,22:00:00,96.95,96.95,96.92,96.95,863,0
2017-04-05,15:35:00,97.2,97.2,97.2,97.2,358,0
2017-04-05,15:40:00,97.0858,97.0858,97.0858,97.0858,100,0
2017-04-05,15:50:00,97.29,97.29,97.29,97.29,100,0
2017-04-05,15:55:00,97.29,97.29,97.29,97.29,100,0
2017-04-05,16:10:00,96.511,96.511,96.511,96.511,300,0
2017-04-05,16:35:00,96.8006,96.8006,96.8006,96.8006,100,0
2017-04-05,16:45:00,96.7503,96.7503,96.7503,96.7503,100,0
2017-04-05,17:10:00,96.59,96.59,96.59,96.59,100,0
2017-04-05,17:25:00,96.6553,96.6553,96.6553,96.6553,120,0
2017-04-05,17:30:00,96.7237,96.738,96.7237,96.738,600,0
2017-04-05,17:35:00,96.582,96.75,96.582,96.75,700,0
2017-04-05,18:15:00,96.715,96.715,96.715,96.715,900,0
2017-04-05,18:20:00,96.8923,96.8923,96.8923,96.8923,100,0
2017-04-05,18:35:00,96.89,96.89,96.89,96.89,200,0
2017-04-05,19:05:00,96.7,96.76,96.7,96.76,1300,0
2017-04-05,19:10:00,96.99,96.99,96.99,96.99,350,0
2017-04-05,19:20:00,96.99,96.99,96.99,96.99,100,0
2017-04-05,19:30:00,96.9153,96.9153,96.9153,96.9153,100,0
2017-04-05,19:45:00,96.7877,96.7877,96.7877,96.7877,103,0
2017-04-05,19:55:00,96.8675,96.8675,96.8675,96.8675,510,0
2017-04-05,20:15:00,96.7,96.7,96.7,96.7,100,0
2017-04-05,20:30:00,96.7116,96.7116,96.7116,96.7116,150,0
2017-04-05,20:35:00,96.79,96.79,96.79,96.79,100,0
2017-04-05,20:40:00,96.7852,96.7852,96.53,96.53,2124,0
2017-04-05,20:45:00,96.61,96.61,96.61,96.61,200,0
2017-04-05,20:55:00,96.51,96.51,96.51,96.51,100,0
2017-04-05,21:00:00,96.25,96.5405,96.25,96.5405,556,0
2017-04-05,21:05:00,96.3667,96.3667,96.3667,96.3667,527,0
2017-04-05,21:10:00,96.4195,96.6,96.41,96.6,500,0
2017-04-05,21:15:00,96.44,96.44,96.44,96.44,100,0
2017-04-05,21:20:00,96.5599,96.5599,96.5599,96.5599,525,0
2017-04-05,21:30:00,96.5,96.7,96.5,96.6899,742,0
2017-04-05,22:00:00,96.415,96.415,96.415,96.415,300,0
2017-04-06,15:35:00,96.46,96.46,96.25,96.25,789,0
2017-04-06,15:40:00,96.25,96.25,96.25,96.25,280,0
2017-04-06,16:30:00,96.29,96.29,96.29,96.29,200,0
2017-04-06,17:15:00,96.156,96.156,96.156,96.156,100,0
2017-04-06,17:25:00,96.29,96.29,96.29,96.29,100,0
2017-04-06,17:40:00,96.2121,96.2121,96.1458,96.1458,260,0
2017-04-06,18:25:00,96.276,96.276,96.276,96.276,707,0
2017-04-06,19:50:00,96.348,96.348,96.348,96.348,110,0
2017-04-06,20:20:00,96.41,96.521,96.41,96.521,200,0
2017-04-06,21:05:00,96.47,96.47,96.47,96.47,100,0
2017-04-06,21:10:00,96.33,96.3725,96.32,96.32,700,0
2017-04-06,21:15:00,96.21,96.21,96,96,1290,0
2017-04-06,21:20:00,95.95,95.95,95.5,95.5,350,0
2017-04-06,21:45:00,95.7955,95.7955,95.71,95.71,200,0
2017-04-06,21:50:00,95.7679,95.7679,95.7679,95.7679,157,0
2017-04-06,22:00:00,95.93,95.93,95.93,95.93,100,0
2017-04-07,15:35:00,95.85,95.85,95.85,95.85,168,0
2017-04-07,15:40:00,95.35,95.35,95.35,95.35,100,0
2017-04-07,17:50:00,96.2353,96.2353,96.2353,96.2353,1000,0
2017-04-07,18:15:00,96.26,96.26,96.26,96.26,143,0
2017-04-07,18:25:00,96.309,96.71,96.309,96.71,800,0
2017-04-07,18:30:00,96.41,96.41,96.41,96.41,200,0
2017-04-07,18:45:00,96.5519,96.5519,96.5519,96.5519,200,0
2017-04-07,18:55:00,96.57,96.57,96.57,96.57,100,0
2017-04-07,19:25:00,96.2254,96.2254,96.2254,96.2254,200,0
2017-04-07,19:55:00,96.22,96.22,96.22,96.22,100,0
2017-04-07,20:25:00,96.2201,96.2201,96.2201,96.2201,125,0
2017-04-07,20:55:00,96.3461,96.608,96.3461,96.608,200,0
2017-04-07,21:10:00,96.145,96.145,96.145,96.145,300,0
2017-04-07,21:15:00,96.4637,96.4637,96.1985,96.1985,455,0
2017-04-07,21:30:00,96.2851,96.2851,96.2851,96.2851,200,0
2017-04-07,21:45:00,96.3416,96.3416,96.2352,96.2352,319,0
2017-04-07,21:50:00,96.2869,96.2869,96.2869,96.2869,203,0
2017-04-07,21:55:00,96.61,96.61,96.2723,96.2723,300,0
2017-04-07,22:00:00,96.95,96.95,96.41,96.74,931,0
2017-04-10,15:35:00,96.79,96.79,96.3097,96.3097,1464,0
2017-04-10,15:45:00,96.7706,96.7706,96.7706,96.7706,1000,0
2017-04-10,15:55:00,96.7,96.7884,96.7,96.7884,326,0
2017-04-10,16:10:00,96.6959,96.6959,96.6959,96.6959,100,0
2017-04-10,16:30:00,96.6971,96.6971,96.6971,96.6971,500,0
2017-04-10,16:40:00,97,97.28,97,97.28,2232,0
2017-04-10,16:45:00,97.27,97.352,97.07,97.352,4025,0
2017-04-10,16:55:00,97.13,97.15,96.84,97.15,2020,0
2017-04-10,17:00:00,96.984,96.984,96.7386,96.7386,471,0
2017-04-10,17:05:00,96.8,96.9,96.6095,96.6095,1299,0
2017-04-10,17:20:00,96.5557,96.5557,96.5557,96.5557,100,0
2017-04-10,18:00:00,96.98,96.98,96.98,96.98,100,0
2017-04-10,18:10:00,97.0072,97.0072,97.0072,97.0072,1030,0
2017-04-10,18:20:00,96.5844,96.5844,96.5844,96.5844,200,0
2017-04-10,18:30:00,96.5857,96.5857,96.42,96.42,301,0
2017-04-10,19:05:00,96.76,96.76,96.76,96.76,100,0
2017-04-10,20:05:00,96.7496,96.7496,96.7496,96.7496,100,0
2017-04-10,20:20:00,96.6914,96.6914,96.6914,96.6914,100,0
2017-04-10,20:25:00,96.63,96.63,96.63,96.63,200,0
2017-04-10,21:10:00,96.46,96.5665,96.46,96.5565,600,0
2017-04-10,21:40:00,96.48,96.48,96.47,96.47,252,0
2017-04-10,21:45:00,96.41,96.41,96.1883,96.1883,1749,0
2017-04-10,21:55:00,96.18,96.18,96.18,96.18,500,0
2017-04-10,22:00:00,96.15,96.47,96.15,96.47,895,0
2017-04-11,15:35:00,96,96,95.51,95.68,1036,0
2017-04-11,15:45:00,95.5,95.75,95.5,95.58,650,0
2017-04-11,16:10:00,95.7465,95.7465,95.5,95.5,2296,0
2017-04-11,16:15:00,95.794,95.794,95.794,95.794,100,0
2017-04-11,16:20:00,95.46,95.46,95.46,95.46,100,0
2017-04-11,16:55:00,95.716,95.716,95.716,95.716,100,0
2017-04-11,17:05:00,95.2,95.2,94.66,94.7023,1299,0
2017-04-11,17:35:00,94.8653,94.8653,94.8653,94.8653,100,0
2017-04-11,17:40:00,94.56,94.701,94.56,94.6826,1600,0
2017-04-11,17:55:00,94.9907,95,94.9907,95,800,0
2017-04-11,18:05:00,94.9599,94.9599,94.9599,94.9599,225,0
2017-04-11,18:10:00,94.88,94.88,94.78,94.78,209,0
2017-04-11,18:25:00,94.85,94.86,94.85,94.86,200,0
2017-04-11,19:00:00,95.325,95.325,95.325,95.325,100,0
2017-04-11,19:25:00,95.24,95.278,95.24,95.278,200,0
2017-04-11,19:35:00,95.0028,95.0028,95.0028,95.0028,550,0
2017-04-11,19:50:00,95.1866,95.1866,95.1866,95.1866,150,0
2017-04-11,20:15:00,95.096,95.096,95.096,95.096,150,0
2017-04-11,20:20:00,95.168,95.168,95.168,95.168,145,0
2017-04-11,20:50:00,95.15,95.15,95.15,95.15,100,0
2017-04-11,21:25:00,95.0921,95.0921,95.0921,95.0921,400,0
2017-04-11,22:00:00,95.18,95.18,95,95.03,615,0
2017-04-12,15:35:00,94.62,95,94.62,95,776,0
2017-04-12,16:05:00,94.6699,94.6699,94.6699,94.6699,100,0
2017-04-12,16:10:00,94.5,94.5,94.32,94.32,421,0
2017-04-12,16:20:00,94.258,94.258,94.258,94.258,100,0
2017-04-12,16:25:00,94.45,94.465,94.26,94.465,1338,0
2017-04-12,16:30:00,94.3358,94.3358,94.3358,94.3358,225,0
2017-04-12,16:40:00,94.2,94.2,94.084,94.084,205,0
2017-04-12,16:45:00,94.15,94.15,94.15,94.15,100,0
2017-04-12,17:00:00,94.08,94.221,94.08,94.221,200,0
2017-04-12,17:15:00,94.1,94.1,94.1,94.1,100,0
2017-04-12,17:20:00,94.1,94.1,94,94.1,1792,0
2017-04-12,17:35:00,94.1692,94.1692,94.1692,94.1692,500,0
2017-04-12,17:40:00,94,94.11,93.95,94.02,778,0
2017-04-12,17:45:00,94.0599,94.0599,94.0599,94.0599,169,0
2017-04-12,18:05:00,93.93,93.93,93.79,93.93,400,0
2017-04-12,18:20:00,93.867,93.867,93.867,93.867,108,0
2017-04-12,18:35:00,93.73,93.7595,93.73,93.7595,200,0
2017-04-12,18:50:00,93.7552,93.7552,93.7552,93.7552,101,0
2017-04-12,19:00:00,93.75,93.7595,93.75,93.7595,200,0
2017-04-12,19:05:00,93.76,93.81,93.76,93.81,500,0
2017-04-12,19:35:00,93.82,93.84,93.6701,93.6701,1085,0
2017-04-12,19:45:00,93.8142,93.84,93.8142,93.83,300,0
2017-04-12,19:50:00,93.8977,93.92,93.8401,93.8401,355,0
2017-04-12,20:15:00,93.9706,93.9706,93.9706,93.9706,100,0
2017-04-12,20:35:00,93.8843,93.8843,93.8843,93.8843,250,0
2017-04-12,20:55:00,93.89,93.89,93.84,93.84,355,0
2017-04-12,21:00:00,93.65,93.66,93.65,93.65,860,0
2017-04-12,21:25:00,93.85,93.85,93.85,93.85,200,0
2017-04-12,21:30:00,94.03,94.03,94.03,94.03,147,0
2017-04-12,21:50:00,94.27,94.27,94.27,94.27,300,0
2017-04-12,22:00:00,94.1248,94.1248,94.04,94.04,731,0
2017-04-13,15:35:00,93.93,93.93,93.93,93.93,212,0
2017-04-13,15:55:00,93.96,94.04,93.96,93.96,300,0
2017-04-13,16:20:00,94.2235,94.2235,94.2235,94.2235,100,0
2017-04-13,16:30:00,93.96,93.96,93.96,93.96,100,0
2017-04-13,16:45:00,93.849,93.93,93.8,93.8,325,0
2017-04-13,16:50:00,93.68,93.68,93.67,93.67,200,0
2017-04-13,17:00:00,93.744,93.744,93.744,93.744,100,0
2017-04-13,17:15:00,93.8216,93.8459,93.8216,93.8459,600,0
2017-04-13,17:20:00,93.7584,93.7584,93.7584,93.7584,100,0
2017-04-13,17:30:00,93.72,93.72,93.72,93.72,100,0
2017-04-13,18:10:00,93.75,93.75,93.75,93.75,200,0
2017-04-13,18:15:00,93.9,93.9,93.9,93.9,100,0
2017-04-13,18:30:00,93.8202,93.8202,93.8202,93.8202,100,0
2017-04-13,18:45:00,93.75,93.75,93.75,93.75,100,0
2017-04-13,19:05:00,93.7815,93.8907,93.75,93.8906,704,0
2017-04-13,19:15:00,93.74,93.74,93.74,93.74,100,0
2017-04-13,19:40:00,93.74,93.74,93.74,93.74,211,0
2017-04-13,19:50:00,93.55,93.55,93.55,93.55,100,0
2017-04-13,20:00:00,93.7114,93.7114,93.7114,93.7114,100,0
2017-04-13,20:25:00,93.6145,93.6145,93.6145,93.6145,150,0
2017-04-13,21:10:00,93.58,93.58,93.58,93.58,100,0
2017-04-13,21:15:00,93.6,93.6,93.6,93.6,100,0
2017-04-13,21:30:00,93.7323,93.7323,93.7323,93.7323,100,0
2017-04-13,22:00:00,93.6,93.6,93.6,93.6,574,0
2017-04-17,15:35:00,93.57,93.57,93.57,93.57,1422,0
2017-04-17,15:40:00,93.6,93.6,93.1,93.1,3900,0
2017-04-17,15:50:00,93,93,93,93,600,0
2017-04-17,16:10:00,92.8,92.8,92.62,92.62,300,0
2017-04-17,16:15:00,92.82,92.82,92.82,92.82,100,0
2017-04-17,16:20:00,92.6412,92.6412,92.6412,92.6412,500,0
2017-04-17,16:25:00,92.65,92.65,92.65,92.65,100,0
2017-04-17,16:30:00,92.68,92.68,92.68,92.68,100,0
2017-04-17,16:40:00,92.739,92.739,92.739,92.739,250,0
2017-04-17,16:55:00,92.5,92.5,92.38,92.38,476,0
2017-04-17,17:00:00,92.5051,92.5051,92.5051,92.5051,175,0
2017-04-17,17:15:00,92.38,92.38,92.38,92.38,100,0
2017-04-17,17:20:00,92.4316,92.4316,92.4316,92.4316,175,0
2017-04-17,17:25:00,92.38,92.492,92.38,92.492,500,0
2017-04-17,17:35:00,92.4818,92.4818,92.4818,92.4818,100,0
2017-04-17,17:40:00,92.48,92.48,92.4799,92.4799,600,0
2017-04-17,17:45:00,92.38,92.38,92.38,92.38,100,0
2017-04-17,17:50:00,92.38,92.4,92.38,92.38,500,0
2017-04-17,17:55:00,92.38,92.38,92.38,92.38,100,0
2017-04-17,18:05:00,92.38,92.38,92.35,92.35,875,0
2017-04-17,18:15:00,92.25,92.25,92,92,1828,0
2017-04-17,18:25:00,92.03,92.03,92.03,92.03,100,0
2017-04-17,18:30:00,92.03,92.1,92.001,92.1,550,0
2017-04-17,19:10:00,92.15,92.15,92.01,92.01,200,0
2017-04-17,19:15:00,92.02,92.02,92.02,92.02,200,0
2017-04-17,19:25:00,92.02,92.02,92.02,92.02,100,0
2017-04-17,19:40:00,92.0744,92.0744,92,92,300,0
2017-04-17,19:45:00,92.01,92.07,92.01,92.07,500,0
2017-04-17,19:50:00,92.199,92.199,92.199,92.199,150,0
2017-04-17,19:55:00,92.197,92.197,92.197,92.197,100,0
2017-04-17,20:00:00,92.15,92.2,92.15,92.2,434,0
2017-04-17,20:05:00,92.551,92.551,92.551,92.551,100,0
2017-04-17,20:10:00,92.3431,92.3431,92.3431,92.3431,1500,0
2017-04-17,20:15:00,92.3181,92.3949,92.3181,92.3949,1100,0
2017-04-17,20:30:00,92.4001,92.4001,92.4001,92.4001,500,0
2017-04-17,20:40:00,92.182,92.182,92.182,92.182,300,0
2017-04-17,20:55:00,92.18,92.18,92.18,92.18,115,0
2017-04-17,21:05:00,92.32,92.32,92.32,92.32,100,0
2017-04-17,21:20:00,92.499,92.5,92.43,92.43,583,0
2017-04-17,21:30:00,92.275,92.275,92.275,92.275,200,0
2017-04-17,21:35:00,92.76,93.9,92.6667,93.9,6232,0
2017-04-17,21:50:00,93.7432,93.7432,93.7432,93.7432,300,0
2017-04-17,21:55:00,93.75,93.75,93.63,93.63,320,0
2017-04-17,22:00:00,93.9,93.9,93.61,93.61,411,0
2017-04-18,15:35:00,93.24,93.24,93.24,93.24,434,0
2017-04-18,16:20:00,93.51,93.51,93.51,93.51,200,0
2017-04-18,16:25:00,93.1506,93.1506,93.1506,93.1506,100,0
2017-04-18,16:50:00,93.25,93.25,93.25,93.25,120,0
2017-04-18,16:55:00,93,93,93,93,100,0
2017-04-18,17:35:00,93.1606,93.1606,93.1606,93.1606,105,0
2017-04-18,17:40:00,93.19,93.3253,93.16,93.3253,1744,0
2017-04-18,17:45:00,93.49,93.49,93.292,93.292,600,0
2017-04-18,18:00:00,93.33,93.33,93.33,93.33,100,0
2017-04-18,18:20:00,93.5157,93.5157,93.3384,93.3384,300,0
2017-04-18,18:55:00,93.33,93.33,93.33,93.33,100,0
2017-04-18,19:45:00,93.44,93.44,93.44,93.44,100,0
2017-04-18,20:30:00,94.08,94.08,94,94,376,0
2017-04-18,20:35:00,93.6968,93.6968,93.6968,93.6968,200,0
2017-04-18,20:55:00,93.6213,93.6213,93.6213,93.6213,120,0
2017-04-18,21:35:00,93.7359,93.7359,93.7359,93.7359,1000,0
2017-04-18,21:50:00,93.832,93.9,93.832,93.9,300,0
2017-04-18,22:00:00,93.7,93.91,93.68,93.69,415,0
2017-04-19,15:35:00,93.4,93.4,93.4,93.4,689,0
2017-04-19,15:40:00,93.562,93.562,93.562,93.562,296,0
2017-04-19,15:50:00,93.3959,93.3959,93.3959,93.3959,417,0
2017-04-19,16:05:00,93.5055,93.5055,93.5055,93.5055,500,0
2017-04-19,16:15:00,92.9339,92.9339,92.9339,92.9339,100,0
2017-04-19,16:20:00,93.212,93.212,93.212,93.212,100,0
2017-04-19,16:25:00,93.05,93.05,93.05,93.05,100,0
2017-04-19,16:45:00,92.97,92.97,92.97,92.97,100,0
2017-04-19,16:50:00,92.97,92.97,92.97,92.97,200,0
2017-04-19,17:15:00,93.69,93.69,93.5,93.5,600,0
2017-04-19,17:45:00,93.2111,93.2111,93.2111,93.2111,100,0
2017-04-19,18:10:00,93.25,93.25,93.25,93.25,100,0
2017-04-19,18:15:00,93,93.291,93,93.291,750,0
2017-04-19,18:30:00,93.3,93.3,93.3,93.3,100,0
2017-04-19,18:35:00,93.1405,93.1405,93.088,93.088,750,0
2017-04-19,18:40:00,93.194,93.194,93.194,93.194,118,0
2017-04-19,18:45:00,93.2213,93.2213,93.001,93.025,2650,0
2017-04-19,18:50:00,93.1806,93.1806,93.168,93.168,386,0
2017-04-19,18:55:00,93.2069,93.2069,93.2069,93.2069,160,0
2017-04-19,19:00:00,93.2292,93.2722,93.2292,93.2722,400,0
2017-04-19,19:05:00,93.172,93.172,93.172,93.172,175,0
2017-04-19,19:30:00,93,93,92.5,92.5,3450,0
2017-04-19,19:40:00,92.6,92.6,92.47,92.47,1095,0
2017-04-19,19:45:00,92.51,92.51,92.51,92.51,100,0
2017-04-19,19:50:00,92.4825,92.4825,92.4825,92.4825,100,0
2017-04-19,20:05:00,92.45,92.45,92.45,92.45,200,0
2017-04-19,20:10:00,92.13,92.13,92,92,530,0
2017-04-19,20:15:00,92,92.06,92,92.06,400,0
2017-04-19,20:25:00,92.223,92.223,92.223,92.223,100,0
2017-04-19,20:30:00,92.11,92.11,91.95,91.95,1348,0
2017-04-19,20:35:00,92.3224,92.487,92.3224,92.487,736,0
2017-04-19,20:45:00,92.2532,92.2532,92.2532,92.2532,300,0
2017-04-19,20:50:00,92.17,92.17,92.15,92.15,300,0
2017-04-19,21:00:00,92.2432,92.2633,92.1501,92.2442,1170,0
2017-04-19,21:05:00,92.2,92.2,92.15,92.15,300,0
2017-04-19,21:10:00,92.21,92.21,92.209,92.21,700,0
2017-04-19,21:15:00,92.41,92.41,92.2622,92.2622,208,0
2017-04-19,21:20:00,92.3193,92.3193,92.3193,92.3193,100,0
2017-04-19,21:35:00,92.2684,92.31,92.22,92.23,2857,0
2017-04-19,21:40:00,92.38,92.4,92.38,92.4,207,0
2017-04-19,21:50:00,92.28,92.38,92.25,92.25,1800,0
2017-04-19,21:55:00,92.33,92.33,92.33,92.33,100,0
2017-04-19,22:00:00,92.29,92.29,92.15,92.15,1349,0
2017-04-20,15:35:00,92.24,92.24,92.24,92.24,373,0
2017-04-20,16:10:00,93.094,93.1,92.35,92.35,500,0
2017-04-20,16:20:00,92.6625,92.6625,92.5646,92.5646,200,0
2017-04-20,16:25:00,92.201,92.201,92.201,92.201,100,0
2017-04-20,16:30:00,92.16,92.2301,92.16,92.2301,286,0
2017-04-20,16:35:00,93.0165,93.0165,92.3104,92.3104,390,0
2017-04-20,16:55:00,92.44,92.44,92.44,92.44,200,0
2017-04-20,17:00:00,92.44,92.44,92.44,92.44,100,0
2017-04-20,17:20:00,92.47,92.4834,92.47,92.4834,302,0
2017-04-20,17:25:00,92.5,92.5,92.5,92.5,100,0
2017-04-20,17:40:00,92.7153,92.7153,92.7153,92.7153,250,0
2017-04-20,17:55:00,93.043,93.043,93.043,93.043,200,0
2017-04-20,18:05:00,93.06,93.06,93.06,93.06,133,0
2017-04-20,18:25:00,92.7505,92.7505,92.7505,92.7505,151,0
2017-04-20,18:35:00,92.6539,92.6539,92.6321,92.6321,212,0
2017-04-20,18:55:00,92.645,92.645,92.615,92.615,1000,0
2017-04-20,19:10:00,92.6619,92.6619,92.6597,92.6597,300,0
2017-04-20,19:35:00,92.7499,92.7499,92.7488,92.7488,450,0
2017-04-20,19:55:00,92.6231,92.6231,92.6231,92.6231,115,0
2017-04-20,20:00:00,92.8287,92.8287,92.75,92.75,506,0
2017-04-20,20:15:00,92.9429,92.9429,92.9429,92.9429,173,0
2017-04-20,20:25:00,92.7437,92.7437,92.7437,92.7437,100,0
2017-04-20,20:40:00,92.73,92.73,92.71,92.71,200,0
2017-04-20,20:45:00,92.74,92.74,92.71,92.71,200,0
2017-04-20,20:50:00,92.72,92.91,92.72,92.91,300,0
2017-04-20,21:35:00,92.755,92.755,92.755,92.755,200,0
2017-04-20,21:40:00,92.78,92.78,92.66,92.7514,975,0
2017-04-20,21:45:00,92.66,92.7107,92.66,92.665,855,0
2017-04-20,21:50:00,92.5,92.56,92.5,92.56,1013,0
2017-04-20,21:55:00,92.5613,92.5613,92.5613,92.5613,100,0
2017-04-20,22:00:00,92.5,92.61,92.33,92.61,935,0
2017-04-21,15:35:00,92.56,92.56,92.56,92.56,199,0
2017-04-21,15:40:00,93.0638,93.0638,93,93,200,0
2017-04-21,15:45:00,93.04,93.04,93.04,93.04,100,0
2017-04-21,16:20:00,92.9883,92.9883,92.9883,92.9883,100,0
2017-04-21,16:35:00,92.65,92.65,92.65,92.65,100,0
2017-04-21,17:20:00,92.71,92.71,92.71,92.71,300,0
2017-04-21,17:30:00,93.301,93.301,93.301,93.301,100,0
2017-04-21,17:45:00,93.0724,93.0724,92.76,92.76,200,0
2017-04-21,17:55:00,92.75,93.2824,92.75,92.775,3926,0
2017-04-21,18:00:00,92.65,92.65,92.65,92.65,100,0
2017-04-21,18:20:00,92.843,92.843,92.816,92.816,200,0
2017-04-21,18:40:00,92.66,92.66,92.66,92.66,100,0
2017-04-21,19:00:00,92.67,92.67,92.67,92.67,100,0
2017-04-21,19:30:00,92.7,92.7,92.7,92.7,100,0
2017-04-21,19:50:00,92.7382,92.7382,92.7382,92.7382,100,0
2017-04-21,20:00:00,92.8,92.8,92.8,92.8,200,0
2017-04-21,20:05:00,92.775,92.775,92.775,92.775,100,0
2017-04-21,20:10:00,92.77,92.77,92.77,92.77,100,0
2017-04-21,20:15:00,92.67,92.68,92.67,92.68,200,0
2017-04-21,20:25:00,92.68,92.7685,92.3028,92.3028,2798,0
2017-04-21,20:30:00,92.5,92.5,92.5,92.5,100,0
2017-04-21,20:35:00,92.5,92.5,92.5,92.5,100,0
2017-04-21,20:40:00,92.7083,92.7083,92.7083,92.7083,150,0
2017-04-21,20:45:00,93.0752,93.0752,92.48,92.49,400,0
2017-04-21,20:55:00,92.42,92.42,92.42,92.42,100,0
2017-04-21,21:10:00,92.33,92.33,92.33,92.33,100,0
2017-04-21,21:50:00,92.49,92.49,92.3819,92.3819,800,0
2017-04-21,21:55:00,92.34,92.4099,92.28,92.3411,950,0
2017-04-21,22:00:00,92.35,92.4,92,92.15,2292,0
2017-04-24,15:35:00,92.5,92.5,92.5,92.5,491,0
2017-04-24,15:50:00,92.55,92.55,92.55,92.55,150,0
2017-04-24,16:05:00,92.84,93.085,92.84,93.085,500,0
2017-04-24,16:10:00,93,93,93,93,200,0
2017-04-24,16:15:00,93.235,93.235,92.96,92.96,665,0
2017-04-24,16:20:00,92.61,92.61,92.61,92.61,100,0
2017-04-24,16:25:00,92.8516,92.8696,92.8516,92.8696,200,0
2017-04-24,16:40:00,92.57,92.57,92.57,92.57,100,0
2017-04-24,16:50:00,92.61,92.8763,92.61,92.8763,350,0
2017-04-24,17:00:00,92.61,92.7801,92.6,92.7801,550,0
2017-04-24,17:20:00,92.74,92.76,92.74,92.76,400,0
2017-04-24,17:25:00,92.78,93,92.722,93,300,0
2017-04-24,17:30:00,93,93,92.8202,92.8202,200,0
2017-04-24,18:00:00,92.76,92.76,92.76,92.76,200,0
2017-04-24,18:05:00,92.9,92.95,92.9,92.95,225,0
2017-04-24,18:15:00,93,93.29,92.9,93.29,425,0
2017-04-24,18:20:00,92.963,92.963,92.963,92.963,100,0
2017-04-24,18:25:00,92.859,92.859,92.7853,92.7853,232,0
2017-04-24,18:35:00,92.8467,92.8467,92.8467,92.8467,150,0
2017-04-24,18:55:00,92.6,92.6,92.55,92.55,418,0
2017-04-24,19:00:00,92.9167,92.9167,92.9167,92.9167,650,0
2017-04-24,19:20:00,92.8026,92.8026,92.8026,92.8026,100,0
2017-04-24,19:25:00,92.6902,92.6902,92.6902,92.6902,1000,0
2017-04-24,19:55:00,92.8,92.8,92.8,92.8,100,0
2017-04-24,20:30:00,92.7632,92.7632,92.7632,92.7632,300,0
2017-04-24,20:35:00,92.77,92.8,92.77,92.8,200,0
2017-04-24,20:40:00,92.95,92.95,92.8512,92.8512,200,0
2017-04-24,20:50:00,92.95,92.95,92.95,92.95,100,0
2017-04-24,20:55:00,92.98,92.98,92.98,92.98,100,0
2017-04-24,21:05:00,92.99,92.99,92.99,92.99,100,0
2017-04-24,21:10:00,92.99,93.06,92.99,93.06,1046,0
2017-04-24,21:20:00,93.055,93.1999,93.055,93.055,661,0
2017-04-24,21:25:00,93.06,93.2,93.06,93.06,1550,0
2017-04-24,21:40:00,93,93,93,93,100,0
2017-04-24,21:45:00,93,93.05,93,93.05,800,0
2017-04-24,21:50:00,92.9445,93.02,92.9445,93.02,498,0
2017-04-24,21:55:00,93.06,93.06,93.06,93.06,100,0
2017-04-24,22:00:00,93.05,93.05,92.59,92.59,2664,0
2017-04-25,15:35:00,93.03,93.426,93.03,93.426,272,0
2017-04-25,15:40:00,93.1741,93.1741,93.1741,93.1741,200,0
2017-04-25,15:55:00,93.25,93.25,93.25,93.25,225,0
2017-04-25,16:00:00,93.29,93.29,93.29,93.29,200,0
2017-04-25,16:05:00,93.2926,93.3033,93.2926,93.3033,512,0
2017-04-25,16:10:00,93.3,93.3,93.3,93.3,100,0
2017-04-25,16:25:00,93.26,93.26,93.21,93.21,200,0
2017-04-25,16:35:00,93.26,93.47,93.26,93.325,509,0
2017-04-25,16:45:00,93.25,93.25,93.25,93.25,100,0
2017-04-25,16:50:00,93.132,93.132,93.121,93.121,300,0
2017-04-25,17:00:00,93.2685,93.2685,93.2685,93.2685,100,0
2017-04-25,17:15:00,93.2253,93.2253,93.1701,93.1701,800,0
2017-04-25,17:45:00,93.4,93.4,93.2,93.2,300,0
2017-04-25,17:50:00,93.26,93.36,93.26,93.36,922,0
2017-04-25,18:00:00,93.39,93.39,93.39,93.39,100,0
2017-04-25,18:30:00,93.2,93.2,93.2,93.2,200,0
2017-04-25,18:55:00,93.0347,93.0347,93.0347,93.0347,1000,0
2017-04-25,19:10:00,93.2,93.2,93.2,93.2,100,0
2017-04-25,19:15:00,93.2394,93.2394,93.2394,93.2394,100,0
2017-04-25,19:50:00,93.1506,93.1506,93.07,93.07,400,0
2017-04-25,20:15:00,93.3247,93.35,93.25,93.25,400,0
2017-04-25,20:20:00,93.22,93.22,93.22,93.22,100,0
2017-04-25,20:30:00,93.31,93.31,93.31,93.31,100,0
2017-04-25,20:45:00,93.279,93.28,93.265,93.265,1059,0
2017-04-25,20:50:00,93.28,93.365,93.28,93.28,1016,0
2017-04-25,21:10:00,93.26,93.26,93.26,93.26,100,0
2017-04-25,21:15:00,93.2766,93.2766,93.2766,93.2766,400,0
2017-04-25,21:20:00,93.3999,93.4,93.2544,93.2544,637,0
2017-04-25,21:25:00,93.2,93.2,93.2,93.2,100,0
2017-04-25,21:30:00,93.15,93.16,93.15,93.16,200,0
2017-04-25,21:40:00,93.2028,93.2028,93.2028,93.2028,300,0
2017-04-25,21:45:00,92.91,92.91,92.91,92.91,100,0
2017-04-25,21:50:00,93.1272,93.1272,93.1272,93.1272,100,0
2017-04-25,22:00:00,92.69,92.69,92.67,92.67,315,0
2017-04-26,15:35:00,92.65,92.65,92.65,92.65,312,0
2017-04-26,15:45:00,93.018,93.018,93.018,93.018,100,0
2017-04-26,15:50:00,93.31,93.31,93.31,93.31,100,0
2017-04-26,15:55:00,92.67,92.67,92.67,92.67,100,0
2017-04-26,16:40:00,92.9339,92.9339,92.9339,92.9339,150,0
2017-04-26,16:55:00,92.9073,93.0499,92.9073,93.0499,200,0
2017-04-26,17:05:00,92.8998,92.8999,92.8998,92.8999,1200,0
2017-04-26,17:20:00,92.8548,92.8548,92.84,92.84,305,0
2017-04-26,18:15:00,92.9441,92.9441,92.9441,92.9441,100,0
2017-04-26,18:20:00,92.84,92.8401,92.8,92.8,1198,0
2017-04-26,18:35:00,92.8,92.951,92.8,92.951,392,0
2017-04-26,18:40:00,92.8862,92.8862,92.8862,92.8862,100,0
2017-04-26,19:00:00,92.73,92.73,92.73,92.73,100,0
2017-04-26,19:30:00,92.73,92.852,92.62,92.852,2954,0
2017-04-26,19:35:00,92.6,92.6,92.6,92.6,200,0
2017-04-26,19:50:00,92.56,92.6989,92.56,92.6989,200,0
2017-04-26,20:05:00,92.69,92.7414,92.69,92.7414,200,0
2017-04-26,20:10:00,92.7176,92.7176,92.7001,92.7001,500,0
2017-04-26,20:20:00,92.85,92.85,92.85,92.85,100,0
2017-04-26,20:35:00,92.8,92.8,92.8,92.8,100,0
2017-04-26,20:55:00,92.84,92.84,92.84,92.84,100,0
2017-04-26,21:00:00,92.891,92.891,92.891,92.891,100,0
2017-04-26,21:10:00,92.81,92.89,92.81,92.89,200,0
2017-04-26,21:20:00,92.8899,92.8899,92.8899,92.8899,100,0
2017-04-26,21:25:00,92.845,92.845,92.845,92.845,200,0
2017-04-26,21:30:00,92.8356,92.8356,92.8356,92.8356,150,0
2017-04-26,21:40:00,92.8,92.8,92.8,92.8,270,0
2017-04-26,21:50:00,92.655,92.655,92.655,92.655,100,0
2017-04-26,22:00:00,92.65,92.65,92.65,92.65,1294,0
