Date,Time,Open,High,Low,Close,Volume,OpenInt
2016-07-22,15:40:00,37.92,37.98,37.92,37.98,1000,0
2016-07-22,16:20:00,38.06,38.13,38.06,38.11,4400,0
2016-07-22,16:25:00,38,38,38,38,3700,0
2016-07-22,16:30:00,38,38,38,38,1400,0
2016-07-22,16:55:00,38.18,38.18,38.18,38.18,1200,0
2016-07-22,17:40:00,38.085,38.085,38.085,38.085,500,0
2016-07-22,17:45:00,38.13,38.13,38.13,38.13,1200,0
2016-07-22,18:00:00,38.0952,38.0952,38.0952,38.0952,200,0
2016-07-22,18:45:00,38.11,38.111,38.11,38.111,2000,0
2016-07-22,20:45:00,38.4075,38.4075,38.34,38.4075,800,0
2016-07-22,20:50:00,38.47,38.47,38.47,38.47,200,0
2016-07-25,16:10:00,38.3,38.3,38.3,38.3,170,0
2016-07-25,16:25:00,38.2,38.2,38.2,38.2,100,0
2016-07-25,16:35:00,38.21,38.21,38.21,38.21,100,0
2016-07-25,17:40:00,38.12,38.1612,38.12,38.1612,600,0
2016-07-25,17:45:00,38.1489,38.1489,38.1489,38.1489,210,0
2016-07-25,18:15:00,38.08,38.08,38.08,38.08,700,0
2016-07-25,18:25:00,38.24,38.24,38.24,38.24,100,0
2016-07-25,19:20:00,38.21,38.24,38.21,38.24,200,0
2016-07-25,20:30:00,38.2,38.24,38.2,38.24,600,0
2016-07-25,20:50:00,38.1445,38.1445,38.1445,38.1445,900,0
2016-07-25,21:35:00,38.15,38.15,38.14,38.141,800,0
2016-07-26,17:05:00,37.98,37.985,37.98,37.98,300,0
2016-07-26,17:20:00,38.01,38.02,38.01,38.02,2300,0
2016-07-26,17:30:00,38.06,38.06,38.06,38.06,3138,0
2016-07-26,17:40:00,38.08,38.08,38.06,38.06,600,0
2016-07-26,18:05:00,38.07,38.07,38.06,38.065,1500,0
2016-07-26,18:35:00,38.25,38.25,38.25,38.25,100,0
2016-07-26,18:45:00,38.1,38.1,38.1,38.1,1100,0
2016-07-26,19:30:00,38.1,38.1,38.1,38.1,597,0
2016-07-26,19:35:00,38.1,38.1,38.1,38.1,590,0
2016-07-26,19:40:00,38.1,38.1,38.1,38.1,400,0
2016-07-26,19:45:00,38.119,38.119,38.119,38.119,116,0
2016-07-26,19:50:00,38.1,38.1,38.0999,38.0999,300,0
2016-07-26,19:55:00,38.06,38.06,38.06,38.06,400,0
2016-07-26,20:00:00,38.06,38.06,38.01,38.01,525,0
2016-07-26,20:25:00,38.01,38.01,38.01,38.01,689,0
2016-07-26,20:45:00,38.07,38.09,38.07,38.09,4495,0
2016-07-26,20:55:00,38.1001,38.1001,38.1,38.1,950,0
2016-07-27,17:40:00,38.0251,38.0251,38.0251,38.0251,110,0
2016-07-27,17:45:00,38,38,38,38,2400,0
2016-07-27,17:50:00,38,38.01,38,38,2900,0
2016-07-27,18:00:00,37.99,38,37.99,38,5200,0
2016-07-27,18:45:00,37.97,38,37.97,38,5200,0
2016-07-27,18:55:00,37.99,38,37.99,38,3563,0
2016-07-27,21:40:00,38,38,38,38,200,0
2016-07-27,22:00:00,37.93,37.93,37.93,37.93,100,0
2016-07-28,15:35:00,38,38,37.88,37.88,300,0
2016-07-28,18:50:00,38.23,38.23,38.23,38.23,200,0
2016-07-28,20:15:00,38.46,38.49,38.46,38.49,1000,0
2016-07-28,20:20:00,38.46,38.47,38.46,38.46,2900,0
2016-07-28,20:35:00,38.46,38.46,38.46,38.46,2800,0
2016-07-28,22:00:00,38.55,38.55,38.55,38.55,100,0
2016-07-29,15:35:00,38.5492,38.5492,38.5492,38.5492,100,0
2016-07-29,15:50:00,38.51,38.51,38.51,38.51,140,0
2016-07-29,16:00:00,38.59,38.59,38.59,38.59,1000,0
2016-07-29,16:20:00,38.8,38.8,38.8,38.8,1200,0
2016-07-29,16:25:00,38.84,38.84,38.84,38.84,250,0
2016-07-29,17:40:00,38.84,38.847,38.84,38.847,900,0
2016-07-29,17:45:00,38.91,38.91,38.91,38.91,495,0
2016-07-29,17:50:00,39.01,39.02,39.01,39.02,2000,0
2016-07-29,18:40:00,38.91,38.91,38.91,38.91,605,0
2016-07-29,19:15:00,38.84,38.84,38.84,38.84,1842,0
2016-07-29,19:20:00,38.84,38.84,38.84,38.84,2584,0
2016-07-29,21:05:00,38.73,38.73,38.73,38.73,2500,0
2016-08-01,16:15:00,38.7,38.7,38.7,38.7,663,0
2016-08-01,16:20:00,38.82,38.82,38.82,38.82,3100,0
2016-08-01,16:40:00,38.91,38.91,38.91,38.91,2000,0
2016-08-01,16:50:00,38.91,38.91,38.91,38.91,4400,0
2016-08-01,17:05:00,38.91,38.91,38.91,38.91,1100,0
2016-08-01,17:30:00,38.835,38.9,38.835,38.9,400,0
2016-08-01,17:35:00,38.82,38.82,38.82,38.82,800,0
2016-08-01,17:40:00,38.8,38.8,38.8,38.8,1937,0
2016-08-01,17:55:00,38.82,38.82,38.82,38.82,800,0
2016-08-01,18:15:00,38.82,38.82,38.82,38.82,1355,0
2016-08-01,18:30:00,38.82,38.82,38.81,38.81,1000,0
2016-08-01,18:35:00,38.811,38.85,38.811,38.85,400,0
2016-08-01,19:00:00,38.8109,38.8109,38.8109,38.8109,230,0
2016-08-01,19:25:00,38.82,38.82,38.82,38.82,100,0
2016-08-01,20:35:00,38.811,38.811,38.811,38.811,110,0
2016-08-01,22:00:00,38.94,38.94,38.89,38.89,800,0
2016-08-02,15:40:00,38.8,38.8,38.8,38.8,4000,0
2016-08-02,16:10:00,38.65,38.65,38.51,38.65,18700,0
2016-08-02,16:20:00,38.6206,38.6206,38.6206,38.6206,240,0
2016-08-02,16:40:00,38.56,38.56,38.56,38.56,100,0
2016-08-02,16:45:00,38.54,38.54,38.54,38.54,500,0
2016-08-02,16:55:00,38.54,38.54,38.54,38.54,700,0
2016-08-02,18:55:00,38.34,38.485,38.32,38.33,13600,0
2016-08-02,19:05:00,38.191,38.195,38.191,38.195,300,0
2016-08-02,19:40:00,38.33,38.33,38.255,38.255,400,0
2016-08-02,21:55:00,38.22,38.22,38.22,38.22,100,0
2016-08-03,20:10:00,38,38,38,38,5000,0
2016-08-03,20:20:00,37.9,37.9,37.9,37.9,200,0
2016-08-03,20:30:00,37.9,37.9,37.9,37.9,500,0
2016-08-03,20:40:00,37.9,37.905,37.9,37.905,1000,0
2016-08-04,15:40:00,38.18,38.18,38.18,38.18,265,0
2016-08-04,18:25:00,38,38,38,38,200,0
2016-08-04,18:55:00,38,38,38,38,700,0
2016-08-04,19:15:00,38.135,38.135,38.135,38.135,250,0
2016-08-04,21:55:00,38,38,38,38,100,0
2016-08-05,15:45:00,37.83,37.83,37.83,37.83,300,0
2016-08-05,17:55:00,37.946,37.946,37.946,37.946,100,0
2016-08-05,18:30:00,37.83,37.83,37.83,37.83,200,0
2016-08-08,15:35:00,37.78,37.78,37.78,37.78,100,0
2016-08-08,15:55:00,37.82,38.0139,37.81,37.81,1400,0
2016-08-08,17:45:00,37.76,37.76,37.76,37.76,150,0
2016-08-08,18:10:00,37.906,37.906,37.906,37.906,280,0
2016-08-08,21:30:00,37.95,37.9599,37.95,37.9599,526,0
2016-08-09,15:50:00,37.778,37.778,37.778,37.778,125,0
2016-08-09,15:55:00,37.8171,37.8171,37.8171,37.8171,125,0
2016-08-09,17:50:00,37.65,37.65,37.65,37.65,5000,0
2016-08-09,18:05:00,37.76,37.76,37.55,37.55,400,0
2016-08-09,18:35:00,37.666,37.666,37.666,37.666,200,0
2016-08-09,20:30:00,37.9399,37.9399,37.9399,37.9399,200,0
2016-08-09,21:45:00,37.9,37.9,37.9,37.9,1500,0
2016-08-09,21:55:00,37.9,38.2,37.9,38.2,7692,0
2016-08-10,15:50:00,38,38,38,38,1500,0
2016-08-10,16:35:00,38.1648,38.1648,38.1648,38.1648,360,0
2016-08-10,17:20:00,38,38.0892,38,38,2625,0
2016-08-10,19:20:00,38,38,38,38,100,0
2016-08-11,16:45:00,37.7234,37.7234,37.7234,37.7234,200,0
2016-08-11,17:50:00,37.3994,37.3994,37.3994,37.3994,460,0
2016-08-11,18:10:00,37.61,37.61,37.61,37.61,200,0
2016-08-11,18:25:00,37.4886,37.4886,37.4886,37.4886,200,0
2016-08-11,19:35:00,37.4,37.4,37.4,37.4,100,0
2016-08-11,19:45:00,37.43,37.43,37.4,37.4,1300,0
2016-08-11,19:50:00,37.41,37.41,37.41,37.41,500,0
2016-08-11,21:50:00,37.5555,37.5555,37.5555,37.5555,150,0
2016-08-12,15:35:00,37.48,37.48,37.48,37.48,400,0
2016-08-12,21:25:00,37.58,37.58,37.58,37.58,700,0
2016-08-15,15:45:00,37.82,37.83,37.82,37.83,2500,0
2016-08-15,15:50:00,37.78,37.78,37.78,37.78,300,0
2016-08-15,16:05:00,37.78,37.78,37.78,37.78,700,0
2016-08-15,16:20:00,37.78,37.78,37.78,37.78,4000,0
2016-08-15,16:30:00,37.74,37.74,37.74,37.74,200,0
2016-08-15,16:45:00,37.81,37.81,37.81,37.81,2000,0
2016-08-15,17:00:00,37.74,37.74,37.74,37.74,1300,0
2016-08-15,17:25:00,37.74,37.74,37.74,37.74,5400,0
2016-08-15,17:35:00,37.74,37.74,37.74,37.74,3100,0
2016-08-15,17:45:00,37.65,37.65,37.65,37.65,200,0
2016-08-15,18:30:00,37.75,37.75,37.75,37.75,200,0
2016-08-15,18:35:00,37.79,37.79,37.79,37.79,300,0
2016-08-15,19:00:00,37.75,37.7501,37.75,37.7501,300,0
2016-08-15,19:10:00,37.75,37.75,37.75,37.75,7170,0
2016-08-15,20:05:00,37.74,37.7598,37.74,37.74,600,0
2016-08-15,20:10:00,37.75,37.75,37.74,37.74,2200,0
2016-08-15,20:15:00,37.74,37.74,37.74,37.74,3100,0
2016-08-15,20:20:00,37.72,37.72,37.72,37.72,1100,0
2016-08-15,21:30:00,37.65,37.65,37.65,37.65,600,0
2016-08-15,21:50:00,37.6761,37.6761,37.6761,37.6761,600,0
2016-08-15,22:00:00,37.65,37.65,37.6,37.65,1100,0
2016-08-16,15:50:00,37.25,37.26,37.15,37.15,1540,0
2016-08-16,16:15:00,37.64,37.64,37.64,37.64,200,0
2016-08-16,16:50:00,37.18,37.18,37.18,37.18,200,0
2016-08-16,18:30:00,37.18,37.18,37.13,37.18,600,0
2016-08-16,19:25:00,37.18,37.18,37.18,37.18,200,0
2016-08-16,19:40:00,37.18,37.18,37.18,37.18,100,0
2016-08-16,20:15:00,37.18,37.295,37.18,37.295,200,0
2016-08-16,21:40:00,37.3,37.31,37.3,37.31,2000,0
2016-08-17,15:35:00,37.45,37.45,37.45,37.45,270,0
2016-08-17,15:55:00,37.1,37.129,37.1,37.129,830,0
2016-08-17,16:05:00,37.32,37.32,37.32,37.32,100,0
2016-08-17,16:15:00,37.15,37.15,37.15,37.15,200,0
2016-08-17,17:55:00,37.1001,37.1001,37.1,37.1,1700,0
2016-08-17,18:05:00,37.1,37.1,37.1,37.1,970,0
2016-08-17,18:25:00,37.1,37.1,37.1,37.1,100,0
2016-08-17,19:15:00,37.1126,37.1126,37.1,37.1006,3134,0
2016-08-17,19:25:00,37.1218,37.1218,37.1218,37.1218,700,0
2016-08-17,19:35:00,37.13,37.13,37.13,37.13,250,0
2016-08-17,20:00:00,37.13,37.13,37.13,37.13,5100,0
2016-08-17,20:10:00,37.1,37.1,37.1,37.1,3100,0
2016-08-17,20:35:00,37.14,37.14,37.14,37.14,800,0
2016-08-17,21:05:00,37.13,37.13,37.13,37.13,300,0
2016-08-17,21:10:00,37.13,37.13,37.125,37.13,1592,0
2016-08-17,21:15:00,37.11,37.11,37.11,37.11,800,0
2016-08-17,21:30:00,37.11,37.11,37.11,37.11,100,0
2016-08-17,21:45:00,37.13,37.13,37.13,37.13,400,0
2016-08-17,22:00:00,37.13,37.13,37.13,37.13,100,0
2016-08-18,20:40:00,37.305,37.588,37.305,37.588,500,0
2016-08-18,21:50:00,37.6,37.6,37.6,37.6,100,0
2016-08-19,18:00:00,37.145,37.145,37.145,37.145,175,0
2016-08-19,21:05:00,37.44,37.44,37.44,37.44,100,0
2016-08-19,21:20:00,37.4,37.4,37.4,37.4,100,0
2016-08-22,18:05:00,37.73,37.73,37.73,37.73,100,0
2016-08-22,18:15:00,37.56,37.56,37.56,37.56,200,0
2016-08-23,15:35:00,37.9,37.9,37.9,37.9,300,0
2016-08-23,15:40:00,37.48,37.48,37.48,37.48,100,0
2016-08-23,17:20:00,37.8371,37.8371,37.8371,37.8371,340,0
2016-08-24,15:40:00,37.84,37.84,37.84,37.84,200,0
2016-08-24,16:40:00,37.61,37.61,37.61,37.61,300,0
2016-08-24,20:20:00,37.23,37.23,37.23,37.23,175,0
2016-08-24,22:00:00,37.77,37.77,37.77,37.77,100,0
2016-08-25,17:45:00,37.6,37.6,37.6,37.6,1500,0
2016-08-25,19:30:00,37.4252,37.5999,37.4252,37.5999,680,0
2016-08-26,17:40:00,37.8,37.81,37.8,37.81,600,0
2016-08-26,18:15:00,37.59,37.59,37.59,37.59,200,0
2016-08-29,21:40:00,37.59,37.59,37.59,37.59,300,0
2016-08-30,15:55:00,37.59,37.59,37.59,37.59,100,0
2016-08-31,17:05:00,37.2001,37.6236,37.2001,37.6236,1250,0
2016-09-01,15:35:00,37.6,37.6,37.6,37.6,300,0
2016-09-02,15:35:00,37.6,37.6,37.6,37.6,3044,0
2016-09-02,15:45:00,38,38,38,38,500,0
2016-09-02,15:50:00,38,38,38,38,240,0
2016-09-02,18:25:00,37.94,37.94,37.94,37.94,100,0
2016-09-02,18:45:00,38.2,38.2,38.2,38.2,188,0
2016-09-02,20:10:00,37.6159,37.6159,37.6159,37.6159,300,0
2016-09-02,22:00:00,37.98,37.98,37.98,37.98,300,0
2016-09-06,15:35:00,38.25,38.25,38.25,38.25,403,0
2016-09-06,17:15:00,37.855,37.855,37.855,37.855,300,0
2016-09-06,18:35:00,37.6831,37.6831,37.6831,37.6831,200,0
2016-09-06,19:10:00,37.98,37.98,37.98,37.98,100,0
2016-09-06,19:30:00,38,38,38,38,100,0
2016-09-06,19:35:00,37.99,37.99,37.99,37.99,100,0
2016-09-06,19:40:00,38,38,38,38,100,0
2016-09-06,19:45:00,38,38,38,38,100,0
2016-09-06,19:50:00,38,38,38,38,100,0
2016-09-06,19:55:00,38,38,38,38,100,0
2016-09-06,20:00:00,38,38,38,38,200,0
2016-09-06,20:05:00,38,38,38,38,100,0
2016-09-06,20:10:00,38,38,38,38,100,0
2016-09-06,20:15:00,38,38,38,38,100,0
2016-09-06,20:20:00,38,38,38,38,100,0
2016-09-06,20:25:00,38,38,38,38,100,0
2016-09-06,20:30:00,38,38,38,38,100,0
2016-09-06,20:35:00,38,38,38,38,100,0
2016-09-06,20:45:00,38,38,38,38,200,0
2016-09-06,20:50:00,38,38,38,38,100,0
2016-09-06,20:55:00,38,38,38,38,100,0
2016-09-06,21:00:00,38,38,38,38,100,0
2016-09-06,21:05:00,38,38,38,38,100,0
2016-09-06,21:10:00,38,38,38,38,100,0
2016-09-06,21:15:00,38,38.11,38,38.11,400,0
2016-09-06,21:55:00,38,38,38,38,600,0
2016-09-06,22:00:00,38.0799,38.0799,38.0799,38.0799,500,0
2016-09-07,15:45:00,38,38,38,38,300,0
2016-09-07,16:50:00,37.9,37.9,37.9,37.9,200,0
2016-09-07,17:20:00,38.1599,38.1599,38.1599,38.1599,200,0
2016-09-07,19:35:00,37.97,37.9775,37.97,37.9775,753,0
2016-09-09,15:35:00,37.79,37.79,37.79,37.79,300,0
2016-09-09,15:40:00,37.48,37.56,37.48,37.56,780,0
2016-09-09,19:25:00,37.2,37.34,37.2,37.34,300,0
2016-09-09,20:25:00,37.0075,37.0075,37,37,400,0
2016-09-09,21:30:00,37.108,37.108,37.108,37.108,156,0
2016-09-09,21:55:00,37.2299,37.2299,37.2299,37.2299,200,0
2016-09-09,22:00:00,37.14,37.14,37.14,37.14,100,0
2016-09-12,15:35:00,36.55,36.55,36.55,36.55,1000,0
2016-09-12,16:00:00,37.004,37.004,37.004,37.004,100,0
2016-09-12,16:10:00,37.4,37.4,37.4,37.4,100,0
2016-09-12,20:20:00,37.52,37.52,37.52,37.52,706,0
2016-09-12,21:25:00,37.2301,37.2301,37.2301,37.2301,900,0
2016-09-13,15:35:00,37.61,37.61,37.61,37.61,300,0
2016-09-13,17:25:00,36.88,36.88,36.86,36.86,200,0
2016-09-13,18:45:00,36.56,36.56,36.56,36.56,250,0
2016-09-13,19:00:00,36.7338,36.7338,36.7338,36.7338,190,0
2016-09-13,19:55:00,36.91,36.91,36.9,36.9,400,0
2016-09-13,21:25:00,36.688,36.688,36.688,36.688,296,0
2016-09-13,21:50:00,36.7917,36.7917,36.7917,36.7917,450,0
2016-09-14,15:35:00,36.28,36.69,36.28,36.69,792,0
2016-09-14,15:55:00,36.73,36.73,36.73,36.73,100,0
2016-09-14,21:40:00,36.934,36.934,36.934,36.934,200,0
2016-09-15,15:35:00,36.75,36.75,36.75,36.75,500,0
2016-09-15,16:00:00,36.81,36.81,36.81,36.81,300,0
2016-09-15,17:20:00,36.88,36.88,36.88,36.88,100,0
2016-09-15,19:10:00,36.96,36.96,36.96,36.96,100,0
2016-09-15,20:40:00,37.07,37.86,37.07,37.86,300,0
2016-09-15,20:45:00,37.25,37.25,37.25,37.25,200,0
2016-09-16,15:35:00,38,38,37.23,37.23,1250,0
2016-09-16,15:40:00,37.35,37.35,37.35,37.35,200,0
2016-09-16,16:00:00,36.88,36.88,36.75,36.75,500,0
2016-09-16,16:15:00,36.83,36.83,36.83,36.83,100,0
2016-09-16,18:30:00,37.333,37.333,37.333,37.333,250,0
2016-09-19,15:35:00,37.38,37.38,37.38,37.38,300,0
2016-09-19,16:15:00,37.33,37.33,37.33,37.33,100,0
2016-09-19,17:50:00,37.04,37.04,36.335,36.96,445,0
2016-09-20,15:45:00,37.12,37.12,37.11,37.12,2000,0
2016-09-20,15:50:00,37.11,37.12,37.11,37.12,800,0
2016-09-20,16:20:00,37.11,37.12,37.1,37.11,3900,0
2016-09-20,16:25:00,37.11,37.11,37.11,37.11,300,0
2016-09-20,17:15:00,37.4302,37.4302,37.4302,37.4302,500,0
2016-09-20,17:30:00,37.13,37.13,37.13,37.13,4200,0
2016-09-20,17:35:00,37.13,37.13,37.13,37.13,900,0
2016-09-20,17:40:00,36.81,36.82,36.81,36.82,200,0
2016-09-20,18:25:00,37.13,37.13,37.13,37.13,1606,0
2016-09-20,19:05:00,37.07,37.07,37.07,37.07,100,0
2016-09-20,19:25:00,37.15,37.15,37.12,37.12,600,0
2016-09-20,20:25:00,37.15,37.15,37.15,37.15,2500,0
2016-09-20,20:30:00,37.29,37.29,37.29,37.29,200,0
2016-09-20,22:00:00,37.27,37.27,37.15,37.15,305,0
2016-09-21,18:30:00,37.15,37.15,37.15,37.15,170,0
2016-09-21,20:05:00,37.15,37.15,37.15,37.15,200,0
2016-09-21,20:10:00,37.15,37.15,37.15,37.15,600,0
2016-09-21,20:15:00,37.4789,37.4789,37.4789,37.4789,269,0
2016-09-21,20:30:00,37.25,37.25,37.24,37.25,2900,0
2016-09-22,15:35:00,37.65,37.65,37.65,37.65,600,0
2016-09-22,20:15:00,37.99,37.99,37.99,37.99,100,0
2016-09-23,16:35:00,37.856,37.856,37.856,37.856,100,0
2016-09-26,16:05:00,38,38,38,38,500,0
2016-09-26,18:35:00,38.12,38.12,38.12,38.12,460,0
2016-09-26,19:05:00,38.34,38.35,38.34,38.35,400,0
2016-09-26,21:05:00,38.262,38.262,38.262,38.262,500,0
2016-09-26,21:10:00,38.31,38.31,38.31,38.31,300,0
2016-09-26,21:15:00,38.3,38.3,38.3,38.3,100,0
2016-09-27,17:00:00,38.4,38.4,38.4,38.4,100,0
2016-09-27,18:50:00,38.35,38.35,38.35,38.35,100,0
2016-09-27,20:50:00,38.31,38.31,38.31,38.31,300,0
2016-09-27,21:35:00,38.18,38.18,38.18,38.18,320,0
2016-09-27,21:55:00,37.88,37.88,37.88,37.88,600,0
2016-09-27,22:00:00,37.9,37.9,37.9,37.9,405,0
2016-09-28,19:50:00,37.8355,37.8355,37.4074,37.4074,700,0
2016-09-29,15:35:00,37.4,37.4,37.4,37.4,350,0
2016-09-29,15:45:00,37.41,37.41,37.41,37.41,100,0
2016-09-29,16:10:00,37.5,37.5,37.5,37.5,100,0
2016-09-29,16:55:00,37.325,37.325,37.325,37.325,230,0
2016-09-30,15:35:00,37.17,37.17,37.17,37.17,300,0
2016-09-30,15:45:00,37.5232,37.5232,37.4,37.4,400,0
2016-09-30,15:50:00,37.28,37.28,37.28,37.28,100,0
2016-09-30,15:55:00,37.26,37.26,37.26,37.26,800,0
2016-09-30,16:35:00,37.2301,37.2301,37.2301,37.2301,139,0
2016-09-30,17:15:00,37.4622,37.4622,37.21,37.21,1307,0
2016-09-30,17:30:00,37.22,37.22,37.215,37.215,200,0
2016-10-03,16:05:00,37.37,37.4,37.07,37.37,1100,0
2016-10-03,16:10:00,37.24,37.24,37.24,37.24,200,0
2016-10-03,16:15:00,37.24,37.24,37.24,37.24,100,0
2016-10-03,16:25:00,37.24,37.24,37.24,37.24,100,0
2016-10-03,21:00:00,36.9254,36.9254,36.9254,36.9254,200,0
2016-10-04,20:50:00,36.51,36.51,36.51,36.51,200,0
2016-10-04,21:15:00,36.9176,36.9176,36.9176,36.9176,250,0
2016-10-05,15:40:00,36.64,36.64,36.63,36.63,200,0
2016-10-05,17:15:00,36.5,36.5,36.5,36.5,200,0
2016-10-06,18:05:00,36.51,36.53,36.5,36.53,600,0
2016-10-07,18:50:00,37.98,37.98,37.98,37.98,318,0
2016-10-07,20:45:00,36.5,36.5,36,36,1500,0
2016-10-07,21:10:00,36.3,36.3,36.3,36.3,1200,0
2016-10-07,21:15:00,36.34,36.34,36.34,36.34,100,0
2016-10-07,21:30:00,36.35,36.35,36.35,36.35,800,0
2016-10-07,21:35:00,36.22,36.22,36.2,36.2,2500,0
2016-10-07,21:40:00,36.21,36.21,36.21,36.21,200,0
2016-10-07,21:45:00,36.21,36.21,36.2,36.2,2500,0
2016-10-07,22:00:00,36,36,36,36,200,0
2016-10-10,16:40:00,36.3201,36.3201,36.3201,36.3201,935,0
2016-10-10,16:50:00,36.7,36.7,36.7,36.7,810,0
2016-10-10,17:25:00,36.75,36.75,36.75,36.75,200,0
2016-10-10,22:00:00,36.37,36.38,36.3,36.3,3300,0
2016-10-11,20:05:00,36.69,36.69,36.548,36.548,200,0
2016-10-11,20:15:00,36.3,36.3,36.3,36.3,130,0
2016-10-11,20:30:00,36.3,36.3,36.3,36.3,400,0
2016-10-11,20:50:00,36.19,36.19,36.19,36.19,100,0
2016-10-11,21:05:00,36.19,36.19,36.18,36.1801,800,0
2016-10-11,21:15:00,36.17,36.17,36.17,36.17,300,0
2016-10-11,21:20:00,36.19,36.19,34.93,36.19,1500,0
2016-10-11,21:35:00,36.22,36.22,36.14,36.2,1800,0
2016-10-11,21:45:00,36.23,36.23,36.22,36.22,600,0
2016-10-11,21:50:00,36.02,36.02,36.02,36.02,100,0
2016-10-11,21:55:00,36.02,36.03,36.02,36.03,1000,0
2016-10-11,22:00:00,36.02,36.03,36.02,36.03,300,0
2016-10-12,17:25:00,36.3272,36.3272,36.3272,36.3272,900,0
2016-10-12,18:25:00,36.28,36.28,36.28,36.28,100,0
2016-10-12,19:05:00,36.3104,36.3104,36.3104,36.3104,100,0
2016-10-12,20:05:00,36.24,36.25,36.24,36.24,900,0
2016-10-12,20:10:00,36.25,36.25,36.25,36.25,1000,0
2016-10-12,21:00:00,36.2844,36.2844,36.2844,36.2844,175,0
2016-10-12,21:15:00,36.2801,36.2801,36.2801,36.2801,500,0
2016-10-12,21:25:00,36.27,36.27,36.24,36.25,3600,0
2016-10-12,21:40:00,36.25,36.25,36.25,36.25,700,0
2016-10-13,17:15:00,36.49,36.5,36.49,36.5,1900,0
2016-10-13,18:40:00,36.54,36.54,36.54,36.54,100,0
2016-10-13,19:55:00,36.51,36.51,36.51,36.51,300,0
2016-10-13,21:25:00,36.46,36.46,36.46,36.46,150,0
2016-10-13,21:40:00,36.47,36.47,36.47,36.47,1000,0
2016-10-13,21:55:00,36.47,36.47,36.46,36.46,3100,0
2016-10-13,22:00:00,36.42,36.6,36.4,36.6,1380,0
2016-10-14,15:35:00,36.6,36.6,36.6,36.6,300,0
2016-10-14,18:55:00,36.8266,36.8266,36.8266,36.8266,300,0
2016-10-14,21:25:00,36.62,36.62,36.62,36.62,100,0
2016-10-14,21:45:00,36.75,36.75,36.7,36.7,1000,0
2016-10-14,21:50:00,36.71,36.71,36.71,36.71,100,0
2016-10-14,21:55:00,36.7,36.7,36.7,36.7,2700,0
2016-10-14,22:00:00,36.7,36.71,36.4,36.7,6100,0
2016-10-17,15:40:00,36.81,36.81,36.81,36.81,910,0
2016-10-17,18:40:00,36.595,36.595,36.595,36.595,100,0
2016-10-18,18:40:00,36.7802,36.7802,36.6701,36.6701,200,0
2016-10-18,20:35:00,36.65,36.65,36.65,36.65,1600,0
2016-10-18,21:55:00,36.65,36.65,36.65,36.65,100,0
2016-10-18,22:00:00,36.65,36.65,36.65,36.65,200,0
2016-10-19,16:45:00,36.744,36.744,36.744,36.744,600,0
2016-10-19,18:30:00,36.64,36.64,36.64,36.64,200,0
2016-10-19,20:05:00,36.65,36.65,36.53,36.65,500,0
2016-10-19,21:40:00,36.62,36.62,36.62,36.62,300,0
2016-10-19,21:45:00,36.625,36.625,36.625,36.625,300,0
2016-10-20,17:00:00,36.52,36.52,36.52,36.52,200,0
2016-10-20,19:15:00,36.5,36.52,36.5,36.52,500,0
2016-10-21,16:35:00,36.5949,36.595,36.54,36.5949,1812,0
2016-10-21,16:45:00,36.52,36.52,36.35,36.35,260,0
2016-10-21,18:15:00,36.51,36.51,36.51,36.51,100,0
2016-10-21,18:50:00,36.5,36.5,36.5,36.5,300,0
2016-10-21,19:50:00,36.5,36.5,36.5,36.5,300,0
2016-10-24,15:45:00,36.53,36.53,36.53,36.53,100,0
2016-10-24,16:35:00,36.43,36.43,36.43,36.43,800,0
2016-10-24,16:45:00,36.45,36.45,36.45,36.45,100,0
2016-10-24,17:45:00,36.34,36.34,36.34,36.34,100,0
2016-10-24,17:55:00,36.35,36.35,36.35,36.35,800,0
2016-10-24,18:00:00,36.3501,36.3501,36.35,36.35,700,0
2016-10-24,18:35:00,36.5504,36.5504,36.5504,36.5504,390,0
2016-10-24,20:35:00,36.47,36.5248,36.47,36.5248,300,0
2016-10-24,20:45:00,36.55,36.55,36.55,36.55,200,0
2016-10-24,20:50:00,36.55,36.55,36.55,36.55,100,0
2016-10-24,21:00:00,36.55,36.55,36.55,36.55,252,0
2016-10-24,21:50:00,36.48,36.48,36.48,36.48,100,0
2016-10-24,21:55:00,36.47,36.5,36.47,36.5,898,0
2016-10-25,17:30:00,36.33,36.33,36.33,36.33,250,0
2016-10-25,19:10:00,36.66,36.66,36.66,36.66,150,0
2016-10-25,21:55:00,36.39,36.39,36.36,36.36,1000,0
2016-10-26,19:05:00,36.0201,36.0201,36.0201,36.0201,400,0
2016-10-26,20:05:00,36.06,36.06,36.05,36.05,1000,0
2016-10-26,20:10:00,36.11,36.11,36.11,36.11,1500,0
2016-10-26,20:20:00,36.03,36.03,36.03,36.03,600,0
2016-10-26,20:25:00,36.04,36.04,36.04,36.04,200,0
2016-10-26,20:30:00,36.05,36.05,36.05,36.05,250,0
2016-10-26,20:35:00,36.02,36.02,36.02,36.02,200,0
2016-10-26,20:40:00,36.08,36.08,36.08,36.08,600,0
2016-10-26,21:00:00,36.08,36.08,36.08,36.08,200,0
2016-10-26,21:30:00,36.31,36.345,36.31,36.345,3200,0
2016-10-26,21:45:00,36.1701,36.1701,36.1701,36.1701,300,0
2016-10-26,21:55:00,36.67,36.67,36.67,36.67,100,0
2016-10-27,15:35:00,37.75,37.75,36.06,36.06,1750,0
2016-10-27,15:50:00,35.98,35.98,35.69,35.69,200,0
2016-10-27,16:00:00,35.62,35.62,35.62,35.62,300,0
2016-10-27,16:10:00,35.53,35.53,35.53,35.53,100,0
2016-10-27,16:35:00,35.64,35.64,35.64,35.64,125,0
2016-10-27,16:50:00,35.64,35.64,35.64,35.64,698,0
2016-10-27,17:00:00,35.64,35.64,35.64,35.64,100,0
2016-10-27,17:30:00,35.75,35.75,35.75,35.75,100,0
2016-10-27,20:55:00,35.7501,35.805,35.7501,35.805,500,0
2016-10-27,21:45:00,35.8325,35.85,35.815,35.85,5000,0
2016-10-27,21:50:00,35.85,35.85,35.85,35.85,400,0
2016-10-27,22:00:00,35.76,35.805,35.76,35.805,1000,0
2016-10-28,15:35:00,37,37,35.89,35.98,700,0
2016-10-28,16:35:00,36.06,36.1,36.05,36.06,3100,0
2016-10-28,16:50:00,36.57,36.655,36.57,36.655,300,0
2016-10-28,17:00:00,36.17,36.18,36.17,36.17,300,0
2016-10-28,18:05:00,36.185,36.19,36.185,36.185,838,0
2016-10-28,19:05:00,36.1,36.1,35.97,35.97,3645,0
2016-10-28,19:30:00,37.25,37.25,37.25,37.25,157,0
2016-10-31,15:10:00,36.88,36.93,36.79,36.81,4100,0
2016-10-31,15:15:00,36.81,36.84,36.81,36.84,2500,0
2016-10-31,16:10:00,36.96,36.96,36.96,36.96,100,0
2016-10-31,18:40:00,36.95,36.95,36.95,36.95,200,0
2016-10-31,18:50:00,36.95,36.95,36.95,36.95,320,0
2016-10-31,18:55:00,36.06,36.935,35.95,36.8,2200,0
2016-10-31,19:00:00,36.915,36.915,36.915,36.915,100,0
2016-10-31,19:05:00,36.925,36.925,36.925,36.925,100,0
2016-10-31,20:20:00,36.99,36.99,36.99,36.99,100,0
2016-10-31,20:40:00,36,36,36,36,140,0
2016-10-31,20:50:00,36.702,36.702,36.702,36.702,225,0
2016-10-31,20:55:00,36.99,37.21,36.78,37.1546,1200,0
2016-11-01,14:55:00,36.99,36.99,36.99,36.99,1000,0
2016-11-01,15:20:00,36.83,36.83,36.83,36.83,100,0
2016-11-01,15:25:00,37.3909,37.445,36.84,36.84,300,0
2016-11-01,15:45:00,36.73,36.73,36.73,36.73,100,0
2016-11-01,16:10:00,36.9757,37,36.97,36.97,480,0
2016-11-01,16:20:00,36.95,36.95,36.95,36.95,800,0
2016-11-01,16:45:00,37,37,36.99,36.99,2180,0
2016-11-01,17:05:00,37,37,37,37,2000,0
2016-11-01,17:10:00,37,37,37,37,7800,0
2016-11-01,17:15:00,37,37,37,37,2000,0
2016-11-01,17:20:00,37,37,37,37,5000,0
2016-11-01,17:25:00,37,37,37,37,1974,0
2016-11-01,17:35:00,36.64,36.64,36.64,36.64,100,0
2016-11-01,18:50:00,36.55,36.55,36.55,36.55,100,0
2016-11-01,20:00:00,36.39,36.39,36.39,36.39,100,0
2016-11-02,14:35:00,36.88,36.88,36.88,36.88,300,0
2016-11-02,14:40:00,36.21,36.21,36.21,36.21,100,0
2016-11-02,15:55:00,36.2,36.2,36.2,36.2,100,0
2016-11-02,16:00:00,36.2,36.2,36.2,36.2,400,0
2016-11-02,16:45:00,36.16,36.2443,36.16,36.19,800,0
2016-11-02,19:10:00,35.81,35.81,35.81,35.81,100,0
2016-11-02,19:20:00,36.07,36.07,36.07,36.07,100,0
2016-11-02,20:10:00,36.2,36.2,36.1,36.1,390,0
2016-11-03,16:45:00,36.5665,36.5665,36.5665,36.5665,750,0
2016-11-03,17:05:00,35.98,35.98,35.98,35.98,100,0
2016-11-03,18:40:00,36,36,36,36,2625,0
2016-11-03,19:05:00,35.2,35.25,35.13,35.145,700,0
2016-11-03,19:40:00,35.26,35.3127,35.26,35.3127,200,0
2016-11-03,19:55:00,35.288,35.288,35.288,35.288,300,0
2016-11-03,20:25:00,35.11,35.11,35.11,35.11,650,0
2016-11-03,21:00:00,35.14,35.14,35.13,35.13,400,0
2016-11-04,14:35:00,35.93,35.93,35.93,35.93,350,0
2016-11-07,17:40:00,35.75,35.75,35.75,35.75,200,0
2016-11-07,17:50:00,35.7499,35.75,35.7499,35.75,600,0
2016-11-07,18:00:00,35.75,35.75,35.75,35.75,2500,0
2016-11-07,18:10:00,35.75,35.75,35.75,35.75,100,0
2016-11-07,19:40:00,35.75,35.75,35.75,35.75,2600,0
2016-11-07,19:50:00,35.61,35.62,35.6,35.6,700,0
2016-11-07,19:55:00,35.6,35.6,35.6,35.6,2680,0
2016-11-07,20:00:00,35.6,35.61,35.6,35.61,2600,0
2016-11-07,20:15:00,35.6,35.6,35.6,35.6,100,0
2016-11-07,21:15:00,35.6,35.6,35.578,35.578,270,0
2016-11-08,20:30:00,36,36.01,36,36.01,300,0
2016-11-08,21:25:00,36,36.07,36,36,4146,0
2016-11-09,16:20:00,35.33,35.4359,35.33,35.4359,200,0
2016-11-09,20:40:00,36.252,36.252,36.252,36.252,200,0
2016-11-10,15:35:00,35.5,35.5,34.86,35,3986,0
2016-11-10,15:40:00,35,35,35,35,100,0
2016-11-10,15:55:00,35.01,35.01,35,35,2650,0
2016-11-10,16:15:00,34.55,34.759,34.55,34.759,1950,0
2016-11-10,18:30:00,34.76,34.76,34.76,34.76,200,0
2016-11-10,19:15:00,35.11,35.11,35.11,35.11,537,0
2016-11-10,20:20:00,34.76,34.76,34.76,34.76,100,0
2016-11-10,20:30:00,34.75,34.75,34.75,34.75,200,0
2016-11-10,21:15:00,34.75,34.75,34.75,34.75,230,0
2016-11-11,15:35:00,34.26,34.26,34.26,34.26,200,0
2016-11-11,16:45:00,35.29,35.5,35.29,35.5,1100,0
2016-11-11,16:50:00,35.48,35.5,35.48,35.5,307,0
2016-11-11,21:10:00,35.05,35.05,35.05,35.05,200,0
2016-11-11,22:00:00,34.76,34.76,34.75,34.75,200,0
2016-11-14,15:40:00,34.3,34.3,34.3,34.3,200,0
2016-11-14,16:35:00,34.75,34.75,34.75,34.75,3000,0
2016-11-14,16:40:00,34.7188,34.7188,34.7188,34.7188,300,0
2016-11-14,18:55:00,35.01,35.02,35.01,35.01,1100,0
2016-11-14,19:20:00,35,35,35,35,700,0
2016-11-14,21:00:00,34.75,34.75,34.75,34.75,200,0
2016-11-15,15:55:00,35.5,35.5,35.49,35.5,1700,0
2016-11-15,16:00:00,35.49,35.49,35.49,35.49,884,0
2016-11-15,16:05:00,35.5,35.5,35.024,35.024,14649,0
2016-11-15,19:35:00,35.03,35.03,35.03,35.03,100,0
2016-11-15,20:40:00,35.5,35.5,35.4649,35.4649,2000,0
2016-11-15,20:45:00,35.45,35.45,35.45,35.45,200,0
2016-11-16,16:45:00,35.4999,35.4999,35.4999,35.4999,300,0
2016-11-16,21:50:00,35.24,35.24,35.24,35.24,800,0
2016-11-17,19:00:00,35.1528,35.1528,35.1001,35.1001,1000,0
2016-11-17,19:05:00,35.1,35.1,35.1,35.1,300,0
2016-11-17,21:05:00,35.23,35.5036,35.23,35.5036,300,0
2016-11-17,21:45:00,35.11,35.11,35.1,35.1,1100,0
2016-11-18,15:35:00,34.71,34.73,34.71,34.73,400,0
2016-11-18,16:05:00,35.1,35.1,35.1,35.1,100,0
2016-11-18,16:10:00,34.99,34.99,34.72,34.72,300,0
2016-11-18,17:50:00,34.77,34.9021,34.76,34.9021,600,0
2016-11-18,19:05:00,34.9015,34.9015,34.9015,34.9015,280,0
2016-11-18,21:30:00,34.87,34.87,34.74,34.7401,800,0
2016-11-21,19:40:00,35.48,35.48,34.824,34.824,200,0
2016-11-22,15:55:00,35,35,35,35,100,0
2016-11-22,16:10:00,34.79,34.8422,34.79,34.8422,400,0
2016-11-23,18:30:00,35.1198,35.1198,35.1198,35.1198,370,0
2016-11-23,20:25:00,35.12,35.12,35.12,35.12,200,0
2016-11-28,15:50:00,35.25,35.25,35.25,35.25,350,0
2016-11-28,18:55:00,35.97,35.97,35.97,35.97,200,0
2016-11-29,16:00:00,35.33,35.35,35.29,35.3,2800,0
2016-11-29,17:55:00,35.65,35.6501,35.65,35.65,800,0
2016-11-29,18:10:00,36.08,36.08,36.08,36.08,228,0
2016-11-30,18:55:00,35.36,35.413,35.25,35.3029,800,0
2016-11-30,20:45:00,35.5,35.5,35.27,35.27,699,0
2016-11-30,21:30:00,35.5,35.5,35.47,35.5,5480,0
2016-11-30,21:50:00,35.49,35.5,35.3614,35.3614,5700,0
2016-11-30,21:55:00,35.36,35.37,35.35,35.37,300,0
2016-11-30,22:00:00,35.38,35.861,35.35,35.861,24672,0
2016-12-01,16:40:00,35.4467,35.4467,35.4467,35.4467,100,0
2016-12-01,17:35:00,35.156,35.156,35.156,35.156,100,0
2016-12-02,15:35:00,34.88,34.88,34.88,34.88,352,0
2016-12-02,15:40:00,35.2,35.2,34.9,34.91,5384,0
2016-12-02,15:45:00,35.3,35.4,35.3,35.4,300,0
2016-12-02,16:40:00,35.34,35.35,35.34,35.35,3500,0
2016-12-02,16:50:00,35.34,35.35,35.34,35.35,1000,0
2016-12-02,17:05:00,35.35,35.35,35.35,35.35,4912,0
2016-12-02,17:10:00,35.35,35.35,35.35,35.35,1000,0
2016-12-02,17:15:00,35.35,35.35,35.35,35.35,312,0
2016-12-02,20:30:00,35.35,35.872,35.35,35.872,408,0
2016-12-02,21:05:00,35.11,35.11,35.11,35.11,100,0
2016-12-02,21:40:00,35.34,35.35,35.34,35.35,1140,0
2016-12-05,15:35:00,36.06,36.06,36.06,36.06,770,0
2016-12-05,16:10:00,35.56,35.56,35.56,35.56,200,0
2016-12-05,16:45:00,35.71,35.72,35.71,35.72,300,0
2016-12-05,17:45:00,36.04,36.04,36.04,36.04,280,0
2016-12-05,18:15:00,35.6606,35.6606,35.6606,35.6606,285,0
2016-12-05,21:20:00,35.13,35.13,35.13,35.13,200,0
2016-12-05,21:50:00,35.4548,35.4548,35.4548,35.4548,540,0
2016-12-06,16:40:00,35.638,35.638,35.638,35.638,1000,0
2016-12-06,18:25:00,35.65,35.65,35.65,35.65,100,0
2016-12-07,20:40:00,35.73,35.9464,35.68,35.68,1100,0
2016-12-08,20:30:00,35.77,35.77,35.77,35.77,400,0
2016-12-09,16:30:00,36.0685,36.0685,36.0685,36.0685,200,0
2016-12-09,17:20:00,36.27,36.27,36.0919,36.0919,200,0
2016-12-09,17:25:00,36.164,36.164,35.61,35.6634,784,0
2016-12-09,18:00:00,35.74,35.74,35.74,35.74,275,0
2016-12-12,15:35:00,36.27,36.27,35.81,35.81,1100,0
2016-12-12,15:50:00,36.17,36.17,36.17,36.17,200,0
2016-12-12,15:55:00,36.11,36.19,36.11,36.19,200,0
2016-12-12,16:00:00,36.23,36.23,36.23,36.23,100,0
2016-12-12,16:10:00,35.92,35.93,35.92,35.93,200,0
2016-12-12,16:50:00,36.39,36.39,36.2105,36.2105,200,0
2016-12-12,17:00:00,36.1,36.1,36.1,36.1,200,0
2016-12-12,18:30:00,36.19,36.19,36.19,36.19,100,0
2016-12-12,18:50:00,36.15,36.15,36.15,36.15,200,0
2016-12-12,19:20:00,35.88,35.88,35.88,35.88,100,0
2016-12-12,20:15:00,35.9039,35.9039,35.85,35.9038,660,0
2016-12-12,21:15:00,35.75,35.75,35.65,35.7035,570,0
2016-12-12,21:35:00,35.64,35.64,35.63,35.63,500,0
2016-12-12,22:00:00,35.8,35.8,35.8,35.8,100,0
2016-12-13,17:05:00,35.77,35.8237,35.77,35.8237,1500,0
2016-12-13,17:35:00,35.77,35.77,35.77,35.77,200,0
2016-12-13,18:35:00,35.76,35.7695,35.75,35.75,300,0
2016-12-13,19:05:00,35.79,35.8,35.79,35.8,200,0
2016-12-13,21:35:00,35.58,35.61,35.58,35.59,2300,0
2016-12-13,21:40:00,35.6,35.6,35.6,35.6,100,0
2016-12-13,21:50:00,35.75,35.75,35.75,35.75,100,0
2016-12-13,21:55:00,35.74,35.75,35.74,35.75,400,0
2016-12-14,19:00:00,35.4,35.4,35.4,35.4,100,0
2016-12-14,19:55:00,35.8357,35.8357,35.8357,35.8357,500,0
2016-12-14,21:05:00,35.33,35.33,35.33,35.33,200,0
2016-12-15,17:25:00,35.1647,35.1647,35.1647,35.1647,1245,0
2016-12-15,21:00:00,35.138,35.138,35.138,35.138,354,0
2016-12-15,21:55:00,35.3269,35.3269,35.3269,35.3269,400,0
2016-12-16,22:00:00,35.37,35.37,35.37,35.37,100,0
2016-12-19,18:00:00,35.4461,35.4461,35.4461,35.4461,760,0
2016-12-19,21:10:00,35.99,35.99,35.99,35.99,1000,0
2016-12-20,16:30:00,35.99,36,35.85,35.85,1100,0
2016-12-20,17:15:00,35.9644,35.9644,35.9644,35.9644,200,0
2016-12-20,17:45:00,35.8535,35.8535,35.8535,35.8535,500,0
2016-12-20,18:55:00,35.85,35.85,35.84,35.85,2500,0
2016-12-20,19:05:00,35.86,35.86,35.85,35.85,1600,0
2016-12-20,19:25:00,35.75,35.75,35.75,35.75,100,0
2016-12-22,18:05:00,35.6204,35.6204,35.6204,35.6204,575,0
2016-12-22,18:15:00,35.8443,35.8443,35.8443,35.8443,300,0
2016-12-22,21:30:00,35.799,35.799,35.799,35.799,200,0
2016-12-23,17:25:00,35.703,35.703,35.703,35.703,100,0
2016-12-27,17:00:00,35.7834,35.7834,35.7834,35.7834,1000,0
2016-12-27,17:25:00,35.4155,35.4155,35.3801,35.3801,734,0
2016-12-27,18:20:00,35.4516,35.4516,35.4516,35.4516,325,0
2016-12-27,18:40:00,35.99,36.0399,35.9368,36.0399,2000,0
2016-12-27,19:10:00,35.73,35.73,35.73,35.73,100,0
2016-12-27,20:45:00,35.4555,35.4555,35.4555,35.4555,500,0
2016-12-27,21:50:00,35.54,35.54,35.54,35.54,275,0
2016-12-28,15:35:00,34.9,34.9,34.82,34.82,1830,0
2016-12-28,15:50:00,34.83,34.83,34.82,34.82,530,0
2016-12-28,15:55:00,34.82,34.82,34.82,34.82,100,0
2016-12-28,21:35:00,35,35.15,34.8264,34.986,850,0
2016-12-28,21:55:00,35.05,35.05,35.05,35.05,100,0
2016-12-29,15:35:00,34.68,34.77,34.68,34.77,500,0
2016-12-29,16:05:00,35.05,35.05,35.05,35.05,341,0
2016-12-29,17:40:00,35.6,35.73,35.4278,35.4278,1200,0
2016-12-29,18:50:00,35.68,35.69,35.4269,35.4269,1400,0
2016-12-30,17:00:00,35.33,35.37,35.33,35.37,1600,0
2016-12-30,17:55:00,35.4775,35.4775,35.4775,35.4775,100,0
2016-12-30,18:00:00,35.565,35.565,35.565,35.565,200,0
2016-12-30,20:05:00,35.39,35.39,35.39,35.39,200,0
2016-12-30,20:10:00,35.39,35.39,35.39,35.39,100,0
2016-12-30,21:35:00,35.75,35.75,35.75,35.75,100,0
2016-12-30,21:40:00,35.79,35.79,35.79,35.79,100,0
2016-12-30,21:50:00,35.9799,35.98,35.97,35.97,900,0
2016-12-30,21:55:00,35.75,35.95,35.75,35.88,900,0
2016-12-30,22:00:00,35.87,35.88,35.87,35.88,3100,0
2017-01-03,16:30:00,35.6,35.6348,35.6,35.6348,400,0
2017-01-03,16:50:00,35.46,35.47,35.45,35.45,10300,0
2017-01-03,17:10:00,35.45,35.45,35.45,35.45,100,0
2017-01-03,17:15:00,35.41,35.42,35.4,35.4,7000,0
2017-01-03,17:20:00,35.4,35.4,35.4,35.4,11400,0
2017-01-03,17:25:00,35.4,35.4,35.4,35.4,5000,0
2017-01-03,17:45:00,35.41,35.41,35.4,35.4,15000,0
2017-01-03,17:50:00,35.46,35.46,35.4,35.4,400,0
2017-01-03,18:20:00,35.4,35.4,35.4,35.4,58368,0
2017-01-03,21:00:00,35.633,35.749,35.633,35.749,400,0
2017-01-03,21:55:00,35.47,35.47,35.47,35.47,200,0
2017-01-04,16:40:00,35.69,35.7436,35.69,35.7436,200,0
2017-01-04,17:30:00,35.963,35.98,35.963,35.98,300,0
2017-01-04,17:45:00,35.97,35.97,35.97,35.97,100,0
2017-01-04,18:05:00,35.7301,35.9114,35.7301,35.9114,1500,0
2017-01-04,18:50:00,35.75,35.8572,35.75,35.8572,280,0
2017-01-04,20:05:00,35.86,35.86,35.86,35.86,100,0
2017-01-04,20:15:00,35.776,35.776,35.776,35.776,300,0
2017-01-04,21:40:00,35.8,35.8,35.7,35.7,1000,0
2017-01-05,17:05:00,35.87,35.9462,35.82,35.9462,500,0
2017-01-05,17:15:00,35.95,35.95,35.95,35.95,200,0
2017-01-05,18:00:00,35.99,35.99,35.96,35.99,500,0
2017-01-05,18:10:00,35.99,35.99,35.99,35.99,100,0
2017-01-05,19:00:00,36.03,36.0301,36.03,36.0301,1700,0
2017-01-05,19:30:00,36.01,36.01,36.01,36.01,800,0
2017-01-06,17:00:00,36.2,36.2,36.2,36.2,300,0
2017-01-06,19:35:00,35.99,35.99,35.99,35.99,200,0
2017-01-09,15:35:00,35.6,35.6,35.6,35.6,250,0
2017-01-09,15:55:00,35.55,35.55,35.55,35.55,100,0
2017-01-09,16:45:00,35.44,35.44,35.44,35.44,140,0
2017-01-09,19:25:00,35.44,35.44,35.44,35.44,500,0
2017-01-09,19:50:00,35.44,35.44,35.44,35.44,500,0
2017-01-10,16:40:00,35.531,35.531,35.531,35.531,400,0
2017-01-10,18:10:00,35.61,35.61,35.61,35.61,100,0
2017-01-10,18:25:00,35.61,35.61,35.61,35.61,200,0
2017-01-10,20:20:00,35.5,35.5,35.5,35.5,100,0
2017-01-10,20:25:00,35.56,35.56,35.56,35.56,300,0
2017-01-10,21:10:00,35.5,35.57,35.5,35.51,552,0
2017-01-11,15:45:00,35.49,35.61,35.49,35.61,640,0
2017-01-11,16:35:00,35.59,35.59,35.59,35.59,100,0
2017-01-11,17:25:00,35.59,35.6,35.59,35.6,600,0
2017-01-11,18:35:00,35.75,35.75,35.75,35.75,100,0
2017-01-11,18:45:00,35.71,35.71,35.71,35.71,100,0
2017-01-11,18:50:00,35.66,35.66,35.66,35.66,100,0
2017-01-11,19:10:00,35.897,35.897,35.897,35.897,210,0
2017-01-11,19:15:00,35.82,35.82,35.82,35.82,100,0
2017-01-11,21:20:00,35.8393,35.8393,35.8393,35.8393,150,0
2017-01-12,17:10:00,35.92,35.9201,35.92,35.9201,600,0
2017-01-13,20:35:00,35.91,35.93,35.91,35.93,1100,0
2017-01-13,21:00:00,35.9101,35.9101,35.9101,35.9101,600,0
2017-01-13,21:25:00,35.9,35.9,35.9,35.9,100,0
2017-01-17,18:20:00,36.3528,36.3528,36.33,36.33,700,0
2017-01-17,18:25:00,36.4,36.4,36.4,36.4,300,0
2017-01-17,19:10:00,36.4144,36.4144,36.4144,36.4144,350,0
2017-01-17,19:40:00,36.4,36.4,36.4,36.4,560,0
2017-01-17,21:30:00,36.68,36.689,36.68,36.689,500,0
2017-01-18,15:55:00,36.35,36.35,36.34,36.34,350,0
2017-01-18,16:05:00,36.64,36.67,36.604,36.67,700,0
2017-01-19,16:30:00,36,36,36,36,200,0
2017-01-19,17:10:00,35.93,35.93,35.92,35.92,520,0
2017-01-19,17:40:00,35.92,35.92,35.92,35.92,500,0
2017-01-19,18:05:00,35.87,35.87,35.87,35.87,806,0
2017-01-19,20:25:00,36.0352,36.0352,36.0352,36.0352,230,0
2017-01-19,20:55:00,35.9658,35.9658,35.9658,35.9658,1000,0
2017-01-19,21:55:00,35.84,35.84,35.84,35.84,100,0
2017-01-19,22:00:00,35.85,35.85,35.85,35.85,100,0
2017-01-20,16:25:00,36.03,36.03,36.03,36.03,400,0
2017-01-20,16:50:00,36.045,36.045,36.045,36.045,300,0
2017-01-20,18:45:00,36.02,36.02,36.02,36.02,100,0
2017-01-20,19:50:00,36.03,36.0475,36.03,36.03,1800,0
2017-01-20,22:00:00,36.01,36.01,36.01,36.01,100,0
2017-01-23,17:00:00,36.519,36.519,36.519,36.519,200,0
2017-01-23,17:05:00,36.25,36.25,36.25,36.25,200,0
2017-01-23,19:45:00,36.22,36.22,36.22,36.22,400,0
2017-01-23,19:55:00,36.24,36.24,36.24,36.24,100,0
2017-01-23,20:00:00,36.27,36.27,36.27,36.27,200,0
2017-01-23,20:15:00,36.33,36.33,36.33,36.33,100,0
2017-01-23,20:25:00,36.34,36.35,36.34,36.35,475,0
2017-01-23,21:05:00,36.48,36.48,36.48,36.48,100,0
2017-01-23,21:45:00,36.35,36.3664,36.34,36.3664,1000,0
2017-01-23,21:50:00,36.36,36.36,36.36,36.36,100,0
2017-01-23,22:00:00,36.52,36.52,36.52,36.52,100,0
2017-01-24,21:05:00,36.22,36.22,36.22,36.22,500,0
2017-01-24,21:30:00,36.22,36.22,36.22,36.22,200,0
2017-01-25,18:45:00,36.12,36.12,36.12,36.12,100,0
2017-01-27,16:20:00,36.26,36.26,36.2061,36.2061,200,0
2017-01-27,19:20:00,35.86,35.91,35.86,35.91,500,0
2017-01-27,21:00:00,36.0299,36.03,36.01,36.03,1990,0
2017-01-27,21:35:00,36.03,36.03,36.03,36.03,100,0
2017-01-27,22:00:00,36.01,36.03,36.01,36.03,200,0
2017-01-30,17:10:00,35.8674,35.8674,35.8674,35.8674,500,0
2017-01-30,17:35:00,35.96,35.96,35.96,35.96,200,0
2017-01-30,18:15:00,36,36,36,36,500,0
2017-01-30,19:10:00,35.82,35.8715,35.82,35.8715,200,0
2017-01-30,19:20:00,35.8,35.8,35.8,35.8,150,0
2017-01-30,19:30:00,35.8,35.8,35.8,35.8,100,0
2017-01-30,21:40:00,35.8,35.8,35.8,35.8,200,0
2017-01-30,21:45:00,36.02,36.02,36.0199,36.02,1700,0
2017-02-01,17:15:00,36.2323,36.26,36.2323,36.26,662,0
2017-02-01,17:50:00,36.12,36.12,36.119,36.12,1400,0
2017-02-01,17:55:00,36.13,36.13,35.85,35.85,2125,0
2017-02-01,20:15:00,35.8001,35.8001,35.8001,35.8001,400,0
2017-02-01,21:35:00,35.94,35.9499,35.9042,35.9141,974,0
2017-02-01,21:50:00,35.875,35.9499,35.875,35.9499,413,0
2017-02-02,18:30:00,35.94,35.94,35.82,35.87,300,0
2017-02-02,20:00:00,36.179,36.18,36.1441,36.1441,500,0
2017-02-03,15:40:00,36.15,36.17,36.14,36.14,600,0
2017-02-03,15:45:00,36.15,36.15,36.15,36.15,120,0
2017-02-06,15:35:00,36.03,36.1461,35.99,35.99,500,0
2017-02-06,16:20:00,35.99,36,35.99,36,250,0
2017-02-06,16:30:00,36,36,36,36,304,0
2017-02-06,17:20:00,36,36,36,36,100,0
2017-02-06,20:10:00,36,36,36,36,200,0
2017-02-07,16:15:00,36,36,35.95,35.95,925,0
2017-02-07,19:30:00,35.99,35.99,35.98,35.98,675,0
2017-02-07,19:40:00,35.97,35.97,35.97,35.97,100,0
2017-02-08,17:50:00,35.99,35.99,35.99,35.99,400,0
2017-02-08,18:05:00,36.145,36.299,36.145,36.299,600,0
2017-02-09,20:20:00,36.4164,36.4164,36.4164,36.4164,125,0
2017-02-10,17:20:00,36.5899,36.5899,36.5899,36.5899,300,0
2017-02-10,18:30:00,36.4695,36.4695,36.4695,36.4695,300,0
2017-02-10,20:00:00,36.5602,36.5602,36.5602,36.5602,150,0
2017-02-10,20:45:00,36.5989,36.5989,36.5989,36.5989,221,0
2017-02-10,20:50:00,36.65,36.65,36.65,36.65,250,0
2017-02-10,21:45:00,36.65,36.65,36.65,36.65,100,0
2017-02-13,20:05:00,36.59,36.59,36.59,36.59,400,0
2017-02-14,15:35:00,36.26,36.26,36.26,36.26,800,0
2017-02-14,19:25:00,36.5453,36.5453,36.5453,36.5453,100,0
2017-02-14,22:00:00,36.3,36.3,36.3,36.3,160,0
2017-02-15,18:30:00,36.2231,36.2231,36.2231,36.2231,120,0
2017-02-15,20:50:00,36.42,36.56,36.42,36.56,1108,0
2017-02-16,17:50:00,36.5,36.5,36.5,36.5,200,0
2017-02-16,18:25:00,36.5,36.5,36.5,36.5,100,0
2017-02-17,18:45:00,36.6099,36.6099,36.6099,36.6099,800,0
2017-02-21,20:25:00,36.7,36.7,36.7,36.7,850,0
2017-02-21,21:15:00,36.78,36.9367,36.78,36.9367,700,0
2017-02-21,21:20:00,36.77,36.77,36.77,36.77,130,0
2017-02-22,15:35:00,36.91,36.91,36.91,36.91,400,0
2017-02-22,16:45:00,36.91,36.91,36.91,36.91,600,0
2017-02-22,17:25:00,36.91,36.91,36.91,36.91,2000,0
2017-02-22,19:00:00,36.91,36.9106,36.91,36.9106,1000,0
2017-02-22,20:15:00,36.91,36.9992,36.91,36.9992,600,0
2017-02-22,21:25:00,36.91,36.91,36.91,36.91,618,0
2017-02-22,21:35:00,36.91,36.91,36.91,36.91,250,0
2017-02-23,16:05:00,37.01,37.0828,37.01,37.01,1900,0
2017-02-23,16:10:00,37.01,37.01,37.01,37.01,100,0
2017-02-23,17:10:00,36.83,36.8307,36.83,36.8307,900,0
2017-02-23,18:00:00,36.83,36.83,36.83,36.83,500,0
2017-02-24,16:30:00,36.94,36.9605,36.94,36.9605,2100,0
2017-02-24,17:45:00,37.17,37.17,37.17,37.17,100,0
2017-02-24,18:30:00,37.03,37.03,37.03,37.03,100,0
2017-02-24,18:45:00,37.03,37.03,36.93,36.94,13100,0
2017-02-24,18:55:00,36.94,36.94,36.94,36.94,800,0
2017-02-24,19:10:00,36.95,36.95,36.94,36.95,6300,0
2017-02-24,19:25:00,36.98,36.98,36.98,36.98,15000,0
2017-02-24,19:30:00,36.96,36.96,36.96,36.96,20000,0
2017-02-24,19:35:00,36.96,36.96,36.96,36.96,20000,0
2017-02-24,21:10:00,36.97,36.97,36.97,36.97,20000,0
2017-02-24,21:35:00,36.97,36.97,36.97,36.97,10000,0
2017-02-24,21:40:00,36.97,36.97,36.97,36.97,10000,0
2017-02-24,21:45:00,36.94,36.94,36.94,36.94,1100,0
2017-02-24,21:50:00,36.95,36.95,36.94,36.95,11600,0
2017-02-24,21:55:00,36.95,36.97,36.95,36.95,13983,0
2017-02-27,16:20:00,36.94,36.95,36.94,36.94,2400,0
2017-02-27,16:55:00,37.03,37.0308,37.03,37.0308,1800,0
2017-02-27,17:20:00,37.06,37.06,37.06,37.06,100,0
2017-02-27,17:45:00,37.05,37.05,37.05,37.05,100,0
2017-02-28,15:35:00,37.03,37.03,37.03,37.03,500,0
2017-02-28,15:50:00,37.05,37.05,37.05,37.05,500,0
2017-02-28,16:05:00,37.2,37.2,37.2,37.2,230,0
2017-02-28,16:35:00,37.125,37.125,37.125,37.125,130,0
2017-02-28,16:50:00,37.49,37.49,37.49,37.49,100,0
2017-02-28,18:10:00,37.1,37.1,37.1,37.1,400,0
2017-02-28,18:30:00,37.1,37.1,37.1,37.1,1550,0
2017-02-28,21:25:00,37.15,37.15,37.15,37.15,400,0
2017-03-01,15:45:00,36.85,36.85,36.85,36.85,250,0
2017-03-01,15:55:00,36.72,36.72,36.72,36.72,600,0
2017-03-01,17:20:00,36.75,36.75,36.4,36.4,500,0
2017-03-01,18:00:00,36.68,36.765,36.68,36.765,1100,0
2017-03-01,19:50:00,36.77,36.7715,36.75,36.7715,1800,0
2017-03-01,19:55:00,36.77,36.8971,36.77,36.801,1500,0
2017-03-01,21:15:00,36.8,36.8,36.8,36.8,170,0
2017-03-02,16:30:00,37.1,37.1,37.0159,37.016,1000,0
2017-03-02,16:40:00,36.95,36.95,36.95,36.95,500,0
2017-03-02,18:35:00,36.84,36.9075,36.84,36.9075,600,0
2017-03-02,20:05:00,36.84,36.84,36.84,36.84,500,0
2017-03-02,20:20:00,36.91,36.91,36.91,36.91,100,0
2017-03-02,21:00:00,37.07,37.07,36.97,36.97,1100,0
2017-03-02,21:05:00,36.96,36.96,36.96,36.96,100,0
2017-03-02,21:25:00,37.0899,37.0899,37.0899,37.0899,1000,0
2017-03-02,21:30:00,36.96,36.96,36.96,36.96,500,0
2017-03-02,22:00:00,37,37,37,37,100,0
2017-03-03,15:55:00,36.94,36.94,36.94,36.94,100,0
2017-03-03,17:40:00,36.4,36.4,36.4,36.4,325,0
2017-03-03,17:50:00,36.5,36.5,36.5,36.5,100,0
2017-03-03,17:55:00,36.5,36.5,36.5,36.5,100,0
2017-03-03,18:15:00,36.5028,36.5028,36.5028,36.5028,150,0
2017-03-06,18:15:00,36.5302,36.5302,36.5302,36.5302,100,0
2017-03-06,18:55:00,36.65,36.65,36.65,36.65,808,0
2017-03-06,19:40:00,36.4,36.4,36.4,36.4,100,0
2017-03-06,21:20:00,36.5,36.5,36.5,36.5,324,0
2017-03-08,15:40:00,36.3767,36.3767,36.3767,36.3767,408,0
2017-03-08,16:50:00,36.25,36.25,36.25,36.25,380,0
2017-03-08,17:25:00,36.1,36.1,36.1,36.1,100,0
2017-03-08,17:30:00,36.1,36.1,36.1,36.1,100,0
2017-03-08,17:35:00,36.1,36.11,36.1,36.11,700,0
2017-03-08,17:40:00,36.1,36.1,36.1,36.1,800,0
2017-03-08,17:55:00,36.11,36.1642,36.11,36.1642,900,0
2017-03-08,18:30:00,36.33,36.33,36.33,36.33,500,0
2017-03-08,18:35:00,36.11,36.11,36.11,36.11,100,0
2017-03-08,18:40:00,36.11,36.11,36.11,36.11,1100,0
2017-03-08,19:05:00,36.1,36.1,36.1,36.1,3500,0
2017-03-08,19:50:00,36.1,36.142,35.99,36,3200,0
2017-03-08,20:50:00,36,36,36,36,10000,0
2017-03-08,21:55:00,36,36,35.9462,35.9462,1134,0
2017-03-09,19:35:00,35.85,35.85,35.85,35.85,280,0
2017-03-10,15:40:00,35.8131,35.8131,35.8131,35.8131,160,0
2017-03-10,20:00:00,35.25,35.5474,35.25,35.5474,900,0
2017-03-13,15:35:00,35.8771,35.8771,35.8771,35.8771,100,0
2017-03-13,15:50:00,35.8172,35.8172,35.8172,35.8172,200,0
2017-03-13,18:35:00,35.6856,35.6856,35.6856,35.6856,500,0
2017-03-14,17:55:00,35.6263,35.6263,35.6263,35.6263,125,0
2017-03-14,18:00:00,35.589,35.5945,35.5,35.5945,1540,0
2017-03-14,18:05:00,35.55,35.55,35.55,35.55,200,0
2017-03-15,16:05:00,35.67,35.67,35.67,35.67,200,0
2017-03-16,17:50:00,35.8232,35.8232,35.8232,35.8232,190,0
2017-03-16,19:45:00,35.84,35.84,35.75,35.75,1400,0
2017-03-16,19:50:00,35.8201,35.8201,35.8201,35.8201,490,0
2017-03-17,14:45:00,35.9757,35.9757,35.82,35.82,450,0
2017-03-17,15:50:00,35.85,35.8513,35.85,35.8513,800,0
2017-03-17,16:45:00,35.98,35.98,35.98,35.98,200,0
2017-03-17,16:50:00,36.1884,36.1884,36.1884,36.1884,353,0
2017-03-17,20:00:00,36.2595,36.2595,36.2595,36.2595,300,0
2017-03-17,20:20:00,36.0183,36.0183,36.0183,36.0183,400,0
2017-03-20,16:10:00,36.2993,36.2993,36.2993,36.2993,413,0
2017-03-20,17:45:00,35.9601,35.9601,35.9601,35.9601,490,0
2017-03-20,20:05:00,36.23,36.23,36.194,36.194,200,0
2017-03-20,20:30:00,36.24,36.24,36.24,36.24,120,0
2017-03-20,20:55:00,36.0022,36.0022,36.0022,36.0022,500,0
2017-03-22,14:35:00,36.02,36.02,36.02,36.02,925,0
2017-03-22,15:15:00,36,36,36,36,500,0
2017-03-22,15:20:00,35.95,35.95,35.95,35.95,100,0
2017-03-23,15:00:00,36.2206,36.2206,36.2206,36.2206,187,0
2017-03-23,16:40:00,36.161,36.3032,36.161,36.3032,300,0
2017-03-24,14:55:00,36.43,36.43,36.43,36.43,940,0
2017-03-24,15:10:00,36.2729,36.2729,36.2729,36.2729,2000,0
2017-03-24,16:45:00,36.1852,36.1852,36.1852,36.1852,100,0
2017-03-24,20:45:00,36.8718,36.8718,36.56,36.56,972,0
2017-03-24,20:55:00,36.2,36.2,36.2,36.2,100,0
2017-03-27,16:40:00,36.0622,36.0622,36.0622,36.0622,145,0
2017-03-27,17:35:00,36.06,36.06,36.06,36.06,1408,0
2017-03-27,18:05:00,35.98,35.98,35.98,35.98,100,0
2017-03-27,18:50:00,35.95,35.96,35.95,35.96,300,0
2017-03-28,19:10:00,36.0692,36.0692,36.0692,36.0692,107,0
2017-03-28,19:15:00,36.19,36.2,36.19,36.2,1500,0
2017-03-28,19:25:00,36.21,36.21,36.21,36.21,6300,0
2017-03-28,20:30:00,36.19,36.19,36.1636,36.1636,200,0
2017-03-28,21:30:00,35.99,35.99,35.99,35.99,100,0
2017-03-28,21:35:00,36.2336,36.2336,36.2336,36.2336,103,0
2017-03-28,22:00:00,35.97,35.97,35.97,35.97,100,0
2017-03-30,16:00:00,35.52,35.52,35.52,35.52,300,0
2017-03-30,17:45:00,35.87,35.87,35.87,35.87,5400,0
2017-03-30,20:20:00,35.865,35.87,35.865,35.87,1000,0
2017-03-30,20:40:00,35.69,35.69,35.62,35.65,2100,0
2017-03-30,20:45:00,35.64,35.64,35.53,35.64,4600,0
2017-03-30,20:50:00,35.64,35.65,35.64,35.65,2900,0
2017-03-30,20:55:00,35.65,35.65,35.65,35.65,500,0
2017-03-30,21:10:00,35.81,35.82,35.755,35.82,3300,0
2017-03-30,21:15:00,35.82,35.82,35.82,35.82,4000,0
2017-03-30,21:20:00,35.82,35.82,35.82,35.82,1200,0
2017-03-30,21:25:00,35.82,35.82,35.73,35.73,1912,0
2017-03-30,21:35:00,35.82,35.9487,35.82,35.9487,200,0
2017-03-30,21:40:00,35.82,35.82,35.7,35.7,1050,0
2017-03-30,21:45:00,35.7,35.7,35.7,35.7,600,0
2017-03-30,21:50:00,35.7,35.7,35.7,35.7,600,0
2017-03-30,21:55:00,35.7,35.71,35.7,35.7,600,0
2017-03-30,22:00:00,35.82,35.82,35.82,35.82,400,0
2017-03-31,15:45:00,35.85,35.89,35.85,35.85,1100,0
2017-03-31,15:55:00,35.85,35.85,35.85,35.85,2900,0
2017-03-31,16:25:00,35.8,35.8,35.29,35.77,800,0
2017-03-31,16:55:00,35.86,35.86,35.85,35.85,2600,0
2017-03-31,17:00:00,35.85,35.85,35.85,35.85,1000,0
2017-03-31,18:15:00,35.85,35.85,35.85,35.85,934,0
2017-03-31,18:30:00,35.84,35.87,35.84,35.87,1400,0
2017-03-31,18:35:00,36.1376,36.1376,36.1376,36.1376,100,0
2017-03-31,20:25:00,35.9,35.9,35.9,35.9,1000,0
2017-03-31,20:35:00,35.9,35.9,35.9,35.9,2400,0
2017-03-31,20:40:00,35.9,35.9,35.9,35.9,100,0
2017-03-31,20:45:00,35.9,35.9,35.9,35.9,775,0
2017-03-31,20:55:00,35.899,35.8999,35.7752,35.8999,526,0
2017-03-31,21:25:00,35.8,35.84,35.79,35.79,600,0
2017-03-31,21:30:00,35.79,35.79,35.79,35.79,200,0
2017-03-31,21:35:00,35.81,35.81,35.81,35.81,100,0
2017-03-31,21:40:00,35.8,35.8,35.8,35.8,400,0
2017-03-31,21:45:00,35.8,35.8,35.8,35.8,300,0
2017-03-31,21:50:00,35.82,35.82,35.81,35.81,200,0
2017-03-31,21:55:00,35.81,35.81,35.8,35.8,600,0
2017-03-31,22:00:00,35.75,35.82,35.75,35.79,930,0
2017-04-03,15:35:00,35.43,35.73,35.43,35.73,1360,0
2017-04-03,16:20:00,35.69,35.69,35.69,35.69,400,0
2017-04-03,18:00:00,36.119,36.12,36.119,36.12,400,0
2017-04-03,18:05:00,36.0116,36.0116,36.0116,36.0116,200,0
2017-04-03,20:55:00,35.94,35.94,35.94,35.94,200,0
2017-04-04,15:35:00,35.57,35.57,35.57,35.57,250,0
2017-04-04,15:45:00,35.82,35.82,35.82,35.82,100,0
2017-04-04,16:10:00,35.92,35.92,35.92,35.92,100,0
2017-04-04,17:40:00,35.77,35.77,35.77,35.77,3900,0
2017-04-04,17:45:00,35.77,35.77,35.76,35.76,4300,0
2017-04-04,17:50:00,35.76,35.76,35.75,35.76,2400,0
2017-04-04,20:10:00,35.76,35.76,35.75,35.75,200,0
2017-04-04,20:15:00,35.75,35.75,35.75,35.75,100,0
2017-04-04,20:30:00,35.75,35.77,35.75,35.76,800,0
2017-04-04,20:45:00,35.75,35.75,35.75,35.75,1900,0
2017-04-04,20:50:00,35.77,35.77,35.77,35.77,3300,0
2017-04-04,21:00:00,35.76,35.76,35.76,35.76,300,0
2017-04-06,19:40:00,35.85,35.85,35.85,35.85,300,0
2017-04-06,20:45:00,36.4199,36.4199,36.4199,36.4199,750,0
2017-04-07,15:45:00,36,36,36,36,1360,0
2017-04-07,17:30:00,36.49,36.49,36.3371,36.3371,200,0
2017-04-07,21:55:00,36.05,36.05,36,36,300,0
2017-04-11,15:50:00,36.2,36.2,36.2,36.2,100,0
2017-04-11,17:40:00,36.4468,36.4468,36.4468,36.4468,250,0
2017-04-11,18:10:00,36.7542,36.7542,36.7542,36.7542,100,0
2017-04-13,18:15:00,36.73,36.76,36.73,36.76,13831,0
2017-04-17,15:35:00,36.49,36.75,36.49,36.75,1100,0
2017-04-17,15:45:00,36.79,36.79,36.79,36.79,200,0
2017-04-17,16:30:00,36.49,36.52,36.49,36.52,200,0
2017-04-17,19:30:00,36.54,36.54,36.54,36.54,257,0
2017-04-17,22:00:00,36.56,36.56,36.56,36.56,300,0
2017-04-18,15:35:00,36.4,36.4,36.4,36.4,200,0
2017-04-18,15:55:00,36.75,36.75,36.75,36.75,100,0
2017-04-20,17:00:00,36.46,36.5423,36.45,36.5422,800,0
2017-04-20,18:50:00,36.7725,36.7725,36.7725,36.7725,100,0
2017-04-20,19:35:00,36.92,36.92,36.92,36.92,161,0
2017-04-20,19:40:00,36.95,36.95,36.94,36.94,200,0
2017-04-20,20:35:00,36.7025,36.7025,36.7025,36.7025,100,0
2017-04-20,21:05:00,36.6785,36.6785,36.6785,36.6785,100,0
2017-04-21,21:15:00,36.6438,36.6438,36.6438,36.6438,184,0
2017-04-21,21:55:00,36.6421,36.6421,36.6421,36.6421,170,0
2017-04-24,18:15:00,36.18,36.18,36.18,36.18,550,0
2017-04-24,22:00:00,36.21,36.21,36.21,36.21,100,0
2017-04-25,16:05:00,36.2344,36.2344,36.1801,36.1801,320,0
2017-04-25,21:15:00,36.25,36.25,36.25,36.25,2400,0
2017-04-26,15:35:00,36.18,36.18,36.18,36.18,600,0
2017-04-26,15:50:00,36.25,36.25,36.25,36.25,100,0
2017-04-26,16:45:00,36.2,36.3,36.2,36.3,200,0
2017-04-26,17:40:00,36.65,36.65,36.65,36.65,5100,0
2017-04-26,20:05:00,36.47,36.5,36.45,36.49,7000,0
