Date,Time,Open,High,Low,Close,Volume,OpenInt
2017-04-10,15:35:00,31.66,31.66,31.59,31.59,2107,0
2017-04-10,15:40:00,31.6126,31.66,31.6126,31.62,1234,0
2017-04-10,15:45:00,31.62,31.64,31.62,31.64,693,0
2017-04-10,15:50:00,31.62,31.65,31.62,31.65,2903,0
2017-04-10,15:55:00,31.67,31.72,31.67,31.72,1883,0
2017-04-10,16:00:00,31.73,31.75,31.72,31.72,2315,0
2017-04-10,16:05:00,31.73,31.77,31.7296,31.7604,3830,0
2017-04-10,16:10:00,31.76,31.84,31.76,31.81,2325,0
2017-04-10,16:15:00,31.8,31.83,31.79,31.83,600,0
2017-04-10,16:20:00,31.85,31.85,31.81,31.81,1218,0
2017-04-10,16:25:00,31.82,31.8338,31.79,31.8338,2614,0
2017-04-10,16:30:00,31.84,31.84,31.81,31.81,900,0
2017-04-10,16:35:00,31.82,31.865,31.82,31.8613,2586,0
2017-04-10,16:40:00,31.85,31.86,31.82,31.82,1500,0
2017-04-10,16:45:00,31.81,31.815,31.795,31.81,1200,0
2017-04-10,16:50:00,31.81,31.82,31.81,31.82,900,0
2017-04-10,16:55:00,31.81,31.83,31.81,31.82,1400,0
2017-04-10,17:00:00,31.83,31.84,31.825,31.83,2990,0
2017-04-10,17:05:00,31.83,31.83,31.81,31.82,2543,0
2017-04-10,17:10:00,31.82,31.86,31.82,31.86,2044,0
2017-04-10,17:15:00,31.87,31.9,31.87,31.885,41315,0
2017-04-10,17:20:00,31.9,31.94,31.88,31.9,47499,0
2017-04-10,17:25:00,31.89,31.9101,31.89,31.9101,3000,0
2017-04-10,17:30:00,31.91,31.91,31.91,31.91,500,0
2017-04-10,17:35:00,31.89,31.89,31.85,31.86,4910,0
2017-04-10,17:40:00,31.86,31.87,31.85,31.85,1100,0
2017-04-10,17:45:00,31.84,31.84,31.82,31.84,1303,0
2017-04-10,17:50:00,31.85,31.85,31.84,31.85,300,0
2017-04-10,17:55:00,31.84,31.86,31.84,31.86,1117,0
2017-04-10,18:00:00,31.86,31.87,31.86,31.86,1406,0
2017-04-10,18:05:00,31.875,31.895,31.875,31.89,801,0
2017-04-10,18:10:00,31.88,31.88,31.86,31.86,1819,0
2017-04-10,18:15:00,31.85,31.85,31.83,31.845,2252,0
2017-04-10,18:20:00,31.84,31.84,31.83,31.83,1740,0
2017-04-10,18:25:00,31.84,31.84,31.83,31.83,996,0
2017-04-10,18:30:00,31.84,31.85,31.84,31.85,1440,0
2017-04-10,18:35:00,31.85,31.85,31.81,31.81,2057,0
2017-04-10,18:40:00,31.81,31.81,31.81,31.81,1204,0
2017-04-10,18:45:00,31.82,31.83,31.82,31.83,2465,0
2017-04-10,18:50:00,31.84,31.85,31.83,31.85,2784,0
2017-04-10,18:55:00,31.86,31.89,31.86,31.87,3701,0
2017-04-10,19:00:00,31.87,31.9,31.87,31.9,1350,0
2017-04-10,19:05:00,31.89,31.89,31.89,31.89,1550,0
2017-04-10,19:10:00,31.9,31.9,31.89,31.9,1757,0
2017-04-10,19:15:00,31.9,31.92,31.9,31.92,3100,0
2017-04-10,19:20:00,31.92,31.93,31.92,31.93,2350,0
2017-04-10,19:25:00,31.93,31.95,31.93,31.95,2861,0
2017-04-10,19:30:00,31.96,31.96,31.95,31.96,3107,0
2017-04-10,19:35:00,31.96,31.98,31.96,31.98,4336,0
2017-04-10,19:40:00,31.985,32.02,31.985,32.02,7677,0
2017-04-10,19:45:00,32.01,32.02,31.998,32,3178,0
2017-04-10,19:50:00,32,32,32,32,1300,0
2017-04-10,19:55:00,31.99,32.01,31.99,32,2468,0
2017-04-10,20:00:00,32,32,32,32,2400,0
2017-04-10,20:05:00,32,32,31.96,31.96,4178,0
2017-04-10,20:10:00,31.96,31.96,31.9535,31.9537,510,0
2017-04-10,20:15:00,31.95,31.96,31.94,31.96,2406,0
2017-04-10,20:20:00,31.96,31.97,31.96,31.97,1114,0
2017-04-10,20:25:00,31.98,31.98,31.96,31.96,2400,0
2017-04-10,20:30:00,31.97,31.97,31.95,31.95,2300,0
2017-04-10,20:35:00,31.95,31.97,31.95,31.97,1400,0
2017-04-10,20:40:00,31.96,31.97,31.96,31.97,1200,0
2017-04-10,20:45:00,31.96,31.99,31.96,31.99,2400,0
2017-04-10,20:50:00,32,32.03,32,32.03,2524,0
2017-04-10,20:55:00,32.03,32.04,32.03,32.04,2378,0
2017-04-10,21:00:00,32.0463,32.05,32.04,32.04,2996,0
2017-04-10,21:05:00,32.05,32.05,32.04,32.05,2270,0
2017-04-10,21:10:00,32.0458,32.08,32.0458,32.08,6924,0
2017-04-10,21:15:00,32.07,32.08,32.05,32.055,5018,0
2017-04-10,21:20:00,32.05,32.06,32.02,32.025,4200,0
2017-04-10,21:25:00,32.02,32.02,31.95,31.98,6256,0
2017-04-10,21:30:00,31.99,31.99,31.96,31.96,3514,0
2017-04-10,21:35:00,31.97,31.97,31.935,31.9459,4638,0
2017-04-10,21:40:00,31.95,32,31.94,32,8885,0
2017-04-10,21:45:00,32.005,32.01,32,32.005,10341,0
2017-04-10,21:50:00,32.01,32.02,31.99,32.01,14348,0
2017-04-10,21:55:00,32.02,32.03,32.01,32.03,11309,0
2017-04-10,22:00:00,32.03,32.05,32.02,32.02,81465,0
2017-04-11,15:35:00,32.06,32.06,31.9927,31.9927,1712,0
2017-04-11,15:40:00,31.98,32.02,31.98,32.02,983,0
2017-04-11,15:45:00,31.99,31.99,31.9,31.9,5440,0
2017-04-11,15:50:00,31.9,31.95,31.89,31.94,11140,0
2017-04-11,15:55:00,31.93,32.03,31.93,32.03,2000,0
2017-04-11,16:00:00,32.01,32.04,32.01,32.04,1100,0
2017-04-11,16:05:00,32.07,32.07,32.02,32.02,900,0
2017-04-11,16:10:00,32.03,32.11,32.025,32.09,3733,0
2017-04-11,16:15:00,32.1,32.1,32.04,32.08,1491,0
2017-04-11,16:20:00,32.09,32.115,32.08,32.09,1400,0
2017-04-11,16:25:00,32.1,32.13,32.1,32.13,1800,0
2017-04-11,16:30:00,32.12,32.12,32.09,32.1,3133,0
2017-04-11,16:35:00,32.11,32.11,32.01,32.02,1918,0
2017-04-11,16:40:00,32.03,32.06,32.03,32.055,1400,0
2017-04-11,16:45:00,32.05,32.05,32.03,32.04,2663,0
2017-04-11,16:50:00,32.04,32.06,32.04,32.055,2315,0
2017-04-11,16:55:00,32.06,32.09,32.05,32.07,2846,0
2017-04-11,17:00:00,32.075,32.08,32.045,32.08,2714,0
2017-04-11,17:05:00,32.08,32.09,32.06,32.085,4888,0
2017-04-11,17:10:00,32.085,32.11,32.085,32.105,1001,0
2017-04-11,17:15:00,32.105,32.105,32.08,32.095,2679,0
2017-04-11,17:20:00,32.09,32.11,32.085,32.105,3300,0
2017-04-11,17:25:00,32.105,32.115,32.105,32.105,1300,0
2017-04-11,17:30:00,32.1,32.11,32.09,32.1,6246,0
2017-04-11,17:35:00,32.1,32.1,32.09,32.095,1300,0
2017-04-11,17:40:00,32.095,32.135,32.095,32.125,2700,0
2017-04-11,17:45:00,32.125,32.13,32.12,32.125,1145,0
2017-04-11,17:50:00,32.13,32.14,32.125,32.135,1806,0
2017-04-11,18:00:00,32.14,32.14,32.125,32.125,2190,0
2017-04-11,18:05:00,32.12,32.12,32.12,32.12,1175,0
2017-04-11,18:10:00,32.115,32.12,32.115,32.12,1617,0
2017-04-11,18:15:00,32.125,32.13,32.125,32.13,1364,0
2017-04-11,18:20:00,32.12,32.14,32.12,32.1399,1100,0
2017-04-11,18:25:00,32.14,32.14,32.13,32.13,300,0
2017-04-11,18:30:00,32.13,32.15,32.13,32.15,1398,0
2017-04-11,18:35:00,32.16,32.16,32.155,32.155,1035,0
2017-04-11,18:40:00,32.16,32.17,32.16,32.165,400,0
2017-04-11,18:45:00,32.17,32.17,32.14,32.14,2895,0
2017-04-11,18:50:00,32.15,32.16,32.15,32.16,400,0
2017-04-11,18:55:00,32.155,32.165,32.15,32.165,820,0
2017-04-11,19:00:00,32.17,32.17,32.165,32.17,900,0
2017-04-11,19:05:00,32.16,32.175,32.16,32.17,3903,0
2017-04-11,19:10:00,32.17,32.18,32.17,32.18,725,0
2017-04-11,19:15:00,32.17,32.2,32.17,32.19,2423,0
2017-04-11,19:20:00,32.2,32.22,32.2,32.22,900,0
2017-04-11,19:25:00,32.23,32.23,32.22,32.22,1243,0
2017-04-11,19:30:00,32.22,32.22,32.22,32.22,800,0
2017-04-11,19:35:00,32.225,32.24,32.225,32.24,500,0
2017-04-11,19:40:00,32.24,32.26,32.24,32.26,3007,0
2017-04-11,19:45:00,32.255,32.255,32.21,32.23,3950,0
2017-04-11,19:50:00,32.23,32.23,32.22,32.22,600,0
2017-04-11,19:55:00,32.215,32.22,32.215,32.22,300,0
2017-04-11,20:00:00,32.22,32.22,32.21,32.21,800,0
2017-04-11,20:05:00,32.22,32.23,32.22,32.225,3555,0
2017-04-11,20:10:00,32.23,32.235,32.23,32.235,937,0
2017-04-11,20:15:00,32.24,32.24,32.23,32.2399,1634,0
2017-04-11,20:20:00,32.23,32.24,32.23,32.235,900,0
2017-04-11,20:25:00,32.24,32.24,32.23,32.235,1400,0
2017-04-11,20:30:00,32.23,32.24,32.23,32.23,2750,0
2017-04-11,20:35:00,32.23,32.23,32.17,32.18,5157,0
2017-04-11,20:40:00,32.18,32.18,32.17,32.17,5919,0
2017-04-11,20:45:00,32.18,32.2,32.18,32.2,2152,0
2017-04-11,20:50:00,32.2,32.205,32.2,32.205,486,0
2017-04-11,20:55:00,32.205,32.23,32.2,32.23,3700,0
2017-04-11,21:00:00,32.24,32.24,32.195,32.2,4446,0
2017-04-11,21:05:00,32.19,32.2,32.19,32.195,1200,0
2017-04-11,21:10:00,32.19,32.2,32.17,32.195,3969,0
2017-04-11,21:15:00,32.195,32.22,32.195,32.22,4202,0
2017-04-11,21:20:00,32.22,32.23,32.195,32.205,5607,0
2017-04-11,21:25:00,32.2,32.205,32.2,32.205,900,0
2017-04-11,21:30:00,32.2,32.22,32.2,32.215,4898,0
2017-04-11,21:35:00,32.21,32.22,32.21,32.215,5946,0
2017-04-11,21:40:00,32.21,32.22,32.21,32.21,3100,0
2017-04-11,21:45:00,32.22,32.25,32.215,32.24,16827,0
2017-04-11,21:50:00,32.24,32.25,32.22,32.25,20660,0
2017-04-11,21:55:00,32.25,32.29,32.24,32.29,18491,0
2017-04-11,22:00:00,32.29,32.29,32.26,32.28,82886,0
2017-04-12,15:35:00,32.31,32.31,32.215,32.22,3048,0
2017-04-12,15:40:00,32.19,32.205,32.18,32.2,2300,0
2017-04-12,15:45:00,32.21,32.28,32.21,32.28,3231,0
2017-04-12,15:50:00,32.285,32.34,32.27,32.33,2894,0
2017-04-12,15:55:00,32.31,32.38,32.3,32.37,3300,0
2017-04-12,16:00:00,32.39,32.41,32.36,32.41,2601,0
2017-04-12,16:05:00,32.42,32.42,32.375,32.375,1100,0
2017-04-12,16:10:00,32.38,32.4227,32.38,32.4,1928,0
2017-04-12,16:15:00,32.38,32.4,32.36,32.39,1500,0
2017-04-12,16:20:00,32.39,32.45,32.39,32.42,2050,0
2017-04-12,16:25:00,32.42,32.43,32.39,32.4,1545,0
2017-04-12,16:30:00,32.395,32.43,32.381,32.42,31800,0
2017-04-12,16:35:00,32.405,32.44,32.37,32.38,2512,0
2017-04-12,16:40:00,32.3735,32.3735,32.335,32.35,1667,0
2017-04-12,16:45:00,32.34,32.34,32.3,32.3197,3063,0
2017-04-12,16:50:00,32.313,32.33,32.28,32.32,8287,0
2017-04-12,16:55:00,32.32,32.32,32.31,32.31,1098,0
2017-04-12,17:00:00,32.3,32.32,32.3,32.32,500,0
2017-04-12,17:05:00,32.32,32.32,32.31,32.32,1100,0
2017-04-12,17:10:00,32.31,32.34,32.31,32.34,5281,0
2017-04-12,17:15:00,32.33,32.34,32.3,32.3,3900,0
2017-04-12,17:20:00,32.3,32.3,32.27,32.27,3507,0
2017-04-12,17:25:00,32.275,32.29,32.27,32.28,9004,0
2017-04-12,17:30:00,32.28,32.29,32.28,32.28,6832,0
2017-04-12,17:35:00,32.28,32.28,32.28,32.28,400,0
2017-04-12,17:40:00,32.28,32.305,32.28,32.3,6806,0
2017-04-12,17:45:00,32.3,32.31,32.3,32.31,4317,0
2017-04-12,17:50:00,32.31,32.31,32.3,32.305,5504,0
2017-04-12,17:55:00,32.3,32.31,32.3,32.3,4759,0
2017-04-12,18:00:00,32.3,32.31,32.3,32.305,2450,0
2017-04-12,18:05:00,32.305,32.31,32.3,32.31,4500,0
2017-04-12,18:10:00,32.3,32.3,32.26,32.26,700,0
2017-04-12,18:15:00,32.25,32.27,32.25,32.27,2665,0
2017-04-12,18:20:00,32.2689,32.2689,32.24,32.26,19081,0
2017-04-12,18:25:00,32.26,32.26,32.19,32.2,8330,0
2017-04-12,18:30:00,32.2,32.2,32.195,32.2,3600,0
2017-04-12,18:35:00,32.2,32.2,32.2,32.2,2503,0
2017-04-12,18:40:00,32.2,32.205,32.2,32.2,700,0
2017-04-12,18:45:00,32.2,32.21,32.2,32.2,2300,0
2017-04-12,18:50:00,32.2,32.22,32.2,32.22,895,0
2017-04-12,18:55:00,32.22,32.22,32.2,32.2,801,0
2017-04-12,19:00:00,32.2,32.2,32.2,32.2,100,0
2017-04-12,19:05:00,32.2,32.22,32.2,32.22,1673,0
2017-04-12,19:10:00,32.23,32.24,32.22,32.24,4630,0
2017-04-12,19:15:00,32.23,32.23,32.23,32.23,500,0
2017-04-12,19:20:00,32.22,32.23,32.22,32.23,600,0
2017-04-12,19:25:00,32.23,32.23,32.19,32.22,7373,0
2017-04-12,19:35:00,32.21,32.21,32.205,32.21,1100,0
2017-04-12,19:40:00,32.215,32.215,32.2,32.21,1296,0
2017-04-12,19:45:00,32.22,32.23,32.22,32.23,600,0
2017-04-12,19:50:00,32.24,32.25,32.22,32.23,3811,0
2017-04-12,19:55:00,32.23,32.23,32.2,32.2,1700,0
2017-04-12,20:00:00,32.2,32.22,32.19,32.22,2400,0
2017-04-12,20:05:00,32.22,32.22,32.2,32.2,2700,0
2017-04-12,20:10:00,32.2,32.23,32.2,32.23,1985,0
2017-04-12,20:15:00,32.23,32.23,32.23,32.23,600,0
2017-04-12,20:20:00,32.23,32.23,32.195,32.21,3218,0
2017-04-12,20:25:00,32.2,32.21,32.2,32.205,300,0
2017-04-12,20:30:00,32.2,32.21,32.195,32.21,4725,0
2017-04-12,20:35:00,32.23,32.23,32.22,32.23,400,0
2017-04-12,20:40:00,32.23,32.23,32.2,32.21,3714,0
2017-04-12,20:45:00,32.2,32.21,32.19,32.21,1100,0
2017-04-12,20:50:00,32.22,32.22,32.2,32.2,2000,0
2017-04-12,20:55:00,32.2,32.21,32.195,32.2,7386,0
2017-04-12,21:00:00,32.2,32.21,32.2,32.21,500,0
2017-04-12,21:05:00,32.2,32.23,32.2,32.22,3070,0
2017-04-12,21:10:00,32.215,32.23,32.2,32.21,3133,0
2017-04-12,21:15:00,32.21,32.22,32.2,32.21,4342,0
2017-04-12,21:20:00,32.21,32.24,32.205,32.24,8094,0
2017-04-12,21:25:00,32.235,32.27,32.23,32.26,5016,0
2017-04-12,21:30:00,32.25,32.25,32.23,32.24,11689,0
2017-04-12,21:35:00,32.24,32.255,32.24,32.255,2778,0
2017-04-12,21:40:00,32.25,32.26,32.21,32.21,5947,0
2017-04-12,21:45:00,32.21,32.21,32.14,32.15,7735,0
2017-04-12,21:50:00,32.16,32.205,32.16,32.19,9041,0
2017-04-12,21:55:00,32.2,32.23,32.195,32.225,11641,0
2017-04-12,22:00:00,32.23,32.25,32.22,32.25,78419,0
2017-04-13,15:35:00,32.29,32.29,32.25,32.25,2152,0
2017-04-13,15:40:00,32.2,32.21,32.1685,32.1838,3238,0
2017-04-13,15:45:00,32.1682,32.18,32.12,32.12,830,0
2017-04-13,15:50:00,32.17,32.19,32.14,32.155,900,0
2017-04-13,15:55:00,32.16,32.23,32.14,32.14,2270,0
2017-04-13,16:00:00,32.15,32.19,32.15,32.19,400,0
2017-04-13,16:05:00,32.3,32.3,32.25,32.25,1710,0
2017-04-13,16:10:00,32.26,32.26,32.15,32.15,1500,0
2017-04-13,16:15:00,32.16,32.18,32.155,32.18,1586,0
2017-04-13,16:20:00,32.18,32.18,32.14,32.17,3076,0
2017-04-13,16:25:00,32.16,32.16,32.14,32.15,1300,0
2017-04-13,16:30:00,32.16,32.17,32.12,32.12,1700,0
2017-04-13,16:35:00,32.14,32.1901,32.14,32.19,3000,0
2017-04-13,16:40:00,32.18,32.18,32.15,32.15,1248,0
2017-04-13,16:45:00,32.16,32.17,32.15,32.15,1200,0
2017-04-13,16:50:00,32.15,32.15,32.15,32.15,500,0
2017-04-13,16:55:00,32.16,32.17,32.14,32.14,2200,0
2017-04-13,17:00:00,32.13,32.15,32.13,32.13,1801,0
2017-04-13,17:05:00,32.12,32.1301,32.12,32.13,2700,0
2017-04-13,17:10:00,32.11,32.1345,32.11,32.1345,790,0
2017-04-13,17:15:00,32.15,32.15,32.135,32.14,900,0
2017-04-13,17:20:00,32.14,32.18,32.13,32.13,5897,0
2017-04-13,17:25:00,32.12,32.13,32.12,32.12,700,0
2017-04-13,17:30:00,32.12,32.12,32.1,32.1,2200,0
2017-04-13,17:35:00,32.09,32.1001,32.09,32.09,1094,0
2017-04-13,17:40:00,32.0914,32.1,32.09,32.09,600,0
2017-04-13,17:45:00,32.08,32.095,32.065,32.095,1804,0
2017-04-13,17:50:00,32.1,32.17,32.1,32.16,11450,0
2017-04-13,17:55:00,32.155,32.165,32.14,32.16,3815,0
2017-04-13,18:00:00,32.165,32.165,32.15,32.15,1709,0
2017-04-13,18:05:00,32.135,32.16,32.135,32.16,2744,0
2017-04-13,18:10:00,32.15,32.19,32.135,32.16,16212,0
2017-04-13,18:15:00,32.16,32.17,32.15,32.16,4410,0
2017-04-13,18:20:00,32.17,32.17,32.16,32.165,2566,0
2017-04-13,18:25:00,32.16,32.1601,32.16,32.16,1261,0
2017-04-13,18:30:00,32.16,32.1601,32.15,32.15,1652,0
2017-04-13,18:35:00,32.14,32.1401,32.135,32.1401,400,0
2017-04-13,18:40:00,32.13,32.14,32.115,32.12,1495,0
2017-04-13,18:45:00,32.11,32.12,32.1,32.12,5114,0
2017-04-13,18:50:00,32.12,32.12,32.1,32.1,2243,0
2017-04-13,18:55:00,32.1,32.1101,32.1,32.11,2101,0
2017-04-13,19:00:00,32.1,32.1301,32.1,32.13,6275,0
2017-04-13,19:05:00,32.12,32.12,32.1,32.11,1898,0
2017-04-13,19:10:00,32.1,32.11,32.1,32.1,2412,0
2017-04-13,19:15:00,32.11,32.115,32.095,32.11,7837,0
2017-04-13,19:20:00,32.1001,32.11,32.09,32.09,33120,0
2017-04-13,19:25:00,32.08,32.08,32.04,32.055,7563,0
2017-04-13,19:30:00,32.03,32.03,32.025,32.025,300,0
2017-04-13,19:35:00,32.02,32.045,32.02,32.04,5000,0
2017-04-13,19:40:00,32.05,32.05,32.03,32.03,447,0
2017-04-13,19:45:00,32.035,32.04,32.02,32.02,2775,0
2017-04-13,19:50:00,32.01,32.0125,31.995,32,3107,0
2017-04-13,19:55:00,32,32.015,32,32.01,1613,0
2017-04-13,20:00:00,31.99,31.995,31.98,31.985,1750,0
2017-04-13,20:05:00,31.99,31.99,31.98,31.98,2777,0
2017-04-13,20:10:00,31.97,32.0001,31.97,32.0001,3760,0
2017-04-13,20:15:00,32,32.02,32,32.01,1500,0
2017-04-13,20:20:00,32.01,32.01,32,32.005,1300,0
2017-04-13,20:25:00,32,32.01,32,32,1300,0
2017-04-13,20:30:00,32.01,32.035,32.01,32.03,3724,0
2017-04-13,20:35:00,32.04,32.05,32.03,32.045,4170,0
2017-04-13,20:40:00,32.04,32.04,32.04,32.04,1101,0
2017-04-13,20:45:00,32.04,32.04,32.03,32.03,300,0
2017-04-13,20:50:00,32.04,32.05,32.04,32.0401,2011,0
2017-04-13,20:55:00,32.04,32.045,32.02,32.02,8299,0
2017-04-13,21:00:00,32.02,32.045,32.02,32.045,3300,0
2017-04-13,21:05:00,32.05,32.05,32.04,32.0401,2516,0
2017-04-13,21:10:00,32.05,32.05,32.04,32.05,1603,0
2017-04-13,21:15:00,32.04,32.0425,32,32,2989,0
2017-04-13,21:20:00,31.99,32.01,31.98,32.01,3022,0
2017-04-13,21:25:00,32.02,32.03,32.01,32.03,6137,0
2017-04-13,21:30:00,32.02,32.03,32.02,32.03,2557,0
2017-04-13,21:35:00,32.02,32.02,31.96,31.96,5697,0
2017-04-13,21:40:00,31.965,31.97,31.95,31.97,4735,0
2017-04-13,21:45:00,31.97,31.97,31.965,31.97,4592,0
2017-04-13,21:50:00,31.97,32.03,31.97,32.03,9871,0
2017-04-13,21:55:00,32.03,32.03,32.0135,32.0135,13888,0
2017-04-13,22:00:00,32.02,32.03,32.005,32.01,71181,0
2017-04-17,15:35:00,32.12,32.12,32.12,32.12,1619,0
2017-04-17,15:40:00,32.12,32.15,32.12,32.15,1100,0
2017-04-17,15:45:00,32.18,32.18,32.13,32.13,581,0
2017-04-17,15:50:00,32.17,32.17,32.14,32.15,1900,0
2017-04-17,15:55:00,32.13,32.16,32.13,32.16,1320,0
2017-04-17,16:00:00,32.13,32.13,32.12,32.12,500,0
2017-04-17,16:05:00,32.11,32.15,32.09,32.15,2083,0
2017-04-17,16:10:00,32.17,32.17,32.15,32.15,800,0
2017-04-17,16:15:00,32.16,32.19,32.16,32.18,974,0
2017-04-17,16:20:00,32.17,32.17,32.15,32.17,1800,0
2017-04-17,16:25:00,32.16,32.16,32.14,32.16,1817,0
2017-04-17,16:30:00,32.15,32.15,32.11,32.1359,1300,0
2017-04-17,16:35:00,32.16,32.16,32.16,32.16,400,0
2017-04-17,16:40:00,32.13,32.14,32.12,32.12,1200,0
2017-04-17,16:45:00,32.11,32.11,32.1,32.1,600,0
2017-04-17,16:50:00,32.12,32.14,32.12,32.14,600,0
2017-04-17,16:55:00,32.17,32.19,32.17,32.19,498,0
2017-04-17,17:00:00,32.19,32.21,32.19,32.2,1743,0
2017-04-17,17:05:00,32.2,32.25,32.2,32.24,1700,0
2017-04-17,17:10:00,32.23,32.24,32.23,32.23,400,0
2017-04-17,17:15:00,32.24,32.2544,32.24,32.2544,600,0
2017-04-17,17:20:00,32.26,32.26,32.24,32.25,5282,0
2017-04-17,17:25:00,32.25,32.27,32.25,32.27,711,0
2017-04-17,17:30:00,32.27,32.29,32.27,32.29,1964,0
2017-04-17,17:35:00,32.3,32.3,32.26,32.26,900,0
2017-04-17,17:40:00,32.25,32.275,32.25,32.26,2486,0
2017-04-17,17:45:00,32.25,32.25,32.25,32.25,300,0
2017-04-17,17:50:00,32.25,32.25,32.25,32.25,300,0
2017-04-17,17:55:00,32.24,32.24,32.23,32.23,700,0
2017-04-17,18:00:00,32.23,32.23,32.22,32.22,400,0
2017-04-17,18:05:00,32.22,32.23,32.22,32.22,1400,0
2017-04-17,18:10:00,32.22,32.24,32.22,32.24,1406,0
2017-04-17,18:15:00,32.25,32.25,32.23,32.24,1094,0
2017-04-17,18:20:00,32.25,32.28,32.25,32.28,1300,0
2017-04-17,18:25:00,32.27,32.29,32.27,32.29,1316,0
2017-04-17,18:30:00,32.28,32.285,32.27,32.28,1247,0
2017-04-17,18:35:00,32.28,32.28,32.27,32.28,1411,0
2017-04-17,18:40:00,32.27,32.28,32.27,32.28,600,0
2017-04-17,18:45:00,32.29,32.3,32.29,32.295,850,0
2017-04-17,18:50:00,32.29,32.29,32.27,32.27,1862,0
2017-04-17,18:55:00,32.26,32.26,32.2551,32.2551,300,0
2017-04-17,19:00:00,32.25,32.265,32.25,32.26,1300,0
2017-04-17,19:05:00,32.25,32.25,32.23,32.23,400,0
2017-04-17,19:10:00,32.24,32.25,32.24,32.25,674,0
2017-04-17,19:15:00,32.255,32.26,32.21,32.22,2885,0
2017-04-17,19:20:00,32.22,32.225,32.22,32.225,200,0
2017-04-17,19:25:00,32.2216,32.25,32.2216,32.25,1692,0
2017-04-17,19:40:00,32.25,32.26,32.2354,32.26,106186,0
2017-04-17,19:45:00,32.27,32.3,32.27,32.29,2700,0
2017-04-17,19:50:00,32.29,32.31,32.29,32.31,400,0
2017-04-17,19:55:00,32.305,32.31,32.305,32.31,400,0
2017-04-17,20:00:00,32.31,32.31,32.3099,32.3099,500,0
2017-04-17,20:05:00,32.31,32.31,32.28,32.29,2200,0
2017-04-17,20:10:00,32.3,32.3,32.28,32.28,800,0
2017-04-17,20:15:00,32.28,32.29,32.27,32.275,2082,0
2017-04-17,20:20:00,32.28,32.28,32.265,32.265,1500,0
2017-04-17,20:25:00,32.26,32.27,32.26,32.27,1304,0
2017-04-17,20:30:00,32.27,32.27,32.26,32.27,700,0
2017-04-17,20:35:00,32.265,32.29,32.265,32.29,3151,0
2017-04-17,20:40:00,32.2932,32.34,32.2932,32.34,4383,0
2017-04-17,20:45:00,32.34,32.37,32.34,32.36,7000,0
2017-04-17,20:50:00,32.36,32.36,32.33,32.33,900,0
2017-04-17,20:55:00,32.33,32.33,32.32,32.32,726,0
2017-04-17,21:00:00,32.32,32.32,32.3,32.32,4198,0
2017-04-17,21:05:00,32.315,32.37,32.315,32.37,7204,0
2017-04-17,21:10:00,32.37,32.4,32.36,32.4,9245,0
2017-04-17,21:15:00,32.41,32.41,32.37,32.4,5802,0
2017-04-17,21:20:00,32.41,32.43,32.38,32.43,5994,0
2017-04-17,21:25:00,32.43,32.44,32.41,32.43,23400,0
2017-04-17,21:30:00,32.44,32.47,32.44,32.45,8139,0
2017-04-17,21:35:00,32.45,32.46,32.43,32.44,26130,0
2017-04-17,21:40:00,32.45,32.48,32.45,32.46,10183,0
2017-04-17,21:45:00,32.46,32.46,32.42,32.43,7113,0
2017-04-17,21:50:00,32.43,32.47,32.43,32.46,23658,0
2017-04-17,21:55:00,32.46,32.46,32.42,32.43,27537,0
2017-04-17,22:00:00,32.42,32.51,32.39,32.51,198104,0
2017-04-18,15:35:00,32.46,32.46,32.41,32.42,6605,0
2017-04-18,15:40:00,32.44,32.46,32.42,32.4464,2208,0
2017-04-18,15:45:00,32.42,32.43,32.41,32.41,450,0
2017-04-18,15:50:00,32.42,32.42,32.38,32.38,2231,0
2017-04-18,15:55:00,32.37,32.41,32.37,32.41,1794,0
2017-04-18,16:00:00,32.41,32.415,32.3901,32.3901,900,0
2017-04-18,16:05:00,32.39,32.39,32.3401,32.3401,1732,0
2017-04-18,16:10:00,32.36,32.37,32.3401,32.37,1709,0
2017-04-18,16:15:00,32.38,32.38,32.36,32.37,1756,0
2017-04-18,16:20:00,32.38,32.38,32.32,32.32,1500,0
2017-04-18,16:25:00,32.3001,32.33,32.3,32.3,1295,0
2017-04-18,16:30:00,32.3,32.3001,32.29,32.29,1900,0
2017-04-18,16:35:00,32.29,32.29,32.22,32.22,4540,0
2017-04-18,16:40:00,32.22,32.23,32.22,32.22,2511,0
2017-04-18,16:45:00,32.22,32.23,32.22,32.22,1992,0
2017-04-18,16:50:00,32.22,32.24,32.22,32.235,1900,0
2017-04-18,16:55:00,32.25,32.27,32.24,32.26,2100,0
2017-04-18,17:00:00,32.26,32.26,32.21,32.22,4100,0
2017-04-18,17:05:00,32.22,32.22,32.21,32.22,2680,0
2017-04-18,17:10:00,32.22,32.27,32.22,32.26,2088,0
2017-04-18,17:15:00,32.27,32.27,32.24,32.24,3446,0
2017-04-18,17:20:00,32.24,32.24,32.23,32.24,1500,0
2017-04-18,17:25:00,32.24,32.26,32.23,32.25,3735,0
2017-04-18,17:30:00,32.25,32.26,32.2,32.21,14500,0
2017-04-18,17:35:00,32.21,32.23,32.195,32.2,2725,0
2017-04-18,17:40:00,32.2,32.2,32.1768,32.19,4243,0
2017-04-18,17:45:00,32.18,32.18,32.17,32.18,1700,0
2017-04-18,17:50:00,32.175,32.19,32.17,32.18,3760,0
2017-04-18,17:55:00,32.17,32.23,32.17,32.23,2600,0
2017-04-18,18:00:00,32.22,32.22,32.2,32.21,1934,0
2017-04-18,18:05:00,32.21,32.21,32.18,32.2,2901,0
2017-04-18,18:10:00,32.2,32.2,32.19,32.19,1200,0
2017-04-18,18:15:00,32.19,32.19,32.17,32.18,2500,0
2017-04-18,18:20:00,32.19,32.19,32.15,32.15,2100,0
2017-04-18,18:25:00,32.16,32.16,32.155,32.155,2105,0
2017-04-18,18:30:00,32.16,32.16,32.15,32.1565,1452,0
2017-04-18,18:35:00,32.16,32.17,32.15,32.17,2834,0
2017-04-18,18:40:00,32.17,32.17,32.14,32.14,1400,0
2017-04-18,18:45:00,32.14,32.15,32.14,32.15,3693,0
2017-04-18,18:50:00,32.14,32.14,32.14,32.14,1170,0
2017-04-18,18:55:00,32.135,32.15,32.135,32.15,1900,0
2017-04-18,19:00:00,32.155,32.16,32.15,32.16,1400,0
2017-04-18,19:05:00,32.16,32.16,32.15,32.15,1397,0
2017-04-18,19:10:00,32.15,32.15,32.15,32.15,1215,0
2017-04-18,19:15:00,32.14,32.155,32.14,32.1503,1400,0
2017-04-18,19:20:00,32.16,32.16,32.15,32.15,1000,0
2017-04-18,19:25:00,32.145,32.145,32.13,32.13,2243,0
2017-04-18,19:30:00,32.12,32.13,32.105,32.105,2940,0
2017-04-18,19:35:00,32.11,32.11,32.105,32.11,700,0
2017-04-18,19:40:00,32.11,32.13,32.11,32.13,4603,0
2017-04-18,19:45:00,32.12,32.16,32.12,32.16,3321,0
2017-04-18,19:50:00,32.16,32.2,32.16,32.19,5441,0
2017-04-18,19:55:00,32.19,32.2,32.185,32.199,3421,0
2017-04-18,20:00:00,32.2,32.22,32.2,32.22,6200,0
2017-04-18,20:05:00,32.24,32.25,32.23,32.25,2894,0
2017-04-18,20:10:00,32.25,32.25,32.25,32.25,910,0
2017-04-18,20:15:00,32.25,32.26,32.25,32.26,2706,0
2017-04-18,20:20:00,32.27,32.29,32.27,32.28,2400,0
2017-04-18,20:25:00,32.27,32.27,32.23,32.23,2842,0
2017-04-18,20:30:00,32.24,32.24,32.23,32.23,1200,0
2017-04-18,20:35:00,32.24,32.241,32.2339,32.24,5588,0
2017-04-18,20:40:00,32.24,32.24,32.23,32.24,2700,0
2017-04-18,20:45:00,32.24,32.24,32.23,32.23,1928,0
2017-04-18,20:50:00,32.225,32.235,32.21,32.23,5469,0
2017-04-18,20:55:00,32.23,32.235,32.22,32.23,2714,0
2017-04-18,21:00:00,32.22,32.22,32.2,32.2099,3042,0
2017-04-18,21:05:00,32.21,32.24,32.2099,32.24,10495,0
2017-04-18,21:10:00,32.24,32.31,32.24,32.31,7136,0
2017-04-18,21:15:00,32.31,32.31,32.29,32.3,2508,0
2017-04-18,21:20:00,32.295,32.33,32.285,32.33,3699,0
2017-04-18,21:25:00,32.33,32.36,32.325,32.33,7593,0
2017-04-18,21:30:00,32.33,32.37,32.33,32.37,9314,0
2017-04-18,21:35:00,32.36,32.361,32.335,32.35,11054,0
2017-04-18,21:40:00,32.35,32.36,32.33,32.33,5990,0
2017-04-18,21:45:00,32.33,32.37,32.33,32.34,11717,0
2017-04-18,21:50:00,32.35,32.4,32.345,32.385,15732,0
2017-04-18,21:55:00,32.385,32.39,32.32,32.35,29111,0
2017-04-18,22:00:00,32.36,32.375,32.33,32.34,77726,0
2017-04-19,15:35:00,32.33,32.33,32.33,32.33,1707,0
2017-04-19,15:40:00,32.33,32.33,32.32,32.32,1300,0
2017-04-19,15:45:00,32.35,32.38,32.34,32.34,2499,0
2017-04-19,15:50:00,32.36,32.37,32.35,32.35,1800,0
2017-04-19,15:55:00,32.33,32.37,32.32,32.37,2425,0
2017-04-19,16:00:00,32.36,32.38,32.35,32.37,2520,0
2017-04-19,16:05:00,32.38,32.39,32.37,32.39,1000,0
2017-04-19,16:10:00,32.4,32.41,32.39,32.395,2000,0
2017-04-19,16:15:00,32.39,32.4,32.365,32.4,3569,0
2017-04-19,16:20:00,32.41,32.43,32.4,32.42,3762,0
2017-04-19,16:25:00,32.4,32.405,32.39,32.39,3200,0
2017-04-19,16:30:00,32.39,32.42,32.37,32.42,5242,0
2017-04-19,16:35:00,32.43,32.43,32.41,32.43,7231,0
2017-04-19,16:40:00,32.42,32.42,32.4,32.4,2000,0
2017-04-19,16:45:00,32.39,32.395,32.325,32.325,2675,0
2017-04-19,16:50:00,32.32,32.34,32.28,32.28,3400,0
2017-04-19,16:55:00,32.28,32.31,32.28,32.31,1489,0
2017-04-19,17:00:00,32.32,32.38,32.31,32.38,3956,0
2017-04-19,17:05:00,32.37,32.37,32.325,32.33,3125,0
2017-04-19,17:10:00,32.33,32.33,32.3,32.31,2800,0
2017-04-19,17:15:00,32.31,32.32,32.3,32.31,1700,0
2017-04-19,17:20:00,32.31,32.31,32.3,32.31,3312,0
2017-04-19,17:25:00,32.32,32.34,32.32,32.335,2344,0
2017-04-19,17:30:00,32.33,32.37,32.33,32.37,1784,0
2017-04-19,17:35:00,32.36,32.37,32.355,32.355,2000,0
2017-04-19,17:40:00,32.35,32.39,32.35,32.37,3288,0
2017-04-19,17:45:00,32.36,32.36,32.331,32.335,7300,0
2017-04-19,17:50:00,32.335,32.35,32.33,32.34,1600,0
2017-04-19,17:55:00,32.3301,32.34,32.32,32.32,3619,0
2017-04-19,18:00:00,32.32,32.32,32.315,32.32,1501,0
2017-04-19,18:05:00,32.33,32.33,32.32,32.33,1100,0
2017-04-19,18:10:00,32.33,32.34,32.32,32.34,1565,0
2017-04-19,18:15:00,32.33,32.335,32.32,32.325,1400,0
2017-04-19,18:20:00,32.3232,32.35,32.3232,32.34,1275,0
2017-04-19,18:25:00,32.34,32.345,32.32,32.33,4297,0
2017-04-19,18:30:00,32.33,32.33,32.3,32.3,1832,0
2017-04-19,18:35:00,32.29,32.305,32.285,32.295,1800,0
2017-04-19,18:40:00,32.3,32.31,32.29,32.305,1450,0
2017-04-19,18:45:00,32.31,32.31,32.2825,32.285,900,0
2017-04-19,18:50:00,32.29,32.3,32.28,32.3,1700,0
2017-04-19,18:55:00,32.29,32.29,32.28,32.285,1000,0
2017-04-19,19:00:00,32.29,32.3,32.29,32.3,600,0
2017-04-19,19:05:00,32.29,32.295,32.27,32.28,2400,0
2017-04-19,19:10:00,32.28,32.28,32.28,32.28,300,0
2017-04-19,19:15:00,32.28,32.3,32.28,32.295,3068,0
2017-04-19,19:20:00,32.29,32.305,32.29,32.295,2459,0
2017-04-19,19:25:00,32.3,32.33,32.3,32.33,872,0
2017-04-19,19:30:00,32.33,32.33,32.31,32.31,625,0
2017-04-19,19:35:00,32.3,32.32,32.3,32.32,900,0
2017-04-19,19:40:00,32.32,32.32,32.32,32.32,100,0
2017-04-19,19:45:00,32.32,32.32,32.3,32.31,1200,0
2017-04-19,19:50:00,32.31,32.32,32.31,32.31,2200,0
2017-04-19,19:55:00,32.32,32.33,32.32,32.33,2279,0
2017-04-19,20:00:00,32.33,32.345,32.315,32.34,3928,0
2017-04-19,20:05:00,32.34,32.365,32.34,32.36,3100,0
2017-04-19,20:10:00,32.35,32.35,32.35,32.35,942,0
2017-04-19,20:15:00,32.3442,32.35,32.3442,32.35,513,0
2017-04-19,20:20:00,32.34,32.345,32.34,32.34,1208,0
2017-04-19,20:25:00,32.345,32.375,32.345,32.36,1200,0
2017-04-19,20:30:00,32.36,32.375,32.36,32.375,900,0
2017-04-19,20:35:00,32.38,32.38,32.36,32.37,4878,0
2017-04-19,20:40:00,32.37,32.385,32.37,32.38,4582,0
2017-04-19,20:45:00,32.375,32.385,32.375,32.375,3809,0
2017-04-19,20:50:00,32.373,32.375,32.37,32.37,2750,0
2017-04-19,20:55:00,32.3725,32.38,32.345,32.37,12193,0
2017-04-19,21:00:00,32.37,32.39,32.37,32.38,1700,0
2017-04-19,21:05:00,32.38,32.39,32.36,32.381,7067,0
2017-04-19,21:10:00,32.385,32.385,32.37,32.37,3223,0
2017-04-19,21:15:00,32.38,32.4,32.375,32.38,4145,0
2017-04-19,21:20:00,32.38,32.39,32.37,32.38,3701,0
2017-04-19,21:25:00,32.4,32.4,32.37,32.3799,5354,0
2017-04-19,21:30:00,32.375,32.375,32.35,32.35,4700,0
2017-04-19,21:35:00,32.3562,32.37,32.345,32.37,11661,0
2017-04-19,21:40:00,32.3621,32.38,32.36,32.37,6143,0
2017-04-19,21:45:00,32.365,32.375,32.36,32.37,7156,0
2017-04-19,21:50:00,32.37,32.39,32.325,32.325,14211,0
2017-04-19,21:55:00,32.32,32.34,32.31,32.34,13023,0
2017-04-19,22:00:00,32.34,32.37,32.31,32.37,178490,0
2017-04-20,15:35:00,32.38,32.42,32.23,32.23,4790,0
2017-04-20,15:40:00,32.2,32.23,32.16,32.16,5101,0
2017-04-20,15:45:00,32.16,32.17,32.09,32.09,4800,0
2017-04-20,15:50:00,32.1568,32.18,32.14,32.145,5069,0
2017-04-20,15:55:00,32.14,32.145,32.09,32.105,7489,0
2017-04-20,16:00:00,32.1,32.105,32.03,32.04,3400,0
2017-04-20,16:05:00,32.05,32.19,32.05,32.16,4101,0
2017-04-20,16:10:00,32.18,32.24,32.175,32.22,2600,0
2017-04-20,16:15:00,32.23,32.31,32.23,32.27,4000,0
2017-04-20,16:20:00,32.245,32.26,32.24,32.25,4626,0
2017-04-20,16:25:00,32.25,32.27,32.24,32.2665,6302,0
2017-04-20,16:30:00,32.265,32.31,32.265,32.31,2640,0
2017-04-20,16:35:00,32.3101,32.32,32.25,32.26,4458,0
2017-04-20,16:40:00,32.26,32.27,32.23,32.23,3119,0
2017-04-20,16:45:00,32.22,32.28,32.22,32.27,3693,0
2017-04-20,16:50:00,32.28,32.3,32.28,32.285,5000,0
2017-04-20,16:55:00,32.285,32.3,32.28,32.28,2400,0
2017-04-20,17:00:00,32.285,32.31,32.285,32.31,2545,0
2017-04-20,17:05:00,32.3,32.3,32.2608,32.2608,3197,0
2017-04-20,17:10:00,32.26,32.31,32.25,32.295,7297,0
2017-04-20,17:15:00,32.31,32.33,32.31,32.33,800,0
2017-04-20,17:20:00,32.34,32.34,32.31,32.32,3000,0
2017-04-20,17:25:00,32.33,32.33,32.28,32.28,1199,0
2017-04-20,17:30:00,32.28,32.32,32.28,32.315,2689,0
2017-04-20,17:35:00,32.32,32.35,32.32,32.35,1700,0
2017-04-20,17:40:00,32.345,32.38,32.345,32.37,1000,0
2017-04-20,17:45:00,32.36,32.365,32.325,32.355,6301,0
2017-04-20,17:50:00,32.36,32.41,32.36,32.4,1752,0
2017-04-20,17:55:00,32.4,32.4,32.37,32.37,1357,0
2017-04-20,18:00:00,32.37,32.38,32.355,32.37,1753,0
2017-04-20,18:05:00,32.37,32.41,32.37,32.4,1600,0
2017-04-20,18:10:00,32.395,32.41,32.39,32.41,1425,0
2017-04-20,18:15:00,32.42,32.43,32.41,32.41,1600,0
2017-04-20,18:20:00,32.41,32.41,32.405,32.405,497,0
2017-04-20,18:25:00,32.4,32.41,32.4,32.4,800,0
2017-04-20,18:30:00,32.39,32.39,32.37,32.38,1384,0
2017-04-20,18:35:00,32.3701,32.41,32.37,32.385,2117,0
2017-04-20,18:40:00,32.38,32.38,32.37,32.37,700,0
2017-04-20,18:45:00,32.37,32.38,32.37,32.3744,955,0
2017-04-20,18:50:00,32.37,32.39,32.365,32.39,4492,0
2017-04-20,18:55:00,32.38,32.38,32.38,32.38,100,0
2017-04-20,19:00:00,32.38,32.39,32.38,32.38,900,0
2017-04-20,19:05:00,32.39,32.41,32.39,32.39,4186,0
2017-04-20,19:10:00,32.39,32.39,32.39,32.39,300,0
2017-04-20,19:15:00,32.38,32.39,32.37,32.39,2347,0
2017-04-20,19:20:00,32.4,32.43,32.4,32.42,1224,0
2017-04-20,19:25:00,32.42,32.44,32.42,32.44,3296,0
2017-04-20,19:30:00,32.44,32.45,32.44,32.45,3019,0
2017-04-20,19:35:00,32.441,32.46,32.441,32.46,1933,0
2017-04-20,19:40:00,32.46,32.46,32.39,32.39,4509,0
2017-04-20,19:45:00,32.4,32.43,32.4,32.42,15400,0
2017-04-20,19:50:00,32.42,32.44,32.42,32.43,7301,0
2017-04-20,19:55:00,32.425,32.45,32.425,32.445,2400,0
2017-04-20,20:00:00,32.45,32.455,32.439,32.44,3014,0
2017-04-20,20:05:00,32.44,32.46,32.435,32.435,1800,0
2017-04-20,20:10:00,32.43,32.44,32.4075,32.4225,4100,0
2017-04-20,20:15:00,32.42,32.455,32.42,32.445,2405,0
2017-04-20,20:20:00,32.45,32.47,32.45,32.46,2588,0
2017-04-20,20:25:00,32.45,32.45,32.43,32.445,2100,0
2017-04-20,20:30:00,32.44,32.44,32.42,32.435,3800,0
2017-04-20,20:35:00,32.44,32.44,32.43,32.435,12224,0
2017-04-20,20:40:00,32.435,32.44,32.4201,32.4201,3715,0
2017-04-20,20:45:00,32.42,32.43,32.37,32.37,4839,0
2017-04-20,20:50:00,32.37,32.38,32.37,32.38,1300,0
2017-04-20,20:55:00,32.38,32.4,32.365,32.365,4975,0
2017-04-20,21:00:00,32.37,32.37,32.35,32.355,3000,0
2017-04-20,21:05:00,32.35,32.38,32.345,32.38,7093,0
2017-04-20,21:10:00,32.38,32.38,32.36,32.37,1700,0
2017-04-20,21:15:00,32.37,32.39,32.36,32.39,3858,0
2017-04-20,21:20:00,32.38,32.39,32.34,32.34,10902,0
2017-04-20,21:25:00,32.35,32.36,32.335,32.345,7221,0
2017-04-20,21:30:00,32.35,32.36,32.35,32.36,2050,0
2017-04-20,21:35:00,32.355,32.38,32.355,32.375,8046,0
2017-04-20,21:40:00,32.37,32.38,32.35,32.375,10196,0
2017-04-20,21:45:00,32.38,32.39,32.36,32.385,13161,0
2017-04-20,21:50:00,32.39,32.42,32.39,32.41,12526,0
2017-04-20,21:55:00,32.41,32.41,32.4,32.405,12031,0
2017-04-20,22:00:00,32.41,32.43,32.38,32.42,155647,0
2017-04-21,15:35:00,32.33,32.4505,32.33,32.353,6361,0
2017-04-21,15:40:00,32.47,32.47,32.4,32.4,400,0
2017-04-21,15:45:00,32.3952,32.41,32.37,32.37,3493,0
2017-04-21,15:50:00,32.32,32.36,32.32,32.36,1640,0
2017-04-21,15:55:00,32.36,32.37,32.32,32.32,4300,0
2017-04-21,16:00:00,32.31,32.31,32.29,32.31,3160,0
2017-04-21,16:05:00,32.34,32.34,32.29,32.32,3348,0
2017-04-21,16:10:00,32.31,32.34,32.31,32.34,2501,0
2017-04-21,16:15:00,32.345,32.35,32.29,32.32,18882,0
2017-04-21,16:20:00,32.33,32.34,32.32,32.32,3375,0
2017-04-21,16:25:00,32.33,32.34,32.29,32.31,3656,0
2017-04-21,16:30:00,32.31,32.31,32.28,32.31,2900,0
2017-04-21,16:35:00,32.31,32.31,32.28,32.29,3914,0
2017-04-21,16:40:00,32.3,32.34,32.3,32.33,5045,0
2017-04-21,16:45:00,32.35,32.37,32.34,32.36,3240,0
2017-04-21,16:50:00,32.365,32.375,32.355,32.355,5464,0
2017-04-21,16:55:00,32.36,32.36,32.35,32.36,2200,0
2017-04-21,17:00:00,32.36,32.41,32.36,32.405,4762,0
2017-04-21,17:05:00,32.4,32.41,32.38,32.38,3917,0
2017-04-21,17:10:00,32.38,32.38,32.35,32.365,2980,0
2017-04-21,17:15:00,32.365,32.37,32.35,32.37,3400,0
2017-04-21,17:20:00,32.38,32.38,32.36,32.37,2400,0
2017-04-21,17:25:00,32.365,32.365,32.36,32.365,700,0
2017-04-21,17:30:00,32.36,32.36,32.33,32.345,3285,0
2017-04-21,17:35:00,32.34,32.35,32.33,32.34,1100,0
2017-04-21,17:40:00,32.34,32.34,32.32,32.32,500,0
2017-04-21,17:45:00,32.31,32.31,32.31,32.31,1100,0
2017-04-21,17:50:00,32.31,32.31,32.295,32.295,1400,0
2017-04-21,17:55:00,32.295,32.3,32.29,32.29,4160,0
2017-04-21,18:00:00,32.295,32.3,32.29,32.295,1600,0
2017-04-21,18:05:00,32.2966,32.3,32.29,32.295,700,0
2017-04-21,18:10:00,32.29,32.295,32.27,32.28,8611,0
2017-04-21,18:15:00,32.285,32.29,32.245,32.245,5638,0
2017-04-21,18:20:00,32.245,32.245,32.2325,32.24,2600,0
2017-04-21,18:25:00,32.24,32.25,32.235,32.245,3430,0
2017-04-21,18:30:00,32.2423,32.25,32.22,32.225,2380,0
2017-04-21,18:35:00,32.225,32.26,32.225,32.26,2610,0
2017-04-21,18:40:00,32.265,32.29,32.26,32.29,1900,0
2017-04-21,18:45:00,32.295,32.305,32.295,32.305,1525,0
2017-04-21,18:50:00,32.31,32.31,32.3,32.3,2500,0
2017-04-21,18:55:00,32.31,32.31,32.3,32.3,2000,0
2017-04-21,19:00:00,32.3,32.305,32.29,32.29,1741,0
2017-04-21,19:05:00,32.29,32.29,32.29,32.29,200,0
2017-04-21,19:10:00,32.29,32.3,32.29,32.2982,1450,0
2017-04-21,19:15:00,32.29,32.29,32.25,32.27,8777,0
2017-04-21,19:20:00,32.26,32.26,32.25,32.255,2000,0
2017-04-21,19:25:00,32.26,32.26,32.25,32.255,500,0
2017-04-21,19:30:00,32.26,32.265,32.26,32.26,2100,0
2017-04-21,19:35:00,32.26,32.27,32.26,32.27,300,0
2017-04-21,19:40:00,32.27,32.27,32.25,32.25,3068,0
2017-04-21,19:45:00,32.25,32.27,32.25,32.26,5851,0
2017-04-21,19:50:00,32.265,32.265,32.265,32.265,100,0
2017-04-21,19:55:00,32.26,32.27,32.26,32.265,2500,0
2017-04-21,20:00:00,32.27,32.3,32.26,32.29,7690,0
2017-04-21,20:05:00,32.28,32.29,32.27,32.275,3263,0
2017-04-21,20:10:00,32.28,32.28,32.27,32.28,900,0
2017-04-21,20:15:00,32.27,32.28,32.25,32.25,1900,0
2017-04-21,20:20:00,32.25,32.25,32.24,32.245,7187,0
2017-04-21,20:25:00,32.245,32.265,32.245,32.26,5600,0
2017-04-21,20:30:00,32.265,32.27,32.255,32.26,5441,0
2017-04-21,20:35:00,32.255,32.255,32.24,32.245,2114,0
2017-04-21,20:40:00,32.245,32.25,32.24,32.245,1500,0
2017-04-21,20:45:00,32.245,32.245,32.22,32.23,6032,0
2017-04-21,20:50:00,32.225,32.23,32.205,32.21,5967,0
2017-04-21,20:55:00,32.21,32.21,32.19,32.19,1700,0
2017-04-21,21:00:00,32.19,32.2,32.18,32.195,5937,0
2017-04-21,21:05:00,32.2,32.22,32.195,32.195,13631,0
2017-04-21,21:10:00,32.195,32.2,32.175,32.195,8500,0
2017-04-21,21:15:00,32.2,32.22,32.195,32.2142,6597,0
2017-04-21,21:20:00,32.21,32.23,32.21,32.225,7643,0
2017-04-21,21:25:00,32.22,32.24,32.215,32.24,10471,0
2017-04-21,21:30:00,32.23,32.235,32.23,32.23,500,0
2017-04-21,21:35:00,32.23,32.24,32.23,32.24,2600,0
2017-04-21,21:40:00,32.23,32.25,32.23,32.25,6786,0
2017-04-21,21:45:00,32.25,32.27,32.245,32.265,12524,0
2017-04-21,21:50:00,32.27,32.31,32.27,32.305,16092,0
2017-04-21,21:55:00,32.31,32.33,32.305,32.33,11669,0
2017-04-21,22:00:00,32.33,32.35,32.33,32.34,128983,0
2017-04-24,15:35:00,32.51,32.51,32.37,32.37,10073,0
2017-04-24,15:40:00,32.34,32.34,32.2,32.21,2608,0
2017-04-24,15:45:00,32.22,32.32,32.22,32.27,7411,0
2017-04-24,15:50:00,32.28,32.32,32.2,32.2,6098,0
2017-04-24,15:55:00,32.21,32.23,32.125,32.125,4729,0
2017-04-24,16:00:00,32.13,32.13,32.08,32.08,2340,0
2017-04-24,16:05:00,32.08,32.15,32.0799,32.14,4840,0
2017-04-24,16:10:00,32.14,32.16,32.1,32.11,7964,0
2017-04-24,16:15:00,32.09,32.11,32.04,32.09,6200,0
2017-04-24,16:20:00,32.07,32.08,32.06,32.08,4734,0
2017-04-24,16:25:00,32.08,32.08,32.03,32.06,6264,0
2017-04-24,16:30:00,32.055,32.055,31.92,31.95,10423,0
2017-04-24,16:35:00,31.97,32,31.97,31.98,6239,0
2017-04-24,16:40:00,31.95,31.95,31.89,31.89,6815,0
2017-04-24,16:45:00,31.885,31.92,31.885,31.92,4195,0
2017-04-24,16:50:00,31.925,31.98,31.925,31.98,1900,0
2017-04-24,16:55:00,31.98,32,31.96,31.99,3742,0
2017-04-24,17:00:00,32,32.02,31.97,31.97,7055,0
2017-04-24,17:05:00,31.97,31.995,31.94,31.995,5976,0
2017-04-24,17:10:00,31.995,31.995,31.95,31.9699,8214,0
2017-04-24,17:15:00,31.97,31.97,31.94,31.94,2635,0
2017-04-24,17:20:00,31.94,31.95,31.92,31.93,5468,0
2017-04-24,17:25:00,31.94,32.025,31.94,32.02,5500,0
2017-04-24,17:30:00,32.01,32.01,31.98,31.99,3169,0
2017-04-24,17:35:00,31.985,31.99,31.98,31.99,2700,0
2017-04-24,17:40:00,31.98,32.02,31.94,31.9499,7988,0
2017-04-24,17:45:00,31.95,31.95,31.91,31.91,5122,0
2017-04-24,17:50:00,31.92,31.93,31.86,31.89,8847,0
2017-04-24,17:55:00,31.895,31.9,31.87,31.89,4001,0
2017-04-24,18:00:00,31.9,31.93,31.89,31.9,6008,0
2017-04-24,18:05:00,31.91,31.91,31.87,31.89,4251,0
2017-04-24,18:10:00,31.88,31.88,31.84,31.8501,5620,0
2017-04-24,18:15:00,31.855,31.855,31.82,31.825,2025,0
2017-04-24,18:20:00,31.82,31.825,31.79,31.79,5204,0
2017-04-24,18:25:00,31.7999,31.81,31.75,31.765,5464,0
2017-04-24,18:30:00,31.77,31.8,31.77,31.8,2800,0
2017-04-24,18:35:00,31.8,31.805,31.77,31.79,3505,0
2017-04-24,18:40:00,31.79,31.81,31.79,31.805,6400,0
2017-04-24,18:45:00,31.81,31.81,31.78,31.8,5595,0
2017-04-24,18:50:00,31.805,31.805,31.805,31.805,200,0
2017-04-24,18:55:00,31.8,31.81,31.795,31.805,2500,0
2017-04-24,19:00:00,31.805,31.81,31.795,31.805,3925,0
2017-04-24,19:05:00,31.805,31.84,31.805,31.84,2744,0
2017-04-24,19:10:00,31.83,31.83,31.8,31.8,1600,0
2017-04-24,19:15:00,31.81,31.84,31.805,31.84,3799,0
2017-04-24,19:20:00,31.84,31.85,31.83,31.83,4403,0
2017-04-24,19:25:00,31.82,31.83,31.82,31.83,1000,0
2017-04-24,19:30:00,31.83,31.83,31.81,31.81,1900,0
2017-04-24,19:35:00,31.815,31.815,31.79,31.805,6572,0
2017-04-24,19:40:00,31.805,31.85,31.805,31.85,13045,0
2017-04-24,19:45:00,31.86,31.86,31.835,31.84,9172,0
2017-04-24,19:50:00,31.84,31.86,31.835,31.845,17783,0
2017-04-24,19:55:00,31.84,31.86,31.82,31.85,5999,0
2017-04-24,20:00:00,31.8399,31.84,31.83,31.835,900,0
2017-04-24,20:05:00,31.84,31.86,31.82,31.825,8559,0
2017-04-24,20:10:00,31.815,31.82,31.81,31.81,900,0
2017-04-24,20:15:00,31.815,31.82,31.795,31.82,7218,0
2017-04-24,20:20:00,31.82,31.83,31.8,31.8242,5012,0
2017-04-24,20:25:00,31.82,31.83,31.815,31.82,3795,0
2017-04-24,20:30:00,31.815,31.86,31.805,31.83,12556,0
2017-04-24,20:35:00,31.84,31.88,31.835,31.87,3400,0
2017-04-24,20:40:00,31.865,31.9,31.865,31.9,2700,0
2017-04-24,20:45:00,31.895,31.93,31.89,31.93,3200,0
2017-04-24,20:50:00,31.9299,31.94,31.92,31.92,3041,0
2017-04-24,20:55:00,31.92,31.92,31.9,31.9,2980,0
2017-04-24,21:00:00,31.901,31.92,31.9,31.92,3543,0
2017-04-24,21:05:00,31.91,31.945,31.91,31.945,2843,0
2017-04-24,21:10:00,31.95,31.97,31.945,31.97,6794,0
2017-04-24,21:15:00,31.965,32.01,31.96,32,5219,0
2017-04-24,21:20:00,31.995,31.995,31.94,31.94,8444,0
2017-04-24,21:25:00,31.94,31.95,31.92,31.92,9839,0
2017-04-24,21:30:00,31.93,31.97,31.93,31.97,6950,0
2017-04-24,21:35:00,31.97,31.98,31.95,31.98,6825,0
2017-04-24,21:40:00,31.98,31.98,31.95,31.965,6766,0
2017-04-24,21:45:00,31.96,31.97,31.94,31.94,15050,0
2017-04-24,21:50:00,31.95,31.965,31.945,31.96,16511,0
2017-04-24,21:55:00,31.96,31.97,31.95,31.96,16537,0
2017-04-24,22:00:00,31.96,31.99,31.92,31.97,90725,0
2017-04-25,15:35:00,31.96,32.09,31.96,32.02,3150,0
2017-04-25,15:40:00,31.9704,32.02,31.96,32.02,2770,0
2017-04-25,15:45:00,31.99,32.04,31.99,32.04,3162,0
2017-04-25,15:50:00,32.04,32.08,32.04,32.07,3576,0
2017-04-25,15:55:00,32.07,32.08,32.05,32.0557,5200,0
2017-04-25,16:00:00,32.06,32.18,32.06,32.18,3571,0
2017-04-25,16:05:00,32.17,32.21,32.08,32.09,10886,0
2017-04-25,16:10:00,32.11,32.14,32.1,32.11,4940,0
2017-04-25,16:15:00,32.1,32.12,32.09,32.09,6100,0
2017-04-25,16:20:00,32.11,32.11,32.06,32.07,4300,0
2017-04-25,16:25:00,32.05,32.0541,31.99,32.03,4350,0
2017-04-25,16:30:00,32.03,32.045,32.02,32.04,4301,0
2017-04-25,16:35:00,32.05,32.12,32.04,32.09,9790,0
2017-04-25,16:40:00,32.09,32.095,32.05,32.06,4180,0
2017-04-25,16:45:00,32.05,32.06,32.02,32.025,10914,0
2017-04-25,16:50:00,32.03,32.03,32.015,32.03,5303,0
2017-04-25,16:55:00,32.02,32.05,32.015,32.02,8503,0
2017-04-25,17:00:00,32.0201,32.025,31.97,31.97,7245,0
2017-04-25,17:05:00,31.97,31.97,31.94,31.9443,8308,0
2017-04-25,17:10:00,31.94,31.98,31.94,31.98,10321,0
2017-04-25,17:15:00,31.98,31.99,31.97,31.98,2400,0
2017-04-25,17:20:00,31.99,32.01,31.98,32,4600,0
2017-04-25,17:25:00,32.01,32.01,31.98,32.01,3451,0
2017-04-25,17:30:00,32,32.05,32,32.02,8990,0
2017-04-25,17:35:00,32.03,32.035,32.02,32.035,1300,0
2017-04-25,17:40:00,32.03,32.03,32.0136,32.02,8693,0
2017-04-25,17:45:00,32.01,32.015,32,32.01,10007,0
2017-04-25,17:50:00,32.005,32.015,32.005,32.015,4675,0
2017-04-25,17:55:00,32.015,32.02,32.01,32.015,4921,0
2017-04-25,18:00:00,32.02,32.025,32.01,32.02,2510,0
2017-04-25,18:05:00,32.03,32.03,32.02,32.02,1400,0
2017-04-25,18:10:00,32.025,32.04,32.02,32.035,4433,0
2017-04-25,18:15:00,32.03,32.09,32.02,32.085,16821,0
2017-04-25,18:20:00,32.08,32.1,32.08,32.09,5716,0
2017-04-25,18:25:00,32.1,32.1,32.08,32.08,2013,0
2017-04-25,18:30:00,32.08,32.09,32.07,32.07,2200,0
2017-04-25,18:35:00,32.07,32.07,32.05,32.06,3221,0
2017-04-25,18:40:00,32.0501,32.06,32.05,32.05,2301,0
2017-04-25,18:45:00,32.05,32.07,32.05,32.06,3000,0
2017-04-25,18:50:00,32.055,32.065,32.05,32.05,1924,0
2017-04-25,18:55:00,32.04,32.06,32.04,32.06,1700,0
2017-04-25,19:00:00,32.0544,32.06,32.05,32.055,2060,0
2017-04-25,19:05:00,32.055,32.055,32.05,32.05,2275,0
2017-04-25,19:10:00,32.05,32.06,32.05,32.06,2340,0
2017-04-25,19:15:00,32.05,32.1,32.05,32.1,6488,0
2017-04-25,19:20:00,32.1,32.11,32.095,32.107,1820,0
2017-04-25,19:25:00,32.11,32.12,32.105,32.12,1849,0
2017-04-25,19:30:00,32.125,32.14,32.1239,32.14,1659,0
2017-04-25,19:35:00,32.135,32.15,32.13,32.15,1200,0
2017-04-25,19:40:00,32.15,32.15,32.14,32.14,2100,0
2017-04-25,19:45:00,32.13,32.14,32.12,32.14,4112,0
2017-04-25,19:50:00,32.145,32.15,32.14,32.15,600,0
2017-04-25,19:55:00,32.14,32.17,32.14,32.17,1434,0
2017-04-25,20:00:00,32.17,32.17,32.16,32.16,700,0
2017-04-25,20:05:00,32.15,32.17,32.14,32.17,1801,0
2017-04-25,20:10:00,32.18,32.19,32.17,32.17,3564,0
2017-04-25,20:15:00,32.17,32.17,32.13,32.13,2400,0
2017-04-25,20:20:00,32.13,32.14,32.11,32.14,3414,0
2017-04-25,20:25:00,32.13,32.13,32.12,32.13,1500,0
2017-04-25,20:30:00,32.13,32.13,32.1101,32.1101,1696,0
2017-04-25,20:35:00,32.12,32.12,32.11,32.12,5477,0
2017-04-25,20:40:00,32.115,32.115,32.09,32.105,8180,0
2017-04-25,20:45:00,32.1,32.1,32.08,32.08,2479,0
2017-04-25,20:50:00,32.09,32.09,32.06,32.07,7888,0
2017-04-25,20:55:00,32.07,32.075,32.06,32.07,5797,0
2017-04-25,21:00:00,32.06,32.06,32.04,32.0449,4852,0
2017-04-25,21:05:00,32.05,32.05,32.01,32.035,11870,0
2017-04-25,21:10:00,32.04,32.07,32.035,32.06,7425,0
2017-04-25,21:15:00,32.06,32.07,32.06,32.065,3240,0
2017-04-25,21:20:00,32.06,32.08,32.06,32.07,5350,0
2017-04-25,21:25:00,32.08,32.1,32.08,32.09,7500,0
2017-04-25,21:30:00,32.09,32.09,32.07,32.085,7072,0
2017-04-25,21:35:00,32.085,32.09,32.08,32.09,5006,0
2017-04-25,21:40:00,32.09,32.11,32.075,32.09,14365,0
2017-04-25,21:45:00,32.09,32.1,32.08,32.09,11040,0
2017-04-25,21:50:00,32.09,32.1,32.09,32.1,6755,0
2017-04-25,21:55:00,32.09,32.1,32.08,32.085,10377,0
2017-04-25,22:00:00,32.09,32.12,32.08,32.1,79900,0
2017-04-26,15:35:00,32.1,32.1,32.05,32.05,3545,0
2017-04-26,15:40:00,31.95,31.95,31.95,31.95,100,0
2017-04-26,15:45:00,31.96,32.01,31.95,31.97,2017,0
2017-04-26,15:50:00,31.91,31.94,31.91,31.94,397,0
2017-04-26,15:55:00,31.95,31.95,31.94,31.94,2538,0
2017-04-26,16:00:00,31.93,31.97,31.93,31.97,900,0
2017-04-26,16:05:00,32,32,31.935,31.95,975,0
2017-04-26,16:10:00,31.95,31.97,31.94,31.96,1510,0
2017-04-26,16:15:00,31.98,31.99,31.97,31.97,602,0
2017-04-26,16:20:00,31.9401,31.9709,31.9401,31.9709,878,0
2017-04-26,16:30:00,32.01,32.05,32.01,32.04,1570,0
2017-04-26,16:35:00,32.04,32.04,32.03,32.03,242,0
2017-04-26,16:40:00,32.02,32.05,32.02,32.05,2283,0
2017-04-26,16:45:00,32.05,32.05,32.02,32.03,1100,0
2017-04-26,16:50:00,32.035,32.04,32.02,32.04,1870,0
2017-04-26,16:55:00,32.05,32.06,32.04,32.06,900,0
2017-04-26,17:00:00,32.06,32.075,32.06,32.06,959,0
2017-04-26,17:05:00,32.06,32.06,32.0038,32.0038,2436,0
2017-04-26,17:10:00,32.01,32.035,32.01,32.035,1100,0
2017-04-26,17:15:00,32.03,32.035,32.03,32.03,800,0
2017-04-26,17:20:00,32.045,32.045,32.04,32.045,900,0
2017-04-26,17:25:00,32.045,32.085,32.045,32.08,2222,0
2017-04-26,17:30:00,32.09,32.13,32.09,32.13,2858,0
2017-04-26,17:35:00,32.13,32.13,32.13,32.13,107,0
2017-04-26,17:40:00,32.13,32.13,32.09,32.095,2466,0
2017-04-26,17:45:00,32.09,32.095,32.08,32.09,3101,0
2017-04-26,17:50:00,32.085,32.11,32.06,32.065,2042,0
2017-04-26,17:55:00,32.065,32.07,32.06,32.065,1600,0
2017-04-26,18:00:00,32.0501,32.055,32.0501,32.055,300,0
2017-04-26,18:05:00,32.05,32.06,32.05,32.05,1000,0
2017-04-26,18:10:00,32.04,32.04,32.035,32.035,1234,0
2017-04-26,18:15:00,32.03,32.035,32.03,32.035,3250,0
2017-04-26,18:20:00,32.035,32.05,32.03,32.035,5089,0
2017-04-26,18:25:00,32.035,32.035,32.03,32.03,1797,0
2017-04-26,18:30:00,32.035,32.04,32.03,32.03,1561,0
2017-04-26,18:35:00,32.03,32.03,32.0201,32.025,900,0
2017-04-26,18:40:00,32.025,32.03,32.025,32.025,900,0
2017-04-26,18:45:00,32.02,32.03,32.02,32.025,500,0
2017-04-26,18:50:00,32.03,32.05,32.025,32.03,3170,0
2017-04-26,18:55:00,32.03,32.04,32.03,32.04,200,0
2017-04-26,19:00:00,32.07,32.09,32.07,32.085,1605,0
2017-04-26,19:05:00,32.084,32.09,32.075,32.075,1168,0
2017-04-26,19:10:00,32.075,32.08,32.075,32.08,1912,0
2017-04-26,19:15:00,32.085,32.085,32.07,32.07,1333,0
2017-04-26,19:20:00,32.065,32.075,32.06,32.07,2275,0
2017-04-26,19:25:00,32.075,32.075,32.07,32.075,852,0
2017-04-26,19:30:00,32.07,32.075,32.055,32.055,1320,0
2017-04-26,19:35:00,32.05,32.055,32.03,32.04,3470,0
2017-04-26,19:40:00,32.045,32.045,32.045,32.045,200,0
2017-04-26,19:45:00,32.04,32.06,32.03,32.055,2900,0
2017-04-26,19:50:00,32.06,32.06,32.025,32.025,3293,0
2017-04-26,19:55:00,32.03,32.03,32.015,32.015,5975,0
2017-04-26,20:00:00,32.015,32.02,32.0099,32.0099,4400,0
2017-04-26,20:05:00,32.01,32.01,32,32.01,4898,0
2017-04-26,20:10:00,32,32.005,31.995,32,3329,0
2017-04-26,20:15:00,32,32,32,32,2200,0
2017-04-26,20:20:00,32,32.02,32,32.01,2340,0
2017-04-26,20:25:00,31.99,32.01,31.98,32.01,2329,0
2017-04-26,20:30:00,32,32.005,31.99,32,3000,0
2017-04-26,20:35:00,32,32.01,32,32.01,1329,0
2017-04-26,20:40:00,32.01,32.015,32.005,32.005,1500,0
2017-04-26,20:45:00,32,32.015,32,32.015,2337,0
2017-04-26,20:50:00,32.015,32.025,32.015,32.025,500,0
2017-04-26,20:55:00,32.015,32.04,32.015,32.04,1629,0
2017-04-26,21:00:00,32.04,32.04,32.0201,32.03,1063,0
2017-04-26,21:05:00,32.035,32.045,32.03,32.04,2010,0
2017-04-26,21:10:00,32.045,32.045,32.045,32.045,2900,0
2017-04-26,21:15:00,32.04,32.045,32.035,32.045,3580,0
2017-04-26,21:20:00,32.04,32.045,32.04,32.04,2000,0
2017-04-26,21:25:00,32.045,32.045,32.03,32.035,4370,0
2017-04-26,21:30:00,32.035,32.04,32.02,32.03,3100,0
2017-04-26,21:35:00,32.035,32.035,32.01,32.015,4000,0
2017-04-26,21:40:00,32.015,32.03,31.995,32.005,18909,0
2017-04-26,21:45:00,31.995,31.995,31.97,31.975,6401,0
2017-04-26,21:50:00,31.975,31.975,31.94,31.945,11670,0
2017-04-26,21:55:00,31.945,31.945,31.9,31.93,16700,0
2017-04-26,22:00:00,31.925,31.98,31.92,31.98,85250,0
