Date,Time,Open,High,Low,Close,Volume,OpenInt
2016-12-06,15:45:00,137.45,137.45,137.45,137.45,110,0
2016-12-06,17:40:00,135.73,135.73,135.73,135.73,500,0
2016-12-06,18:45:00,135.66,135.66,135.66,135.66,100,0
2016-12-06,20:40:00,135.68,135.68,135.68,135.68,1000,0
2016-12-06,21:20:00,135.0634,135.0634,135.0634,135.0634,500,0
2016-12-07,21:50:00,130.2,130.2,130.04,130.04,200,0
2016-12-07,21:55:00,129.76,129.85,129.76,129.85,610,0
2016-12-08,15:50:00,128.47,128.47,128.47,128.47,100,0
2016-12-08,16:00:00,129.06,129.06,129.06,129.06,100,0
2016-12-08,16:20:00,128.57,128.57,128.57,128.57,100,0
2016-12-12,16:25:00,133.2137,133.2137,133.2137,133.2137,25000,0
2016-12-12,18:40:00,131,131,131,131,100,0
2016-12-14,15:35:00,127,127,125.89,125.89,200,0
2016-12-14,21:20:00,123.5,123.5,123.5,123.5,100,0
2016-12-14,21:55:00,123.68,123.68,123.68,123.68,100,0
2016-12-15,16:20:00,124,124,124,124,100,0
2016-12-15,16:40:00,123.77,123.77,123.77,123.77,100,0
2016-12-15,22:00:00,123.32,123.32,123.32,123.32,100,0
2016-12-16,16:45:00,123.88,123.88,123.88,123.88,500,0
2016-12-16,20:05:00,123.61,123.66,123.58,123.58,2100,0
2016-12-16,20:10:00,123.61,123.61,123.61,123.61,400,0
2016-12-16,20:15:00,123.57,123.57,123.57,123.57,200,0
2016-12-16,21:05:00,123.67,123.67,123.66,123.66,600,0
2016-12-16,21:10:00,123.64,123.82,123.63,123.82,5200,0
2016-12-16,21:15:00,123.82,123.9,123.82,123.87,5700,0
2016-12-16,21:20:00,123.82,123.82,123.78,123.78,600,0
2016-12-16,21:25:00,123.76,123.76,123.73,123.73,2800,0
2016-12-16,21:30:00,123.76,123.76,123.74,123.74,2600,0
2016-12-16,21:35:00,123.71,123.79,123.71,123.77,7100,0
2016-12-16,21:40:00,123.76,123.77,123.71,123.72,7674,0
2016-12-16,21:45:00,123.72,123.72,123.43,123.51,14600,0
2016-12-16,21:50:00,123.76,123.76,123.76,123.76,4000,0
2016-12-16,21:55:00,123.81,123.81,123.81,123.81,2000,0
2016-12-16,22:00:00,123.52,123.66,123.39,123.65,5146,0
2016-12-19,15:35:00,123.45,123.45,123.45,123.45,300,0
2016-12-19,15:40:00,126,126,125.61,125.61,688,0
2016-12-19,15:55:00,124.98,124.98,124.98,124.98,304,0
2016-12-19,20:15:00,122.48,122.49,122.48,122.48,1000,0
2016-12-19,20:35:00,122.83,122.83,122.83,122.83,100,0
2016-12-19,21:00:00,122.46,122.46,122.46,122.46,500,0
2016-12-19,21:15:00,122.62,122.62,122.62,122.62,300,0
2016-12-19,21:20:00,122.37,122.37,122.37,122.37,100,0
2016-12-19,21:45:00,122.45,122.45,122.45,122.45,100,0
2016-12-19,21:55:00,122.55,122.55,122.55,122.55,100,0
2016-12-19,22:00:00,122.68,122.68,122.68,122.68,100,0
2016-12-20,21:00:00,122.8301,122.8301,122.8301,122.8301,100,0
2016-12-21,16:45:00,120.94,120.94,120.94,120.94,1400,0
2016-12-27,19:35:00,123.44,123.44,123.44,123.44,100,0
2016-12-27,21:30:00,123.8,123.8,123.79,123.8,500,0
2016-12-27,22:00:00,123.26,123.26,123.26,123.26,700,0
2016-12-28,20:40:00,121.4,121.66,121.4,121.66,2000,0
2016-12-28,20:45:00,121.54,121.74,121.54,121.74,400,0
2016-12-28,20:55:00,121.44,121.44,121.44,121.44,100,0
2016-12-28,21:15:00,121.59,121.59,121.59,121.59,100,0
2016-12-28,21:30:00,121.14,121.14,121.14,121.14,100,0
2016-12-28,21:40:00,121.73,121.73,121.73,121.73,100,0
2016-12-28,21:50:00,121.89,121.89,121.89,121.89,100,0
2016-12-28,22:00:00,121.7,121.7,121.7,121.7,105,0
2016-12-29,17:10:00,120.7601,120.7601,120.76,120.76,200,0
2016-12-29,17:15:00,120.7601,120.7601,120.7601,120.7601,100,0
2016-12-29,17:20:00,120.82,120.8201,120.82,120.8201,200,0
2016-12-29,17:35:00,121.0899,121.0899,121.0899,121.0899,100,0
2016-12-29,21:05:00,121.0999,121.0999,121.0999,121.0999,100,0
2016-12-29,21:20:00,121.1699,121.1699,121.1699,121.1699,100,0
2016-12-29,21:55:00,121.17,121.17,121.17,121.17,100,0
2016-12-30,18:10:00,120.41,120.41,120.41,120.41,100,0
2016-12-30,21:10:00,119.38,119.38,119.38,119.38,100,0
2017-01-03,16:05:00,121.37,121.3901,121.37,121.3901,564,0
2017-01-04,21:15:00,124.39,124.51,124.39,124.51,300,0
2017-01-04,21:20:00,124.45,124.45,124.37,124.45,1200,0
2017-01-04,21:40:00,124.53,124.53,124.53,124.53,500,0
2017-01-06,16:05:00,121.01,121.01,121.01,121.01,100,0
2017-01-06,16:30:00,122.06,122.06,122.06,122.06,100,0
2017-01-09,16:20:00,124.3,124.39,124.3,124.39,200,0
2017-01-09,16:30:00,124.23,124.23,124.23,124.23,100,0
2017-01-09,16:35:00,124.42,124.53,124.42,124.53,200,0
2017-01-09,16:40:00,125.67,125.67,125.66,125.66,300,0
2017-01-09,16:45:00,125.66,125.66,125.66,125.66,500,0
2017-01-09,17:00:00,125.22,125.22,125.22,125.22,100,0
2017-01-09,18:30:00,125.23,125.23,125.23,125.23,200,0
2017-01-09,18:45:00,124.99,124.99,124.99,124.99,100,0
2017-01-09,20:20:00,124.81,124.81,124.81,124.81,100,0
2017-01-09,21:40:00,125.37,125.49,125.37,125.49,400,0
2017-01-09,21:45:00,125.5,125.5,125.5,125.5,100,0
2017-01-09,21:55:00,125.5801,125.5801,125.5801,125.5801,100,0
2017-01-11,16:30:00,122.5,122.5,122.5,122.5,100,0
2017-01-12,15:40:00,123.07,123.07,122.84,122.84,200,0
2017-01-12,16:15:00,122.86,122.86,122.86,122.86,100,0
2017-01-12,16:25:00,122.83,122.84,122.83,122.84,200,0
2017-01-12,17:15:00,124.27,124.27,124.27,124.27,500,0
2017-01-12,21:45:00,126.36,126.36,126.36,126.36,200,0
2017-01-13,20:45:00,125.98,125.98,125.98,125.98,500,0
2017-01-13,20:50:00,125.91,125.91,125.91,125.91,500,0
2017-01-13,21:00:00,126.01,126.01,126,126.01,1380,0
2017-01-17,15:35:00,125.53,125.53,125.53,125.53,199,0
2017-01-17,15:40:00,124.29,124.29,124.29,124.29,100,0
2017-01-18,20:55:00,128.42,128.42,128.42,128.42,500,0
2017-01-18,21:15:00,128.54,128.54,128.54,128.54,500,0
2017-01-24,15:45:00,127.29,127.29,127.29,127.29,200,0
2017-01-24,19:10:00,127.33,127.33,127.33,127.33,100,0
2017-01-24,20:55:00,127.12,127.12,127.08,127.12,800,0
2017-01-24,21:05:00,127.42,127.42,127.39,127.39,300,0
2017-01-24,21:15:00,127.38,127.38,127.32,127.32,800,0
2017-01-24,21:50:00,126.99,126.99,126.99,126.99,100,0
2017-01-24,22:00:00,127.15,127.15,127.15,127.15,100,0
2017-01-25,15:45:00,127,127,127,127,100,0
2017-01-25,16:05:00,128.5,128.5,128.5,128.5,300,0
2017-01-25,16:55:00,128.59,128.59,128.59,128.59,100,0
2017-01-31,19:00:00,125.78,125.78,125.64,125.64,200,0
2017-01-31,19:05:00,125.8,125.8,125.8,125.8,100,0
2017-01-31,19:10:00,125.72,125.72,125.6,125.6,200,0
2017-01-31,19:15:00,125.55,125.55,125.55,125.55,100,0
2017-01-31,19:20:00,125.55,125.65,125.55,125.65,200,0
2017-01-31,19:25:00,125.86,125.86,125.86,125.86,100,0
2017-01-31,19:30:00,125.86,125.87,125.86,125.87,200,0
2017-01-31,19:35:00,125.91,125.91,125.91,125.91,100,0
2017-01-31,19:40:00,125.93,125.93,125.93,125.93,200,0
2017-01-31,19:45:00,125.79,125.79,125.79,125.79,100,0
2017-01-31,19:50:00,125.86,125.86,125.81,125.81,200,0
2017-01-31,19:55:00,125.86,125.86,125.86,125.86,100,0
2017-01-31,20:00:00,125.79,125.79,125.79,125.79,100,0
2017-01-31,20:05:00,125.88,125.94,125.88,125.94,200,0
2017-01-31,20:10:00,125.96,125.96,125.96,125.96,100,0
2017-01-31,20:15:00,125.91,125.91,125.91,125.91,100,0
2017-02-01,20:45:00,128.77,128.77,128.77,128.77,100,0
2017-02-07,17:45:00,128,128,128,128,100,0
2017-02-09,16:30:00,131.27,131.27,131.27,131.27,100,0
2017-02-09,16:35:00,131.67,131.67,131.67,131.67,100,0
2017-02-09,17:45:00,132.26,132.26,132.26,132.26,100,0
2017-02-09,18:05:00,132.2,132.2,132.2,132.2,100,0
2017-02-09,18:15:00,132.16,132.16,132.16,132.16,100,0
2017-02-09,18:50:00,131.4201,131.4201,131.4201,131.4201,200,0
2017-02-09,19:00:00,131.86,131.8601,131.86,131.8601,400,0
2017-02-09,19:30:00,134.05,134.05,134.05,134.05,100,0
2017-02-09,21:45:00,131.67,131.67,131.67,131.67,100,0
2017-02-09,21:50:00,131.7558,131.7558,131.7558,131.7558,100,0
2017-02-10,16:20:00,135.3,135.3,134.37,134.37,200,0
2017-02-10,17:05:00,129.97,129.97,129.95,129.95,300,0
2017-02-13,17:45:00,130.73,130.73,130.73,130.73,100,0
2017-02-13,19:15:00,126.2,126.2,126.2,126.2,100,0
2017-02-13,20:45:00,125.5,125.5,125.5,125.5,100,0
2017-02-13,20:50:00,125.56,125.56,125.56,125.56,100,0
2017-02-13,20:55:00,125.8,125.88,125.8,125.88,200,0
2017-02-13,21:00:00,125.96,128.3,125.96,128.3,300,0
2017-02-13,21:05:00,126.3,126.3,126.23,126.23,200,0
2017-02-13,21:10:00,126.26,126.33,126.26,126.33,200,0
2017-02-13,21:15:00,126.26,126.26,126.21,126.21,200,0
2017-02-13,21:20:00,126.39,126.39,126.32,126.32,200,0
2017-02-13,21:25:00,126.23,128.3,126.23,128.3,200,0
2017-02-13,21:30:00,126.21,126.21,126.08,126.08,200,0
2017-02-13,21:35:00,126.02,126.02,126.02,126.02,200,0
2017-02-13,21:40:00,126.09,126.12,126.09,126.12,200,0
2017-02-13,21:45:00,126.15,126.27,126.15,126.27,200,0
2017-02-13,21:50:00,126.32,126.32,126.29,126.29,200,0
2017-02-13,21:55:00,126.39,126.5,126.39,126.5,200,0
2017-02-13,22:00:00,126.44,126.44,126.32,126.35,302,0
2017-02-14,15:35:00,126.3761,126.3761,126.3761,126.3761,200,0
2017-02-15,19:05:00,130.19,130.19,130.19,130.19,100,0
2017-02-15,20:05:00,130.0401,130.0401,130.0401,130.0401,200,0
2017-02-15,20:25:00,130.65,130.6501,130.65,130.6501,600,0
2017-02-15,20:30:00,130.6101,130.6101,130.6101,130.6101,200,0
2017-02-15,20:40:00,130.6601,130.6601,130.66,130.66,400,0
2017-02-16,15:45:00,130.35,130.35,130.35,130.35,100,0
2017-02-17,20:05:00,131.44,131.44,131.44,131.44,125,0
2017-02-17,20:10:00,131.5,131.51,131.5,131.51,325,0
2017-02-17,20:15:00,131.51,131.51,131.51,131.51,225,0
2017-02-17,20:20:00,131.5,131.8,131.5,131.8,770,0
2017-02-17,20:25:00,132,132.22,132,132.17,1050,0
2017-02-17,20:30:00,132.17,133.22,132.09,133.22,2310,0
2017-02-17,20:35:00,133.27,133.27,132.2801,132.35,425,0
2017-02-17,20:40:00,132.2301,132.37,132.2301,132.37,500,0
2017-02-17,20:45:00,132.34,132.347,132.31,132.347,500,0
2017-02-17,20:50:00,132.3401,132.3401,132.27,132.28,400,0
2017-02-17,20:55:00,132.22,132.32,132.22,132.31,500,0
2017-02-17,21:00:00,132.2684,132.28,132.2601,132.28,400,0
2017-02-17,21:05:00,132.25,132.2584,132.2,132.25,400,0
2017-02-17,21:10:00,132.3001,132.3101,132.26,132.3101,500,0
2017-02-17,21:15:00,132.3,132.3,132.2175,132.22,400,0
2017-02-17,21:20:00,132.12,132.12,132.02,132.0501,500,0
2017-02-17,21:25:00,132.0075,132.0075,131.9766,131.985,400,0
2017-02-17,21:30:00,132,132.07,132,132.07,300,0
2017-02-17,21:35:00,132.1,132.1,132.05,132.05,400,0
2017-02-17,21:40:00,132.05,132.0767,132.05,132.0767,300,0
2017-02-17,21:45:00,132.08,132.1501,132.07,132.1501,400,0
2017-02-17,21:50:00,132.23,132.2867,132.23,132.28,800,0
2017-02-17,21:55:00,132.35,132.46,132.35,132.44,500,0
2017-02-17,22:00:00,132.49,132.56,132.49,132.53,700,0
2017-02-22,16:25:00,133.59,133.62,133.59,133.62,200,0
2017-02-22,16:35:00,133,133,133,133,100,0
2017-02-22,19:05:00,132.29,132.29,132.29,132.29,300,0
2017-02-24,21:00:00,131.61,131.808,131.61,131.808,400,0
2017-02-24,21:10:00,131.56,131.56,131.54,131.54,600,0
2017-02-24,21:15:00,131.66,131.66,131.66,131.66,200,0
2017-02-24,21:20:00,131.63,131.63,131.61,131.61,425,0
2017-02-24,21:25:00,131.58,131.6497,131.58,131.6497,200,0
2017-02-24,21:30:00,131.58,131.58,131.58,131.58,400,0
2017-02-27,19:30:00,132.8,132.8,132.8,132.8,100,0
2017-02-28,20:45:00,129.41,129.41,129.41,129.41,500,0
2017-02-28,22:00:00,129.76,129.76,129.76,129.76,200,0
2017-03-01,15:40:00,120.87,120.87,120.87,120.87,300,0
2017-03-01,15:45:00,121.06,121.06,118.19,118.91,1100,0
2017-03-01,15:50:00,118.16,118.16,117.82,117.82,600,0
2017-03-01,15:55:00,117.91,117.91,117.91,117.91,100,0
2017-03-01,16:05:00,119.91,119.9201,119.91,119.9201,500,0
2017-03-01,16:10:00,119.69,119.69,119.69,119.69,100,0
2017-03-01,16:15:00,119.49,119.49,116.73,116.73,300,0
2017-03-01,16:20:00,119.38,119.38,119.38,119.38,200,0
2017-03-01,16:35:00,118.81,119.38,118.81,119.38,400,0
2017-03-01,16:55:00,119.8,119.8,119.8,119.8,100,0
2017-03-01,17:10:00,120.11,120.11,120.11,120.11,100,0
2017-03-01,18:30:00,121.2335,121.2335,121.2335,121.2335,100,0
2017-03-01,19:20:00,121.09,121.09,121.09,121.09,300,0
2017-03-01,19:35:00,121.33,121.36,121.195,121.36,400,0
2017-03-01,19:40:00,121.4,121.4,121.205,121.205,200,0
2017-03-01,19:45:00,121.28,121.28,121.28,121.28,100,0
2017-03-01,21:20:00,121.77,121.77,121.77,121.77,100,0
2017-03-01,21:40:00,121.9,121.9,121.55,121.9,1900,0
2017-03-01,21:55:00,122.3947,122.3947,122.3947,122.3947,150,0
2017-03-02,15:35:00,121.65,121.83,121.65,121.81,600,0
2017-03-02,16:30:00,121.43,121.43,121.43,121.43,100,0
2017-03-02,19:00:00,121.46,121.46,121.46,121.46,100,0
2017-03-02,19:25:00,121.34,121.34,121.34,121.34,100,0
2017-03-03,15:45:00,125.31,125.31,125.31,125.31,100,0
2017-03-06,17:05:00,126.6,126.6,126.6,126.6,300,0
2017-03-06,17:10:00,126.24,126.24,126.24,126.24,500,0
2017-03-06,21:10:00,126.1276,126.1276,126.1276,126.1276,500,0
2017-03-08,15:45:00,128.87,128.87,123.94,123.94,200,0
2017-03-08,16:25:00,123.65,123.65,123.65,123.65,100,0
2017-03-08,18:05:00,123.6,123.6,123.6,123.6,100,0
2017-03-08,18:45:00,123.83,123.83,123.83,123.83,100,0
2017-03-08,21:40:00,124.08,124.08,124.08,124.08,100,0
2017-03-09,15:45:00,124.79,124.79,124.79,124.79,100,0
2017-03-09,15:50:00,124.47,124.47,124.47,124.47,500,0
2017-03-09,16:15:00,124.83,126.78,124.83,126.78,200,0
2017-03-09,16:20:00,124.51,124.51,124.51,124.51,100,0
2017-03-09,17:00:00,123.76,123.76,123.76,123.76,4500,0
2017-03-09,17:05:00,123.59,123.59,123.59,123.59,100,0
2017-03-10,16:55:00,124.47,124.47,124.47,124.47,100,0
2017-03-10,20:00:00,123.31,123.31,123.31,123.31,100,0
2017-03-10,20:10:00,123.87,123.87,123.87,123.87,200,0
2017-03-10,20:30:00,123.74,123.74,123.74,123.74,100,0
2017-03-10,20:45:00,123.45,123.45,123.36,123.36,1300,0
2017-03-10,20:50:00,123.4,123.4,123.23,123.28,1324,0
2017-03-10,20:55:00,123.25,123.29,123.24,123.29,800,0
2017-03-10,21:50:00,124.36,124.36,124.36,124.36,100,0
2017-03-14,15:20:00,119.26,119.26,119.26,119.26,350,0
2017-03-15,16:25:00,119.5086,119.5086,119.5086,119.5086,100,0
2017-03-16,20:30:00,118.76,118.76,118.7501,118.7501,200,0
2017-03-16,21:00:00,118.9,118.9,118.9,118.9,200,0
2017-03-17,19:10:00,118.19,118.19,118.19,118.19,100,0
2017-03-20,20:55:00,117.4,117.4,117.4,117.4,100,0
2017-03-21,14:45:00,117.17,117.17,117.17,117.17,333,0
2017-03-21,16:30:00,115.91,115.91,115.85,115.91,400,0
2017-03-23,17:55:00,115.12,115.12,115.12,115.12,100,0
2017-03-24,14:35:00,115.23,115.23,115.23,115.23,200,0
2017-03-28,16:40:00,117.281,117.281,117.281,117.281,100,0
2017-03-30,15:35:00,115.52,115.52,115.33,115.33,890,0
2017-03-30,15:40:00,115.09,115.09,114.81,114.81,680,0
2017-03-30,19:05:00,114.38,114.38,114.38,114.38,500,0
2017-03-30,21:30:00,113.7,113.7,113.7,113.7,500,0
2017-03-31,21:50:00,114.02,114.0201,114.02,114.0201,400,0
2017-04-04,16:50:00,110.83,110.83,110.83,110.83,150,0
2017-04-04,17:25:00,111.259,111.259,111.259,111.259,100,0
2017-04-05,15:40:00,112.56,112.6995,112.56,112.6995,834,0
2017-04-05,16:00:00,112.77,112.77,112.73,112.73,400,0
2017-04-06,15:55:00,114.44,114.44,114.44,114.44,100,0
2017-04-07,15:35:00,112.8,112.8,112.8,112.8,100,0
2017-04-10,19:20:00,112.96,112.96,112.96,112.96,75000,0
2017-04-11,18:05:00,112.61,112.6101,112.61,112.6101,200,0
2017-04-12,15:35:00,112.81,112.81,112.81,112.81,250,0
2017-04-19,17:35:00,109.39,109.3901,109.39,109.3901,400,0
2017-04-19,17:40:00,109.41,109.4101,109.41,109.4101,200,0
2017-04-20,15:50:00,104.63,104.63,104.63,104.63,500,0
2017-04-20,15:55:00,104.7,104.71,104.7,104.71,500,0
2017-04-20,16:10:00,104.69,104.69,104.69,104.69,100,0
2017-04-20,16:20:00,104.72,104.76,104.68,104.76,300,0
2017-04-20,16:25:00,104.35,104.35,104.35,104.35,100,0
2017-04-20,16:30:00,104.41,104.41,104.34,104.35,300,0
2017-04-20,16:35:00,104.42,104.42,102.08,102.08,200,0
2017-04-20,16:40:00,104.48,104.48,104.48,104.48,100,0
2017-04-20,17:05:00,104.28,104.29,104.28,104.29,700,0
2017-04-20,17:20:00,103.89,103.94,103.89,103.94,700,0
2017-04-20,17:25:00,103.73,103.73,103.47,103.51,4200,0
2017-04-20,17:30:00,103.51,103.54,103.23,103.23,400,0
2017-04-20,17:35:00,103.08,103.08,103.08,103.08,100,0
2017-04-20,21:20:00,105.27,105.2701,105.27,105.2701,400,0
2017-04-21,15:40:00,105.2,105.2,105.2,105.2,100,0
2017-04-21,16:15:00,104.89,104.89,104.89,104.89,300,0
2017-04-21,19:10:00,104.76,104.77,104.76,104.77,500,0
2017-04-21,19:35:00,104.64,104.6401,104.64,104.6401,200,0
2017-04-24,15:55:00,104.581,104.581,104.581,104.581,800,0
2017-04-25,16:15:00,105.43,105.44,105.43,105.44,270,0
2017-04-25,16:20:00,105.25,105.25,105.25,105.25,500,0
2017-04-26,18:55:00,106,106,105.96,105.96,200,0
