Date,Time,Open,High,Low,Close,Volume,OpenInt
2017-03-06,15:35:00,28.15,28.15,28.15,28.15,300,0
2017-03-06,15:45:00,28.45,28.5,28.45,28.5,527,0
2017-03-06,16:20:00,29.75,29.75,29.6,29.6,400,0
2017-03-06,16:55:00,29.625,29.625,29.6,29.625,300,0
2017-03-06,17:15:00,29.6,29.6,29.55,29.55,200,0
2017-03-06,18:05:00,29.5,29.5,29.5,29.5,100,0
2017-03-06,18:15:00,29.5,29.5,29.5,29.5,100,0
2017-03-06,18:20:00,29.45,29.45,29.45,29.45,100,0
2017-03-06,18:30:00,29.45,29.45,29.45,29.45,100,0
2017-03-06,18:45:00,29.35,29.35,29.35,29.35,200,0
2017-03-06,18:55:00,29.35,29.35,29.35,29.35,100,0
2017-03-06,19:15:00,29.3,29.3,29.3,29.3,100,0
2017-03-06,19:25:00,29.35,29.4,29.3,29.4,790,0
2017-03-06,20:05:00,29.4,29.4,29.4,29.4,200,0
2017-03-06,20:20:00,29.4,29.4,29.4,29.4,100,0
2017-03-06,20:25:00,29.4,29.4,29.4,29.4,200,0
2017-03-06,20:55:00,29.3,29.3,29.3,29.3,100,0
2017-03-06,21:00:00,29.3,29.3,29.2,29.25,7500,0
2017-03-06,21:05:00,29.25,29.25,29.1,29.1,1600,0
2017-03-06,21:30:00,29.25,29.25,29.25,29.25,100,0
2017-03-06,21:35:00,29.25,29.25,29.25,29.25,400,0
2017-03-06,21:40:00,29.25,29.25,29.25,29.25,100,0
2017-03-06,21:45:00,29.25,29.25,29.125,29.25,400,0
2017-03-06,21:55:00,29.25,29.25,29.125,29.25,600,0
2017-03-06,22:00:00,29.25,29.25,29.15,29.25,1407,0
2017-03-07,17:05:00,29.2,29.2,29.2,29.2,100,0
2017-03-07,17:30:00,29.2,29.3,29.2,29.25,2189,0
2017-03-07,17:45:00,29.25,29.25,29.25,29.25,100,0
2017-03-07,18:10:00,29.65,29.65,29.25,29.25,1000,0
2017-03-07,18:15:00,29.45,29.45,29.25,29.25,300,0
2017-03-07,19:00:00,29.5,29.5,29.2,29.25,1537,0
2017-03-07,20:15:00,29.25,29.25,29.25,29.25,200,0
2017-03-07,20:30:00,29.25,29.25,29.25,29.25,100,0
2017-03-07,20:40:00,29.35,29.35,29.35,29.35,100,0
2017-03-07,21:00:00,29.05,29.05,29.05,29.05,100,0
2017-03-07,21:05:00,29.4,29.4,29.4,29.4,100,0
2017-03-07,21:15:00,29.25,29.25,29.25,29.25,100,0
2017-03-07,21:20:00,29.25,29.25,29.25,29.25,100,0
2017-03-07,21:25:00,29.45,29.45,29.45,29.45,200,0
2017-03-07,21:35:00,29.25,29.25,29.25,29.25,200,0
2017-03-07,21:45:00,29.25,29.25,29.25,29.25,200,0
2017-03-07,21:50:00,29.25,29.25,29.1,29.1,200,0
2017-03-07,21:55:00,29.25,29.25,29.25,29.25,200,0
2017-03-07,22:00:00,29.25,29.25,29.1,29.25,602,0
2017-03-08,16:10:00,28.8,28.8,28.8,28.8,100,0
2017-03-08,16:55:00,29.125,29.75,29.1,29.2,700,0
2017-03-08,17:10:00,29.6,29.6,29.6,29.6,100,0
2017-03-08,17:15:00,29.55,29.75,29.3,29.4,1300,0
2017-03-08,17:20:00,29.4,29.55,29.4,29.55,600,0
2017-03-08,17:45:00,29.25,29.25,29.25,29.25,100,0
2017-03-08,17:55:00,29.5,29.5,29.5,29.5,100,0
2017-03-08,18:00:00,29.3,29.475,29.3,29.3,1400,0
2017-03-08,18:20:00,28.9,28.9,28.9,28.9,100,0
2017-03-08,18:55:00,28.9,29.3,28.9,29.3,300,0
2017-03-08,19:00:00,29,29,29,29,100,0
2017-03-08,19:30:00,29.3,29.3,29.3,29.3,100,0
2017-03-08,19:40:00,29.3,29.3,29.1,29.1,200,0
2017-03-08,19:50:00,29.3,29.3,29.3,29.3,100,0
2017-03-08,20:05:00,29.1,29.1,29.1,29.1,100,0
2017-03-08,20:15:00,29.25,29.25,29.1,29.25,400,0
2017-03-08,20:20:00,29.25,29.3,29.25,29.3,200,0
2017-03-08,20:25:00,29.25,29.3,29.25,29.3,400,0
2017-03-08,20:35:00,29.3,29.3,29.3,29.3,1000,0
2017-03-08,20:40:00,29.3,29.3,29.25,29.275,500,0
2017-03-08,20:45:00,29.25,29.25,29.25,29.25,100,0
2017-03-08,20:55:00,29.25,29.25,29.25,29.25,500,0
2017-03-08,21:05:00,29.25,29.3,29.25,29.25,400,0
2017-03-08,21:10:00,29.25,29.25,29.25,29.25,100,0
2017-03-08,21:15:00,29.25,29.3,29.25,29.3,200,0
2017-03-08,21:20:00,29.25,29.25,29.25,29.25,100,0
2017-03-08,21:25:00,29.3,29.3,29.25,29.25,300,0
2017-03-08,21:30:00,29.25,29.25,29.25,29.25,400,0
2017-03-08,21:35:00,29.25,29.25,29.25,29.25,25900,0
2017-03-08,21:45:00,29.25,29.275,29.25,29.275,607,0
2017-03-08,21:55:00,29.25,29.425,29.2,29.25,5678,0
2017-03-08,22:00:00,29.2,29.2,28.7,28.95,1905,0
2017-03-09,15:35:00,29.05,29.05,29.05,29.05,100,0
2017-03-09,15:50:00,29.15,29.15,29.15,29.15,100,0
2017-03-09,16:10:00,29.25,29.25,29.25,29.25,200,0
2017-03-09,16:25:00,29.25,29.25,29.25,29.25,200,0
2017-03-09,16:30:00,29.25,29.3,29.25,29.3,400,0
2017-03-09,16:40:00,29.25,29.25,29.25,29.25,100,0
2017-03-09,16:45:00,29.2,29.2,29.2,29.2,124,0
2017-03-09,16:55:00,29.25,29.3,29.25,29.3,400,0
2017-03-09,17:05:00,29.2,29.2,29.2,29.2,100,0
2017-03-09,17:10:00,29.2,29.2,29.2,29.2,100,0
2017-03-09,17:15:00,29.15,29.25,29.05,29.05,2657,0
2017-03-09,17:20:00,29,29,29,29,100,0
2017-03-09,17:25:00,29.1,29.1,29.1,29.1,100,0
2017-03-09,17:40:00,29.15,29.15,29.15,29.15,100,0
2017-03-09,17:50:00,29.2,29.2,29.1,29.1,600,0
2017-03-09,17:55:00,29.1,29.25,29.1,29.25,200,0
2017-03-09,18:00:00,29.25,29.25,29.25,29.25,100,0
2017-03-09,18:05:00,29.1,29.125,29,29,900,0
2017-03-09,18:20:00,29.2,29.2,29.2,29.2,100,0
2017-03-09,18:35:00,29.125,29.125,29,29,200,0
2017-03-09,18:40:00,29.05,29.1,29,29.1,500,0
2017-03-09,18:45:00,29.1,29.1,29.1,29.1,100,0
2017-03-09,19:05:00,29.1,29.125,29,29,1100,0
2017-03-09,19:20:00,29.03,29.05,29.03,29.05,500,0
2017-03-09,19:25:00,28.8,28.8,28.8,28.8,300,0
2017-03-09,19:30:00,29,29.1,29,29.1,717,0
2017-03-09,19:35:00,29,29,29,29,400,0
2017-03-09,20:00:00,29,29.15,29,29,900,0
2017-03-09,20:05:00,29,29,29,29,100,0
2017-03-09,20:40:00,28.975,28.975,28.975,28.975,100,0
2017-03-09,20:45:00,29.1,29.1,29,29,700,0
2017-03-09,20:50:00,29,29,29,29,224,0
2017-03-09,20:55:00,29,29,29,29,100,0
2017-03-09,21:00:00,29,29,29,29,100,0
2017-03-09,21:05:00,29,29,29,29,300,0
2017-03-09,21:20:00,28.975,29.05,28.975,29,1361,0
2017-03-09,21:25:00,29,29,29,29,200,0
2017-03-09,21:35:00,29,29,29,29,100,0
2017-03-09,21:40:00,29,29,29,29,400,0
2017-03-09,21:45:00,28.95,29,28.95,29,442,0
2017-03-09,21:50:00,29,29,29,29,1131,0
2017-03-09,21:55:00,29,29,29,29,505,0
2017-03-09,22:00:00,29,29,29,29,1530,0
2017-03-10,15:35:00,29,29,29,29,100,0
2017-03-10,16:30:00,28.9,28.9,28.9,28.9,100,0
2017-03-10,16:40:00,29,29.15,29,29.15,200,0
2017-03-10,16:50:00,29.15,29.15,29.15,29.15,200,0
2017-03-10,17:05:00,29.2,29.2,29.2,29.2,100,0
2017-03-10,17:30:00,29.2,29.2,29.2,29.2,100,0
2017-03-10,17:45:00,29.25,29.25,29.2,29.2,200,0
2017-03-10,17:50:00,29.2,29.2,29.2,29.2,100,0
2017-03-10,18:00:00,29.2,29.25,29.2,29.2,300,0
2017-03-10,18:05:00,29.25,29.25,29.25,29.25,100,0
2017-03-10,18:20:00,29,29.125,29,29.125,400,0
2017-03-10,18:25:00,29,29.05,29,29,500,0
2017-03-10,19:15:00,29.05,29.2,29.05,29.2,200,0
2017-03-10,19:35:00,29.05,29.05,29.05,29.05,100,0
2017-03-10,19:50:00,29.1,29.1,29,29,300,0
2017-03-10,19:55:00,29,29,29,29,100,0
2017-03-10,20:05:00,29.05,29.05,29,29,200,0
2017-03-10,20:15:00,29.05,29.05,29.05,29.05,100,0
2017-03-10,20:20:00,29,29,29,29,400,0
2017-03-10,20:30:00,29,29,29,29,200,0
2017-03-10,20:35:00,29,29,29,29,600,0
2017-03-10,20:40:00,29,29.05,29,29,600,0
2017-03-10,20:45:00,29,29,29,29,400,0
2017-03-10,20:50:00,29.05,29.05,29,29,200,0
2017-03-10,20:55:00,29.05,29.1,29,29.1,700,0
2017-03-10,21:00:00,29.1,29.1,29.1,29.1,100,0
2017-03-10,21:05:00,29,29,29,29,200,0
2017-03-10,21:15:00,29.1,29.125,29,29,900,0
2017-03-10,21:20:00,29,29,29,29,600,0
2017-03-10,21:25:00,29.2,29.2,29.025,29.025,200,0
2017-03-10,21:30:00,29.025,29.2,29,29,500,0
2017-03-10,21:35:00,29.1,29.1,29.1,29.1,100,0
2017-03-10,21:40:00,29.05,29.1,29,29,700,0
2017-03-10,21:50:00,29.05,29.05,29,29.05,400,0
2017-03-10,21:55:00,29.05,29.05,29,29,300,0
2017-03-10,22:00:00,29.05,29.45,28.75,28.75,6788,0
2017-03-13,15:20:00,28.65,28.65,28.65,28.65,100,0
2017-03-13,15:50:00,28.2,28.2,28.2,28.2,100,0
2017-03-13,16:00:00,28.45,28.45,28.45,28.45,100,0
2017-03-13,16:05:00,28.1,28.525,28.1,28.525,200,0
2017-03-13,16:35:00,28.875,29,28.875,29,2200,0
2017-03-13,16:45:00,29,29,28.9,28.9,200,0
2017-03-13,17:00:00,28.7,28.8,28.7,28.8,200,0
2017-03-13,17:15:00,28.5,28.5,28.5,28.5,100,0
2017-03-13,17:25:00,29.05,29.05,29.05,29.05,100,0
2017-03-13,17:35:00,28.8,28.8,28.8,28.8,100,0
2017-03-13,17:40:00,28.8,28.8,28.8,28.8,100,0
2017-03-13,17:50:00,29,29,29,29,500,0
2017-03-13,18:25:00,28.9,28.9,28.9,28.9,100,0
2017-03-13,18:45:00,28.9,28.9,28.9,28.9,333,0
2017-03-13,19:05:00,28.85,28.85,28.85,28.85,200,0
2017-03-13,19:10:00,28.95,28.95,28.95,28.95,1200,0
2017-03-13,19:15:00,28.95,28.95,28.9,28.9,310,0
2017-03-13,19:30:00,28.9,28.9,28.9,28.9,100,0
2017-03-13,19:40:00,28.75,29,28.75,29,22100,0
2017-03-13,20:00:00,28.8,28.875,28.8,28.875,200,0
2017-03-13,20:05:00,28.9,28.9,28.9,28.9,100,0
2017-03-13,20:10:00,28.9,28.9,28.9,28.9,100,0
2017-03-13,20:15:00,28.95,28.95,28.9,28.9,400,0
2017-03-13,20:20:00,28.8,28.8,28.8,28.8,1300,0
2017-03-13,20:25:00,28.85,28.875,28.7,28.7,700,0
2017-03-13,20:30:00,28.5,28.5,28.5,28.5,100,0
2017-03-13,20:45:00,28.85,28.85,28.85,28.85,100,0
2017-03-13,20:50:00,28.45,28.8,28.4,28.4,700,0
2017-03-13,20:55:00,28.8,28.8,28.475,28.475,351,0
2017-03-13,21:00:00,28.6,28.65,28.45,28.45,1107,0
2017-03-14,14:35:00,29.05,29.05,29.05,29.05,3059,0
2017-03-14,15:25:00,28.9,28.9,28.9,28.9,100,0
2017-03-14,15:30:00,28.9,28.9,28.9,28.9,100,0
2017-03-14,15:45:00,28.6,28.95,28.2,28.95,600,0
2017-03-14,15:50:00,28.2,28.9,28.2,28.85,1400,0
2017-03-14,15:55:00,28.85,28.875,28.85,28.875,300,0
2017-03-14,16:00:00,28.75,28.75,28.7,28.7,300,0
2017-03-14,16:10:00,28.7,28.7,28.5,28.5,1235,0
2017-03-14,16:20:00,28.5,28.9,28.5,28.85,900,0
2017-03-14,16:25:00,28.75,28.75,28.75,28.75,400,0
2017-03-14,16:30:00,28.85,28.85,28.85,28.85,100,0
2017-03-14,16:40:00,28.9,28.9,28.8,28.85,1000,0
2017-03-14,16:55:00,28.8,28.8,28.8,28.8,437,0
2017-03-14,17:00:00,28.8,28.8,28.8,28.8,100,0
2017-03-14,17:05:00,28.8,28.8,28.8,28.8,400,0
2017-03-14,17:10:00,28.7,28.75,28.7,28.75,200,0
2017-03-14,17:30:00,28.9,28.9,28.9,28.9,100,0
2017-03-14,17:40:00,28.85,28.85,28.85,28.85,100,0
2017-03-14,17:45:00,28.85,28.85,28.8,28.8,200,0
2017-03-14,17:50:00,28.85,28.85,28.75,28.75,600,0
2017-03-14,18:00:00,28.8,28.8,28.8,28.8,100,0
2017-03-14,18:15:00,28.85,28.85,28.8,28.8,300,0
2017-03-14,18:20:00,28.8,28.8,28.8,28.8,400,0
2017-03-14,18:30:00,28.8,28.8,28.8,28.8,100,0
2017-03-14,18:40:00,28.875,28.875,28.8,28.8,400,0
2017-03-14,18:45:00,28.8,28.875,28.8,28.875,200,0
2017-03-14,18:50:00,28.875,28.875,28.8,28.8,200,0
2017-03-14,19:00:00,28.875,28.875,28.8,28.8,200,0
2017-03-14,19:15:00,28.875,28.875,28.875,28.875,200,0
2017-03-14,19:20:00,28.8,28.8,28.8,28.8,300,0
2017-03-14,19:30:00,28.8,28.8,28.8,28.8,200,0
2017-03-14,19:35:00,28.8,28.8,28.8,28.8,200,0
2017-03-14,19:40:00,28.8,28.8,28.8,28.8,300,0
2017-03-14,19:50:00,28.8,28.8,28.8,28.8,100,0
2017-03-14,19:55:00,28.75,28.75,28.75,28.75,300,0
2017-03-14,20:00:00,28.75,28.75,28.75,28.75,100,0
2017-03-14,20:05:00,28.75,28.8,28.75,28.75,300,0
2017-03-14,20:10:00,28.8,28.8,28.75,28.75,200,0
2017-03-14,20:15:00,28.8,28.8,28.8,28.8,200,0
2017-03-14,20:20:00,28.75,28.8,28.75,28.8,300,0
2017-03-14,20:25:00,28.75,28.75,28.75,28.75,100,0
2017-03-14,20:30:00,28.8,28.8,28.75,28.75,400,0
2017-03-14,20:35:00,28.75,28.75,28.65,28.65,500,0
2017-03-14,20:45:00,28.75,28.75,28.75,28.75,100,0
2017-03-14,20:50:00,28.75,28.875,28.75,28.875,2105,0
2017-03-14,20:55:00,28.75,28.875,28.75,28.75,879,0
2017-03-14,21:00:00,28.75,28.825,28.6,28.6,2200,0
2017-03-15,15:15:00,27.75,27.75,27.75,27.75,350,0
2017-03-15,15:20:00,29.45,29.45,29.45,29.45,100,0
2017-03-15,15:25:00,27.75,27.75,27.75,27.75,100,0
2017-03-15,15:55:00,28.95,29.15,28.95,29.15,200,0
2017-03-15,16:20:00,29.2,29.65,29,29,1500,0
2017-03-15,16:25:00,29.1,29.1,29.1,29.1,200,0
2017-03-15,16:40:00,29,29,29,29,200,0
2017-03-15,16:45:00,29.075,29.3,29.075,29.3,200,0
2017-03-15,16:50:00,29,29.075,29,29.075,200,0
2017-03-15,17:00:00,29.1,29.1,29.1,29.1,100,0
2017-03-15,17:05:00,29.1,29.3,29,29,56320,0
2017-03-15,17:15:00,29.05,29.05,29,29,1500,0
2017-03-15,17:20:00,29.175,29.175,29,29.05,900,0
2017-03-15,17:25:00,29,29,29,29,200,0
2017-03-15,17:40:00,29,29,28.8,28.8,1300,0
2017-03-15,17:45:00,29,29,29,29,100,0
2017-03-15,17:55:00,28.65,28.85,28.65,28.85,200,0
2017-03-15,18:20:00,28.75,28.85,28.75,28.85,600,0
2017-03-15,18:35:00,29,29,28.95,28.95,200,0
2017-03-15,18:40:00,29.25,29.25,29.25,29.25,100,0
2017-03-15,18:50:00,28.65,28.65,28.65,28.65,100,0
2017-03-15,19:05:00,29.2,29.2,29,29,200,0
2017-03-15,19:10:00,29,29.25,28.65,28.65,1237,0
2017-03-15,19:15:00,28.65,28.65,28.65,28.65,200,0
2017-03-15,19:30:00,29,29,29,29,100,0
2017-03-15,19:40:00,28.95,28.95,28.95,28.95,200,0
2017-03-15,19:45:00,28.6,28.6,28.6,28.6,100,0
2017-03-15,19:50:00,28.75,29,28.75,29,1000,0
2017-03-15,20:10:00,28.9,28.9,28.9,28.9,300,0
2017-03-15,20:20:00,28.9,29,28.9,29,200,0
2017-03-15,20:30:00,28.9,28.9,28.9,28.9,100,0
2017-03-15,20:35:00,28.8138,28.95,28.8138,28.95,700,0
2017-03-15,20:50:00,29,29,28.7,28.7,790,0
2017-03-15,20:55:00,28.7,28.7,28.65,28.65,600,0
2017-03-15,21:00:00,28.65,28.65,28.6,28.65,1081,0
2017-03-16,14:35:00,28.65,28.65,28.65,28.65,251,0
2017-03-16,14:50:00,29,29,29,29,100,0
2017-03-16,15:30:00,28.925,29,28.9,28.925,19200,0
2017-03-16,16:10:00,29.25,29.25,28.675,28.7,1140,0
2017-03-16,16:35:00,28.95,28.95,28.95,28.95,100,0
2017-03-16,16:45:00,28.9,28.9,28.9,28.9,100,0
2017-03-16,17:30:00,28.95,28.95,28.95,28.95,100,0
2017-03-16,17:35:00,28.9,28.9,28.9,28.9,100,0
2017-03-16,18:15:00,28.85,28.85,28.85,28.85,100,0
2017-03-16,18:25:00,28.85,28.85,28.85,28.85,200,0
2017-03-16,18:30:00,28.85,28.85,28.85,28.85,100,0
2017-03-16,18:55:00,28.775,28.8,28.775,28.8,500,0
2017-03-16,19:05:00,28.775,28.775,28.7,28.7,300,0
2017-03-16,19:20:00,28.7,28.7,28.7,28.7,100,0
2017-03-16,19:40:00,28.7,28.7,28.7,28.7,100,0
2017-03-16,19:55:00,28.7,28.7,28.7,28.7,200,0
2017-03-16,20:00:00,28.7,28.7,28.7,28.7,100,0
2017-03-16,20:05:00,28.65,28.65,28.2,28.2,400,0
2017-03-16,20:10:00,27.8,27.8,27.8,27.8,200,0
2017-03-16,20:15:00,27.95,27.95,27.95,27.95,100,0
2017-03-16,20:25:00,28.35,28.35,28.35,28.35,100,0
2017-03-16,20:30:00,28.15,28.25,27.9,27.9,300,0
2017-03-16,20:35:00,28.15,28.25,28.15,28.2,300,0
2017-03-16,20:40:00,28.1,28.2,28.1,28.2,200,0
2017-03-16,20:50:00,27.95,28.35,27.95,28.35,1500,0
2017-03-16,20:55:00,28.7,28.7,28.35,28.35,703,0
2017-03-16,21:00:00,28.35,28.4,28,28.1,974,0
2017-03-17,14:35:00,28,28,28,28,249,0
2017-03-17,15:15:00,28.35,28.35,28.35,28.35,100,0
2017-03-17,15:20:00,28.7,28.7,28.7,28.7,100,0
2017-03-17,15:45:00,28.5,28.5,28.5,28.5,100,0
2017-03-17,16:15:00,28.45,28.75,28.45,28.75,1062,0
2017-03-17,16:45:00,28.6,28.6,28.6,28.6,100,0
2017-03-17,16:55:00,28.7,28.7,28.7,28.7,100,0
2017-03-17,17:00:00,28.6,28.6,28.6,28.6,100,0
2017-03-17,17:30:00,28.7,28.75,28.7,28.75,300,0
2017-03-17,17:35:00,28.85,28.85,28.75,28.75,600,0
2017-03-17,17:40:00,28.7,28.7,28.7,28.7,200,0
2017-03-17,17:55:00,28.75,28.75,28.75,28.75,200,0
2017-03-17,18:10:00,28.75,28.75,28.75,28.75,100,0
2017-03-17,18:20:00,28.75,28.75,28.75,28.75,100,0
2017-03-17,18:25:00,28.8,28.8,28.75,28.75,200,0
2017-03-17,18:30:00,28.75,28.75,28.75,28.75,100,0
2017-03-17,19:15:00,28.8,28.8,28.75,28.75,300,0
2017-03-17,19:25:00,28.85,28.85,28.75,28.75,200,0
2017-03-17,19:45:00,28.75,28.75,28.75,28.75,100,0
2017-03-17,19:55:00,28.8,28.8,28.8,28.8,100,0
2017-03-17,20:05:00,28.75,28.75,28.75,28.75,200,0
2017-03-17,20:10:00,28.7,28.7,28.7,28.7,100,0
2017-03-17,20:15:00,28.8,28.85,28.75,28.8,500,0
2017-03-17,20:20:00,28.75,28.85,28.75,28.75,1100,0
2017-03-17,20:25:00,28.8,28.85,28.75,28.75,2300,0
2017-03-17,20:30:00,28.75,28.875,28.75,28.75,600,0
2017-03-17,20:35:00,28.75,28.8,28.75,28.8,300,0
2017-03-17,20:40:00,28.75,29,28.75,28.75,1000,0
2017-03-17,20:45:00,28.75,28.775,28.75,28.75,400,0
2017-03-17,20:50:00,28.825,29,28.75,28.85,600,0
2017-03-17,20:55:00,28.1,28.95,28.05,28.5,6905,0
2017-03-17,21:00:00,28.325,28.7,28.25,28.35,32637,0
2017-03-20,14:35:00,28.45,28.45,28.45,28.45,100,0
2017-03-20,15:05:00,28.65,28.65,28.65,28.65,100,0
2017-03-20,15:20:00,28.7,28.7,28.7,28.7,100,0
2017-03-20,15:25:00,28.7,28.7,28.7,28.7,100,0
2017-03-20,15:55:00,28.7,28.7,28.7,28.7,412,0
2017-03-20,16:10:00,28.7,28.7,28.7,28.7,100,0
2017-03-20,16:15:00,28.7,28.7,28.7,28.7,300,0
2017-03-20,16:30:00,28.725,28.725,28.725,28.725,100,0
2017-03-20,16:55:00,28.7,28.7,28.7,28.7,100,0
2017-03-20,17:25:00,28.7,28.7,28.7,28.7,100,0
2017-03-20,17:40:00,28.725,28.725,28.725,28.725,100,0
2017-03-20,17:55:00,28.725,28.725,28.725,28.725,100,0
2017-03-20,18:05:00,28.7,28.8,28.65,28.65,500,0
2017-03-20,18:15:00,28.55,28.55,28.55,28.55,100,0
2017-03-20,18:30:00,28.7,28.8,28.7,28.7,2760,0
2017-03-20,18:35:00,28.65,28.65,28.65,28.65,100,0
2017-03-20,18:40:00,28.725,28.725,28.725,28.725,100,0
2017-03-20,18:50:00,28.65,28.725,28.65,28.725,200,0
2017-03-20,19:00:00,28.6,28.6,28.6,28.6,100,0
2017-03-20,19:30:00,28.7,28.8,28.7,28.8,200,0
2017-03-20,19:45:00,28.75,28.75,28.75,28.75,100,0
2017-03-20,20:00:00,28.75,28.95,28.75,28.95,2000,0
2017-03-20,20:15:00,28.75,28.75,28.75,28.75,300,0
2017-03-20,20:25:00,28.9,28.9,28.9,28.9,100,0
2017-03-20,20:30:00,28.9,28.9,28.8,28.8,412,0
2017-03-20,20:55:00,28.9,28.9,28.9,28.9,312,0
2017-03-20,21:00:00,28.9,28.9,28.9,28.9,953,0
2017-03-21,14:35:00,29,29,29,29,138,0
2017-03-21,14:40:00,29,29,28.95,29,300,0
2017-03-21,14:45:00,29,29,29,29,1500,0
2017-03-21,14:50:00,28.9,28.9,28.85,28.85,400,0
2017-03-21,14:55:00,29,29,29,29,300,0
2017-03-21,15:00:00,29,29,29,29,300,0
2017-03-21,15:05:00,28.9,28.9,28.9,28.9,100,0
2017-03-21,15:40:00,28.9,28.9,28.85,28.85,200,0
2017-03-21,16:10:00,28.9,28.9,28.9,28.9,100,0
2017-03-21,16:20:00,28.75,28.75,28.75,28.75,300,0
2017-03-21,16:40:00,28.65,28.65,28.6,28.6,500,0
2017-03-21,16:45:00,28.65,28.7,28.5,28.7,985,0
2017-03-21,17:05:00,28.65,28.7,28.65,28.7,200,0
2017-03-21,17:35:00,28.65,28.65,28.65,28.65,100,0
2017-03-21,18:20:00,28.65,28.65,28.65,28.65,100,0
2017-03-21,18:35:00,28.65,28.65,28.4,28.4,1800,0
2017-03-21,18:40:00,28.4,28.4,28.35,28.35,2200,0
2017-03-21,18:45:00,28.65,28.65,28.65,28.65,100,0
2017-03-21,18:55:00,28.4,28.4,28.4,28.4,100,0
2017-03-21,19:00:00,28.45,28.45,28.45,28.45,100,0
2017-03-21,19:15:00,28.45,28.45,28.45,28.45,100,0
2017-03-21,19:35:00,28.225,28.4,28.225,28.25,500,0
2017-03-21,19:50:00,28,28,28,28,100,0
2017-03-21,20:15:00,28.075,28.15,28.05,28.15,300,0
2017-03-21,20:25:00,28.05,28.05,28,28,300,0
2017-03-21,20:35:00,28,28,28,28,200,0
2017-03-21,20:40:00,28,28,28,28,500,0
2017-03-21,20:50:00,27.8,27.8,27.8,27.8,100,0
2017-03-21,20:55:00,28.2,28.2,28.15,28.15,200,0
2017-03-21,21:00:00,28.1,28.35,28.1,28.2,1139,0
2017-03-22,14:35:00,27.95,27.95,27.95,27.95,120,0
2017-03-22,14:40:00,28.1,28.3,28.1,28.25,500,0
2017-03-22,14:45:00,28.5,28.5,28.5,28.5,326,0
2017-03-22,15:20:00,28.6,28.6,28.6,28.6,100,0
2017-03-22,15:45:00,28.5,28.5,28.5,28.5,100,0
2017-03-22,16:15:00,28.45,28.45,28.4,28.4,200,0
2017-03-22,16:20:00,28.4,28.4,28.4,28.4,100,0
2017-03-22,16:45:00,28.35,28.35,28.35,28.35,100,0
2017-03-22,16:50:00,28.25,28.25,28.25,28.25,300,0
2017-03-22,16:55:00,28.25,28.25,28.25,28.25,200,0
2017-03-22,17:10:00,28.3,28.3,28.25,28.25,800,0
2017-03-22,17:15:00,28.3,28.3,28.3,28.3,200,0
2017-03-22,17:45:00,28.3,28.3,28.3,28.3,200,0
2017-03-22,17:50:00,28.295,28.3,28.295,28.3,965,0
2017-03-22,18:00:00,28.25,28.25,28.25,28.25,100,0
2017-03-22,18:10:00,28.15,28.15,28.05,28.05,400,0
2017-03-22,18:30:00,28.2,28.2,28.2,28.2,100,0
2017-03-22,18:40:00,28.2,28.3,28.2,28.2,2025,0
2017-03-22,18:45:00,28.3,28.3,28.3,28.3,100,0
2017-03-22,18:55:00,28.325,28.325,28.325,28.325,200,0
2017-03-22,19:20:00,28.3,28.3,28.3,28.3,100,0
2017-03-22,19:30:00,28.1,28.15,28.1,28.15,200,0
2017-03-22,19:40:00,28.25,28.25,28.25,28.25,100,0
2017-03-22,19:45:00,28.25,28.25,28.25,28.25,100,0
2017-03-22,20:00:00,28.3,28.3,28.3,28.3,100,0
2017-03-22,20:10:00,28.225,28.4,27.9,28.4,3244,0
2017-03-22,20:15:00,28,28,28,28,200,0
2017-03-22,20:20:00,28,28,28,28,100,0
2017-03-22,20:30:00,28,28,27.9,28,300,0
2017-03-22,20:40:00,27.75,27.95,27.75,27.75,1323,0
2017-03-22,20:45:00,27.75,27.75,27.75,27.75,471,0
2017-03-22,20:50:00,28.35,28.35,28.35,28.35,100,0
2017-03-22,20:55:00,28.05,28.05,28.05,28.05,100,0
2017-03-22,21:00:00,28.25,28.35,28,28,1630,0
2017-03-23,14:35:00,28.05,28.05,28.05,28.05,100,0
2017-03-23,14:50:00,27.8,27.8,27.8,27.8,100,0
2017-03-23,16:40:00,28.25,28.25,28.25,28.25,100,0
2017-03-23,17:40:00,28.5,28.5,28.4,28.4,200,0
2017-03-23,17:50:00,28.305,28.5,28.3,28.3,1300,0
2017-03-23,17:55:00,28.3,28.3,28.3,28.3,800,0
2017-03-23,18:10:00,28.05,28.05,27.5,27.5,3031,0
2017-03-23,18:50:00,28.1,28.1,28.1,28.1,100,0
2017-03-23,19:10:00,28,28,28,28,100,0
2017-03-23,19:30:00,27.95,27.95,27.95,27.95,100,0
2017-03-23,20:05:00,28.25,28.25,28.25,28.25,100,0
2017-03-23,20:10:00,28.2,28.2,28.2,28.2,100,0
2017-03-23,20:35:00,28.35,28.35,28.35,28.35,100,0
2017-03-23,20:50:00,28.4,28.4,28.4,28.4,100,0
2017-03-23,21:00:00,28.5,28.5,28.5,28.5,205,0
2017-03-24,14:35:00,28.55,28.55,28.55,28.55,200,0
2017-03-24,15:10:00,28.2,28.2,28.2,28.2,229,0
2017-03-24,15:15:00,28.2,28.2,28.2,28.2,100,0
2017-03-24,15:25:00,28.1,28.1,28.1,28.1,100,0
2017-03-24,15:45:00,28.1,28.1,28.1,28.1,100,0
2017-03-24,16:00:00,28.1,28.1,28.1,28.1,100,0
2017-03-24,16:10:00,27.95,28.225,27.95,28.225,1103,0
2017-03-24,16:30:00,28.25,28.25,28.25,28.25,100,0
2017-03-24,16:45:00,28.275,28.275,28.1,28.15,300,0
2017-03-24,16:55:00,28.1,28.125,27.45,28.125,3581,0
2017-03-24,17:20:00,28.1,28.1,28.1,28.1,100,0
2017-03-24,18:35:00,28.125,28.125,28.125,28.125,100,0
2017-03-24,18:50:00,28.1,28.1,28.1,28.1,100,0
2017-03-24,18:55:00,28.125,28.125,28.1,28.1,200,0
2017-03-24,19:25:00,28.1,28.1,28.1,28.1,100,0
2017-03-24,19:35:00,28.1,28.175,28.1,28.175,300,0
2017-03-24,19:55:00,28.1,28.15,28.1,28.15,300,0
2017-03-24,20:05:00,28.15,28.15,28.15,28.15,100,0
2017-03-24,20:10:00,28.1,28.1,28.1,28.1,100,0
2017-03-24,20:20:00,28.1,28.1,28.1,28.1,100,0
2017-03-24,20:25:00,28.1,28.1,28.1,28.1,100,0
2017-03-24,20:35:00,28.15,28.15,28.15,28.15,100,0
2017-03-24,20:40:00,28.075,28.075,28,28,600,0
2017-03-24,20:55:00,28.05,28.15,28.05,28.15,300,0
2017-03-24,21:00:00,28.2,28.25,28.2,28.25,400,0
2017-03-27,15:45:00,28.4,28.4,28.4,28.4,100,0
2017-03-27,16:35:00,28.05,28.05,28.05,28.05,100,0
2017-03-27,16:55:00,28.3,28.3,28.3,28.3,200,0
2017-03-27,17:25:00,28.25,28.25,28.05,28.05,300,0
2017-03-27,17:50:00,28.3,28.3,28.3,28.3,100,0
2017-03-27,17:55:00,28.05,28.05,28.05,28.05,100,0
2017-03-27,18:00:00,28.2,28.2,28.2,28.2,100,0
2017-03-27,18:15:00,27.75,28.35,27.75,28.35,900,0
2017-03-27,18:30:00,28.25,28.25,27.8,28.25,300,0
2017-03-27,18:50:00,28.2,28.2,28.2,28.2,100,0
2017-03-27,18:55:00,28.35,28.35,28.35,28.35,200,0
2017-03-27,19:05:00,28.4,28.4,28.4,28.4,100,0
2017-03-27,19:15:00,28.4,28.4,28.4,28.4,100,0
2017-03-27,19:45:00,28.4,28.4,28.4,28.4,100,0
2017-03-27,19:55:00,28.2,28.2,28.2,28.2,100,0
2017-03-27,20:15:00,28.35,28.35,28.35,28.35,100,0
2017-03-27,20:45:00,28.15,28.15,28.15,28.15,100,0
2017-03-27,21:10:00,28.5,28.5,28.5,28.5,100,0
2017-03-27,21:30:00,28.5,28.5,28.5,28.5,200,0
2017-03-27,21:45:00,28.5,28.5,28.5,28.5,100,0
2017-03-27,21:50:00,28.5,28.5,28.5,28.5,100,0
2017-03-27,21:55:00,28.5,28.5,28.45,28.45,400,0
2017-03-27,22:00:00,28.45,28.5,28.45,28.5,556,0
2017-03-28,16:55:00,28.5,28.5,28.5,28.5,100,0
2017-03-28,17:50:00,28.5,28.5,28.5,28.5,300,0
2017-03-28,18:05:00,28.5,28.5,28.5,28.5,100,0
2017-03-28,18:45:00,28.4,28.4,28.4,28.4,100,0
2017-03-28,18:55:00,28.3,28.5,28.3,28.5,600,0
2017-03-28,19:25:00,28.425,28.425,28.425,28.425,100,0
2017-03-28,19:30:00,28.425,28.425,28.425,28.425,100,0
2017-03-28,19:50:00,28.35,28.35,28.35,28.35,200,0
2017-03-28,19:55:00,28.425,28.425,28.425,28.425,100,0
2017-03-28,20:00:00,28.5,28.5,28.5,28.5,100,0
2017-03-28,20:20:00,28.5,28.5,28.5,28.5,100,0
2017-03-28,20:25:00,28.5,28.5,28.5,28.5,100,0
2017-03-28,20:35:00,28.425,28.425,28.35,28.35,200,0
2017-03-28,20:45:00,28.425,28.425,28.425,28.425,100,0
2017-03-28,20:50:00,28.425,28.5,28.425,28.5,300,0
2017-03-28,20:55:00,28.5,28.5,28.5,28.5,300,0
2017-03-28,21:00:00,28.5,28.5,28.45,28.5,1400,0
2017-03-28,21:05:00,28.5,28.5,28.5,28.5,200,0
2017-03-28,21:10:00,28.5,28.5,28.5,28.5,100,0
2017-03-28,21:15:00,28.5,28.5,28.5,28.5,210,0
2017-03-28,21:40:00,28.5,28.5,28.45,28.45,200,0
2017-03-28,21:45:00,28.5,28.5,28.475,28.475,200,0
2017-03-28,21:55:00,28.5,28.5,28.475,28.475,400,0
2017-03-28,22:00:00,28.5,28.5,28.4,28.4,2057,0
2017-03-29,17:45:00,28.35,28.35,28.35,28.35,100,0
2017-03-29,17:55:00,28.45,28.45,28.45,28.45,300,0
2017-03-29,18:20:00,28.4,28.4,28.4,28.4,100,0
2017-03-29,18:30:00,28.4,28.4,28.4,28.4,200,0
2017-03-29,18:45:00,28.45,28.45,28.45,28.45,200,0
2017-03-29,19:05:00,28.4,28.4,28.4,28.4,100,0
2017-03-29,19:45:00,28.45,28.45,28.45,28.45,100,0
2017-03-29,20:10:00,28.4,28.4,28.4,28.4,100,0
2017-03-29,20:45:00,28.45,28.45,28.45,28.45,100,0
2017-03-29,20:50:00,28.45,28.45,28.45,28.45,100,0
2017-03-29,21:20:00,28.45,28.45,28.45,28.45,100,0
2017-03-29,21:25:00,28.4,28.4,28.4,28.4,100,0
2017-03-29,21:30:00,28.4,28.4,28.4,28.4,200,0
2017-03-29,21:40:00,28.4,28.4,28.4,28.4,218,0
2017-03-29,21:45:00,28.4,28.4,28.4,28.4,200,0
2017-03-29,21:55:00,28.4,28.5,28.4,28.5,200,0
2017-03-29,22:00:00,28.5,28.5,28.4,28.4,261,0
2017-03-30,16:20:00,27.95,27.95,27.95,27.95,100,0
2017-03-30,16:50:00,28.25,28.25,28.25,28.25,100,0
2017-03-30,17:00:00,28.4,28.4,28.4,28.4,100,0
2017-03-30,18:00:00,28.4,28.4,28.4,28.4,100,0
2017-03-30,18:05:00,28.35,28.35,28.35,28.35,100,0
2017-03-30,18:25:00,28.35,28.35,28.35,28.35,100,0
2017-03-30,18:50:00,28.4,28.4,28.4,28.4,100,0
2017-03-30,19:05:00,28.4,28.4,28.4,28.4,200,0
2017-03-30,19:10:00,28.35,28.35,28.35,28.35,100,0
2017-03-30,19:15:00,28.45,28.45,28.45,28.45,100,0
2017-03-30,19:20:00,28.45,28.45,28.45,28.45,100,0
2017-03-30,19:25:00,28.4,28.5,28.4,28.425,1593,0
2017-03-30,19:30:00,28.4,28.45,28.1,28.45,2100,0
2017-03-30,19:35:00,28.2,28.45,28.2,28.25,500,0
2017-03-30,19:40:00,28.1,28.1,28.1,28.1,400,0
2017-03-30,19:45:00,28.15,28.45,28.1,28.1,1100,0
2017-03-30,20:00:00,28.1,28.1,28.075,28.075,200,0
2017-03-30,20:05:00,28.1,28.1,28.1,28.1,300,0
2017-03-30,20:10:00,28.05,28.05,28.05,28.05,100,0
2017-03-30,20:20:00,28.15,28.15,28.15,28.15,100,0
2017-03-30,20:35:00,28.075,28.075,28.075,28.075,100,0
2017-03-30,20:55:00,28.1,28.1,28.1,28.1,100,0
2017-03-30,21:15:00,28.15,28.15,28.15,28.15,200,0
2017-03-30,21:20:00,28,28.1,28,28.1,200,0
2017-03-30,21:30:00,28.15,28.15,28.15,28.15,100,0
2017-03-30,21:35:00,28.1,28.1,28.1,28.1,200,0
2017-03-30,21:40:00,28.1,28.1,28.05,28.1,1200,0
2017-03-30,21:45:00,28.225,28.45,28.2,28.2,300,0
2017-03-30,21:55:00,28.45,28.45,28.45,28.45,100,0
2017-03-30,22:00:00,28.5,28.5,28.3,28.3,2718,0
2017-03-31,18:25:00,28.5,28.5,28.5,28.5,200,0
2017-03-31,18:45:00,28.4,28.4,28.4,28.4,100,0
2017-03-31,18:50:00,28.3,28.3,28.3,28.3,100,0
2017-03-31,19:15:00,28.3,28.35,28,28.1,1089,0
2017-03-31,19:20:00,28.3,28.3,28.3,28.3,100,0
2017-03-31,20:10:00,28.4,28.4,28.4,28.4,100,0
2017-03-31,20:15:00,28.4,28.4,28.4,28.4,100,0
2017-03-31,20:25:00,28.4,28.4,28.4,28.4,100,0
2017-03-31,21:00:00,28.5,28.5,28.5,28.5,100,0
2017-03-31,21:05:00,28.5,28.5,28.5,28.5,100,0
2017-03-31,21:15:00,28.5,28.5,28.5,28.5,200,0
2017-03-31,21:25:00,28.5,28.5,28.5,28.5,100,0
2017-03-31,21:30:00,28.5,28.5,28.5,28.5,200,0
2017-03-31,21:35:00,28.375,28.375,28.375,28.375,200,0
2017-03-31,21:40:00,28.5,28.5,28.5,28.5,100,0
2017-03-31,21:45:00,28.5,28.5,28.5,28.5,100,0
2017-03-31,21:55:00,28.5,28.5,28.5,28.5,600,0
2017-03-31,22:00:00,28.5,28.5,28.4,28.5,1401,0
2017-04-03,15:35:00,28.55,28.55,28.55,28.55,113,0
2017-04-03,16:45:00,28.55,28.55,28.55,28.55,100,0
2017-04-03,16:50:00,28.5,28.55,28.5,28.55,460,0
2017-04-03,18:25:00,28.675,28.675,28.5,28.5,1294,0
2017-04-03,18:30:00,28.675,28.675,28.5,28.675,1551,0
2017-04-03,19:35:00,28.55,28.55,28.55,28.55,100,0
2017-04-03,20:45:00,28.55,28.55,28.55,28.55,200,0
2017-04-03,20:50:00,28.5,28.5,28.5,28.5,100,0
2017-04-03,21:05:00,28.5,28.5,28.5,28.5,100,0
2017-04-03,21:15:00,28.5,28.5,28.5,28.5,100,0
2017-04-03,21:25:00,28.5,28.5,28.5,28.5,100,0
2017-04-03,21:30:00,28.5,28.5,28.5,28.5,200,0
2017-04-03,21:45:00,28.5,28.5,28.5,28.5,500,0
2017-04-03,21:50:00,28.5,28.5,28.5,28.5,100,0
2017-04-03,21:55:00,28.5,28.5,28.5,28.5,100,0
2017-04-03,22:00:00,28.5,28.5,28.5,28.5,275,0
2017-04-04,15:35:00,28.25,28.25,28.25,28.25,1100,0
2017-04-04,15:45:00,28.05,28.15,27.95,27.95,2800,0
2017-04-04,15:55:00,28,28,28,28,500,0
2017-04-04,16:00:00,28,28,28,28,600,0
2017-04-04,16:05:00,28,28,27.55,27.55,600,0
2017-04-04,16:25:00,28,28.35,28,28.35,1539,0
2017-04-04,16:40:00,27.95,27.95,27.9,27.9,600,0
2017-04-04,16:45:00,27.9,28,27.9,28,200,0
2017-04-04,17:00:00,28.25,28.25,28,28,200,0
2017-04-04,17:25:00,28,28.25,28,28,1920,0
2017-04-04,17:45:00,28.15,28.15,28.15,28.15,100,0
2017-04-04,18:00:00,28.05,28.1,28.05,28.05,700,0
2017-04-04,18:10:00,28,28,28,28,800,0
2017-04-04,18:15:00,28,28.5,28,28.1,400,0
2017-04-04,18:25:00,28,28,28,28,100,0
2017-04-04,19:25:00,28.05,28.05,28.05,28.05,100,0
2017-04-04,19:45:00,28.35,28.35,28.35,28.35,100,0
2017-04-04,20:00:00,28.25,28.25,28.25,28.25,100,0
2017-04-04,20:15:00,28.25,28.25,28.25,28.25,100,0
2017-04-04,20:20:00,28.25,28.25,28.25,28.25,100,0
2017-04-04,20:25:00,28.35,28.35,28.35,28.35,100,0
2017-04-04,20:40:00,28.35,28.35,28.35,28.35,100,0
2017-04-04,20:45:00,28.25,28.25,28.25,28.25,100,0
2017-04-04,20:50:00,28.325,28.45,28.25,28.3,800,0
2017-04-04,21:00:00,28.275,28.275,28.275,28.275,200,0
2017-04-04,21:05:00,28.15,28.4,28.15,28.4,600,0
2017-04-04,21:10:00,28.15,28.15,28,28,900,0
2017-04-04,21:20:00,28,28.1,28,28,1110,0
2017-04-04,21:25:00,28,28.005,28,28.005,2200,0
2017-04-04,21:30:00,28.1,28.4,28.1,28.4,600,0
2017-04-04,21:35:00,28.45,28.45,28.3,28.325,300,0
2017-04-04,21:50:00,28.325,28.5,28.2,28.2,500,0
2017-04-04,21:55:00,28.35,28.4,28.35,28.4,600,0
2017-04-04,22:00:00,28.4,28.4,28.35,28.35,1036,0
2017-04-05,16:05:00,28.45,28.45,28.45,28.45,100,0
2017-04-05,17:00:00,28.4,28.4,28.4,28.4,100,0
2017-04-05,17:45:00,28.5,28.5,28.5,28.5,100,0
2017-04-05,18:10:00,28.4,28.4,28.4,28.4,100,0
2017-04-05,18:45:00,28.1,28.1,28.1,28.1,800,0
2017-04-05,18:50:00,28.15,28.15,28.15,28.15,100,0
2017-04-05,19:00:00,28.1,28.1,28.1,28.1,600,0
2017-04-05,20:10:00,28.2,28.2,28.2,28.2,100,0
2017-04-05,20:15:00,28.1,28.1,28.1,28.1,300,0
2017-04-05,20:20:00,28.1,28.1,28.1,28.1,100,0
2017-04-05,20:40:00,28.05,28.05,28.05,28.05,100,0
2017-04-05,20:45:00,28,28.05,28,28.05,12390,0
2017-04-05,20:50:00,28,28,28,28,1600,0
2017-04-05,20:55:00,27.95,27.95,27.95,27.95,100,0
2017-04-05,21:10:00,27.95,27.95,27.95,27.95,100,0
2017-04-05,21:25:00,27.85,27.9,27.85,27.9,660,0
2017-04-05,21:30:00,27.9,27.9,27.9,27.9,100,0
2017-04-05,21:40:00,28.05,28.05,28.05,28.05,100,0
2017-04-05,21:45:00,28.45,28.45,28.45,28.45,100,0
2017-04-05,22:00:00,28.25,28.25,28.15,28.15,200,0
2017-04-06,15:35:00,27.95,27.95,27.95,27.95,500,0
2017-04-06,15:45:00,28.1,28.1,28.1,28.1,100,0
2017-04-06,15:50:00,28.1,28.1,28.1,28.1,100,0
2017-04-06,16:05:00,28.15,28.15,28.15,28.15,100,0
2017-04-06,17:05:00,28.5,28.5,28.5,28.5,100,0
2017-04-06,19:00:00,28.45,28.45,28.45,28.45,100,0
2017-04-06,20:10:00,28.45,28.45,28.45,28.45,100,0
2017-04-06,20:20:00,28.45,28.45,28.45,28.45,596,0
2017-04-06,21:00:00,28.4,28.4,28.4,28.4,100,0
2017-04-06,21:30:00,28.4,28.4,28.4,28.4,100,0
2017-04-06,21:35:00,28.3,28.3,28.3,28.3,100,0
2017-04-06,21:45:00,28.35,28.35,28.35,28.35,100,0
2017-04-06,21:55:00,28.35,28.35,28.35,28.35,500,0
2017-04-07,17:15:00,28.05,28.35,28.025,28.35,4600,0
2017-04-07,17:20:00,28.3,28.35,28,28,6000,0
2017-04-07,17:25:00,28.1,28.15,28,28,400,0
2017-04-07,17:30:00,28.1,28.15,28,28,2400,0
2017-04-07,17:35:00,28,28,28,28,1600,0
2017-04-07,17:40:00,28,28,28,28,214,0
2017-04-07,17:45:00,28.025,28.025,28,28,200,0
2017-04-07,17:55:00,28.025,28.025,28.025,28.025,100,0
2017-04-07,18:05:00,28,28,28,28,1381,0
2017-04-07,18:15:00,28,28,28,28,100,0
2017-04-07,18:20:00,28,28,28,28,100,0
2017-04-07,18:30:00,28,28,28,28,500,0
2017-04-07,18:40:00,28,28,28,28,200,0
2017-04-07,18:50:00,28,28,28,28,200,0
2017-04-07,19:05:00,28,28,28,28,100,0
2017-04-07,19:20:00,28,28,28,28,400,0
2017-04-07,19:30:00,28,28,28,28,100,0
2017-04-07,19:35:00,28,28,28,28,100,0
2017-04-07,19:40:00,28,28,28,28,300,0
2017-04-07,20:00:00,28,28,28,28,300,0
2017-04-07,20:20:00,28,28,28,28,210,0
2017-04-07,20:30:00,28,28,28,28,100,0
2017-04-07,20:35:00,28,28,28,28,300,0
2017-04-07,20:50:00,28,28,28,28,100,0
2017-04-07,20:55:00,28,28,28,28,100,0
2017-04-07,21:00:00,28,28,28,28,200,0
2017-04-07,21:10:00,28,28.15,28,28.05,2100,0
2017-04-07,21:15:00,28.175,28.175,28.175,28.175,100,0
2017-04-07,21:30:00,28.15,28.2,28,28,2300,0
2017-04-07,21:35:00,28.05,28.15,28,28,800,0
2017-04-07,21:40:00,28.05,28.25,28,28,300,0
2017-04-07,21:50:00,28.15,28.15,28,28.05,1200,0
2017-04-07,21:55:00,28,28.125,28,28,702,0
2017-04-07,22:00:00,28,28.1,28,28.075,1120,0
2017-04-10,15:55:00,28,28,28,28,100,0
2017-04-10,16:15:00,28,28,28,28,300,0
2017-04-10,16:20:00,28.15,28.15,28,28,1692,0
2017-04-10,16:25:00,28,28,28,28,400,0
2017-04-10,16:35:00,28,28.05,28,28.05,900,0
2017-04-10,17:20:00,28,28,28,28,100,0
2017-04-10,17:25:00,28.025,28.025,28.025,28.025,300,0
2017-04-10,17:30:00,28.1,28.1,28.1,28.1,100,0
2017-04-10,17:50:00,28,28,28,28,100,0
2017-04-10,19:15:00,28,28,28,28,200,0
2017-04-10,19:30:00,27.8649,28.3,27.8649,28.15,1697,0
2017-04-10,19:40:00,28.15,28.15,28.15,28.15,100,0
2017-04-10,19:45:00,28,28,28,28,100,0
2017-04-10,20:00:00,28.15,28.15,28.15,28.15,100,0
2017-04-10,20:15:00,28,28,28,28,100,0
2017-04-10,20:20:00,28,28.075,28,28.075,200,0
2017-04-10,20:25:00,28.05,28.05,28.05,28.05,100,0
2017-04-10,21:00:00,28,28.15,28,28.15,200,0
2017-04-10,21:05:00,28,28.1,28,28,800,0
2017-04-10,21:10:00,28,28.125,28,28.125,400,0
2017-04-10,21:15:00,28.125,28.125,27.95,28,600,0
2017-04-10,21:25:00,27.85,27.85,27.85,27.85,200,0
2017-04-10,21:50:00,27.95,27.95,27.9,27.9,200,0
2017-04-10,21:55:00,28,28,28,28,100,0
2017-04-10,22:00:00,27.9,28,27.8,27.8,397,0
2017-04-11,16:45:00,28.05,28.05,28.05,28.05,100,0
2017-04-11,16:55:00,27.9,27.9,27.9,27.9,1745,0
2017-04-11,17:00:00,28,28,28,28,1800,0
2017-04-11,17:05:00,28,28.05,28,28,600,0
2017-04-11,17:10:00,27.85,27.85,27.85,27.85,100,0
2017-04-11,17:15:00,27.85,28,27.65,28,1400,0
2017-04-11,17:40:00,27.9,27.9,27.9,27.9,100,0
2017-04-11,18:10:00,27.85,27.85,27.85,27.85,100,0
2017-04-11,18:50:00,28,28,28,28,100,0
2017-04-11,19:45:00,28,28.125,27.95,28,800,0
2017-04-11,20:05:00,27.9,27.9,27.9,27.9,100,0
2017-04-11,20:20:00,28,28,27.9,27.9,300,0
2017-04-11,20:35:00,28,28,28,28,100,0
2017-04-11,21:05:00,27.975,28,27.95,28,1600,0
2017-04-11,21:10:00,28.3,28.3,28,28,1400,0
2017-04-11,21:15:00,28,28,28,28,100,0
2017-04-11,21:20:00,28.05,28.05,28,28.05,300,0
2017-04-11,21:25:00,28,28.05,28,28,400,0
2017-04-11,21:30:00,28,28,28,28,100,0
2017-04-11,21:35:00,28,28,28,28,200,0
2017-04-11,21:40:00,28,28,28,28,100,0
2017-04-11,21:45:00,28,28.05,28,28,300,0
2017-04-11,21:50:00,28,28.05,28,28,800,0
2017-04-11,21:55:00,28.05,28.05,28,28,1218,0
2017-04-11,22:00:00,28.05,28.05,27.7,27.7,561,0
2017-04-12,15:35:00,27.85,27.85,27.85,27.85,108,0
2017-04-12,18:10:00,27.95,27.95,27.95,27.95,200,0
2017-04-12,18:15:00,27.7,27.7,27.7,27.7,300,0
2017-04-12,18:40:00,27.65,27.65,27.65,27.65,400,0
2017-04-12,18:45:00,27.8,27.8,27.7,27.7,400,0
2017-04-12,19:05:00,27.273,27.7,27.273,27.7,1098,0
2017-04-12,19:10:00,27.8,27.8,27.8,27.8,100,0
2017-04-12,19:30:00,27.9,27.9,27.9,27.9,200,0
2017-04-12,19:40:00,28.1,28.1,28.1,28.1,100,0
2017-04-12,19:50:00,28,28,28,28,100,0
2017-04-12,20:10:00,28,28.25,28,28.05,27700,0
2017-04-12,20:15:00,28.05,28.15,28,28,2200,0
2017-04-12,20:20:00,28.1,28.2,28,28,2900,0
2017-04-12,20:35:00,28.05,28.05,28.05,28.05,100,0
2017-04-12,20:55:00,27.995,27.995,27.995,27.995,440,0
2017-04-12,21:15:00,28,28,28,28,540,0
2017-04-12,21:25:00,28.05,28.05,28,28,200,0
2017-04-12,21:30:00,28,28,28,28,300,0
2017-04-12,21:40:00,28.05,28.05,28,28,200,0
2017-04-12,21:45:00,28,28.05,28,28,1355,0
2017-04-12,21:50:00,28,28,28,28,508,0
2017-04-12,21:55:00,28.05,28.05,28,28,1100,0
2017-04-12,22:00:00,28,28.05,28,28.05,1350,0
2017-04-13,16:40:00,27.6,27.6,27.6,27.6,100,0
2017-04-13,17:25:00,28,28,28,28,100,0
2017-04-13,17:35:00,28.2,28.2,28.2,28.2,100,0
2017-04-13,17:50:00,27.7,27.7,27.7,27.7,100,0
2017-04-13,19:05:00,28,28,28,28,100,0
2017-04-13,20:50:00,27.85,28,27.85,28,200,0
2017-04-13,20:55:00,27.8,27.95,27.8,27.95,400,0
2017-04-13,21:00:00,27.75,27.75,27.75,27.75,200,0
2017-04-13,21:05:00,27.55,27.55,27.55,27.55,100,0
2017-04-13,21:20:00,27.45,27.45,27.45,27.45,100,0
2017-04-13,21:25:00,27.5,27.5,27.5,27.5,100,0
2017-04-13,21:30:00,27.4218,27.78,27.4218,27.78,1096,0
2017-04-13,21:35:00,27.95,27.95,27.9,27.9,200,0
2017-04-13,21:45:00,27.9,27.9,27.9,27.9,100,0
2017-04-13,21:50:00,27.8,27.9,27.8,27.9,200,0
2017-04-13,21:55:00,27.9,27.9,27.8,27.9,600,0
2017-04-13,22:00:00,27.85,27.85,27.7,27.7,896,0
2017-04-17,17:55:00,27.8,27.8,27.8,27.8,100,0
2017-04-17,18:00:00,27.5,27.5,27.5,27.5,100,0
2017-04-17,18:25:00,27.7,27.7,27.7,27.7,481,0
2017-04-17,18:30:00,27.7,27.7,27.7,27.7,100,0
2017-04-17,19:55:00,28,28,28,28,100,0
2017-04-17,20:00:00,27.8,27.855,27.8,27.855,1099,0
2017-04-17,20:30:00,28,28,28,28,100,0
2017-04-17,20:35:00,27.95,27.95,27.95,27.95,100,0
2017-04-17,20:40:00,27.9,27.9,27.9,27.9,200,0
2017-04-17,21:00:00,27.95,28,27.95,28,400,0
2017-04-17,21:15:00,27.9,27.9,27.9,27.9,100,0
2017-04-17,21:20:00,27.9,27.9,27.55,27.75,400,0
2017-04-17,21:25:00,27.75,27.75,27.75,27.75,116,0
2017-04-17,21:30:00,27.66,27.9,27.65,27.7,1716,0
2017-04-17,21:35:00,27.65,27.655,27.65,27.65,764,0
2017-04-17,21:50:00,27.65,27.975,27.65,27.95,2568,0
2017-04-17,21:55:00,28,28,27.95,27.95,13369,0
2017-04-17,22:00:00,28,28,27.9,27.9,1111,0
2017-04-18,16:25:00,27.9,27.9,27.9,27.9,100,0
2017-04-18,17:40:00,28,28,28,28,200,0
2017-04-18,17:45:00,27.9,27.9,27.9,27.9,500,0
2017-04-18,17:50:00,28.3,28.3,28.1,28.1,200,0
2017-04-18,18:10:00,28.1,28.35,28.1,28.35,400,0
2017-04-18,18:20:00,28.1,28.1,27.8,28,700,0
2017-04-18,19:40:00,28,28,28,28,100,0
2017-04-18,20:25:00,27.8725,28,27.8725,28,1598,0
2017-04-18,20:30:00,28,28,28,28,100,0
2017-04-18,20:45:00,27.95,28.3,27.95,28,600,0
2017-04-18,20:50:00,28.25,28.25,27.9,27.9,1000,0
2017-04-18,21:25:00,27.95,27.95,27.95,27.95,100,0
2017-04-18,21:35:00,27.9,28.3,27.9,27.9,500,0
2017-04-18,21:40:00,28,28,28,28,200,0
2017-04-18,21:45:00,27.95,28.3,27.95,28.3,200,0
2017-04-18,21:50:00,27.9,27.9,27.9,27.9,131,0
2017-04-18,21:55:00,28.05,28.075,27.9,28,700,0
2017-04-18,22:00:00,28.25,28.25,27.9,27.95,938,0
2017-04-19,17:05:00,28.075,28.075,28.075,28.075,200,0
2017-04-19,17:20:00,28,28,28,28,100,0
2017-04-19,17:40:00,27.9,27.9,27.9,27.9,100,0
2017-04-19,17:50:00,28.05,28.05,27.95,27.95,600,0
2017-04-19,18:00:00,27.9,27.9,27.9,27.9,100,0
2017-04-19,18:10:00,28.075,28.075,27.9,27.9,200,0
2017-04-19,18:35:00,27.7,27.7,27.7,27.7,100,0
2017-04-19,18:45:00,28,28,28,28,100,0
2017-04-19,18:55:00,27.75,27.75,27.75,27.75,100,0
2017-04-19,19:05:00,27.85,27.85,27.85,27.85,100,0
2017-04-19,19:15:00,28.05,28.05,27.85,27.85,200,0
2017-04-19,19:30:00,27.9,28,27.9,28,200,0
2017-04-19,19:35:00,27.95,28.025,27.95,28.025,300,0
2017-04-19,19:40:00,27.7,28.2,27.7,27.85,300,0
2017-04-19,20:05:00,28.1,28.1,28.1,28.1,100,0
2017-04-19,20:10:00,28,28,27.9,28,300,0
2017-04-19,20:20:00,27.9,27.9,27.9,27.9,100,0
2017-04-19,20:50:00,27.85,27.85,27.85,27.85,100,0
2017-04-19,20:55:00,28,28,28,28,100,0
2017-04-19,21:00:00,28,28,28,28,100,0
2017-04-19,21:05:00,27.75,27.75,27.75,27.75,100,0
2017-04-19,21:15:00,27.75,28.05,27.75,28,2100,0
2017-04-19,21:20:00,28,28,28,28,397,0
2017-04-19,21:30:00,27.95,28,27.95,28,200,0
2017-04-19,21:35:00,28,28.1,27.95,27.95,600,0
2017-04-19,21:40:00,28,28,28,28,100,0
2017-04-19,21:45:00,28,28.075,28,28.075,300,0
2017-04-19,21:50:00,28,28,27.95,28,431,0
2017-04-19,21:55:00,28,28.1,27.95,28.1,1000,0
2017-04-19,22:00:00,28,28.05,27.75,27.95,1424,0
2017-04-20,15:35:00,27.9,27.9,27.9,27.9,407,0
2017-04-20,17:10:00,27.65,27.65,27.65,27.65,100,0
2017-04-20,17:15:00,27.8,27.8,27.8,27.8,100,0
2017-04-20,17:30:00,27.605,27.8,27.605,27.8,600,0
2017-04-20,18:00:00,27.9,27.9,27.85,27.9,300,0
2017-04-20,18:15:00,27.9,27.9,27.9,27.9,100,0
2017-04-20,18:40:00,27.85,27.85,27.7,27.7,300,0
2017-04-20,19:35:00,27.9,27.9,27.9,27.9,100,0
2017-04-20,20:25:00,27.9,27.9,27.9,27.9,100,0
2017-04-20,21:00:00,27.9,27.9,27.9,27.9,100,0
2017-04-20,21:15:00,27.9,27.9,27.9,27.9,100,0
2017-04-20,21:25:00,27.9,27.9,27.9,27.9,100,0
2017-04-20,21:35:00,27.8,27.8,27.8,27.8,100,0
2017-04-20,21:40:00,27.9,27.9,27.9,27.9,200,0
2017-04-20,21:50:00,27.875,27.875,27.875,27.875,100,0
2017-04-20,21:55:00,27.9,28.025,27.687,27.9,3979,0
2017-04-20,22:00:00,28.125,28.125,27.7,27.85,654,0
2017-04-21,17:35:00,27.9,27.9,27.9,27.9,100,0
2017-04-21,18:15:00,27.925,27.925,27.9,27.9,600,0
2017-04-21,18:20:00,27.9,27.9,27.9,27.9,300,0
2017-04-21,18:40:00,27.9,27.9,27.9,27.9,100,0
2017-04-21,19:35:00,27.9,27.9,27.9,27.9,300,0
2017-04-21,19:55:00,27.975,27.975,27.975,27.975,5200,0
2017-04-21,20:15:00,27.95,27.95,27.95,27.95,200,0
2017-04-21,20:30:00,27.9,27.9,27.9,27.9,100,0
2017-04-21,20:45:00,28,28,28,28,100,0
2017-04-21,21:10:00,27.9,27.9,27.9,27.9,200,0
2017-04-21,21:15:00,27.95,27.95,27.95,27.95,100,0
2017-04-21,21:25:00,27.9,27.9,27.9,27.9,300,0
2017-04-21,21:55:00,27.9,27.9,27.85,27.85,200,0
2017-04-21,22:00:00,28.05,28.05,28,28,226,0
2017-04-24,15:35:00,28.55,28.55,27.95,28,1876,0
2017-04-24,15:50:00,28,28,28,28,200,0
2017-04-24,16:20:00,27.95,27.95,27.95,27.95,100,0
2017-04-24,16:30:00,28.05,28.05,28.05,28.05,100,0
2017-04-24,16:40:00,28,28,28,28,400,0
2017-04-24,16:45:00,28,28,28,28,200,0
2017-04-24,16:55:00,28,28,28,28,200,0
2017-04-24,17:10:00,28,28,28,28,300,0
2017-04-24,17:15:00,28,28,28,28,100,0
2017-04-24,18:00:00,28,28,28,28,100,0
2017-04-24,18:20:00,28,28,28,28,100,0
2017-04-24,19:30:00,28,28,28,28,400,0
2017-04-24,19:35:00,28,28,28,28,200,0
2017-04-24,19:40:00,28,28,28,28,100,0
2017-04-24,19:55:00,28,28,28,28,100,0
2017-04-24,20:35:00,28,28,28,28,200,0
2017-04-24,20:50:00,28.05,28.05,28,28.05,800,0
2017-04-24,21:00:00,28,28.05,28,28.05,500,0
2017-04-24,21:10:00,28,28,27.95,27.95,500,0
2017-04-24,21:20:00,27.95,27.95,27.95,27.95,460,0
2017-04-24,21:25:00,27.95,27.95,27.95,27.95,200,0
2017-04-24,21:35:00,27.95,27.95,27.95,27.95,100,0
2017-04-24,21:40:00,27.95,28,27.95,28,237,0
2017-04-24,21:45:00,28,28,28,28,200,0
2017-04-24,21:50:00,28.05,28.05,28.05,28.05,500,0
2017-04-24,21:55:00,28.05,28.05,28.05,28.05,100,0
2017-04-24,22:00:00,28.05,28.05,28.025,28.05,785,0
2017-04-25,15:35:00,28,28.7,28,28.15,1359,0
2017-04-25,15:55:00,28.25,28.25,28.25,28.25,300,0
2017-04-25,16:00:00,28.475,28.475,28.25,28.25,300,0
2017-04-25,16:05:00,28.25,28.25,28.25,28.25,100,0
2017-04-25,16:15:00,28.25,28.25,28.25,28.25,400,0
2017-04-25,16:20:00,28.25,28.25,28.25,28.25,500,0
2017-04-25,16:30:00,28.2,28.205,28.2,28.205,200,0
2017-04-25,16:35:00,28.25,28.4,28.25,28.25,451,0
2017-04-25,16:45:00,28.45,28.45,28.45,28.45,100,0
2017-04-25,17:35:00,28.3,28.3,28.3,28.3,100,0
2017-04-25,17:40:00,28.25,28.25,28.25,28.25,100,0
2017-04-25,18:10:00,28.2,28.2,28.2,28.2,100,0
2017-04-25,18:20:00,28.25,28.25,28.25,28.25,100,0
2017-04-25,18:35:00,28.25,28.25,28.2,28.2,300,0
2017-04-25,18:40:00,28.25,28.25,28.25,28.25,100,0
2017-04-25,19:15:00,28.25,28.25,28.25,28.25,700,0
2017-04-25,19:25:00,28.3,28.3,28.25,28.25,200,0
2017-04-25,19:40:00,28.216,28.216,28.15,28.2,2400,0
2017-04-25,19:45:00,28.2,28.2,28.2,28.2,100,0
2017-04-25,19:55:00,28.2,28.2,28.2,28.2,100,0
2017-04-25,20:05:00,28.2,28.25,28.2,28.25,1540,0
2017-04-25,20:10:00,28.25,28.45,28.2,28.25,1900,0
2017-04-25,20:25:00,28.25,28.25,28.25,28.25,100,0
2017-04-25,20:35:00,28.25,28.25,28.25,28.25,300,0
2017-04-25,20:40:00,28.35,28.35,28.35,28.35,100,0
2017-04-25,20:45:00,28.6,28.6,28.6,28.6,200,0
2017-04-25,20:50:00,28.5,28.5,28.5,28.5,100,0
2017-04-25,21:00:00,28.575,28.575,28.3,28.3,500,0
2017-04-25,21:05:00,28.525,28.525,28.35,28.45,300,0
2017-04-25,21:20:00,28.45,28.45,28.4,28.4,200,0
2017-04-25,21:25:00,28.45,28.45,28.25,28.25,1600,0
2017-04-25,21:30:00,28.25,28.4,28.25,28.25,862,0
2017-04-25,21:35:00,28.25,28.25,28.25,28.25,100,0
2017-04-25,21:40:00,28.3,28.35,28.25,28.35,400,0
2017-04-25,21:45:00,28.35,28.45,28.35,28.45,200,0
2017-04-25,21:50:00,28.3,28.4,28.25,28.35,500,0
2017-04-25,21:55:00,28.45,28.45,28.45,28.45,100,0
2017-04-25,22:00:00,28.35,28.5,28.25,28.4,949,0
2017-04-26,15:35:00,28.45,28.7,28.45,28.7,490,0
2017-04-26,16:35:00,28.5,28.5,28.5,28.5,100,0
2017-04-26,16:50:00,28.625,28.625,28.075,28.35,2100,0
2017-04-26,16:55:00,28.6,28.6,28.6,28.6,200,0
2017-04-26,17:00:00,28.5,28.6,28.4,28.55,500,0
2017-04-26,17:05:00,28.55,28.55,28.5,28.5,700,0
2017-04-26,17:10:00,28.5,28.5,28.5,28.5,100,0
2017-04-26,17:15:00,28.5,28.6,28.5,28.5,900,0
2017-04-26,17:20:00,28.5,28.5,28.5,28.5,200,0
2017-04-26,17:25:00,28.5,28.5,28.5,28.5,100,0
2017-04-26,17:50:00,28.5,28.5,28.5,28.5,100,0
2017-04-26,18:00:00,28.75,28.75,28.75,28.75,100,0
2017-04-26,18:10:00,28.35,28.525,28.25,28.25,17117,0
2017-04-26,18:15:00,28.25,28.35,28.25,28.35,200,0
2017-04-26,18:20:00,28.25,28.25,28.25,28.25,200,0
2017-04-26,18:25:00,28.25,28.35,28.25,28.35,1617,0
2017-04-26,18:30:00,28.3,28.35,28.2,28.35,400,0
2017-04-26,18:45:00,28.35,28.35,28.35,28.35,100,0
2017-04-26,18:50:00,28.25,28.25,28.25,28.25,300,0
2017-04-26,18:55:00,28.3,28.3,28.3,28.3,400,0
2017-04-26,19:05:00,28.35,28.35,28.35,28.35,100,0
2017-04-26,19:10:00,28.3,28.3,28.3,28.3,100,0
2017-04-26,19:20:00,28.25,28.25,28.25,28.25,200,0
2017-04-26,19:25:00,28.3,28.3,28.25,28.3,500,0
2017-04-26,19:30:00,28.375,28.375,28.375,28.375,100,0
2017-04-26,19:50:00,28.25,28.25,28.25,28.25,500,0
2017-04-26,19:55:00,28.25,28.25,28.25,28.25,400,0
2017-04-26,20:00:00,28.25,28.35,28.25,28.35,500,0
2017-04-26,20:10:00,28.25,28.25,28.25,28.25,200,0
2017-04-26,20:15:00,28.25,28.25,28.25,28.25,100,0
2017-04-26,20:25:00,28.25,28.25,28.25,28.25,300,0
2017-04-26,20:30:00,28.25,28.35,28.25,28.35,600,0
2017-04-26,20:35:00,28.25,28.25,28.25,28.25,200,0
2017-04-26,20:40:00,28.25,28.25,28.25,28.25,200,0
2017-04-26,20:50:00,28.35,28.35,28.25,28.3,500,0
2017-04-26,20:55:00,28.25,28.25,28.25,28.25,136,0
2017-04-26,21:05:00,28.3,28.3,28.3,28.3,400,0
2017-04-26,21:10:00,28.3,28.3,28.3,28.3,1200,0
2017-04-26,21:15:00,28.3,28.3,28.3,28.3,1600,0
2017-04-26,21:20:00,28.3,28.3,28.3,28.3,200,0
2017-04-26,21:25:00,28.25,28.25,28.25,28.25,300,0
2017-04-26,21:30:00,28.25,28.25,28.25,28.25,100,0
2017-04-26,21:35:00,28.25,28.25,28.25,28.25,100,0
2017-04-26,21:40:00,28.25,28.35,28.25,28.35,400,0
2017-04-26,21:45:00,28.25,28.25,28.25,28.25,200,0
2017-04-26,21:50:00,28.25,28.25,28.25,28.25,100,0
2017-04-26,21:55:00,28.35,28.45,28.35,28.45,200,0
2017-04-26,22:00:00,28.3,28.4,28.25,28.25,401,0
