Date,Time,Open,High,Low,Close,Volume,OpenInt
2017-04-07,15:35:00,26.4,26.65,26.282,26.282,25826,0
2017-04-07,15:40:00,26.45,26.75,26.45,26.75,5100,0
2017-04-07,15:45:00,26.6,26.9,26.6,26.7,11900,0
2017-04-07,15:50:00,26.65,26.8,26.45,26.5,5190,0
2017-04-07,15:55:00,26.5,26.65,26.3,26.45,13025,0
2017-04-07,16:00:00,26.45,26.4675,26.3,26.4,3900,0
2017-04-07,16:05:00,26.375,26.45,26.35,26.45,1200,0
2017-04-07,16:10:00,26.45,26.5,26.25,26.3,4900,0
2017-04-07,16:15:00,26.3,26.4,26.3,26.3,10454,0
2017-04-07,16:20:00,26.3,26.3,26.2,26.2,3075,0
2017-04-07,16:25:00,26.2,26.2,26.05,26.05,5954,0
2017-04-07,16:30:00,26.05,26.25,26.05,26.25,3200,0
2017-04-07,16:35:00,26.3,26.35,26.25,26.35,2000,0
2017-04-07,16:40:00,26.35,26.5,26.35,26.5,2800,0
2017-04-07,16:45:00,26.55,26.55,26.45,26.475,4872,0
2017-04-07,16:50:00,26.45,26.5,26.4,26.45,7352,0
2017-04-07,16:55:00,26.416,26.4594,26.4,26.4,750,0
2017-04-07,17:00:00,26.4,26.4,26.25,26.25,3300,0
2017-04-07,17:05:00,26.2,26.2,26.175,26.2,2400,0
2017-04-07,17:10:00,26.2,26.2,26.1,26.15,3000,0
2017-04-07,17:15:00,26.1,26.3,26.1,26.276,3600,0
2017-04-07,17:20:00,26.25,26.35,26.25,26.25,5971,0
2017-04-07,17:25:00,26.25,26.3004,26.25,26.3004,3125,0
2017-04-07,17:30:00,26.3,26.325,26.25,26.325,2450,0
2017-04-07,17:35:00,26.35,26.4,26.35,26.4,3457,0
2017-04-07,17:40:00,26.4,26.4,26.3,26.3,3354,0
2017-04-07,17:45:00,26.3,26.3,26.25,26.3,400,0
2017-04-07,17:50:00,26.25,26.3,26.25,26.25,1000,0
2017-04-07,17:55:00,26.25,26.35,26.25,26.325,3400,0
2017-04-07,18:00:00,26.3,26.325,26.2,26.2,5100,0
2017-04-07,18:05:00,26.15,26.25,26.15,26.25,1000,0
2017-04-07,18:10:00,26.25,26.275,26.25,26.25,400,0
2017-04-07,18:15:00,26.275,26.3,26.25,26.25,2000,0
2017-04-07,18:20:00,26.25,26.3,26.2,26.3,3700,0
2017-04-07,18:25:00,26.2,26.3,26.2,26.25,400,0
2017-04-07,18:30:00,26.2,26.25,26.2,26.2,1100,0
2017-04-07,18:35:00,26.25,26.25,26.2,26.25,2370,0
2017-04-07,18:40:00,26.25,26.25,26.2,26.2,1400,0
2017-04-07,18:45:00,26.2,26.3,26.15,26.25,12901,0
2017-04-07,18:50:00,26.3,26.3,26.2,26.225,15300,0
2017-04-07,18:55:00,26.2,26.2,26.2,26.2,1800,0
2017-04-07,19:00:00,26.2,26.25,26.2,26.225,910,0
2017-04-07,19:05:00,26.225,26.35,26.2,26.35,6000,0
2017-04-07,19:10:00,26.3,26.4,26.3,26.375,1732,0
2017-04-07,19:15:00,26.35,26.45,26.35,26.45,12288,0
2017-04-07,19:20:00,26.4,26.45,26.35,26.35,15100,0
2017-04-07,19:25:00,26.375,26.45,26.35,26.35,12719,0
2017-04-07,19:30:00,26.35,26.375,26.3,26.35,5113,0
2017-04-07,19:35:00,26.3,26.3,26.175,26.2,8550,0
2017-04-07,19:40:00,26.175,26.175,26.05,26.05,9037,0
2017-04-07,19:45:00,26.05,26.125,25.55,25.8,42498,0
2017-04-07,19:50:00,25.8,25.95,25.8,25.9,2411,0
2017-04-07,19:55:00,25.95,26,25.925,25.975,2500,0
2017-04-07,20:00:00,26,26.05,25.95,26.05,2900,0
2017-04-07,20:05:00,26,26.1,26,26.1,1900,0
2017-04-07,20:10:00,26.1,26.15,25.95,26.149,21545,0
2017-04-07,20:15:00,26.149,26.149,26.05,26.05,2711,0
2017-04-07,20:20:00,26.075,26.1,26,26.1,1800,0
2017-04-07,20:25:00,26.05,26.125,26.05,26.125,1200,0
2017-04-07,20:30:00,26.1,26.1495,26.0501,26.1,2121,0
2017-04-07,20:35:00,26.05,26.075,26,26.025,5633,0
2017-04-07,20:40:00,26.025,26.025,26,26.025,3895,0
2017-04-07,20:45:00,26.025,26.05,25.975,25.975,4591,0
2017-04-07,20:50:00,25.95,25.95,25.9,25.9,2651,0
2017-04-07,20:55:00,25.9,25.975,25.85,25.975,2810,0
2017-04-07,21:00:00,25.975,26.05,25.975,26.025,900,0
2017-04-07,21:05:00,26,26.15,26,26.1,6093,0
2017-04-07,21:10:00,26.1,26.1,26.05,26.05,1800,0
2017-04-07,21:15:00,26.07,26.1,26.07,26.1,2000,0
2017-04-07,21:20:00,26.075,26.15,26.05,26.1,3000,0
2017-04-07,21:25:00,26.1,26.175,26.075,26.1,7970,0
2017-04-07,21:30:00,26.1,26.125,26.075,26.125,6062,0
2017-04-07,21:35:00,26.1,26.1,26,26.05,7059,0
2017-04-07,21:40:00,26.05,26.075,26.025,26.025,3000,0
2017-04-07,21:45:00,26.025,26.05,26,26.05,4000,0
2017-04-07,21:50:00,26.05,26.1,26,26.05,11063,0
2017-04-07,21:55:00,26.1,26.2,26.05,26.2,13372,0
2017-04-07,22:00:00,26.225,26.225,26.1,26.15,69824,0
2017-04-10,15:35:00,26.1,26.1,25.55,25.9,10816,0
2017-04-10,15:40:00,25.9,26.35,25.9,26.1,7103,0
2017-04-10,15:45:00,26.15,26.2,25.85,25.85,29131,0
2017-04-10,15:50:00,26,26.1,25.9,25.95,2800,0
2017-04-10,15:55:00,25.9566,26.05,25.9566,26.05,4300,0
2017-04-10,16:00:00,26.05,26.1,26.05,26.1,900,0
2017-04-10,16:05:00,26.125,26.15,26.05,26.0962,5280,0
2017-04-10,16:10:00,26.075,26.15,25.9,26,21681,0
2017-04-10,16:15:00,26,26,25.9,25.95,2620,0
2017-04-10,16:20:00,26,26.05,25.95,26.0215,2620,0
2017-04-10,16:25:00,26,26.05,25.85,25.85,6635,0
2017-04-10,16:30:00,25.85,25.85,25.75,25.8,2954,0
2017-04-10,16:35:00,25.8005,26,25.8005,26,4900,0
2017-04-10,16:40:00,26.025,26.075,25.975,25.975,3400,0
2017-04-10,16:45:00,25.95,25.95,25.8501,25.8501,1862,0
2017-04-10,16:50:00,25.9,25.9,25.825,25.825,1300,0
2017-04-10,16:55:00,25.8,25.9,25.8,25.9,5900,0
2017-04-10,17:00:00,25.85,25.875,25.8,25.8,2400,0
2017-04-10,17:05:00,25.8,25.85,25.75,25.75,2000,0
2017-04-10,17:10:00,25.8,25.8,25.75,25.8,4590,0
2017-04-10,17:15:00,25.85,25.925,25.85,25.925,1400,0
2017-04-10,17:20:00,25.925,26,25.925,25.95,6384,0
2017-04-10,17:25:00,25.95,26,25.9,25.9,9292,0
2017-04-10,17:30:00,25.85,25.9,25.75,25.875,3995,0
2017-04-10,17:35:00,25.9,25.95,25.75,25.85,8941,0
2017-04-10,17:40:00,25.85,25.95,25.85,25.85,2200,0
2017-04-10,17:45:00,25.9,25.9,25.775,25.864,3357,0
2017-04-10,17:50:00,25.85,25.9,25.85,25.85,2500,0
2017-04-10,17:55:00,25.85,25.9,25.85,25.9,1400,0
2017-04-10,18:00:00,25.85,25.875,25.85,25.85,1456,0
2017-04-10,18:05:00,25.825,25.95,25.825,25.9,5300,0
2017-04-10,18:10:00,25.85,25.95,25.85,25.9,3600,0
2017-04-10,18:15:00,25.85,25.85,25.7,25.725,9227,0
2017-04-10,18:20:00,25.7,25.735,25.7,25.735,3500,0
2017-04-10,18:25:00,25.7,25.7,25.675,25.6955,3200,0
2017-04-10,18:30:00,25.65,25.75,25.6,25.75,3644,0
2017-04-10,18:35:00,25.7,25.7,25.65,25.7,3500,0
2017-04-10,18:40:00,25.75,25.75,25.75,25.75,400,0
2017-04-10,18:45:00,25.75,25.75,25.725,25.75,2300,0
2017-04-10,18:50:00,25.75,25.85,25.75,25.85,2569,0
2017-04-10,18:55:00,25.85,25.9,25.8,25.8,3200,0
2017-04-10,19:00:00,25.85,25.85,25.8,25.8,1300,0
2017-04-10,19:05:00,25.8,25.9,25.8,25.9,1701,0
2017-04-10,19:10:00,25.85,25.9,25.825,25.9,3400,0
2017-04-10,19:15:00,25.9,25.9,25.85,25.85,1900,0
2017-04-10,19:20:00,25.9,25.95,25.85,25.85,7504,0
2017-04-10,19:25:00,25.85,25.85,25.8,25.8,1225,0
2017-04-10,19:30:00,25.8,25.8,25.65,25.7,4855,0
2017-04-10,19:35:00,25.7,25.7,25.675,25.7,341,0
2017-04-10,19:40:00,25.725,25.8,25.7,25.8,1300,0
2017-04-10,19:45:00,25.8,25.8,25.75,25.75,200,0
2017-04-10,19:50:00,25.775,25.775,25.775,25.775,100,0
2017-04-10,19:55:00,25.775,25.775,25.75,25.75,1500,0
2017-04-10,20:00:00,25.775,25.85,25.775,25.85,3800,0
2017-04-10,20:05:00,25.9,25.9,25.85,25.85,2600,0
2017-04-10,20:10:00,25.85,25.9,25.85,25.9,1300,0
2017-04-10,20:15:00,25.9,25.9,25.875,25.9,1759,0
2017-04-10,20:20:00,25.95,25.95,25.925,25.925,1700,0
2017-04-10,20:25:00,25.9,25.9,25.9,25.9,524,0
2017-04-10,20:30:00,25.875,25.875,25.8,25.8,1400,0
2017-04-10,20:35:00,25.825,25.825,25.8,25.825,800,0
2017-04-10,20:40:00,25.825,25.825,25.75,25.75,3200,0
2017-04-10,20:45:00,25.7501,25.775,25.75,25.775,900,0
2017-04-10,20:50:00,25.775,25.825,25.775,25.825,3000,0
2017-04-10,20:55:00,25.825,25.9,25.825,25.9,2000,0
2017-04-10,21:00:00,25.875,25.875,25.8001,25.8001,2475,0
2017-04-10,21:05:00,25.85,25.875,25.8,25.85,4931,0
2017-04-10,21:10:00,25.875,25.875,25.85,25.85,1725,0
2017-04-10,21:15:00,25.825,25.875,25.8,25.825,3300,0
2017-04-10,21:20:00,25.825,25.85,25.8,25.825,1200,0
2017-04-10,21:25:00,25.8001,25.8001,25.625,25.65,11372,0
2017-04-10,21:30:00,25.65,25.6865,25.65,25.65,800,0
2017-04-10,21:35:00,25.7,25.75,25.675,25.75,2800,0
2017-04-10,21:40:00,25.7,25.725,25.65,25.675,4000,0
2017-04-10,21:45:00,25.7,25.75,25.65,25.65,8602,0
2017-04-10,21:50:00,25.65,25.7,25.65,25.675,6590,0
2017-04-10,21:55:00,25.65,25.65,25.55,25.575,14398,0
2017-04-10,22:00:00,25.5734,25.5734,25.45,25.45,74079,0
2017-04-11,15:35:00,25.45,25.734,25.45,25.5,5891,0
2017-04-11,15:40:00,25.55,25.6,25.2,25.35,1800,0
2017-04-11,15:45:00,25.35,25.5,25.25,25.4,6050,0
2017-04-11,15:50:00,25.35,25.5,25.35,25.45,1700,0
2017-04-11,15:55:00,25.4,25.4,25.3,25.4,3100,0
2017-04-11,16:00:00,25.45,25.45,25.4,25.4,1400,0
2017-04-11,16:05:00,25.6,25.65,25.5,25.5,9800,0
2017-04-11,16:10:00,25.5,25.6,25.45,25.55,1600,0
2017-04-11,16:15:00,25.55,25.55,25.5,25.5,5400,0
2017-04-11,16:20:00,25.525,25.525,25.45,25.45,1400,0
2017-04-11,16:25:00,25.5,25.5,25.5,25.5,862,0
2017-04-11,16:30:00,25.5,25.55,25.475,25.5,2290,0
2017-04-11,16:35:00,25.45,25.45,25.35,25.35,2700,0
2017-04-11,16:40:00,25.325,25.35,25.2,25.35,3566,0
2017-04-11,16:45:00,25.35,25.35,25.2,25.25,2600,0
2017-04-11,16:50:00,25.3,25.3,25.25,25.25,1600,0
2017-04-11,16:55:00,25.3,25.3,25.2,25.25,2735,0
2017-04-11,17:00:00,25.225,25.25,25.2,25.25,4180,0
2017-04-11,17:05:00,25.25,25.25,25.15,25.25,3300,0
2017-04-11,17:10:00,25.25,25.299,25.2,25.2,1900,0
2017-04-11,17:15:00,25.2,25.25,25.175,25.175,2383,0
2017-04-11,17:20:00,25.175,25.25,25.15,25.15,3767,0
2017-04-11,17:25:00,25.16,25.299,25.16,25.2,4000,0
2017-04-11,17:30:00,25.2,25.2,25.1,25.2,1000,0
2017-04-11,17:35:00,25.2,25.25,25.1,25.2,3076,0
2017-04-11,17:40:00,25.2,25.25,25.175,25.2,4247,0
2017-04-11,17:45:00,25.15,25.15,25.1,25.15,1456,0
2017-04-11,17:50:00,25.15,25.15,25.1,25.15,1820,0
2017-04-11,17:55:00,25.125,25.125,25.05,25.1,1649,0
2017-04-11,18:00:00,25.1,25.1,25.1,25.1,400,0
2017-04-11,18:05:00,25.1,25.1,25.05,25.05,1200,0
2017-04-11,18:10:00,25.05,25.075,25.05,25.05,300,0
2017-04-11,18:15:00,25.1,25.15,25.1,25.15,1895,0
2017-04-11,18:20:00,25.15,25.2,25.15,25.2,2300,0
2017-04-11,18:25:00,25.2,25.2,25.125,25.125,2200,0
2017-04-11,18:30:00,25.15,25.2,25.15,25.2,2166,0
2017-04-11,18:35:00,25.2,25.225,25.2,25.2,900,0
2017-04-11,18:40:00,25.2,25.225,25.2,25.2,3326,0
2017-04-11,18:45:00,25.1986,25.1986,25.1,25.15,5000,0
2017-04-11,18:55:00,25.15,25.15,25.15,25.15,2619,0
2017-04-11,19:00:00,25.125,25.15,25.125,25.125,3300,0
2017-04-11,19:05:00,25.125,25.15,25.125,25.15,900,0
2017-04-11,19:10:00,25.2,25.275,25.2,25.25,3100,0
2017-04-11,19:15:00,25.245,25.25,25.2,25.2,3985,0
2017-04-11,19:20:00,25.175,25.175,25.15,25.15,1610,0
2017-04-11,19:25:00,25.15,25.25,25.15,25.25,2700,0
2017-04-11,19:30:00,25.2,25.225,25.2,25.2,2300,0
2017-04-11,19:35:00,25.2,25.2,25.2,25.2,1700,0
2017-04-11,19:40:00,25.2,25.2318,25.2,25.2318,2540,0
2017-04-11,19:45:00,25.2,25.225,25.2,25.225,1500,0
2017-04-11,19:50:00,25.225,25.225,25.2,25.2,300,0
2017-04-11,19:55:00,25.25,25.25,25.225,25.225,200,0
2017-04-11,20:00:00,25.2,25.25,25.2,25.225,500,0
2017-04-11,20:05:00,25.25,25.35,25.25,25.342,4100,0
2017-04-11,20:10:00,25.3,25.375,25.3,25.3,6300,0
2017-04-11,20:15:00,25.3,25.35,25.15,25.2,11456,0
2017-04-11,20:20:00,25.2,25.25,25.15,25.2,18276,0
2017-04-11,20:25:00,25.2,25.2,25.15,25.15,1700,0
2017-04-11,20:30:00,25.2,25.225,25.2,25.2,2600,0
2017-04-11,20:35:00,25.225,25.25,25.2,25.25,2761,0
2017-04-11,20:40:00,25.275,25.3,25.25,25.25,4150,0
2017-04-11,20:45:00,25.25,25.275,25.25,25.275,200,0
2017-04-11,20:50:00,25.25,25.275,25.2,25.225,2800,0
2017-04-11,20:55:00,25.2,25.2,25.15,25.2,3081,0
2017-04-11,21:00:00,25.225,25.225,25.2,25.225,1400,0
2017-04-11,21:05:00,25.249,25.249,25.2,25.2,500,0
2017-04-11,21:10:00,25.2,25.225,25.15,25.2,2375,0
2017-04-11,21:15:00,25.225,25.225,25.2,25.2,3100,0
2017-04-11,21:20:00,25.2,25.225,25.15,25.15,2800,0
2017-04-11,21:25:00,25.1,25.2,25.1,25.15,2020,0
2017-04-11,21:30:00,25.2,25.25,25.2,25.225,1800,0
2017-04-11,21:35:00,25.25,25.275,25.2,25.25,4700,0
2017-04-11,21:40:00,25.25,25.25,25.15,25.15,4824,0
2017-04-11,21:45:00,25.1501,25.2,25.1,25.1,4537,0
2017-04-11,21:50:00,25.1,25.225,25.1,25.2,16570,0
2017-04-11,21:55:00,25.2,25.2,25.15,25.2,7285,0
2017-04-11,22:00:00,25.175,25.3,25.175,25.2,53323,0
2017-04-12,15:35:00,25.15,25.5,25.15,25.5,3200,0
2017-04-12,15:40:00,25.475,25.5,25.312,25.45,5658,0
2017-04-12,15:45:00,25.4,25.6,25.4,25.5,4200,0
2017-04-12,15:50:00,25.6,25.6,25.5,25.55,1242,0
2017-04-12,15:55:00,25.55,25.6,25.4,25.4499,6400,0
2017-04-12,16:00:00,25.45,25.45,25.25,25.4,3400,0
2017-04-12,16:05:00,25.35,25.35,25.1,25.1,2900,0
2017-04-12,16:10:00,25.1,25.1,25.0422,25.05,3000,0
2017-04-12,16:15:00,25.05,25.15,24.85,25,7792,0
2017-04-12,16:20:00,25.05,25.114,25,25.05,2812,0
2017-04-12,16:25:00,25.05,25.05,24.95,24.95,1607,0
2017-04-12,16:30:00,24.975,24.975,24.8,24.85,4119,0
2017-04-12,16:35:00,24.85,25,24.85,24.95,3996,0
2017-04-12,16:40:00,24.9,24.95,24.85,24.9,1799,0
2017-04-12,16:45:00,24.9,24.9,24.85,24.9,1000,0
2017-04-12,16:50:00,24.85,24.85,24.6,24.6,15755,0
2017-04-12,16:55:00,24.6,24.65,24.55,24.6058,2931,0
2017-04-12,17:00:00,24.6,24.8,24.6,24.6,4300,0
2017-04-12,17:05:00,24.712,24.712,24.65,24.65,735,0
2017-04-12,17:10:00,24.65,24.75,24.65,24.75,2000,0
2017-04-12,17:15:00,24.7,24.7,24.65,24.65,1400,0
2017-04-12,17:20:00,24.65,24.7,24.5,24.525,9293,0
2017-04-12,17:25:00,24.575,24.575,24.45,24.45,5722,0
2017-04-12,17:30:00,24.45,24.5,24.4,24.4,12869,0
2017-04-12,17:35:00,24.4,24.4,24.35,24.35,2350,0
2017-04-12,17:40:00,24.4,24.4,24.25,24.35,9773,0
2017-04-12,17:45:00,24.35,24.45,24.35,24.45,1180,0
2017-04-12,17:50:00,24.5,24.55,24.45,24.5003,1600,0
2017-04-12,17:55:00,24.45,24.5,24.4,24.45,4250,0
2017-04-12,18:00:00,24.5,24.5,24.45,24.5,2100,0
2017-04-12,18:05:00,24.5,24.6,24.5,24.6,1811,0
2017-04-12,18:10:00,24.55,24.5962,24.55,24.55,1600,0
2017-04-12,18:15:00,24.55,24.575,24.55,24.575,700,0
2017-04-12,18:20:00,24.55,24.55,24.5,24.55,3100,0
2017-04-12,18:25:00,24.55,24.6,24.5,24.5,4000,0
2017-04-12,18:30:00,24.5,24.65,24.5,24.65,2500,0
2017-04-12,18:35:00,24.6,24.625,24.55,24.6,1900,0
2017-04-12,18:40:00,24.55,24.575,24.5,24.525,600,0
2017-04-12,18:45:00,24.5,24.6,24.475,24.6,3182,0
2017-04-12,18:50:00,24.55,24.6,24.5,24.5,1150,0
2017-04-12,18:55:00,24.5,24.55,24.45,24.475,3294,0
2017-04-12,19:00:00,24.45,24.55,24.45,24.5,6375,0
2017-04-12,19:05:00,24.525,24.625,24.525,24.6,4221,0
2017-04-12,19:10:00,24.55,24.55,24.55,24.55,500,0
2017-04-12,19:15:00,24.55,24.575,24.55,24.55,900,0
2017-04-12,19:20:00,24.55,24.5999,24.55,24.5999,600,0
2017-04-12,19:25:00,24.55,24.55,24.45,24.45,5262,0
2017-04-12,19:30:00,24.5,24.55,24.4999,24.5,3200,0
2017-04-12,19:35:00,24.5,24.5011,24.5,24.5,3300,0
2017-04-12,19:40:00,24.5035,24.55,24.5,24.55,3500,0
2017-04-12,19:45:00,24.55,24.5622,24.55,24.55,1800,0
2017-04-12,19:50:00,24.55,24.575,24.55,24.5674,1805,0
2017-04-12,19:55:00,24.55,24.65,24.55,24.65,4000,0
2017-04-12,20:00:00,24.6,24.75,24.6,24.75,2100,0
2017-04-12,20:05:00,24.7,24.75,24.7,24.7,900,0
2017-04-12,20:10:00,24.7,24.7,24.6499,24.65,7797,0
2017-04-12,20:15:00,24.625,24.625,24.475,24.6,11230,0
2017-04-12,20:20:00,24.6,24.6,24.55,24.55,1200,0
2017-04-12,20:25:00,24.55,24.55,24.475,24.5499,5100,0
2017-04-12,20:30:00,24.55,24.6,24.5,24.55,3800,0
2017-04-12,20:35:00,24.525,24.675,24.5,24.675,5900,0
2017-04-12,20:40:00,24.65,24.725,24.625,24.7,6193,0
2017-04-12,20:45:00,24.6999,24.6999,24.6,24.65,3509,0
2017-04-12,20:50:00,24.625,24.7,24.6,24.65,3902,0
2017-04-12,20:55:00,24.65,24.8,24.625,24.8,4520,0
2017-04-12,21:00:00,24.85,24.85,24.8011,24.85,3387,0
2017-04-12,21:05:00,24.8,24.8499,24.75,24.825,3210,0
2017-04-12,21:10:00,24.825,24.825,24.675,24.675,12370,0
2017-04-12,21:15:00,24.65,24.675,24.5,24.5,5300,0
2017-04-12,21:20:00,24.525,24.55,24.45,24.475,3600,0
2017-04-12,21:25:00,24.475,24.55,24.45,24.5,8220,0
2017-04-12,21:30:00,24.5,24.55,24.45,24.55,5600,0
2017-04-12,21:35:00,24.575,24.7,24.5,24.5,8500,0
2017-04-12,21:40:00,24.5,24.55,24.45,24.55,11397,0
2017-04-12,21:45:00,24.5,24.55,24.45,24.55,8820,0
2017-04-12,21:50:00,24.5695,24.6,24.475,24.5,20938,0
2017-04-12,21:55:00,24.5,24.625,24.5,24.525,17404,0
2017-04-12,22:00:00,24.525,24.7,24.5,24.55,61025,0
2017-04-13,15:35:00,24.5,24.5,24.5,24.5,5527,0
2017-04-13,15:40:00,24.5,24.6122,24.5,24.6122,1308,0
2017-04-13,15:45:00,24.5,24.6,24.5,24.6,1700,0
2017-04-13,15:50:00,24.65,24.65,24.55,24.6,730,0
2017-04-13,15:55:00,24.6,24.85,24.6,24.8,3765,0
2017-04-13,16:00:00,24.8,24.85,24.75,24.8,2400,0
2017-04-13,16:05:00,24.8,24.9,24.75,24.75,4206,0
2017-04-13,16:10:00,24.8,24.85,24.8,24.8,1500,0
2017-04-13,16:15:00,24.9,24.95,24.85,24.85,1200,0
2017-04-13,16:20:00,24.875,24.9783,24.875,24.9,3900,0
2017-04-13,16:25:00,24.85,25,24.85,25,7600,0
2017-04-13,16:30:00,24.95,24.95,24.9,24.925,1200,0
2017-04-13,16:35:00,24.95,25,24.9,25,700,0
2017-04-13,16:40:00,25,25,24.8,24.9,1900,0
2017-04-13,16:45:00,24.85,24.85,24.7,24.7,2200,0
2017-04-13,16:50:00,24.65,24.7625,24.65,24.65,1300,0
2017-04-13,16:55:00,24.65,24.8,24.65,24.8,1361,0
2017-04-13,17:00:00,24.8,24.9,24.8,24.85,600,0
2017-04-13,17:05:00,24.85,24.9,24.85,24.86,1000,0
2017-04-13,17:10:00,24.9,24.9,24.85,24.9,500,0
2017-04-13,17:15:00,24.85,24.85,24.8,24.8,1100,0
2017-04-13,17:20:00,24.8,24.85,24.8,24.85,500,0
2017-04-13,17:25:00,24.8,24.8,24.75,24.8,2100,0
2017-04-13,17:30:00,24.825,24.85,24.8,24.8,1400,0
2017-04-13,17:35:00,24.8,24.8,24.75,24.8,1000,0
2017-04-13,17:40:00,24.8,24.9,24.8,24.8,2100,0
2017-04-13,17:45:00,24.8,24.825,24.75,24.8,1800,0
2017-04-13,17:50:00,24.8,24.8185,24.8,24.8,3800,0
2017-04-13,17:55:00,24.8,24.9,24.775,24.9,1364,0
2017-04-13,18:00:00,24.9,24.9,24.85,24.85,1100,0
2017-04-13,18:05:00,24.9,24.9,24.8,24.8,600,0
2017-04-13,18:10:00,24.85,24.85,24.65,24.7,4388,0
2017-04-13,18:15:00,24.7684,24.8,24.7,24.75,1200,0
2017-04-13,18:20:00,24.75,24.8,24.7,24.76,1300,0
2017-04-13,18:25:00,24.8,24.8,24.8,24.8,1300,0
2017-04-13,18:30:00,24.8,24.85,24.8,24.85,200,0
2017-04-13,18:35:00,24.8,24.85,24.8,24.85,600,0
2017-04-13,18:40:00,24.8,24.875,24.8,24.8,800,0
2017-04-13,18:45:00,24.85,24.85,24.85,24.85,1100,0
2017-04-13,18:50:00,24.85,24.95,24.85,24.95,1440,0
2017-04-13,18:55:00,25,25.05,25,25.0124,1405,0
2017-04-13,19:00:00,25,25,24.95,24.95,700,0
2017-04-13,19:05:00,25,25,24.9,24.9,1100,0
2017-04-13,19:10:00,24.9,24.9,24.8,24.8,2723,0
2017-04-13,19:15:00,24.878,24.9228,24.85,24.9,950,0
2017-04-13,19:20:00,24.925,24.95,24.9,24.9,400,0
2017-04-13,19:25:00,24.9,24.9,24.85,24.85,800,0
2017-04-13,19:30:00,24.9,25,24.86,24.975,2100,0
2017-04-13,19:35:00,24.95,25,24.9,25,800,0
2017-04-13,19:40:00,25,25.05,25,25,1722,0
2017-04-13,19:45:00,25,25.05,24.95,24.95,2283,0
2017-04-13,19:50:00,24.9,24.95,24.9,24.95,2456,0
2017-04-13,19:55:00,24.9,24.95,24.9,24.9,988,0
2017-04-13,20:00:00,24.9,25,24.9,24.9,1988,0
2017-04-13,20:05:00,24.85,24.9176,24.85,24.9065,725,0
2017-04-13,20:10:00,24.85,24.95,24.85,24.9,1200,0
2017-04-13,20:15:00,24.95,25,24.95,24.95,1300,0
2017-04-13,20:20:00,24.95,25,24.95,25,900,0
2017-04-13,20:25:00,25,25,25,25,300,0
2017-04-13,20:30:00,25,25.15,25,25.15,3219,0
2017-04-13,20:35:00,25.1,25.2,25.1,25.1,2500,0
2017-04-13,20:40:00,25.1,25.15,25.075,25.1,1100,0
2017-04-13,20:45:00,25.1,25.22,25.1,25.11,1585,0
2017-04-13,20:50:00,25.1075,25.2,25.1075,25.15,1730,0
2017-04-13,20:55:00,25.1,25.15,25.1,25.1,1139,0
2017-04-13,21:00:00,25.05,25.1,25.05,25.1,3600,0
2017-04-13,21:05:00,25.15,25.1594,25.05,25.05,2100,0
2017-04-13,21:10:00,25.15,25.15,25.1,25.1,1500,0
2017-04-13,21:15:00,25.1,25.125,25,25.01,5100,0
2017-04-13,21:20:00,25.1,25.15,25.1,25.1,2400,0
2017-04-13,21:25:00,25.1,25.3,25.05,25.3,3437,0
2017-04-13,21:30:00,25.3,25.3,25.2,25.225,10957,0
2017-04-13,21:35:00,25.2,25.3,25.2,25.2,6881,0
2017-04-13,21:40:00,25.3,25.3,25.2,25.25,8409,0
2017-04-13,21:45:00,25.225,25.35,25.2,25.2959,11546,0
2017-04-13,21:50:00,25.3,25.4,25.3,25.4,10450,0
2017-04-13,21:55:00,25.4,25.4,25.25,25.3,16640,0
2017-04-13,22:00:00,25.3,25.35,25.2,25.25,182446,0
2017-04-17,15:35:00,25.25,25.4899,25.15,25.15,9816,0
2017-04-17,15:40:00,25.1,25.175,24.9,25.1068,3221,0
2017-04-17,15:45:00,25,25,24.6,24.75,13720,0
2017-04-17,15:50:00,24.75,24.8915,24.75,24.8915,800,0
2017-04-17,15:55:00,24.9,25.05,24.9,25.05,26600,0
2017-04-17,16:00:00,25.05,25.091,24.95,24.95,2700,0
2017-04-17,16:05:00,24.95,25.15,24.95,25.1338,2972,0
2017-04-17,16:10:00,25.2,25.3,25.2,25.25,850,0
2017-04-17,16:15:00,25.25,25.4,25.25,25.25,2700,0
2017-04-17,16:25:00,25.25,25.3,25.25,25.25,400,0
2017-04-17,16:30:00,25.2,25.2,25.15,25.15,700,0
2017-04-17,16:35:00,25.3,25.3,25.3,25.3,1000,0
2017-04-17,16:40:00,25.3,25.35,25.25,25.25,600,0
2017-04-17,16:45:00,25.2676,25.276,25.25,25.25,3100,0
2017-04-17,16:50:00,25.25,25.2889,25.2,25.2,2000,0
2017-04-17,17:00:00,25.3,25.35,25.3,25.35,1900,0
2017-04-17,17:05:00,25.4,25.5,25.4,25.45,8690,0
2017-04-17,17:10:00,25.4,25.4,25.4,25.4,600,0
2017-04-17,17:20:00,25.425,25.45,25.425,25.45,1300,0
2017-04-17,17:30:00,25.5,25.55,25.5,25.55,7990,0
2017-04-17,17:35:00,25.55,25.55,25.45,25.5,1500,0
2017-04-17,17:40:00,25.5,25.5001,25.45,25.5,8400,0
2017-04-17,17:45:00,25.5,25.5,25.5,25.5,900,0
2017-04-17,17:50:00,25.45,25.45,25.4,25.4,1560,0
2017-04-17,17:55:00,25.4,25.4,25.4,25.4,200,0
2017-04-17,18:00:00,25.5,25.5,25.5,25.5,100,0
2017-04-17,18:05:00,25.4,25.4,25.4,25.4,1400,0
2017-04-17,18:10:00,25.4,25.4,25.4,25.4,100,0
2017-04-17,18:15:00,25.375,25.375,25.35,25.35,811,0
2017-04-17,18:20:00,25.4,25.4,25.325,25.325,600,0
2017-04-17,18:25:00,25.4,25.4,25.4,25.4,700,0
2017-04-17,18:30:00,25.35,25.35,25.35,25.35,500,0
2017-04-17,18:35:00,25.35,25.4,25.35,25.4,500,0
2017-04-17,18:40:00,25.35,25.4,25.3,25.4,7141,0
2017-04-17,18:45:00,25.4,25.4,25.35,25.4,12171,0
2017-04-17,18:55:00,25.45,25.45,25.45,25.45,100,0
2017-04-17,19:05:00,25.45,25.45,25.45,25.45,300,0
2017-04-17,19:10:00,25.45,25.45,25.4,25.4,700,0
2017-04-17,19:15:00,25.35,25.35,25.35,25.35,800,0
2017-04-17,19:20:00,25.35,25.35,25.35,25.35,200,0
2017-04-17,19:30:00,25.35,25.3999,25.35,25.3999,400,0
2017-04-17,19:45:00,25.35,25.35,25.35,25.35,500,0
2017-04-17,19:50:00,25.35,25.4,25.35,25.4,300,0
2017-04-17,20:00:00,25.35,25.35,25.35,25.35,400,0
2017-04-17,20:05:00,25.35,25.4,25.35,25.4,500,0
2017-04-17,20:10:00,25.4,25.4,25.4,25.4,1100,0
2017-04-17,20:15:00,25.45,25.5,25.45,25.5,1947,0
2017-04-17,20:20:00,25.5,25.55,25.5,25.549,500,0
2017-04-17,20:25:00,25.525,25.525,25.52,25.52,200,0
2017-04-17,20:30:00,25.5,25.5,25.4,25.4,2477,0
2017-04-17,20:40:00,25.45,25.45,25.45,25.45,100,0
2017-04-17,20:50:00,25.4,25.4,25.4,25.4,100,0
2017-04-17,20:55:00,25.3624,25.3624,25.3,25.35,2600,0
2017-04-17,21:00:00,25.3,25.325,25.3,25.325,300,0
2017-04-17,21:05:00,25.325,25.35,25.3,25.3,1423,0
2017-04-17,21:10:00,25.35,25.375,25.35,25.375,400,0
2017-04-17,21:15:00,25.4,25.4,25.4,25.4,100,0
2017-04-17,21:20:00,25.4,25.45,25.4,25.45,1866,0
2017-04-17,21:25:00,25.45,25.45,25.45,25.45,100,0
2017-04-17,21:30:00,25.45,25.45,25.4,25.45,2805,0
2017-04-17,21:35:00,25.45,25.45,25.35,25.35,2779,0
2017-04-17,21:40:00,25.35,25.375,25.325,25.325,1500,0
2017-04-17,21:45:00,25.35,25.4,25.275,25.275,1439,0
2017-04-17,21:50:00,25.275,25.45,25.275,25.4,6067,0
2017-04-17,21:55:00,25.45,25.5,25.4,25.425,11063,0
2017-04-17,22:00:00,25.45,25.475,25.4,25.45,26163,0
2017-04-18,15:35:00,25.3,25.3,24.85,25.3,3664,0
2017-04-18,15:40:00,25.2,25.25,25.2,25.25,500,0
2017-04-18,15:45:00,25.2,25.25,25.2,25.25,650,0
2017-04-18,15:50:00,25.25,25.4,25.25,25.35,1813,0
2017-04-18,15:55:00,25.3,25.3,25.25,25.25,500,0
2017-04-18,16:00:00,25.25,25.4,25.25,25.4,1447,0
2017-04-18,16:05:00,25.35,25.35,25.3,25.3,1900,0
2017-04-18,16:10:00,25.3,25.3,25.3,25.3,800,0
2017-04-18,16:15:00,25.25,25.2999,25.25,25.25,1242,0
2017-04-18,16:20:00,25.225,25.225,25.2,25.2,1989,0
2017-04-18,16:25:00,25.2,25.2,25.15,25.2,1362,0
2017-04-18,16:30:00,25.25,25.3,25.25,25.3,700,0
2017-04-18,16:35:00,25.25,25.3,25.25,25.3,600,0
2017-04-18,16:40:00,25.35,25.35,25.225,25.265,2814,0
2017-04-18,16:45:00,25.25,25.25,25.25,25.25,1200,0
2017-04-18,16:50:00,25.25,25.25,25.2,25.2,12303,0
2017-04-18,16:55:00,25.2,25.25,25.2,25.225,1900,0
2017-04-18,17:00:00,25.225,25.225,25.15,25.2,9000,0
2017-04-18,17:05:00,25.25,25.25,25.175,25.2,2701,0
2017-04-18,17:10:00,25.15,25.175,25.15,25.15,3400,0
2017-04-18,17:15:00,25.2,25.3,25.2,25.2,8807,0
2017-04-18,17:20:00,25.25,25.25,25.25,25.25,800,0
2017-04-18,17:25:00,25.2,25.225,25.15,25.15,1300,0
2017-04-18,17:30:00,25.1,25.3,25.1,25.275,7113,0
2017-04-18,17:35:00,25.25,25.275,25.2,25.25,700,0
2017-04-18,17:40:00,25.1999,25.2,25.175,25.2,1000,0
2017-04-18,17:45:00,25.2,25.25,25.2,25.25,6000,0
2017-04-18,17:50:00,25.25,25.3,25.25,25.3,2607,0
2017-04-18,17:55:00,25.3,25.375,25.3,25.35,1000,0
2017-04-18,18:00:00,25.35,25.35,25.25,25.3,1500,0
2017-04-18,18:05:00,25.25,25.25,25.2,25.25,2800,0
2017-04-18,18:10:00,25.2,25.2,25.1,25.1,1560,0
2017-04-18,18:15:00,25.1,25.175,25.05,25.1,3200,0
2017-04-18,18:20:00,25.125,25.2,25.1,25.175,7000,0
2017-04-18,18:25:00,25.2,25.2,25.15,25.175,1900,0
2017-04-18,18:30:00,25.2,25.225,25.2,25.2,1848,0
2017-04-18,18:35:00,25.25,25.275,25.21,25.21,1324,0
2017-04-18,18:40:00,25.3,25.3,25.3,25.3,100,0
2017-04-18,18:45:00,25.25,25.3,25.25,25.3,900,0
2017-04-18,18:50:00,25.3,25.3,25.3,25.3,300,0
2017-04-18,18:55:00,25.35,25.4,25.35,25.4,600,0
2017-04-18,19:00:00,25.35,25.375,25.35,25.35,2000,0
2017-04-18,19:05:00,25.3,25.3,25.25,25.25,400,0
2017-04-18,19:10:00,25.275,25.275,25.275,25.275,200,0
2017-04-18,19:15:00,25.3,25.3,25.3,25.3,1100,0
2017-04-18,19:20:00,25.3,25.35,25.3,25.3,1500,0
2017-04-18,19:25:00,25.25,25.325,25.25,25.325,900,0
2017-04-18,19:30:00,25.25,25.3,25.25,25.25,1577,0
2017-04-18,19:35:00,25.25,25.3,25.25,25.3,700,0
2017-04-18,19:40:00,25.3,25.3,25.3,25.3,200,0
2017-04-18,19:45:00,25.35,25.375,25.3,25.3,1500,0
2017-04-18,19:50:00,25.3,25.35,25.25,25.3,19931,0
2017-04-18,19:55:00,25.3,25.3,25.25,25.25,900,0
2017-04-18,20:00:00,25.275,25.3,25.25,25.3,500,0
2017-04-18,20:05:00,25.3,25.5,25.3,25.35,10253,0
2017-04-18,20:10:00,25.375,25.4,25.375,25.4,300,0
2017-04-18,20:15:00,25.4,25.4,25.375,25.4,2500,0
2017-04-18,20:20:00,25.4,25.45,25.4,25.45,1606,0
2017-04-18,20:25:00,25.4,25.4,25.35,25.35,1185,0
2017-04-18,20:30:00,25.3,25.35,25.3,25.35,3595,0
2017-04-18,20:35:00,25.325,25.375,25.325,25.375,1335,0
2017-04-18,20:40:00,25.4,25.45,25.4,25.4,4222,0
2017-04-18,20:45:00,25.4,25.4,25.3,25.3,1800,0
2017-04-18,20:50:00,25.2733,25.325,25.2733,25.3,1598,0
2017-04-18,20:55:00,25.3,25.375,25.3,25.35,2000,0
2017-04-18,21:00:00,25.3,25.35,25.3,25.35,500,0
2017-04-18,21:05:00,25.35,25.35,25.275,25.275,1800,0
2017-04-18,21:10:00,25.25,25.25,25.225,25.225,962,0
2017-04-18,21:15:00,25.2,25.225,25.2,25.2,1785,0
2017-04-18,21:20:00,25.2,25.25,25.2,25.25,4240,0
2017-04-18,21:25:00,25.3,25.35,25.3,25.325,900,0
2017-04-18,21:30:00,25.325,25.35,25.3,25.3,1300,0
2017-04-18,21:35:00,25.25,25.35,25.25,25.35,1600,0
2017-04-18,21:40:00,25.35,25.4,25.35,25.4,3000,0
2017-04-18,21:45:00,25.4,25.4,25.4,25.4,1094,0
2017-04-18,21:50:00,25.4,25.425,25.35,25.35,4700,0
2017-04-18,21:55:00,25.35,25.35,25.275,25.275,10630,0
2017-04-18,22:00:00,25.25,25.3,25.25,25.3,37497,0
2017-04-19,15:35:00,25.45,25.7,25.45,25.6,11277,0
2017-04-19,15:40:00,25.6,25.65,25.5,25.65,1690,0
2017-04-19,15:45:00,25.6,25.8,25.505,25.505,5356,0
2017-04-19,15:50:00,25.55,25.65,25.35,25.65,2000,0
2017-04-19,15:55:00,25.55,25.6,25.55,25.6,600,0
2017-04-19,16:00:00,25.575,25.75,25.575,25.75,1737,0
2017-04-19,16:05:00,25.75,25.75,25.55,25.65,3700,0
2017-04-19,16:10:00,25.65,25.775,25.65,25.65,6506,0
2017-04-19,16:15:00,25.65,25.65,25.65,25.65,200,0
2017-04-19,16:20:00,25.7,25.75,25.6,25.6,3934,0
2017-04-19,16:25:00,25.7,25.8,25.7,25.8,3099,0
2017-04-19,16:30:00,25.75,25.85,25.75,25.85,1200,0
2017-04-19,16:35:00,25.85,25.9,25.8,25.85,3650,0
2017-04-19,16:40:00,25.85,25.9,25.8,25.9,2700,0
2017-04-19,16:45:00,25.9,25.95,25.85,25.95,7097,0
2017-04-19,16:50:00,25.9,25.9106,25.8,25.8,4308,0
2017-04-19,16:55:00,25.8,25.95,25.8,25.9,1300,0
2017-04-19,17:00:00,25.95,25.975,25.85,25.85,3404,0
2017-04-19,17:05:00,25.9,25.9,25.85,25.9,2672,0
2017-04-19,17:10:00,25.925,25.95,25.9,25.95,5146,0
2017-04-19,17:15:00,25.95,26,25.9,26,1242,0
2017-04-19,17:20:00,26,26.1,25.95,26,19267,0
2017-04-19,17:25:00,26,26.15,26,26,20905,0
2017-04-19,17:30:00,26,26.15,25.95,26.15,2416,0
2017-04-19,17:35:00,26.15,26.1683,26.1,26.15,2479,0
2017-04-19,17:40:00,26.15,26.15,26.1,26.15,2739,0
2017-04-19,17:45:00,26.1,26.1,26.05,26.1,4915,0
2017-04-19,17:50:00,26.15,26.15,26.15,26.15,100,0
2017-04-19,17:55:00,26.15,26.15,26.1,26.1,1500,0
2017-04-19,18:00:00,26.1,26.125,26,26.05,2425,0
2017-04-19,18:05:00,26.05,26.075,26.05,26.05,1133,0
2017-04-19,18:10:00,26.05,26.1,26,26,2400,0
2017-04-19,18:15:00,26.099,26.099,26.05,26.05,2500,0
2017-04-19,18:20:00,26.05,26.05,26.05,26.05,100,0
2017-04-19,18:25:00,26,26.05,25.95,26.05,3869,0
2017-04-19,18:30:00,26.05,26.05,26,26,1300,0
2017-04-19,18:35:00,26,26,25.95,26,1500,0
2017-04-19,18:40:00,26.05,26.05,26,26,600,0
2017-04-19,18:45:00,26,26,25.95,26,1100,0
2017-04-19,18:50:00,25.95,25.95,25.942,25.942,1300,0
2017-04-19,18:55:00,25.925,25.95,25.9,25.95,600,0
2017-04-19,19:00:00,25.95,25.95,25.95,25.95,400,0
2017-04-19,19:10:00,25.975,25.975,25.95,25.95,1000,0
2017-04-19,19:15:00,25.925,25.95,25.851,25.95,2619,0
2017-04-19,19:20:00,26,26,26,26,100,0
2017-04-19,19:25:00,25.95,26.05,25.95,26.05,1100,0
2017-04-19,19:30:00,26.05,26.05,25.9847,25.9847,1600,0
2017-04-19,19:35:00,26.05,26.05,25.95,25.995,3500,0
2017-04-19,19:40:00,25.9994,25.9994,25.95,25.95,1100,0
2017-04-19,19:45:00,25.95,26,25.95,26,3503,0
2017-04-19,19:50:00,26,26.05,26,26.05,1100,0
2017-04-19,19:55:00,26.05,26.05,26,26,1100,0
2017-04-19,20:00:00,26.05,26.05,26,26,1200,0
2017-04-19,20:05:00,26.025,26.025,26.025,26.025,200,0
2017-04-19,20:10:00,26,26.05,25.975,26,3120,0
2017-04-19,20:15:00,26.05,26.1,26,26.05,3074,0
2017-04-19,20:20:00,26,26,25.9,25.9,4600,0
2017-04-19,20:25:00,25.9,25.95,25.9,25.95,3023,0
2017-04-19,20:30:00,25.95,26,25.95,26,2600,0
2017-04-19,20:35:00,26.025,26.025,25.95,25.95,1200,0
2017-04-19,20:40:00,26,26.05,26,26.05,600,0
2017-04-19,20:45:00,26.05,26.05,26,26,5000,0
2017-04-19,20:50:00,26,26.05,26,26.05,2400,0
2017-04-19,20:55:00,25.975,26,25.9,25.9,2000,0
2017-04-19,21:00:00,25.925,25.95,25.9,25.9,1900,0
2017-04-19,21:05:00,25.9,25.95,25.9,25.95,2200,0
2017-04-19,21:10:00,25.9,25.9,25.875,25.9,3000,0
2017-04-19,21:15:00,25.95,25.95,25.875,25.9,2900,0
2017-04-19,21:20:00,25.875,25.875,25.85,25.85,1807,0
2017-04-19,21:25:00,25.9,25.9,25.8,25.825,1900,0
2017-04-19,21:30:00,25.8,25.8,25.75,25.75,2000,0
2017-04-19,21:35:00,25.775,25.775,25.6,25.7,5163,0
2017-04-19,21:40:00,25.7,25.85,25.7,25.85,4100,0
2017-04-19,21:45:00,25.825,25.9,25.7,25.8,9712,0
2017-04-19,21:50:00,25.85,25.85,25.7171,25.75,4300,0
2017-04-19,21:55:00,25.75,25.8,25.7,25.75,11766,0
2017-04-19,22:00:00,25.775,25.8,25.7,25.75,26863,0
2017-04-20,15:35:00,25.9,25.91,25.8,25.85,4050,0
2017-04-20,15:40:00,25.85,25.85,25.8,25.85,3300,0
2017-04-20,15:45:00,25.85,25.85,25.65,25.775,3923,0
2017-04-20,15:50:00,25.8,25.85,25.7,25.85,2221,0
2017-04-20,15:55:00,25.85,25.85,25.85,25.85,705,0
2017-04-20,16:00:00,25.85,25.95,25.85,25.9,2800,0
2017-04-20,16:05:00,25.9,25.925,25.85,25.925,2200,0
2017-04-20,16:10:00,25.8795,25.895,25.85,25.875,2100,0
2017-04-20,16:15:00,25.9,25.95,25.9,25.925,3400,0
2017-04-20,16:20:00,25.9,25.925,25.8,25.8,2860,0
2017-04-20,16:25:00,25.75,25.75,25.7,25.725,4600,0
2017-04-20,16:30:00,25.75,25.7841,25.75,25.75,2400,0
2017-04-20,16:35:00,25.75,25.75,25.675,25.725,7533,0
2017-04-20,16:40:00,25.725,25.725,25.625,25.65,21926,0
2017-04-20,16:45:00,25.7,25.8,25.7,25.75,2350,0
2017-04-20,16:50:00,25.775,25.775,25.65,25.725,1650,0
2017-04-20,16:55:00,25.725,25.75,25.725,25.75,1200,0
2017-04-20,17:00:00,25.75,25.8,25.75,25.8,2600,0
2017-04-20,17:05:00,25.8,25.85,25.799,25.85,3000,0
2017-04-20,17:10:00,25.85,25.95,25.85,25.95,4619,0
2017-04-20,17:15:00,25.975,25.975,25.85,25.85,500,0
2017-04-20,17:20:00,25.9,25.95,25.9,25.95,300,0
2017-04-20,17:25:00,25.9,25.95,25.85,25.9,5900,0
2017-04-20,17:30:00,25.9,25.9,25.9,25.9,600,0
2017-04-20,17:35:00,25.9,25.925,25.9,25.9,1379,0
2017-04-20,17:40:00,25.9,25.95,25.85,25.95,1965,0
2017-04-20,17:45:00,25.9,25.95,25.9,25.95,3868,0
2017-04-20,17:50:00,26,26.05,26,26.05,2653,0
2017-04-20,17:55:00,26.05,26.05,25.975,26,3399,0
2017-04-20,18:00:00,25.95,25.95,25.9499,25.9499,800,0
2017-04-20,18:05:00,25.95,26.1,25.95,26.1,600,0
2017-04-20,18:10:00,26.05,26.05,26.05,26.05,1700,0
2017-04-20,18:20:00,26.05,26.05,26.05,26.05,800,0
2017-04-20,18:25:00,26.0997,26.1,26.0997,26.1,700,0
2017-04-20,18:30:00,26.05,26.05,26,26,1300,0
2017-04-20,18:35:00,26.05,26.05,26.05,26.05,300,0
2017-04-20,18:40:00,26.05,26.05,26.05,26.05,600,0
2017-04-20,18:45:00,26.05,26.05,26.05,26.05,1500,0
2017-04-20,18:50:00,26.05,26.05,26.05,26.05,100,0
2017-04-20,18:55:00,26.102,26.102,26.102,26.102,150,0
2017-04-20,19:00:00,26.0695,26.0695,26.0695,26.0695,200,0
2017-04-20,19:05:00,26.05,26.075,26.05,26.05,1900,0
2017-04-20,19:10:00,26.05,26.05,26.05,26.05,600,0
2017-04-20,19:15:00,26.05,26.0625,26.05,26.05,400,0
2017-04-20,19:20:00,26.025,26.025,26,26,300,0
2017-04-20,19:25:00,26.05,26.05,26.05,26.05,300,0
2017-04-20,19:30:00,26.1,26.1,26.05,26.05,900,0
2017-04-20,19:35:00,26,26,26,26,100,0
2017-04-20,19:40:00,26.05,26.05,26,26.0082,1700,0
2017-04-20,19:45:00,26.05,26.1,26.05,26.05,2400,0
2017-04-20,19:50:00,26.05,26.05,26.05,26.05,100,0
2017-04-20,19:55:00,26.075,26.15,26.075,26.125,2026,0
2017-04-20,20:00:00,26.1,26.125,26.1,26.1,2300,0
2017-04-20,20:05:00,26.1,26.15,26.0635,26.15,3200,0
2017-04-20,20:10:00,26.1,26.2,26.1,26.2,1900,0
2017-04-20,20:15:00,26.2,26.25,26.2,26.2321,1400,0
2017-04-20,20:20:00,26.25,26.3,26.25,26.25,3016,0
2017-04-20,20:25:00,26.25,26.275,26.25,26.275,800,0
2017-04-20,20:30:00,26.25,26.275,26.2,26.25,2400,0
2017-04-20,20:35:00,26.25,26.25,26.25,26.25,1225,0
2017-04-20,20:40:00,26.225,26.25,26.2234,26.225,700,0
2017-04-20,20:45:00,26.225,26.225,26.2,26.2,800,0
2017-04-20,20:50:00,26.1999,26.25,26.1999,26.25,605,0
2017-04-20,20:55:00,26.25,26.3,26.1772,26.25,4791,0
2017-04-20,21:05:00,26.2,26.225,26.1999,26.2,1732,0
2017-04-20,21:10:00,26.2,26.2,26.151,26.151,500,0
2017-04-20,21:15:00,26.175,26.175,26.15,26.15,3100,0
2017-04-20,21:20:00,26.1,26.125,26.05,26.05,3401,0
2017-04-20,21:25:00,26.075,26.075,26.05,26.075,800,0
2017-04-20,21:30:00,26.075,26.15,26.075,26.1,4200,0
2017-04-20,21:35:00,26.125,26.3,26.125,26.3,7977,0
2017-04-20,21:40:00,26.3,26.3,26.2,26.3,5791,0
2017-04-20,21:45:00,26.25,26.3,26.25,26.3,2100,0
2017-04-20,21:50:00,26.3,26.3,26.175,26.3,17350,0
2017-04-20,21:55:00,26.3,26.3,26.25,26.3,3437,0
2017-04-20,22:00:00,26.275,26.3,26.2,26.3,57573,0
2017-04-21,15:35:00,26.25,26.25,26.05,26.05,17617,0
2017-04-21,15:40:00,26.1,26.25,26.05,26.2,4300,0
2017-04-21,15:45:00,26.2,26.4,26.2,26.4,3491,0
2017-04-21,15:50:00,26.4,26.6,26.35,26.6,11122,0
2017-04-21,15:55:00,26.55,26.55,26.4,26.4,1500,0
2017-04-21,16:05:00,26.45,26.45,26.45,26.45,1559,0
2017-04-21,16:10:00,26.4,26.45,26.37,26.4,2256,0
2017-04-21,16:15:00,26.45,26.45,25.95,26,44117,0
2017-04-21,16:20:00,26.05,26.1,26.05,26.1,2300,0
2017-04-21,16:25:00,26.05,26.05,25.9023,26,10638,0
2017-04-21,16:30:00,26.0208,26.0709,26,26,8300,0
2017-04-21,16:35:00,26,26.05,25.95,26.05,4300,0
2017-04-21,16:40:00,26.05,26.1,26,26.05,1402,0
2017-04-21,16:45:00,26.05,26.1,25.95,26,3300,0
2017-04-21,16:50:00,26,26.05,25.95,25.95,9400,0
2017-04-21,16:55:00,26.05,26.099,26.05,26.099,600,0
2017-04-21,17:00:00,26,26.1,26,26.05,2000,0
2017-04-21,17:05:00,26,26.05,25.95,26,3893,0
2017-04-21,17:10:00,26.05,26.075,26,26.05,5800,0
2017-04-21,17:15:00,26,26.05,25.9517,26,14600,0
2017-04-21,17:20:00,26,26.15,26,26.15,2755,0
2017-04-21,17:25:00,26.2,26.2,26.15,26.15,700,0
2017-04-21,17:30:00,26.15,26.1511,26.15,26.1511,1400,0
2017-04-21,17:35:00,26.1,26.1,26.1,26.1,1916,0
2017-04-21,17:40:00,26.1,26.15,26.0839,26.15,1231,0
2017-04-21,17:45:00,26.05,26.1,26.0001,26.0001,7066,0
2017-04-21,17:50:00,26.1,26.15,26.1,26.15,1573,0
2017-04-21,18:00:00,26.15,26.175,26.1,26.15,3900,0
2017-04-21,18:05:00,26.15,26.2,26.15,26.2,1469,0
2017-04-21,18:10:00,26.15,26.15,26.1,26.15,3800,0
2017-04-21,18:15:00,26.15,26.15,26.15,26.15,1495,0
2017-04-21,18:20:00,26.1,26.1,26.0511,26.0511,500,0
2017-04-21,18:25:00,26.0599,26.1,26.05,26.05,550,0
2017-04-21,18:30:00,26,26.075,26,26.05,5100,0
2017-04-21,18:35:00,26.025,26.1,25.975,26.05,4742,0
2017-04-21,18:40:00,26.05,26.1,26.05,26.1,1254,0
2017-04-21,18:45:00,26.0999,26.1,26.0999,26.1,1500,0
2017-04-21,18:50:00,26.1,26.1,26.1,26.1,520,0
2017-04-21,18:55:00,26.1,26.1,26.1,26.1,400,0
2017-04-21,19:00:00,26.05,26.15,26.05,26.05,400,0
2017-04-21,19:05:00,26.0524,26.1,26.05,26.05,3327,0
2017-04-21,19:10:00,26.05,26.075,26.05,26.075,1000,0
2017-04-21,19:15:00,26.05,26.15,26.05,26.15,2513,0
2017-04-21,19:20:00,26.05,26.05,26,26.025,2300,0
2017-04-21,19:25:00,26.0499,26.05,26.0188,26.05,5600,0
2017-04-21,19:30:00,26.0501,26.1,26.0501,26.1,2756,0
2017-04-21,19:35:00,26.05,26.05,26.05,26.05,2295,0
2017-04-21,19:40:00,26,26.025,26,26.025,1448,0
2017-04-21,19:45:00,26,26.025,25.925,25.95,14250,0
2017-04-21,19:50:00,25.95,25.975,25.95,25.975,2700,0
2017-04-21,19:55:00,25.975,26,25.975,26,4500,0
2017-04-21,20:00:00,26,26.1,26,26.05,3000,0
2017-04-21,20:05:00,26.025,26.075,26.025,26.05,2400,0
2017-04-21,20:10:00,26.05,26.05,26.0268,26.0268,880,0
2017-04-21,20:15:00,26.025,26.1,26,26,1600,0
2017-04-21,20:20:00,26.05,26.05,26.025,26.025,200,0
2017-04-21,20:25:00,26,26.15,26,26.15,5700,0
2017-04-21,20:30:00,26.15,26.1501,26.1,26.15,7235,0
2017-04-21,20:35:00,26.15,26.15,26,26,3800,0
2017-04-21,20:40:00,26.025,26.025,26,26,300,0
2017-04-21,20:45:00,26,26.05,26,26.05,1300,0
2017-04-21,20:50:00,26.1,26.1,26,26,1561,0
2017-04-21,20:55:00,26,26,25.95,25.95,1700,0
2017-04-21,21:00:00,26.05,26.05,25.95,26.05,2289,0
2017-04-21,21:05:00,26.025,26.025,26,26,1000,0
2017-04-21,21:10:00,26,26.05,25.95,26.05,1200,0
2017-04-21,21:15:00,26,26.05,25.975,26.025,2400,0
2017-04-21,21:20:00,26.05,26.05,26.025,26.025,1761,0
2017-04-21,21:25:00,26.05,26.1,26.05,26.075,2702,0
2017-04-21,21:30:00,26.1,26.1,25.925,25.95,51787,0
2017-04-21,21:35:00,25.95,25.95,25.925,25.95,4000,0
2017-04-21,21:40:00,25.9,25.975,25.9,25.975,10246,0
2017-04-21,21:45:00,25.95,25.975,25.95,25.975,500,0
2017-04-21,21:50:00,26,26.1,26,26.1,7159,0
2017-04-21,21:55:00,26.1,26.1,25.95,26.05,11778,0
2017-04-21,22:00:00,26.05,26.05,26,26.05,34161,0
2017-04-24,15:35:00,26.6,26.6,26.15,26.25,7817,0
2017-04-24,15:40:00,26.25,26.35,26.2,26.2,5810,0
2017-04-24,15:45:00,26.2,26.2,25.95,26.05,8130,0
2017-04-24,15:50:00,26.05,26.35,26.05,26.35,4320,0
2017-04-24,15:55:00,26.325,26.35,26.2,26.2,9900,0
2017-04-24,16:00:00,26.25,26.3,26.2,26.2,760,0
2017-04-24,16:05:00,26.25,26.35,26.2,26.2,7136,0
2017-04-24,16:10:00,26.25,26.3,26.15,26.225,5009,0
2017-04-24,16:15:00,26.2108,26.25,26.1,26.1,4447,0
2017-04-24,16:20:00,26.05,26.15,26.05,26.1,2049,0
2017-04-24,16:25:00,26.1,26.15,26.05,26.1,2300,0
2017-04-24,16:30:00,26.05,26.15,26.05,26.05,4864,0
2017-04-24,16:35:00,26.1,26.2,26,26.1,7700,0
2017-04-24,16:40:00,26.05,26.1,26.05,26.05,900,0
2017-04-24,16:45:00,26.1,26.175,26.1,26.175,1500,0
2017-04-24,16:50:00,26.15,26.15,26.05,26.125,4499,0
2017-04-24,16:55:00,26.15,26.25,26.15,26.2,5600,0
2017-04-24,17:00:00,26.2,26.25,26.166,26.25,3435,0
2017-04-24,17:05:00,26.2,26.232,26.2,26.2,500,0
2017-04-24,17:10:00,26.2,26.3,26.2,26.3,2300,0
2017-04-24,17:15:00,26.275,26.275,26.2,26.25,1700,0
2017-04-24,17:20:00,26.3,26.3,26.2,26.3,1800,0
2017-04-24,17:25:00,26.3,26.4,26.3,26.35,3600,0
2017-04-24,17:30:00,26.35,26.45,26.3,26.4,4419,0
2017-04-24,17:35:00,26.4,26.4,26.35,26.35,1800,0
2017-04-24,17:40:00,26.375,26.4,26.35,26.35,7200,0
2017-04-24,17:45:00,26.3,26.3,26.25,26.25,1200,0
2017-04-24,17:50:00,26.25,26.35,26.2,26.35,4400,0
2017-04-24,17:55:00,26.35,26.35,26.25,26.25,7022,0
2017-04-24,18:00:00,26.3,26.325,26.3,26.3,1100,0
2017-04-24,18:05:00,26.35,26.35,26.3,26.3,1500,0
2017-04-24,18:10:00,26.3,26.325,26.25,26.325,600,0
2017-04-24,18:15:00,26.325,26.35,26.3,26.35,2800,0
2017-04-24,18:20:00,26.35,26.35,26.25,26.3,1400,0
2017-04-24,18:25:00,26.35,26.35,26.3,26.3,1018,0
2017-04-24,18:30:00,26.35,26.375,26.3,26.35,2200,0
2017-04-24,18:35:00,26.3,26.3,26.3,26.3,200,0
2017-04-24,18:40:00,26.35,26.4,26.35,26.375,2504,0
2017-04-24,18:45:00,26.4,26.5,26.375,26.425,5603,0
2017-04-24,18:50:00,26.4,26.4,26.35,26.4,1300,0
2017-04-24,18:55:00,26.45,26.45,26.35,26.4341,1275,0
2017-04-24,19:00:00,26.4,26.45,26.35,26.4,2400,0
2017-04-24,19:05:00,26.4,26.475,26.4,26.45,2532,0
2017-04-24,19:10:00,26.4,26.4001,26.4,26.4001,1200,0
2017-04-24,19:15:00,26.4,26.475,26.4,26.475,1900,0
2017-04-24,19:20:00,26.475,26.55,26.45,26.525,8023,0
2017-04-24,19:25:00,26.6,26.6,26.45,26.45,2919,0
2017-04-24,19:30:00,26.55,26.55,26.5,26.55,3780,0
2017-04-24,19:35:00,26.55,26.6,26.55,26.55,1000,0
2017-04-24,19:40:00,26.55,26.55,26.5,26.525,2200,0
2017-04-24,19:45:00,26.525,26.575,26.475,26.475,4700,0
2017-04-24,19:50:00,26.475,26.475,26.45,26.475,300,0
2017-04-24,19:55:00,26.45,26.55,26.45,26.5,2699,0
2017-04-24,20:00:00,26.5,26.5,26.45,26.475,2200,0
2017-04-24,20:05:00,26.5,26.525,26.45,26.501,8900,0
2017-04-24,20:10:00,26.5,26.549,26.5,26.544,6488,0
2017-04-24,20:15:00,26.55,26.6,26.45,26.525,11829,0
2017-04-24,20:20:00,26.5,26.55,26.5,26.5,3300,0
2017-04-24,20:25:00,26.525,26.525,26.5,26.5,500,0
2017-04-24,20:30:00,26.525,26.525,26.3,26.35,19631,0
2017-04-24,20:35:00,26.35,26.4,26.325,26.4,21794,0
2017-04-24,20:40:00,26.35,26.4,26.35,26.4,2000,0
2017-04-24,20:45:00,26.45,26.45,26.35,26.4,1700,0
2017-04-24,20:50:00,26.4,26.45,26.4,26.45,969,0
2017-04-24,20:55:00,26.475,26.5,26.475,26.475,1300,0
2017-04-24,21:00:00,26.5,26.525,26.475,26.525,1600,0
2017-04-24,21:05:00,26.5,26.55,26.5,26.525,1300,0
2017-04-24,21:10:00,26.55,26.575,26.45,26.5,9357,0
2017-04-24,21:15:00,26.45,26.525,26.45,26.5,2276,0
2017-04-24,21:20:00,26.525,26.535,26.45,26.45,2850,0
2017-04-24,21:25:00,26.45,26.575,26.45,26.45,5650,0
2017-04-24,21:30:00,26.5225,26.575,26.5,26.5265,13691,0
2017-04-24,21:35:00,26.5,26.575,26.5,26.525,4900,0
2017-04-24,21:40:00,26.55,26.7,26.55,26.6,9275,0
2017-04-24,21:45:00,26.625,26.625,26.5,26.5,4122,0
2017-04-24,21:50:00,26.525,26.55,26.5,26.55,1800,0
2017-04-24,21:55:00,26.55,26.6,26.525,26.5667,18739,0
2017-04-24,22:00:00,26.575,26.6,26.5,26.55,41725,0
2017-04-25,15:35:00,26.8,27,26.7,26.85,9816,0
2017-04-25,15:40:00,26.8,26.975,26.8,26.95,12230,0
2017-04-25,15:45:00,27,27.1,26.9,27.01,44607,0
2017-04-25,15:50:00,27,27.125,26.965,26.965,7881,0
2017-04-25,15:55:00,27.05,27.1,27,27.1,7507,0
2017-04-25,16:00:00,27.1,27.125,27.05,27.1,9100,0
2017-04-25,16:05:00,27.05,27.3,27.05,27.3,31326,0
2017-04-25,16:10:00,27.3,27.3688,27.25,27.35,10019,0
2017-04-25,16:15:00,27.375,27.45,27.2499,27.2499,14569,0
2017-04-25,16:20:00,27.23,27.25,27.2,27.25,4297,0
2017-04-25,16:25:00,27.25,27.25,27.1,27.1001,5800,0
2017-04-25,16:30:00,27.1001,27.175,26.95,27.1,16912,0
2017-04-25,16:35:00,27.15,27.1884,27.05,27.1,13436,0
2017-04-25,16:40:00,27.11,27.2,27.05,27.15,21058,0
2017-04-25,16:45:00,27.15,27.2,27.05,27.15,7902,0
2017-04-25,16:50:00,27.1,27.15,27.05,27.15,5700,0
2017-04-25,16:55:00,27.175,27.2,27.15,27.15,5341,0
2017-04-25,17:00:00,27.15,27.1908,27.1407,27.15,3200,0
2017-04-25,17:05:00,27.2,27.3,27.167,27.25,16615,0
2017-04-25,17:10:00,27.2,27.2836,27.2,27.25,3100,0
2017-04-25,17:15:00,27.25,27.3,27.2,27.3,2400,0
2017-04-25,17:20:00,27.25,27.375,27.25,27.325,4100,0
2017-04-25,17:25:00,27.35,27.35,27.25,27.25,1500,0
2017-04-25,17:30:00,27.3,27.375,27.3,27.3,1600,0
2017-04-25,17:35:00,27.35,27.412,27.3,27.412,13791,0
2017-04-25,17:40:00,27.45,27.5,27.4,27.45,23863,0
2017-04-25,17:45:00,27.445,27.525,27.425,27.525,1000,0
2017-04-25,17:50:00,27.55,27.55,27.45,27.5,3475,0
2017-04-25,17:55:00,27.475,27.525,27.45,27.5,33502,0
2017-04-25,18:00:00,27.5,27.5,27.5,27.5,1100,0
2017-04-25,18:05:00,27.55,27.55,27.45,27.5,3300,0
2017-04-25,18:10:00,27.4714,27.525,27.4714,27.525,2500,0
2017-04-25,18:15:00,27.525,27.525,27.4,27.45,9454,0
2017-04-25,18:20:00,27.5,27.55,27.5,27.55,4212,0
2017-04-25,18:25:00,27.55,27.6,27.525,27.55,12344,0
2017-04-25,18:30:00,27.55,27.599,27.5,27.55,6500,0
2017-04-25,18:35:00,27.525,27.55,27.5,27.55,1225,0
2017-04-25,18:40:00,27.575,27.575,27.5,27.5,2100,0
2017-04-25,18:45:00,27.5,27.6,27.5,27.525,2600,0
2017-04-25,18:50:00,27.525,27.575,27.525,27.575,900,0
2017-04-25,18:55:00,27.55,27.6,27.525,27.5998,7800,0
2017-04-25,19:00:00,27.575,27.6,27.5678,27.6,6873,0
2017-04-25,19:05:00,27.575,27.65,27.575,27.6,12506,0
2017-04-25,19:10:00,27.65,27.65,27.575,27.6,6881,0
2017-04-25,19:15:00,27.65,27.7,27.6,27.7,7350,0
2017-04-25,19:20:00,27.7059,27.7059,27.65,27.65,1200,0
2017-04-25,19:25:00,27.75,27.75,27.65,27.65,600,0
2017-04-25,19:30:00,27.75,27.75,27.575,27.6,12991,0
2017-04-25,19:35:00,27.6,27.64,27.599,27.64,7300,0
2017-04-25,19:40:00,27.6,27.625,27.55,27.5501,4050,0
2017-04-25,19:45:00,27.55,27.625,27.525,27.6,7350,0
2017-04-25,19:50:00,27.6,27.65,27.6,27.625,5241,0
2017-04-25,19:55:00,27.65,27.7,27.625,27.7,1908,0
2017-04-25,20:00:00,27.7,27.7,27.6,27.7,3000,0
2017-04-25,20:05:00,27.675,27.725,27.65,27.7,11600,0
2017-04-25,20:10:00,27.7,27.825,27.65,27.8,19785,0
2017-04-25,20:15:00,27.8,27.89,27.8,27.89,2310,0
2017-04-25,20:20:00,27.8,27.875,27.8,27.85,6600,0
2017-04-25,20:25:00,27.85,27.85,27.8,27.8,1000,0
2017-04-25,20:30:00,27.9,27.9,27.8,27.85,2200,0
2017-04-25,20:35:00,27.875,27.9,27.8,27.8,3500,0
2017-04-25,20:40:00,27.8,27.85,27.75,27.8,3098,0
2017-04-25,20:45:00,27.825,27.825,27.75,27.8,8984,0
2017-04-25,20:50:00,27.75,27.8,27.7,27.7,7497,0
2017-04-25,20:55:00,27.7,27.75,27.65,27.7,4100,0
2017-04-25,21:00:00,27.7,27.725,27.65,27.65,2167,0
2017-04-25,21:05:00,27.7,27.725,27.65,27.7,5900,0
2017-04-25,21:10:00,27.65,27.7,27.6,27.675,8910,0
2017-04-25,21:15:00,27.6658,27.675,27.6,27.675,2600,0
2017-04-25,21:20:00,27.65,27.7,27.65,27.7,3100,0
2017-04-25,21:25:00,27.675,27.7,27.675,27.675,2700,0
2017-04-25,21:30:00,27.65,27.8,27.65,27.8,15603,0
2017-04-25,21:35:00,27.8,27.8,27.75,27.8,8687,0
2017-04-25,21:40:00,27.8,27.8,27.75,27.8,7668,0
2017-04-25,21:45:00,27.8,27.85,27.75,27.825,15018,0
2017-04-25,21:50:00,27.85,27.85,27.8,27.85,6740,0
2017-04-25,21:55:00,27.85,27.95,27.8,27.95,59869,0
2017-04-25,22:00:00,27.95,28.05,27.925,28,130386,0
2017-04-26,15:35:00,27.95,27.95,27.6,27.75,6265,0
2017-04-26,15:40:00,27.675,27.74,27.6,27.74,6500,0
2017-04-26,15:45:00,27.7,27.8,27.7,27.75,5972,0
2017-04-26,15:50:00,27.75,27.95,27.725,27.95,2607,0
2017-04-26,15:55:00,27.95,27.95,27.85,27.85,2500,0
2017-04-26,16:00:00,27.85,27.9,27.825,27.9,7800,0
2017-04-26,16:05:00,27.85,28,27.845,27.845,5814,0
2017-04-26,16:10:00,27.8,27.9,27.8,27.825,8300,0
2017-04-26,16:15:00,27.825,27.825,27.7,27.7,4860,0
2017-04-26,16:20:00,27.725,27.825,27.7,27.725,4774,0
2017-04-26,16:25:00,27.725,27.85,27.725,27.85,2822,0
2017-04-26,16:30:00,27.8,27.875,27.8,27.85,1100,0
2017-04-26,16:35:00,27.85,27.895,27.8,27.895,1928,0
2017-04-26,16:40:00,27.85,27.94,27.85,27.9,3819,0
2017-04-26,16:45:00,27.94,27.95,27.875,27.95,3383,0
2017-04-26,16:50:00,27.925,27.925,27.85,27.85,4993,0
2017-04-26,16:55:00,27.9,27.95,27.9,27.925,1100,0
2017-04-26,17:00:00,27.95,28,27.95,28,2300,0
2017-04-26,17:05:00,27.95,28,27.9,27.95,4300,0
2017-04-26,17:10:00,27.95,27.95,27.9,27.925,2200,0
2017-04-26,17:15:00,27.95,27.975,27.925,27.95,2500,0
2017-04-26,17:20:00,27.9,28,27.875,27.995,40101,0
2017-04-26,17:25:00,27.95,28,27.9,27.905,25175,0
2017-04-26,17:30:00,27.925,28,27.875,27.975,16818,0
2017-04-26,17:35:00,27.95,28,27.95,27.95,10072,0
2017-04-26,17:40:00,28,28,27.9098,27.9098,3482,0
2017-04-26,17:45:00,27.945,27.945,27.85,27.875,13063,0
2017-04-26,17:50:00,27.85,27.975,27.825,27.95,6245,0
2017-04-26,17:55:00,27.95,28,27.95,27.95,2200,0
2017-04-26,18:00:00,27.975,28.05,27.95,28.05,10481,0
2017-04-26,18:05:00,28.025,28.1,27.9501,28.075,5950,0
2017-04-26,18:10:00,28.1,28.1,28,28.025,7500,0
2017-04-26,18:15:00,28,28.025,28,28.025,2964,0
2017-04-26,18:20:00,28,28,28,28,200,0
2017-04-26,18:25:00,28.05,28.095,28,28,11089,0
2017-04-26,18:30:00,28,28.025,27.9853,28,3612,0
2017-04-26,18:35:00,27.95,28,27.875,27.95,26276,0
2017-04-26,18:40:00,27.95,28,27.925,27.975,3132,0
2017-04-26,18:45:00,28,28.05,27.95,27.95,12789,0
2017-04-26,18:50:00,27.95,28,27.945,27.945,4150,0
2017-04-26,18:55:00,27.925,28,27.9,27.925,7850,0
2017-04-26,19:00:00,27.9,28,27.9,27.975,1600,0
2017-04-26,19:05:00,27.95,27.9919,27.9,27.99,3600,0
2017-04-26,19:10:00,27.95,28,27.95,27.975,5680,0
2017-04-26,19:15:00,28,28,27.9501,27.995,1400,0
2017-04-26,19:20:00,28,28,27.925,27.945,5225,0
2017-04-26,19:25:00,27.925,27.975,27.925,27.95,1508,0
2017-04-26,19:30:00,27.95,27.95,27.9,27.9,2827,0
2017-04-26,19:35:00,27.95,28,27.95,27.95,800,0
2017-04-26,19:40:00,27.95,28,27.95,27.95,1363,0
2017-04-26,19:45:00,28,28,27.95,27.975,7100,0
2017-04-26,19:50:00,27.9625,27.975,27.925,27.925,5056,0
2017-04-26,19:55:00,27.925,27.975,27.925,27.95,1600,0
2017-04-26,20:00:00,27.95,27.975,27.9001,27.95,2700,0
2017-04-26,20:05:00,27.95,27.975,27.9,27.9,2625,0
2017-04-26,20:10:00,27.9,28,27.9,28,6056,0
2017-04-26,20:15:00,27.975,28,27.975,27.975,12093,0
2017-04-26,20:20:00,27.975,28,27.975,27.975,1200,0
2017-04-26,20:25:00,28,28,27.9,28,26428,0
2017-04-26,20:30:00,28,28,27.975,28,1412,0
2017-04-26,20:35:00,27.95,28,27.95,27.95,2500,0
2017-04-26,20:40:00,28,28,27.9,27.975,4993,0
2017-04-26,20:45:00,27.975,28,27.95,28,2400,0
2017-04-26,20:50:00,27.975,28,27.975,28,2779,0
2017-04-26,20:55:00,28,28,27.95,27.975,2465,0
2017-04-26,21:00:00,27.975,28,27.975,27.975,1200,0
2017-04-26,21:05:00,28,28,27.975,28,1600,0
2017-04-26,21:10:00,27.975,28,27.975,28,3031,0
2017-04-26,21:15:00,28,28,27.975,28,4748,0
2017-04-26,21:20:00,27.95,28,27.95,27.9511,4800,0
2017-04-26,21:25:00,27.975,28,27.975,28,1100,0
2017-04-26,21:30:00,27.975,28,27.975,28,3400,0
2017-04-26,21:35:00,28,28,27.95,27.975,11863,0
2017-04-26,21:40:00,27.95,28,27.95,27.975,2400,0
2017-04-26,21:45:00,28,28,27.95,28,5150,0
2017-04-26,21:50:00,27.975,28,27.95,27.95,13330,0
2017-04-26,21:55:00,27.975,28,27.925,27.925,23878,0
2017-04-26,22:00:00,27.95,27.95,27.85,27.9,70086,0
