Date,Time,Open,High,Low,Close,Volume,OpenInt
2017-04-07,15:35:00,10.52,10.52,10.3,10.485,960,0
2017-04-07,15:40:00,10.5,10.52,10.5,10.52,671,0
2017-04-07,15:50:00,10.53,10.53,10.53,10.53,1085,0
2017-04-07,15:55:00,10.54,10.6,10.54,10.56,8313,0
2017-04-07,16:05:00,10.56,10.59,10.56,10.57,800,0
2017-04-07,16:10:00,10.6,10.63,10.6,10.63,6000,0
2017-04-07,16:15:00,10.63,10.65,10.63,10.63,1055,0
2017-04-07,16:20:00,10.62,10.62,10.6,10.62,1100,0
2017-04-07,16:25:00,10.63,10.63,10.63,10.63,300,0
2017-04-07,16:30:00,10.63,10.64,10.6222,10.64,501,0
2017-04-07,16:35:00,10.6253,10.6253,10.6253,10.6253,200,0
2017-04-07,16:40:00,10.62,10.62,10.61,10.62,1300,0
2017-04-07,16:45:00,10.65,10.65,10.65,10.65,200,0
2017-04-07,16:50:00,10.65,10.65,10.62,10.62,200,0
2017-04-07,16:55:00,10.66,10.66,10.64,10.64,395,0
2017-04-07,17:00:00,10.63,10.6328,10.63,10.63,895,0
2017-04-07,17:05:00,10.63,10.63,10.63,10.63,300,0
2017-04-07,17:10:00,10.62,10.62,10.59,10.59,6000,0
2017-04-07,17:15:00,10.57,10.58,10.57,10.58,959,0
2017-04-07,17:20:00,10.5814,10.6,10.5814,10.6,1700,0
2017-04-07,17:25:00,10.59,10.59,10.57,10.57,1300,0
2017-04-07,17:35:00,10.57,10.57,10.57,10.57,1100,0
2017-04-07,17:40:00,10.58,10.59,10.58,10.59,300,0
2017-04-07,17:45:00,10.57,10.5773,10.54,10.5506,7400,0
2017-04-07,17:50:00,10.56,10.58,10.56,10.58,1721,0
2017-04-07,17:55:00,10.58,10.59,10.58,10.59,424,0
2017-04-07,18:05:00,10.594,10.594,10.57,10.59,6850,0
2017-04-07,18:10:00,10.5936,10.6,10.5936,10.6,2300,0
2017-04-07,18:15:00,10.61,10.625,10.61,10.6101,1930,0
2017-04-07,18:20:00,10.64,10.64,10.6229,10.6229,900,0
2017-04-07,18:25:00,10.64,10.64,10.63,10.63,300,0
2017-04-07,18:30:00,10.64,10.64,10.64,10.64,700,0
2017-04-07,18:35:00,10.64,10.67,10.64,10.67,844,0
2017-04-07,18:45:00,10.655,10.66,10.655,10.655,533,0
2017-04-07,18:50:00,10.64,10.66,10.64,10.64,400,0
2017-04-07,18:55:00,10.66,10.66,10.64,10.64,300,0
2017-04-07,19:00:00,10.64,10.66,10.64,10.64,400,0
2017-04-07,19:05:00,10.64,10.66,10.63,10.63,1800,0
2017-04-07,19:10:00,10.63,10.63,10.6,10.6098,888,0
2017-04-07,19:15:00,10.59,10.5901,10.59,10.59,300,0
2017-04-07,19:20:00,10.5901,10.6,10.5901,10.6,200,0
2017-04-07,19:25:00,10.5901,10.5901,10.59,10.59,300,0
2017-04-07,19:30:00,10.59,10.63,10.59,10.63,670,0
2017-04-07,19:35:00,10.645,10.6495,10.63,10.64,869,0
2017-04-07,19:40:00,10.64,10.64,10.59,10.59,800,0
2017-04-07,19:45:00,10.59,10.59,10.59,10.59,200,0
2017-04-07,19:50:00,10.59,10.59,10.59,10.59,300,0
2017-04-07,19:55:00,10.59,10.6,10.59,10.59,1556,0
2017-04-07,20:00:00,10.59,10.61,10.59,10.59,400,0
2017-04-07,20:05:00,10.59,10.59,10.59,10.59,400,0
2017-04-07,20:10:00,10.59,10.6,10.57,10.6,6212,0
2017-04-07,20:15:00,10.61,10.61,10.6,10.6,1488,0
2017-04-07,20:20:00,10.6,10.6,10.58,10.58,1976,0
2017-04-07,20:25:00,10.58,10.58,10.56,10.58,1000,0
2017-04-07,20:30:00,10.6,10.6,10.58,10.6,400,0
2017-04-07,20:35:00,10.58,10.59,10.58,10.58,1000,0
2017-04-07,20:40:00,10.59,10.59,10.575,10.58,1430,0
2017-04-07,20:45:00,10.55,10.555,10.53,10.53,1200,0
2017-04-07,20:50:00,10.55,10.55,10.53,10.53,2600,0
2017-04-07,20:55:00,10.535,10.535,10.52,10.53,2309,0
2017-04-07,21:00:00,10.5301,10.555,10.53,10.55,1700,0
2017-04-07,21:05:00,10.56,10.56,10.55,10.56,500,0
2017-04-07,21:10:00,10.56,10.57,10.56,10.56,2400,0
2017-04-07,21:15:00,10.57,10.58,10.55,10.55,2900,0
2017-04-07,21:20:00,10.55,10.55,10.52,10.55,2000,0
2017-04-07,21:25:00,10.535,10.56,10.52,10.56,1619,0
2017-04-07,21:30:00,10.55,10.5799,10.53,10.55,4009,0
2017-04-07,21:35:00,10.56,10.56,10.54,10.56,1921,0
2017-04-07,21:40:00,10.56,10.57,10.55,10.56,900,0
2017-04-07,21:45:00,10.55,10.56,10.53,10.54,2964,0
2017-04-07,21:50:00,10.54,10.55,10.53,10.55,4980,0
2017-04-07,21:55:00,10.54,10.565,10.54,10.545,8072,0
2017-04-07,22:00:00,10.55,10.58,10.55,10.56,37599,0
2017-04-10,15:35:00,10.6,10.67,10.55,10.55,4031,0
2017-04-10,15:40:00,10.56,10.57,10.56,10.57,200,0
2017-04-10,15:45:00,10.58,10.58,10.569,10.58,1091,0
2017-04-10,15:50:00,10.58,10.58,10.58,10.58,100,0
2017-04-10,15:55:00,10.553,10.553,10.553,10.553,1000,0
2017-04-10,16:00:00,10.58,10.59,10.56,10.59,549,0
2017-04-10,16:05:00,10.6,10.61,10.6,10.61,400,0
2017-04-10,16:10:00,10.61,10.63,10.61,10.62,500,0
2017-04-10,16:15:00,10.61,10.62,10.61,10.62,200,0
2017-04-10,16:20:00,10.59,10.63,10.59,10.61,1843,0
2017-04-10,16:25:00,10.64,10.64,10.62,10.63,500,0
2017-04-10,16:30:00,10.64,10.65,10.64,10.65,1400,0
2017-04-10,16:40:00,10.67,10.675,10.65,10.66,1100,0
2017-04-10,16:45:00,10.64,10.66,10.64,10.66,400,0
2017-04-10,16:50:00,10.66,10.68,10.66,10.68,300,0
2017-04-10,16:55:00,10.66,10.67,10.66,10.67,400,0
2017-04-10,17:00:00,10.67,10.67,10.66,10.66,1300,0
2017-04-10,17:05:00,10.65,10.65,10.62,10.62,1237,0
2017-04-10,17:10:00,10.65,10.66,10.62,10.66,700,0
2017-04-10,17:15:00,10.66,10.66,10.66,10.66,200,0
2017-04-10,17:20:00,10.68,10.69,10.67,10.67,500,0
2017-04-10,17:25:00,10.675,10.69,10.675,10.6789,535,0
2017-04-10,17:30:00,10.66,10.67,10.655,10.67,1400,0
2017-04-10,17:35:00,10.65,10.65,10.61,10.63,900,0
2017-04-10,17:40:00,10.65,10.65,10.63,10.64,500,0
2017-04-10,17:45:00,10.61,10.63,10.61,10.63,558,0
2017-04-10,17:50:00,10.63,10.63,10.59,10.6,700,0
2017-04-10,17:55:00,10.62,10.62,10.62,10.62,300,0
2017-04-10,18:00:00,10.62,10.64,10.62,10.64,500,0
2017-04-10,18:05:00,10.63,10.65,10.63,10.65,350,0
2017-04-10,18:10:00,10.635,10.65,10.62,10.65,800,0
2017-04-10,18:15:00,10.62,10.63,10.62,10.63,1004,0
2017-04-10,18:20:00,10.6184,10.63,10.6184,10.63,800,0
2017-04-10,18:25:00,10.64,10.64,10.64,10.64,100,0
2017-04-10,18:30:00,10.63,10.63,10.63,10.63,200,0
2017-04-10,18:35:00,10.62,10.63,10.62,10.63,500,0
2017-04-10,18:40:00,10.64,10.64,10.61,10.61,1069,0
2017-04-10,18:45:00,10.64,10.64,10.64,10.64,900,0
2017-04-10,18:50:00,10.64,10.65,10.64,10.65,3733,0
2017-04-10,18:55:00,10.65,10.66,10.65,10.66,800,0
2017-04-10,19:00:00,10.67,10.67,10.67,10.67,200,0
2017-04-10,19:05:00,10.6743,10.6743,10.665,10.665,2000,0
2017-04-10,19:10:00,10.66,10.6772,10.66,10.66,752,0
2017-04-10,19:15:00,10.665,10.67,10.64,10.64,1042,0
2017-04-10,19:20:00,10.67,10.67,10.66,10.66,400,0
2017-04-10,19:25:00,10.67,10.68,10.67,10.68,300,0
2017-04-10,19:30:00,10.675,10.675,10.67,10.67,500,0
2017-04-10,19:35:00,10.68,10.68,10.673,10.673,559,0
2017-04-10,19:40:00,10.68,10.69,10.68,10.69,1900,0
2017-04-10,19:45:00,10.695,10.695,10.685,10.69,1339,0
2017-04-10,19:55:00,10.69,10.69,10.685,10.685,200,0
2017-04-10,20:00:00,10.68,10.69,10.68,10.69,200,0
2017-04-10,20:05:00,10.68,10.685,10.67,10.67,2800,0
2017-04-10,20:10:00,10.65,10.67,10.65,10.67,754,0
2017-04-10,20:15:00,10.67,10.67,10.6633,10.6633,600,0
2017-04-10,20:20:00,10.665,10.665,10.66,10.66,1100,0
2017-04-10,20:25:00,10.66,10.66,10.66,10.66,3200,0
2017-04-10,20:30:00,10.6625,10.665,10.66,10.66,1000,0
2017-04-10,20:35:00,10.66,10.66,10.64,10.64,400,0
2017-04-10,20:40:00,10.65,10.66,10.65,10.65,600,0
2017-04-10,20:45:00,10.67,10.67,10.67,10.67,3610,0
2017-04-10,20:50:00,10.67,10.68,10.67,10.68,200,0
2017-04-10,20:55:00,10.68,10.685,10.68,10.685,300,0
2017-04-10,21:00:00,10.7,10.719,10.7,10.719,1735,0
2017-04-10,21:05:00,10.71,10.71,10.705,10.71,1300,0
2017-04-10,21:10:00,10.715,10.72,10.715,10.72,1100,0
2017-04-10,21:15:00,10.72,10.73,10.72,10.73,200,0
2017-04-10,21:25:00,10.72,10.72,10.69,10.71,2803,0
2017-04-10,21:30:00,10.7,10.7,10.7,10.7,321,0
2017-04-10,21:35:00,10.709,10.709,10.68,10.68,12015,0
2017-04-10,21:40:00,10.69,10.69,10.69,10.69,900,0
2017-04-10,21:45:00,10.7,10.715,10.7,10.7,4503,0
2017-04-10,21:50:00,10.7,10.7,10.69,10.7,600,0
2017-04-10,21:55:00,10.69,10.7,10.69,10.7,3710,0
2017-04-10,22:00:00,10.7,10.71,10.69,10.71,24393,0
2017-04-11,15:35:00,10.7,10.73,10.7,10.73,6099,0
2017-04-11,15:40:00,10.75,10.76,10.75,10.76,349,0
2017-04-11,15:45:00,10.75,10.75,10.71,10.71,1190,0
2017-04-11,15:50:00,10.75,10.77,10.75,10.77,728,0
2017-04-11,15:55:00,10.73,10.73,10.73,10.73,200,0
2017-04-11,16:00:00,10.76,10.78,10.73,10.78,1869,0
2017-04-11,16:05:00,10.77,10.775,10.7603,10.775,1200,0
2017-04-11,16:10:00,10.79,10.8,10.76,10.79,8297,0
2017-04-11,16:15:00,10.79,10.79,10.76,10.76,1510,0
2017-04-11,16:20:00,10.78,10.8,10.77,10.8,1145,0
2017-04-11,16:25:00,10.8,10.83,10.8,10.82,1968,0
2017-04-11,16:30:00,10.82,10.82,10.81,10.81,400,0
2017-04-11,16:35:00,10.8168,10.8168,10.75,10.78,794,0
2017-04-11,16:40:00,10.78,10.78,10.78,10.78,300,0
2017-04-11,16:45:00,10.79,10.79,10.76,10.77,3250,0
2017-04-11,16:50:00,10.76,10.77,10.76,10.76,1980,0
2017-04-11,16:55:00,10.77,10.77,10.74,10.74,800,0
2017-04-11,17:00:00,10.76,10.76,10.72,10.75,1200,0
2017-04-11,17:05:00,10.76,10.76,10.71,10.71,1769,0
2017-04-11,17:10:00,10.71,10.72,10.69,10.69,1400,0
2017-04-11,17:15:00,10.68,10.71,10.68,10.71,200,0
2017-04-11,17:20:00,10.67,10.69,10.67,10.69,300,0
2017-04-11,17:25:00,10.68,10.695,10.68,10.68,900,0
2017-04-11,17:30:00,10.68,10.68,10.6583,10.6583,829,0
2017-04-11,17:35:00,10.64,10.66,10.64,10.66,400,0
2017-04-11,17:40:00,10.66,10.67,10.66,10.67,521,0
2017-04-11,17:45:00,10.69,10.695,10.67,10.67,1000,0
2017-04-11,17:50:00,10.69,10.69,10.69,10.69,100,0
2017-04-11,17:55:00,10.73,10.73,10.71,10.72,400,0
2017-04-11,18:00:00,10.7382,10.7382,10.735,10.735,350,0
2017-04-11,18:10:00,10.735,10.735,10.735,10.735,100,0
2017-04-11,18:15:00,10.75,10.78,10.74,10.78,700,0
2017-04-11,18:20:00,10.76,10.775,10.76,10.76,700,0
2017-04-11,18:25:00,10.77,10.78,10.76,10.76,678,0
2017-04-11,18:30:00,10.75,10.76,10.75,10.76,300,0
2017-04-11,18:35:00,10.7563,10.7563,10.74,10.74,634,0
2017-04-11,18:40:00,10.77,10.77,10.74,10.74,200,0
2017-04-11,18:45:00,10.74,10.75,10.74,10.75,800,0
2017-04-11,18:50:00,10.76,10.78,10.76,10.77,1200,0
2017-04-11,18:55:00,10.78,10.78,10.78,10.78,100,0
2017-04-11,19:00:00,10.785,10.785,10.785,10.785,100,0
2017-04-11,19:05:00,10.7808,10.8,10.7808,10.8,500,0
2017-04-11,19:10:00,10.8,10.82,10.77,10.77,1100,0
2017-04-11,19:15:00,10.79,10.8097,10.78,10.78,1475,0
2017-04-11,19:20:00,10.81,10.83,10.805,10.83,800,0
2017-04-11,19:25:00,10.825,10.825,10.81,10.81,300,0
2017-04-11,19:30:00,10.8199,10.8199,10.79,10.79,453,0
2017-04-11,19:35:00,10.8,10.8,10.8,10.8,400,0
2017-04-11,19:40:00,10.81,10.81,10.81,10.81,600,0
2017-04-11,19:45:00,10.81,10.81,10.79,10.79,800,0
2017-04-11,19:50:00,10.8,10.8,10.78,10.78,200,0
2017-04-11,19:55:00,10.78,10.8,10.78,10.78,400,0
2017-04-11,20:00:00,10.8,10.8,10.8,10.8,700,0
2017-04-11,20:05:00,10.81,10.8133,10.8,10.8,1946,0
2017-04-11,20:10:00,10.82,10.85,10.8,10.82,1300,0
2017-04-11,20:15:00,10.84,10.85,10.84,10.85,220,0
2017-04-11,20:20:00,10.83,10.83,10.83,10.83,400,0
2017-04-11,20:25:00,10.83,10.85,10.83,10.85,1500,0
2017-04-11,20:30:00,10.83,10.85,10.83,10.85,800,0
2017-04-11,20:35:00,10.83,10.83,10.83,10.83,900,0
2017-04-11,20:40:00,10.8426,10.85,10.8426,10.85,214,0
2017-04-11,20:45:00,10.83,10.83,10.82,10.82,800,0
2017-04-11,20:50:00,10.83,10.83,10.82,10.82,300,0
2017-04-11,20:55:00,10.82,10.82,10.81,10.82,1000,0
2017-04-11,21:00:00,10.83,10.83,10.8,10.8,1854,0
2017-04-11,21:05:00,10.805,10.81,10.78,10.78,2416,0
2017-04-11,21:10:00,10.78,10.8,10.78,10.8,1300,0
2017-04-11,21:15:00,10.81,10.81,10.8,10.81,1600,0
2017-04-11,21:20:00,10.8163,10.84,10.8,10.82,10032,0
2017-04-11,21:25:00,10.83,10.83,10.81,10.81,1500,0
2017-04-11,21:30:00,10.81,10.82,10.81,10.81,800,0
2017-04-11,21:35:00,10.82,10.84,10.82,10.84,1500,0
2017-04-11,21:40:00,10.845,10.845,10.84,10.84,900,0
2017-04-11,21:45:00,10.83,10.845,10.83,10.835,600,0
2017-04-11,21:50:00,10.83,10.83,10.81,10.83,2793,0
2017-04-11,21:55:00,10.83,10.84,10.82,10.84,2740,0
2017-04-11,22:00:00,10.85,10.87,10.83,10.86,19247,0
2017-04-12,15:35:00,10.87,10.87,10.85,10.85,1345,0
2017-04-12,15:40:00,10.82,10.82,10.77,10.78,514,0
2017-04-12,15:45:00,10.79,10.79,10.79,10.79,100,0
2017-04-12,15:55:00,10.7801,10.8,10.7801,10.8,200,0
2017-04-12,16:00:00,10.7934,10.82,10.7934,10.816,1400,0
2017-04-12,16:05:00,10.82,10.82,10.82,10.82,100,0
2017-04-12,16:10:00,10.795,10.795,10.795,10.795,100,0
2017-04-12,16:15:00,10.79,10.79,10.77,10.77,1045,0
2017-04-12,16:20:00,10.8,10.81,10.8,10.8,400,0
2017-04-12,16:25:00,10.78,10.78,10.78,10.78,200,0
2017-04-12,16:30:00,10.81,10.81,10.77,10.8,2882,0
2017-04-12,16:35:00,10.8,10.8,10.7601,10.7601,700,0
2017-04-12,16:40:00,10.78,10.7884,10.77,10.7884,718,0
2017-04-12,16:45:00,10.8,10.8,10.76,10.76,948,0
2017-04-12,16:50:00,10.74,10.76,10.72,10.76,3355,0
2017-04-12,16:55:00,10.77,10.78,10.77,10.78,200,0
2017-04-12,17:00:00,10.81,10.81,10.78,10.8,400,0
2017-04-12,17:05:00,10.79,10.8,10.78,10.8,1300,0
2017-04-12,17:10:00,10.8,10.82,10.8,10.82,200,0
2017-04-12,17:15:00,10.8,10.8,10.8,10.8,200,0
2017-04-12,17:20:00,10.8116,10.8116,10.79,10.79,1167,0
2017-04-12,17:25:00,10.79,10.8165,10.79,10.8,1139,0
2017-04-12,17:30:00,10.79,10.81,10.79,10.81,200,0
2017-04-12,17:35:00,10.81,10.81,10.8,10.8,200,0
2017-04-12,17:40:00,10.79,10.81,10.77,10.81,1200,0
2017-04-12,17:45:00,10.8,10.8,10.8,10.8,500,0
2017-04-12,17:50:00,10.81,10.81,10.81,10.81,300,0
2017-04-12,17:55:00,10.81,10.81,10.8,10.8,500,0
2017-04-12,18:00:00,10.81,10.82,10.81,10.8101,900,0
2017-04-12,18:05:00,10.84,10.84,10.82,10.82,629,0
2017-04-12,18:10:00,10.825,10.825,10.8,10.8,300,0
2017-04-12,18:15:00,10.8,10.81,10.8,10.81,800,0
2017-04-12,18:20:00,10.79,10.8,10.79,10.8,200,0
2017-04-12,18:25:00,10.773,10.8,10.773,10.8,900,0
2017-04-12,18:30:00,10.79,10.8,10.785,10.8,904,0
2017-04-12,18:35:00,10.79,10.8,10.78,10.78,500,0
2017-04-12,18:40:00,10.79,10.8,10.78,10.795,1300,0
2017-04-12,18:45:00,10.79,10.79,10.79,10.79,100,0
2017-04-12,18:50:00,10.81,10.81,10.795,10.81,400,0
2017-04-12,19:00:00,10.7866,10.7866,10.78,10.78,500,0
2017-04-12,19:05:00,10.79,10.8,10.79,10.8,600,0
2017-04-12,19:10:00,10.8,10.83,10.8,10.83,1500,0
2017-04-12,19:15:00,10.81,10.81,10.81,10.81,100,0
2017-04-12,19:20:00,10.81,10.81,10.81,10.81,100,0
2017-04-12,19:30:00,10.8,10.8,10.79,10.8,504,0
2017-04-12,19:35:00,10.8,10.8,10.8,10.8,100,0
2017-04-12,19:40:00,10.78,10.8,10.78,10.8,800,0
2017-04-12,19:50:00,10.83,10.84,10.8201,10.8201,500,0
2017-04-12,19:55:00,10.82,10.82,10.81,10.81,400,0
2017-04-12,20:00:00,10.8,10.81,10.79,10.81,1501,0
2017-04-12,20:05:00,10.806,10.806,10.806,10.806,300,0
2017-04-12,20:10:00,10.8001,10.8001,10.8001,10.8001,100,0
2017-04-12,20:15:00,10.82,10.83,10.81,10.81,900,0
2017-04-12,20:20:00,10.81,10.81,10.7901,10.7901,1052,0
2017-04-12,20:25:00,10.82,10.82,10.78,10.78,1500,0
2017-04-12,20:30:00,10.8,10.8,10.78,10.8,1070,0
2017-04-12,20:35:00,10.8,10.8,10.79,10.79,1100,0
2017-04-12,20:40:00,10.81,10.84,10.81,10.8322,5699,0
2017-04-12,20:45:00,10.81,10.82,10.8,10.82,1137,0
2017-04-12,20:50:00,10.82,10.82,10.82,10.82,100,0
2017-04-12,20:55:00,10.81,10.81,10.8,10.8,700,0
2017-04-12,21:00:00,10.8,10.81,10.8,10.81,300,0
2017-04-12,21:05:00,10.8,10.8,10.8,10.8,100,0
2017-04-12,21:10:00,10.79,10.79,10.79,10.79,300,0
2017-04-12,21:15:00,10.8098,10.81,10.775,10.81,3167,0
2017-04-12,21:20:00,10.8,10.8,10.8,10.8,100,0
2017-04-12,21:25:00,10.8,10.83,10.79,10.83,500,0
2017-04-12,21:30:00,10.81,10.83,10.8,10.81,1700,0
2017-04-12,21:35:00,10.81,10.82,10.81,10.81,900,0
2017-04-12,21:40:00,10.8,10.81,10.79,10.81,2406,0
2017-04-12,21:45:00,10.8,10.8,10.8,10.8,1566,0
2017-04-12,21:50:00,10.8,10.81,10.79,10.79,3674,0
2017-04-12,21:55:00,10.79,10.81,10.78,10.78,4060,0
2017-04-12,22:00:00,10.79,10.815,10.79,10.8,22019,0
2017-04-13,15:35:00,10.81,10.87,10.8,10.87,2069,0
2017-04-13,15:40:00,10.81,10.85,10.81,10.85,200,0
2017-04-13,15:45:00,10.81,10.81,10.81,10.81,100,0
2017-04-13,15:50:00,10.77,10.77,10.75,10.76,377,0
2017-04-13,15:55:00,10.83,10.83,10.83,10.83,100,0
2017-04-13,16:00:00,10.85,10.85,10.85,10.85,100,0
2017-04-13,16:05:00,10.86,10.87,10.86,10.87,300,0
2017-04-13,16:10:00,10.85,10.85,10.78,10.78,400,0
2017-04-13,16:15:00,10.7894,10.83,10.7894,10.83,1800,0
2017-04-13,16:20:00,10.8166,10.8166,10.8166,10.8166,476,0
2017-04-13,16:25:00,10.8,10.82,10.8,10.805,700,0
2017-04-13,16:40:00,10.8,10.8,10.77,10.77,500,0
2017-04-13,16:50:00,10.79,10.79,10.775,10.79,400,0
2017-04-13,16:55:00,10.79,10.79,10.78,10.78,200,0
2017-04-13,17:00:00,10.79,10.79,10.775,10.775,1240,0
2017-04-13,17:10:00,10.77,10.79,10.77,10.79,677,0
2017-04-13,17:15:00,10.79,10.79,10.78,10.78,400,0
2017-04-13,17:30:00,10.79,10.79,10.76,10.76,400,0
2017-04-13,17:35:00,10.74,10.74,10.74,10.74,400,0
2017-04-13,17:40:00,10.75,10.75,10.72,10.72,200,0
2017-04-13,17:45:00,10.74,10.74,10.72,10.72,756,0
2017-04-13,17:50:00,10.72,10.72,10.71,10.715,800,0
2017-04-13,17:55:00,10.72,10.72,10.72,10.72,400,0
2017-04-13,18:00:00,10.74,10.74,10.73,10.73,300,0
2017-04-13,18:05:00,10.73,10.73,10.73,10.73,100,0
2017-04-13,18:10:00,10.7,10.7,10.65,10.67,4513,0
2017-04-13,18:15:00,10.68,10.68,10.67,10.67,500,0
2017-04-13,18:20:00,10.6716,10.69,10.66,10.68,2500,0
2017-04-13,18:25:00,10.68,10.71,10.68,10.71,400,0
2017-04-13,18:35:00,10.73,10.73,10.73,10.73,100,0
2017-04-13,18:40:00,10.75,10.75,10.71,10.71,200,0
2017-04-13,18:45:00,10.7,10.7,10.685,10.7,700,0
2017-04-13,18:50:00,10.695,10.695,10.69,10.69,500,0
2017-04-13,18:55:00,10.7,10.7,10.7,10.7,100,0
2017-04-13,19:00:00,10.72,10.72,10.7,10.7,200,0
2017-04-13,19:05:00,10.7,10.7,10.69,10.69,400,0
2017-04-13,19:10:00,10.69,10.71,10.685,10.71,1100,0
2017-04-13,19:15:00,10.68,10.68,10.68,10.68,200,0
2017-04-13,19:20:00,10.695,10.695,10.695,10.695,100,0
2017-04-13,19:25:00,10.695,10.71,10.695,10.71,400,0
2017-04-13,19:30:00,10.6986,10.6986,10.69,10.69,1400,0
2017-04-13,19:35:00,10.695,10.7,10.67,10.67,1477,0
2017-04-13,19:40:00,10.69,10.7,10.6839,10.6839,1012,0
2017-04-13,19:45:00,10.69,10.73,10.69,10.69,2400,0
2017-04-13,19:50:00,10.68,10.72,10.665,10.71,7946,0
2017-04-13,19:55:00,10.7,10.73,10.69,10.72,3101,0
2017-04-13,20:00:00,10.73,10.74,10.73,10.74,300,0
2017-04-13,20:05:00,10.754,10.79,10.754,10.77,682,0
2017-04-13,20:10:00,10.79,10.79,10.78,10.78,200,0
2017-04-13,20:15:00,10.78,10.78,10.77,10.78,900,0
2017-04-13,20:20:00,10.7685,10.78,10.7685,10.78,500,0
2017-04-13,20:25:00,10.78,10.78,10.77,10.77,200,0
2017-04-13,20:30:00,10.78,10.8,10.78,10.78,500,0
2017-04-13,20:35:00,10.78,10.7816,10.78,10.78,300,0
2017-04-13,20:40:00,10.7761,10.7761,10.775,10.775,434,0
2017-04-13,20:50:00,10.78,10.78,10.77,10.77,1260,0
2017-04-13,20:55:00,10.78,10.78,10.78,10.78,200,0
2017-04-13,21:00:00,10.79,10.8,10.79,10.795,500,0
2017-04-13,21:05:00,10.8,10.8,10.8,10.8,100,0
2017-04-13,21:10:00,10.8,10.8,10.795,10.795,200,0
2017-04-13,21:15:00,10.78,10.79,10.78,10.78,400,0
2017-04-13,21:20:00,10.78,10.79,10.78,10.78,700,0
2017-04-13,21:25:00,10.78,10.78,10.77,10.78,500,0
2017-04-13,21:30:00,10.8,10.8,10.78,10.79,900,0
2017-04-13,21:35:00,10.78,10.78,10.73,10.73,1100,0
2017-04-13,21:40:00,10.74,10.74,10.71,10.72,1200,0
2017-04-13,21:45:00,10.71,10.74,10.71,10.71,3100,0
2017-04-13,21:50:00,10.715,10.73,10.715,10.72,960,0
2017-04-13,21:55:00,10.72,10.72,10.69,10.69,3899,0
2017-04-13,22:00:00,10.69,10.705,10.69,10.69,19768,0
2017-04-17,15:35:00,10.69,10.83,10.69,10.76,1551,0
2017-04-17,15:40:00,10.7572,10.7572,10.7572,10.7572,1768,0
2017-04-17,15:45:00,10.73,10.73,10.73,10.73,100,0
2017-04-17,15:50:00,10.75,10.75,10.75,10.75,123,0
2017-04-17,15:55:00,10.78,10.82,10.775,10.79,600,0
2017-04-17,16:00:00,10.81,10.81,10.81,10.81,100,0
2017-04-17,16:05:00,10.81,10.81,10.81,10.81,100,0
2017-04-17,16:10:00,10.8,10.81,10.8,10.8,300,0
2017-04-17,16:20:00,10.8,10.8,10.78,10.78,200,0
2017-04-17,16:30:00,10.77,10.77,10.75,10.76,700,0
2017-04-17,16:40:00,10.75,10.75,10.74,10.74,500,0
2017-04-17,16:45:00,10.72,10.72,10.72,10.72,300,0
2017-04-17,16:50:00,10.73,10.74,10.73,10.7396,1357,0
2017-04-17,16:55:00,10.72,10.72,10.72,10.72,100,0
2017-04-17,17:00:00,10.7491,10.77,10.7491,10.755,406,0
2017-04-17,17:05:00,10.77,10.79,10.76,10.79,900,0
2017-04-17,17:10:00,10.8,10.8,10.74,10.74,2350,0
2017-04-17,17:15:00,10.76,10.78,10.76,10.78,462,0
2017-04-17,17:20:00,10.77,10.77,10.75,10.7644,400,0
2017-04-17,17:30:00,10.75,10.75,10.75,10.75,100,0
2017-04-17,17:35:00,10.78,10.79,10.76,10.76,2500,0
2017-04-17,17:40:00,10.79,10.79,10.79,10.79,100,0
2017-04-17,17:45:00,10.79,10.79,10.77,10.77,300,0
2017-04-17,17:55:00,10.77,10.77,10.77,10.77,100,0
2017-04-17,18:00:00,10.76,10.76,10.76,10.76,600,0
2017-04-17,18:10:00,10.7638,10.7638,10.7638,10.7638,198,0
2017-04-17,18:15:00,10.77,10.78,10.77,10.78,200,0
2017-04-17,18:20:00,10.77,10.78,10.77,10.78,400,0
2017-04-17,18:30:00,10.77,10.77,10.77,10.77,100,0
2017-04-17,18:35:00,10.7721,10.7799,10.75,10.75,309,0
2017-04-17,18:40:00,10.75,10.75,10.75,10.75,100,0
2017-04-17,18:45:00,10.74,10.74,10.74,10.74,100,0
2017-04-17,18:50:00,10.77,10.77,10.77,10.77,100,0
2017-04-17,18:55:00,10.76,10.76,10.75,10.75,583,0
2017-04-17,19:00:00,10.73,10.73,10.73,10.73,100,0
2017-04-17,19:10:00,10.74,10.74,10.73,10.73,200,0
2017-04-17,19:15:00,10.74,10.75,10.73,10.75,1151,0
2017-04-17,19:25:00,10.75,10.75,10.75,10.75,300,0
2017-04-17,19:30:00,10.75,10.77,10.75,10.77,500,0
2017-04-17,19:45:00,10.75,10.75,10.74,10.74,1400,0
2017-04-17,19:50:00,10.72,10.77,10.72,10.755,702,0
2017-04-17,20:00:00,10.755,10.755,10.74,10.74,500,0
2017-04-17,20:05:00,10.7375,10.75,10.7375,10.75,1008,0
2017-04-17,20:10:00,10.74,10.74,10.74,10.74,300,0
2017-04-17,20:15:00,10.735,10.75,10.72,10.735,3100,0
2017-04-17,20:20:00,10.74,10.74,10.74,10.74,200,0
2017-04-17,20:25:00,10.73,10.74,10.73,10.73,1025,0
2017-04-17,20:35:00,10.74,10.75,10.73,10.75,400,0
2017-04-17,20:40:00,10.75,10.77,10.75,10.7601,1708,0
2017-04-17,20:45:00,10.78,10.81,10.78,10.81,16199,0
2017-04-17,20:50:00,10.7901,10.8093,10.7901,10.8,900,0
2017-04-17,20:55:00,10.8,10.8,10.79,10.79,300,0
2017-04-17,21:00:00,10.78,10.78,10.77,10.77,800,0
2017-04-17,21:05:00,10.78,10.78,10.78,10.78,100,0
2017-04-17,21:10:00,10.8,10.8,10.8,10.8,100,0
2017-04-17,21:15:00,10.79,10.79,10.79,10.79,300,0
2017-04-17,21:20:00,10.81,10.81,10.8,10.8086,500,0
2017-04-17,21:25:00,10.79,10.79,10.79,10.79,100,0
2017-04-17,21:35:00,10.82,10.82,10.79,10.81,1868,0
2017-04-17,21:40:00,10.81,10.81,10.81,10.81,701,0
2017-04-17,21:45:00,10.81,10.81,10.81,10.81,100,0
2017-04-17,21:50:00,10.8,10.815,10.8,10.815,2376,0
2017-04-17,21:55:00,10.82,10.83,10.81,10.83,3800,0
2017-04-17,22:00:00,10.83,10.84,10.83,10.84,17098,0
2017-04-18,15:35:00,10.77,10.87,10.77,10.87,2412,0
2017-04-18,15:40:00,10.9,10.9,10.9,10.9,200,0
2017-04-18,15:45:00,10.89,10.89,10.89,10.89,100,0
2017-04-18,15:50:00,10.89,10.89,10.87,10.87,200,0
2017-04-18,15:55:00,10.9,10.9,10.83,10.86,1300,0
2017-04-18,16:00:00,10.87,10.87,10.87,10.87,100,0
2017-04-18,16:10:00,10.85,10.86,10.82,10.86,22300,0
2017-04-18,16:15:00,10.88,10.9,10.88,10.9,500,0
2017-04-18,16:25:00,10.87,10.87,10.87,10.87,530,0
2017-04-18,16:30:00,10.89,10.9,10.8899,10.9,670,0
2017-04-18,16:35:00,10.89,10.899,10.89,10.899,300,0
2017-04-18,16:40:00,10.9,10.9,10.8801,10.887,1034,0
2017-04-18,16:45:00,10.8881,10.9,10.88,10.9,3130,0
2017-04-18,16:50:00,10.8817,10.89,10.88,10.88,761,0
2017-04-18,16:55:00,10.8801,10.8801,10.88,10.88,500,0
2017-04-18,17:00:00,10.8716,10.8716,10.8716,10.8716,225,0
2017-04-18,17:05:00,10.9,10.9,10.9,10.9,100,0
2017-04-18,17:10:00,10.885,10.97,10.885,10.91,14961,0
2017-04-18,17:15:00,10.95,10.96,10.95,10.96,200,0
2017-04-18,17:20:00,10.95,10.95,10.949,10.949,1602,0
2017-04-18,17:25:00,10.95,10.9575,10.95,10.9501,1529,0
2017-04-18,17:30:00,10.98,11,10.98,10.98,300,0
2017-04-18,17:35:00,10.99,11,10.99,11,1215,0
2017-04-18,17:40:00,11,11,10.99,10.99,700,0
2017-04-18,17:45:00,10.99,10.99,10.9873,10.99,524,0
2017-04-18,17:50:00,10.99,10.99,10.99,10.99,1535,0
2017-04-18,17:55:00,10.98,10.985,10.98,10.98,697,0
2017-04-18,18:00:00,10.97,10.99,10.97,10.99,300,0
2017-04-18,18:05:00,10.96,10.97,10.96,10.97,400,0
2017-04-18,18:10:00,10.98,10.98,10.96,10.96,1000,0
2017-04-18,18:15:00,10.943,10.95,10.94,10.95,1384,0
2017-04-18,18:20:00,10.925,10.925,10.925,10.925,100,0
2017-04-18,18:30:00,10.95,10.95,10.95,10.95,300,0
2017-04-18,18:35:00,10.96,10.96,10.96,10.96,100,0
2017-04-18,18:40:00,10.96,10.96,10.96,10.96,100,0
2017-04-18,18:45:00,10.96,10.97,10.96,10.97,660,0
2017-04-18,18:50:00,10.97,10.98,10.94,10.94,1910,0
2017-04-18,18:55:00,10.96,10.97,10.96,10.97,300,0
2017-04-18,19:00:00,10.95,10.97,10.95,10.96,700,0
2017-04-18,19:05:00,10.96,10.96,10.96,10.96,500,0
2017-04-18,19:10:00,10.95,10.95,10.95,10.95,668,0
2017-04-18,19:15:00,10.94,10.96,10.94,10.9501,1705,0
2017-04-18,19:20:00,10.97,10.975,10.9666,10.97,2688,0
2017-04-18,19:35:00,10.98,10.98,10.98,10.98,800,0
2017-04-18,19:40:00,10.98,10.98,10.96,10.97,1200,0
2017-04-18,19:45:00,10.98,10.98,10.97,10.98,709,0
2017-04-18,19:50:00,10.97,10.97,10.96,10.96,1000,0
2017-04-18,19:55:00,10.97,10.97,10.96,10.96,893,0
2017-04-18,20:00:00,10.97,10.97,10.97,10.97,100,0
2017-04-18,20:05:00,10.975,10.99,10.975,10.99,1387,0
2017-04-18,20:10:00,10.99,10.99,10.97,10.97,2000,0
2017-04-18,20:15:00,10.98,10.99,10.98,10.99,200,0
2017-04-18,20:20:00,10.99,11,10.99,11,4377,0
2017-04-18,20:25:00,11.01,11.02,11,11,4506,0
2017-04-18,20:30:00,11.0099,11.0099,10.99,10.9945,1224,0
2017-04-18,20:40:00,11,11.02,11,11.01,800,0
2017-04-18,20:45:00,11.01,11.01,10.98,11,2297,0
2017-04-18,20:50:00,10.98,10.99,10.98,10.99,965,0
2017-04-18,20:55:00,11,11.03,11,11.03,1200,0
2017-04-18,21:00:00,11.01,11.02,11,11,1758,0
2017-04-18,21:05:00,10.99,10.99,10.96,10.96,1200,0
2017-04-18,21:10:00,10.98,10.99,10.98,10.99,1300,0
2017-04-18,21:15:00,11.01,11.01,10.99,10.995,900,0
2017-04-18,21:20:00,11,11.03,11,11.02,800,0
2017-04-18,21:25:00,11.03,11.03,11.01,11.01,1137,0
2017-04-18,21:30:00,11.02,11.02,11.02,11.02,500,0
2017-04-18,21:35:00,11.02,11.02,11.01,11.02,2289,0
2017-04-18,21:40:00,11.02,11.03,11.02,11.02,2062,0
2017-04-18,21:45:00,11.03,11.03,11.02,11.02,2100,0
2017-04-18,21:50:00,11.02,11.04,11.02,11.04,2523,0
2017-04-18,21:55:00,11.04,11.05,11.04,11.05,3485,0
2017-04-18,22:00:00,11.05,11.05,10.95,10.97,98219,0
2017-04-19,15:35:00,11,11,10.99,10.99,900,0
2017-04-19,15:40:00,10.95,11,10.95,10.97,3972,0
2017-04-19,15:45:00,11,11,10.96,10.96,700,0
2017-04-19,15:50:00,10.95,10.95,10.95,10.95,100,0
2017-04-19,15:55:00,10.95,10.95,10.93,10.95,400,0
2017-04-19,16:00:00,10.94,10.96,10.93,10.96,3200,0
2017-04-19,16:05:00,10.98,10.98,10.98,10.98,100,0
2017-04-19,16:10:00,10.965,10.965,10.965,10.965,100,0
2017-04-19,16:15:00,10.97,10.97,10.96,10.96,200,0
2017-04-19,16:20:00,10.95,10.97,10.95,10.97,200,0
2017-04-19,16:25:00,10.96,10.97,10.95,10.97,600,0
2017-04-19,16:30:00,10.98,11,10.97,11,4400,0
2017-04-19,16:35:00,11.01,11.03,11,11.03,902,0
2017-04-19,16:40:00,11.0316,11.0316,11.0316,11.0316,410,0
2017-04-19,16:45:00,11.04,11.04,11.01,11.01,1700,0
2017-04-19,16:50:00,11.01,11.01,11.0078,11.0078,590,0
2017-04-19,16:55:00,11,11.02,11,11.0001,400,0
2017-04-19,17:00:00,11.02,11.02,11.02,11.02,700,0
2017-04-19,17:05:00,11.02,11.03,11.02,11.03,200,0
2017-04-19,17:15:00,11.01,11.02,11,11,1400,0
2017-04-19,17:20:00,11.005,11.0099,10.99,11.0099,2362,0
2017-04-19,17:25:00,11,11.005,11,11.005,200,0
2017-04-19,17:30:00,11.005,11.04,11.005,11.04,1600,0
2017-04-19,17:35:00,11.0201,11.03,11.02,11.02,300,0
2017-04-19,17:40:00,11.04,11.06,11.04,11.05,2137,0
2017-04-19,17:45:00,11.04,11.04,11.03,11.03,1900,0
2017-04-19,17:50:00,11.02,11.03,11.02,11.03,300,0
2017-04-19,17:55:00,11.025,11.025,11,11.0088,2004,0
2017-04-19,18:00:00,11,11.01,11,11.01,400,0
2017-04-19,18:05:00,11.02,11.02,11.01,11.01,400,0
2017-04-19,18:10:00,11.02,11.02,11.02,11.02,100,0
2017-04-19,18:15:00,11.01,11.01,11.01,11.01,300,0
2017-04-19,18:20:00,11.0176,11.02,11.015,11.015,769,0
2017-04-19,18:25:00,11.01,11.02,11,11,1200,0
2017-04-19,18:30:00,11.01,11.01,10.97,10.97,3600,0
2017-04-19,18:35:00,10.96,10.98,10.96,10.98,200,0
2017-04-19,18:40:00,10.97,10.97,10.97,10.97,100,0
2017-04-19,18:45:00,10.96,10.97,10.96,10.96,1600,0
2017-04-19,18:50:00,10.96,10.96,10.955,10.955,200,0
2017-04-19,18:55:00,10.9525,10.98,10.95,10.9758,9335,0
2017-04-19,19:00:00,10.97,10.99,10.97,10.99,4575,0
2017-04-19,19:05:00,10.98,10.98,10.97,10.975,900,0
2017-04-19,19:10:00,10.97,10.975,10.97,10.975,200,0
2017-04-19,19:15:00,10.97,10.98,10.96,10.98,2565,0
2017-04-19,19:25:00,10.97,10.99,10.97,10.97,400,0
2017-04-19,19:30:00,10.97,10.99,10.97,10.98,300,0
2017-04-19,19:40:00,10.97,10.9725,10.96,10.96,900,0
2017-04-19,19:45:00,10.96,10.98,10.96,10.97,6700,0
2017-04-19,19:50:00,10.97,10.97,10.97,10.97,368,0
2017-04-19,19:55:00,10.98,10.9935,10.98,10.9876,842,0
2017-04-19,20:00:00,10.98,10.99,10.98,10.9899,400,0
2017-04-19,20:05:00,10.99,10.99,10.98,10.98,500,0
2017-04-19,20:10:00,10.98,10.9899,10.98,10.9899,1432,0
2017-04-19,20:15:00,10.99,11,10.99,11,1100,0
2017-04-19,20:20:00,11,11.005,10.99,11.005,1200,0
2017-04-19,20:25:00,11,11.02,11,11,800,0
2017-04-19,20:30:00,11.02,11.02,11.02,11.02,200,0
2017-04-19,20:35:00,11.01,11.01,11,11,200,0
2017-04-19,20:40:00,10.99,10.99,10.99,10.99,100,0
2017-04-19,20:45:00,11,11,11,11,300,0
2017-04-19,20:50:00,10.995,10.995,10.99,10.99,400,0
2017-04-19,20:55:00,10.99,10.99,10.96,10.96,2500,0
2017-04-19,21:00:00,10.97,10.97,10.97,10.97,332,0
2017-04-19,21:05:00,10.97,10.98,10.97,10.97,1800,0
2017-04-19,21:10:00,10.97,10.97,10.97,10.97,200,0
2017-04-19,21:15:00,10.98,10.9861,10.98,10.98,773,0
2017-04-19,21:20:00,10.98,10.985,10.98,10.985,500,0
2017-04-19,21:25:00,10.98,11,10.98,11,600,0
2017-04-19,21:30:00,10.99,10.995,10.98,10.98,2800,0
2017-04-19,21:35:00,10.98,10.99,10.98,10.98,2363,0
2017-04-19,21:40:00,10.98,10.985,10.98,10.98,2202,0
2017-04-19,21:45:00,10.975,10.99,10.97,10.99,2238,0
2017-04-19,21:50:00,10.99,11.02,10.99,11.02,3321,0
2017-04-19,21:55:00,11.02,11.02,11,11,3745,0
2017-04-19,22:00:00,11.01,11.015,11,11.01,23014,0
2017-04-20,15:35:00,11.08,11.08,11,11,6555,0
2017-04-20,15:40:00,11.06,11.06,10.9,10.9,4000,0
2017-04-20,15:45:00,10.93,10.96,10.93,10.93,1300,0
2017-04-20,15:50:00,10.91,10.93,10.9,10.91,800,0
2017-04-20,15:55:00,10.91,10.93,10.9,10.9,800,0
2017-04-20,16:00:00,10.93,10.93,10.84,10.87,7900,0
2017-04-20,16:05:00,10.865,10.87,10.82,10.85,10900,0
2017-04-20,16:10:00,10.86,10.9,10.86,10.87,5200,0
2017-04-20,16:15:00,10.8951,10.8951,10.87,10.87,233,0
2017-04-20,16:20:00,10.87,10.89,10.87,10.88,500,0
2017-04-20,16:25:00,10.87,10.87,10.87,10.87,100,0
2017-04-20,16:30:00,10.9,10.91,10.89,10.9,778,0
2017-04-20,16:35:00,10.91,10.91,10.91,10.91,100,0
2017-04-20,16:45:00,10.88,10.9,10.87,10.87,1274,0
2017-04-20,16:50:00,10.9,10.9,10.9,10.9,100,0
2017-04-20,16:55:00,10.89,10.93,10.89,10.9,400,0
2017-04-20,17:00:00,10.93,10.93,10.925,10.925,200,0
2017-04-20,17:05:00,10.92,10.95,10.89,10.915,3300,0
2017-04-20,17:10:00,10.92,10.93,10.91,10.92,500,0
2017-04-20,17:15:00,10.92,10.92,10.92,10.92,100,0
2017-04-20,17:20:00,10.95,10.95,10.92,10.95,500,0
2017-04-20,17:25:00,10.92,10.92,10.92,10.92,100,0
2017-04-20,17:30:00,10.92,10.9386,10.92,10.9386,483,0
2017-04-20,17:35:00,10.95,10.95,10.95,10.95,228,0
2017-04-20,17:40:00,10.99,10.995,10.96,10.96,1400,0
2017-04-20,17:45:00,10.96,10.97,10.96,10.97,200,0
2017-04-20,17:50:00,10.9832,10.9832,10.97,10.97,300,0
2017-04-20,17:55:00,10.97,10.97,10.97,10.97,200,0
2017-04-20,18:00:00,10.97,10.97,10.97,10.97,100,0
2017-04-20,18:05:00,10.97,11,10.97,11,300,0
2017-04-20,18:10:00,11,11.01,10.99,10.99,1900,0
2017-04-20,18:20:00,10.98,10.98,10.98,10.98,100,0
2017-04-20,18:30:00,11,11,10.96,10.96,900,0
2017-04-20,18:35:00,10.9727,10.9727,10.96,10.96,316,0
2017-04-20,18:40:00,10.99,10.99,10.99,10.99,400,0
2017-04-20,18:45:00,10.96,10.98,10.96,10.96,800,0
2017-04-20,18:50:00,10.975,10.975,10.975,10.975,100,0
2017-04-20,19:00:00,10.965,10.965,10.965,10.965,200,0
2017-04-20,19:05:00,10.98,10.98,10.96,10.965,500,0
2017-04-20,19:10:00,10.965,10.965,10.965,10.965,100,0
2017-04-20,19:15:00,10.98,11.01,10.97,11.005,6300,0
2017-04-20,19:20:00,11.02,11.05,10.99,11.02,758,0
2017-04-20,19:25:00,11.005,11.005,10.99,10.99,300,0
2017-04-20,19:30:00,11,11,11,11,200,0
2017-04-20,19:40:00,11.01,11.025,11,11.02,1600,0
2017-04-20,19:45:00,11.02,11.02,11.01,11.02,400,0
2017-04-20,19:50:00,11.02,11.02,11.01,11.01,451,0
2017-04-20,19:55:00,11.02,11.03,11.02,11.02,801,0
2017-04-20,20:00:00,11.02,11.02,11.01,11.01,1200,0
2017-04-20,20:05:00,11.02,11.02,11.02,11.02,100,0
2017-04-20,20:10:00,11.005,11.01,10.98,10.995,2100,0
2017-04-20,20:15:00,11,11,10.97,10.985,5900,0
2017-04-20,20:25:00,11,11,11,11,100,0
2017-04-20,20:30:00,10.97,10.99,10.97,10.99,767,0
2017-04-20,20:35:00,10.9816,10.99,10.97,10.97,1409,0
2017-04-20,20:40:00,10.97,10.995,10.965,10.965,2993,0
2017-04-20,20:45:00,10.94,10.94,10.94,10.94,200,0
2017-04-20,20:50:00,10.97,10.97,10.94,10.97,600,0
2017-04-20,20:55:00,10.952,10.952,10.952,10.952,500,0
2017-04-20,21:00:00,10.95,10.95,10.95,10.95,600,0
2017-04-20,21:05:00,10.91,10.94,10.91,10.94,200,0
2017-04-20,21:10:00,10.94,10.94,10.92,10.92,921,0
2017-04-20,21:15:00,10.94,10.94,10.92,10.94,600,0
2017-04-20,21:20:00,10.95,10.95,10.91,10.93,1300,0
2017-04-20,21:25:00,10.915,10.93,10.9,10.91,900,0
2017-04-20,21:30:00,10.9087,10.92,10.89,10.895,2439,0
2017-04-20,21:35:00,10.9,10.91,10.9,10.91,2000,0
2017-04-20,21:40:00,10.89,10.915,10.89,10.9,2616,0
2017-04-20,21:45:00,10.91,10.92,10.91,10.92,2033,0
2017-04-20,21:50:00,10.91,10.91,10.89,10.9,4574,0
2017-04-20,21:55:00,10.91,10.94,10.91,10.935,2400,0
2017-04-20,22:00:00,10.93,10.95,10.91,10.93,36342,0
2017-04-21,15:35:00,10.92,10.94,10.92,10.94,16469,0
2017-04-21,15:40:00,10.99,11,10.94,11,400,0
2017-04-21,15:45:00,10.96,10.97,10.94,10.94,1400,0
2017-04-21,15:50:00,10.94,10.94,10.94,10.94,100,0
2017-04-21,16:10:00,10.93,10.93,10.93,10.93,100,0
2017-04-21,16:15:00,10.955,10.955,10.955,10.955,100,0
2017-04-21,16:20:00,10.94,10.94,10.92,10.92,1311,0
2017-04-21,16:25:00,10.92,10.92,10.9,10.9,1700,0
2017-04-21,16:30:00,10.89,10.89,10.84,10.85,2426,0
2017-04-21,16:35:00,10.83,10.83,10.81,10.825,2138,0
2017-04-21,16:40:00,10.85,10.85,10.85,10.85,200,0
2017-04-21,16:50:00,10.86,10.86,10.85,10.85,200,0
2017-04-21,16:55:00,10.86,10.87,10.86,10.87,208,0
2017-04-21,17:00:00,10.86,10.9,10.86,10.9,1305,0
2017-04-21,17:05:00,10.895,10.91,10.89,10.91,908,0
2017-04-21,17:10:00,10.9,10.91,10.89,10.91,702,0
2017-04-21,17:15:00,10.91,10.91,10.89,10.89,2100,0
2017-04-21,17:25:00,10.8965,10.9071,10.8965,10.9071,396,0
2017-04-21,17:30:00,10.9,10.9,10.9,10.9,200,0
2017-04-21,17:35:00,10.9,10.91,10.9,10.9,498,0
2017-04-21,17:40:00,10.91,10.915,10.91,10.915,300,0
2017-04-21,17:45:00,10.91,10.915,10.89,10.89,1908,0
2017-04-21,18:00:00,10.9,10.92,10.9,10.9,902,0
2017-04-21,18:05:00,10.91,10.91,10.9,10.91,600,0
2017-04-21,18:10:00,10.91,10.91,10.91,10.91,100,0
2017-04-21,18:15:00,10.91,10.92,10.91,10.91,1400,0
2017-04-21,18:20:00,10.89,10.89,10.88,10.88,200,0
2017-04-21,18:25:00,10.89,10.89,10.89,10.89,300,0
2017-04-21,18:30:00,10.89,10.89,10.88,10.88,658,0
2017-04-21,18:35:00,10.88,10.88,10.86,10.86,400,0
2017-04-21,18:40:00,10.87,10.88,10.87,10.88,513,0
2017-04-21,18:45:00,10.89,10.89,10.89,10.89,401,0
2017-04-21,18:50:00,10.91,10.9199,10.91,10.9199,596,0
2017-04-21,18:55:00,10.92,10.935,10.92,10.935,300,0
2017-04-21,19:00:00,10.93,10.93,10.93,10.93,500,0
2017-04-21,19:10:00,10.94,10.94,10.94,10.94,602,0
2017-04-21,19:15:00,10.93,10.93,10.89,10.9,2010,0
2017-04-21,19:20:00,10.91,10.92,10.91,10.91,558,0
2017-04-21,19:25:00,10.9157,10.92,10.91,10.92,1625,0
2017-04-21,19:30:00,10.93,10.93,10.92,10.92,200,0
2017-04-21,19:35:00,10.94,10.96,10.94,10.96,200,0
2017-04-21,19:40:00,10.96,10.96,10.91,10.91,1692,0
2017-04-21,19:45:00,10.9199,10.93,10.91,10.93,1318,0
2017-04-21,19:50:00,10.93,10.93,10.93,10.93,100,0
2017-04-21,19:55:00,10.93,10.94,10.92,10.92,500,0
2017-04-21,20:00:00,10.94,10.962,10.94,10.962,324,0
2017-04-21,20:05:00,10.965,10.965,10.965,10.965,400,0
2017-04-21,20:10:00,10.9608,10.9608,10.96,10.96,800,0
2017-04-21,20:15:00,10.95,10.97,10.94,10.94,1200,0
2017-04-21,20:20:00,10.94,10.95,10.94,10.95,815,0
2017-04-21,20:25:00,10.96,10.96,10.96,10.96,203,0
2017-04-21,20:30:00,10.97,10.9722,10.96,10.96,450,0
2017-04-21,20:35:00,10.96,10.97,10.96,10.97,700,0
2017-04-21,20:40:00,10.96,10.97,10.95,10.95,900,0
2017-04-21,20:45:00,10.94,10.94,10.94,10.94,200,0
2017-04-21,20:50:00,10.92,10.92,10.92,10.92,100,0
2017-04-21,20:55:00,10.94,10.94,10.94,10.94,100,0
2017-04-21,21:00:00,10.93,10.93,10.93,10.93,300,0
2017-04-21,21:05:00,10.94,10.94,10.93,10.93,500,0
2017-04-21,21:10:00,10.93,10.94,10.92,10.93,800,0
2017-04-21,21:15:00,10.94,10.94,10.92,10.92,500,0
2017-04-21,21:20:00,10.93,10.93,10.93,10.93,700,0
2017-04-21,21:25:00,10.93,10.93,10.92,10.93,1500,0
2017-04-21,21:30:00,10.92,10.93,10.92,10.93,300,0
2017-04-21,21:35:00,10.92,10.92,10.88,10.88,2200,0
2017-04-21,21:40:00,10.88,10.905,10.88,10.905,1829,0
2017-04-21,21:45:00,10.9,10.93,10.9,10.92,3279,0
2017-04-21,21:50:00,10.92,10.925,10.88,10.88,2980,0
2017-04-21,21:55:00,10.87,10.89,10.87,10.88,3194,0
2017-04-21,22:00:00,10.89,10.89,10.85,10.86,41469,0
2017-04-24,15:35:00,10.95,10.95,10.86,10.87,4159,0
2017-04-24,15:40:00,10.91,10.91,10.78,10.8,2437,0
2017-04-24,15:45:00,10.81,10.87,10.81,10.83,3000,0
2017-04-24,15:50:00,10.83,10.83,10.76,10.76,1200,0
2017-04-24,15:55:00,10.8,10.8,10.78,10.8,400,0
2017-04-24,16:00:00,10.77,10.79,10.76,10.76,2500,0
2017-04-24,16:05:00,10.74,10.8,10.74,10.78,1322,0
2017-04-24,16:10:00,10.79,10.8,10.77,10.785,1342,0
2017-04-24,16:15:00,10.78,10.79,10.77,10.77,800,0
2017-04-24,16:20:00,10.75,10.76,10.75,10.76,900,0
2017-04-24,16:25:00,10.75,10.76,10.7,10.72,2200,0
2017-04-24,16:30:00,10.7,10.7,10.7,10.7,280,0
2017-04-24,16:35:00,10.6972,10.6972,10.64,10.68,2692,0
2017-04-24,16:40:00,10.65,10.69,10.62,10.65,1597,0
2017-04-24,16:45:00,10.66,10.66,10.64,10.64,400,0
2017-04-24,16:50:00,10.64,10.655,10.64,10.655,200,0
2017-04-24,16:55:00,10.68,10.68,10.68,10.68,200,0
2017-04-24,17:00:00,10.68,10.69,10.67,10.69,300,0
2017-04-24,17:05:00,10.68,10.68,10.61,10.65,2000,0
2017-04-24,17:10:00,10.68,10.68,10.65,10.67,300,0
2017-04-24,17:15:00,10.66,10.66,10.66,10.66,100,0
2017-04-24,17:20:00,10.65,10.67,10.65,10.66,1000,0
2017-04-24,17:25:00,10.67,10.7,10.66,10.7,922,0
2017-04-24,17:30:00,10.73,10.73,10.72,10.72,200,0
2017-04-24,17:35:00,10.71,10.71,10.7,10.7,500,0
2017-04-24,17:40:00,10.71,10.7187,10.7,10.7187,895,0
2017-04-24,17:45:00,10.7,10.7,10.7,10.7,200,0
2017-04-24,17:50:00,10.71,10.71,10.71,10.71,100,0
2017-04-24,17:55:00,10.7,10.7,10.69,10.69,320,0
2017-04-24,18:00:00,10.71,10.71,10.69,10.69,200,0
2017-04-24,18:05:00,10.69,10.69,10.67,10.67,300,0
2017-04-24,18:10:00,10.71,10.71,10.67,10.67,400,0
2017-04-24,18:15:00,10.7,10.7,10.66,10.66,1390,0
2017-04-24,18:25:00,10.65,10.65,10.61,10.61,1800,0
2017-04-24,18:30:00,10.64,10.66,10.62,10.65,1300,0
2017-04-24,18:35:00,10.66,10.67,10.655,10.67,400,0
2017-04-24,18:40:00,10.66,10.66,10.65,10.65,500,0
2017-04-24,18:45:00,10.66,10.68,10.64,10.64,700,0
2017-04-24,18:50:00,10.66,10.66,10.645,10.65,1379,0
2017-04-24,18:55:00,10.65,10.66,10.64,10.66,700,0
2017-04-24,19:00:00,10.68,10.68,10.68,10.68,300,0
2017-04-24,19:05:00,10.66,10.7,10.65,10.7,609,0
2017-04-24,19:10:00,10.67,10.7,10.67,10.695,400,0
2017-04-24,19:15:00,10.69,10.69,10.65,10.66,1420,0
2017-04-24,19:20:00,10.68,10.68,10.68,10.68,100,0
2017-04-24,19:25:00,10.66,10.66,10.65,10.65,200,0
2017-04-24,19:30:00,10.67,10.67,10.6617,10.6617,629,0
2017-04-24,19:35:00,10.65,10.65,10.64,10.64,2400,0
2017-04-24,19:40:00,10.64,10.65,10.63,10.63,600,0
2017-04-24,19:45:00,10.63,10.63,10.59,10.59,4950,0
2017-04-24,19:50:00,10.58,10.59,10.58,10.58,400,0
2017-04-24,19:55:00,10.58,10.61,10.58,10.6,1000,0
2017-04-24,20:00:00,10.61,10.61,10.56,10.5627,3540,0
2017-04-24,20:05:00,10.59,10.6,10.56,10.56,1800,0
2017-04-24,20:10:00,10.57,10.57,10.57,10.57,200,0
2017-04-24,20:15:00,10.59,10.59,10.59,10.59,100,0
2017-04-24,20:20:00,10.57,10.58,10.55,10.55,1579,0
2017-04-24,20:25:00,10.56,10.5769,10.56,10.56,1971,0
2017-04-24,20:30:00,10.56,10.56,10.54,10.54,2300,0
2017-04-24,20:35:00,10.56,10.56,10.55,10.55,1100,0
2017-04-24,20:40:00,10.56,10.58,10.56,10.57,1046,0
2017-04-24,20:45:00,10.59,10.6,10.59,10.59,1000,0
2017-04-24,20:50:00,10.5993,10.61,10.59,10.6,2000,0
2017-04-24,20:55:00,10.6,10.6,10.57,10.57,1600,0
2017-04-24,21:00:00,10.57,10.59,10.57,10.59,500,0
2017-04-24,21:05:00,10.583,10.6,10.58,10.6,2000,0
2017-04-24,21:10:00,10.61,10.63,10.585,10.6,3000,0
2017-04-24,21:15:00,10.61,10.6175,10.6,10.61,1100,0
2017-04-24,21:20:00,10.6,10.6,10.59,10.59,799,0
2017-04-24,21:25:00,10.58,10.59,10.56,10.59,2579,0
2017-04-24,21:30:00,10.58,10.59,10.57,10.59,1902,0
2017-04-24,21:35:00,10.6,10.6,10.59,10.59,1438,0
2017-04-24,21:40:00,10.6,10.615,10.6,10.615,3841,0
2017-04-24,21:45:00,10.62,10.63,10.59,10.59,4339,0
2017-04-24,21:50:00,10.6,10.63,10.6,10.625,7827,0
2017-04-24,21:55:00,10.62,10.63,10.61,10.61,3923,0
2017-04-24,22:00:00,10.6022,10.62,10.59,10.61,32270,0
2017-04-25,15:35:00,10.78,10.9,10.72,10.72,11623,0
2017-04-25,15:40:00,10.74,10.81,10.71,10.79,3928,0
2017-04-25,15:45:00,10.82,10.83,10.82,10.83,400,0
2017-04-25,15:50:00,10.78,10.85,10.76,10.8,1600,0
2017-04-25,15:55:00,10.84,10.84,10.78,10.84,1900,0
2017-04-25,16:00:00,10.87,10.89,10.84,10.88,1200,0
2017-04-25,16:05:00,10.84,10.84,10.81,10.81,400,0
2017-04-25,16:10:00,10.82,10.89,10.82,10.89,1000,0
2017-04-25,16:15:00,10.91,10.91,10.85,10.86,2300,0
2017-04-25,16:20:00,10.86,10.88,10.85,10.85,400,0
2017-04-25,16:25:00,10.84,10.84,10.83,10.83,1200,0
2017-04-25,16:30:00,10.83,10.86,10.83,10.85,614,0
2017-04-25,16:35:00,10.87,10.88,10.87,10.88,200,0
2017-04-25,16:40:00,10.88,10.9,10.85,10.9,1300,0
2017-04-25,16:45:00,10.9,10.9,10.9,10.9,100,0
2017-04-25,16:50:00,10.9,10.9,10.88,10.88,900,0
2017-04-25,16:55:00,10.89,10.89,10.84,10.87,3921,0
2017-04-25,17:00:00,10.88,10.88,10.8788,10.8788,500,0
2017-04-25,17:05:00,10.89,10.94,10.88,10.94,2500,0
2017-04-25,17:10:00,10.9,10.91,10.9,10.9,1188,0
2017-04-25,17:15:00,10.9,10.91,10.89,10.91,1600,0
2017-04-25,17:25:00,10.94,10.95,10.94,10.95,500,0
2017-04-25,17:30:00,10.96,10.96,10.96,10.96,100,0
2017-04-25,17:35:00,10.95,10.96,10.933,10.95,1352,0
2017-04-25,17:40:00,10.97,10.98,10.97,10.98,300,0
2017-04-25,17:45:00,10.9617,11.035,10.9617,11.03,11972,0
2017-04-25,17:50:00,11.015,11.04,11.015,11.04,2000,0
2017-04-25,17:55:00,11.06,11.07,11.06,11.07,1208,0
2017-04-25,18:00:00,11.07,11.08,11.0516,11.065,3800,0
2017-04-25,18:05:00,11.0501,11.09,11.0501,11.09,10100,0
2017-04-25,18:10:00,11.08,11.1,11.08,11.1,1933,0
2017-04-25,18:15:00,11.09,11.1,11.09,11.1,900,0
2017-04-25,18:20:00,11.09,11.1,11.09,11.1,1970,0
2017-04-25,18:25:00,11.11,11.12,11.08,11.1,4054,0
2017-04-25,18:30:00,11.0916,11.0916,11.0916,11.0916,769,0
2017-04-25,18:35:00,11.11,11.11,11.1,11.1,300,0
2017-04-25,18:40:00,11.1,11.11,11.1,11.102,1996,0
2017-04-25,18:45:00,11.11,11.13,11.11,11.125,2250,0
2017-04-25,18:50:00,11.125,11.125,11.12,11.12,200,0
2017-04-25,18:55:00,11.14,11.16,11.14,11.1519,4559,0
2017-04-25,19:00:00,11.16,11.17,11.13,11.13,4943,0
2017-04-25,19:05:00,11.122,11.122,11.122,11.122,278,0
2017-04-25,19:10:00,11.125,11.125,11.12,11.12,400,0
2017-04-25,19:15:00,11.13,11.145,11.13,11.14,2456,0
2017-04-25,19:20:00,11.13,11.13,11.1,11.1,1305,0
2017-04-25,19:25:00,11.1,11.1,11.0851,11.0851,200,0
2017-04-25,19:30:00,11.085,11.085,11.085,11.085,580,0
2017-04-25,19:35:00,11.1,11.1,11.095,11.1,700,0
2017-04-25,19:40:00,11.09,11.09,11.07,11.08,1200,0
2017-04-25,19:45:00,11.07,11.07,11.04,11.045,1845,0
2017-04-25,19:55:00,11.04,11.05,11.04,11.05,1400,0
2017-04-25,20:00:00,11.04,11.04,11.04,11.04,300,0
2017-04-25,20:05:00,11.04,11.04,11.0275,11.04,2300,0
2017-04-25,20:10:00,11.05,11.06,11.05,11.06,400,0
2017-04-25,20:15:00,11.06,11.07,11.05,11.05,900,0
2017-04-25,20:20:00,11.04,11.05,11.04,11.045,2100,0
2017-04-25,20:25:00,11.04,11.04,11.04,11.04,200,0
2017-04-25,20:30:00,11.055,11.055,11.04,11.055,400,0
2017-04-25,20:35:00,11.06,11.08,11.05,11.07,7465,0
2017-04-25,20:40:00,11.07,11.075,11.0361,11.065,7114,0
2017-04-25,20:45:00,11.06,11.07,11.05,11.05,1500,0
2017-04-25,20:50:00,11.0699,11.0699,11.0699,11.0699,310,0
2017-04-25,20:55:00,11.05,11.06,11,11.015,102634,0
2017-04-25,21:00:00,11.03,11.055,11.02,11.055,3200,0
2017-04-25,21:05:00,11.07,11.07,11.055,11.07,1900,0
2017-04-25,21:10:00,11.09,11.13,11.08,11.1,6386,0
2017-04-25,21:15:00,11.09,11.09,11.07,11.07,500,0
2017-04-25,21:20:00,11.08,11.1,11.07,11.1,6000,0
2017-04-25,21:25:00,11.1,11.11,11.08,11.082,4316,0
2017-04-25,21:30:00,11.08,11.08,11.07,11.07,4912,0
2017-04-25,21:35:00,11.08,11.105,11.08,11.105,3200,0
2017-04-25,21:40:00,11.11,11.13,11.11,11.125,4990,0
2017-04-25,21:45:00,11.13,11.13,11.1,11.12,6185,0
2017-04-25,21:50:00,11.13,11.146,11.115,11.13,14210,0
2017-04-25,21:55:00,11.135,11.15,11.12,11.13,9962,0
2017-04-25,22:00:00,11.14,11.15,11.08,11.09,35918,0
2017-04-26,15:35:00,11.09,11.09,11.09,11.09,1852,0
2017-04-26,15:40:00,11.04,11.04,10.97,11.01,1890,0
2017-04-26,15:45:00,10.98,11.02,10.98,10.98,1100,0
2017-04-26,15:50:00,11,11,10.96,10.98,400,0
2017-04-26,15:55:00,10.96,10.96,10.96,10.96,100,0
2017-04-26,16:00:00,10.95,10.96,10.93,10.93,1889,0
2017-04-26,16:05:00,10.94,10.96,10.92,10.92,1200,0
2017-04-26,16:10:00,10.92,10.93,10.89,10.93,4494,0
2017-04-26,16:15:00,10.92,10.93,10.91,10.91,1927,0
2017-04-26,16:20:00,10.92,10.92,10.88,10.88,1500,0
2017-04-26,16:25:00,10.9,10.95,10.87,10.94,4671,0
2017-04-26,16:30:00,10.93,10.93,10.91,10.91,2000,0
2017-04-26,16:35:00,10.91,10.91,10.89,10.89,700,0
2017-04-26,16:40:00,10.89,10.91,10.88,10.88,2800,0
2017-04-26,16:45:00,10.88,10.88,10.84,10.87,1600,0
2017-04-26,16:50:00,10.86,10.87,10.79,10.8,2200,0
2017-04-26,16:55:00,10.79,10.8626,10.79,10.8626,2750,0
2017-04-26,17:00:00,10.875,10.93,10.875,10.93,1176,0
2017-04-26,17:05:00,10.95,10.95,10.93,10.93,900,0
2017-04-26,17:10:00,10.9101,10.93,10.9101,10.93,300,0
2017-04-26,17:15:00,10.95,11.02,10.94,11.02,800,0
2017-04-26,17:20:00,11.01,11.04,11.01,11.04,900,0
2017-04-26,17:25:00,11.03,11.09,11.02,11.09,2500,0
2017-04-26,17:30:00,11.1,11.14,11.1,11.14,1525,0
2017-04-26,17:35:00,11.1,11.13,11.09,11.09,3400,0
2017-04-26,17:40:00,11.0901,11.1,11.07,11.1,1400,0
2017-04-26,17:45:00,11.08,11.1,11.08,11.1,1000,0
2017-04-26,17:50:00,11.08,11.1,11.06,11.1,800,0
2017-04-26,17:55:00,11.1,11.11,11.08,11.08,700,0
2017-04-26,18:00:00,11.12,11.14,11.12,11.14,300,0
2017-04-26,18:05:00,11.1,11.105,11.08,11.08,916,0
2017-04-26,18:10:00,11.08,11.08,11.08,11.08,731,0
2017-04-26,18:15:00,11.0601,11.09,11.0601,11.09,200,0
2017-04-26,18:20:00,11.09,11.09,11.09,11.09,300,0
2017-04-26,18:25:00,11.1,11.11,11.09,11.1,710,0
2017-04-26,18:30:00,11.12,11.14,11.11,11.11,1500,0
2017-04-26,18:40:00,11.12,11.12,11.1001,11.1001,800,0
2017-04-26,18:45:00,11.12,11.14,11.12,11.14,500,0
2017-04-26,18:50:00,11.1272,11.14,11.1272,11.14,487,0
2017-04-26,18:55:00,11.15,11.15,11.15,11.15,200,0
2017-04-26,19:00:00,11.16,11.18,11.16,11.18,1600,0
2017-04-26,19:10:00,11.16,11.18,11.16,11.18,900,0
2017-04-26,19:20:00,11.19,11.19,11.19,11.19,500,0
2017-04-26,19:25:00,11.185,11.185,11.185,11.185,219,0
2017-04-26,19:30:00,11.185,11.185,11.185,11.185,300,0
2017-04-26,19:35:00,11.18,11.19,11.18,11.19,800,0
2017-04-26,19:40:00,11.185,11.2,11.185,11.2,500,0
2017-04-26,19:45:00,11.2,11.21,11.2,11.21,500,0
2017-04-26,19:50:00,11.19,11.19,11.15,11.16,1660,0
2017-04-26,19:55:00,11.18,11.18,11.16,11.16,700,0
2017-04-26,20:00:00,11.18,11.19,11.11,11.11,906,0
2017-04-26,20:05:00,11.1,11.1128,11.1,11.1128,351,0
2017-04-26,20:10:00,11.12,11.15,11.12,11.15,1400,0
2017-04-26,20:15:00,11.15,11.15,11.12,11.15,1800,0
2017-04-26,20:20:00,11.16,11.16,11.15,11.15,600,0
2017-04-26,20:25:00,11.13,11.15,11.13,11.15,1400,0
2017-04-26,20:30:00,11.16,11.17,11.155,11.16,800,0
2017-04-26,20:35:00,11.17,11.19,11.17,11.19,2511,0
2017-04-26,20:40:00,11.19,11.19,11.17,11.17,800,0
2017-04-26,20:45:00,11.18,11.18,11.17,11.18,700,0
2017-04-26,20:50:00,11.18,11.18,11.18,11.18,400,0
2017-04-26,20:55:00,11.17,11.19,11.17,11.178,3400,0
2017-04-26,21:00:00,11.18,11.18,11.17,11.17,800,0
2017-04-26,21:05:00,11.19,11.19,11.17,11.17,500,0
2017-04-26,21:10:00,11.17,11.18,11.17,11.18,800,0
2017-04-26,21:15:00,11.1799,11.18,11.16,11.17,1400,0
2017-04-26,21:20:00,11.18,11.18,11.17,11.18,1680,0
2017-04-26,21:25:00,11.16,11.17,11.15,11.17,400,0
2017-04-26,21:30:00,11.15,11.18,11.15,11.18,923,0
2017-04-26,21:35:00,11.18,11.18,11.15,11.155,2700,0
2017-04-26,21:40:00,11.17,11.17,11.15,11.17,1214,0
2017-04-26,21:45:00,11.17,11.17,11.125,11.14,4100,0
2017-04-26,21:50:00,11.13,11.13,11.1,11.1,1767,0
2017-04-26,21:55:00,11.1,11.11,11.09,11.11,4166,0
2017-04-26,22:00:00,11.115,11.115,11.1,11.11,30298,0
