Date,Time,Open,High,Low,Close,Volume,OpenInt
2016-09-19,17:20:00,16.838,16.838,16.838,16.838,101,0
2016-09-19,19:50:00,16.693,16.693,16.693,16.693,101,0
2016-09-19,21:35:00,16.808,16.808,16.521,16.521,202,0
2016-09-19,22:00:00,16.66,16.66,16.66,16.66,384,0
2016-09-20,20:05:00,16.719,16.719,16.719,16.719,101,0
2016-09-22,15:35:00,16.6,16.6,16.6,16.6,103,0
2016-09-22,19:55:00,16.679,16.679,16.679,16.679,202,0
2016-09-22,20:35:00,16.679,16.679,16.679,16.679,303,0
2016-09-22,21:25:00,16.64,16.64,16.64,16.64,101,0
2016-09-22,21:35:00,16.64,16.64,16.64,16.64,101,0
2016-09-22,21:50:00,16.64,16.64,16.64,16.64,101,0
2016-09-22,21:55:00,16.64,16.64,16.64,16.64,807,0
2016-09-22,22:00:00,16.64,16.689,16.64,16.689,677,0
2016-09-23,17:05:00,16.653,16.653,16.653,16.653,152,0
2016-09-23,18:15:00,16.397,16.397,16.397,16.397,202,0
2016-09-23,18:55:00,16.441,16.441,16.441,16.441,606,0
2016-09-23,19:05:00,16.441,16.441,16.441,16.441,202,0
2016-09-23,19:30:00,16.441,16.441,16.441,16.441,202,0
2016-09-23,19:35:00,16.618,16.618,16.618,16.618,101,0
2016-09-26,16:25:00,16.481,16.481,16.441,16.441,4928,0
2016-09-26,17:25:00,16.441,16.441,16.441,16.441,101,0
2016-09-26,18:50:00,16.441,16.441,16.441,16.441,284,0
2016-09-26,19:00:00,16.511,16.511,16.511,16.511,101,0
2016-09-26,19:20:00,16.501,16.521,16.501,16.521,1694,0
2016-09-26,19:25:00,16.521,16.521,16.521,16.521,101,0
2016-09-26,20:00:00,16.719,16.719,16.719,16.719,202,0
2016-09-26,21:30:00,16.541,16.541,16.541,16.541,101,0
2016-09-26,21:45:00,16.709,16.709,16.709,16.709,101,0
2016-09-27,15:35:00,16.6,16.6,16.6,16.6,205,0
2016-09-27,22:00:00,16.461,16.461,16.461,16.461,336,0
2016-09-28,15:40:00,16.495,16.495,16.495,16.495,242,0
2016-09-28,17:05:00,16.441,16.441,16.441,16.441,1009,0
2016-09-28,18:05:00,16.477,16.477,16.477,16.477,101,0
2016-09-28,22:00:00,16.59,16.59,16.363,16.363,932,0
2016-09-29,21:55:00,16.363,16.363,16.353,16.363,462,0
2016-09-29,22:00:00,16.457,16.457,16.431,16.431,1042,0
2016-09-30,22:00:00,16.511,16.511,16.511,16.511,778,0
2016-10-03,20:30:00,16.441,16.441,16.441,16.441,245,0
2016-10-03,22:00:00,16.451,16.451,16.451,16.451,459,0
2016-10-04,16:45:00,16.471,16.471,16.471,16.471,101,0
2016-10-04,21:00:00,16.511,16.511,16.511,16.511,202,0
2016-10-04,21:05:00,16.511,16.511,16.511,16.511,202,0
2016-10-04,21:10:00,16.59,16.6,16.551,16.59,471,0
2016-10-04,21:50:00,16.6,16.6,16.6,16.6,707,0
2016-10-04,22:00:00,16.57,16.57,16.57,16.57,644,0
2016-10-05,22:00:00,16.541,16.541,16.541,16.541,207,0
2016-10-06,17:30:00,16.513,16.513,16.513,16.513,182,0
2016-10-06,20:45:00,16.599,16.599,16.599,16.599,227,0
2016-10-07,15:35:00,16.6,16.6,16.6,16.6,106,0
2016-10-07,22:00:00,16.491,16.491,16.491,16.491,346,0
2016-10-10,15:35:00,16.6,16.6,16.6,16.6,249,0
2016-10-10,16:15:00,16.783,16.783,16.783,16.783,101,0
2016-10-10,18:00:00,16.66,16.66,16.66,16.66,1110,0
2016-10-10,18:30:00,16.491,16.491,16.491,16.491,856,0
2016-10-10,18:35:00,16.491,16.491,16.491,16.491,101,0
2016-10-10,18:50:00,16.491,16.491,16.491,16.491,588,0
2016-10-10,19:10:00,16.491,16.491,16.491,16.491,303,0
2016-10-10,20:40:00,16.491,16.491,16.491,16.491,404,0
2016-10-10,21:00:00,16.491,16.491,16.491,16.491,101,0
2016-10-10,21:35:00,16.451,16.451,16.451,16.451,606,0
2016-10-10,21:40:00,16.451,16.451,16.451,16.451,202,0
2016-10-10,21:45:00,16.451,16.451,16.451,16.451,101,0
2016-10-10,22:00:00,16.451,16.451,16.451,16.451,421,0
2016-10-11,15:35:00,16.481,16.481,16.481,16.481,104,0
2016-10-11,16:00:00,16.343,16.343,16.343,16.343,202,0
2016-10-11,16:30:00,16.64,16.64,16.64,16.64,101,0
2016-10-11,17:30:00,16.441,16.441,16.441,16.441,101,0
2016-10-11,18:15:00,16.417,16.417,16.393,16.393,232,0
2016-10-11,20:25:00,16.392,16.392,16.392,16.392,202,0
2016-10-11,20:55:00,16.431,16.431,16.431,16.431,1111,0
2016-10-11,21:05:00,16.441,16.441,16.441,16.441,101,0
2016-10-11,21:30:00,16.441,16.441,16.441,16.441,101,0
2016-10-11,21:50:00,16.441,16.441,16.441,16.441,101,0
2016-10-11,22:00:00,16.441,16.441,16.431,16.431,896,0
2016-10-12,15:35:00,16.392,16.392,16.392,16.392,202,0
2016-10-12,22:00:00,16.501,16.501,16.501,16.501,101,0
2016-10-13,21:40:00,16.481,16.481,16.481,16.481,101,0
2016-10-14,17:05:00,16.441,16.441,16.441,16.441,296,0
2016-10-14,19:10:00,16.392,16.392,16.392,16.392,367,0
2016-10-14,20:30:00,16.422,16.422,16.422,16.422,202,0
2016-10-14,22:00:00,16.382,16.382,16.382,16.382,316,0
2016-10-17,17:45:00,16.59,16.59,16.59,16.59,139,0
2016-10-17,21:30:00,16.541,16.541,16.541,16.541,121,0
2016-10-17,22:00:00,16.392,16.392,16.392,16.392,332,0
2016-10-18,15:35:00,16.739,16.739,16.739,16.739,167,0
2016-10-18,17:55:00,16.739,16.739,16.739,16.739,101,0
2016-10-18,18:25:00,16.739,16.838,16.739,16.838,3747,0
2016-10-18,18:55:00,16.838,16.838,16.838,16.838,1656,0
2016-10-18,19:00:00,16.808,16.808,16.808,16.808,101,0
2016-10-18,21:30:00,16.838,16.838,16.838,16.838,101,0
2016-10-18,21:35:00,16.739,16.739,16.739,16.739,505,0
2016-10-18,21:40:00,16.838,16.838,16.838,16.838,101,0
2016-10-18,21:55:00,16.838,16.838,16.838,16.838,101,0
2016-10-19,15:35:00,16.838,16.838,16.838,16.838,104,0
2016-10-19,15:50:00,16.838,16.838,16.838,16.838,202,0
2016-10-19,17:15:00,16.595,16.595,16.59,16.59,3832,0
2016-10-19,17:20:00,16.59,16.59,16.59,16.59,505,0
2016-10-19,18:35:00,16.59,16.59,16.59,16.59,501,0
2016-10-19,18:55:00,16.59,16.59,16.59,16.59,761,0
2016-10-19,19:45:00,16.689,16.689,16.689,16.689,101,0
2016-10-19,21:55:00,16.59,16.59,16.59,16.59,101,0
2016-10-19,22:00:00,16.491,16.59,16.491,16.59,766,0
2016-10-20,18:45:00,16.838,16.838,16.739,16.739,1009,0
2016-10-20,18:50:00,16.541,16.541,16.541,16.541,101,0
2016-10-20,20:15:00,16.541,16.541,16.541,16.541,101,0
2016-10-20,21:30:00,16.441,16.441,16.441,16.441,101,0
2016-10-21,15:35:00,16.689,16.689,16.689,16.689,177,0
2016-10-21,18:05:00,17.036,17.036,17.036,17.036,105,0
2016-10-21,20:35:00,16.838,16.838,16.838,16.838,202,0
2016-10-21,21:30:00,16.838,16.838,16.788,16.788,202,0
2016-10-21,21:50:00,16.838,16.838,16.838,16.838,101,0
2016-10-21,22:00:00,16.739,16.739,16.64,16.64,202,0
2016-10-24,21:20:00,17.139,17.139,17.135,17.135,256,0
2016-10-24,22:00:00,17.779,17.779,17.779,17.779,136,0
2016-10-25,17:50:00,17.63,17.63,17.63,17.63,101,0
2016-10-25,20:35:00,17.581,17.581,17.581,17.581,101,0
2016-10-25,21:20:00,17.321,17.321,17.321,17.321,218,0
2016-10-25,21:30:00,17.581,17.581,17.581,17.581,101,0
2016-10-25,22:00:00,17.184,17.184,17.184,17.184,304,0
2016-10-26,15:50:00,17.531,17.531,17.531,17.531,154,0
2016-10-26,22:00:00,16.888,16.888,16.888,16.888,559,0
2016-10-27,22:00:00,16.936,16.936,16.936,16.936,353,0
2016-10-28,22:00:00,17.184,17.184,17.184,17.184,271,0
2016-10-31,15:50:00,16.942,17.086,16.788,16.788,934,0
2016-10-31,18:05:00,16.848,16.848,16.848,16.848,122,0
2016-10-31,19:55:00,17.086,17.086,17.086,17.086,101,0
2016-10-31,21:00:00,17.036,17.036,17.036,17.036,1229,0
2016-11-01,14:35:00,17.333,17.333,17.333,17.333,202,0
2016-11-01,20:40:00,17.035,17.035,17.035,17.035,225,0
2016-11-01,21:00:00,16.788,16.788,16.788,16.788,279,0
2016-11-02,21:00:00,17.036,17.036,17.036,17.036,431,0
2016-11-03,20:20:00,17.382,17.382,17.382,17.382,101,0
2016-11-03,20:50:00,17.382,17.382,17.382,17.382,101,0
2016-11-03,21:00:00,17.382,17.382,17.184,17.184,252,0
2016-11-04,14:35:00,17.036,17.036,17.036,17.036,505,0
2016-11-04,17:25:00,17.036,17.036,17.036,17.036,202,0
2016-11-04,18:25:00,17.344,17.344,17.344,17.344,303,0
2016-11-04,18:30:00,17.337,17.337,17.337,17.337,202,0
2016-11-04,18:50:00,17.086,17.086,17.086,17.086,202,0
2016-11-04,21:00:00,17.135,17.184,17.135,17.184,796,0
2016-11-07,21:05:00,17.184,17.184,17.184,17.184,101,0
2016-11-07,21:45:00,17.382,17.382,17.382,17.382,157,0
2016-11-07,22:00:00,17.382,17.382,17.382,17.382,743,0
2016-11-08,15:35:00,17.382,17.382,17.382,17.382,354,0
2016-11-08,17:30:00,17.485,17.485,17.485,17.485,353,0
2016-11-08,21:25:00,17.482,17.482,17.482,17.482,1173,0
2016-11-08,21:50:00,17.581,17.581,17.382,17.382,1211,0
2016-11-08,22:00:00,17.581,17.581,17.581,17.581,254,0
2016-11-09,15:50:00,17.348,17.348,17.184,17.184,606,0
2016-11-09,16:30:00,17.472,17.472,17.184,17.184,202,0
2016-11-09,20:35:00,17.581,17.581,17.432,17.432,1514,0
2016-11-09,21:05:00,17.729,17.729,17.729,17.729,101,0
2016-11-09,21:15:00,17.729,17.729,17.729,17.729,101,0
2016-11-09,21:45:00,17.558,17.558,17.531,17.531,618,0
2016-11-09,21:50:00,17.581,17.581,17.581,17.581,101,0
2016-11-10,15:35:00,17.526,17.526,17.526,17.526,417,0
2016-11-10,15:55:00,18.422,18.422,18.024,18.024,502,0
2016-11-10,16:30:00,18.372,18.372,18.024,18.024,907,0
2016-11-10,17:15:00,18.422,18.422,18.024,18.024,703,0
2016-11-10,17:25:00,18.23,18.23,18.23,18.23,100,0
2016-11-10,19:10:00,18.372,18.372,18.024,18.024,279,0
2016-11-10,19:40:00,18.372,18.372,18.024,18.024,524,0
2016-11-10,20:50:00,18.024,18.024,18.024,18.024,100,0
2016-11-10,21:30:00,18.422,18.422,18.422,18.422,100,0
2016-11-10,21:40:00,18.422,18.422,18.422,18.422,126,0
2016-11-10,21:55:00,18.372,18.372,18.372,18.372,301,0
2016-11-10,22:00:00,19.169,19.169,19.169,19.169,882,0
2016-11-11,15:35:00,17.924,17.924,17.924,17.924,101,0
2016-11-11,15:45:00,18.006,18.006,18.006,18.006,100,0
2016-11-11,17:40:00,19.119,19.119,19.119,19.119,100,0
2016-11-11,17:45:00,18.056,19.119,18.056,19.119,452,0
2016-11-11,18:05:00,19.169,19.169,19.169,19.169,211,0
2016-11-11,18:10:00,19.318,19.318,19.318,19.318,803,0
2016-11-11,18:40:00,19.318,19.318,19.318,19.318,2008,0
2016-11-11,20:50:00,21.061,21.061,21.061,21.061,100,0
2016-11-11,21:25:00,19.511,19.511,19.511,19.511,100,0
2016-11-11,21:35:00,19.452,19.452,19.452,19.452,100,0
2016-11-11,21:55:00,21.111,21.658,21.111,21.658,502,0
2016-11-11,22:00:00,21.658,21.658,21.658,21.658,1704,0
2016-11-14,15:35:00,22.256,22.256,22.256,22.256,958,0
2016-11-14,16:15:00,22.704,22.704,22.704,22.704,222,0
2016-11-14,16:30:00,20.414,20.414,20.414,20.414,194,0
2016-11-14,16:35:00,18.97,18.97,18.97,18.97,100,0
2016-11-14,17:05:00,20.862,20.912,20.862,20.912,208,0
2016-11-14,19:20:00,21.16,21.16,21.16,21.16,402,0
2016-11-14,19:35:00,21.31,21.31,21.31,21.31,126,0
2016-11-14,19:40:00,21.758,21.758,21.758,21.758,100,0
2016-11-14,19:55:00,21.509,21.559,21.509,21.559,201,0
2016-11-14,20:10:00,22.704,23.451,22.704,23.451,787,0
2016-11-14,20:15:00,23.501,24.247,23.501,23.55,891,0
2016-11-14,20:20:00,23.55,23.55,23.55,23.55,100,0
2016-11-14,20:30:00,22.804,23.849,22.804,23.65,1506,0
2016-11-14,20:35:00,24.148,24.247,24.148,24.247,904,0
2016-11-14,20:40:00,24.937,25.094,24.937,25.044,603,0
2016-11-14,20:45:00,24.745,24.745,24.745,24.745,201,0
2016-11-14,21:10:00,24.258,24.258,23.7,23.75,1004,0
2016-11-14,21:20:00,23.625,23.625,23.625,23.625,100,0
2016-11-14,21:25:00,23.401,23.451,23.391,23.391,1044,0
2016-11-14,21:30:00,23.899,23.899,23.899,23.899,100,0
2016-11-14,21:35:00,23.388,23.388,23.388,23.388,201,0
2016-11-14,21:40:00,24.098,24.098,24.098,24.098,100,0
2016-11-14,21:45:00,23.874,23.874,23.152,23.152,703,0
2016-11-14,21:50:00,23.351,23.351,23.152,23.351,846,0
2016-11-14,21:55:00,23.152,23.152,23.152,23.152,100,0
2016-11-14,22:00:00,23.202,23.202,23.202,23.202,301,0
2016-11-15,15:35:00,23.102,23.102,23.102,23.102,256,0
2016-11-15,16:15:00,22.106,22.256,21.658,22.256,1105,0
2016-11-15,16:20:00,22.405,22.405,22.156,22.156,431,0
2016-11-15,16:25:00,21.858,21.858,21.858,21.858,201,0
2016-11-15,16:30:00,21.957,22.057,21.858,21.858,1145,0
2016-11-15,16:35:00,21.858,21.858,21.609,21.609,885,0
2016-11-15,17:15:00,21.907,21.907,21.907,21.907,100,0
2016-11-15,17:55:00,21.653,21.653,21.653,21.653,201,0
2016-11-15,18:20:00,21.535,21.535,21.535,21.535,201,0
2016-11-15,20:00:00,21.669,21.669,21.669,21.669,402,0
2016-11-15,20:45:00,21.646,21.646,21.646,21.646,201,0
2016-11-15,21:45:00,21.907,22.517,21.907,22.517,1863,0
2016-11-15,21:50:00,21.907,21.907,21.907,21.907,2008,0
2016-11-15,22:00:00,21.957,21.957,21.907,21.907,717,0
2016-11-16,16:45:00,21.609,21.609,21.609,21.609,100,0
2016-11-16,18:55:00,20.998,20.998,20.998,20.998,201,0
2016-11-16,21:25:00,21.849,21.849,21.849,21.849,100,0
2016-11-16,22:00:00,21.957,21.957,21.957,21.957,677,0
2016-11-17,15:35:00,21.907,21.907,21.907,21.907,219,0
2016-11-17,16:15:00,21.111,21.111,21.111,21.111,100,0
2016-11-17,16:20:00,20.762,20.762,20.762,20.762,502,0
2016-11-17,16:25:00,21.011,21.011,21.011,21.011,100,0
2016-11-17,16:30:00,21.111,21.26,21.061,21.061,603,0
2016-11-17,16:45:00,21.609,21.658,21.459,21.459,1406,0
2016-11-17,16:55:00,21.609,21.609,21.609,21.609,301,0
2016-11-17,17:00:00,21.609,21.609,21.609,21.609,100,0
2016-11-17,17:30:00,21.875,21.92,21.875,21.907,2006,0
2016-11-17,17:50:00,21.907,21.907,21.907,21.907,4020,0
2016-11-17,18:10:00,22.007,22.007,21.858,21.957,301,0
2016-11-17,19:10:00,22.057,22.057,22.057,22.057,100,0
2016-11-17,19:20:00,21.907,21.957,21.907,21.907,3113,0
2016-11-17,19:45:00,21.907,21.957,21.907,21.907,1004,0
2016-11-17,20:10:00,21.907,21.907,21.907,21.907,1533,0
2016-11-17,20:30:00,21.696,21.696,21.658,21.658,603,0
2016-11-17,21:10:00,21.907,21.907,21.907,21.907,100,0
2016-11-17,21:35:00,21.907,21.907,21.907,21.907,100,0
2016-11-17,21:40:00,21.907,21.907,21.907,21.907,100,0
2016-11-17,21:45:00,21.907,21.907,21.907,21.907,100,0
2016-11-17,21:50:00,21.858,21.907,21.858,21.907,3778,0
2016-11-17,21:55:00,21.708,21.708,21.708,21.708,100,0
2016-11-17,22:00:00,21.658,21.658,21.658,21.658,265,0
2016-11-18,15:35:00,21.758,21.758,21.758,21.758,202,0
2016-11-18,15:40:00,21.31,21.31,21.061,21.061,201,0
2016-11-18,15:55:00,21.16,21.16,21.16,21.16,100,0
2016-11-18,16:00:00,23.202,23.202,21.708,21.708,201,0
2016-11-18,16:35:00,21.36,21.36,21.36,21.36,301,0
2016-11-18,21:10:00,21.409,21.409,21.409,21.409,100,0
2016-11-18,21:50:00,21.708,21.708,21.708,21.708,100,0
2016-11-18,22:00:00,21.459,21.808,21.459,21.808,1271,0
2016-11-21,22:00:00,21.609,21.609,21.609,21.609,233,0
2016-11-22,18:00:00,19.468,21.26,19.268,20.912,603,0
2016-11-22,18:50:00,20.364,20.663,19.069,20.638,1878,0
2016-11-22,18:55:00,20.862,21.111,20.712,20.961,1105,0
2016-11-22,19:00:00,20.563,21.26,20.563,20.912,1205,0
2016-11-22,19:05:00,21.21,21.31,20.961,21.26,1305,0
2016-11-22,19:55:00,21.111,21.559,20.986,21.409,1406,0
2016-11-22,20:00:00,21.459,21.459,21.459,21.459,100,0
2016-11-22,20:05:00,21.409,21.409,21.409,21.409,100,0
2016-11-22,20:30:00,21.21,21.409,21.21,21.409,402,0
2016-11-22,20:35:00,21.559,21.559,21.559,21.559,100,0
2016-11-22,21:55:00,21.907,21.907,21.907,21.907,100,0
2016-11-22,22:00:00,21.907,21.907,21.808,21.808,472,0
2016-11-23,16:10:00,21.111,21.111,21.111,21.111,100,0
2016-11-23,16:30:00,20.463,20.463,20.196,20.196,1305,0
2016-11-23,16:35:00,20.762,20.912,20.762,20.912,803,0
2016-11-23,16:40:00,21.011,21.26,21.011,21.111,890,0
2016-11-23,17:00:00,21.509,21.509,21.509,21.509,100,0
2016-11-23,17:05:00,21.758,21.907,21.758,21.907,603,0
2016-11-23,17:10:00,21.833,21.833,21.758,21.758,502,0
2016-11-23,17:20:00,21.758,21.758,21.658,21.658,402,0
2016-11-23,17:25:00,21.758,21.758,21.758,21.758,201,0
2016-11-23,17:30:00,21.609,21.658,21.609,21.658,201,0
2016-11-23,18:25:00,21.21,21.21,21.21,21.21,1506,0
2016-11-23,20:05:00,21.858,21.858,21.858,21.858,100,0
2016-11-23,21:00:00,21.21,21.21,20.961,20.961,201,0
2016-11-23,21:15:00,21.459,21.459,20.961,20.961,324,0
2016-11-23,21:20:00,21.26,21.26,21.26,21.26,201,0
2016-11-23,21:25:00,21.26,21.26,21.26,21.26,201,0
2016-11-23,22:00:00,21.459,21.459,21.21,21.21,1390,0
2016-11-25,16:30:00,21.858,21.858,21.858,21.858,100,0
2016-11-25,17:15:00,21.066,21.066,21.066,21.066,201,0
2016-11-25,19:05:00,21.609,21.609,21.609,21.609,222,0
2016-11-28,15:35:00,21.609,21.609,21.609,21.609,163,0
2016-11-28,16:25:00,21.21,21.21,21.21,21.21,100,0
2016-11-28,18:00:00,21.263,21.263,21.263,21.263,100,0
2016-11-28,19:10:00,21.459,21.459,21.459,21.459,100,0
2016-11-28,19:35:00,21.409,21.409,21.409,21.409,100,0
2016-11-28,21:10:00,21.36,21.36,21.36,21.36,100,0
2016-11-28,21:30:00,21.409,21.409,21.409,21.409,100,0
2016-11-28,21:40:00,21.409,21.409,21.409,21.409,100,0
2016-11-28,21:50:00,21.609,21.609,21.609,21.609,201,0
2016-11-28,22:00:00,21.658,21.708,21.658,21.708,380,0
2016-11-29,15:35:00,21.858,21.858,21.858,21.858,203,0
2016-11-29,16:30:00,21.297,21.297,21.297,21.297,201,0
2016-11-29,19:15:00,21.907,21.907,21.907,21.907,363,0
2016-11-29,19:20:00,21.621,21.907,21.621,21.907,402,0
2016-11-29,22:00:00,21.808,21.907,21.808,21.907,202,0
2016-11-30,15:35:00,21.907,21.907,21.907,21.907,376,0
2016-11-30,16:05:00,21.907,21.907,21.907,21.907,100,0
2016-11-30,16:15:00,21.858,21.858,21.858,21.858,100,0
2016-11-30,17:10:00,21.907,21.907,21.907,21.907,201,0
2016-11-30,18:10:00,21.907,21.907,21.907,21.907,100,0
2016-11-30,19:00:00,21.907,21.907,21.907,21.907,100,0
2016-11-30,20:15:00,21.907,21.907,21.907,21.907,201,0
2016-11-30,20:55:00,21.907,21.907,21.907,21.907,201,0
2016-11-30,21:15:00,21.907,21.907,21.907,21.907,100,0
2016-11-30,21:35:00,21.907,21.907,21.907,21.907,201,0
2016-11-30,21:45:00,21.907,21.907,21.907,21.907,502,0
2016-11-30,21:50:00,21.907,21.907,21.907,21.907,402,0
2016-11-30,21:55:00,21.907,21.907,21.907,21.907,402,0
2016-11-30,22:00:00,21.907,21.907,21.658,21.658,1289,0
2016-12-01,15:45:00,21.907,21.907,21.907,21.907,100,0
2016-12-01,16:00:00,21.907,21.907,21.907,21.907,100,0
2016-12-01,16:05:00,21.902,21.902,21.902,21.902,170,0
2016-12-01,16:45:00,21.16,21.16,21.16,21.16,468,0
2016-12-01,22:00:00,21.858,21.858,21.559,21.559,470,0
2016-12-02,15:35:00,21.609,21.609,21.609,21.609,163,0
2016-12-02,20:10:00,21.559,21.559,21.559,21.559,100,0
2016-12-02,21:35:00,21.36,21.36,21.31,21.31,703,0
2016-12-02,21:40:00,21.459,21.459,21.31,21.409,301,0
2016-12-02,22:00:00,21.409,21.409,21.409,21.409,232,0
2016-12-05,19:00:00,21.16,21.16,21.16,21.16,100,0
2016-12-05,19:35:00,21.111,21.111,21.111,21.111,100,0
2016-12-05,20:25:00,21.26,21.26,21.26,21.26,201,0
2016-12-05,20:55:00,20.961,21.16,20.912,20.912,1808,0
2016-12-05,21:20:00,21.111,21.111,21.111,21.111,201,0
2016-12-05,21:25:00,20.912,20.912,20.912,20.912,100,0
2016-12-05,21:45:00,20.812,20.862,20.812,20.812,301,0
2016-12-05,21:55:00,20.862,20.862,20.862,20.862,100,0
2016-12-05,22:00:00,20.862,20.862,20.862,20.862,838,0
2016-12-06,15:35:00,20.862,20.862,20.862,20.862,407,0
2016-12-06,22:00:00,20.812,21.111,20.613,20.613,1118,0
2016-12-07,16:10:00,20.812,20.812,20.812,20.812,753,0
2016-12-07,17:35:00,20.414,20.513,20.364,20.513,1155,0
2016-12-07,17:40:00,20.912,20.912,20.712,20.912,1416,0
2016-12-07,17:45:00,20.862,20.862,20.862,20.862,100,0
2016-12-07,17:55:00,20.413,20.663,20.413,20.563,753,0
2016-12-07,18:00:00,20.912,20.912,20.912,20.912,100,0
2016-12-07,18:05:00,20.762,20.762,20.762,20.762,201,0
2016-12-07,18:10:00,20.912,20.912,20.812,20.812,301,0
2016-12-07,18:20:00,20.912,20.912,20.912,20.912,100,0
2016-12-07,18:25:00,20.862,20.862,20.712,20.712,703,0
2016-12-07,18:30:00,21.011,21.011,20.812,20.812,351,0
2016-12-07,19:00:00,20.986,20.986,20.986,20.986,100,0
2016-12-07,19:05:00,20.912,20.912,20.912,20.912,100,0
2016-12-07,20:20:00,20.912,20.912,20.912,20.912,201,0
2016-12-07,20:25:00,20.986,20.986,20.986,20.986,100,0
2016-12-07,20:55:00,20.961,20.961,20.961,20.961,100,0
2016-12-07,21:10:00,20.961,20.961,20.961,20.961,100,0
2016-12-07,21:30:00,20.663,20.663,20.663,20.663,100,0
2016-12-07,21:40:00,21.111,21.111,21.111,21.111,100,0
2016-12-07,22:00:00,21.111,21.111,20.862,20.862,613,0
2016-12-08,16:45:00,20.563,20.912,20.563,20.912,703,0
2016-12-08,16:50:00,20.961,21.011,20.912,20.936,1305,0
2016-12-08,17:05:00,20.862,20.862,20.862,20.862,1116,0
2016-12-08,17:10:00,20.912,20.912,20.912,20.912,402,0
2016-12-08,17:15:00,20.355,20.355,20.355,20.355,301,0
2016-12-08,18:00:00,20.364,20.364,20.364,20.364,121,0
2016-12-08,19:00:00,20.582,20.712,20.582,20.712,904,0
2016-12-08,19:25:00,20.712,20.712,20.513,20.513,533,0
2016-12-08,20:00:00,20.613,20.699,20.613,20.699,2008,0
2016-12-08,20:25:00,20.912,20.912,20.912,20.912,100,0
2016-12-08,20:30:00,20.936,20.936,20.936,20.936,100,0
2016-12-08,21:10:00,21.011,21.011,21.011,21.011,100,0
2016-12-08,21:25:00,20.812,20.812,20.613,20.613,904,0
2016-12-08,21:40:00,20.712,20.712,20.712,20.712,100,0
2016-12-08,22:00:00,20.712,20.712,20.513,20.513,975,0
2016-12-09,15:35:00,20.513,21.036,20.513,21.036,201,0
2016-12-09,18:00:00,20.912,20.912,20.812,20.812,201,0
2016-12-09,19:30:00,20.609,20.613,20.563,20.563,2290,0
2016-12-09,19:50:00,20.568,20.568,20.568,20.568,100,0
2016-12-09,21:10:00,20.912,20.912,20.912,20.912,100,0
2016-12-09,21:35:00,20.912,20.912,20.912,20.912,100,0
2016-12-09,21:45:00,20.862,20.912,20.862,20.862,1820,0
2016-12-09,21:50:00,20.912,20.912,20.912,20.912,100,0
2016-12-09,22:00:00,21.36,21.36,20.812,20.812,779,0
2016-12-12,15:35:00,20.862,20.862,20.862,20.862,118,0
2016-12-12,15:50:00,21.84,21.84,21.84,21.84,201,0
2016-12-12,16:00:00,20.912,20.912,20.912,20.912,107,0
2016-12-12,16:15:00,20.961,21.26,20.912,21.26,1309,0
2016-12-12,17:00:00,20.912,20.912,20.912,20.912,100,0
2016-12-12,17:10:00,20.961,20.961,20.912,20.912,626,0
2016-12-12,22:00:00,20.762,20.762,20.762,20.762,359,0
2016-12-13,15:45:00,20.812,20.862,20.812,20.812,620,0
2016-12-13,15:55:00,20.812,20.812,20.812,20.812,925,0
2016-12-13,16:10:00,21.492,21.492,21.492,21.492,201,0
2016-12-13,16:15:00,20.812,20.812,20.812,20.812,100,0
2016-12-13,16:35:00,20.812,21.803,20.812,21.664,502,0
2016-12-13,17:45:00,20.663,20.663,20.663,20.663,100,0
2016-12-13,19:45:00,20.762,20.762,20.762,20.762,100,0
2016-12-13,21:45:00,20.663,20.762,20.663,20.762,1224,0
2016-12-13,21:55:00,20.613,20.613,20.604,20.604,301,0
2016-12-13,22:00:00,20.613,20.613,20.613,20.613,120,0
2016-12-14,16:10:00,20.972,21.011,20.972,21.011,964,0
2016-12-14,16:20:00,21.011,21.011,21.011,21.011,727,0
2016-12-14,16:30:00,20.912,20.912,20.912,20.912,100,0
2016-12-14,17:05:00,20.961,21.011,20.961,21.011,201,0
2016-12-14,18:20:00,21.011,21.011,21.011,21.011,201,0
2016-12-14,20:25:00,20.912,20.912,20.712,20.912,502,0
2016-12-14,21:15:00,20.912,20.912,20.912,20.912,201,0
2016-12-14,21:25:00,20.912,20.912,20.912,20.912,100,0
2016-12-14,21:35:00,20.762,20.912,20.762,20.912,201,0
2016-12-14,21:40:00,20.912,20.912,20.912,20.912,1105,0
2016-12-14,21:45:00,20.912,20.912,20.912,20.912,100,0
2016-12-14,21:55:00,20.912,20.912,20.912,20.912,100,0
2016-12-14,22:00:00,20.663,20.663,20.663,20.663,336,0
2016-12-15,15:55:00,21.808,21.808,20.862,20.862,201,0
2016-12-15,16:15:00,20.912,20.912,20.912,20.912,100,0
2016-12-15,17:35:00,20.912,20.912,20.912,20.912,201,0
2016-12-15,18:45:00,20.912,21.31,20.762,20.762,6867,0
2016-12-15,18:50:00,20.912,20.961,20.712,20.712,1406,0
2016-12-15,18:55:00,20.812,20.862,20.712,20.862,402,0
2016-12-15,19:00:00,20.862,20.862,20.712,20.712,502,0
2016-12-15,19:05:00,20.812,21.111,20.812,20.862,959,0
2016-12-15,19:10:00,21.136,21.136,20.862,20.862,402,0
2016-12-15,21:15:00,20.912,20.912,20.912,20.912,100,0
2016-12-15,21:30:00,20.912,20.912,20.912,20.912,100,0
2016-12-15,21:45:00,20.912,20.912,20.912,20.912,100,0
2016-12-15,21:55:00,20.912,20.912,20.912,20.912,100,0
2016-12-15,22:00:00,20.513,20.513,20.513,20.513,1237,0
2016-12-16,15:35:00,20.712,20.712,20.712,20.712,7167,0
2016-12-16,16:00:00,20.912,20.912,20.912,20.912,100,0
2016-12-16,17:25:00,20.76,20.76,20.76,20.76,251,0
2016-12-16,17:45:00,20.912,20.912,20.912,20.912,100,0
2016-12-16,21:45:00,20.912,20.912,20.912,20.912,100,0
2016-12-16,21:50:00,20.912,20.912,20.912,20.912,402,0
2016-12-16,21:55:00,20.912,20.912,20.912,20.912,301,0
2016-12-16,22:00:00,20.912,20.912,20.912,20.912,3386,0
2016-12-19,15:35:00,20.912,20.912,20.912,20.912,650,0
2016-12-19,17:00:00,21.907,21.907,21.858,21.907,803,0
2016-12-19,17:40:00,21.875,21.875,21.875,21.875,100,0
2016-12-19,17:45:00,21.708,21.708,21.708,21.708,100,0
2016-12-19,19:30:00,21.907,21.907,21.808,21.907,803,0
2016-12-19,19:40:00,21.907,21.907,21.907,21.907,100,0
2016-12-19,19:50:00,21.907,21.907,21.777,21.777,201,0
2016-12-19,20:00:00,21.907,21.907,21.907,21.907,100,0
2016-12-19,20:40:00,21.858,21.858,21.858,21.858,100,0
2016-12-19,21:00:00,21.907,21.907,21.907,21.907,402,0
2016-12-19,21:25:00,21.907,21.907,21.907,21.907,399,0
2016-12-19,21:30:00,21.758,21.758,21.609,21.609,603,0
2016-12-19,21:35:00,21.609,21.609,21.609,21.609,703,0
2016-12-19,21:40:00,21.733,21.733,21.609,21.609,301,0
2016-12-19,21:50:00,21.16,21.21,21.16,21.16,1808,0
2016-12-19,21:55:00,21.21,21.459,21.16,21.16,1008,0
2016-12-19,22:00:00,21.16,21.36,20.912,21.36,968,0
2016-12-20,15:35:00,21.409,21.409,21.409,21.409,309,0
2016-12-20,17:05:00,21.365,21.459,21.365,21.459,904,0
2016-12-20,17:25:00,21.409,21.409,21.409,21.409,100,0
2016-12-20,18:45:00,21.409,21.459,21.36,21.36,502,0
2016-12-20,18:50:00,21.36,21.36,21.36,21.36,100,0
2016-12-20,19:35:00,21.36,21.409,21.36,21.409,402,0
2016-12-20,19:50:00,21.409,21.409,21.409,21.409,603,0
2016-12-20,20:50:00,21.409,21.409,21.409,21.409,402,0
2016-12-20,21:05:00,21.409,21.409,21.409,21.409,100,0
2016-12-20,21:10:00,21.409,21.409,21.409,21.409,100,0
2016-12-20,21:20:00,21.409,21.409,21.409,21.409,402,0
2016-12-20,21:35:00,21.409,21.409,21.409,21.409,369,0
2016-12-20,21:45:00,21.409,21.409,21.36,21.36,1506,0
2016-12-20,21:50:00,21.409,21.409,21.409,21.409,1305,0
2016-12-20,21:55:00,21.409,21.409,21.36,21.385,603,0
2016-12-20,22:00:00,21.409,21.409,21.409,21.409,801,0
2016-12-21,16:10:00,21.409,21.409,21.409,21.409,885,0
2016-12-21,17:10:00,21.409,21.409,21.409,21.409,309,0
2016-12-21,17:30:00,21.409,21.409,21.409,21.409,500,0
2016-12-21,18:30:00,21.409,21.409,21.409,21.409,100,0
2016-12-21,18:35:00,21.409,21.409,21.409,21.409,415,0
2016-12-21,18:40:00,21.409,21.409,21.409,21.409,201,0
2016-12-21,20:00:00,21.409,21.409,21.409,21.409,899,0
2016-12-21,20:05:00,21.409,21.409,21.409,21.409,201,0
2016-12-21,20:10:00,21.21,21.21,21.21,21.21,142,0
2016-12-21,20:50:00,21.409,21.409,21.409,21.409,402,0
2016-12-21,20:55:00,21.409,21.409,21.409,21.409,100,0
2016-12-21,21:25:00,21.409,21.409,21.409,21.409,403,0
2016-12-21,21:45:00,21.658,21.658,21.658,21.658,100,0
2016-12-21,21:50:00,21.409,21.409,21.409,21.409,402,0
2016-12-21,21:55:00,21.658,21.658,21.658,21.658,100,0
2016-12-21,22:00:00,21.409,21.409,21.36,21.36,744,0
2016-12-22,20:15:00,21.409,21.409,21.409,21.409,402,0
2016-12-22,20:40:00,21.409,21.409,21.409,21.409,402,0
2016-12-22,20:50:00,21.409,21.409,21.409,21.409,100,0
2016-12-22,21:00:00,21.409,21.409,21.409,21.409,402,0
2016-12-22,21:15:00,21.409,21.409,21.409,21.409,440,0
2016-12-22,21:25:00,21.409,21.409,21.409,21.409,402,0
2016-12-22,21:35:00,21.409,21.409,21.409,21.409,402,0
2016-12-22,21:45:00,21.409,21.409,21.409,21.409,402,0
2016-12-22,21:55:00,21.409,21.409,21.409,21.409,595,0
2016-12-22,22:00:00,21.409,21.409,21.409,21.409,402,0
2016-12-23,16:20:00,21.409,21.409,21.409,21.409,502,0
2016-12-23,18:10:00,21.409,21.658,21.409,21.409,951,0
2016-12-23,18:25:00,21.409,21.409,21.409,21.409,100,0
2016-12-23,19:50:00,21.177,21.409,21.177,21.409,502,0
2016-12-23,19:55:00,21.409,21.409,21.409,21.409,402,0
2016-12-23,20:55:00,21.409,21.409,21.409,21.409,301,0
2016-12-23,21:10:00,21.409,21.409,21.409,21.409,100,0
2016-12-23,21:20:00,21.409,21.409,21.409,21.409,402,0
2016-12-23,21:40:00,21.409,21.409,21.409,21.409,301,0
2016-12-23,21:45:00,21.409,21.409,21.409,21.409,100,0
2016-12-23,21:55:00,21.658,21.658,21.658,21.658,201,0
2016-12-23,22:00:00,21.658,21.658,21.509,21.509,859,0
2016-12-27,17:05:00,21.509,21.559,21.509,21.559,703,0
2016-12-27,17:10:00,21.559,21.559,21.559,21.559,100,0
2016-12-27,17:50:00,21.559,21.559,21.559,21.559,402,0
2016-12-27,17:55:00,21.559,21.559,21.509,21.509,3370,0
2016-12-27,18:00:00,21.425,21.425,21.425,21.425,1004,0
2016-12-27,18:20:00,21.409,21.609,21.409,21.409,428,0
2016-12-27,18:25:00,21.609,21.609,21.609,21.609,100,0
2016-12-27,18:45:00,21.509,21.509,21.509,21.509,402,0
2016-12-27,18:55:00,21.559,21.559,21.559,21.559,100,0
2016-12-27,20:45:00,21.534,21.534,21.534,21.534,100,0
2016-12-27,20:55:00,21.559,21.559,21.559,21.559,100,0
2016-12-27,21:10:00,21.534,21.534,21.509,21.509,502,0
2016-12-27,21:20:00,21.509,21.509,21.509,21.509,201,0
2016-12-27,21:35:00,21.509,21.509,21.509,21.509,402,0
2016-12-27,21:50:00,21.509,21.509,21.509,21.509,100,0
2016-12-27,21:55:00,21.559,21.559,21.459,21.459,803,0
2016-12-27,22:00:00,21.459,21.658,21.36,21.459,2678,0
2016-12-28,16:15:00,20.862,21.459,19.02,19.02,1408,0
2016-12-28,17:50:00,21.011,21.011,21.011,21.011,100,0
2016-12-28,17:55:00,21.459,21.459,21.21,21.21,603,0
2016-12-28,18:15:00,21.061,21.061,21.061,21.061,282,0
2016-12-28,18:50:00,21.26,21.26,21.21,21.26,502,0
2016-12-28,20:35:00,21.658,21.658,21.658,21.658,402,0
2016-12-28,21:05:00,21.658,21.658,21.658,21.658,402,0
2016-12-28,21:25:00,21.658,21.658,21.658,21.658,402,0
2016-12-28,21:40:00,21.658,21.658,21.658,21.658,603,0
2016-12-28,21:45:00,21.658,21.658,21.658,21.658,100,0
2016-12-28,21:50:00,21.658,21.658,21.658,21.658,201,0
2016-12-28,21:55:00,21.658,21.658,21.658,21.658,402,0
2016-12-28,22:00:00,21.658,21.907,21.658,21.858,2290,0
2016-12-29,15:35:00,21.708,21.708,21.708,21.708,100,0
2016-12-29,15:55:00,19.815,19.815,19.815,19.815,201,0
2016-12-29,16:35:00,23.301,23.301,21.907,21.907,778,0
2016-12-29,16:45:00,21.858,21.858,21.858,21.858,100,0
2016-12-29,16:55:00,21.858,21.858,21.858,21.858,100,0
2016-12-29,17:10:00,21.907,21.907,21.907,21.907,402,0
2016-12-29,17:15:00,21.907,21.907,21.907,21.907,201,0
2016-12-29,17:20:00,21.907,21.907,21.907,21.907,100,0
2016-12-29,17:55:00,21.907,21.907,21.907,21.907,502,0
2016-12-29,18:15:00,21.858,21.858,21.858,21.858,100,0
2016-12-29,18:20:00,21.907,21.907,21.907,21.907,402,0
2016-12-29,18:25:00,21.907,21.907,21.907,21.907,100,0
2016-12-29,18:45:00,21.907,21.907,21.907,21.907,201,0
2016-12-29,18:55:00,21.907,22.365,21.907,21.907,1105,0
2016-12-29,19:40:00,21.877,21.877,21.877,21.877,100,0
2016-12-29,20:35:00,21.907,21.907,21.907,21.907,402,0
2016-12-29,21:05:00,21.907,21.907,21.907,21.907,703,0
2016-12-29,21:20:00,21.907,22.206,21.907,22.206,703,0
2016-12-29,21:25:00,22.505,22.555,22.505,22.555,301,0
2016-12-29,21:40:00,22.505,22.555,22.505,22.555,201,0
2016-12-29,21:45:00,22.555,22.555,22.555,22.555,152,0
2016-12-29,21:50:00,22.555,22.555,22.555,22.555,301,0
2016-12-29,21:55:00,22.555,22.555,22.555,22.555,100,0
2016-12-29,22:00:00,22.555,22.555,22.555,22.555,502,0
2016-12-30,17:45:00,22.6,22.6,22.6,22.6,452,0
2016-12-30,22:00:00,22.804,22.804,22.754,22.754,213,0
2017-01-03,18:35:00,23.406,23.406,23.406,23.406,1591,0
2017-01-03,20:05:00,23.202,23.202,23.202,23.202,100,0
2017-01-03,21:20:00,23.894,23.899,23.894,23.899,904,0
2017-01-03,21:30:00,23.6,23.6,23.6,23.6,201,0
2017-01-03,21:35:00,23.65,23.65,23.65,23.65,100,0
2017-01-03,21:55:00,23.65,23.65,23.65,23.65,100,0
2017-01-03,22:00:00,23.65,23.65,23.451,23.451,432,0
2017-01-04,15:35:00,23.152,23.152,23.152,23.152,561,0
2017-01-04,16:30:00,23.152,23.152,23.152,23.152,100,0
2017-01-04,16:35:00,23.052,23.052,23.052,23.052,100,0
2017-01-04,19:30:00,22.903,22.903,22.903,22.903,138,0
2017-01-04,20:00:00,22.984,22.984,22.984,22.984,452,0
2017-01-04,20:15:00,22.754,22.754,22.754,22.754,301,0
2017-01-04,20:25:00,22.754,22.754,22.754,22.754,201,0
2017-01-04,20:30:00,22.804,22.804,22.804,22.804,100,0
2017-01-04,20:35:00,22.788,22.788,22.754,22.754,452,0
2017-01-04,21:00:00,22.777,22.777,22.777,22.777,803,0
2017-01-04,21:30:00,22.953,23.102,22.903,22.903,804,0
2017-01-04,22:00:00,22.256,22.853,22.256,22.853,895,0
2017-01-05,20:55:00,23.612,23.612,23.612,23.612,165,0
2017-01-05,22:00:00,23.55,23.65,23.55,23.65,500,0
2017-01-09,15:35:00,23.252,23.252,23.252,23.252,171,0
2017-01-09,20:35:00,23.157,23.157,23.157,23.157,213,0
2017-01-09,22:00:00,23.6,23.6,23.501,23.501,318,0
2017-01-10,15:35:00,23.75,23.75,23.75,23.75,301,0
2017-01-10,18:30:00,23.301,23.301,23.252,23.252,703,0
2017-01-10,21:45:00,23.301,23.301,23.252,23.277,1808,0
2017-01-10,22:00:00,23.501,23.501,23.501,23.501,162,0
2017-01-11,16:30:00,23.202,23.202,23.152,23.152,703,0
2017-01-11,17:35:00,23.152,23.152,22.853,22.853,303,0
2017-01-11,18:25:00,22.604,22.638,22.604,22.638,201,0
2017-01-11,19:35:00,23.003,23.003,23.003,23.003,165,0
2017-01-11,19:55:00,23.003,23.003,23.003,23.003,166,0
2017-01-11,21:45:00,23.003,23.003,23.003,23.003,431,0
2017-01-11,22:00:00,22.978,22.978,22.978,22.978,271,0
2017-01-12,21:00:00,22.654,22.804,22.654,22.754,1205,0
2017-01-12,21:05:00,22.903,22.903,22.903,22.903,201,0
2017-01-12,21:20:00,22.903,22.903,22.704,22.853,896,0
2017-01-12,21:25:00,22.804,22.804,22.804,22.804,268,0
2017-01-12,22:00:00,22.804,22.804,22.604,22.604,576,0
2017-01-17,16:50:00,21.957,21.957,21.907,21.907,1497,0
2017-01-17,19:25:00,22.405,22.405,21.957,21.957,301,0
2017-01-17,20:50:00,22.405,22.405,22.405,22.405,201,0
2017-01-17,21:15:00,22.853,22.903,22.405,22.405,301,0
2017-01-17,21:30:00,22.853,22.903,22.853,22.903,301,0
2017-01-17,21:55:00,22.455,22.455,22.405,22.405,402,0
2017-01-17,22:00:00,22.405,22.405,22.405,22.405,904,0
2017-01-18,22:00:00,22.654,22.654,22.654,22.654,129,0
2017-01-19,15:50:00,22.206,22.206,22.206,22.206,402,0
2017-01-19,16:00:00,22.355,22.355,22.355,22.355,100,0
2017-01-19,16:20:00,22.106,22.106,22.106,22.106,501,0
2017-01-19,18:20:00,21.907,21.907,21.509,21.509,1851,0
2017-01-19,18:30:00,21.509,21.574,21.509,21.509,402,0
2017-01-19,18:45:00,21.409,21.409,21.409,21.409,100,0
2017-01-19,22:00:00,21.858,21.858,21.111,21.111,539,0
2017-01-20,15:35:00,21.011,21.011,21.011,21.011,505,0
2017-01-20,20:30:00,20.712,20.712,20.712,20.712,100,0
2017-01-20,21:05:00,20.538,20.538,20.538,20.538,353,0
2017-01-20,22:00:00,20.513,20.513,20.414,20.414,838,0
2017-01-23,15:35:00,20.463,20.463,20.463,20.463,225,0
2017-01-23,22:00:00,20.414,20.414,20.414,20.414,452,0
2017-01-24,17:25:00,21.22,21.22,21.22,21.22,151,0
2017-01-24,17:50:00,21.235,21.235,21.235,21.235,100,0
2017-01-24,17:55:00,21.061,21.061,20.812,20.812,402,0
2017-01-24,22:00:00,21.509,21.509,21.509,21.509,535,0
2017-01-25,20:20:00,20.613,20.613,20.563,20.563,201,0
2017-01-25,22:00:00,21.16,21.16,21.16,21.16,287,0
2017-01-26,16:40:00,20.508,20.508,20.508,20.508,201,0
2017-01-26,21:40:00,21.26,21.26,21.26,21.26,100,0
2017-01-26,22:00:00,21.011,21.011,21.011,21.011,122,0
2017-01-27,21:10:00,20.812,20.812,20.812,20.812,111,0
2017-01-27,22:00:00,20.812,20.812,20.812,20.812,346,0
2017-01-30,17:15:00,20.414,20.444,20.414,20.444,542,0
2017-01-30,17:50:00,20.414,20.466,20.414,20.466,675,0
2017-01-30,22:00:00,20.513,20.513,20.513,20.513,427,0
2017-01-31,17:20:00,20.523,20.523,20.523,20.523,201,0
2017-01-31,17:40:00,21.907,21.907,21.907,21.907,100,0
2017-01-31,18:30:00,21.858,21.902,21.858,21.902,2209,0
2017-01-31,22:00:00,21.697,21.907,21.697,21.907,690,0
2017-02-01,15:35:00,21.858,21.858,21.858,21.858,100,0
2017-02-01,15:45:00,22.106,22.106,22.106,22.106,201,0
2017-02-01,17:00:00,21.907,21.907,21.907,21.907,100,0
2017-02-01,20:05:00,22.106,22.106,22.106,22.106,340,0
2017-02-01,22:00:00,22.007,22.007,22.007,22.007,194,0
2017-02-02,16:00:00,22.156,22.156,22.156,22.156,580,0
2017-02-03,16:55:00,22.484,22.484,22.484,22.484,126,0
2017-02-03,17:45:00,22.853,22.903,22.754,22.903,557,0
2017-02-03,17:55:00,22.903,22.903,22.903,22.903,131,0
2017-02-03,18:20:00,22.903,22.903,22.903,22.903,151,0
2017-02-03,19:15:00,22.903,22.903,22.903,22.903,201,0
2017-02-03,20:15:00,22.903,22.903,22.903,22.903,100,0
2017-02-03,22:00:00,22.853,22.853,22.853,22.853,351,0
2017-02-06,16:15:00,22.903,22.903,22.903,22.903,100,0
2017-02-06,19:50:00,22.903,22.903,22.903,22.903,251,0
2017-02-06,21:40:00,22.853,22.853,22.853,22.853,100,0
2017-02-07,15:35:00,22.903,22.903,22.903,22.903,105,0
2017-02-07,15:50:00,22.898,22.898,22.898,22.898,251,0
2017-02-07,16:00:00,22.455,22.455,22.455,22.455,100,0
2017-02-07,16:20:00,22.831,22.831,22.831,22.831,594,0
2017-02-07,16:30:00,22.848,22.848,22.848,22.848,1004,0
2017-02-07,16:35:00,22.869,22.869,22.869,22.869,100,0
2017-02-07,17:45:00,22.654,22.654,22.355,22.355,898,0
2017-02-07,19:40:00,22.019,22.019,22.019,22.019,502,0
2017-02-07,20:05:00,22.555,22.654,22.555,22.654,449,0
2017-02-07,22:00:00,22.704,22.704,22.704,22.704,255,0
2017-02-08,22:00:00,22.405,22.405,22.405,22.405,349,0
2017-02-09,19:30:00,22.405,22.405,22.405,22.405,100,0
2017-02-09,21:50:00,22.206,22.206,22.206,22.206,201,0
2017-02-09,22:00:00,22.405,22.405,22.405,22.405,411,0
2017-02-10,20:55:00,22.38,22.405,22.057,22.057,803,0
2017-02-10,21:35:00,22.256,22.256,22.106,22.106,502,0
2017-02-10,22:00:00,22.405,22.455,22.106,22.455,790,0
2017-02-13,19:20:00,22.6497,22.6497,22.6497,22.6497,200,0
2017-02-13,21:25:00,22.708,22.85,22.708,22.85,232,0
2017-02-13,21:50:00,22.475,22.475,22.45,22.45,358,0
2017-02-13,22:00:00,22.8,22.8,22.8,22.8,457,0
2017-02-14,22:00:00,23,23.4,22.85,22.85,3122,0
2017-02-15,18:05:00,23.65,23.65,23,23.45,8726,0
2017-02-15,18:40:00,23.394,23.394,23.394,23.394,500,0
2017-02-15,19:35:00,23.45,23.45,23.45,23.45,600,0
2017-02-15,20:25:00,23.4,23.55,23.4,23.55,200,0
2017-02-15,21:00:00,23.6,23.6,23.6,23.6,100,0
2017-02-15,21:35:00,23.6,23.6,23.6,23.6,100,0
2017-02-15,21:55:00,23.2,23.45,23.2,23.45,1065,0
2017-02-15,22:00:00,23.5,23.6,23.5,23.6,504,0
2017-02-16,16:15:00,23.75,23.75,23.75,23.75,400,0
2017-02-16,16:20:00,23.351,23.351,23.351,23.351,400,0
2017-02-16,16:25:00,23.579,23.579,23.579,23.579,200,0
2017-02-16,17:25:00,23.75,23.75,23.75,23.75,100,0
2017-02-16,20:35:00,23.7,23.7,23.5,23.5,2288,0
2017-02-16,20:40:00,23.25,23.25,23.25,23.25,500,0
2017-02-16,20:55:00,23.2,23.2,23,23,1100,0
2017-02-16,21:45:00,22.95,22.95,22.95,22.95,100,0
2017-02-16,21:50:00,22.95,22.95,22.95,22.95,100,0
2017-02-16,21:55:00,22.5,22.95,22.5,22.95,300,0
2017-02-16,22:00:00,22.95,22.95,22.5,22.5,528,0
2017-02-17,15:35:00,23.5,23.5,23.5,23.5,577,0
2017-02-17,18:00:00,23.65,23.65,23.65,23.65,100,0
2017-02-17,19:30:00,23.3792,23.6,23.3792,23.6,599,0
2017-02-17,21:10:00,23.284,23.284,22.95,22.95,812,0
2017-02-17,21:55:00,23.45,23.6,23.45,23.6,907,0
2017-02-17,22:00:00,23.35,23.55,23.35,23.55,2138,0
2017-02-21,16:25:00,22.65,22.65,22.65,22.65,707,0
2017-02-21,16:45:00,23.45,23.45,23.45,23.45,100,0
2017-02-21,17:05:00,23.075,23.075,23.075,23.075,100,0
2017-02-21,17:45:00,23,23,23,23,577,0
2017-02-21,19:40:00,22.8,22.8,22.8,22.8,100,0
2017-02-21,22:00:00,22.9,22.9,22.9,22.9,364,0
2017-02-22,19:30:00,22.8,22.8,22.8,22.8,600,0
2017-02-22,21:30:00,22.75,22.75,22.35,22.35,1500,0
2017-02-22,21:55:00,22.75,22.75,22.75,22.75,100,0
2017-02-22,22:00:00,22.65,22.65,22.65,22.65,204,0
2017-02-23,16:30:00,22.3,22.3,22.25,22.25,500,0
2017-02-23,17:35:00,23.0727,23.0727,23.0727,23.0727,247,0
2017-02-23,19:35:00,23,23,23,23,100,0
2017-02-23,21:25:00,22.5,22.5,22.5,22.5,400,0
2017-02-23,21:50:00,22.5,22.5,22.5,22.5,3182,0
2017-02-23,21:55:00,22.45,22.45,22.45,22.45,300,0
2017-02-23,22:00:00,22.45,22.45,22.45,22.45,100,0
2017-02-24,20:15:00,22.4665,22.4665,22.45,22.45,500,0
2017-02-24,21:45:00,22.3,22.3,22.3,22.3,539,0
2017-02-24,22:00:00,22.55,22.55,22.3,22.3,360,0
2017-02-27,15:50:00,21.975,22,21.975,22,1470,0
2017-02-27,16:10:00,22,22,22,22,100,0
2017-02-27,16:55:00,22,22,21.95,22,1440,0
2017-02-27,17:55:00,22,22,22,22,100,0
2017-02-27,18:20:00,21.53,21.53,21.53,21.53,176,0
2017-02-27,20:30:00,21.5573,21.5573,21.5573,21.5573,100,0
2017-02-27,21:05:00,22,22,22,22,100,0
2017-02-27,21:15:00,22,22,22,22,614,0
2017-02-27,21:20:00,22,22,22,22,435,0
2017-02-27,21:25:00,22,22,22,22,100,0
2017-02-27,21:30:00,22,22,21.65,21.65,1086,0
2017-02-27,22:00:00,22,22,21.9,21.9,631,0
2017-02-28,15:35:00,22.1,22.1,22.1,22.1,377,0
2017-02-28,16:35:00,22.6,22.6,22.6,22.6,200,0
2017-02-28,17:10:00,21.75,22.5,21.75,22.5,200,0
2017-02-28,17:15:00,21.85,21.85,21.85,21.85,100,0
2017-02-28,17:20:00,21.95,21.95,21.9,21.9,200,0
2017-02-28,17:25:00,21.75,21.75,21.75,21.75,100,0
2017-02-28,17:30:00,21.8,22.2,21.8,21.85,340,0
2017-02-28,17:35:00,21.8,21.8,21.8,21.8,100,0
2017-02-28,17:40:00,21.75,21.75,21.75,21.75,100,0
2017-02-28,17:45:00,21.75,21.75,21.75,21.75,100,0
2017-02-28,17:55:00,21.75,21.95,21.75,21.8,363,0
2017-02-28,18:00:00,21.75,21.75,21.75,21.75,100,0
2017-02-28,18:15:00,21.75,21.75,21.75,21.75,100,0
2017-02-28,18:55:00,22.1284,22.1284,22.1284,22.1284,100,0
2017-02-28,19:10:00,22.5,22.5,22.5,22.5,100,0
2017-02-28,19:25:00,21.75,21.75,21.75,21.75,100,0
2017-02-28,20:00:00,22.35,22.45,22.35,22.45,200,0
2017-02-28,20:05:00,21.8,21.8,21.8,21.8,200,0
2017-02-28,20:50:00,22.2,22.2,22.2,22.2,100,0
2017-02-28,21:00:00,22.55,22.55,22.55,22.55,100,0
2017-02-28,21:15:00,22.3,22.3,22.3,22.3,100,0
2017-02-28,21:25:00,22.125,22.125,22.125,22.125,100,0
2017-02-28,21:50:00,22.4,22.4,22.4,22.4,100,0
2017-02-28,21:55:00,22.125,22.125,22.125,22.125,100,0
2017-02-28,22:00:00,22.5,22.5,21.8,22.05,1250,0
2017-03-01,15:35:00,22.4,22.4,22.4,22.4,123,0
2017-03-01,16:05:00,22.3288,22.3288,22.3288,22.3288,168,0
2017-03-01,21:45:00,22.3,22.3,22.3,22.3,100,0
2017-03-01,22:00:00,22.25,22.3,22.25,22.3,664,0
2017-03-02,16:15:00,22.1864,22.5,22.1864,22.5,300,0
2017-03-02,16:40:00,22.5,22.5,22.5,22.5,100,0
2017-03-02,18:05:00,22.5,22.5,22.5,22.5,300,0
2017-03-02,20:10:00,22.5,22.5,22.5,22.5,300,0
2017-03-03,21:00:00,21.9007,21.9007,21.8062,21.8078,500,0
2017-03-03,21:50:00,22.5,22.5,22.5,22.5,100,0
2017-03-03,22:00:00,22.4,22.4,22.4,22.4,449,0
2017-03-06,19:00:00,21.6875,22.55,21.6875,22.55,1303,0
2017-03-06,19:35:00,22.6,22.6,22.6,22.6,100,0
2017-03-06,20:50:00,22.15,22.35,22.15,22.35,200,0
2017-03-06,20:55:00,22.45,22.45,22.3,22.3,200,0
2017-03-06,21:35:00,22.325,22.325,22.325,22.325,100,0
2017-03-06,21:55:00,22.3,22.3,21.75,21.75,2552,0
2017-03-06,22:00:00,22.25,22.3,22.2,22.3,698,0
2017-03-07,21:55:00,22.4,22.4,22.4,22.4,100,0
2017-03-07,22:00:00,22.1,22.275,22,22,444,0
2017-03-08,16:30:00,22.55,22.55,22.55,22.55,100,0
2017-03-08,18:10:00,22.575,22.575,22.5,22.5,1100,0
2017-03-08,20:00:00,22.5,22.5,22.25,22.25,1060,0
2017-03-08,21:10:00,22.5,22.5,22.5,22.5,100,0
2017-03-08,21:55:00,22.5,22.5,22.5,22.5,100,0
2017-03-08,22:00:00,22.05,22.25,22.05,22.25,1068,0
2017-03-09,15:35:00,21.8,21.8,21.8,21.8,200,0
2017-03-09,16:05:00,21.65,21.65,21.65,21.65,147,0
2017-03-09,16:10:00,21.875,21.875,21.875,21.875,760,0
2017-03-09,16:55:00,22,22,22,22,100,0
2017-03-09,17:35:00,22.1,22.1,22.1,22.1,100,0
2017-03-09,18:20:00,21.75,21.8588,21.65,21.65,1156,0
2017-03-09,18:50:00,21.9,21.9,21.9,21.9,100,0
2017-03-09,20:50:00,21.9,21.9,21.9,21.9,100,0
2017-03-09,21:05:00,21.845,21.845,21.76,21.76,380,0
2017-03-09,21:10:00,21.8332,21.85,21.7978,21.85,2000,0
2017-03-09,21:15:00,21.7988,21.7988,21.7988,21.7988,200,0
2017-03-09,21:30:00,21.8,21.85,21.8,21.85,1100,0
2017-03-09,21:55:00,21.75,21.75,21.75,21.75,100,0
2017-03-09,22:00:00,21.8,21.85,21.6,21.6,1383,0
2017-03-10,16:30:00,21.75,21.75,21.75,21.75,100,0
2017-03-10,16:50:00,21.85,21.85,21.85,21.85,100,0
2017-03-10,17:30:00,21.85,21.85,21.85,21.85,100,0
2017-03-10,18:25:00,22,22,22,22,100,0
2017-03-10,20:25:00,22,22,22,22,100,0
2017-03-10,20:35:00,21.995,21.995,21.995,21.995,200,0
2017-03-10,21:05:00,22,22,22,22,100,0
2017-03-10,21:35:00,22,22,22,22,100,0
2017-03-10,21:50:00,22,22,22,22,100,0
2017-03-10,21:55:00,22,22,22,22,100,0
2017-03-10,22:00:00,22,22,21.75,21.75,1503,0
2017-03-13,15:05:00,22.7,22.7,22.7,22.7,100,0
2017-03-13,15:10:00,22.9,22.9,22.9,22.9,100,0
2017-03-13,15:20:00,22.1,22.1,22.1,22.1,100,0
2017-03-13,16:00:00,22.375,22.375,22.375,22.375,100,0
2017-03-13,16:10:00,22.35,22.35,22.35,22.35,100,0
2017-03-13,16:15:00,22.35,22.35,22.35,22.35,100,0
2017-03-13,16:45:00,22.3,22.3,22.3,22.3,100,0
2017-03-13,17:20:00,22.225,22.225,22.225,22.225,100,0
2017-03-13,17:55:00,22.15,22.15,22.15,22.15,100,0
2017-03-13,18:15:00,22,22,22,22,100,0
2017-03-13,18:30:00,22.15,22.15,22.15,22.15,100,0
2017-03-13,18:35:00,22.1,22.1,22,22,302,0
2017-03-13,19:00:00,22.05,22.05,22.05,22.05,100,0
2017-03-13,19:20:00,22,22,22,22,292,0
2017-03-13,19:25:00,22.1,22.1,22.1,22.1,100,0
2017-03-13,19:50:00,22.1,22.1,22.1,22.1,100,0
2017-03-13,20:00:00,22,22,22,22,200,0
2017-03-13,20:05:00,22.1,22.1,22.1,22.1,100,0
2017-03-13,20:35:00,22.1,22.1,22.1,22.1,100,0
2017-03-13,20:50:00,22.1,22.1,22.1,22.1,100,0
2017-03-13,20:55:00,22,22,22,22,500,0
2017-03-13,21:00:00,21.95,22.2,21.95,22.1,1151,0
2017-03-14,17:45:00,22.35,22.35,22.35,22.35,100,0
2017-03-14,19:15:00,22.1,22.1,22.1,22.1,100,0
2017-03-14,19:25:00,21.95,21.95,21.9,21.9,200,0
2017-03-14,19:40:00,21.95,21.95,21.9352,21.9395,700,0
2017-03-14,21:00:00,22.35,22.4,22.35,22.4,200,0
2017-03-15,19:20:00,22.15,22.35,22.15,22.35,200,0
2017-03-15,20:55:00,22.35,22.35,22.35,22.35,814,0
2017-03-15,21:00:00,22.35,22.35,22.35,22.35,829,0
2017-03-16,16:35:00,22.7,22.7,22.7,22.7,100,0
2017-03-16,20:35:00,22.55,22.65,22.1,22.1,400,0
2017-03-16,20:40:00,22.1,22.1,22,22.1,1200,0
2017-03-16,20:45:00,22,22.15,22,22.15,200,0
2017-03-16,20:55:00,22.05,22.1,22.05,22.1,400,0
2017-03-16,21:00:00,22.15,22.25,22.15,22.15,694,0
2017-03-17,14:35:00,22.05,22.05,22.05,22.05,5267,0
2017-03-17,14:45:00,22.45,22.45,22.45,22.45,100,0
2017-03-17,16:40:00,22.75,22.75,22.75,22.75,100,0
2017-03-17,17:25:00,22.6,22.6,22.6,22.6,100,0
2017-03-17,17:35:00,22.8,22.8,22.6,22.6,200,0
2017-03-17,18:25:00,22.305,22.305,22.305,22.305,130,0
2017-03-17,19:15:00,22.85,22.85,22.85,22.85,100,0
2017-03-17,20:30:00,22.5752,22.85,22.55,22.6,1900,0
2017-03-17,20:35:00,22.6,22.6,22.6,22.6,100,0
2017-03-17,20:40:00,22.5752,22.5752,22.5,22.55,2221,0
2017-03-17,20:45:00,22.5728,22.5728,22.45,22.45,2318,0
2017-03-17,20:50:00,22.5,22.5,22.5,22.5,336,0
2017-03-17,20:55:00,22.5,22.95,22.5,22.8,4140,0
2017-03-17,21:00:00,23.05,23.05,23.05,23.05,57916,0
2017-03-20,15:15:00,22.9,22.9,22.9,22.9,100,0
2017-03-20,15:40:00,22.9,22.9,22.9,22.9,100,0
2017-03-20,15:45:00,22.9,22.9,22.9,22.9,200,0
2017-03-20,15:50:00,23.5,23.5,23.5,23.5,100,0
2017-03-20,16:15:00,22.95,22.95,22.95,22.95,200,0
2017-03-20,16:35:00,22.9,22.9,22.9,22.9,300,0
2017-03-20,16:40:00,23.4537,23.4537,23.4537,23.4537,125,0
2017-03-20,17:05:00,22.95,22.95,22.95,22.95,100,0
2017-03-20,17:20:00,22.95,22.95,22.95,22.95,400,0
2017-03-20,17:50:00,22.95,22.95,22.95,22.95,100,0
2017-03-20,18:20:00,23.1471,23.1471,23.1471,23.1471,100,0
2017-03-20,18:30:00,22.95,22.95,22.95,22.95,100,0
2017-03-20,19:20:00,22.95,22.95,22.95,22.95,100,0
2017-03-20,20:35:00,22.8,22.8,22.8,22.8,100,0
2017-03-20,20:55:00,23.5,23.5,23.5,23.5,100,0
2017-03-20,21:00:00,23.5,23.5,23.1,23.1,432,0
2017-03-21,20:15:00,22.634,22.634,22.634,22.634,250,0
2017-03-21,20:35:00,22.85,22.85,22.4,22.4,4669,0
2017-03-21,20:50:00,22.7,22.7,22.7,22.7,100,0
2017-03-21,20:55:00,22.85,22.85,22.85,22.85,100,0
2017-03-21,21:00:00,22.45,22.45,22.45,22.45,592,0
2017-03-22,14:50:00,22.4,22.45,22.4,22.45,789,0
2017-03-22,16:20:00,22.55,22.55,22.5,22.5,600,0
2017-03-22,16:40:00,22.5,22.5,22.5,22.5,1200,0
2017-03-22,16:45:00,22.775,22.775,22.775,22.775,100,0
2017-03-22,16:50:00,22.8,22.8,22.8,22.8,100,0
2017-03-22,16:55:00,22.8,22.8,22.8,22.8,1248,0
2017-03-22,17:40:00,22.65,22.65,22.65,22.65,220,0
2017-03-22,18:20:00,22.375,22.375,22.375,22.375,100,0
2017-03-22,18:55:00,22.5,22.5,22.5,22.5,100,0
2017-03-22,19:35:00,22.155,22.155,22.155,22.155,350,0
2017-03-22,19:50:00,22.4002,22.45,22.3,22.45,3000,0
2017-03-22,20:25:00,22.3,22.3,22.3,22.3,100,0
2017-03-22,20:35:00,22.2,22.2,22.2,22.2,100,0
2017-03-22,20:40:00,22.2,22.2,22.2,22.2,200,0
2017-03-22,21:00:00,22.3,22.4,22.2759,22.3,4240,0
2017-03-23,15:15:00,22.8,22.8,22.65,22.8,1050,0
2017-03-23,15:30:00,22.45,22.45,22.0881,22.0881,270,0
2017-03-23,15:55:00,22.7,22.8,22.7,22.8,400,0
2017-03-23,16:25:00,22.8,22.8,22.8,22.8,100,0
2017-03-23,16:30:00,22.6423,22.6423,22.6423,22.6423,440,0
2017-03-23,17:00:00,22.8,22.8,22.8,22.8,100,0
2017-03-23,18:00:00,22.85,22.85,22.85,22.85,100,0
2017-03-23,18:10:00,22.8471,22.8471,22.8471,22.8471,225,0
2017-03-23,21:00:00,23.05,23.05,22.9,22.9,352,0
2017-03-24,17:10:00,23.055,23.055,23.055,23.055,500,0
2017-03-24,17:20:00,23.055,23.09,23.05,23.05,1197,0
2017-03-24,17:30:00,23.05,23.05,23.05,23.05,100,0
2017-03-24,17:35:00,23.25,23.25,23.25,23.25,100,0
2017-03-24,17:55:00,23.1,23.1,23.1,23.1,100,0
2017-03-24,18:30:00,23.05,23.15,23.05,23.15,300,0
2017-03-24,19:20:00,22.8,22.8,22.8,22.8,698,0
2017-03-24,21:00:00,22.6,22.6,22.6,22.6,300,0
2017-03-27,22:00:00,23.05,23.05,22.85,22.85,229,0
2017-03-28,15:35:00,22.8,22.8,22.8,22.8,150,0
2017-03-28,22:00:00,23.25,23.25,23.15,23.15,458,0
2017-03-29,19:05:00,23.35,23.35,23.35,23.35,100,0
2017-03-29,20:50:00,22.95,22.95,22.95,22.95,128,0
2017-03-29,22:00:00,23.3,23.3,23.3,23.3,227,0
2017-03-30,18:30:00,22.9273,23.3,22.7,22.7,1200,0
2017-03-30,19:25:00,22.9,22.9,22.9,22.9,100,0
2017-03-30,21:30:00,23.1,23.1,23.1,23.1,100,0
2017-03-30,21:45:00,23.05,23.05,23.05,23.05,100,0
2017-03-30,22:00:00,23.2,23.2,23.2,23.2,438,0
2017-03-31,20:15:00,23,23,23,23,177,0
2017-03-31,21:55:00,23.2,23.2,23.2,23.2,500,0
2017-03-31,22:00:00,23.35,23.35,23.15,23.35,3179,0
2017-04-03,16:00:00,23.2,23.2,23.2,23.2,3293,0
2017-04-03,16:10:00,23,23.0345,23,23.0345,516,0
2017-04-03,16:20:00,23,23,23,23,100,0
2017-04-03,17:55:00,23.261,23.261,23.261,23.261,250,0
2017-04-03,18:20:00,22.825,22.825,22.825,22.825,100,0
2017-04-03,19:05:00,23,23,23,23,200,0
2017-04-03,19:25:00,23.25,23.25,23.25,23.25,100,0
2017-04-03,19:50:00,23.25,23.25,23.25,23.25,100,0
2017-04-03,21:25:00,23.2,23.2,23.2,23.2,100,0
2017-04-03,21:45:00,23.25,23.25,23.25,23.25,100,0
2017-04-03,22:00:00,23.3,23.3,23.3,23.3,1347,0
2017-04-04,15:35:00,23.2,23.2,23.2,23.2,100,0
2017-04-04,21:40:00,22.975,22.975,22.975,22.975,100,0
2017-04-04,21:55:00,23.25,23.25,23.25,23.25,100,0
2017-04-04,22:00:00,23,23,23,23,646,0
2017-04-05,21:10:00,22.55,22.95,22.55,22.95,200,0
2017-04-05,21:25:00,22.9,22.9,22.9,22.9,100,0
2017-04-05,22:00:00,22.55,23.2,22.55,22.9,1661,0
2017-04-07,19:00:00,23,23,22.95,22.95,200,0
2017-04-07,19:30:00,22.95,22.95,22.95,22.95,100,0
2017-04-07,20:05:00,22.95,22.95,22.95,22.95,100,0
2017-04-07,20:20:00,22.95,22.95,22.95,22.95,300,0
2017-04-07,21:55:00,23.3,23.3,23.3,23.3,100,0
2017-04-07,22:00:00,23.3,23.35,23.3,23.35,247,0
2017-04-10,15:35:00,23.3,23.3,23.3,23.3,200,0
2017-04-10,21:50:00,22.9,22.9,22.9,22.9,115,0
2017-04-10,22:00:00,23.4,23.4,22.95,22.95,310,0
2017-04-11,22:00:00,23.15,23.15,23.15,23.15,298,0
2017-04-12,22:00:00,23.1,23.1,23.1,23.1,242,0
2017-04-13,15:35:00,22.95,22.95,22.95,22.95,250,0
2017-04-13,19:35:00,22.85,22.85,22.85,22.85,182,0
2017-04-13,22:00:00,22.6,22.6,22.3,22.3,564,0
2017-04-17,19:20:00,23,23,22.95,22.95,737,0
2017-04-17,22:00:00,23.5,23.5,23.5,23.5,297,0
2017-04-18,15:35:00,23.35,23.35,23.35,23.35,226,0
2017-04-18,16:30:00,23,23,23,23,431,0
2017-04-18,17:45:00,23.25,23.3,23.25,23.3,300,0
2017-04-18,17:55:00,23.3,23.3,23.3,23.3,400,0
2017-04-18,19:00:00,23.3,23.6,23.3,23.6,200,0
2017-04-18,19:05:00,23.6,23.6,23.6,23.6,200,0
2017-04-18,19:40:00,23.7,23.7,23.7,23.7,242,0
2017-04-18,20:10:00,23.65,23.65,23.65,23.65,100,0
2017-04-18,22:00:00,23.5,23.5,23.5,23.5,545,0
2017-04-19,15:35:00,23.7,23.7,23.7,23.7,100,0
2017-04-19,19:35:00,23.5,23.5,23.5,23.5,200,0
2017-04-19,20:05:00,23.5,23.5,23.5,23.5,100,0
2017-04-19,21:30:00,23.5,23.5,23.5,23.5,100,0
2017-04-19,21:40:00,22.7,22.7,22.7,22.7,100,0
2017-04-19,22:00:00,23.5,23.5,23.4,23.4,614,0
2017-04-20,18:05:00,23.4944,23.4944,23.4944,23.4944,100,0
2017-04-20,21:55:00,23.6,23.6,23.6,23.6,100,0
2017-04-20,22:00:00,23.6,23.6,23.6,23.6,948,0
2017-04-21,21:55:00,24.3,24.3,24.3,24.3,100,0
2017-04-21,22:00:00,25.3,25.3,25.3,25.3,278,0
2017-04-24,15:35:00,25.1,25.1,25.1,25.1,799,0
2017-04-24,15:45:00,25.1,25.1,25.05,25.05,526,0
2017-04-24,16:15:00,25,25,25,25,100,0
2017-04-24,17:40:00,25.1,25.1,25.1,25.1,600,0
2017-04-24,18:40:00,24.925,24.925,24.925,24.925,129,0
2017-04-24,22:00:00,25.25,25.25,25.25,25.25,504,0
2017-04-25,15:50:00,25,25,25,25,100,0
2017-04-25,21:30:00,24.1372,24.1372,24.1372,24.1372,200,0
2017-04-25,21:35:00,24.3,24.3,23.9,24.2,300,0
2017-04-25,21:50:00,24,24,23.9,23.9,300,0
2017-04-25,22:00:00,23.8,23.8,23.8,23.8,100,0
2017-04-26,16:35:00,24.2,24.2,24.2,24.2,150,0
2017-04-26,21:55:00,23.7,23.7,23.7,23.7,100,0
2017-04-26,22:00:00,23.9,24.3,23.9,24.3,729,0
