Date,Time,Open,High,Low,Close,Volume,OpenInt
2017-03-14,14:55:00,2.46,2.46,2.46,2.46,100,0
2017-03-14,15:25:00,2.5,2.51,2.5,2.51,400,0
2017-03-14,15:55:00,2.48,2.49,2.48,2.49,700,0
2017-03-14,16:00:00,2.6,2.6,2.6,2.6,100,0
2017-03-14,16:30:00,2.57,2.57,2.57,2.57,1000,0
2017-03-14,16:35:00,2.6,2.6,2.6,2.6,100,0
2017-03-14,16:50:00,2.5792,2.5792,2.54,2.54,600,0
2017-03-14,17:15:00,2.54,2.54,2.54,2.54,100,0
2017-03-14,17:40:00,2.506,2.53,2.506,2.53,1500,0
2017-03-14,17:45:00,2.61,2.61,2.52,2.52,200,0
2017-03-14,18:00:00,2.55,2.55,2.55,2.55,100,0
2017-03-14,18:25:00,2.5161,2.5161,2.5161,2.5161,2500,0
2017-03-14,18:30:00,2.51,2.51,2.51,2.51,200,0
2017-03-14,19:15:00,2.51,2.51,2.51,2.51,100,0
2017-03-14,19:25:00,2.5,2.55,2.5,2.55,700,0
2017-03-14,19:40:00,2.55,2.6,2.49,2.6,6988,0
2017-03-14,20:25:00,2.48,2.48,2.48,2.48,100,0
2017-03-14,20:30:00,2.5,2.52,2.5,2.52,400,0
2017-03-14,20:45:00,2.56,2.56,2.56,2.56,100,0
2017-03-14,20:55:00,2.52,2.52,2.51,2.51,200,0
2017-03-14,21:00:00,2.54,2.59,2.53,2.59,1858,0
2017-03-15,14:35:00,2.45,2.45,2.45,2.45,3062,0
2017-03-15,14:40:00,2.5348,2.54,2.4801,2.53,3825,0
2017-03-15,14:45:00,2.5,2.51,2.5,2.51,1300,0
2017-03-15,14:50:00,2.55,2.55,2.55,2.55,100,0
2017-03-15,14:55:00,2.54,2.55,2.5,2.52,1080,0
2017-03-15,15:00:00,2.53,2.53,2.53,2.53,100,0
2017-03-15,15:05:00,2.5652,2.5652,2.53,2.53,1600,0
2017-03-15,15:10:00,2.53,2.53,2.53,2.53,100,0
2017-03-15,15:15:00,2.53,2.5358,2.53,2.53,5800,0
2017-03-15,15:20:00,2.53,2.5326,2.53,2.5326,200,0
2017-03-15,15:30:00,2.52,2.52,2.51,2.51,1220,0
2017-03-15,15:45:00,2.5,2.5,2.5,2.5,200,0
2017-03-15,16:00:00,2.5,2.5,2.5,2.5,700,0
2017-03-15,16:20:00,2.5121,2.5252,2.5121,2.5252,1500,0
2017-03-15,16:25:00,2.5,2.5,2.495,2.5,1125,0
2017-03-15,16:35:00,2.496,2.496,2.496,2.496,500,0
2017-03-15,16:40:00,2.4868,2.4868,2.4868,2.4868,500,0
2017-03-15,16:50:00,2.4985,2.53,2.49,2.53,1400,0
2017-03-15,17:55:00,2.5,2.5,2.5,2.5,200,0
2017-03-15,18:00:00,2.505,2.51,2.5,2.5,2200,0
2017-03-15,18:30:00,2.5083,2.5152,2.5083,2.5152,567,0
2017-03-15,18:55:00,2.5,2.5001,2.5,2.5001,400,0
2017-03-15,19:00:00,2.5,2.515,2.5,2.515,300,0
2017-03-15,19:05:00,2.53,2.53,2.53,2.53,200,0
2017-03-15,19:10:00,2.53,2.53,2.53,2.53,100,0
2017-03-15,19:15:00,2.53,2.57,2.53,2.57,700,0
2017-03-15,19:50:00,2.56,2.56,2.56,2.56,200,0
2017-03-15,19:55:00,2.56,2.56,2.48,2.48,4085,0
2017-03-15,20:00:00,2.5542,2.56,2.52,2.56,5441,0
2017-03-15,20:10:00,2.56,2.57,2.56,2.57,200,0
2017-03-15,20:15:00,2.5448,2.5448,2.5401,2.5401,1810,0
2017-03-15,20:25:00,2.54,2.57,2.54,2.57,2200,0
2017-03-15,20:30:00,2.57,2.57,2.57,2.57,500,0
2017-03-15,20:35:00,2.57,2.57,2.57,2.57,400,0
2017-03-15,20:40:00,2.5748,2.5748,2.5748,2.5748,500,0
2017-03-15,20:50:00,2.57,2.6,2.55,2.59,2000,0
2017-03-15,21:00:00,2.6,2.6001,2.55,2.55,3910,0
2017-03-16,14:35:00,2.5,2.5,2.5,2.5,124,0
2017-03-16,14:45:00,2.56,2.6188,2.56,2.61,600,0
2017-03-16,14:55:00,2.5044,2.5044,2.5035,2.5035,375,0
2017-03-16,15:10:00,2.49,2.5,2.45,2.4877,2400,0
2017-03-16,15:25:00,2.5,2.58,2.4684,2.58,650,0
2017-03-16,15:30:00,2.49,2.49,2.49,2.49,100,0
2017-03-16,15:55:00,2.5048,2.5048,2.5,2.5,600,0
2017-03-16,16:05:00,2.5,2.5,2.5,2.5,200,0
2017-03-16,16:20:00,2.53,2.53,2.53,2.53,100,0
2017-03-16,16:45:00,2.53,2.53,2.53,2.53,300,0
2017-03-16,16:50:00,2.56,2.56,2.56,2.56,100,0
2017-03-16,16:55:00,2.56,2.56,2.56,2.56,100,0
2017-03-16,17:15:00,2.53,2.53,2.53,2.53,100,0
2017-03-16,17:35:00,2.57,2.57,2.57,2.57,100,0
2017-03-16,17:50:00,2.56,2.56,2.56,2.56,100,0
2017-03-16,17:55:00,2.54,2.54,2.54,2.54,100,0
2017-03-16,18:00:00,2.5402,2.57,2.5402,2.57,600,0
2017-03-16,18:15:00,2.5551,2.5551,2.5551,2.5551,200,0
2017-03-16,18:20:00,2.5673,2.5673,2.54,2.5402,996,0
2017-03-16,18:30:00,2.54,2.54,2.54,2.54,100,0
2017-03-16,18:35:00,2.54,2.57,2.54,2.57,900,0
2017-03-16,18:55:00,2.56,2.56,2.56,2.56,800,0
2017-03-16,19:05:00,2.53,2.53,2.53,2.53,100,0
2017-03-16,19:15:00,2.53,2.53,2.53,2.53,100,0
2017-03-16,19:40:00,2.53,2.53,2.53,2.53,200,0
2017-03-16,19:45:00,2.56,2.56,2.56,2.56,100,0
2017-03-16,19:50:00,2.569,2.57,2.569,2.57,1524,0
2017-03-16,20:15:00,2.54,2.54,2.53,2.53,200,0
2017-03-16,20:20:00,2.57,2.57,2.57,2.57,100,0
2017-03-16,20:40:00,2.56,2.56,2.56,2.56,700,0
2017-03-16,20:45:00,2.56,2.56,2.56,2.56,1100,0
2017-03-16,20:50:00,2.56,2.56,2.54,2.54,200,0
2017-03-16,20:55:00,2.57,2.57,2.55,2.56,900,0
2017-03-16,21:00:00,2.56,2.57,2.54,2.56,700,0
2017-03-17,14:35:00,2.51,2.5238,2.51,2.5238,505,0
2017-03-17,14:40:00,2.62,2.62,2.62,2.62,100,0
2017-03-17,14:45:00,2.51,2.51,2.5,2.5,1300,0
2017-03-17,14:55:00,2.49,2.49,2.49,2.49,100,0
2017-03-17,15:15:00,2.49,2.49,2.49,2.49,300,0
2017-03-17,15:20:00,2.48,2.49,2.48,2.49,9925,0
2017-03-17,15:25:00,2.48,2.48,2.48,2.48,100,0
2017-03-17,15:30:00,2.48,2.48,2.4799,2.48,1200,0
2017-03-17,15:35:00,2.4748,2.49,2.4748,2.49,4200,0
2017-03-17,15:40:00,2.49,2.49,2.49,2.49,200,0
2017-03-17,15:45:00,2.49,2.49,2.4847,2.4847,1100,0
2017-03-17,15:50:00,2.485,2.485,2.48,2.48,258,0
2017-03-17,15:55:00,2.4887,2.49,2.46,2.46,1195,0
2017-03-17,16:00:00,2.4852,2.4852,2.4852,2.4852,1000,0
2017-03-17,16:15:00,2.46,2.4801,2.46,2.48,300,0
2017-03-17,16:40:00,2.46,2.46,2.45,2.45,2300,0
2017-03-17,16:45:00,2.45,2.45,2.45,2.45,1100,0
2017-03-17,16:55:00,2.45,2.4911,2.44,2.4911,12400,0
2017-03-17,17:00:00,2.49,2.49,2.49,2.49,100,0
2017-03-17,17:15:00,2.4938,2.4938,2.4938,2.4938,1175,0
2017-03-17,17:35:00,2.51,2.51,2.51,2.51,100,0
2017-03-17,17:40:00,2.51,2.51,2.51,2.51,100,0
2017-03-17,18:00:00,2.55,2.55,2.55,2.55,100,0
2017-03-17,18:25:00,2.5522,2.5522,2.5522,2.5522,500,0
2017-03-17,18:50:00,2.59,2.6,2.54,2.54,400,0
2017-03-17,19:15:00,2.58,2.58,2.58,2.58,100,0
2017-03-17,19:20:00,2.51,2.5139,2.51,2.5101,3400,0
2017-03-17,19:45:00,2.52,2.52,2.52,2.52,100,0
2017-03-17,20:05:00,2.519,2.5362,2.51,2.51,12125,0
2017-03-17,20:10:00,2.5012,2.5012,2.5,2.5,2100,0
2017-03-17,20:25:00,2.5,2.53,2.5,2.5,300,0
2017-03-17,20:40:00,2.54,2.54,2.53,2.53,288,0
2017-03-17,20:45:00,2.51,2.51,2.5,2.5,300,0
2017-03-17,20:50:00,2.53,2.57,2.5,2.53,5201,0
2017-03-17,21:00:00,2.57,2.59,2.55,2.58,28717,0
2017-03-20,14:35:00,2.62,2.62,2.62,2.62,100,0
2017-03-20,15:10:00,2.54,2.54,2.54,2.54,3377,0
2017-03-20,15:25:00,2.54,2.54,2.54,2.54,100,0
2017-03-20,15:35:00,2.5449,2.5449,2.5449,2.5449,125,0
2017-03-20,16:35:00,2.6053,2.6053,2.6053,2.6053,150,0
2017-03-20,16:40:00,2.4732,2.4732,2.4732,2.4732,150,0
2017-03-20,16:45:00,2.54,2.54,2.54,2.54,300,0
2017-03-20,17:05:00,2.5485,2.5485,2.5485,2.5485,250,0
2017-03-20,17:10:00,2.56,2.56,2.56,2.56,100,0
2017-03-20,17:20:00,2.5401,2.5401,2.51,2.51,1990,0
2017-03-20,18:15:00,2.5215,2.5215,2.5215,2.5215,250,0
2017-03-20,18:40:00,2.4615,2.4615,2.4615,2.4615,550,0
2017-03-20,18:50:00,2.5,2.5,2.48,2.48,200,0
2017-03-20,19:00:00,2.5098,2.5098,2.5098,2.5098,100,0
2017-03-20,19:35:00,2.54,2.54,2.54,2.54,100,0
2017-03-20,20:55:00,2.51,2.52,2.51,2.52,4100,0
2017-03-20,21:00:00,2.54,2.59,2.54,2.55,1300,0
2017-03-21,15:15:00,2.48,2.48,2.48,2.48,100,0
2017-03-21,15:50:00,2.49,2.49,2.49,2.49,100,0
2017-03-21,15:55:00,2.48,2.48,2.48,2.48,200,0
2017-03-21,16:00:00,2.4968,2.4968,2.4968,2.4968,1000,0
2017-03-21,16:05:00,2.48,2.48,2.48,2.48,600,0
2017-03-21,16:25:00,2.48,2.48,2.47,2.47,2800,0
2017-03-21,16:35:00,2.47,2.47,2.47,2.47,100,0
2017-03-21,16:40:00,2.46,2.48,2.44,2.48,15300,0
2017-03-21,16:45:00,2.48,2.48,2.48,2.48,300,0
2017-03-21,16:50:00,2.445,2.45,2.445,2.45,900,0
2017-03-21,17:40:00,2.458,2.458,2.458,2.458,190,0
2017-03-21,18:25:00,2.46,2.46,2.46,2.46,200,0
2017-03-21,18:35:00,2.46,2.46,2.46,2.46,300,0
2017-03-21,19:05:00,2.46,2.46,2.46,2.46,500,0
2017-03-21,19:10:00,2.46,2.46,2.46,2.46,100,0
2017-03-21,19:20:00,2.46,2.4601,2.46,2.46,1054,0
2017-03-21,19:30:00,2.46,2.46,2.46,2.46,100,0
2017-03-21,19:45:00,2.46,2.46,2.46,2.46,100,0
2017-03-21,20:00:00,2.4646,2.4646,2.4646,2.4646,100,0
2017-03-21,20:10:00,2.46,2.47,2.46,2.47,1000,0
2017-03-21,20:15:00,2.47,2.47,2.47,2.47,100,0
2017-03-21,20:20:00,2.47,2.47,2.47,2.47,100,0
2017-03-21,20:25:00,2.4604,2.4604,2.46,2.46,350,0
2017-03-21,20:35:00,2.4775,2.4775,2.4775,2.4775,1000,0
2017-03-21,20:50:00,2.48,2.48,2.48,2.48,598,0
2017-03-21,20:55:00,2.47,2.47,2.47,2.47,1007,0
2017-03-21,21:00:00,2.48,2.48,2.48,2.48,200,0
2017-03-22,14:35:00,2.45,2.47,2.45,2.47,1100,0
2017-03-22,14:40:00,2.47,2.47,2.47,2.47,100,0
2017-03-22,14:45:00,2.48,2.48,2.48,2.48,300,0
2017-03-22,15:40:00,2.45,2.4501,2.45,2.4501,813,0
2017-03-22,15:45:00,2.4538,2.46,2.4501,2.46,700,0
2017-03-22,16:15:00,2.48,2.48,2.48,2.48,100,0
2017-03-22,17:00:00,2.48,2.483,2.48,2.483,200,0
2017-03-22,17:30:00,2.5079,2.5079,2.5079,2.5079,1875,0
2017-03-22,18:20:00,2.504,2.51,2.504,2.51,4100,0
2017-03-22,18:35:00,2.552,2.552,2.552,2.552,4000,0
2017-03-22,18:45:00,2.56,2.56,2.56,2.56,100,0
2017-03-22,19:00:00,2.52,2.52,2.52,2.52,100,0
2017-03-22,19:15:00,2.495,2.52,2.495,2.52,9200,0
2017-03-22,19:35:00,2.56,2.56,2.53,2.53,200,0
2017-03-22,19:45:00,2.5,2.5,2.5,2.5,100,0
2017-03-22,19:55:00,2.4894,2.4894,2.48,2.48,480,0
2017-03-22,20:00:00,2.483,2.483,2.483,2.483,550,0
2017-03-22,20:20:00,2.48,2.48,2.48,2.48,400,0
2017-03-22,20:30:00,2.48,2.4801,2.46,2.48,3498,0
2017-03-22,20:35:00,2.46,2.46,2.46,2.46,300,0
2017-03-22,20:50:00,2.46,2.464,2.46,2.46,900,0
2017-03-22,20:55:00,2.46,2.46,2.46,2.46,200,0
2017-03-23,14:35:00,2.48,2.54,2.46,2.54,6377,0
2017-03-23,14:40:00,2.5193,2.5193,2.451,2.451,6500,0
2017-03-23,14:45:00,2.55,2.75,2.5462,2.7346,32971,0
2017-03-23,14:50:00,2.7005,2.88,2.69,2.819,52391,0
2017-03-23,14:55:00,2.77,2.7701,2.7,2.7141,5800,0
2017-03-23,15:00:00,2.738,2.81,2.68,2.7622,37088,0
2017-03-23,15:05:00,2.7659,2.7659,2.69,2.71,26545,0
2017-03-23,15:10:00,2.7248,2.7385,2.71,2.71,4050,0
2017-03-23,15:15:00,2.71,2.73,2.708,2.73,3200,0
2017-03-23,15:20:00,2.752,2.752,2.734,2.74,2170,0
2017-03-23,15:25:00,2.72,2.72,2.7,2.7,1100,0
2017-03-23,15:30:00,2.729,2.729,2.7051,2.7051,3498,0
2017-03-23,15:35:00,2.7132,2.7132,2.7132,2.7132,1000,0
2017-03-23,15:40:00,2.7093,2.7093,2.69,2.6954,3637,0
2017-03-23,15:45:00,2.7086,2.7089,2.69,2.69,1850,0
2017-03-23,15:50:00,2.69,2.69,2.53,2.5892,19245,0
2017-03-23,15:55:00,2.5812,2.5812,2.58,2.58,3550,0
2017-03-23,16:00:00,2.5849,2.606,2.5849,2.606,879,0
2017-03-23,16:05:00,2.615,2.63,2.615,2.63,300,0
2017-03-23,16:15:00,2.62,2.63,2.62,2.63,2776,0
2017-03-23,16:25:00,2.63,2.68,2.62,2.62,3019,0
2017-03-23,16:30:00,2.6504,2.6504,2.6,2.6263,575,0
2017-03-23,16:45:00,2.6661,2.6661,2.6359,2.6359,1600,0
2017-03-23,16:55:00,2.6689,2.67,2.6689,2.67,704,0
2017-03-23,17:05:00,2.63,2.69,2.63,2.68,11276,0
2017-03-23,17:10:00,2.66,2.7,2.66,2.668,2094,0
2017-03-23,17:25:00,2.6365,2.6365,2.6365,2.6365,200,0
2017-03-23,17:30:00,2.7,2.7,2.648,2.65,1800,0
2017-03-23,17:40:00,2.6361,2.6361,2.6361,2.6361,1000,0
2017-03-23,17:50:00,2.6058,2.6058,2.58,2.58,450,0
2017-03-23,17:55:00,2.5801,2.59,2.5801,2.59,5100,0
2017-03-23,18:10:00,2.63,2.63,2.6115,2.6115,675,0
2017-03-23,18:20:00,2.5826,2.59,2.5826,2.59,1600,0
2017-03-23,18:40:00,2.6101,2.6101,2.56,2.6,800,0
2017-03-23,18:45:00,2.62,2.62,2.62,2.62,100,0
2017-03-23,18:50:00,2.618,2.618,2.618,2.618,1700,0
2017-03-23,19:05:00,2.64,2.64,2.64,2.64,100,0
2017-03-23,19:15:00,2.63,2.636,2.63,2.636,1300,0
2017-03-23,19:30:00,2.6293,2.6307,2.6293,2.6307,200,0
2017-03-23,19:35:00,2.6379,2.65,2.63,2.64,3850,0
2017-03-23,20:00:00,2.65,2.65,2.65,2.65,1600,0
2017-03-23,20:05:00,2.64,2.64,2.64,2.64,100,0
2017-03-23,20:35:00,2.66,2.66,2.66,2.66,100,0
2017-03-23,20:40:00,2.66,2.66,2.66,2.66,300,0
2017-03-23,20:45:00,2.66,2.66,2.66,2.66,100,0
2017-03-23,20:50:00,2.6561,2.6561,2.62,2.65,1903,0
2017-03-23,20:55:00,2.656,2.656,2.65,2.65,400,0
2017-03-23,21:00:00,2.64,2.69,2.64,2.69,3278,0
2017-03-24,14:35:00,2.74,2.74,2.52,2.57,4378,0
2017-03-24,14:40:00,2.62,2.728,2.51,2.62,3032,0
2017-03-24,15:20:00,2.6975,2.6975,2.63,2.63,300,0
2017-03-24,15:25:00,2.6049,2.6049,2.6,2.6,2600,0
2017-03-24,15:35:00,2.67,2.67,2.6,2.61,700,0
2017-03-24,15:50:00,2.6134,2.62,2.6,2.6,1738,0
2017-03-24,15:55:00,2.6,2.6049,2.6,2.6,2193,0
2017-03-24,16:00:00,2.6,2.6023,2.6,2.6023,350,0
2017-03-24,16:05:00,2.6013,2.6013,2.6,2.6,1300,0
2017-03-24,16:10:00,2.6,2.61,2.58,2.58,1500,0
2017-03-24,16:15:00,2.5887,2.5887,2.5887,2.5887,800,0
2017-03-24,16:35:00,2.6,2.61,2.6,2.61,1800,0
2017-03-24,16:40:00,2.62,2.62,2.62,2.62,1890,0
2017-03-24,17:10:00,2.6,2.6,2.6,2.6,200,0
2017-03-24,17:15:00,2.6,2.6,2.6,2.6,500,0
2017-03-24,17:45:00,2.6099,2.6099,2.6,2.6,4600,0
2017-03-24,17:55:00,2.6,2.6063,2.6,2.6063,1200,0
2017-03-24,18:00:00,2.6082,2.61,2.605,2.61,1200,0
2017-03-24,18:05:00,2.606,2.64,2.606,2.64,2050,0
2017-03-24,18:15:00,2.6001,2.6001,2.6001,2.6001,125,0
2017-03-24,18:20:00,2.699,2.6999,2.65,2.6999,1800,0
2017-03-24,18:25:00,2.67,2.67,2.6605,2.6605,600,0
2017-03-24,18:30:00,2.6647,2.6647,2.6647,2.6647,150,0
2017-03-24,18:45:00,2.65,2.65,2.65,2.65,100,0
2017-03-24,19:10:00,2.64,2.64,2.64,2.64,800,0
2017-03-24,19:20:00,2.6264,2.6264,2.6264,2.6264,100,0
2017-03-24,19:25:00,2.63,2.63,2.63,2.63,300,0
2017-03-24,19:40:00,2.6,2.61,2.6,2.61,200,0
2017-03-24,19:55:00,2.6,2.61,2.6,2.61,300,0
2017-03-24,20:10:00,2.6101,2.6101,2.6101,2.6101,1000,0
2017-03-24,20:30:00,2.61,2.6328,2.61,2.6328,1400,0
2017-03-24,20:50:00,2.65,2.65,2.65,2.65,2210,0
2017-03-24,20:55:00,2.65,2.68,2.63,2.63,6315,0
2017-03-24,21:00:00,2.67,2.6956,2.6,2.6889,15400,0
2017-03-27,15:35:00,2.68,2.68,2.59,2.6799,10224,0
2017-03-27,15:45:00,2.672,2.672,2.672,2.672,200,0
2017-03-27,15:50:00,2.68,2.8,2.68,2.8,9800,0
2017-03-27,15:55:00,2.8154,2.84,2.8154,2.83,13500,0
2017-03-27,16:00:00,2.84,2.89,2.84,2.8557,14145,0
2017-03-27,16:05:00,2.84,2.98,2.84,2.942,61496,0
2017-03-27,16:10:00,2.94,2.95,2.77,2.83,33476,0
2017-03-27,16:15:00,2.899,2.899,2.77,2.7827,21716,0
2017-03-27,16:25:00,2.79,2.7984,2.79,2.7984,350,0
2017-03-27,16:30:00,2.8281,2.8281,2.79,2.8089,1651,0
2017-03-27,16:35:00,2.809,2.809,2.79,2.79,2738,0
2017-03-27,16:45:00,2.7924,2.7924,2.7924,2.7924,500,0
2017-03-27,17:00:00,2.7914,2.7914,2.7914,2.7914,500,0
2017-03-27,17:05:00,2.785,2.8,2.785,2.8,1994,0
2017-03-27,17:10:00,2.8581,2.87,2.8581,2.87,1100,0
2017-03-27,17:15:00,2.88,2.88,2.875,2.875,200,0
2017-03-27,17:20:00,2.85,2.87,2.84,2.8592,3700,0
2017-03-27,17:25:00,2.85,2.91,2.85,2.91,1900,0
2017-03-27,17:30:00,2.9046,2.91,2.8729,2.9099,3000,0
2017-03-27,17:35:00,2.92,2.92,2.87,2.87,2832,0
2017-03-27,17:40:00,2.85,2.85,2.83,2.84,7062,0
2017-03-27,17:45:00,2.85,2.85,2.8442,2.8442,476,0
2017-03-27,17:55:00,2.83,2.83,2.83,2.83,200,0
2017-03-27,18:00:00,2.85,2.85,2.85,2.85,100,0
2017-03-27,18:05:00,2.83,2.85,2.83,2.8429,7737,0
2017-03-27,18:10:00,2.8647,2.8647,2.8647,2.8647,200,0
2017-03-27,18:15:00,2.88,2.9,2.88,2.9,6077,0
2017-03-27,18:20:00,2.91,2.92,2.9098,2.9098,2084,0
2017-03-27,18:25:00,2.899,2.899,2.83,2.83,5563,0
2017-03-27,18:35:00,2.8871,2.8871,2.8871,2.8871,500,0
2017-03-27,18:55:00,2.8873,2.8899,2.85,2.88,3140,0
2017-03-27,19:05:00,2.88,2.88,2.87,2.87,3300,0
2017-03-27,19:10:00,2.8726,2.8726,2.8726,2.8726,350,0
2017-03-27,19:15:00,2.875,2.875,2.87,2.87,400,0
2017-03-27,19:25:00,2.84,2.88,2.84,2.8428,1800,0
2017-03-27,19:30:00,2.86,2.9,2.86,2.88,4100,0
2017-03-27,19:35:00,2.86,2.86,2.86,2.86,200,0
2017-03-27,19:40:00,2.85,2.85,2.84,2.8454,850,0
2017-03-27,19:45:00,2.85,2.86,2.8401,2.8401,1350,0
2017-03-27,19:50:00,2.8401,2.8401,2.84,2.84,2000,0
2017-03-27,20:00:00,2.86,2.86,2.86,2.86,100,0
2017-03-27,20:10:00,2.8259,2.8259,2.82,2.82,1100,0
2017-03-27,20:20:00,2.8742,2.8742,2.8742,2.8742,500,0
2017-03-27,20:25:00,2.89,2.89,2.89,2.89,100,0
2017-03-27,20:30:00,2.89,2.89,2.88,2.88,2200,0
2017-03-27,20:40:00,2.8742,2.88,2.86,2.88,4100,0
2017-03-27,20:45:00,2.889,2.91,2.889,2.91,4616,0
2017-03-27,20:50:00,2.9028,2.9028,2.9028,2.9028,100,0
2017-03-27,21:00:00,2.94,2.94,2.9004,2.9004,1100,0
2017-03-27,21:05:00,2.925,2.94,2.91,2.91,4600,0
2017-03-27,21:10:00,2.94,2.94,2.91,2.91,900,0
2017-03-27,21:20:00,2.92,2.92,2.91,2.91,500,0
2017-03-27,21:25:00,2.93,2.93,2.93,2.93,100,0
2017-03-27,21:30:00,2.9029,2.9029,2.9029,2.9029,1000,0
2017-03-27,21:35:00,2.8915,2.8915,2.88,2.88,1100,0
2017-03-27,21:40:00,2.88,2.885,2.88,2.88,3100,0
2017-03-27,21:45:00,2.9,2.9,2.84,2.85,1450,0
2017-03-27,21:50:00,2.9,2.9,2.9,2.9,300,0
2017-03-27,21:55:00,2.89,2.92,2.885,2.915,3900,0
2017-03-27,22:00:00,2.92,2.93,2.9,2.93,10084,0
2017-03-28,15:35:00,3.05,3.14,3.01,3.12,20588,0
2017-03-28,15:40:00,3.1001,3.4,3.021,3.3561,76152,0
2017-03-28,15:45:00,3.3695,3.6,3.15,3.2202,361021,0
2017-03-28,15:50:00,3.21,3.2499,3.11,3.1476,65660,0
2017-03-28,15:55:00,3.14,3.1556,2.99,3.03,49977,0
2017-03-28,16:00:00,3.02,3.03,2.9,2.9,22289,0
2017-03-28,16:05:00,2.905,2.93,2.82,2.93,25243,0
2017-03-28,16:10:00,2.95,2.9902,2.9367,2.98,24990,0
2017-03-28,16:15:00,2.9799,2.98,2.8801,2.89,14987,0
2017-03-28,16:20:00,2.9,3.05,2.9,3.05,7311,0
2017-03-28,16:25:00,3.0057,3.2401,2.992,3.2401,58253,0
2017-03-28,16:30:00,3.2299,3.25,3.17,3.2,13347,0
2017-03-28,16:35:00,3.21,3.21,3.1201,3.15,8200,0
2017-03-28,16:40:00,3.1564,3.24,3.13,3.24,12401,0
2017-03-28,16:45:00,3.235,3.2419,3.1801,3.1907,17048,0
2017-03-28,16:50:00,3.1842,3.2399,3.12,3.13,9413,0
2017-03-28,16:55:00,3.2,3.2,3.2,3.2,500,0
2017-03-28,17:00:00,3.1866,3.2,3.1795,3.2,5500,0
2017-03-28,17:05:00,3.199,3.2,3.19,3.2,1000,0
2017-03-28,17:10:00,3.2297,3.23,3.21,3.21,1408,0
2017-03-28,17:15:00,3.2188,3.24,3.2188,3.22,5150,0
2017-03-28,17:20:00,3.22,3.29,3.22,3.2833,21320,0
2017-03-28,17:25:00,3.3,3.32,3.27,3.3,6300,0
2017-03-28,17:30:00,3.32,3.35,3.27,3.35,9170,0
2017-03-28,17:35:00,3.323,3.34,3.323,3.34,3970,0
2017-03-28,17:40:00,3.334,3.34,3.334,3.34,900,0
2017-03-28,17:45:00,3.34,3.34,3.33,3.33,5053,0
2017-03-28,17:50:00,3.3322,3.3364,3.33,3.334,8150,0
2017-03-28,17:55:00,3.34,3.4,3.34,3.3411,1600,0
2017-03-28,18:00:00,3.37,3.37,3.34,3.35,2023,0
2017-03-28,18:05:00,3.35,3.35,3.33,3.33,877,0
2017-03-28,18:10:00,3.3301,3.3301,3.33,3.33,2475,0
2017-03-28,18:15:00,3.33,3.34,3.33,3.335,7000,0
2017-03-28,18:20:00,3.34,3.36,3.334,3.3353,6800,0
2017-03-28,18:25:00,3.336,3.34,3.336,3.34,1012,0
2017-03-28,18:30:00,3.34,3.37,3.337,3.37,2184,0
2017-03-28,18:35:00,3.38,3.4168,3.38,3.3901,18250,0
2017-03-28,18:40:00,3.36,3.36,3.34,3.34,1100,0
2017-03-28,18:45:00,3.34,3.3466,3.33,3.3466,10000,0
2017-03-28,18:50:00,3.33,3.3311,3.31,3.33,24711,0
2017-03-28,18:55:00,3.3204,3.3204,3.3,3.3,24851,0
2017-03-28,19:00:00,3.26,3.27,3.25,3.2689,4050,0
2017-03-28,19:10:00,3.26,3.26,3.24,3.24,11250,0
2017-03-28,19:15:00,3.2541,3.2541,3.24,3.24,2285,0
2017-03-28,19:20:00,3.24,3.24,3.24,3.24,2100,0
2017-03-28,19:25:00,3.24,3.2567,3.24,3.2567,4389,0
2017-03-28,19:30:00,3.246,3.246,3.24,3.24,4100,0
2017-03-28,19:40:00,3.258,3.258,3.24,3.24,350,0
2017-03-28,19:45:00,3.25,3.26,3.25,3.26,300,0
2017-03-28,19:55:00,3.24,3.2467,3.24,3.2467,1900,0
2017-03-28,20:00:00,3.249,3.249,3.24,3.24,1367,0
2017-03-28,20:05:00,3.2452,3.25,3.24,3.25,1750,0
2017-03-28,20:10:00,3.24,3.245,3.24,3.24,3099,0
2017-03-28,20:15:00,3.24,3.244,3.24,3.244,800,0
2017-03-28,20:25:00,3.2401,3.2401,3.24,3.24,1056,0
2017-03-28,20:30:00,3.24,3.24,3.24,3.24,22500,0
2017-03-28,20:35:00,3.24,3.24,3.23,3.23,1300,0
2017-03-28,20:40:00,3.24,3.24,3.24,3.24,1800,0
2017-03-28,20:45:00,3.24,3.24,3.24,3.24,100,0
2017-03-28,20:55:00,3.24,3.26,3.24,3.26,860,0
2017-03-28,21:00:00,3.26,3.26,3.24,3.2498,800,0
2017-03-28,21:05:00,3.2536,3.2536,3.2536,3.2536,122,0
2017-03-28,21:10:00,3.25,3.25,3.24,3.24,4600,0
2017-03-28,21:15:00,3.24,3.25,3.2288,3.25,6000,0
2017-03-28,21:20:00,3.24,3.24,3.24,3.24,1100,0
2017-03-28,21:25:00,3.24,3.24,3.23,3.23,830,0
2017-03-28,21:40:00,3.2398,3.24,3.23,3.24,5370,0
2017-03-28,21:45:00,3.2389,3.27,3.2389,3.27,4423,0
2017-03-28,21:50:00,3.3252,3.3252,3.29,3.29,1437,0
2017-03-28,21:55:00,3.2967,3.305,3.28,3.29,8690,0
2017-03-28,22:00:00,3.3008,3.32,3.2902,3.3,4989,0
2017-03-29,15:35:00,3.49,3.5,3.4,3.4,16769,0
2017-03-29,15:40:00,3.382,3.382,3.3386,3.34,6100,0
2017-03-29,15:45:00,3.32,3.3676,3.3,3.3676,2700,0
2017-03-29,15:50:00,3.34,3.395,3.31,3.31,2150,0
2017-03-29,15:55:00,3.355,3.355,3.31,3.31,450,0
2017-03-29,16:00:00,3.324,3.324,3.31,3.31,300,0
2017-03-29,16:05:00,3.331,3.3351,3.33,3.3351,1450,0
2017-03-29,16:15:00,3.3319,3.3319,3.3319,3.3319,150,0
2017-03-29,16:25:00,3.32,3.32,3.314,3.314,4400,0
2017-03-29,16:30:00,3.3177,3.3177,3.3177,3.3177,100,0
2017-03-29,16:55:00,3.31,3.3101,3.31,3.3101,450,0
2017-03-29,17:00:00,3.31,3.3142,3.28,3.28,17118,0
2017-03-29,17:05:00,3.284,3.284,3.27,3.27,5090,0
2017-03-29,17:10:00,3.27,3.27,3.27,3.27,100,0
2017-03-29,17:15:00,3.28,3.29,3.27,3.2733,1300,0
2017-03-29,17:20:00,3.27,3.27,3.21,3.21,7800,0
2017-03-29,17:25:00,3.23,3.23,3.225,3.225,300,0
2017-03-29,17:30:00,3.21,3.21,3.1932,3.1932,1140,0
2017-03-29,17:35:00,3.1925,3.1925,3.19,3.19,1681,0
2017-03-29,17:45:00,3.2379,3.2379,3.19,3.19,2300,0
2017-03-29,17:50:00,3.195,3.195,3.195,3.195,1000,0
2017-03-29,17:55:00,3.1999,3.1999,3.1901,3.1901,3250,0
2017-03-29,18:00:00,3.1961,3.1961,3.1948,3.1948,1524,0
2017-03-29,18:05:00,3.1948,3.1953,3.19,3.1953,2700,0
2017-03-29,18:10:00,3.19,3.19,3.19,3.19,4137,0
2017-03-29,18:15:00,3.1984,3.2,3.1984,3.2,1600,0
2017-03-29,18:25:00,3.1943,3.1943,3.19,3.19,2710,0
2017-03-29,18:35:00,3.1668,3.1668,3.11,3.111,6433,0
2017-03-29,18:40:00,3.11,3.11,3.0875,3.0875,3500,0
2017-03-29,18:45:00,3.07,3.0867,3.07,3.07,2300,0
2017-03-29,18:55:00,3.0989,3.0989,3.07,3.07,8200,0
2017-03-29,19:00:00,3.0701,3.0701,3.06,3.06,12675,0
2017-03-29,19:05:00,3.0636,3.0664,3.05,3.0664,1900,0
2017-03-29,19:15:00,3.07,3.07,3.07,3.07,500,0
2017-03-29,19:25:00,3.06,3.06,2.9,2.9553,20047,0
2017-03-29,19:30:00,2.92,2.97,2.92,2.97,750,0
2017-03-29,19:35:00,3,3.09,2.9453,2.9453,1812,0
2017-03-29,19:45:00,3.04,3.09,3.04,3.09,300,0
2017-03-29,19:50:00,3.09,3.12,3.09,3.1052,11500,0
2017-03-29,19:55:00,3.1099,3.1099,3.1099,3.1099,172,0
2017-03-29,20:00:00,2.99,2.99,2.97,2.985,6500,0
2017-03-29,20:10:00,3.05,3.05,2.9984,2.9984,230,0
2017-03-29,20:20:00,2.997,2.997,2.997,2.997,125,0
2017-03-29,20:30:00,2.991,3.0291,2.991,3.0291,1750,0
2017-03-29,20:35:00,3.09,3.1051,3.02,3.02,1850,0
2017-03-29,20:45:00,3.0625,3.0625,3.0489,3.0489,800,0
2017-03-29,20:50:00,3.0411,3.0411,3.0156,3.02,1350,0
2017-03-29,20:55:00,3.0326,3.0326,3.0326,3.0326,1000,0
2017-03-29,21:00:00,3.0201,3.05,3.02,3.027,1000,0
2017-03-29,21:05:00,3.02,3.02,3.02,3.02,100,0
2017-03-29,21:15:00,3.021,3.021,3.02,3.02,3200,0
2017-03-29,21:25:00,3.0673,3.0673,3.0673,3.0673,500,0
2017-03-29,21:50:00,3.11,3.11,3.11,3.11,100,0
2017-03-29,21:55:00,3.11,3.12,3.085,3.12,2221,0
2017-03-29,22:00:00,3.115,3.115,3.04,3.08,6537,0
2017-03-30,15:35:00,3.02,3.18,3.02,3.1265,2943,0
2017-03-30,15:45:00,3.165,3.165,3.165,3.165,153,0
2017-03-30,15:55:00,3.1098,3.1098,3.1098,3.1098,200,0
2017-03-30,16:15:00,3.05,3.05,3.05,3.05,400,0
2017-03-30,16:20:00,3.03,3.03,2.96,2.9655,600,0
2017-03-30,16:35:00,3.0099,3.0099,3.0099,3.0099,200,0
2017-03-30,16:45:00,3.0399,3.04,3.0206,3.04,1484,0
2017-03-30,16:55:00,3.05,3.05,3.0301,3.035,1468,0
2017-03-30,17:00:00,3.005,3.01,3.005,3.01,200,0
2017-03-30,17:30:00,3,3,3,3,200,0
2017-03-30,17:35:00,3.0045,3.0045,3.0045,3.0045,167,0
2017-03-30,17:45:00,3,3.04,3,3.04,2100,0
2017-03-30,17:50:00,3,3.01,3,3.01,583,0
2017-03-30,17:55:00,3.01,3.01,3.01,3.01,100,0
2017-03-30,18:20:00,3,3,3,3,100,0
2017-03-30,18:40:00,3,3,3,3,200,0
2017-03-30,18:45:00,3.0001,3.0001,3,3,600,0
2017-03-30,18:50:00,3,3,3,3,400,0
2017-03-30,18:55:00,3.0008,3.01,3.0008,3.01,563,0
2017-03-30,19:00:00,3,3,3,3,1000,0
2017-03-30,19:20:00,3.0052,3.01,3.0052,3.01,200,0
2017-03-30,19:35:00,3.0078,3.0659,3.0078,3.0659,3051,0
2017-03-30,20:05:00,3.04,3.04,3.04,3.04,100,0
2017-03-30,20:10:00,3.0478,3.05,3.0478,3.05,2700,0
2017-03-30,20:25:00,3.05,3.1,3.05,3.1,5400,0
2017-03-30,20:30:00,3.0966,3.1,3.0942,3.1,11556,0
2017-03-30,20:35:00,3.0954,3.17,3.0952,3.17,8552,0
2017-03-30,20:40:00,3.162,3.17,3.162,3.17,2800,0
2017-03-30,20:45:00,3.17,3.17,3.17,3.17,400,0
2017-03-30,20:50:00,3.1241,3.15,3.1241,3.15,2300,0
2017-03-30,20:55:00,3.17,3.19,3.17,3.17,7586,0
2017-03-30,21:00:00,3.17,3.174,3.1699,3.174,2000,0
2017-03-30,21:05:00,3.1751,3.18,3.16,3.16,790,0
2017-03-30,21:10:00,3.1365,3.1365,3.1365,3.1365,200,0
2017-03-30,21:15:00,3.1328,3.2,3.1328,3.2,6400,0
2017-03-30,21:20:00,3.2,3.2,3.1968,3.1968,200,0
2017-03-30,21:25:00,3.1806,3.2,3.176,3.176,3700,0
2017-03-30,21:35:00,3.16,3.2,3.16,3.2,2900,0
2017-03-30,21:40:00,3.2,3.25,3.2,3.212,6819,0
2017-03-30,21:45:00,3.2376,3.25,3.2117,3.24,9872,0
2017-03-30,21:50:00,3.2331,3.235,3.17,3.17,5206,0
2017-03-30,21:55:00,3.23,3.23,3.23,3.23,120,0
2017-03-30,22:00:00,3.18,3.195,3.12,3.14,3009,0
2017-03-31,15:35:00,3.07,3.07,3.07,3.07,241,0
2017-03-31,15:40:00,3.0707,3.0707,3.0707,3.0707,115,0
2017-03-31,16:30:00,3.1282,3.1282,3.1282,3.1282,200,0
2017-03-31,16:35:00,3.1473,3.1473,3.1473,3.1473,1000,0
2017-03-31,16:40:00,3.13,3.1605,3.13,3.1605,450,0
2017-03-31,16:55:00,3.1385,3.1385,3.1385,3.1385,765,0
2017-03-31,17:00:00,3.1321,3.1321,3.1321,3.1321,809,0
2017-03-31,17:15:00,3.1594,3.1594,3.13,3.14,900,0
2017-03-31,17:25:00,3.1316,3.1316,3.1316,3.1316,550,0
2017-03-31,17:30:00,3.1356,3.1356,3.1356,3.1356,100,0
2017-03-31,18:15:00,3.14,3.15,3.1356,3.15,1322,0
2017-03-31,18:20:00,3.1468,3.1468,3.1468,3.1468,500,0
2017-03-31,18:35:00,3.15,3.15,3.15,3.15,100,0
2017-03-31,19:05:00,3.14,3.1401,3.1301,3.1401,550,0
2017-03-31,19:10:00,3.13,3.1792,3.13,3.1792,679,0
2017-03-31,19:15:00,3.16,3.16,3.16,3.16,100,0
2017-03-31,19:25:00,3.16,3.16,3.16,3.16,100,0
2017-03-31,19:35:00,3.1413,3.1413,3.1413,3.1413,500,0
2017-03-31,19:40:00,3.13,3.13,3.13,3.13,100,0
2017-03-31,19:45:00,3.13,3.1453,3.13,3.1453,2363,0
2017-03-31,20:10:00,3.1328,3.1328,3.1328,3.1328,1250,0
2017-03-31,20:20:00,3.13,3.13,3.13,3.13,100,0
2017-03-31,20:35:00,3.1338,3.19,3.1321,3.18,7350,0
2017-03-31,20:40:00,3.179,3.179,3.179,3.179,400,0
2017-03-31,20:45:00,3.17,3.17,3.17,3.17,100,0
2017-03-31,20:50:00,3.1416,3.1416,3.1416,3.1416,100,0
2017-03-31,20:55:00,3.1456,3.16,3.1456,3.16,400,0
2017-03-31,21:00:00,3.1576,3.1576,3.1576,3.1576,1000,0
2017-03-31,21:15:00,3.15,3.1577,3.13,3.1577,4300,0
2017-03-31,21:20:00,3.1811,3.28,3.1684,3.1684,5850,0
2017-03-31,21:25:00,3.14,3.14,3.14,3.14,472,0
2017-03-31,21:40:00,3.16,3.16,3.16,3.16,100,0
2017-03-31,21:45:00,3.15,3.15,3.1472,3.15,500,0
2017-03-31,21:50:00,3.16,3.16,3.16,3.16,100,0
2017-03-31,21:55:00,3.1602,3.17,3.1602,3.17,1026,0
2017-03-31,22:00:00,3.1601,3.2,3.1601,3.18,2569,0
2017-04-03,15:35:00,3.12,3.12,2.75,2.75,56725,0
2017-04-03,15:40:00,2.77,2.94,2.77,2.9144,5609,0
2017-04-03,15:45:00,2.917,2.94,2.917,2.94,1720,0
2017-04-03,15:55:00,2.92,2.93,2.92,2.93,200,0
2017-04-03,16:00:00,2.9324,2.9399,2.898,2.9399,10564,0
2017-04-03,16:05:00,2.9399,2.9399,2.9399,2.9399,1000,0
2017-04-03,16:10:00,2.94,2.94,2.94,2.94,200,0
2017-04-03,16:20:00,2.92,2.9283,2.92,2.9283,2000,0
2017-04-03,16:25:00,2.94,2.95,2.92,2.95,2500,0
2017-04-03,16:30:00,2.94,2.95,2.94,2.945,800,0
2017-04-03,16:35:00,3.01,3.01,2.95,2.95,1000,0
2017-04-03,16:40:00,2.9903,2.9903,2.9903,2.9903,385,0
2017-04-03,16:50:00,2.9257,2.9257,2.9257,2.9257,200,0
2017-04-03,16:55:00,2.94,2.95,2.94,2.95,2300,0
2017-04-03,17:00:00,2.95,2.95,2.95,2.95,100,0
2017-04-03,17:05:00,2.93,2.93,2.92,2.92,300,0
2017-04-03,17:10:00,2.94,2.94,2.92,2.92,1340,0
2017-04-03,17:35:00,2.94,2.94,2.88,2.93,4900,0
2017-04-03,17:40:00,2.8992,2.8992,2.8992,2.8992,1700,0
2017-04-03,17:50:00,2.925,2.94,2.925,2.94,300,0
2017-04-03,18:05:00,2.9382,2.9382,2.9382,2.9382,300,0
2017-04-03,18:15:00,2.9292,2.97,2.9292,2.93,5228,0
2017-04-03,18:25:00,2.9598,2.99,2.9598,2.99,1800,0
2017-04-03,18:35:00,2.98,2.99,2.97,2.97,1399,0
2017-04-03,19:05:00,2.95,2.95,2.95,2.95,200,0
2017-04-03,19:30:00,2.97,2.97,2.96,2.97,300,0
2017-04-03,19:35:00,2.99,3.05,2.97,3.05,600,0
2017-04-03,19:45:00,3,3.01,3,3.01,400,0
2017-04-03,20:05:00,3.02,3.02,3.02,3.02,1036,0
2017-04-03,21:00:00,3.03,3.12,3.0272,3.05,2300,0
2017-04-03,21:05:00,3.02,3.02,3.004,3.02,3400,0
2017-04-03,21:10:00,3.005,3.011,3,3.01,6796,0
2017-04-03,21:15:00,3.02,3.02,3.005,3.02,5500,0
2017-04-03,21:20:00,3.001,3.01,3.001,3.01,2747,0
2017-04-03,21:25:00,3.0055,3.01,3.0055,3.01,2200,0
2017-04-03,21:30:00,3.005,3.0722,3,3.0199,13368,0
2017-04-03,21:35:00,3.0199,3.08,3.0145,3.0425,12200,0
2017-04-03,21:40:00,3.045,3.05,3.04,3.04,1200,0
2017-04-03,21:45:00,3.0499,3.0499,3.0341,3.0341,2430,0
2017-04-03,21:55:00,3.0289,3.0289,3.02,3.02,300,0
2017-04-03,22:00:00,3.0299,3.03,3.02,3.03,5978,0
2017-04-04,15:35:00,2.65,2.8699,2.65,2.8699,9875,0
2017-04-04,15:45:00,2.828,2.83,2.81,2.81,1000,0
2017-04-04,15:50:00,2.85,2.8699,2.83,2.84,5400,0
2017-04-04,15:55:00,2.84,2.84,2.83,2.84,4900,0
2017-04-04,16:00:00,2.8301,2.87,2.83,2.85,7912,0
2017-04-04,16:05:00,2.8401,2.8443,2.84,2.8401,3053,0
2017-04-04,16:30:00,2.8737,2.9319,2.85,2.8803,6500,0
2017-04-04,16:35:00,2.9,2.9,2.9,2.9,200,0
2017-04-04,16:50:00,2.8643,2.8643,2.8643,2.8643,325,0
2017-04-04,17:00:00,2.8601,2.8601,2.8601,2.8601,500,0
2017-04-04,17:15:00,2.95,2.95,2.87,2.87,2100,0
2017-04-04,17:30:00,2.89,2.89,2.89,2.89,400,0
2017-04-04,17:35:00,2.89,2.89,2.88,2.89,2000,0
2017-04-04,17:40:00,2.89,2.89,2.89,2.89,400,0
2017-04-04,18:00:00,2.9,2.9,2.89,2.89,300,0
2017-04-04,18:05:00,2.88,2.8838,2.88,2.8838,1100,0
2017-04-04,19:00:00,2.8801,2.8801,2.88,2.88,200,0
2017-04-04,19:30:00,2.9,2.9,2.9,2.9,500,0
2017-04-04,19:45:00,2.9199,2.9199,2.9199,2.9199,250,0
2017-04-04,19:50:00,2.9098,2.9098,2.9098,2.9098,100,0
2017-04-04,19:55:00,2.92,2.92,2.915,2.92,1600,0
2017-04-04,20:05:00,2.915,2.915,2.91,2.91,539,0
2017-04-04,20:15:00,2.89,2.9,2.85,2.85,1845,0
2017-04-04,20:30:00,2.87,2.87,2.87,2.87,300,0
2017-04-04,20:45:00,2.865,2.865,2.86,2.86,200,0
2017-04-04,20:55:00,2.86,2.86,2.86,2.86,100,0
2017-04-04,21:05:00,2.86,2.86,2.848,2.848,1100,0
2017-04-04,21:15:00,2.8488,2.8488,2.845,2.845,350,0
2017-04-04,21:25:00,2.84,2.84,2.84,2.84,200,0
2017-04-04,21:30:00,2.835,2.835,2.83,2.8301,1058,0
2017-04-04,21:35:00,2.84,2.84,2.84,2.84,1000,0
2017-04-04,21:55:00,2.83,2.84,2.83,2.84,600,0
2017-04-04,22:00:00,2.84,2.84,2.8001,2.84,5939,0
2017-04-05,15:35:00,2.81,2.84,2.76,2.84,1753,0
2017-04-05,16:10:00,2.8501,2.8501,2.85,2.85,2800,0
2017-04-05,16:15:00,2.841,2.85,2.84,2.85,6672,0
2017-04-05,16:40:00,2.8628,2.8628,2.8628,2.8628,1000,0
2017-04-05,16:50:00,2.87,2.87,2.87,2.87,100,0
2017-04-05,16:55:00,2.87,2.87,2.87,2.87,100,0
2017-04-05,17:10:00,2.8657,2.885,2.8522,2.8522,500,0
2017-04-05,17:15:00,2.85,2.85,2.84,2.84,7400,0
2017-04-05,17:50:00,2.7752,2.7752,2.7752,2.7752,200,0
2017-04-05,17:55:00,2.78,2.7842,2.7652,2.7652,471,0
2017-04-05,18:05:00,2.76,2.77,2.75,2.76,5000,0
2017-04-05,18:10:00,2.7515,2.7515,2.7515,2.7515,200,0
2017-04-05,18:15:00,2.75,2.7699,2.75,2.7699,2100,0
2017-04-05,18:20:00,2.75,2.76,2.75,2.76,2708,0
2017-04-05,18:55:00,2.76,2.76,2.76,2.76,900,0
2017-04-05,19:25:00,2.7785,2.7785,2.75,2.75,7800,0
2017-04-05,19:30:00,2.75,2.75,2.75,2.75,400,0
2017-04-05,19:40:00,2.76,2.76,2.75,2.75,900,0
2017-04-05,19:45:00,2.755,2.76,2.75,2.75,10680,0
2017-04-05,19:50:00,2.75,2.755,2.75,2.7542,800,0
2017-04-05,20:00:00,2.75,2.75,2.75,2.75,400,0
2017-04-05,20:10:00,2.76,2.8,2.76,2.8,2700,0
2017-04-05,20:20:00,2.8,2.8,2.8,2.8,200,0
2017-04-05,20:25:00,2.8,2.8,2.8,2.8,208,0
2017-04-05,20:50:00,2.75,2.7528,2.75,2.7528,1880,0
2017-04-05,20:55:00,2.75,2.75,2.75,2.75,400,0
2017-04-05,21:00:00,2.75,2.76,2.75,2.76,7700,0
2017-04-05,21:10:00,2.76,2.76,2.76,2.76,200,0
2017-04-05,21:15:00,2.7802,2.82,2.7802,2.82,2100,0
2017-04-05,21:45:00,2.793,2.83,2.793,2.83,1600,0
2017-04-05,21:50:00,2.75,2.75,2.75,2.75,253,0
2017-04-05,22:00:00,2.7507,2.78,2.75,2.78,4866,0
2017-04-06,15:35:00,2.75,2.75,2.75,2.75,210,0
2017-04-06,15:40:00,2.76,2.76,2.76,2.76,100,0
2017-04-06,15:55:00,2.7501,2.7501,2.7501,2.7501,220,0
2017-04-06,16:15:00,2.76,2.76,2.76,2.76,1000,0
2017-04-06,16:20:00,2.7819,2.7819,2.7819,2.7819,100,0
2017-04-06,16:30:00,2.84,2.84,2.7563,2.7563,622,0
2017-04-06,16:35:00,2.79,2.79,2.79,2.79,100,0
2017-04-06,18:10:00,2.7704,2.7704,2.7704,2.7704,2000,0
2017-04-06,18:30:00,2.77,2.77,2.77,2.77,200,0
2017-04-06,19:00:00,2.7601,2.7629,2.76,2.76,7000,0
2017-04-06,19:05:00,2.76,2.77,2.75,2.76,1000,0
2017-04-06,19:30:00,2.75,2.75,2.75,2.75,200,0
2017-04-06,19:35:00,2.7699,2.7699,2.76,2.76,1200,0
2017-04-06,19:50:00,2.75,2.75,2.75,2.75,3428,0
2017-04-06,19:55:00,2.75,2.75,2.75,2.75,500,0
2017-04-06,20:00:00,2.76,2.78,2.76,2.78,800,0
2017-04-06,20:05:00,2.78,2.78,2.7599,2.7599,4800,0
2017-04-06,20:10:00,2.76,2.7646,2.75,2.7646,3100,0
2017-04-06,20:15:00,2.76,2.76,2.75,2.75,500,0
2017-04-06,20:25:00,2.75,2.75,2.75,2.75,200,0
2017-04-06,20:50:00,2.75,2.75,2.75,2.75,600,0
2017-04-06,20:55:00,2.75,2.75,2.75,2.75,100,0
2017-04-06,21:00:00,2.7542,2.7542,2.7542,2.7542,3680,0
2017-04-06,21:05:00,2.75,2.7525,2.75,2.75,1400,0
2017-04-06,21:10:00,2.76,2.76,2.75,2.75,700,0
2017-04-06,21:25:00,2.76,2.76,2.76,2.76,100,0
2017-04-06,21:30:00,2.75,2.75,2.75,2.75,100,0
2017-04-06,21:35:00,2.75,2.75,2.75,2.75,700,0
2017-04-06,21:40:00,2.75,2.75,2.7,2.7,28078,0
2017-04-06,21:45:00,2.69,2.722,2.69,2.722,1100,0
2017-04-06,21:55:00,2.7,2.74,2.7,2.74,1100,0
2017-04-07,15:35:00,2.74,2.7731,2.74,2.7731,965,0
2017-04-07,15:45:00,2.7406,2.7406,2.7406,2.7406,3000,0
2017-04-07,16:15:00,2.75,2.75,2.74,2.74,300,0
2017-04-07,16:30:00,2.74,2.74,2.74,2.74,800,0
2017-04-07,16:35:00,2.74,2.74,2.74,2.74,700,0
2017-04-07,17:25:00,2.73,2.73,2.73,2.73,400,0
2017-04-07,17:30:00,2.739,2.739,2.739,2.739,2950,0
2017-04-07,19:00:00,2.71,2.71,2.71,2.71,100,0
2017-04-07,19:45:00,2.7155,2.7155,2.7155,2.7155,100,0
2017-04-07,19:50:00,2.7111,2.7111,2.7111,2.7111,500,0
2017-04-07,19:55:00,2.7135,2.7135,2.71,2.71,5491,0
2017-04-07,20:40:00,2.71,2.72,2.71,2.72,300,0
2017-04-07,21:05:00,2.7,2.7,2.65,2.65,3840,0
2017-04-07,21:10:00,2.651,2.6607,2.65,2.65,7200,0
2017-04-07,21:15:00,2.65,2.662,2.65,2.662,1400,0
2017-04-07,21:20:00,2.66,2.66,2.63,2.63,5862,0
2017-04-07,21:25:00,2.63,2.63,2.62,2.63,1800,0
2017-04-07,21:30:00,2.611,2.611,2.611,2.611,500,0
2017-04-07,21:35:00,2.6102,2.62,2.61,2.62,2900,0
2017-04-07,21:40:00,2.64,2.64,2.64,2.64,100,0
2017-04-07,21:45:00,2.6423,2.6423,2.6423,2.6423,155,0
2017-04-07,21:55:00,2.62,2.62,2.62,2.62,938,0
2017-04-07,22:00:00,2.63,2.66,2.63,2.63,875,0
2017-04-10,15:35:00,2.65,2.65,2.65,2.65,400,0
2017-04-10,15:45:00,2.63,2.63,2.63,2.63,600,0
2017-04-10,15:55:00,2.63,2.63,2.63,2.63,1000,0
2017-04-10,16:05:00,2.6127,2.6127,2.6127,2.6127,200,0
2017-04-10,16:20:00,2.63,2.63,2.63,2.63,1453,0
2017-04-10,16:30:00,2.649,2.649,2.649,2.649,750,0
2017-04-10,17:05:00,2.65,2.65,2.65,2.65,100,0
2017-04-10,17:20:00,2.6499,2.6499,2.634,2.64,6300,0
2017-04-10,17:25:00,2.649,2.649,2.649,2.649,1250,0
2017-04-10,18:00:00,2.6201,2.6201,2.6201,2.6201,4000,0
2017-04-10,18:25:00,2.65,2.65,2.65,2.65,100,0
2017-04-10,18:45:00,2.65,2.6553,2.641,2.6553,5850,0
2017-04-10,18:50:00,2.665,2.665,2.65,2.65,2000,0
2017-04-10,18:55:00,2.6553,2.6553,2.6553,2.6553,500,0
2017-04-10,19:05:00,2.68,2.7,2.68,2.7,500,0
2017-04-10,19:20:00,2.7549,2.7549,2.7549,2.7549,500,0
2017-04-10,19:25:00,2.7572,2.7572,2.7455,2.7455,800,0
2017-04-10,19:55:00,2.7107,2.7107,2.7107,2.7107,300,0
2017-04-10,20:15:00,2.7092,2.7092,2.7092,2.7092,1500,0
2017-04-10,21:15:00,2.709,2.709,2.7,2.7,1200,0
2017-04-10,21:20:00,2.7108,2.7108,2.7108,2.7108,500,0
2017-04-10,21:55:00,2.72,2.72,2.68,2.68,309,0
2017-04-10,22:00:00,2.67,2.7,2.67,2.7,200,0
2017-04-11,16:10:00,2.672,2.672,2.672,2.672,100,0
2017-04-11,16:20:00,2.6701,2.6701,2.6701,2.6701,1000,0
2017-04-11,16:25:00,2.7,2.72,2.7,2.72,400,0
2017-04-11,16:30:00,2.75,2.76,2.75,2.76,1000,0
2017-04-11,16:40:00,2.74,2.74,2.74,2.74,200,0
2017-04-11,16:55:00,2.74,2.74,2.74,2.74,200,0
2017-04-11,17:15:00,2.737,2.75,2.737,2.75,2600,0
2017-04-11,17:20:00,2.72,2.72,2.71,2.71,500,0
2017-04-11,17:25:00,2.7,2.7,2.7,2.7,400,0
2017-04-11,17:30:00,2.7,2.7,2.68,2.68,500,0
2017-04-11,17:35:00,2.68,2.68,2.68,2.68,400,0
2017-04-11,17:40:00,2.68,2.68,2.67,2.67,1000,0
2017-04-11,17:45:00,2.6699,2.6699,2.64,2.64,300,0
2017-04-11,17:50:00,2.64,2.64,2.63,2.63,400,0
2017-04-11,17:55:00,2.63,2.63,2.62,2.62,300,0
2017-04-11,18:00:00,2.6,2.61,2.6,2.61,400,0
2017-04-11,18:05:00,2.6,2.78,2.6,2.67,3800,0
2017-04-11,18:10:00,2.66,2.71,2.62,2.6497,2900,0
2017-04-11,18:15:00,2.66,2.66,2.66,2.66,200,0
2017-04-11,18:20:00,2.61,2.65,2.61,2.65,500,0
2017-04-11,18:25:00,2.65,2.65,2.62,2.63,772,0
2017-04-11,18:30:00,2.62,2.62,2.62,2.62,300,0
2017-04-11,18:35:00,2.62,2.62,2.62,2.62,400,0
2017-04-11,18:40:00,2.63,2.6599,2.63,2.63,450,0
2017-04-11,18:45:00,2.63,2.63,2.62,2.62,300,0
2017-04-11,18:50:00,2.64,2.64,2.64,2.64,300,0
2017-04-11,18:55:00,2.64,2.645,2.63,2.63,400,0
2017-04-11,19:00:00,2.63,2.645,2.63,2.645,300,0
2017-04-11,19:05:00,2.63,2.63,2.63,2.63,300,0
2017-04-11,19:10:00,2.63,2.63,2.6,2.6,400,0
2017-04-11,19:15:00,2.6,2.6,2.6,2.6,1550,0
2017-04-11,19:20:00,2.6,2.61,2.6,2.61,300,0
2017-04-11,19:25:00,2.61,2.63,2.61,2.63,400,0
2017-04-11,19:30:00,2.61,2.61,2.61,2.61,300,0
2017-04-11,19:35:00,2.61,2.61,2.61,2.61,300,0
2017-04-11,19:40:00,2.61,2.63,2.61,2.63,400,0
2017-04-11,19:45:00,2.63,2.63,2.63,2.63,300,0
2017-04-11,19:50:00,2.63,2.63,2.63,2.63,300,0
2017-04-11,19:55:00,2.62,2.62,2.61,2.61,300,0
2017-04-11,20:00:00,2.6212,2.63,2.61,2.61,3005,0
2017-04-11,20:05:00,2.63,2.65,2.63,2.6419,4632,0
2017-04-11,20:10:00,2.65,2.65,2.61,2.61,6700,0
2017-04-11,20:15:00,2.63,2.63,2.61,2.61,400,0
2017-04-11,20:20:00,2.61,2.63,2.61,2.61,400,0
2017-04-11,20:25:00,2.61,2.625,2.61,2.625,400,0
2017-04-11,20:30:00,2.625,2.625,2.625,2.625,400,0
2017-04-11,20:35:00,2.625,2.625,2.6205,2.625,500,0
2017-04-11,20:40:00,2.625,2.625,2.625,2.625,400,0
2017-04-11,20:45:00,2.625,2.625,2.61,2.61,400,0
2017-04-11,20:50:00,2.61,2.61,2.61,2.61,800,0
2017-04-11,20:55:00,2.61,2.61,2.61,2.61,400,0
2017-04-11,21:00:00,2.6211,2.6211,2.6,2.6,4350,0
2017-04-11,21:05:00,2.6,2.6,2.55,2.56,2000,0
2017-04-11,21:10:00,2.57,2.58,2.56,2.57,800,0
2017-04-11,21:15:00,2.57,2.58,2.57,2.58,400,0
2017-04-11,21:20:00,2.58,2.58,2.57,2.57,900,0
2017-04-11,21:25:00,2.57,2.57,2.56,2.56,1100,0
2017-04-11,21:30:00,2.56,2.5661,2.56,2.56,1100,0
2017-04-11,21:40:00,2.572,2.572,2.572,2.572,100,0
2017-04-11,22:00:00,2.6,2.6,2.57,2.57,249,0
2017-04-12,15:35:00,2.64,2.64,2.55,2.5539,1893,0
2017-04-12,15:40:00,2.56,2.56,2.55,2.55,200,0
2017-04-12,16:10:00,2.55,2.55,2.55,2.55,1000,0
2017-04-12,16:20:00,2.5799,2.5799,2.5799,2.5799,200,0
2017-04-12,16:30:00,2.58,2.5928,2.58,2.58,800,0
2017-04-12,16:55:00,2.6,2.6,2.58,2.58,300,0
2017-04-12,17:20:00,2.5964,2.5964,2.58,2.58,2600,0
2017-04-12,17:30:00,2.5835,2.5835,2.5835,2.5835,330,0
2017-04-12,17:40:00,2.58,2.58,2.58,2.58,200,0
2017-04-12,17:50:00,2.6,2.6,2.58,2.58,200,0
2017-04-12,19:10:00,2.5539,2.59,2.55,2.59,4150,0
2017-04-12,19:25:00,2.575,2.575,2.575,2.575,100,0
2017-04-12,19:40:00,2.55,2.55,2.55,2.55,1000,0
2017-04-12,19:55:00,2.56,2.56,2.56,2.56,100,0
2017-04-12,20:05:00,2.56,2.56,2.56,2.56,100,0
2017-04-12,22:00:00,2.56,2.6,2.56,2.6,2517,0
2017-04-13,15:35:00,2.5338,2.5338,2.5338,2.5338,2400,0
2017-04-13,15:45:00,2.55,2.55,2.55,2.55,200,0
2017-04-13,16:35:00,2.55,2.55,2.5201,2.5201,3449,0
2017-04-13,16:55:00,2.52,2.52,2.52,2.52,100,0
2017-04-13,17:00:00,2.52,2.5276,2.52,2.5264,930,0
2017-04-13,17:05:00,2.52,2.5221,2.52,2.52,900,0
2017-04-13,17:15:00,2.54,2.549,2.54,2.549,500,0
2017-04-13,17:20:00,2.5407,2.5407,2.5407,2.5407,200,0
2017-04-13,17:25:00,2.5314,2.5314,2.5314,2.5314,700,0
2017-04-13,17:55:00,2.55,2.55,2.55,2.55,100,0
2017-04-13,18:05:00,2.52,2.52,2.52,2.52,100,0
2017-04-13,18:20:00,2.52,2.5276,2.52,2.5276,400,0
2017-04-13,18:35:00,2.52,2.5232,2.52,2.5232,7900,0
2017-04-13,19:00:00,2.53,2.54,2.53,2.54,200,0
2017-04-13,19:10:00,2.5302,2.54,2.5302,2.54,200,0
2017-04-13,19:35:00,2.534,2.534,2.534,2.534,500,0
2017-04-13,19:45:00,2.54,2.54,2.53,2.53,400,0
2017-04-13,19:50:00,2.5364,2.5499,2.52,2.5499,10816,0
2017-04-13,19:55:00,2.5421,2.5421,2.5421,2.5421,100,0
2017-04-13,20:05:00,2.5338,2.5368,2.52,2.52,4000,0
2017-04-13,20:10:00,2.5322,2.5322,2.52,2.52,7800,0
2017-04-13,20:50:00,2.54,2.54,2.54,2.54,100,0
2017-04-13,21:10:00,2.5294,2.54,2.5294,2.54,2100,0
2017-04-13,21:20:00,2.53,2.53,2.53,2.53,100,0
2017-04-13,21:40:00,2.52,2.52,2.52,2.52,500,0
2017-04-13,21:50:00,2.53,2.53,2.52,2.52,300,0
2017-04-13,21:55:00,2.5295,2.5295,2.5295,2.5295,1500,0
2017-04-13,22:00:00,2.52,2.55,2.52,2.55,1700,0
2017-04-17,15:35:00,2.59,2.59,2.58,2.58,200,0
2017-04-17,15:40:00,2.57,2.57,2.57,2.57,400,0
2017-04-17,15:50:00,2.5899,2.5899,2.57,2.57,396,0
2017-04-17,16:35:00,2.5739,2.5739,2.5739,2.5739,350,0
2017-04-17,16:45:00,2.576,2.576,2.57,2.57,1000,0
2017-04-17,19:05:00,2.5774,2.5774,2.5774,2.5774,4000,0
2017-04-17,19:15:00,2.58,2.58,2.58,2.58,100,0
2017-04-17,19:30:00,2.5701,2.5736,2.57,2.57,3000,0
2017-04-17,19:35:00,2.589,2.589,2.589,2.589,200,0
2017-04-17,19:50:00,2.57,2.57,2.57,2.57,330,0
2017-04-17,21:00:00,2.5732,2.5732,2.5732,2.5732,250,0
2017-04-17,21:05:00,2.57,2.57,2.55,2.55,2525,0
2017-04-17,21:10:00,2.55,2.56,2.55,2.56,1500,0
2017-04-17,21:45:00,2.56,2.57,2.56,2.56,600,0
2017-04-17,21:55:00,2.57,2.572,2.57,2.572,1000,0
2017-04-17,22:00:00,2.555,2.555,2.555,2.555,100,0
2017-04-18,15:35:00,2.55,2.55,2.55,2.55,100,0
2017-04-18,15:40:00,2.52,2.53,2.52,2.53,200,0
2017-04-18,15:55:00,2.53,2.53,2.53,2.53,100,0
2017-04-18,16:10:00,2.53,2.535,2.52,2.535,2697,0
2017-04-18,16:15:00,2.52,2.52,2.52,2.52,24112,0
2017-04-18,17:00:00,2.534,2.534,2.534,2.534,1000,0
2017-04-18,17:35:00,2.52,2.52,2.52,2.52,1000,0
2017-04-18,17:40:00,2.52,2.52,2.52,2.52,400,0
2017-04-18,17:55:00,2.5326,2.5326,2.5326,2.5326,1000,0
2017-04-18,18:40:00,2.5368,2.5368,2.5368,2.5368,500,0
2017-04-18,19:10:00,2.52,2.52,2.52,2.52,300,0
2017-04-18,19:15:00,2.535,2.535,2.535,2.535,125,0
2017-04-18,19:20:00,2.52,2.53,2.52,2.53,600,0
2017-04-18,19:25:00,2.53,2.53,2.53,2.53,100,0
2017-04-18,19:35:00,2.52,2.52,2.52,2.52,500,0
2017-04-18,20:00:00,2.52,2.52,2.52,2.52,300,0
2017-04-18,20:05:00,2.5233,2.5233,2.52,2.52,250,0
2017-04-18,20:20:00,2.52,2.5299,2.52,2.5299,850,0
2017-04-18,20:45:00,2.52,2.523,2.52,2.523,435,0
2017-04-18,20:50:00,2.52,2.52,2.52,2.52,700,0
2017-04-18,20:55:00,2.52,2.52,2.52,2.52,300,0
2017-04-18,21:05:00,2.52,2.53,2.52,2.53,1100,0
2017-04-18,21:45:00,2.52,2.52,2.5,2.5,2400,0
2017-04-18,21:50:00,2.52,2.52,2.52,2.52,400,0
2017-04-18,22:00:00,2.52,2.52,2.52,2.52,200,0
2017-04-19,15:35:00,2.52,2.52,2.52,2.52,275,0
2017-04-19,15:40:00,2.539,2.539,2.539,2.539,925,0
2017-04-19,16:30:00,2.5201,2.54,2.52,2.5398,11222,0
2017-04-19,16:50:00,2.5303,2.54,2.52,2.54,2700,0
2017-04-19,17:15:00,2.55,2.55,2.55,2.55,500,0
2017-04-19,17:20:00,2.5501,2.56,2.55,2.55,2100,0
2017-04-19,17:45:00,2.5639,2.5639,2.5639,2.5639,100,0
2017-04-19,17:50:00,2.64,2.64,2.57,2.57,200,0
2017-04-19,18:15:00,2.5626,2.5626,2.56,2.56,1100,0
2017-04-19,18:25:00,2.6251,2.6251,2.56,2.56,1100,0
2017-04-19,18:45:00,2.5601,2.5669,2.56,2.56,2350,0
2017-04-19,18:50:00,2.55,2.58,2.55,2.55,7200,0
2017-04-19,19:20:00,2.585,2.59,2.585,2.59,200,0
2017-04-19,19:25:00,2.5864,2.5986,2.54,2.55,5400,0
2017-04-19,19:30:00,2.54,2.54,2.54,2.54,400,0
2017-04-19,20:45:00,2.54,2.54,2.54,2.54,811,0
2017-04-19,21:00:00,2.53,2.53,2.52,2.52,3050,0
2017-04-19,21:05:00,2.53,2.53,2.53,2.53,100,0
2017-04-19,21:25:00,2.53,2.53,2.53,2.53,100,0
2017-04-19,21:45:00,2.53,2.53,2.53,2.53,100,0
2017-04-19,21:50:00,2.53,2.53,2.53,2.53,739,0
2017-04-19,22:00:00,2.54,2.5405,2.53,2.53,1436,0
2017-04-20,15:35:00,2.53,2.53,2.52,2.52,2670,0
2017-04-20,15:40:00,2.53,2.54,2.53,2.54,700,0
2017-04-20,15:50:00,2.5761,2.5761,2.5761,2.5761,500,0
2017-04-20,16:00:00,2.5426,2.55,2.5426,2.55,600,0
2017-04-20,16:10:00,2.5964,2.5964,2.5964,2.5964,2000,0
2017-04-20,16:20:00,2.55,2.5507,2.55,2.55,600,0
2017-04-20,16:30:00,2.55,2.55,2.55,2.55,100,0
2017-04-20,17:00:00,2.5558,2.5558,2.5558,2.5558,100,0
2017-04-20,17:05:00,2.56,2.56,2.56,2.56,1000,0
2017-04-20,17:10:00,2.55,2.56,2.55,2.55,900,0
2017-04-20,17:25:00,2.55,2.56,2.55,2.56,300,0
2017-04-20,17:40:00,2.56,2.56,2.55,2.5561,600,0
2017-04-20,18:20:00,2.54,2.54,2.54,2.54,3250,0
2017-04-20,18:25:00,2.545,2.5454,2.545,2.545,3000,0
2017-04-20,18:30:00,2.544,2.544,2.53,2.53,1100,0
2017-04-20,18:35:00,2.5354,2.5354,2.5354,2.5354,400,0
2017-04-20,18:55:00,2.54,2.55,2.54,2.54,2200,0
2017-04-20,19:05:00,2.54,2.54,2.54,2.54,100,0
2017-04-20,19:55:00,2.53,2.53,2.53,2.53,200,0
2017-04-20,20:25:00,2.53,2.545,2.53,2.545,500,0
2017-04-20,21:00:00,2.53,2.53,2.53,2.53,100,0
2017-04-20,21:50:00,2.54,2.54,2.54,2.54,100,0
2017-04-20,22:00:00,2.56,2.56,2.53,2.535,900,0
2017-04-21,15:35:00,2.53,2.53,2.52,2.52,1990,0
2017-04-21,15:40:00,2.5218,2.5218,2.5218,2.5218,200,0
2017-04-21,16:45:00,2.5203,2.54,2.5203,2.54,4971,0
2017-04-21,17:05:00,2.54,2.54,2.54,2.54,100,0
2017-04-21,17:25:00,2.52,2.5226,2.52,2.5226,846,0
2017-04-21,18:20:00,2.53,2.53,2.53,2.53,300,0
2017-04-21,18:40:00,2.5294,2.5294,2.5248,2.5248,200,0
2017-04-21,19:00:00,2.53,2.53,2.53,2.53,200,0
2017-04-21,20:50:00,2.53,2.53,2.53,2.53,200,0
2017-04-21,20:55:00,2.53,2.53,2.53,2.53,400,0
2017-04-21,21:40:00,2.53,2.53,2.52,2.52,3601,0
2017-04-21,21:50:00,2.52,2.52,2.52,2.52,100,0
2017-04-21,21:55:00,2.52,2.52,2.52,2.52,100,0
2017-04-21,22:00:00,2.52,2.52,2.52,2.52,417,0
2017-04-24,15:35:00,2.58,2.58,2.58,2.58,250,0
2017-04-24,15:40:00,2.5824,2.5824,2.51,2.51,2348,0
2017-04-24,16:15:00,2.52,2.54,2.52,2.54,400,0
2017-04-24,18:00:00,2.52,2.52,2.49,2.49,838,0
2017-04-24,18:10:00,2.52,2.52,2.49,2.52,3000,0
2017-04-24,18:20:00,2.51,2.52,2.51,2.52,200,0
2017-04-24,19:25:00,2.5198,2.5199,2.5,2.5,700,0
2017-04-24,19:40:00,2.5,2.5025,2.5,2.5025,200,0
2017-04-24,19:55:00,2.5114,2.5114,2.5,2.5,500,0
2017-04-24,20:30:00,2.51,2.51,2.51,2.51,100,0
2017-04-24,20:55:00,2.52,2.52,2.5,2.52,600,0
2017-04-24,21:35:00,2.52,2.52,2.51,2.5192,2900,0
2017-04-24,21:40:00,2.51,2.52,2.51,2.5192,1000,0
2017-04-24,21:45:00,2.52,2.52,2.5189,2.52,700,0
2017-04-24,21:50:00,2.51,2.51,2.51,2.51,100,0
2017-04-24,21:55:00,2.52,2.52,2.5,2.52,1100,0
2017-04-24,22:00:00,2.5,2.5,2.485,2.485,2495,0
2017-04-25,15:35:00,2.48,2.48,2.48,2.48,175,0
2017-04-25,15:45:00,2.508,2.508,2.508,2.508,2000,0
2017-04-25,15:50:00,2.4801,2.4801,2.4801,2.4801,150,0
2017-04-25,16:10:00,2.5017,2.5017,2.5,2.5,245,0
2017-04-25,16:15:00,2.4948,2.4948,2.4948,2.4948,850,0
2017-04-25,16:45:00,2.4835,2.4835,2.48,2.48,2175,0
2017-04-25,16:50:00,2.4929,2.4929,2.4929,2.4929,957,0
2017-04-25,17:00:00,2.4801,2.4801,2.4801,2.4801,375,0
2017-04-25,17:05:00,2.48,2.48,2.48,2.48,500,0
2017-04-25,17:20:00,2.4894,2.4894,2.47,2.4814,2100,0
2017-04-25,17:25:00,2.471,2.471,2.471,2.471,700,0
2017-04-25,18:00:00,2.4717,2.4717,2.4717,2.4717,350,0
2017-04-25,18:25:00,2.4867,2.4867,2.47,2.47,1100,0
2017-04-25,18:55:00,2.4892,2.4892,2.4892,2.4892,200,0
2017-04-25,19:00:00,2.487,2.487,2.487,2.487,100,0
2017-04-25,19:05:00,2.4911,2.4911,2.4911,2.4911,500,0
2017-04-25,19:10:00,2.5,2.5,2.49,2.49,200,0
2017-04-25,19:15:00,2.5,2.5,2.5,2.5,100,0
2017-04-25,19:40:00,2.5,2.5,2.5,2.5,700,0
2017-04-25,20:05:00,2.5,2.5,2.5,2.5,100,0
2017-04-25,20:35:00,2.5,2.5,2.5,2.5,100,0
2017-04-25,20:55:00,2.5,2.5,2.5,2.5,2800,0
2017-04-25,21:25:00,2.49,2.5,2.49,2.49,300,0
2017-04-25,21:30:00,2.4899,2.4899,2.4899,2.4899,250,0
2017-04-25,21:45:00,2.4872,2.4872,2.4813,2.4813,2802,0
2017-04-25,21:55:00,2.49,2.5,2.48,2.49,920,0
2017-04-25,22:00:00,2.4838,2.4838,2.4511,2.4521,3443,0
2017-04-26,15:35:00,2.47,2.48,2.47,2.48,704,0
2017-04-26,15:55:00,2.4912,2.4912,2.4912,2.4912,200,0
2017-04-26,16:05:00,2.4898,2.4898,2.48,2.48,600,0
2017-04-26,16:15:00,2.489,2.489,2.48,2.48,1600,0
2017-04-26,16:30:00,2.4922,2.5,2.4922,2.5,450,0
2017-04-26,16:40:00,2.5,2.5,2.5,2.5,200,0
2017-04-26,16:50:00,2.493,2.5,2.48,2.5,358,0
2017-04-26,16:55:00,2.5,2.5,2.5,2.5,100,0
2017-04-26,17:10:00,2.5,2.5,2.5,2.5,100,0
2017-04-26,17:25:00,2.5,2.5,2.5,2.5,200,0
2017-04-26,17:40:00,2.5,2.5,2.5,2.5,100,0
2017-04-26,19:05:00,2.49,2.49,2.49,2.49,100,0
2017-04-26,19:15:00,2.48,2.4814,2.48,2.48,1200,0
2017-04-26,19:25:00,2.5,2.5,2.5,2.5,300,0
2017-04-26,19:50:00,2.48,2.48,2.48,2.48,100,0
2017-04-26,20:05:00,2.48,2.49,2.47,2.49,6100,0
2017-04-26,20:10:00,2.4637,2.4637,2.4637,2.4637,125,0
2017-04-26,20:20:00,2.47,2.47,2.47,2.47,100,0
2017-04-26,21:50:00,2.48,2.48,2.48,2.48,100,0
2017-04-26,22:00:00,2.48,2.48,2.48,2.48,300,0
