Date,Time,Open,High,Low,Close,Volume,OpenInt
2017-04-10,15:35:00,66.49,66.57,66.31,66.38,7565,0
2017-04-10,15:40:00,66.4574,66.61,66.41,66.41,2331,0
2017-04-10,15:45:00,66.48,66.505,66.42,66.42,1200,0
2017-04-10,15:50:00,66.48,66.545,66.4134,66.4134,1483,0
2017-04-10,15:55:00,66.49,66.7,66.4796,66.7,2188,0
2017-04-10,16:00:00,66.69,66.72,66.61,66.7,3174,0
2017-04-10,16:05:00,66.69,66.79,66.69,66.79,625,0
2017-04-10,16:15:00,66.81,66.9,66.8032,66.9,1648,0
2017-04-10,16:20:00,66.87,66.88,66.84,66.88,503,0
2017-04-10,16:25:00,66.86,66.94,66.86,66.92,900,0
2017-04-10,16:30:00,66.82,66.93,66.82,66.915,1265,0
2017-04-10,16:35:00,66.98,67.095,66.96,66.987,6155,0
2017-04-10,16:40:00,66.98,67.03,66.905,66.905,1962,0
2017-04-10,16:45:00,66.81,66.85,66.751,66.7661,1280,0
2017-04-10,16:50:00,66.805,66.81,66.78,66.78,1050,0
2017-04-10,16:55:00,66.73,66.74,66.7,66.7,500,0
2017-04-10,17:00:00,66.69,66.69,66.64,66.64,600,0
2017-04-10,17:05:00,66.63,66.67,66.62,66.62,700,0
2017-04-10,17:10:00,66.61,66.61,66.46,66.46,4903,0
2017-04-10,17:15:00,66.54,66.59,66.5,66.53,1200,0
2017-04-10,17:20:00,66.57,66.6,66.5,66.5,2289,0
2017-04-10,17:25:00,66.525,66.6,66.525,66.6,1292,0
2017-04-10,17:30:00,66.58,66.58,66.46,66.501,2400,0
2017-04-10,17:35:00,66.45,66.45,66.2631,66.2631,3008,0
2017-04-10,17:40:00,66.24,66.28,66.18,66.23,800,0
2017-04-10,17:45:00,66.18,66.23,66.1796,66.1796,900,0
2017-04-10,17:50:00,66.21,66.26,66.135,66.21,2200,0
2017-04-10,17:55:00,66.205,66.24,66.175,66.1839,3401,0
2017-04-10,18:00:00,66.14,66.14,66.02,66.12,5259,0
2017-04-10,18:05:00,66.2,66.26,66.18,66.26,800,0
2017-04-10,18:10:00,66.24,66.26,66.155,66.26,1473,0
2017-04-10,18:15:00,66.198,66.198,66.03,66.05,850,0
2017-04-10,18:20:00,66.0649,66.0649,65.88,65.91,23445,0
2017-04-10,18:25:00,65.925,65.95,65.8,65.82,2001,0
2017-04-10,18:30:00,65.8,65.88,65.75,65.81,1777,0
2017-04-10,18:35:00,65.75,65.89,65.75,65.89,2100,0
2017-04-10,18:40:00,65.955,65.955,65.89,65.89,600,0
2017-04-10,18:45:00,65.97,66.07,65.96,66.0598,2050,0
2017-04-10,18:50:00,66.06,66.22,66.05,66.11,3200,0
2017-04-10,18:55:00,66.15,66.15,66.1,66.1,1800,0
2017-04-10,19:00:00,66.1,66.26,66.08,66.26,7101,0
2017-04-10,19:05:00,66.29,66.4,66.29,66.4,1726,0
2017-04-10,19:10:00,66.4,66.44,66.4,66.44,700,0
2017-04-10,19:15:00,66.42,66.42,66.38,66.39,1794,0
2017-04-10,19:20:00,66.44,66.47,66.43,66.44,700,0
2017-04-10,19:25:00,66.45,66.5,66.38,66.4007,7200,0
2017-04-10,19:30:00,66.41,66.435,66.33,66.39,3620,0
2017-04-10,19:35:00,66.41,66.41,66.41,66.41,300,0
2017-04-10,19:40:00,66.44,66.44,66.44,66.44,100,0
2017-04-10,19:45:00,66.57,66.57,66.53,66.53,826,0
2017-04-10,19:50:00,66.515,66.53,66.48,66.53,500,0
2017-04-10,19:55:00,66.53,66.56,66.51,66.511,520,0
2017-04-10,20:00:00,66.55,66.59,66.5441,66.58,810,0
2017-04-10,20:05:00,66.57,66.58,66.37,66.37,1656,0
2017-04-10,20:10:00,66.34,66.37,66.29,66.36,1129,0
2017-04-10,20:15:00,66.345,66.38,66.345,66.37,500,0
2017-04-10,20:25:00,66.435,66.47,66.435,66.47,300,0
2017-04-10,20:30:00,66.41,66.41,66.25,66.25,2302,0
2017-04-10,20:35:00,66.26,66.275,66.16,66.22,2180,0
2017-04-10,20:40:00,66.24,66.24,66.15,66.15,1950,0
2017-04-10,20:45:00,66.19,66.27,66.18,66.27,3523,0
2017-04-10,20:50:00,66.28,66.37,66.25,66.31,7217,0
2017-04-10,20:55:00,66.35,66.52,66.33,66.41,9271,0
2017-04-10,21:00:00,66.46,66.5,66.34,66.38,4000,0
2017-04-10,21:05:00,66.39,66.4,66.34,66.39,4300,0
2017-04-10,21:10:00,66.4,66.4,66.3,66.3,6241,0
2017-04-10,21:15:00,66.31,66.31,66.2,66.24,5812,0
2017-04-10,21:20:00,66.28,66.3,66.18,66.27,6262,0
2017-04-10,21:25:00,66.18,66.18,66.11,66.1799,1300,0
2017-04-10,21:30:00,66.18,66.21,66.16,66.16,2416,0
2017-04-10,21:35:00,66.21,66.21,66.11,66.15,3340,0
2017-04-10,21:40:00,66.17,66.17,66.09,66.15,4450,0
2017-04-10,21:45:00,66.13,66.14,66.06,66.13,4897,0
2017-04-10,21:50:00,66.12,66.12,66.08,66.08,4420,0
2017-04-10,21:55:00,66.08,66.11,66.07,66.07,4225,0
2017-04-10,22:00:00,66.07,66.13,66.07,66.11,24792,0
2017-04-11,15:35:00,65.93,66.06,65.5,65.83,8162,0
2017-04-11,15:40:00,65.882,65.96,65.78,65.92,4500,0
2017-04-11,15:45:00,65.93,66.23,65.93,66.12,2300,0
2017-04-11,15:50:00,66.11,66.12,65.765,65.9298,9870,0
2017-04-11,15:55:00,65.9788,66.15,65.9788,66.1,2122,0
2017-04-11,16:00:00,66.188,66.23,66.15,66.203,800,0
2017-04-11,16:05:00,66.29,66.5,66.28,66.37,1000,0
2017-04-11,16:10:00,66.36,66.39,66.25,66.26,5919,0
2017-04-11,16:15:00,66.3,66.43,66.27,66.35,9400,0
2017-04-11,16:20:00,66.33,66.33,66.33,66.33,200,0
2017-04-11,16:25:00,66.32,66.32,66.05,66.12,5400,0
2017-04-11,16:30:00,66.1,66.18,66.1,66.18,900,0
2017-04-11,16:35:00,66.17,66.17,65.95,65.95,1657,0
2017-04-11,16:40:00,65.9,65.93,65.82,65.87,5236,0
2017-04-11,16:45:00,65.87,65.87,65.72,65.8,1900,0
2017-04-11,16:50:00,65.79,65.84,65.79,65.8,1500,0
2017-04-11,16:55:00,65.79,65.7924,65.73,65.73,1355,0
2017-04-11,17:00:00,65.75,65.77,65.6,65.686,5128,0
2017-04-11,17:05:00,65.71,65.81,65.64,65.81,1900,0
2017-04-11,17:10:00,65.88,65.94,65.88,65.94,300,0
2017-04-11,17:15:00,65.94,65.94,65.75,65.84,2100,0
2017-04-11,17:20:00,65.84,65.92,65.81,65.85,2100,0
2017-04-11,17:25:00,65.8042,65.865,65.7872,65.865,884,0
2017-04-11,17:30:00,65.9,65.9,65.83,65.84,2300,0
2017-04-11,17:35:00,65.86,65.89,65.84,65.84,1400,0
2017-04-11,17:40:00,65.91,66,65.9,66,2980,0
2017-04-11,17:45:00,65.95,65.96,65.9,65.96,1700,0
2017-04-11,17:50:00,65.92,65.97,65.88,65.97,1210,0
2017-04-11,17:55:00,65.96,66.08,65.96,66.05,1700,0
2017-04-11,18:00:00,66.08,66.1,66.08,66.1,200,0
2017-04-11,18:05:00,66.06,66.09,65.96,65.98,1600,0
2017-04-11,18:10:00,66,66.06,66,66.06,900,0
2017-04-11,18:15:00,66.16,66.24,66.16,66.2,1490,0
2017-04-11,18:20:00,66.25,66.3,66.25,66.27,300,0
2017-04-11,18:25:00,66.3,66.32,66.17,66.23,2100,0
2017-04-11,18:30:00,66.18,66.28,66.18,66.28,500,0
2017-04-11,18:35:00,66.26,66.3,66.25,66.25,1750,0
2017-04-11,18:40:00,66.27,66.27,66.18,66.18,1000,0
2017-04-11,18:45:00,66.2,66.22,66.15,66.22,1800,0
2017-04-11,18:50:00,66.19,66.19,66.16,66.16,700,0
2017-04-11,18:55:00,66.06,66.2,66.06,66.19,2100,0
2017-04-11,19:00:00,66.19,66.29,66.19,66.26,2005,0
2017-04-11,19:05:00,66.26,66.3,66.23,66.279,6146,0
2017-04-11,19:10:00,66.28,66.32,66.25,66.25,2142,0
2017-04-11,19:15:00,66.22,66.22,66.13,66.13,6633,0
2017-04-11,19:20:00,66.21,66.26,66.18,66.26,7880,0
2017-04-11,19:25:00,66.24,66.25,66.15,66.15,2246,0
2017-04-11,19:30:00,66.16,66.34,66.16,66.34,1700,0
2017-04-11,19:35:00,66.33,66.33,66.33,66.33,200,0
2017-04-11,19:40:00,66.34,66.34,66.33,66.33,733,0
2017-04-11,19:45:00,66.33,66.34,66.26,66.26,989,0
2017-04-11,19:50:00,66.27,66.31,66.27,66.28,500,0
2017-04-11,19:55:00,66.28,66.4,66.28,66.3803,1365,0
2017-04-11,20:00:00,66.38,66.38,66.33,66.34,1465,0
2017-04-11,20:05:00,66.37,66.38,66.3,66.3,1300,0
2017-04-11,20:10:00,66.231,66.366,66.231,66.366,1050,0
2017-04-11,20:15:00,66.36,66.36,66.27,66.3,2003,0
2017-04-11,20:20:00,66.3,66.33,66.28,66.28,1200,0
2017-04-11,20:25:00,66.29,66.31,66.25,66.31,2300,0
2017-04-11,20:30:00,66.36,66.36,66.36,66.36,300,0
2017-04-11,20:35:00,66.4,66.4525,66.369,66.4525,1227,0
2017-04-11,20:40:00,66.44,66.5,66.4,66.5,7231,0
2017-04-11,20:45:00,66.49,66.49,66.42,66.44,1400,0
2017-04-11,20:50:00,66.48,66.57,66.48,66.57,1200,0
2017-04-11,20:55:00,66.56,66.62,66.5,66.6,5980,0
2017-04-11,21:00:00,66.64,66.65,66.55,66.57,3400,0
2017-04-11,21:05:00,66.53,66.54,66.49,66.54,3756,0
2017-04-11,21:10:00,66.61,66.61,66.44,66.46,3982,0
2017-04-11,21:15:00,66.51,66.6,66.49,66.56,2214,0
2017-04-11,21:20:00,66.56,66.63,66.56,66.59,3428,0
2017-04-11,21:25:00,66.62,66.76,66.61,66.675,3404,0
2017-04-11,21:30:00,66.715,66.765,66.715,66.76,1800,0
2017-04-11,21:35:00,66.78,66.979,66.78,66.95,6961,0
2017-04-11,21:40:00,66.94,66.98,66.89,66.95,9645,0
2017-04-11,21:45:00,66.94,67.09,66.93,67.06,9015,0
2017-04-11,21:50:00,67.08,67.09,67.01,67.07,10450,0
2017-04-11,21:55:00,67.09,67.12,67.03,67.1,15184,0
2017-04-11,22:00:00,67.09,67.3,67.04,67.25,65309,0
2017-04-12,15:35:00,67.24,67.25,66.8,67.22,10895,0
2017-04-12,15:40:00,67.0201,67.1455,67.0201,67.04,1225,0
2017-04-12,15:45:00,66.9757,66.9757,66.9,66.91,2425,0
2017-04-12,15:50:00,66.85,66.85,66.6368,66.75,3060,0
2017-04-12,15:55:00,66.63,66.63,66.43,66.61,3500,0
2017-04-12,16:00:00,66.54,66.616,66.5,66.616,1700,0
2017-04-12,16:05:00,66.59,66.61,66.44,66.48,2200,0
2017-04-12,16:10:00,66.5,66.58,66.5,66.54,1900,0
2017-04-12,16:15:00,66.44,66.575,66.3339,66.575,2400,0
2017-04-12,16:20:00,66.63,66.64,66.48,66.48,2900,0
2017-04-12,16:25:00,66.53,66.57,66.43,66.57,2235,0
2017-04-12,16:30:00,66.53,66.56,66.47,66.48,1300,0
2017-04-12,16:35:00,66.56,66.595,66.51,66.5382,1556,0
2017-04-12,16:40:00,66.54,66.56,66.41,66.51,3403,0
2017-04-12,16:45:00,66.47,66.49,66.32,66.32,1500,0
2017-04-12,16:50:00,66.21,66.31,66.11,66.2549,4015,0
2017-04-12,16:55:00,66.26,66.34,66.1838,66.1838,2150,0
2017-04-12,17:00:00,66.2,66.26,66.199,66.22,2515,0
2017-04-12,17:05:00,66.19,66.23,66.1605,66.18,1320,0
2017-04-12,17:10:00,66.21,66.34,66.21,66.26,3000,0
2017-04-12,17:15:00,66.29,66.33,66.2,66.33,1000,0
2017-04-12,17:20:00,66.36,66.36,66.2,66.3,3618,0
2017-04-12,17:25:00,66.3,66.3,66.1,66.1498,4797,0
2017-04-12,17:30:00,66.11,66.13,66.1097,66.1097,618,0
2017-04-12,17:35:00,66.09,66.1,66.07,66.09,1300,0
2017-04-12,17:40:00,66.06,66.06,65.88,65.94,3667,0
2017-04-12,17:45:00,65.82,65.89,65.8,65.8,1200,0
2017-04-12,17:50:00,65.8234,65.83,65.73,65.78,4100,0
2017-04-12,17:55:00,65.81,65.81,65.72,65.77,2099,0
2017-04-12,18:00:00,65.85,65.8646,65.76,65.8646,2100,0
2017-04-12,18:05:00,65.83,65.9199,65.82,65.9199,1850,0
2017-04-12,18:10:00,65.92,65.98,65.91,65.98,950,0
2017-04-12,18:15:00,66,66.0214,65.945,65.98,2200,0
2017-04-12,18:20:00,66,66.02,65.9765,65.9765,1100,0
2017-04-12,18:25:00,65.94,65.94,65.75,65.75,3033,0
2017-04-12,18:30:00,65.8,65.85,65.73,65.77,3214,0
2017-04-12,18:35:00,65.74,65.78,65.68,65.73,8100,0
2017-04-12,18:40:00,65.7,65.77,65.7,65.7,1900,0
2017-04-12,18:45:00,65.66,65.71,65.62,65.65,3210,0
2017-04-12,18:50:00,65.65,65.72,65.65,65.72,1400,0
2017-04-12,18:55:00,65.67,65.67,65.59,65.6,1000,0
2017-04-12,19:00:00,65.64,65.64,65.63,65.63,300,0
2017-04-12,19:05:00,65.65,65.7,65.62,65.68,4933,0
2017-04-12,19:10:00,65.67,65.73,65.62,65.655,7262,0
2017-04-12,19:15:00,65.69,65.69,65.56,65.56,2300,0
2017-04-12,19:20:00,65.55,65.55,65.38,65.45,5500,0
2017-04-12,19:25:00,65.44,65.47,65.41,65.46,2855,0
2017-04-12,19:30:00,65.4,65.416,65.36,65.392,4717,0
2017-04-12,19:35:00,65.415,65.415,65.33,65.33,1800,0
2017-04-12,19:40:00,65.355,65.452,65.33,65.452,2300,0
2017-04-12,19:45:00,65.47,65.5,65.45,65.5,1000,0
2017-04-12,19:50:00,65.4701,65.48,65.38,65.48,2900,0
2017-04-12,19:55:00,65.51,65.51,65.47,65.48,1750,0
2017-04-12,20:00:00,65.51,65.63,65.48,65.62,3600,0
2017-04-12,20:05:00,65.62,65.62,65.47,65.47,2050,0
2017-04-12,20:10:00,65.47,65.57,65.47,65.54,2434,0
2017-04-12,20:15:00,65.54,65.6032,65.53,65.57,1300,0
2017-04-12,20:20:00,65.57,65.57,65.48,65.5,5416,0
2017-04-12,20:25:00,65.49,65.51,65.44,65.44,1600,0
2017-04-12,20:30:00,65.41,65.45,65.41,65.421,473,0
2017-04-12,20:35:00,65.46,65.53,65.46,65.48,2000,0
2017-04-12,20:40:00,65.49,65.49,65.35,65.35,3057,0
2017-04-12,20:45:00,65.31,65.32,65.18,65.31,6209,0
2017-04-12,20:50:00,65.25,65.43,65.22,65.43,10500,0
2017-04-12,20:55:00,65.45,65.59,65.45,65.51,6754,0
2017-04-12,21:00:00,65.48,65.5605,65.48,65.5605,6871,0
2017-04-12,21:05:00,65.53,65.555,65.46,65.48,7790,0
2017-04-12,21:10:00,65.49,65.59,65.44,65.53,2321,0
2017-04-12,21:15:00,65.59,65.615,65.46,65.52,5767,0
2017-04-12,21:20:00,65.55,65.58,65.41,65.41,7900,0
2017-04-12,21:25:00,65.42,65.54,65.4,65.44,9111,0
2017-04-12,21:30:00,65.4,65.4,65.33,65.355,3200,0
2017-04-12,21:35:00,65.38,65.4152,65.34,65.41,4000,0
2017-04-12,21:40:00,65.41,65.41,65.37,65.37,8531,0
2017-04-12,21:45:00,65.38,65.39,65.3,65.31,5737,0
2017-04-12,21:50:00,65.28,65.36,65.28,65.315,7467,0
2017-04-12,21:55:00,65.32,65.35,65.32,65.35,15061,0
2017-04-12,22:00:00,65.35,65.41,65.34,65.37,28859,0
2017-04-13,15:35:00,65.2,65.3,65.1001,65.15,6526,0
2017-04-13,15:40:00,65.11,65.3,65,65.3,4708,0
2017-04-13,15:45:00,65.3,65.42,65.3,65.41,1000,0
2017-04-13,15:50:00,65.425,65.425,65.245,65.33,1720,0
2017-04-13,15:55:00,65.45,65.59,65.33,65.59,2500,0
2017-04-13,16:00:00,65.53,65.5401,65.52,65.5401,500,0
2017-04-13,16:05:00,65.595,65.82,65.595,65.73,3896,0
2017-04-13,16:10:00,65.68,65.74,65.53,65.54,2453,0
2017-04-13,16:15:00,65.52,65.56,65.38,65.38,3728,0
2017-04-13,16:20:00,65.4,65.46,65.36,65.36,1400,0
2017-04-13,16:25:00,65.32,65.4,65.32,65.4,800,0
2017-04-13,16:30:00,65.36,65.44,65.36,65.435,500,0
2017-04-13,16:35:00,65.4,65.41,65.385,65.41,1300,0
2017-04-13,16:40:00,65.42,65.42,65.33,65.4,2100,0
2017-04-13,16:45:00,65.406,65.43,65.38,65.39,900,0
2017-04-13,16:50:00,65.45,65.45,65.37,65.38,900,0
2017-04-13,16:55:00,65.37,65.44,65.37,65.4304,1799,0
2017-04-13,17:00:00,65.45,65.5003,65.44,65.44,2448,0
2017-04-13,17:05:00,65.44,65.48,65.44,65.48,300,0
2017-04-13,17:10:00,65.5,65.5,65.445,65.47,2200,0
2017-04-13,17:15:00,65.47,65.49,65.44,65.45,4901,0
2017-04-13,17:20:00,65.46,65.46,65.32,65.34,4313,0
2017-04-13,17:25:00,65.32,65.3472,65.29,65.29,770,0
2017-04-13,17:30:00,65.34,65.37,65.34,65.35,1300,0
2017-04-13,17:35:00,65.34,65.34,65.26,65.3152,1700,0
2017-04-13,17:40:00,65.34,65.34,65.265,65.27,1600,0
2017-04-13,17:45:00,65.25,65.25,65.191,65.191,400,0
2017-04-13,17:50:00,65.24,65.34,65.23,65.28,2500,0
2017-04-13,17:55:00,65.31,65.36,65.19,65.29,6999,0
2017-04-13,18:00:00,65.25,65.32,65.22,65.245,10795,0
2017-04-13,18:05:00,65.25,65.25,65.04,65.04,4948,0
2017-04-13,18:10:00,65.03,65.05,65.01,65.01,1307,0
2017-04-13,18:15:00,65.065,65.14,65.05,65.1123,965,0
2017-04-13,18:20:00,65.1,65.1,65.01,65.01,1200,0
2017-04-13,18:25:00,65.0356,65.07,65.0356,65.07,1600,0
2017-04-13,18:30:00,65.12,65.15,65.1,65.13,3557,0
2017-04-13,18:35:00,65.16,65.32,65.16,65.28,1814,0
2017-04-13,18:40:00,65.3,65.3,65.28,65.28,345,0
2017-04-13,18:45:00,65.3,65.3,65.22,65.24,1700,0
2017-04-13,18:50:00,65.21,65.21,65.18,65.18,500,0
2017-04-13,19:00:00,65.23,65.3,65.2,65.3,1100,0
2017-04-13,19:05:00,65.27,65.27,65.27,65.27,100,0
2017-04-13,19:10:00,65.19,65.19,65.05,65.1,3872,0
2017-04-13,19:15:00,65.16,65.1611,65.16,65.1611,200,0
2017-04-13,19:20:00,65.1401,65.1849,65.1401,65.16,2998,0
2017-04-13,19:25:00,65.14,65.16,65.05,65.06,2317,0
2017-04-13,19:30:00,65.1,65.25,65.08,65.15,6900,0
2017-04-13,19:35:00,65.1757,65.1757,65.15,65.15,1900,0
2017-04-13,19:40:00,65.18,65.18,65.1181,65.15,7494,0
2017-04-13,19:45:00,65.14,65.15,65.06,65.092,8333,0
2017-04-13,19:50:00,65.05,65.1962,65.01,65.1,10056,0
2017-04-13,19:55:00,65.08,65.19,65.08,65.15,4351,0
2017-04-13,20:00:00,65.15,65.1718,65.09,65.12,10162,0
2017-04-13,20:05:00,65.15,65.16,65.09,65.15,19176,0
2017-04-13,20:10:00,65.15,65.44,65.15,65.44,4700,0
2017-04-13,20:15:00,65.48,65.68,65.48,65.67,6555,0
2017-04-13,20:20:00,65.66,65.71,65.65,65.65,3300,0
2017-04-13,20:25:00,65.66,65.66,65.66,65.66,415,0
2017-04-13,20:30:00,65.6175,65.7117,65.6175,65.7,1341,0
2017-04-13,20:35:00,65.67,65.7,65.63,65.7,2600,0
2017-04-13,20:40:00,65.65,65.66,65.61,65.61,2115,0
2017-04-13,20:45:00,65.63,65.64,65.63,65.64,300,0
2017-04-13,20:50:00,65.67,65.67,65.65,65.65,800,0
2017-04-13,20:55:00,65.69,65.69,65.64,65.65,700,0
2017-04-13,21:00:00,65.65,65.67,65.6,65.65,6300,0
2017-04-13,21:05:00,65.65,65.67,65.6,65.6,7558,0
2017-04-13,21:10:00,65.56,65.6,65.51,65.51,4470,0
2017-04-13,21:15:00,65.5,65.57,65.4,65.57,8174,0
2017-04-13,21:20:00,65.57,65.57,65.49,65.49,1400,0
2017-04-13,21:25:00,65.5,65.6,65.5,65.6,1598,0
2017-04-13,21:30:00,65.6,65.6,65.5,65.5,1500,0
2017-04-13,21:35:00,65.49,65.53,65.4101,65.44,2000,0
2017-04-13,21:40:00,65.4392,65.4392,65.331,65.331,6585,0
2017-04-13,21:45:00,65.33,65.429,65.3,65.33,5435,0
2017-04-13,21:50:00,65.3256,65.42,65.31,65.33,8537,0
2017-04-13,21:55:00,65.33,65.36,65.27,65.31,16432,0
2017-04-13,22:00:00,65.3,65.3,65.08,65.13,47551,0
2017-04-17,15:35:00,65.61,65.7561,65.54,65.56,4390,0
2017-04-17,15:40:00,65.54,65.605,65.19,65.4111,3041,0
2017-04-17,15:45:00,65.32,65.32,65.25,65.25,600,0
2017-04-17,15:50:00,65.31,65.35,65.22,65.32,1700,0
2017-04-17,15:55:00,65.35,65.38,65.35,65.35,3150,0
2017-04-17,16:00:00,65.35,65.39,65.19,65.355,9450,0
2017-04-17,16:05:00,65.36,65.5,65.21,65.44,10853,0
2017-04-17,16:10:00,65.43,65.48,65.39,65.47,1448,0
2017-04-17,16:15:00,65.5,65.64,65.49,65.54,3800,0
2017-04-17,16:20:00,65.52,65.53,65.37,65.46,6070,0
2017-04-17,16:25:00,65.5,65.6,65.47,65.49,3303,0
2017-04-17,16:30:00,65.45,65.45,65.41,65.41,1800,0
2017-04-17,16:35:00,65.36,65.46,65.34,65.36,4996,0
2017-04-17,16:40:00,65.34,65.39,65.24,65.24,1300,0
2017-04-17,16:45:00,65.3,65.34,65.28,65.305,2056,0
2017-04-17,16:50:00,65.31,65.48,65.31,65.48,2325,0
2017-04-17,16:55:00,65.49,65.54,65.44,65.47,4500,0
2017-04-17,17:00:00,65.45,65.54,65.45,65.54,700,0
2017-04-17,17:05:00,65.61,65.67,65.56,65.56,6800,0
2017-04-17,17:10:00,65.55,65.56,65.39,65.41,3800,0
2017-04-17,17:15:00,65.41,65.4498,65.37,65.37,1400,0
2017-04-17,17:20:00,65.42,65.42,65.33,65.4,2554,0
2017-04-17,17:25:00,65.4,65.4,65.35,65.35,932,0
2017-04-17,17:30:00,65.38,65.44,65.3,65.44,4100,0
2017-04-17,17:35:00,65.44,65.69,65.44,65.69,8089,0
2017-04-17,17:40:00,65.69,65.98,65.65,65.94,14519,0
2017-04-17,17:45:00,65.88,65.97,65.76,65.76,4772,0
2017-04-17,17:50:00,65.8,65.82,65.725,65.82,3963,0
2017-04-17,17:55:00,65.83,65.83,65.83,65.83,1500,0
2017-04-17,18:00:00,65.86,65.8727,65.65,65.729,5774,0
2017-04-17,18:05:00,65.7,65.75,65.59,65.75,2459,0
2017-04-17,18:15:00,65.73,65.76,65.72,65.72,400,0
2017-04-17,18:20:00,65.73,65.75,65.62,65.6613,2445,0
2017-04-17,18:25:00,65.65,65.7,65.65,65.7,400,0
2017-04-17,18:30:00,65.67,65.71,65.66,65.71,2500,0
2017-04-17,18:35:00,65.71,65.725,65.68,65.7195,2695,0
2017-04-17,18:40:00,65.68,65.69,65.66,65.66,800,0
2017-04-17,18:45:00,65.65,65.685,65.65,65.67,1400,0
2017-04-17,18:50:00,65.71,65.71,65.65,65.65,3100,0
2017-04-17,18:55:00,65.61,65.61,65.52,65.52,1300,0
2017-04-17,19:00:00,65.6,65.6,65.51,65.53,1900,0
2017-04-17,19:05:00,65.525,65.71,65.525,65.71,3909,0
2017-04-17,19:10:00,65.73,65.8,65.73,65.7799,1200,0
2017-04-17,19:15:00,65.8,65.85,65.68,65.68,4091,0
2017-04-17,19:20:00,65.69,65.73,65.69,65.73,800,0
2017-04-17,19:25:00,65.78,65.84,65.77,65.84,1300,0
2017-04-17,19:30:00,65.8,65.93,65.8,65.92,800,0
2017-04-17,19:35:00,65.94,65.95,65.89,65.9,2141,0
2017-04-17,19:40:00,65.9,65.9,65.8392,65.87,1700,0
2017-04-17,19:45:00,65.86,65.91,65.83,65.83,1200,0
2017-04-17,19:50:00,65.84,65.85,65.8,65.84,700,0
2017-04-17,19:55:00,65.86,65.91,65.86,65.9,500,0
2017-04-17,20:00:00,65.88,65.88,65.79,65.85,1900,0
2017-04-17,20:05:00,65.83,65.86,65.78,65.8,3900,0
2017-04-17,20:10:00,65.78,65.915,65.78,65.8,7200,0
2017-04-17,20:15:00,65.81,65.97,65.81,65.87,11710,0
2017-04-17,20:20:00,65.87,65.9,65.84,65.9,1348,0
2017-04-17,20:25:00,65.9,65.9599,65.9,65.9599,200,0
2017-04-17,20:30:00,65.97,65.99,65.96,65.96,1200,0
2017-04-17,20:35:00,65.95,66.02,65.94,66.01,1100,0
2017-04-17,20:40:00,65.99,66.03,65.95,66.01,2592,0
2017-04-17,20:45:00,65.99,66,65.97,65.97,700,0
2017-04-17,20:50:00,66.01,66.03,65.97,65.97,1026,0
2017-04-17,20:55:00,65.95,65.95,65.88,65.8816,500,0
2017-04-17,21:00:00,65.85,65.86,65.84,65.86,500,0
2017-04-17,21:05:00,65.85,65.87,65.78,65.78,1800,0
2017-04-17,21:10:00,65.74,65.835,65.74,65.82,700,0
2017-04-17,21:15:00,65.8,65.84,65.8,65.8,2400,0
2017-04-17,21:20:00,65.79,65.83,65.78,65.83,3790,0
2017-04-17,21:25:00,65.79,65.91,65.79,65.85,2510,0
2017-04-17,21:30:00,65.8903,65.99,65.85,65.98,2260,0
2017-04-17,21:35:00,66,66.03,65.94,65.94,1800,0
2017-04-17,21:40:00,65.96,66,65.93,65.97,4711,0
2017-04-17,21:45:00,65.99,66.01,65.98,66,3600,0
2017-04-17,21:50:00,66,66.1,66,66.1,4446,0
2017-04-17,21:55:00,66.1,66.2,66.09,66.14,14228,0
2017-04-17,22:00:00,66.14,66.19,66.11,66.18,36361,0
2017-04-18,15:35:00,66.16,66.16,65.74,65.87,7547,0
2017-04-18,15:40:00,65.93,65.99,65.85,65.9,7027,0
2017-04-18,15:45:00,65.895,66.02,65.895,65.9,3600,0
2017-04-18,15:50:00,65.9,66.07,65.9,65.99,700,0
2017-04-18,15:55:00,66.03,66.05,65.95,66,7065,0
2017-04-18,16:00:00,66.02,66.0924,65.99,66.08,7431,0
2017-04-18,16:05:00,66.22,66.28,66.13,66.16,6350,0
2017-04-18,16:10:00,66.21,66.255,66.18,66.19,5250,0
2017-04-18,16:15:00,66.17,66.18,66.1,66.1,2403,0
2017-04-18,16:20:00,66.06,66.06,66,66,800,0
2017-04-18,16:25:00,65.99,66.09,65.98,66,2400,0
2017-04-18,16:30:00,65.98,65.98,65.92,65.92,800,0
2017-04-18,16:35:00,65.85,66,65.85,65.98,4100,0
2017-04-18,16:40:00,65.96,66.02,65.96,66.02,500,0
2017-04-18,16:45:00,66.06,66.07,66.02,66.07,1700,0
2017-04-18,16:50:00,66.02,66.02,65.95,65.97,1900,0
2017-04-18,16:55:00,65.8978,65.92,65.87,65.87,1800,0
2017-04-18,17:00:00,65.84,65.88,65.83,65.835,1200,0
2017-04-18,17:05:00,65.87,65.93,65.81,65.835,3800,0
2017-04-18,17:10:00,65.835,65.84,65.78,65.78,2600,0
2017-04-18,17:15:00,65.83,65.98,65.83,65.98,2951,0
2017-04-18,17:20:00,65.98,66.05,65.95,65.95,6762,0
2017-04-18,17:25:00,65.94,65.96,65.88,65.95,2400,0
2017-04-18,17:30:00,65.93,66.02,65.92,66,1800,0
2017-04-18,17:35:00,65.98,65.98,65.92,65.92,1200,0
2017-04-18,17:40:00,65.93,65.93,65.8,65.8,3140,0
2017-04-18,17:45:00,65.79,65.8,65.77,65.7814,1160,0
2017-04-18,17:50:00,65.75,65.76,65.69,65.69,2400,0
2017-04-18,17:55:00,65.73,65.8,65.72,65.8,799,0
2017-04-18,18:00:00,65.79,65.79,65.68,65.68,900,0
2017-04-18,18:05:00,65.68,65.68,65.6,65.68,1400,0
2017-04-18,18:10:00,65.695,65.72,65.64,65.67,2500,0
2017-04-18,18:15:00,65.64,65.67,65.56,65.6501,2250,0
2017-04-18,18:20:00,65.65,65.68,65.57,65.6,1600,0
2017-04-18,18:25:00,65.58,65.68,65.58,65.64,2000,0
2017-04-18,18:30:00,65.65,65.6993,65.59,65.66,2600,0
2017-04-18,18:35:00,65.62,65.66,65.6,65.62,3100,0
2017-04-18,18:40:00,65.64,65.66,65.5,65.55,1800,0
2017-04-18,18:45:00,65.51,65.59,65.5,65.58,2465,0
2017-04-18,18:50:00,65.6,65.6,65.5,65.55,1700,0
2017-04-18,18:55:00,65.59,65.7,65.59,65.7,1600,0
2017-04-18,19:00:00,65.72,65.83,65.61,65.67,3700,0
2017-04-18,19:05:00,65.739,65.78,65.67,65.67,1600,0
2017-04-18,19:10:00,65.63,65.705,65.56,65.705,2570,0
2017-04-18,19:15:00,65.7006,65.8,65.69,65.78,6123,0
2017-04-18,19:20:00,65.76,65.78,65.61,65.63,2049,0
2017-04-18,19:25:00,65.6388,65.78,65.61,65.76,2100,0
2017-04-18,19:30:00,65.75,65.81,65.62,65.62,4900,0
2017-04-18,19:35:00,65.6,65.8,65.6,65.75,4100,0
2017-04-18,19:40:00,65.81,65.81,65.69,65.69,5256,0
2017-04-18,19:45:00,65.73,65.85,65.73,65.8025,6212,0
2017-04-18,19:50:00,65.77,65.79,65.75,65.76,5500,0
2017-04-18,19:55:00,65.74,65.8,65.7,65.74,1600,0
2017-04-18,20:00:00,65.74,65.75,65.71,65.71,1500,0
2017-04-18,20:05:00,65.76,65.84,65.745,65.82,12874,0
2017-04-18,20:10:00,65.85,65.95,65.82,65.925,2072,0
2017-04-18,20:15:00,65.915,66,65.88,66,650,0
2017-04-18,20:20:00,66,66.07,66,66.02,600,0
2017-04-18,20:25:00,66.055,66.07,66.03,66.06,1537,0
2017-04-18,20:30:00,66.04,66.1,65.97,66,4800,0
2017-04-18,20:35:00,66,66.01,65.98,65.98,1400,0
2017-04-18,20:40:00,66.02,66.07,65.655,65.7,12600,0
2017-04-18,20:45:00,65.74,65.85,65.715,65.77,6200,0
2017-04-18,20:50:00,65.73,65.85,65.73,65.8,900,0
2017-04-18,20:55:00,65.82,65.82,65.73,65.77,3800,0
2017-04-18,21:00:00,65.73,65.82,65.63,65.81,8826,0
2017-04-18,21:05:00,65.77,65.785,65.65,65.65,3286,0
2017-04-18,21:10:00,65.65,65.86,65.65,65.855,5921,0
2017-04-18,21:15:00,65.84,65.84,65.68,65.735,5119,0
2017-04-18,21:20:00,65.71,65.77,65.68,65.75,7575,0
2017-04-18,21:25:00,65.74,65.9,65.73,65.7405,11700,0
2017-04-18,21:30:00,65.785,65.85,65.69,65.69,6632,0
2017-04-18,21:35:00,65.74,65.84,65.7001,65.77,12673,0
2017-04-18,21:40:00,65.75,65.96,65.75,65.94,9715,0
2017-04-18,21:45:00,65.94,65.96,65.9,65.9,11344,0
2017-04-18,21:50:00,65.88,65.89,65.815,65.89,5952,0
2017-04-18,21:55:00,65.89,65.89,65.82,65.82,6811,0
2017-04-18,22:00:00,65.82,65.86,65.78,65.85,24214,0
2017-04-19,15:35:00,65.96,66.56,65.91,66.54,14785,0
2017-04-19,15:40:00,66.55,66.75,66.55,66.5656,12400,0
2017-04-19,15:45:00,66.58,66.58,66.26,66.26,1800,0
2017-04-19,15:50:00,66.34,66.54,66.28,66.503,5409,0
2017-04-19,15:55:00,66.53,66.71,66.42,66.71,8121,0
2017-04-19,16:00:00,66.67,67,66.67,66.83,6826,0
2017-04-19,16:05:00,66.83,66.83,66.6,66.63,2700,0
2017-04-19,16:10:00,66.6,66.77,66.6,66.6,4841,0
2017-04-19,16:15:00,66.57,66.75,66.47,66.61,6130,0
2017-04-19,16:20:00,66.57,66.8,66.49,66.8,4650,0
2017-04-19,16:25:00,66.76,66.78,66.64,66.77,6800,0
2017-04-19,16:30:00,66.76,66.84,66.69,66.73,17301,0
2017-04-19,16:35:00,66.745,66.9,66.745,66.89,15802,0
2017-04-19,16:40:00,66.94,67.03,66.8948,66.99,2236,0
2017-04-19,16:45:00,67.06,67.06,66.83,67.01,6500,0
2017-04-19,16:50:00,67.0599,67.2,66.9,66.9,5400,0
2017-04-19,16:55:00,66.9021,67.005,66.89,67,3056,0
2017-04-19,17:00:00,66.97,66.99,66.76,66.8,8900,0
2017-04-19,17:05:00,66.88,66.99,66.82,66.925,6467,0
2017-04-19,17:10:00,66.91,67,66.91,66.96,5033,0
2017-04-19,17:15:00,66.94,67.05,66.89,66.9,6801,0
2017-04-19,17:20:00,66.87,66.9,66.82,66.875,3300,0
2017-04-19,17:25:00,66.88,67.01,66.88,66.88,6760,0
2017-04-19,17:30:00,66.92,67.03,66.89,67.02,2400,0
2017-04-19,17:35:00,67.06,67.16,66.99,67.16,50687,0
2017-04-19,17:40:00,67.15,67.45,67.14,67.41,9549,0
2017-04-19,17:45:00,67.38,67.64,67.38,67.63,17922,0
2017-04-19,17:50:00,67.585,67.63,67.33,67.357,7650,0
2017-04-19,17:55:00,67.34,67.48,67.33,67.48,5910,0
2017-04-19,18:00:00,67.465,67.5,67.43,67.5,8300,0
2017-04-19,18:05:00,67.5,67.64,67.5,67.64,1200,0
2017-04-19,18:10:00,67.56,67.59,67.47,67.48,3667,0
2017-04-19,18:15:00,67.485,67.585,67.44,67.585,4500,0
2017-04-19,18:20:00,67.63,67.85,67.605,67.78,87778,0
2017-04-19,18:25:00,67.74,67.7999,67.66,67.7,5800,0
2017-04-19,18:30:00,67.65,67.706,67.6,67.64,5906,0
2017-04-19,18:35:00,67.67,67.85,67.67,67.83,3250,0
2017-04-19,18:40:00,67.84,67.84,67.6,67.61,3650,0
2017-04-19,18:45:00,67.58,67.58,67.51,67.565,2930,0
2017-04-19,18:50:00,67.54,67.54,67.4,67.47,2693,0
2017-04-19,18:55:00,67.46,67.47,67.375,67.41,6600,0
2017-04-19,19:00:00,67.425,67.46,67.41,67.4399,3050,0
2017-04-19,19:05:00,67.37,67.37,67.09,67.1075,7402,0
2017-04-19,19:10:00,67.1,67.16,67.07,67.16,6550,0
2017-04-19,19:15:00,67.14,67.14,66.98,67.01,7562,0
2017-04-19,19:20:00,67.06,67.07,66.92,66.92,2100,0
2017-04-19,19:25:00,66.99,67.04,66.92,67.04,2468,0
2017-04-19,19:30:00,67.04,67.1,66.98,66.98,2100,0
2017-04-19,19:35:00,66.9964,67.05,66.98,67.05,2719,0
2017-04-19,19:40:00,67.05,67.1,66.97,67.1,5696,0
2017-04-19,19:45:00,67.1,67.13,66.97,67.01,3600,0
2017-04-19,19:50:00,67.02,67.07,66.99,67.07,3200,0
2017-04-19,19:55:00,67.13,67.13,67.08,67.1033,2300,0
2017-04-19,20:00:00,67.08,67.3875,67.08,67.3875,2100,0
2017-04-19,20:05:00,67.44,67.44,67.38,67.41,1919,0
2017-04-19,20:10:00,67.39,67.63,67.343,67.63,4711,0
2017-04-19,20:15:00,67.58,67.58,67.46,67.49,3000,0
2017-04-19,20:20:00,67.54,67.66,67.52,67.66,1501,0
2017-04-19,20:25:00,67.66,67.8,67.635,67.65,2600,0
2017-04-19,20:30:00,67.63,67.66,67.46,67.46,8106,0
2017-04-19,20:35:00,67.48,67.52,67.45,67.47,1906,0
2017-04-19,20:40:00,67.42,67.5347,67.42,67.5347,2500,0
2017-04-19,20:45:00,67.61,67.61,67.54,67.55,2927,0
2017-04-19,20:50:00,67.55,67.57,67.47,67.47,2879,0
2017-04-19,20:55:00,67.47,67.48,67.38,67.42,4290,0
2017-04-19,21:00:00,67.46,67.49,67.43,67.49,800,0
2017-04-19,21:05:00,67.44,67.46,67.38,67.42,4200,0
2017-04-19,21:10:00,67.35,67.58,67.35,67.46,5800,0
2017-04-19,21:15:00,67.47,67.49,67.44,67.44,2098,0
2017-04-19,21:20:00,67.44,67.44,67.31,67.4,5050,0
2017-04-19,21:25:00,67.46,67.49,67.38,67.42,2900,0
2017-04-19,21:30:00,67.41,67.41,67.15,67.32,7295,0
2017-04-19,21:35:00,67.27,67.31,67.26,67.31,3810,0
2017-04-19,21:40:00,67.31,67.38,67.3,67.36,4905,0
2017-04-19,21:45:00,67.35,67.37,67.23,67.37,10167,0
2017-04-19,21:50:00,67.37,67.38,67.34,67.37,6225,0
2017-04-19,21:55:00,67.38,67.38,67.17,67.26,16428,0
2017-04-19,22:00:00,67.26,67.34,67.21,67.24,42807,0
2017-04-20,15:35:00,67.32,68,67.31,67.96,26968,0
2017-04-20,15:40:00,67.99,68.3,67.9,68.12,9386,0
2017-04-20,15:45:00,68.14,68.14,67.85,67.85,3923,0
2017-04-20,15:50:00,67.82,67.82,67.38,67.616,5500,0
2017-04-20,15:55:00,67.605,67.605,67.36,67.36,2800,0
2017-04-20,16:00:00,67.34,67.395,67.21,67.24,4390,0
2017-04-20,16:05:00,67.21,67.54,67.21,67.45,4210,0
2017-04-20,16:10:00,67.39,67.46,67.34,67.37,9071,0
2017-04-20,16:15:00,67.41,67.46,67.21,67.235,4400,0
2017-04-20,16:20:00,67.21,67.235,67.09,67.14,2364,0
2017-04-20,16:25:00,67.19,67.19,67.07,67.07,2600,0
2017-04-20,16:30:00,67.07,67.17,67,67.17,4400,0
2017-04-20,16:35:00,67.24,67.25,67.13,67.21,2800,0
2017-04-20,16:40:00,67.21,67.24,67.01,67.04,3000,0
2017-04-20,16:45:00,67.11,67.43,67.11,67.43,2200,0
2017-04-20,16:50:00,67.46,67.56,67.39,67.39,5100,0
2017-04-20,16:55:00,67.38,67.57,67.38,67.46,4700,0
2017-04-20,17:00:00,67.505,67.59,67.41,67.565,2852,0
2017-04-20,17:05:00,67.565,67.67,67.44,67.44,6205,0
2017-04-20,17:10:00,67.43,67.62,67.42,67.62,2700,0
2017-04-20,17:15:00,67.65,67.77,67.47,67.47,5185,0
2017-04-20,17:20:00,67.43,67.53,67.43,67.45,5300,0
2017-04-20,17:25:00,67.47,67.52,67.43,67.435,10652,0
2017-04-20,17:30:00,67.42,67.49,67.38,67.44,3700,0
2017-04-20,17:35:00,67.42,67.43,67.19,67.31,5713,0
2017-04-20,17:40:00,67.38,67.59,67.37,67.47,2577,0
2017-04-20,17:45:00,67.44,67.44,67.25,67.27,6559,0
2017-04-20,17:50:00,67.35,67.49,67.26,67.49,3677,0
2017-04-20,17:55:00,67.465,67.465,67.08,67.19,8384,0
2017-04-20,18:00:00,67.17,67.22,67.15,67.15,1650,0
2017-04-20,18:05:00,67.14,67.3,67.14,67.17,3800,0
2017-04-20,18:10:00,67.17,67.22,67.05,67.22,5062,0
2017-04-20,18:15:00,67.3,67.4,67.24,67.4,8257,0
2017-04-20,18:20:00,67.42,67.46,67.31,67.3499,5427,0
2017-04-20,18:25:00,67.31,67.33,67.25,67.28,2400,0
2017-04-20,18:30:00,67.29,67.36,67.29,67.31,1000,0
2017-04-20,18:35:00,67.31,67.56,67.31,67.56,3000,0
2017-04-20,18:40:00,67.51,67.6,67.51,67.55,1600,0
2017-04-20,18:45:00,67.56,67.69,67.4,67.45,5200,0
2017-04-20,18:50:00,67.37,67.44,67.36,67.44,3954,0
2017-04-20,18:55:00,67.45,67.59,67.44,67.46,12417,0
2017-04-20,19:00:00,67.44,67.44,67.23,67.23,1548,0
2017-04-20,19:05:00,67.3,67.3,67.07,67.1601,12791,0
2017-04-20,19:10:00,67.2,67.2,67.03,67.0449,2435,0
2017-04-20,19:15:00,67.1,67.17,67.06,67.06,2200,0
2017-04-20,19:20:00,67.04,67.12,67,67,3700,0
2017-04-20,19:25:00,67.022,67.12,66.99,67.12,2726,0
2017-04-20,19:30:00,67.13,67.16,66.99,66.99,4514,0
2017-04-20,19:35:00,66.98,67.06,66.98,67.02,2275,0
2017-04-20,19:40:00,67.06,67.13,67.01,67.01,4800,0
2017-04-20,19:45:00,67.06,67.12,67.06,67.1099,4870,0
2017-04-20,19:50:00,67.09,67.14,67.01,67.11,2200,0
2017-04-20,19:55:00,67.15,67.27,67.135,67.26,3700,0
2017-04-20,20:00:00,67.29,67.35,67.19,67.21,2300,0
2017-04-20,20:05:00,67.23,67.26,67.23,67.26,1900,0
2017-04-20,20:10:00,67.25,67.32,67.19,67.19,2900,0
2017-04-20,20:15:00,67.192,67.26,67.12,67.13,5450,0
2017-04-20,20:20:00,67.13,67.2,67.1,67.2,2400,0
2017-04-20,20:25:00,67.26,67.32,67.18,67.31,1100,0
2017-04-20,20:30:00,67.32,67.32,67.19,67.19,3800,0
2017-04-20,20:35:00,67.13,67.19,67.09,67.19,2500,0
2017-04-20,20:40:00,67.2,67.38,67.19,67.34,4450,0
2017-04-20,20:45:00,67.31,67.32,67.25,67.26,3658,0
2017-04-20,20:50:00,67.28,67.32,67.22,67.32,2573,0
2017-04-20,20:55:00,67.3,67.32,67.27,67.3,3610,0
2017-04-20,21:00:00,67.3,67.33,67.16,67.16,3239,0
2017-04-20,21:05:00,67.16,67.3,67.16,67.3,5686,0
2017-04-20,21:10:00,67.29,67.335,67.26,67.26,5322,0
2017-04-20,21:15:00,67.26,67.35,67.26,67.33,1900,0
2017-04-20,21:20:00,67.35,67.35,67.21,67.21,3900,0
2017-04-20,21:25:00,67.2,67.22,67.11,67.18,9256,0
2017-04-20,21:30:00,67.18,67.32,67.16,67.32,3500,0
2017-04-20,21:35:00,67.31,67.33,67.26,67.28,8673,0
2017-04-20,21:40:00,67.28,67.32,67.25,67.28,8652,0
2017-04-20,21:45:00,67.29,67.42,67.29,67.36,6643,0
2017-04-20,21:50:00,67.38,67.43,67.36,67.38,11736,0
2017-04-20,21:55:00,67.4,67.54,67.395,67.47,12214,0
2017-04-20,22:00:00,67.46,67.55,67.4,67.44,54091,0
2017-04-21,15:35:00,67.31,67.79,66.9,67.54,27768,0
2017-04-21,15:40:00,67.69,68.04,67.64,67.93,7526,0
2017-04-21,15:45:00,67.98,68.05,67.96,67.96,3100,0
2017-04-21,15:50:00,67.995,68.005,67.96,67.995,2170,0
2017-04-21,15:55:00,67.995,68.19,67.92,68.12,3200,0
2017-04-21,16:00:00,68.13,68.25,68.13,68.2,1330,0
2017-04-21,16:05:00,68.21,68.24,68,68.0226,5650,0
2017-04-21,16:10:00,68.03,68.21,67.985,68.09,5484,0
2017-04-21,16:15:00,68.075,68.215,68.05,68.215,1800,0
2017-04-21,16:20:00,68.17,68.39,68.17,68.31,7754,0
2017-04-21,16:25:00,68.286,68.286,68.2055,68.27,1881,0
2017-04-21,16:30:00,68.26,68.3199,68.1,68.3199,3950,0
2017-04-21,16:35:00,68.213,68.26,68.07,68.07,4545,0
2017-04-21,16:40:00,68.05,68.05,67.91,67.91,3873,0
2017-04-21,16:45:00,67.93,68.04,67.89,67.965,7509,0
2017-04-21,16:50:00,67.92,67.95,67.9,67.91,1200,0
2017-04-21,16:55:00,67.885,67.885,67.8,67.8001,4725,0
2017-04-21,17:00:00,67.85,67.87,67.72,67.74,2300,0
2017-04-21,17:05:00,67.8,67.86,67.751,67.751,6326,0
2017-04-21,17:10:00,67.77,67.88,67.77,67.8,7877,0
2017-04-21,17:15:00,67.8,67.85,67.73,67.73,5931,0
2017-04-21,17:20:00,67.73,67.9,67.7,67.87,10391,0
2017-04-21,17:25:00,67.9138,68.05,67.8,67.8,5285,0
2017-04-21,17:30:00,67.88,67.89,67.69,67.69,3300,0
2017-04-21,17:35:00,67.7,67.77,67.5,67.75,7124,0
2017-04-21,17:40:00,67.78,67.81,67.77,67.77,3206,0
2017-04-21,17:45:00,67.78,67.81,67.75,67.78,3500,0
2017-04-21,17:50:00,67.77,67.8,67.75,67.79,1400,0
2017-04-21,17:55:00,67.77,67.82,67.75,67.8,2900,0
2017-04-21,18:00:00,67.7801,67.81,67.75,67.78,2849,0
2017-04-21,18:05:00,67.76,67.8,67.75,67.8,900,0
2017-04-21,18:10:00,67.82,67.86,67.79,67.855,1905,0
2017-04-21,18:15:00,67.9,67.9,67.6,67.6,4300,0
2017-04-21,18:20:00,67.54,67.62,67.5,67.56,5300,0
2017-04-21,18:25:00,67.54,67.55,67.5,67.53,900,0
2017-04-21,18:30:00,67.59,67.69,67.59,67.64,3065,0
2017-04-21,18:35:00,67.6301,67.74,67.61,67.74,2600,0
2017-04-21,18:40:00,67.74,67.74,67.74,67.74,700,0
2017-04-21,18:45:00,67.74,67.89,67.74,67.89,4132,0
2017-04-21,18:50:00,67.91,67.92,67.82,67.87,3407,0
2017-04-21,18:55:00,67.88,67.91,67.85,67.85,1200,0
2017-04-21,19:00:00,67.84,67.84,67.71,67.71,3800,0
2017-04-21,19:05:00,67.71,67.78,67.7,67.7,1300,0
2017-04-21,19:10:00,67.7,67.7,67.56,67.56,5448,0
2017-04-21,19:15:00,67.55,67.55,67.465,67.5,2420,0
2017-04-21,19:20:00,67.5,67.5299,67.41,67.41,2500,0
2017-04-21,19:25:00,67.38,67.46,67.37,67.42,3286,0
2017-04-21,19:30:00,67.43,67.49,67.41,67.43,3741,0
2017-04-21,19:35:00,67.439,67.56,67.439,67.52,3224,0
2017-04-21,19:40:00,67.44,67.46,67.42,67.46,1400,0
2017-04-21,19:45:00,67.41,67.53,67.37,67.53,8124,0
2017-04-21,19:50:00,67.5,67.62,67.5,67.62,500,0
2017-04-21,19:55:00,67.63,67.79,67.63,67.66,1950,0
2017-04-21,20:00:00,67.72,67.82,67.72,67.79,3221,0
2017-04-21,20:05:00,67.704,67.83,67.704,67.77,2250,0
2017-04-21,20:10:00,67.77,67.77,67.77,67.77,200,0
2017-04-21,20:15:00,67.7662,67.78,67.72,67.78,700,0
2017-04-21,20:20:00,67.8,67.84,67.75,67.76,4404,0
2017-04-21,20:25:00,67.7562,67.8,67.75,67.79,1900,0
2017-04-21,20:30:00,67.8,67.85,67.8,67.83,2200,0
2017-04-21,20:35:00,67.8,67.82,67.76,67.82,631,0
2017-04-21,20:40:00,67.83,67.83,67.75,67.75,1571,0
2017-04-21,20:45:00,67.72,67.74,67.58,67.67,4804,0
2017-04-21,20:50:00,67.6701,67.84,67.6701,67.77,2599,0
2017-04-21,20:55:00,67.71,67.75,67.71,67.75,700,0
2017-04-21,21:00:00,67.76,67.79,67.76,67.79,500,0
2017-04-21,21:05:00,67.76,67.76,67.63,67.64,7014,0
2017-04-21,21:10:00,67.64,67.66,67.58,67.62,5583,0
2017-04-21,21:15:00,67.65,67.72,67.643,67.69,2554,0
2017-04-21,21:20:00,67.69,67.69,67.62,67.65,4774,0
2017-04-21,21:25:00,67.64,67.74,67.64,67.69,4419,0
2017-04-21,21:30:00,67.67,67.72,67.67,67.71,3246,0
2017-04-21,21:35:00,67.7,67.71,67.63,67.655,3721,0
2017-04-21,21:40:00,67.66,67.66,67.6,67.65,5455,0
2017-04-21,21:45:00,67.65,67.69,67.61,67.6601,9878,0
2017-04-21,21:50:00,67.66,67.76,67.66,67.76,6256,0
2017-04-21,21:55:00,67.76,67.81,67.64,67.69,17077,0
2017-04-21,22:00:00,67.69,67.69,67.58,67.61,47579,0
2017-04-24,15:35:00,68.68,69.13,68.68,68.85,12035,0
2017-04-24,15:40:00,68.85,68.85,68.22,68.24,10110,0
2017-04-24,15:45:00,68.36,68.4885,68.27,68.4885,3783,0
2017-04-24,15:50:00,68.49,68.5,68.31,68.35,4498,0
2017-04-24,15:55:00,68.34,68.35,68.16,68.18,5317,0
2017-04-24,16:00:00,68.2001,68.27,68.18,68.2,3500,0
2017-04-24,16:05:00,68.18,68.29,68.07,68.29,7398,0
2017-04-24,16:10:00,68.31,68.33,68.21,68.25,4300,0
2017-04-24,16:15:00,68.24,68.35,68.24,68.35,3394,0
2017-04-24,16:20:00,68.39,68.44,68.38,68.39,3161,0
2017-04-24,16:25:00,68.41,68.44,68.38,68.38,2500,0
2017-04-24,16:30:00,68.396,68.47,68.36,68.42,3929,0
2017-04-24,16:35:00,68.46,68.46,68.2,68.231,3800,0
2017-04-24,16:40:00,68.24,68.26,68.08,68.13,4888,0
2017-04-24,16:45:00,68.13,68.13,68,68.04,8675,0
2017-04-24,16:50:00,68.08,68.15,68.08,68.15,1947,0
2017-04-24,16:55:00,68.145,68.35,68.14,68.35,3070,0
2017-04-24,17:00:00,68.36,68.4,68.29,68.32,4089,0
2017-04-24,17:05:00,68.32,68.41,68.32,68.35,5579,0
2017-04-24,17:10:00,68.41,68.4699,68.41,68.46,3652,0
2017-04-24,17:15:00,68.42,68.48,68.329,68.329,3820,0
2017-04-24,17:20:00,68.39,68.39,68.28,68.34,8851,0
2017-04-24,17:25:00,68.34,68.4,68.31,68.36,5567,0
2017-04-24,17:30:00,68.41,68.45,68.4,68.4,4987,0
2017-04-24,17:35:00,68.39,68.41,68.325,68.35,5982,0
2017-04-24,17:40:00,68.35,68.46,68.35,68.45,2797,0
2017-04-24,17:45:00,68.4,68.44,68.36,68.4,4900,0
2017-04-24,17:50:00,68.42,68.48,68.42,68.46,7358,0
2017-04-24,17:55:00,68.49,68.51,68.45,68.46,3497,0
2017-04-24,18:00:00,68.43,68.49,68.43,68.455,2506,0
2017-04-24,18:05:00,68.44,68.51,68.42,68.4775,5666,0
2017-04-24,18:10:00,68.46,68.5,68.45,68.48,2188,0
2017-04-24,18:15:00,68.5,68.57,68.48,68.49,7650,0
2017-04-24,18:20:00,68.5,68.5,68.45,68.49,1820,0
2017-04-24,18:25:00,68.49,68.54,68.46,68.52,7122,0
2017-04-24,18:30:00,68.51,68.55,68.51,68.55,3665,0
2017-04-24,18:35:00,68.54,68.7,68.54,68.7,3279,0
2017-04-24,18:40:00,68.68,68.76,68.68,68.7396,16644,0
2017-04-24,18:45:00,68.74,68.76,68.69,68.731,3406,0
2017-04-24,18:50:00,68.73,68.75,68.7,68.7,2450,0
2017-04-24,18:55:00,68.69,68.72,68.69,68.69,1100,0
2017-04-24,19:00:00,68.72,68.72,68.68,68.69,3094,0
2017-04-24,19:05:00,68.7,68.72,68.69,68.72,2600,0
2017-04-24,19:10:00,68.75,68.76,68.74,68.74,1756,0
2017-04-24,19:15:00,68.76,68.76,68.74,68.75,5976,0
2017-04-24,19:20:00,68.74,68.76,68.72,68.73,4992,0
2017-04-24,19:25:00,68.72,68.76,68.72,68.73,3700,0
2017-04-24,19:30:00,68.75,68.76,68.72,68.73,12462,0
2017-04-24,19:35:00,68.72,68.72,68.65,68.65,1720,0
2017-04-24,19:40:00,68.66,68.68,68.54,68.57,6748,0
2017-04-24,19:45:00,68.57,68.6,68.47,68.47,2429,0
2017-04-24,19:50:00,68.47,68.551,68.47,68.551,5331,0
2017-04-24,19:55:00,68.56,68.6,68.53,68.54,5022,0
2017-04-24,20:00:00,68.55,68.6,68.51,68.54,5895,0
2017-04-24,20:05:00,68.6,68.65,68.5,68.54,4082,0
2017-04-24,20:10:00,68.5417,68.59,68.49,68.49,4278,0
2017-04-24,20:15:00,68.54,68.6,68.48,68.6,4820,0
2017-04-24,20:20:00,68.62,68.65,68.54,68.57,9412,0
2017-04-24,20:25:00,68.56,68.65,68.55,68.64,1300,0
2017-04-24,20:30:00,68.64,68.64,68.58,68.59,4568,0
2017-04-24,20:35:00,68.61,68.66,68.59,68.64,3915,0
2017-04-24,20:40:00,68.67,68.68,68.62,68.62,5740,0
2017-04-24,20:45:00,68.6375,68.74,68.635,68.7,3000,0
2017-04-24,20:50:00,68.71,68.97,68.7,68.9,23191,0
2017-04-24,20:55:00,68.89,68.925,68.83,68.83,7699,0
2017-04-24,21:00:00,68.87,68.93,68.85,68.93,2300,0
2017-04-24,21:05:00,68.95,68.98,68.93,68.98,4755,0
2017-04-24,21:10:00,69,69.075,69,69.07,9549,0
2017-04-24,21:15:00,69.08,69.09,69.03,69.03,4112,0
2017-04-24,21:20:00,69.03,69.05,68.99,69,3322,0
2017-04-24,21:25:00,69.01,69.14,69.01,69.14,3075,0
2017-04-24,21:30:00,69.15,69.26,69.04,69.17,28734,0
2017-04-24,21:35:00,69.16,69.16,69.1,69.15,3350,0
2017-04-24,21:40:00,69.14,69.1699,69.071,69.15,11998,0
2017-04-24,21:45:00,69.14,69.19,69.12,69.16,10453,0
2017-04-24,21:50:00,69.19,69.26,69.16,69.16,14789,0
2017-04-24,21:55:00,69.18,69.26,69.18,69.2,12466,0
2017-04-24,22:00:00,69.2,69.2799,69.18,69.26,43589,0
2017-04-25,15:35:00,69.52,70.34,69.52,70.245,23362,0
2017-04-25,15:40:00,70.18,70.339,70.06,70.18,3535,0
2017-04-25,15:45:00,70.17,70.28,70.1,70.28,12751,0
2017-04-25,15:50:00,70.23,70.33,69.57,69.57,12453,0
2017-04-25,15:55:00,69.56,69.91,69.52,69.68,10095,0
2017-04-25,16:00:00,69.653,69.84,69.48,69.48,5190,0
2017-04-25,16:05:00,69.56,69.96,69.52,69.96,6664,0
2017-04-25,16:10:00,69.88,69.91,69.3,69.415,20882,0
2017-04-25,16:15:00,69.42,69.5311,69.335,69.4875,3500,0
2017-04-25,16:20:00,69.44,69.52,69.27,69.39,4551,0
2017-04-25,16:25:00,69.32,69.44,69.3,69.32,3600,0
2017-04-25,16:30:00,69.3213,69.36,68.79,69.045,15807,0
2017-04-25,16:35:00,69.08,69.245,68.8,68.81,10100,0
2017-04-25,16:40:00,68.93,68.9564,68.645,68.69,14901,0
2017-04-25,16:45:00,68.745,69.12,68.71,69.01,15347,0
2017-04-25,16:50:00,69.0422,69.14,69.03,69.1,2826,0
2017-04-25,16:55:00,69.135,69.145,68.99,69.05,4825,0
2017-04-25,17:00:00,69.09,69.175,68.99,69.055,2950,0
2017-04-25,17:05:00,69,69.275,68.99,69.2,4100,0
2017-04-25,17:10:00,69.28,69.4177,69.23,69.23,9414,0
2017-04-25,17:15:00,69.31,69.45,69.26,69.45,3100,0
2017-04-25,17:20:00,69.439,69.59,69.43,69.48,6710,0
2017-04-25,17:25:00,69.5799,69.5799,69.44,69.495,6786,0
2017-04-25,17:30:00,69.4853,69.5231,69.13,69.24,19183,0
2017-04-25,17:35:00,69.19,69.46,69.1,69.46,12800,0
2017-04-25,17:40:00,69.46,69.51,69.46,69.465,600,0
2017-04-25,17:45:00,69.51,69.59,69.23,69.36,9417,0
2017-04-25,17:50:00,69.33,69.43,69.21,69.25,13718,0
2017-04-25,17:55:00,69.29,69.39,69.25,69.31,6200,0
2017-04-25,18:00:00,69.34,69.35,69.29,69.31,8213,0
2017-04-25,18:05:00,69.32,69.33,69.22,69.31,5966,0
2017-04-25,18:10:00,69.32,69.33,69.25,69.309,5642,0
2017-04-25,18:15:00,69.28,69.46,69.28,69.385,4100,0
2017-04-25,18:20:00,69.43,69.44,69.3,69.31,8698,0
2017-04-25,18:25:00,69.33,69.35,69.18,69.2,4501,0
2017-04-25,18:30:00,69.1933,69.23,69.16,69.1736,10940,0
2017-04-25,18:35:00,69.2,69.23,69.08,69.08,5918,0
2017-04-25,18:40:00,69.0483,69.18,68.98,68.98,8937,0
2017-04-25,18:45:00,68.98,69.235,68.98,69.19,3874,0
2017-04-25,18:50:00,69.19,69.3,69.13,69.21,13968,0
2017-04-25,18:55:00,69.2,69.245,69.09,69.095,17568,0
2017-04-25,19:00:00,69.1,69.23,69.05,69.11,22139,0
2017-04-25,19:05:00,69.13,69.19,69.01,69.06,22404,0
2017-04-25,19:10:00,69.09,69.16,68.92,69.03,40531,0
2017-04-25,19:15:00,69.035,69.31,69.035,69.31,11765,0
2017-04-25,19:20:00,69.31,69.36,69.085,69.09,6962,0
2017-04-25,19:25:00,69.16,69.36,69.1375,69.27,11010,0
2017-04-25,19:30:00,69.25,69.44,69.17,69.17,3400,0
2017-04-25,19:35:00,69.13,69.35,69.13,69.31,6533,0
2017-04-25,19:40:00,69.34,69.35,69.13,69.22,8314,0
2017-04-25,19:45:00,69.21,69.53,69.21,69.5,16141,0
2017-04-25,19:50:00,69.5204,69.5204,69.3,69.39,3720,0
2017-04-25,19:55:00,69.32,69.45,69.31,69.34,3638,0
2017-04-25,20:00:00,69.34,69.4799,69.34,69.4,2440,0
2017-04-25,20:05:00,69.33,69.45,69.33,69.4,5619,0
2017-04-25,20:10:00,69.37,69.48,69.36,69.45,7229,0
2017-04-25,20:15:00,69.45,69.45,69.35,69.43,4110,0
2017-04-25,20:20:00,69.37,69.405,69.13,69.35,5700,0
2017-04-25,20:25:00,69.3,69.35,69.22,69.26,3000,0
2017-04-25,20:30:00,69.35,69.4,69.27,69.27,5528,0
2017-04-25,20:35:00,69.26,69.29,69.16,69.16,5075,0
2017-04-25,20:40:00,69.22,69.3075,69.17,69.24,5136,0
2017-04-25,20:45:00,69.16,69.29,69.15,69.2153,7838,0
2017-04-25,20:50:00,69.2105,69.32,69.2,69.25,10465,0
2017-04-25,20:55:00,69.29,69.34,69.23,69.25,5520,0
2017-04-25,21:00:00,69.29,69.3,69.2,69.26,5605,0
2017-04-25,21:05:00,69.28,69.48,69.26,69.465,6474,0
2017-04-25,21:10:00,69.475,69.51,69.39,69.47,11050,0
2017-04-25,21:15:00,69.42,69.45,69.35,69.415,13750,0
2017-04-25,21:20:00,69.405,69.54,69.405,69.51,9997,0
2017-04-25,21:25:00,69.505,69.53,69.36,69.36,14957,0
2017-04-25,21:30:00,69.4299,69.43,69.36,69.41,6000,0
2017-04-25,21:35:00,69.4049,69.41,69.23,69.3,10478,0
2017-04-25,21:40:00,69.27,69.389,69.22,69.3,20212,0
2017-04-25,21:45:00,69.3,69.3,69.12,69.25,11074,0
2017-04-25,21:50:00,69.3,69.39,69.22,69.37,38339,0
2017-04-25,21:55:00,69.37,69.47,69.3,69.3,24669,0
2017-04-25,22:00:00,69.29,69.31,69.06,69.14,47008,0
2017-04-26,15:35:00,74.88,78.93,74,78.825,212112,0
2017-04-26,15:40:00,78.9,80.91,78.45,80.782,248769,0
2017-04-26,15:45:00,80.92,82.44,80.39,81.24,240511,0
2017-04-26,15:50:00,81.315,81.44,79.8,79.93,170096,0
2017-04-26,15:55:00,79.92,80.47,78.42,78.95,163295,0
2017-04-26,16:00:00,78.87,79.57,78.466,78.84,107919,0
2017-04-26,16:05:00,78.9,79.35,78.16,78.73,84028,0
2017-04-26,16:10:00,78.7,79.03,78.48,78.9199,72953,0
2017-04-26,16:15:00,78.915,79.5,78.74,79.425,98084,0
2017-04-26,16:20:00,79.38,79.405,78.76,78.96,61642,0
2017-04-26,16:25:00,78.9625,79.1699,78.46,78.7,49633,0
2017-04-26,16:30:00,78.594,80.43,78.5793,79.9019,67346,0
2017-04-26,16:35:00,79.943,81.1,79.74,80.51,81154,0
2017-04-26,16:40:00,80.51,80.6399,79.86,80.16,58849,0
2017-04-26,16:45:00,80.08,80.275,79.6,80.05,51924,0
2017-04-26,16:50:00,80.065,80.085,79.83,80.01,22277,0
2017-04-26,16:55:00,80.015,80.49,79.8301,80.49,31279,0
2017-04-26,17:00:00,80.569,80.82,80.4415,80.66,40301,0
2017-04-26,17:05:00,80.65,80.68,80.01,80.38,29815,0
2017-04-26,17:10:00,80.365,80.48,79.92,80.11,18396,0
2017-04-26,17:15:00,80.15,80.48,79.5,79.77,43630,0
2017-04-26,17:20:00,79.8,79.9,79.58,79.77,17936,0
2017-04-26,17:25:00,79.79,79.93,79.575,79.77,26834,0
2017-04-26,17:30:00,79.765,79.81,79.17,79.81,22693,0
2017-04-26,17:35:00,79.73,79.85,79.64,79.67,18976,0
2017-04-26,17:40:00,79.67,79.75,79.64,79.6904,25427,0
2017-04-26,17:45:00,79.66,79.695,79.3301,79.3301,11533,0
2017-04-26,17:50:00,79.33,80.05,79.31,80,15979,0
2017-04-26,17:55:00,80,80.09,79.79,79.88,17166,0
2017-04-26,18:00:00,79.77,80.24,79.69,80.19,21001,0
2017-04-26,18:05:00,80.24,80.28,79.94,80.02,12045,0
2017-04-26,18:10:00,80.015,80.015,79.6775,79.79,8000,0
2017-04-26,18:15:00,79.84,79.84,79.685,79.75,8700,0
2017-04-26,18:20:00,79.77,79.77,79.63,79.69,11188,0
2017-04-26,18:25:00,79.68,79.72,79.47,79.47,15841,0
2017-04-26,18:30:00,79.43,79.78,79.38,79.5,10913,0
2017-04-26,18:35:00,79.55,79.73,79.55,79.63,9450,0
2017-04-26,18:40:00,79.63,79.74,79.3275,79.42,14157,0
2017-04-26,18:45:00,79.545,79.67,79.2568,79.65,7680,0
2017-04-26,18:50:00,79.64,79.6699,79.36,79.36,9147,0
2017-04-26,18:55:00,79.42,79.7472,79.42,79.6435,7570,0
2017-04-26,19:00:00,79.6101,79.75,79.36,79.67,8950,0
2017-04-26,19:05:00,79.64,79.795,79.51,79.5435,13089,0
2017-04-26,19:10:00,79.555,79.735,79.5,79.7,10520,0
2017-04-26,19:15:00,79.73,79.76,79.411,79.411,18533,0
2017-04-26,19:20:00,79.41,79.89,79.41,79.58,37781,0
2017-04-26,19:25:00,79.585,79.75,79.499,79.5,13498,0
2017-04-26,19:30:00,79.51,79.69,79.5,79.5,7531,0
2017-04-26,19:35:00,79.565,79.64,79.31,79.31,13904,0
2017-04-26,19:40:00,79.36,79.52,79.32,79.4,5500,0
2017-04-26,19:45:00,79.42,79.69,79.42,79.525,24648,0
2017-04-26,19:50:00,79.52,79.55,78.83,79.23,37147,0
2017-04-26,19:55:00,79.285,79.37,79.0449,79.22,15288,0
2017-04-26,20:00:00,79.14,79.18,78.99,79.07,9183,0
2017-04-26,20:05:00,79.22,79.27,79.02,79.065,28229,0
2017-04-26,20:10:00,79.095,79.0999,78.91,78.97,21701,0
2017-04-26,20:15:00,78.95,78.999,78.87,78.9,8582,0
2017-04-26,20:20:00,78.915,78.92,78.46,78.62,21401,0
2017-04-26,20:25:00,78.62,78.9,78.62,78.8275,7445,0
2017-04-26,20:30:00,78.8,79.27,78.72,79.19,25129,0
2017-04-26,20:35:00,79.27,79.68,79.1,79.555,34245,0
2017-04-26,20:40:00,79.45,79.65,79.34,79.4699,36433,0
2017-04-26,20:45:00,79.38,79.98,79.35,79.98,30654,0
2017-04-26,20:50:00,79.945,79.97,79.67,79.84,26930,0
2017-04-26,20:55:00,79.87,79.95,79.54,79.64,34200,0
2017-04-26,21:00:00,79.54,79.828,79.52,79.78,23379,0
2017-04-26,21:05:00,79.77,79.8,79.5608,79.705,15298,0
2017-04-26,21:10:00,79.68,79.8,79.59,79.645,31979,0
2017-04-26,21:15:00,79.64,79.76,79.47,79.5,25086,0
2017-04-26,21:20:00,79.49,79.56,79.3,79.4,38210,0
2017-04-26,21:25:00,79.39,79.5,79.29,79.38,34249,0
2017-04-26,21:30:00,79.37,79.56,79.29,79.45,45929,0
2017-04-26,21:35:00,79.47,79.67,79.31,79.62,37502,0
2017-04-26,21:40:00,79.635,79.7,79.45,79.6658,53412,0
2017-04-26,21:45:00,79.635,79.94,79.579,79.93,28001,0
2017-04-26,21:50:00,79.94,79.94,79.61,79.69,27208,0
2017-04-26,21:55:00,79.73,80.03,79.7299,79.86,45792,0
2017-04-26,22:00:00,79.86,80.2,79.85,80.02,117128,0
