Date,Time,Open,High,Low,Close,Volume,OpenInt
2017-03-24,14:45:00,24.6,24.6,24.6,24.6,2500,0
2017-03-24,14:50:00,24.57,24.63,24.56,24.63,500,0
2017-03-24,14:55:00,24.63,24.63,24.63,24.63,100,0
2017-03-24,15:20:00,24.635,24.635,24.635,24.635,100,0
2017-03-24,15:25:00,24.66,24.6699,24.66,24.6699,300,0
2017-03-24,15:30:00,24.66,24.67,24.65,24.65,300,0
2017-03-24,15:40:00,24.6699,24.6699,24.65,24.65,700,0
2017-03-24,15:55:00,24.66,24.67,24.66,24.67,1860,0
2017-03-24,16:00:00,24.68,24.72,24.68,24.72,3100,0
2017-03-24,16:05:00,24.75,24.75,24.75,24.75,100,0
2017-03-24,16:15:00,24.74,24.74,24.73,24.73,300,0
2017-03-24,16:45:00,24.72,24.72,24.72,24.72,100,0
2017-03-24,16:55:00,24.7138,24.72,24.7138,24.72,400,0
2017-03-24,17:05:00,24.73,24.73,24.69,24.69,240,0
2017-03-24,17:10:00,24.72,24.72,24.72,24.72,550,0
2017-03-24,17:15:00,24.72,24.72,24.72,24.72,100,0
2017-03-24,17:25:00,24.7,24.7,24.7,24.7,500,0
2017-03-24,17:50:00,24.71,24.71,24.71,24.71,100,0
2017-03-24,18:00:00,24.71,24.71,24.71,24.71,200,0
2017-03-24,18:10:00,24.7,24.7,24.7,24.7,100,0
2017-03-24,18:20:00,24.6999,24.6999,24.6999,24.6999,200,0
2017-03-24,18:25:00,24.69,24.694,24.69,24.694,200,0
2017-03-24,18:40:00,24.68,24.688,24.68,24.688,400,0
2017-03-24,19:05:00,24.68,24.68,24.68,24.68,100,0
2017-03-24,19:10:00,24.7,24.7,24.7,24.7,100,0
2017-03-24,19:40:00,24.69,24.69,24.69,24.69,100,0
2017-03-24,19:45:00,24.69,24.69,24.69,24.69,100,0
2017-03-27,15:55:00,24.66,24.67,24.6595,24.67,869,0
2017-03-27,16:00:00,24.66,24.66,24.66,24.66,100,0
2017-03-27,16:50:00,24.72,24.72,24.72,24.72,100,0
2017-03-27,16:55:00,24.72,24.74,24.72,24.74,400,0
2017-03-27,17:05:00,24.74,24.74,24.74,24.74,1200,0
2017-03-27,17:15:00,24.7399,24.74,24.7399,24.74,2700,0
2017-03-27,17:40:00,24.74,24.74,24.74,24.74,100,0
2017-03-27,17:55:00,24.6901,24.6901,24.6901,24.6901,250,0
2017-03-27,18:05:00,24.78,24.78,24.78,24.78,100,0
2017-03-27,18:40:00,24.7899,24.7899,24.7899,24.7899,200,0
2017-03-27,19:35:00,24.75,24.78,24.75,24.78,900,0
2017-03-27,19:45:00,24.76,24.76,24.75,24.75,1800,0
2017-03-27,20:15:00,24.749,24.75,24.701,24.701,300,0
2017-03-27,20:35:00,24.7248,24.7248,24.7248,24.7248,400,0
2017-03-27,21:25:00,24.7396,24.74,24.7396,24.74,700,0
2017-03-27,21:30:00,24.74,24.74,24.74,24.74,300,0
2017-03-27,22:00:00,24.74,24.74,24.74,24.74,200,0
2017-03-28,15:35:00,24.8,24.83,24.8,24.8,5700,0
2017-03-28,15:40:00,24.8,24.8,24.8,24.8,500,0
2017-03-28,15:45:00,24.8,24.8,24.8,24.8,100,0
2017-03-28,15:55:00,24.79,24.79,24.79,24.79,100,0
2017-03-28,16:05:00,24.79,24.8,24.79,24.8,2032,0
2017-03-28,16:10:00,24.8,24.8,24.8,24.8,1700,0
2017-03-28,16:15:00,24.8,24.8,24.8,24.8,1300,0
2017-03-28,16:20:00,24.8,24.8,24.8,24.8,1000,0
2017-03-28,16:30:00,24.8,24.8,24.8,24.8,100,0
2017-03-28,16:35:00,24.83,24.83,24.8,24.8,200,0
2017-03-28,16:45:00,24.8,24.83,24.8,24.83,2968,0
2017-03-28,16:55:00,24.81,24.82,24.76,24.82,1100,0
2017-03-28,17:10:00,24.81,24.81,24.81,24.81,200,0
2017-03-28,17:15:00,24.81,24.81,24.81,24.81,200,0
2017-03-28,17:20:00,24.82,24.82,24.82,24.82,200,0
2017-03-28,17:40:00,24.82,24.82,24.82,24.82,100,0
2017-03-28,17:45:00,24.82,24.83,24.82,24.83,700,0
2017-03-28,17:55:00,24.83,24.83,24.83,24.83,100,0
2017-03-28,18:00:00,24.8299,24.83,24.8299,24.83,1100,0
2017-03-28,18:25:00,24.83,24.83,24.83,24.83,100,0
2017-03-28,18:40:00,24.83,24.83,24.83,24.83,400,0
2017-03-28,18:45:00,24.82,24.82,24.82,24.82,1300,0
2017-03-28,18:50:00,24.82,24.82,24.82,24.82,3132,0
2017-03-28,19:05:00,24.82,24.82,24.82,24.82,173,0
2017-03-28,19:10:00,24.83,24.83,24.83,24.83,300,0
2017-03-28,19:20:00,24.84,24.84,24.84,24.84,100,0
2017-03-28,19:25:00,24.84,24.84,24.84,24.84,100,0
2017-03-28,19:35:00,24.8,24.835,24.8,24.8,10100,0
2017-03-28,19:40:00,24.84,24.84,24.84,24.84,200,0
2017-03-28,19:50:00,24.8358,24.8358,24.8358,24.8358,425,0
2017-03-28,19:55:00,24.84,24.84,24.84,24.84,100,0
2017-03-28,20:00:00,24.84,24.84,24.8399,24.8399,2000,0
2017-03-28,20:10:00,24.85,24.85,24.85,24.85,100,0
2017-03-28,20:20:00,24.85,24.85,24.85,24.85,100,0
2017-03-28,20:25:00,24.85,24.85,24.846,24.85,700,0
2017-03-28,20:30:00,24.85,24.85,24.85,24.85,100,0
2017-03-28,20:45:00,24.85,24.85,24.83,24.83,1800,0
2017-03-28,20:50:00,24.879,24.88,24.82,24.82,12700,0
2017-03-28,20:55:00,24.88,24.88,24.88,24.88,400,0
2017-03-28,21:05:00,24.88,24.88,24.88,24.88,100,0
2017-03-28,21:15:00,24.87,24.87,24.87,24.87,100,0
2017-03-28,21:20:00,24.86,24.86,24.86,24.86,100,0
2017-03-28,21:25:00,24.85,24.85,24.84,24.84,1350,0
2017-03-28,21:35:00,24.83,24.83,24.82,24.82,2200,0
2017-03-28,21:40:00,24.86,24.86,24.86,24.86,100,0
2017-03-28,21:45:00,24.8572,24.8572,24.81,24.82,1708,0
2017-03-28,21:55:00,24.86,24.86,24.86,24.86,200,0
2017-03-28,22:00:00,24.86,24.86,24.86,24.86,800,0
2017-03-29,15:35:00,24.8858,24.89,24.8858,24.89,700,0
2017-03-29,15:40:00,24.85,24.85,24.85,24.85,600,0
2017-03-29,15:50:00,24.86,24.86,24.85,24.85,200,0
2017-03-29,15:55:00,24.84,24.85,24.83,24.85,4440,0
2017-03-29,16:15:00,24.85,24.85,24.85,24.85,900,0
2017-03-29,16:25:00,24.8401,24.8401,24.8401,24.8401,1000,0
2017-03-29,16:35:00,24.89,24.89,24.89,24.89,100,0
2017-03-29,16:50:00,24.89,24.89,24.89,24.89,100,0
2017-03-29,16:55:00,24.89,24.89,24.89,24.89,100,0
2017-03-29,18:45:00,24.85,24.85,24.85,24.85,402,0
2017-03-29,20:30:00,24.84,24.84,24.84,24.84,300,0
2017-03-29,20:50:00,24.84,24.84,24.84,24.84,700,0
2017-03-29,21:00:00,24.83,24.83,24.83,24.83,3902,0
2017-03-29,21:05:00,24.83,24.83,24.83,24.83,2600,0
2017-03-29,21:10:00,24.83,24.83,24.83,24.83,4400,0
2017-03-29,21:15:00,24.83,24.83,24.83,24.83,1398,0
2017-03-29,21:25:00,24.83,24.83,24.83,24.83,100,0
2017-03-29,21:30:00,24.83,24.83,24.83,24.83,2400,0
2017-03-29,21:35:00,24.83,24.83,24.83,24.83,1202,0
2017-03-29,21:40:00,24.83,24.83,24.83,24.83,900,0
2017-03-29,21:45:00,24.83,24.83,24.83,24.83,1300,0
2017-03-29,21:50:00,24.83,24.8636,24.83,24.8636,900,0
2017-03-29,21:55:00,24.845,24.86,24.845,24.8599,300,0
2017-03-29,22:00:00,24.83,24.9,24.83,24.9,500,0
2017-03-30,15:35:00,24.9,24.9,24.85,24.86,900,0
2017-03-30,15:40:00,24.9,24.97,24.9,24.97,500,0
2017-03-30,15:50:00,24.96,24.97,24.96,24.97,400,0
2017-03-30,15:55:00,24.94,24.94,24.94,24.94,400,0
2017-03-30,16:40:00,24.96,24.96,24.9599,24.9599,600,0
2017-03-30,16:45:00,24.96,24.98,24.96,24.98,4400,0
2017-03-30,16:50:00,25,25.07,25,25.01,7300,0
2017-03-30,17:00:00,25.07,25.07,25.07,25.07,100,0
2017-03-30,18:55:00,25.0599,25.0599,25.0599,25.0599,400,0
2017-03-30,19:00:00,25.0357,25.0357,25.0266,25.0266,681,0
2017-03-30,19:40:00,25.01,25.01,25.01,25.01,400,0
2017-03-30,20:00:00,25.01,25.01,25.01,25.01,200,0
2017-03-30,20:05:00,25.03,25.03,24.99,24.99,200,0
2017-03-30,20:35:00,25,25,25,25,600,0
2017-03-30,20:45:00,25.03,25.03,25.01,25.01,2100,0
2017-03-30,20:55:00,25.01,25.01,25.01,25.01,100,0
2017-03-30,21:25:00,25.01,25.01,25.01,25.01,300,0
2017-03-30,21:45:00,25.0228,25.0228,25.0228,25.0228,750,0
2017-03-30,21:50:00,25.01,25.01,25,25,376,0
2017-03-30,22:00:00,25.015,25.02,25.015,25.02,2888,0
2017-03-31,15:35:00,25.02,25.07,25.02,25.07,1100,0
2017-03-31,17:40:00,25.0133,25.0133,25.0133,25.0133,200,0
2017-03-31,18:00:00,25,25,25,25,470,0
2017-03-31,18:15:00,25,25,25,25,195,0
2017-03-31,18:25:00,25,25,25,25,168,0
2017-03-31,18:40:00,25,25,25,25,1200,0
2017-03-31,18:45:00,25,25,25,25,100,0
2017-03-31,19:05:00,25,25,25,25,200,0
2017-03-31,19:10:00,24.98,24.98,24.97,24.97,436,0
2017-03-31,19:20:00,24.99,24.99,24.99,24.99,100,0
2017-03-31,19:35:00,24.97,24.97,24.97,24.97,3741,0
2017-03-31,19:45:00,25,25,25,25,199,0
2017-03-31,19:55:00,24.97,24.97,24.97,24.97,144,0
2017-03-31,20:15:00,25,25,25,25,300,0
2017-03-31,20:25:00,25.0295,25.0295,25.0295,25.0295,894,0
2017-03-31,20:30:00,25.0399,25.0399,25.0399,25.0399,259,0
2017-03-31,20:35:00,25.0388,25.0388,25.0388,25.0388,500,0
2017-03-31,21:15:00,25,25,25,25,1400,0
2017-03-31,21:20:00,24.98,24.98,24.98,24.98,850,0
2017-03-31,21:35:00,24.98,24.9856,24.98,24.9856,250,0
2017-03-31,21:40:00,25,25,25,25,100,0
2017-03-31,21:55:00,25,25,25,25,1200,0
2017-03-31,22:00:00,25.02,25.02,25.02,25.02,500,0
2017-04-03,15:35:00,25.07,25.07,25.001,25.001,400,0
2017-04-03,15:40:00,25.07,25.11,25.07,25.11,3485,0
2017-04-03,15:50:00,25.13,25.13,25.12,25.12,3500,0
2017-04-03,16:05:00,25.105,25.12,25.09,25.12,700,0
2017-04-03,16:15:00,25.12,25.12,25.12,25.12,100,0
2017-04-03,16:25:00,25.11,25.11,25.06,25.06,600,0
2017-04-03,16:30:00,25.085,25.1,25.085,25.1,500,0
2017-04-03,16:35:00,25.1099,25.1099,25.1099,25.1099,500,0
2017-04-03,16:40:00,25.1099,25.1099,25.1099,25.1099,150,0
2017-04-03,16:50:00,25.1,25.1,25.1,25.1,100,0
2017-04-03,17:00:00,25.1,25.1,25.1,25.1,100,0
2017-04-03,17:05:00,25.0601,25.08,25.06,25.06,1907,0
2017-04-03,17:10:00,25.08,25.1,25.08,25.1,1100,0
2017-04-03,17:15:00,25.09,25.1,25.09,25.1,907,0
2017-04-03,17:20:00,25.1,25.1,25.037,25.037,1400,0
2017-04-03,17:25:00,25.1,25.1,25.1,25.1,100,0
2017-04-03,17:30:00,25.07,25.07,25.05,25.05,1500,0
2017-04-03,17:40:00,25.07,25.09,25.06,25.09,1100,0
2017-04-03,17:50:00,25.09,25.09,25.09,25.09,100,0
2017-04-03,18:05:00,25.09,25.09,25.0899,25.0899,900,0
2017-04-03,18:15:00,25.08,25.08,25.08,25.08,1100,0
2017-04-03,18:20:00,25.0773,25.0773,25.0773,25.0773,1800,0
2017-04-03,18:25:00,25.08,25.09,25.08,25.09,2096,0
2017-04-03,18:30:00,25.09,25.1,25.09,25.1,7004,0
2017-04-03,18:40:00,25.15,25.15,25.15,25.15,100,0
2017-04-03,18:45:00,25.14,25.14,25.13,25.13,2700,0
2017-04-03,18:55:00,25.13,25.13,25.13,25.13,100,0
2017-04-03,19:00:00,25.12,25.12,25.1,25.1,200,0
2017-04-03,19:05:00,25.1,25.1,25.1,25.1,100,0
2017-04-03,19:20:00,25.13,25.13,25.13,25.13,100,0
2017-04-03,19:35:00,25.13,25.13,25.13,25.13,100,0
2017-04-03,19:50:00,25.12,25.12,25.12,25.12,100,0
2017-04-03,20:00:00,25.12,25.12,25.12,25.12,100,0
2017-04-03,20:10:00,25.12,25.12,25.12,25.12,100,0
2017-04-03,20:15:00,25.1089,25.1089,25.1089,25.1089,114,0
2017-04-03,20:25:00,25.12,25.12,25.12,25.12,100,0
2017-04-03,20:35:00,25.11,25.11,25.11,25.11,100,0
2017-04-03,20:45:00,25.12,25.12,25.12,25.12,100,0
2017-04-03,20:55:00,25.12,25.12,25.12,25.12,800,0
2017-04-03,21:00:00,25.12,25.12,25.12,25.12,700,0
2017-04-03,21:05:00,25.12,25.12,25.11,25.12,800,0
2017-04-03,21:15:00,25.13,25.13,25.13,25.13,100,0
2017-04-03,21:20:00,25.13,25.17,25.13,25.17,6099,0
2017-04-03,21:25:00,25.1689,25.18,25.1689,25.1799,900,0
2017-04-03,21:30:00,25.1416,25.155,25.1416,25.15,1900,0
2017-04-03,21:35:00,25.1401,25.17,25.1401,25.1673,2100,0
2017-04-03,21:40:00,25.16,25.16,25.15,25.15,2400,0
2017-04-03,21:45:00,25.155,25.155,25.14,25.14,1000,0
2017-04-03,21:50:00,25.13,25.135,25.13,25.13,1400,0
2017-04-03,21:55:00,25.14,25.14,25.14,25.14,1700,0
2017-04-03,22:00:00,25.14,25.14,25.13,25.14,1588,0
2017-04-04,15:35:00,25.18,25.23,25.18,25.23,4432,0
2017-04-04,15:40:00,25.265,25.27,25.26,25.261,5200,0
2017-04-04,15:50:00,25.29,25.3,25.28,25.2999,3588,0
2017-04-04,16:05:00,25.285,25.285,25.27,25.27,3000,0
2017-04-04,16:10:00,25.3,25.3,25.3,25.3,100,0
2017-04-04,16:20:00,25.29,25.29,25.27,25.27,500,0
2017-04-04,16:25:00,25.24,25.24,25.24,25.24,500,0
2017-04-04,16:40:00,25.28,25.28,25.28,25.28,100,0
2017-04-04,16:45:00,25.25,25.25,25.25,25.25,200,0
2017-04-04,16:55:00,25.24,25.24,25.24,25.24,100,0
2017-04-04,17:00:00,25.225,25.225,25.19,25.19,3300,0
2017-04-04,17:25:00,25.19,25.19,25.19,25.19,500,0
2017-04-04,17:35:00,25.21,25.21,25.21,25.21,1700,0
2017-04-04,17:40:00,25.21,25.21,25.21,25.21,300,0
2017-04-04,17:45:00,25.21,25.21,25.19,25.19,501,0
2017-04-04,18:05:00,25.21,25.21,25.21,25.21,100,0
2017-04-04,18:10:00,25.2199,25.2199,25.2199,25.2199,350,0
2017-04-04,18:20:00,25.2,25.2,25.2,25.2,500,0
2017-04-04,18:30:00,25.199,25.2,25.199,25.2,2500,0
2017-04-04,18:35:00,25.2227,25.2227,25.2227,25.2227,2000,0
2017-04-04,18:40:00,25.22,25.22,25.22,25.22,100,0
2017-04-04,18:50:00,25.22,25.22,25.22,25.22,100,0
2017-04-04,18:55:00,25.22,25.22,25.22,25.22,400,0
2017-04-04,19:00:00,25.22,25.22,25.22,25.22,300,0
2017-04-04,19:05:00,25.22,25.22,25.22,25.22,100,0
2017-04-04,19:10:00,25.2008,25.2008,25.2008,25.2008,200,0
2017-04-04,19:15:00,25.22,25.22,25.22,25.22,100,0
2017-04-04,19:30:00,25.24,25.24,25.24,25.24,100,0
2017-04-04,19:40:00,25.25,25.25,25.25,25.25,100,0
2017-04-04,19:55:00,25.25,25.25,25.25,25.25,100,0
2017-04-04,20:05:00,25.25,25.25,25.25,25.25,900,0
2017-04-04,20:15:00,25.24,25.24,25.24,25.24,100,0
2017-04-04,20:25:00,25.24,25.24,25.24,25.24,100,0
2017-04-04,20:35:00,25.24,25.24,25.24,25.24,100,0
2017-04-04,20:45:00,25.24,25.24,25.24,25.24,100,0
2017-04-04,20:55:00,25.24,25.24,25.24,25.24,100,0
2017-04-04,21:05:00,25.23,25.23,25.23,25.23,100,0
2017-04-04,21:15:00,25.23,25.23,25.23,25.23,100,0
2017-04-04,21:25:00,25.24,25.24,25.24,25.24,100,0
2017-04-04,21:30:00,25.23,25.23,25.23,25.23,100,0
2017-04-04,21:40:00,25.23,25.23,25.2101,25.2101,1100,0
2017-04-04,21:45:00,25.225,25.24,25.21,25.24,1157,0
2017-04-04,21:50:00,25.23,25.23,25.23,25.23,100,0
2017-04-04,21:55:00,25.21,25.23,25.21,25.23,400,0
2017-04-04,22:00:00,25.23,25.23,25.19,25.21,1279,0
2017-04-05,16:05:00,25.19,25.22,25.08,25.21,1797,0
2017-04-05,16:15:00,25.2,25.23,25.2,25.23,4999,0
2017-04-05,16:20:00,25.25,25.3,25.25,25.3,1300,0
2017-04-05,16:25:00,25.3,25.3,25.3,25.3,600,0
2017-04-05,16:30:00,25.3,25.3,25.3,25.3,100,0
2017-04-05,16:40:00,25.3,25.3,25.3,25.3,100,0
2017-04-05,16:45:00,25.26,25.28,25.26,25.26,800,0
2017-04-05,16:50:00,25.26,25.29,25.26,25.29,300,0
2017-04-05,16:55:00,25.27,25.27,25.26,25.26,400,0
2017-04-05,17:00:00,25.26,25.28,25.21,25.21,2900,0
2017-04-05,17:05:00,25.2,25.29,25.15,25.15,1900,0
2017-04-05,17:10:00,25.2,25.2,25.15,25.15,1000,0
2017-04-05,17:25:00,25.199,25.2,25.199,25.2,2100,0
2017-04-05,17:30:00,25.2,25.2,25.2,25.2,200,0
2017-04-05,17:35:00,25.25,25.25,25.25,25.25,100,0
2017-04-05,17:45:00,25.25,25.25,25.25,25.25,100,0
2017-04-05,17:55:00,25.25,25.25,25.25,25.25,100,0
2017-04-05,18:05:00,25.25,25.25,25.25,25.25,100,0
2017-04-05,18:20:00,25.25,25.25,25.25,25.25,100,0
2017-04-05,18:30:00,25.25,25.25,25.25,25.25,100,0
2017-04-05,18:40:00,25.2473,25.25,25.2418,25.25,1310,0
2017-04-05,18:50:00,25.25,25.25,25.25,25.25,100,0
2017-04-05,19:05:00,25.25,25.2575,25.25,25.25,600,0
2017-04-05,19:20:00,25.27,25.27,25.25,25.25,200,0
2017-04-05,19:30:00,25.25,25.25,25.24,25.24,400,0
2017-04-05,19:35:00,25.2399,25.2399,25.23,25.23,582,0
2017-04-05,19:45:00,25.24,25.24,25.22,25.22,400,0
2017-04-05,20:05:00,25.22,25.24,25.22,25.24,400,0
2017-04-05,20:15:00,25.24,25.24,25.24,25.24,100,0
2017-04-05,20:20:00,25.2,25.2,25.19,25.19,1700,0
2017-04-05,20:35:00,25.23,25.23,25.23,25.23,100,0
2017-04-05,20:55:00,25.23,25.23,25.23,25.23,100,0
2017-04-05,21:05:00,25.22,25.22,25.22,25.22,100,0
2017-04-05,21:15:00,25.22,25.22,25.22,25.22,100,0
2017-04-05,21:20:00,25.21,25.21,25.13,25.13,7002,0
2017-04-05,21:25:00,25.13,25.13,25.08,25.08,2000,0
2017-04-05,21:30:00,25.1,25.1,25.1,25.1,1000,0
2017-04-05,21:40:00,25.18,25.18,25.18,25.18,100,0
2017-04-05,21:45:00,25.16,25.16,25.16,25.16,100,0
2017-04-05,21:50:00,25.16,25.16,25.16,25.16,200,0
2017-04-05,21:55:00,25.18,25.18,25.18,25.18,200,0
2017-04-05,22:00:00,25.18,25.18,25.17,25.17,400,0
2017-04-06,15:55:00,25.08,25.1699,25.08,25.1699,1600,0
2017-04-06,16:05:00,25.16,25.16,25.16,25.16,100,0
2017-04-06,16:20:00,25.17,25.17,25.17,25.17,100,0
2017-04-06,16:30:00,25.17,25.17,25.17,25.17,100,0
2017-04-06,16:35:00,25.17,25.17,25.17,25.17,300,0
2017-04-06,16:40:00,25.17,25.17,25.16,25.16,300,0
2017-04-06,16:45:00,25.16,25.16,25.16,25.16,400,0
2017-04-06,16:50:00,25.16,25.17,25.16,25.17,200,0
2017-04-06,17:00:00,25.17,25.17,25.17,25.17,100,0
2017-04-06,17:15:00,25.17,25.17,25.17,25.17,100,0
2017-04-06,17:25:00,25.17,25.17,25.17,25.17,100,0
2017-04-06,17:40:00,25.17,25.17,25.17,25.17,200,0
2017-04-06,17:55:00,25.17,25.17,25.17,25.17,100,0
2017-04-06,18:05:00,25.17,25.17,25.15,25.15,300,0
2017-04-06,18:10:00,25.15,25.15,25.12,25.12,1000,0
2017-04-06,18:20:00,25.1382,25.1382,25.11,25.12,1600,0
2017-04-06,18:25:00,25.17,25.17,25.17,25.17,100,0
2017-04-06,18:30:00,25.17,25.17,25.15,25.15,4300,0
2017-04-06,19:25:00,25.15,25.16,25.15,25.15,775,0
2017-04-06,19:55:00,25.16,25.16,25.16,25.16,100,0
2017-04-06,20:00:00,25.16,25.16,25.16,25.16,175,0
2017-04-06,20:05:00,25.15,25.16,25.15,25.155,1202,0
2017-04-06,20:10:00,25.16,25.16,25.16,25.16,100,0
2017-04-06,20:25:00,25.16,25.16,25.16,25.16,100,0
2017-04-06,20:30:00,25.16,25.1638,25.15,25.15,1900,0
2017-04-06,20:35:00,25.14,25.14,25.13,25.135,500,0
2017-04-06,20:50:00,25.16,25.16,25.16,25.16,100,0
2017-04-06,21:00:00,25.15,25.15,25.15,25.15,100,0
2017-04-06,21:15:00,25.15,25.15,25.15,25.15,700,0
2017-04-06,21:20:00,25.15,25.15,25.15,25.15,1100,0
2017-04-06,21:25:00,25.15,25.2,25.15,25.2,300,0
2017-04-06,21:35:00,25.18,25.18,25.18,25.18,100,0
2017-04-06,21:45:00,25.18,25.18,25.18,25.18,100,0
2017-04-06,21:50:00,25.18,25.18,25.18,25.18,200,0
2017-04-06,21:55:00,25.18,25.18,25.17,25.17,200,0
2017-04-06,22:00:00,25.17,25.17,25.17,25.17,100,0
2017-04-07,15:35:00,25.21,25.21,25.21,25.21,640,0
2017-04-07,15:40:00,25.21,25.24,25.17,25.24,5777,0
2017-04-07,15:45:00,25.26,25.27,25.26,25.27,3100,0
2017-04-07,15:50:00,25.27,25.27,25.27,25.27,2500,0
2017-04-07,15:55:00,25.27,25.27,25.27,25.27,2100,0
2017-04-07,16:05:00,25.27,25.27,25.27,25.27,100,0
2017-04-07,16:10:00,25.22,25.22,25.22,25.22,400,0
2017-04-07,16:15:00,25.22,25.22,25.22,25.22,100,0
2017-04-07,16:20:00,25.27,25.27,25.27,25.27,100,0
2017-04-07,16:30:00,25.27,25.27,25.27,25.27,100,0
2017-04-07,16:40:00,25.27,25.28,25.27,25.28,2500,0
2017-04-07,16:45:00,25.31,25.31,25.31,25.31,800,0
2017-04-07,16:50:00,25.31,25.31,25.31,25.31,100,0
2017-04-07,16:55:00,25.31,25.31,25.31,25.31,300,0
2017-04-07,17:00:00,25.31,25.31,25.31,25.31,300,0
2017-04-07,17:15:00,25.31,25.31,25.31,25.31,100,0
2017-04-07,17:20:00,25.28,25.28,25.28,25.28,2084,0
2017-04-07,17:40:00,25.28,25.28,25.28,25.28,100,0
2017-04-07,17:55:00,25.28,25.28,25.28,25.28,100,0
2017-04-07,18:05:00,25.28,25.28,25.28,25.28,100,0
2017-04-07,18:20:00,25.28,25.28,25.28,25.28,100,0
2017-04-07,18:35:00,25.28,25.28,25.28,25.28,100,0
2017-04-07,18:50:00,25.27,25.27,25.27,25.27,100,0
2017-04-07,19:00:00,25.27,25.27,25.27,25.27,1300,0
2017-04-07,19:10:00,25.28,25.28,25.28,25.28,100,0
2017-04-07,19:25:00,25.27,25.27,25.27,25.27,101,0
2017-04-07,19:30:00,25.28,25.28,25.28,25.28,100,0
2017-04-07,19:45:00,25.28,25.28,25.28,25.28,100,0
2017-04-07,20:00:00,25.28,25.28,25.28,25.28,100,0
2017-04-07,20:10:00,25.28,25.28,25.28,25.28,100,0
2017-04-07,20:25:00,25.28,25.28,25.28,25.28,100,0
2017-04-07,20:40:00,25.28,25.28,25.28,25.28,100,0
2017-04-07,20:50:00,25.28,25.28,25.28,25.28,100,0
2017-04-07,21:05:00,25.28,25.34,25.28,25.34,5984,0
2017-04-07,21:25:00,25.34,25.34,25.34,25.34,600,0
2017-04-07,21:35:00,25.34,25.34,25.34,25.34,100,0
2017-04-07,21:45:00,25.34,25.34,25.3,25.3,1300,0
2017-04-07,21:50:00,25.3,25.3,25.3,25.3,300,0
2017-04-07,21:55:00,25.3,25.3,25.3,25.3,300,0
2017-04-07,22:00:00,25.33,25.33,25.33,25.33,1200,0
2017-04-10,15:35:00,25.43,25.43,25.43,25.43,350,0
2017-04-10,15:55:00,25.43,25.43,25.43,25.43,300,0
2017-04-10,16:00:00,25.43,25.5,25.43,25.5,3495,0
2017-04-10,16:05:00,25.48,25.5,25.48,25.5,400,0
2017-04-10,16:10:00,25.5,25.5,25.5,25.5,1000,0
2017-04-10,16:15:00,25.5,25.5,25.49,25.49,414,0
2017-04-10,16:20:00,25.49,25.52,25.49,25.52,1214,0
2017-04-10,16:25:00,25.52,25.52,25.52,25.52,200,0
2017-04-10,16:30:00,25.52,25.52,25.52,25.52,200,0
2017-04-10,16:35:00,25.52,25.52,25.52,25.52,400,0
2017-04-10,16:40:00,25.48,25.52,25.44,25.51,1300,0
2017-04-10,16:45:00,25.51,25.52,25.51,25.52,1295,0
2017-04-10,16:50:00,25.48,25.51,25.44,25.45,1600,0
2017-04-10,16:55:00,25.45,25.5,25.45,25.5,600,0
2017-04-10,17:00:00,25.5,25.5,25.5,25.5,100,0
2017-04-10,17:05:00,25.48,25.485,25.45,25.45,600,0
2017-04-10,17:15:00,25.5,25.5,25.5,25.5,200,0
2017-04-10,17:20:00,25.5,25.5,25.5,25.5,300,0
2017-04-10,17:25:00,25.5,25.5,25.49,25.49,300,0
2017-04-10,17:30:00,25.5,25.5,25.5,25.5,1200,0
2017-04-10,17:35:00,25.5,25.5,25.5,25.5,300,0
2017-04-10,17:40:00,25.5,25.52,25.5,25.52,1600,0
2017-04-10,17:45:00,25.52,25.52,25.5188,25.52,1351,0
2017-04-10,17:50:00,25.52,25.61,25.5,25.61,2400,0
2017-04-10,18:05:00,25.61,25.61,25.61,25.61,100,0
2017-04-10,18:10:00,25.61,25.61,25.59,25.59,200,0
2017-04-10,18:20:00,25.59,25.59,25.5899,25.5899,762,0
2017-04-10,18:25:00,25.58,25.63,25.54,25.54,3200,0
2017-04-10,18:30:00,25.54,25.54,25.5,25.5,2301,0
2017-04-10,18:55:00,25.53,25.53,25.53,25.53,100,0
2017-04-10,19:00:00,25.53,25.53,25.53,25.53,200,0
2017-04-10,19:15:00,25.52,25.52,25.52,25.52,300,0
2017-04-10,19:20:00,25.52,25.52,25.52,25.52,300,0
2017-04-10,19:30:00,25.53,25.53,25.53,25.53,200,0
2017-04-10,19:35:00,25.54,25.54,25.54,25.54,100,0
2017-04-10,19:45:00,25.54,25.54,25.54,25.54,100,0
2017-04-10,19:50:00,25.54,25.54,25.54,25.54,100,0
2017-04-10,19:55:00,25.54,25.54,25.5093,25.54,887,0
2017-04-10,20:00:00,25.54,25.61,25.54,25.61,1293,0
2017-04-10,20:05:00,25.59,25.59,25.59,25.59,300,0
2017-04-10,20:15:00,25.59,25.59,25.59,25.59,200,0
2017-04-10,20:20:00,25.59,25.63,25.59,25.63,400,0
2017-04-10,20:25:00,25.59,25.59,25.59,25.59,200,0
2017-04-10,20:30:00,25.62,25.62,25.62,25.62,100,0
2017-04-10,20:35:00,25.56,25.56,25.56,25.56,100,0
2017-04-10,20:40:00,25.58,25.58,25.58,25.58,200,0
2017-04-10,20:45:00,25.58,25.58,25.58,25.58,100,0
2017-04-10,20:50:00,25.57,25.58,25.57,25.58,200,0
2017-04-10,20:55:00,25.58,25.58,25.58,25.58,100,0
2017-04-10,21:00:00,25.58,25.64,25.58,25.58,500,0
2017-04-10,21:05:00,25.62,25.62,25.56,25.58,1300,0
2017-04-10,21:10:00,25.55,25.58,25.55,25.58,300,0
2017-04-10,21:20:00,25.58,25.58,25.58,25.58,200,0
2017-04-10,21:25:00,25.56,25.56,25.52,25.52,1400,0
2017-04-10,21:35:00,25.55,25.55,25.52,25.52,900,0
2017-04-10,21:40:00,25.52,25.525,25.51,25.52,1060,0
2017-04-10,21:45:00,25.51,25.53,25.51,25.53,368,0
2017-04-10,21:50:00,25.52,25.53,25.51,25.53,500,0
2017-04-10,21:55:00,25.54,25.63,25.51,25.54,2285,0
2017-04-10,22:00:00,25.54,25.61,25.54,25.61,1460,0
2017-04-11,15:35:00,25.63,25.7,25.62,25.7,1040,0
2017-04-11,15:40:00,25.68,25.68,25.68,25.68,100,0
2017-04-11,15:50:00,25.66,25.66,25.66,25.66,100,0
2017-04-11,15:55:00,25.65,25.65,25.65,25.65,100,0
2017-04-11,16:00:00,25.65,25.65,25.62,25.62,1214,0
2017-04-11,16:05:00,25.62,25.65,25.6,25.6056,1280,0
2017-04-11,16:10:00,25.62,25.62,25.59,25.6199,2588,0
2017-04-11,16:15:00,25.6077,25.6077,25.6077,25.6077,100,0
2017-04-11,16:20:00,25.53,25.53,25.53,25.53,400,0
2017-04-11,16:25:00,25.5499,25.5499,25.5,25.5,5876,0
2017-04-11,16:30:00,25.4999,25.4999,25.45,25.45,1394,0
2017-04-11,16:35:00,25.35,25.36,25.35,25.35,1000,0
2017-04-11,16:50:00,25.49,25.49,25.49,25.49,200,0
2017-04-11,16:55:00,25.55,25.635,25.55,25.62,2600,0
2017-04-11,17:00:00,25.49,25.49,25.49,25.49,200,0
2017-04-11,17:10:00,25.5499,25.5499,25.5499,25.5499,100,0
2017-04-11,17:15:00,25.54,25.54,25.54,25.54,100,0
2017-04-11,17:20:00,25.53,25.54,25.53,25.54,600,0
2017-04-11,17:25:00,25.54,25.545,25.54,25.54,1000,0
2017-04-11,17:30:00,25.5499,25.5499,25.5499,25.5499,200,0
2017-04-11,17:45:00,25.55,25.61,25.55,25.61,300,0
2017-04-11,17:50:00,25.56,25.585,25.56,25.585,400,0
2017-04-11,18:20:00,25.56,25.56,25.56,25.56,100,0
2017-04-11,18:30:00,25.57,25.58,25.57,25.58,400,0
2017-04-11,18:35:00,25.59,25.6,25.59,25.6,400,0
2017-04-11,18:40:00,25.59,25.6,25.59,25.59,500,0
2017-04-11,18:45:00,25.59,25.6,25.59,25.6,200,0
2017-04-11,18:50:00,25.59,25.5988,25.59,25.5988,485,0
2017-04-11,18:55:00,25.59,25.59,25.57,25.57,500,0
2017-04-11,19:00:00,25.6,25.6,25.6,25.6,100,0
2017-04-11,19:10:00,25.5999,25.5999,25.5999,25.5999,100,0
2017-04-11,19:15:00,25.57,25.57,25.57,25.57,100,0
2017-04-11,19:25:00,25.6,25.6,25.6,25.6,100,0
2017-04-11,19:40:00,25.58,25.6,25.58,25.6,200,0
2017-04-11,19:50:00,25.6,25.6,25.58,25.58,200,0
2017-04-11,19:55:00,25.6,25.6,25.6,25.6,100,0
2017-04-11,20:05:00,25.59,25.59,25.59,25.59,100,0
2017-04-11,20:10:00,25.59,25.59,25.59,25.59,100,0
2017-04-11,20:15:00,25.6,25.6,25.6,25.6,100,0
2017-04-11,20:25:00,25.6,25.6,25.6,25.6,100,0
2017-04-11,20:30:00,25.6,25.6,25.6,25.6,300,0
2017-04-11,20:40:00,25.62,25.62,25.6,25.62,300,0
2017-04-11,20:50:00,25.61,25.62,25.61,25.62,500,0
2017-04-11,20:55:00,25.62,25.63,25.62,25.63,400,0
2017-04-11,21:05:00,25.615,25.615,25.615,25.615,100,0
2017-04-11,21:10:00,25.62,25.69,25.62,25.69,2500,0
2017-04-11,21:15:00,25.77,25.77,25.77,25.77,200,0
2017-04-11,21:20:00,25.75,25.789,25.745,25.745,2100,0
2017-04-11,21:25:00,25.76,25.76,25.76,25.76,100,0
2017-04-11,21:30:00,25.78,25.78,25.77,25.77,1400,0
2017-04-11,21:35:00,25.77,25.77,25.75,25.77,300,0
2017-04-11,21:40:00,25.7607,25.7607,25.75,25.75,844,0
2017-04-11,21:45:00,25.73,25.74,25.685,25.74,300,0
2017-04-11,21:50:00,25.685,25.74,25.685,25.74,400,0
2017-04-11,21:55:00,25.72,25.73,25.68,25.73,400,0
2017-04-11,22:00:00,25.73,25.79,25.63,25.73,2237,0
2017-04-12,15:45:00,25.74,25.74,25.73,25.74,2300,0
2017-04-12,15:55:00,25.74,25.74,25.7399,25.7399,1000,0
2017-04-12,16:00:00,25.7401,25.7401,25.7401,25.7401,500,0
2017-04-12,16:10:00,25.7436,25.77,25.74,25.7433,3200,0
2017-04-12,16:15:00,25.74,25.74,25.74,25.74,100,0
2017-04-12,16:25:00,25.665,25.75,25.665,25.75,200,0
2017-04-12,16:30:00,25.77,25.77,25.77,25.77,100,0
2017-04-12,16:40:00,25.73,25.73,25.73,25.73,100,0
2017-04-12,16:50:00,25.77,25.77,25.75,25.75,500,0
2017-04-12,16:55:00,25.77,25.77,25.77,25.77,100,0
2017-04-12,17:05:00,25.75,25.77,25.73,25.77,300,0
2017-04-12,17:25:00,25.75,25.75,25.75,25.75,100,0
2017-04-12,17:30:00,25.665,25.71,25.665,25.6943,700,0
2017-04-12,17:35:00,25.75,25.75,25.74,25.74,300,0
2017-04-12,17:45:00,25.72,25.72,25.72,25.72,100,0
2017-04-12,17:55:00,25.75,25.75,25.75,25.75,600,0
2017-04-12,18:00:00,25.7,25.7,25.7,25.7,200,0
2017-04-12,18:05:00,25.7,25.7,25.7,25.7,100,0
2017-04-12,18:10:00,25.7,25.7,25.7,25.7,800,0
2017-04-12,18:15:00,25.705,25.705,25.705,25.705,100,0
2017-04-12,18:30:00,25.7,25.7,25.7,25.7,100,0
2017-04-12,18:40:00,25.695,25.695,25.69,25.69,698,0
2017-04-12,18:45:00,25.66,25.66,25.66,25.66,100,0
2017-04-12,19:20:00,25.69,25.69,25.69,25.69,100,0
2017-04-12,19:25:00,25.679,25.68,25.679,25.68,200,0
2017-04-12,19:30:00,25.68,25.68,25.66,25.66,1100,0
2017-04-12,19:35:00,25.66,25.66,25.65,25.65,200,0
2017-04-12,19:40:00,25.64,25.64,25.64,25.64,100,0
2017-04-12,19:45:00,25.69,25.69,25.69,25.69,100,0
2017-04-12,19:55:00,25.69,25.69,25.69,25.69,232,0
2017-04-12,20:05:00,25.66,25.66,25.66,25.66,100,0
2017-04-12,20:10:00,25.66,25.66,25.66,25.66,100,0
2017-04-12,20:15:00,25.7,25.7,25.7,25.7,100,0
2017-04-12,20:25:00,25.7,25.7,25.7,25.7,600,0
2017-04-12,20:30:00,25.7,25.7,25.6997,25.6997,306,0
2017-04-12,20:35:00,25.66,25.7,25.6599,25.7,500,0
2017-04-12,20:40:00,25.7,25.7,25.7,25.7,500,0
2017-04-12,20:45:00,25.7,25.7,25.7,25.7,300,0
2017-04-12,20:50:00,25.7,25.7,25.7,25.7,100,0
2017-04-12,20:55:00,25.7,25.7,25.7,25.7,200,0
2017-04-12,21:00:00,25.7,25.75,25.68,25.75,1947,0
2017-04-12,21:05:00,25.75,25.75,25.75,25.75,400,0
2017-04-12,21:10:00,25.75,25.75,25.72,25.72,300,0
2017-04-12,21:15:00,25.75,25.75,25.74,25.74,200,0
2017-04-12,21:20:00,25.75,25.75,25.75,25.75,300,0
2017-04-12,21:25:00,25.75,25.75,25.73,25.75,1600,0
2017-04-12,21:30:00,25.75,25.75,25.72,25.75,300,0
2017-04-12,21:40:00,25.75,25.76,25.75,25.76,300,0
2017-04-12,21:45:00,25.76,25.76,25.75,25.75,200,0
2017-04-12,21:50:00,25.76,25.76,25.76,25.76,212,0
2017-04-12,21:55:00,25.8,25.8,25.775,25.775,700,0
2017-04-12,22:00:00,25.79,25.85,25.79,25.85,1400,0
2017-04-13,15:45:00,25.7001,25.7714,25.7001,25.7714,200,0
2017-04-13,15:55:00,25.87,25.87,25.87,25.87,100,0
2017-04-13,16:00:00,25.73,25.73,25.73,25.73,100,0
2017-04-13,16:20:00,25.85,25.85,25.85,25.85,100,0
2017-04-13,16:25:00,25.85,25.85,25.85,25.85,200,0
2017-04-13,16:30:00,25.76,25.85,25.75,25.78,5334,0
2017-04-13,16:35:00,25.84,25.84,25.84,25.84,100,0
2017-04-13,16:40:00,25.8,25.8,25.8,25.8,100,0
2017-04-13,16:45:00,25.84,25.84,25.84,25.84,100,0
2017-04-13,16:55:00,25.88,25.93,25.875,25.93,1026,0
2017-04-13,17:00:00,25.9,25.93,25.9,25.93,200,0
2017-04-13,17:10:00,25.92,25.92,25.9025,25.9025,200,0
2017-04-13,17:15:00,25.94,25.96,25.87,25.87,11014,0
2017-04-13,17:30:00,25.855,25.855,25.855,25.855,100,0
2017-04-13,17:35:00,25.94,25.94,25.94,25.94,100,0
2017-04-13,17:45:00,25.9,25.9,25.88,25.88,200,0
2017-04-13,17:50:00,25.88,25.88,25.88,25.88,100,0
2017-04-13,17:55:00,25.89,25.89,25.89,25.89,100,0
2017-04-13,18:00:00,25.89,25.89,25.89,25.89,300,0
2017-04-13,18:10:00,25.87,25.87,25.87,25.87,100,0
2017-04-13,18:20:00,25.94,25.94,25.94,25.94,500,0
2017-04-13,18:25:00,25.8518,25.91,25.8518,25.91,696,0
2017-04-13,18:30:00,25.93,25.93,25.93,25.93,200,0
2017-04-13,18:40:00,25.93,25.93,25.93,25.93,100,0
2017-04-13,18:45:00,25.93,25.93,25.9,25.9,2400,0
2017-04-13,19:00:00,25.9,25.9,25.9,25.9,100,0
2017-04-13,19:10:00,25.9,25.9,25.9,25.9,200,0
2017-04-13,19:20:00,25.9,25.91,25.9,25.91,200,0
2017-04-13,19:25:00,25.87,25.9,25.87,25.9,200,0
2017-04-13,19:35:00,25.9,25.9,25.9,25.9,200,0
2017-04-13,19:45:00,25.9,25.9,25.855,25.855,300,0
2017-04-13,19:55:00,25.89,25.89,25.89,25.89,100,0
2017-04-13,20:00:00,25.855,25.855,25.855,25.855,100,0
2017-04-13,20:05:00,25.88,25.88,25.88,25.88,100,0
2017-04-13,20:10:00,25.88,25.88,25.88,25.88,100,0
2017-04-13,20:15:00,25.855,25.855,25.855,25.855,100,0
2017-04-13,20:20:00,25.9,25.9,25.88,25.88,200,0
2017-04-13,20:25:00,25.88,25.88,25.85,25.85,500,0
2017-04-13,20:30:00,25.86,25.86,25.86,25.86,100,0
2017-04-13,20:35:00,25.85,25.85,25.85,25.85,100,0
2017-04-13,20:40:00,25.88,25.88,25.85,25.85,400,0
2017-04-13,20:50:00,25.88,25.88,25.84,25.84,1399,0
2017-04-13,20:55:00,25.81,25.81,25.81,25.81,2592,0
2017-04-13,21:00:00,25.8,25.8052,25.79,25.8052,2999,0
2017-04-13,21:05:00,25.81,25.81,25.81,25.81,100,0
2017-04-13,21:10:00,25.83,25.83,25.81,25.83,500,0
2017-04-13,21:15:00,25.81,25.81,25.81,25.81,100,0
2017-04-13,21:20:00,25.81,25.81,25.79,25.81,500,0
2017-04-13,21:25:00,25.81,25.81,25.81,25.81,100,0
2017-04-13,21:30:00,25.8,25.83,25.7999,25.83,2000,0
2017-04-13,21:35:00,25.85,25.85,25.85,25.85,200,0
2017-04-13,21:40:00,25.88,25.88,25.88,25.88,500,0
2017-04-13,21:45:00,25.83,25.85,25.83,25.85,500,0
2017-04-13,21:50:00,25.85,25.85,25.83,25.84,500,0
2017-04-13,21:55:00,25.84,25.84,25.795,25.795,1088,0
2017-04-13,22:00:00,25.8,25.85,25.79,25.79,1400,0
2017-04-17,15:35:00,25.8999,25.8999,25.8999,25.8999,500,0
2017-04-17,15:45:00,25.87,25.885,25.87,25.88,1900,0
2017-04-17,15:50:00,25.86,25.86,25.72,25.86,6000,0
2017-04-17,15:55:00,25.6201,25.6201,25.6201,25.6201,2000,0
2017-04-17,16:10:00,25.71,25.71,25.71,25.71,100,0
2017-04-17,16:20:00,25.71,25.72,25.71,25.72,200,0
2017-04-17,16:25:00,25.85,25.85,25.85,25.85,100,0
2017-04-17,16:35:00,25.84,25.84,25.84,25.84,100,0
2017-04-17,16:40:00,25.83,25.83,25.83,25.83,100,0
2017-04-17,16:45:00,25.785,25.785,25.7301,25.7301,600,0
2017-04-17,17:00:00,25.81,25.81,25.81,25.81,100,0
2017-04-17,17:05:00,25.82,25.82,25.78,25.78,700,0
2017-04-17,17:10:00,25.81,25.81,25.81,25.81,100,0
2017-04-17,17:15:00,25.81,25.81,25.81,25.81,100,0
2017-04-17,17:25:00,25.81,25.81,25.81,25.81,100,0
2017-04-17,17:35:00,25.81,25.81,25.81,25.81,100,0
2017-04-17,17:45:00,25.81,25.81,25.81,25.81,100,0
2017-04-17,17:55:00,25.79,25.79,25.79,25.79,100,0
2017-04-17,18:00:00,25.82,25.82,25.82,25.82,100,0
2017-04-17,18:05:00,25.81,25.81,25.81,25.81,100,0
2017-04-17,18:10:00,25.82,25.82,25.82,25.82,400,0
2017-04-17,18:15:00,25.82,25.82,25.82,25.82,100,0
2017-04-17,18:20:00,25.82,25.82,25.82,25.82,100,0
2017-04-17,18:30:00,25.82,25.82,25.82,25.82,100,0
2017-04-17,18:40:00,25.85,25.86,25.85,25.85,300,0
2017-04-17,18:45:00,25.85,25.85,25.85,25.85,100,0
2017-04-17,18:55:00,25.85,25.85,25.82,25.82,300,0
2017-04-17,19:10:00,25.85,25.85,25.85,25.85,100,0
2017-04-17,19:20:00,25.83,25.83,25.83,25.83,200,0
2017-04-17,19:35:00,25.84,25.84,25.84,25.84,100,0
2017-04-17,19:40:00,25.835,25.8382,25.835,25.8382,900,0
2017-04-17,19:45:00,25.83,25.83,25.82,25.82,383,0
2017-04-17,19:55:00,25.84,25.84,25.84,25.84,100,0
2017-04-17,20:05:00,25.82,25.83,25.81,25.83,700,0
2017-04-17,20:10:00,25.825,25.825,25.82,25.82,200,0
2017-04-17,20:30:00,25.83,25.83,25.83,25.83,100,0
2017-04-17,20:35:00,25.82,25.82,25.82,25.82,200,0
2017-04-17,20:40:00,25.83,25.83,25.8,25.8,1100,0
2017-04-17,20:50:00,25.83,25.83,25.83,25.83,500,0
2017-04-17,21:00:00,25.83,25.83,25.83,25.83,100,0
2017-04-17,21:05:00,25.83,25.83,25.83,25.83,100,0
2017-04-17,21:10:00,25.83,25.83,25.815,25.815,600,0
2017-04-17,21:15:00,25.83,25.83,25.83,25.83,100,0
2017-04-17,21:20:00,25.83,25.83,25.83,25.83,100,0
2017-04-17,21:25:00,25.83,25.83,25.83,25.83,400,0
2017-04-17,21:30:00,25.84,25.84,25.82,25.82,395,0
2017-04-17,21:35:00,25.84,25.84,25.84,25.84,500,0
2017-04-17,21:40:00,25.85,25.85,25.85,25.85,100,0
2017-04-17,21:45:00,25.85,25.85,25.85,25.85,500,0
2017-04-17,21:50:00,25.85,25.85,25.8309,25.84,550,0
2017-04-17,21:55:00,25.85,25.85,25.84,25.84,1260,0
2017-04-17,22:00:00,25.84,25.93,25.84,25.93,1700,0
2017-04-18,16:20:00,25.839,25.839,25.839,25.839,2142,0
2017-04-18,16:25:00,25.84,25.84,25.82,25.82,300,0
2017-04-18,16:35:00,25.84,25.84,25.84,25.84,100,0
2017-04-18,16:40:00,25.84,25.84,25.84,25.84,100,0
2017-04-18,16:50:00,25.84,25.84,25.84,25.84,100,0
2017-04-18,16:55:00,25.82,25.82,25.82,25.82,100,0
2017-04-18,17:00:00,25.801,25.84,25.801,25.84,2100,0
2017-04-18,17:05:00,25.84,25.84,25.84,25.84,800,0
2017-04-18,17:10:00,25.88,25.88,25.88,25.88,100,0
2017-04-18,17:15:00,25.86,25.86,25.86,25.86,100,0
2017-04-18,17:25:00,25.87,25.87,25.87,25.87,100,0
2017-04-18,17:30:00,25.86,25.86,25.86,25.86,100,0
2017-04-18,17:40:00,25.88,25.88,25.88,25.88,100,0
2017-04-18,17:45:00,25.88,25.88,25.86,25.86,1600,0
2017-04-18,17:50:00,25.8601,25.88,25.86,25.88,1400,0
2017-04-18,17:55:00,25.88,25.88,25.88,25.88,200,0
2017-04-18,18:00:00,25.88,25.88,25.88,25.88,100,0
2017-04-18,18:05:00,25.88,25.88,25.88,25.88,100,0
2017-04-18,18:10:00,25.88,25.88,25.88,25.88,100,0
2017-04-18,18:15:00,25.86,25.88,25.86,25.88,1600,0
2017-04-18,18:20:00,25.86,25.86,25.86,25.86,100,0
2017-04-18,18:35:00,25.86,25.865,25.85,25.85,1183,0
2017-04-18,18:40:00,25.84,25.85,25.84,25.85,200,0
2017-04-18,18:50:00,25.85,25.85,25.85,25.85,200,0
2017-04-18,18:55:00,25.8499,25.8499,25.8499,25.8499,100,0
2017-04-18,19:05:00,25.84,25.85,25.84,25.85,200,0
2017-04-18,19:10:00,25.85,25.85,25.85,25.85,100,0
2017-04-18,19:15:00,25.84,25.85,25.8399,25.85,3500,0
2017-04-18,19:25:00,25.85,25.85,25.85,25.85,100,0
2017-04-18,19:30:00,25.85,25.9,25.85,25.9,460,0
2017-04-18,19:40:00,25.9,25.9,25.9,25.9,200,0
2017-04-18,19:45:00,25.88,25.88,25.88,25.88,100,0
2017-04-18,19:50:00,25.9,25.9,25.9,25.9,100,0
2017-04-18,20:00:00,25.9,25.9,25.9,25.9,100,0
2017-04-18,20:05:00,25.9,25.93,25.9,25.93,800,0
2017-04-18,20:15:00,25.93,25.93,25.93,25.93,100,0
2017-04-18,20:25:00,25.92,25.93,25.92,25.93,500,0
2017-04-18,20:30:00,25.9282,25.9282,25.9282,25.9282,900,0
2017-04-18,20:35:00,25.93,25.93,25.93,25.93,100,0
2017-04-18,20:45:00,25.93,25.93,25.93,25.93,100,0
2017-04-18,20:55:00,25.93,25.93,25.93,25.93,900,0
2017-04-18,21:00:00,25.93,25.93,25.93,25.93,100,0
2017-04-18,21:10:00,25.94,25.94,25.94,25.94,600,0
2017-04-18,21:20:00,25.94,25.94,25.94,25.94,500,0
2017-04-18,21:25:00,25.94,25.94,25.94,25.94,500,0
2017-04-18,21:30:00,25.94,25.96,25.94,25.96,340,0
2017-04-18,21:35:00,25.95,25.975,25.95,25.97,1200,0
2017-04-18,21:40:00,25.9871,25.9871,25.97,25.97,237,0
2017-04-18,21:45:00,25.97,25.97,25.97,25.97,656,0
2017-04-18,21:50:00,25.96,25.96,25.96,25.96,100,0
2017-04-18,21:55:00,25.96,25.96,25.95,25.96,1000,0
2017-04-18,22:00:00,25.96,25.96,25.93,25.96,1300,0
2017-04-19,15:35:00,25.98,25.98,25.98,25.98,100,0
2017-04-19,15:40:00,25.905,25.905,25.8501,25.905,400,0
2017-04-19,16:10:00,25.91,25.91,25.91,25.91,100,0
2017-04-19,16:15:00,25.91,25.91,25.91,25.91,100,0
2017-04-19,16:20:00,25.85,25.88,25.85,25.86,700,0
2017-04-19,16:25:00,25.86,25.865,25.84,25.84,5199,0
2017-04-19,16:35:00,25.85,25.85,25.85,25.85,300,0
2017-04-19,16:40:00,25.85,25.85,25.85,25.85,100,0
2017-04-19,16:50:00,25.85,25.85,25.84,25.84,500,0
2017-04-19,17:00:00,25.87,25.87,25.86,25.86,200,0
2017-04-19,17:05:00,25.85,25.85,25.85,25.85,400,0
2017-04-19,17:10:00,25.85,25.85,25.85,25.85,100,0
2017-04-19,17:15:00,25.85,25.85,25.85,25.85,100,0
2017-04-19,17:20:00,25.8,25.8,25.8,25.8,800,0
2017-04-19,17:25:00,25.85,25.85,25.815,25.815,200,0
2017-04-19,17:35:00,25.85,25.85,25.85,25.85,100,0
2017-04-19,17:45:00,25.85,25.85,25.85,25.85,100,0
2017-04-19,17:55:00,25.85,25.85,25.85,25.85,100,0
2017-04-19,18:00:00,25.85,25.85,25.85,25.85,100,0
2017-04-19,18:10:00,25.85,25.85,25.85,25.85,700,0
2017-04-19,18:20:00,25.85,25.85,25.85,25.85,100,0
2017-04-19,18:30:00,25.85,25.85,25.85,25.85,100,0
2017-04-19,18:40:00,25.85,25.85,25.85,25.85,100,0
2017-04-19,18:50:00,25.85,25.85,25.85,25.85,100,0
2017-04-19,19:00:00,25.85,25.85,25.85,25.85,100,0
2017-04-19,19:10:00,25.85,25.85,25.825,25.825,1300,0
2017-04-19,19:20:00,25.85,25.85,25.85,25.85,100,0
2017-04-19,19:30:00,25.85,25.85,25.85,25.85,200,0
2017-04-19,19:35:00,25.8499,25.85,25.8499,25.85,400,0
2017-04-19,19:45:00,25.85,25.85,25.85,25.85,200,0
2017-04-19,19:50:00,25.85,25.85,25.85,25.85,100,0
2017-04-19,19:55:00,25.85,25.85,25.85,25.85,1300,0
2017-04-19,20:00:00,25.85,25.85,25.85,25.85,100,0
2017-04-19,20:05:00,25.85,25.85,25.85,25.85,200,0
2017-04-19,20:10:00,25.85,25.85,25.85,25.85,100,0
2017-04-19,20:15:00,25.85,25.85,25.84,25.84,200,0
2017-04-19,20:20:00,25.85,25.85,25.85,25.85,200,0
2017-04-19,20:25:00,25.85,25.85,25.85,25.85,100,0
2017-04-19,20:30:00,25.85,25.85,25.85,25.85,800,0
2017-04-19,20:35:00,25.85,25.85,25.85,25.85,200,0
2017-04-19,20:40:00,25.85,25.85,25.85,25.85,200,0
2017-04-19,20:45:00,25.85,25.85,25.85,25.85,100,0
2017-04-19,20:50:00,25.83,25.84,25.83,25.84,700,0
2017-04-19,21:00:00,25.95,25.95,25.95,25.95,100,0
2017-04-19,21:05:00,25.94,25.94,25.94,25.94,100,0
2017-04-19,21:15:00,25.9,25.94,25.8448,25.94,1500,0
2017-04-19,21:20:00,25.93,25.93,25.93,25.93,100,0
2017-04-19,21:25:00,25.94,25.94,25.94,25.94,100,0
2017-04-19,21:30:00,25.91,25.91,25.91,25.91,700,0
2017-04-19,21:35:00,25.91,25.91,25.85,25.85,1400,0
2017-04-19,21:40:00,25.85,25.9,25.85,25.9,200,0
2017-04-19,21:45:00,25.9,25.9,25.88,25.88,627,0
2017-04-19,21:50:00,25.9,25.9,25.9,25.9,400,0
2017-04-19,21:55:00,25.9,25.9,25.85,25.85,1139,0
2017-04-19,22:00:00,25.94,25.94,25.75,25.93,7400,0
2017-04-20,15:35:00,25.85,25.85,25.85,25.85,740,0
2017-04-20,16:00:00,25.89,25.89,25.89,25.89,100,0
2017-04-20,16:10:00,25.88,25.88,25.8,25.8,200,0
2017-04-20,16:15:00,25.88,25.88,25.88,25.88,100,0
2017-04-20,16:20:00,25.84,25.89,25.84,25.89,900,0
2017-04-20,16:25:00,25.8165,25.8165,25.8165,25.8165,360,0
2017-04-20,16:30:00,25.88,25.88,25.88,25.88,100,0
2017-04-20,16:35:00,25.87,25.87,25.84,25.84,200,0
2017-04-20,16:40:00,25.88,25.88,25.88,25.88,100,0
2017-04-20,16:50:00,25.88,25.88,25.88,25.88,100,0
2017-04-20,16:55:00,25.87,25.87,25.87,25.87,100,0
2017-04-20,17:05:00,25.87,25.87,25.87,25.87,100,0
2017-04-20,17:10:00,25.88,25.88,25.88,25.88,655,0
2017-04-20,17:15:00,25.9,25.9,25.9,25.9,100,0
2017-04-20,17:25:00,25.9,25.9,25.9,25.9,100,0
2017-04-20,17:40:00,25.9,25.9,25.851,25.851,1100,0
2017-04-20,17:50:00,25.9,25.9,25.9,25.9,100,0
2017-04-20,17:55:00,25.9,25.9,25.88,25.88,900,0
2017-04-20,18:05:00,25.9,25.9,25.9,25.9,100,0
2017-04-20,18:15:00,25.88,25.88,25.88,25.88,100,0
2017-04-20,18:20:00,25.87,25.87,25.85,25.85,300,0
2017-04-20,18:25:00,25.89,25.89,25.89,25.89,100,0
2017-04-20,18:45:00,25.9,25.9,25.9,25.9,100,0
2017-04-20,18:55:00,25.9,25.9,25.9,25.9,100,0
2017-04-20,19:05:00,25.9,25.9,25.9,25.9,100,0
2017-04-20,19:15:00,25.9,25.9,25.9,25.9,100,0
2017-04-20,19:25:00,25.9,25.9,25.9,25.9,100,0
2017-04-20,19:30:00,25.9,25.9,25.9,25.9,1460,0
2017-04-20,19:35:00,25.89,25.89,25.89,25.89,100,0
2017-04-20,19:45:00,25.89,25.89,25.89,25.89,100,0
2017-04-20,20:00:00,25.89,25.89,25.89,25.89,211,0
2017-04-20,20:05:00,25.9,25.9,25.9,25.9,100,0
2017-04-20,20:10:00,25.9,25.9,25.9,25.9,300,0
2017-04-20,20:15:00,25.9,25.9,25.9,25.9,100,0
2017-04-20,20:20:00,25.9,25.9,25.9,25.9,100,0
2017-04-20,20:30:00,25.9,25.9,25.885,25.885,300,0
2017-04-20,20:35:00,25.9,25.9,25.9,25.9,500,0
2017-04-20,20:40:00,25.88,25.88,25.88,25.88,700,0
2017-04-20,20:55:00,25.87,25.88,25.87,25.88,679,0
2017-04-20,21:10:00,25.9,25.9,25.9,25.9,100,0
2017-04-20,21:15:00,25.9,25.9,25.9,25.9,631,0
2017-04-20,21:20:00,25.9,25.9,25.9,25.9,100,0
2017-04-20,21:25:00,25.9,25.9,25.9,25.9,500,0
2017-04-20,21:30:00,25.9,25.9,25.9,25.9,100,0
2017-04-20,21:35:00,25.9,25.95,25.9,25.95,736,0
2017-04-20,21:40:00,25.96,25.96,25.96,25.96,100,0
2017-04-20,21:45:00,25.96,25.96,25.96,25.96,100,0
2017-04-20,21:50:00,25.96,25.96,25.96,25.96,1112,0
2017-04-20,21:55:00,25.93,25.96,25.93,25.96,1200,0
2017-04-20,22:00:00,25.96,25.96,25.92,25.96,3800,0
2017-04-21,16:15:00,25.96,25.96,25.96,25.96,100,0
2017-04-21,16:20:00,25.96,25.96,25.96,25.96,100,0
2017-04-21,16:25:00,25.96,25.96,25.96,25.96,100,0
2017-04-21,16:30:00,25.96,25.96,25.96,25.96,100,0
2017-04-21,16:35:00,25.96,25.96,25.96,25.96,100,0
2017-04-21,16:40:00,25.96,25.96,25.96,25.96,100,0
2017-04-21,16:45:00,25.81,25.96,25.81,25.96,200,0
2017-04-21,16:50:00,25.95,25.95,25.95,25.95,100,0
2017-04-21,16:55:00,25.96,25.96,25.82,25.82,200,0
2017-04-21,17:05:00,25.96,25.96,25.96,25.96,100,0
2017-04-21,17:10:00,25.95,25.95,25.95,25.95,100,0
2017-04-21,17:15:00,25.96,25.96,25.96,25.96,100,0
2017-04-21,17:20:00,25.96,25.96,25.84,25.84,200,0
2017-04-21,17:25:00,25.94,25.94,25.94,25.94,100,0
2017-04-21,17:30:00,25.94,25.94,25.94,25.94,100,0
2017-04-21,17:35:00,25.9,25.9,25.9,25.9,100,0
2017-04-21,17:40:00,25.84,25.89,25.84,25.89,200,0
2017-04-21,17:45:00,25.9,25.9,25.9,25.9,100,0
2017-04-21,17:55:00,25.9,25.9,25.9,25.9,300,0
2017-04-21,18:00:00,25.9,25.9,25.9,25.9,100,0
2017-04-21,18:05:00,25.9,25.9,25.865,25.865,200,0
2017-04-21,18:15:00,25.86,25.88,25.83,25.83,300,0
2017-04-21,18:25:00,25.86,25.86,25.86,25.86,100,0
2017-04-21,18:30:00,25.83,25.83,25.83,25.83,100,0
2017-04-21,18:35:00,25.86,25.86,25.86,25.86,200,0
2017-04-21,18:40:00,25.86,25.86,25.86,25.86,100,0
2017-04-21,18:50:00,25.86,25.86,25.86,25.86,100,0
2017-04-21,18:55:00,25.85,25.85,25.85,25.85,400,0
2017-04-21,19:05:00,25.83,25.83,25.83,25.83,100,0
2017-04-21,19:10:00,25.84,25.86,25.8399,25.86,1301,0
2017-04-21,19:15:00,25.86,25.96,25.86,25.96,2300,0
2017-04-21,19:20:00,25.8601,25.8601,25.8601,25.8601,2000,0
2017-04-21,19:35:00,25.96,25.96,25.96,25.96,100,0
2017-04-21,19:40:00,25.86,25.96,25.86,25.96,200,0
2017-04-21,19:45:00,25.96,25.96,25.96,25.96,100,0
2017-04-21,19:50:00,25.96,25.96,25.96,25.96,100,0
2017-04-21,19:55:00,25.92,25.92,25.92,25.92,100,0
2017-04-21,20:00:00,25.96,25.96,25.96,25.96,100,0
2017-04-21,20:10:00,25.96,25.96,25.96,25.96,200,0
2017-04-21,20:15:00,25.96,25.96,25.96,25.96,100,0
2017-04-21,20:20:00,25.96,25.96,25.8801,25.89,2600,0
2017-04-21,20:25:00,25.92,25.92,25.84,25.85,1949,0
2017-04-21,20:30:00,25.85,25.85,25.85,25.85,300,0
2017-04-21,20:35:00,25.85,25.85,25.83,25.83,600,0
2017-04-21,20:50:00,25.83,25.84,25.83,25.84,200,0
2017-04-21,21:00:00,25.84,25.84,25.84,25.84,100,0
2017-04-21,21:05:00,25.84,25.84,25.8,25.8,600,0
2017-04-21,21:15:00,25.76,25.8,25.76,25.8,300,0
2017-04-21,21:20:00,25.76,25.8,25.76,25.8,200,0
2017-04-21,21:25:00,25.78,25.78,25.78,25.78,100,0
2017-04-21,21:30:00,25.8,25.8,25.7998,25.7998,1100,0
2017-04-21,21:35:00,25.77,25.8,25.77,25.8,200,0
2017-04-21,21:40:00,25.8,25.8,25.76,25.76,200,0
2017-04-21,21:45:00,25.8,25.8,25.78,25.8,1101,0
2017-04-21,21:50:00,25.8,26.08,25.8,26.08,35329,0
2017-04-21,21:55:00,26.07,26.15,26,26.15,38860,0
2017-04-21,22:00:00,26.08,26.3,26.04,26.25,430123,0
2017-04-24,15:35:00,26.25,26.3,26.24,26.3,5927,0
2017-04-24,15:50:00,26.36,26.36,26.36,26.36,100,0
2017-04-24,15:55:00,26.25,26.25,26.23,26.23,2300,0
2017-04-24,16:05:00,26.21,26.31,26.21,26.31,600,0
2017-04-24,16:15:00,26.29,26.31,26.29,26.31,300,0
2017-04-24,16:25:00,26.31,26.31,26.2563,26.2563,1100,0
2017-04-24,16:30:00,26.335,26.335,26.33,26.33,856,0
2017-04-24,16:50:00,26.34,26.34,26.34,26.34,100,0
2017-04-24,17:05:00,26.32,26.32,26.32,26.32,107,0
2017-04-24,17:10:00,26.3,26.32,26.3,26.32,300,0
2017-04-24,17:15:00,26.3,26.3,26.3,26.3,500,0
2017-04-24,17:20:00,26.3,26.3,26.3,26.3,180,0
2017-04-24,17:25:00,26.28,26.28,26.28,26.28,263,0
2017-04-24,17:40:00,26.28,26.28,26.25,26.25,1200,0
2017-04-24,17:55:00,26.26,26.26,26.25,26.25,600,0
2017-04-24,18:05:00,26.24,26.24,26.24,26.24,500,0
2017-04-24,18:15:00,26.25,26.25,26.25,26.25,200,0
2017-04-24,18:25:00,26.28,26.28,26.28,26.28,100,0
2017-04-24,18:40:00,26.279,26.28,26.24,26.24,474,0
2017-04-24,18:50:00,26.2401,26.2401,26.2401,26.2401,850,0
2017-04-24,19:15:00,26.24,26.24,26.24,26.24,100,0
2017-04-24,19:40:00,26.27,26.27,26.27,26.27,100,0
2017-04-24,19:45:00,26.25,26.25,26.25,26.25,300,0
2017-04-24,20:25:00,26.27,26.27,26.27,26.27,100,0
2017-04-24,20:45:00,26.27,26.27,26.27,26.27,100,0
2017-04-24,20:50:00,26.25,26.25,26.25,26.25,1500,0
2017-04-24,21:00:00,26.25,26.26,26.25,26.26,200,0
2017-04-24,21:15:00,26.27,26.28,26.27,26.27,2600,0
2017-04-24,21:35:00,26.3,26.3,26.3,26.3,100,0
2017-04-24,21:40:00,26.3,26.3,26.3,26.3,100,0
2017-04-24,21:50:00,26.3,26.3,26.25,26.25,500,0
2017-04-24,21:55:00,26.27,26.3,26.27,26.3,1000,0
2017-04-24,22:00:00,26.3,26.36,26.28,26.36,3822,0
2017-04-25,15:35:00,26.36,26.36,26.36,26.36,100,0
2017-04-25,16:05:00,26.24,26.24,26.24,26.24,898,0
2017-04-25,16:30:00,26.36,26.36,26.35,26.35,204,0
2017-04-25,17:10:00,26.31,26.43,26.31,26.43,1000,0
2017-04-25,17:15:00,26.3224,26.43,26.3224,26.43,600,0
2017-04-25,17:25:00,26.36,26.36,26.36,26.36,100,0
2017-04-25,17:35:00,26.36,26.36,26.35,26.35,2675,0
2017-04-25,18:00:00,26.43,26.43,26.43,26.43,100,0
2017-04-25,18:15:00,26.43,26.43,26.43,26.43,2200,0
2017-04-25,18:20:00,26.44,26.44,26.4358,26.44,650,0
2017-04-25,18:25:00,26.44,26.45,26.4255,26.4255,1910,0
2017-04-25,18:30:00,26.42,26.42,26.42,26.42,100,0
2017-04-25,18:45:00,26.42,26.42,26.42,26.42,100,0
2017-04-25,18:50:00,26.42,26.5,26.42,26.44,4171,0
2017-04-25,18:55:00,26.5,26.5103,26.4999,26.4999,1706,0
2017-04-25,19:00:00,26.55,26.55,26.55,26.55,100,0
2017-04-25,19:05:00,26.73,26.73,26.73,26.73,100,0
2017-04-25,19:10:00,26.72,26.72,26.6463,26.6463,350,0
2017-04-25,19:15:00,26.64,26.64,26.64,26.64,100,0
2017-04-25,19:20:00,26.6078,26.63,26.6078,26.63,350,0
2017-04-25,19:25:00,26.6399,26.64,26.5512,26.64,1850,0
2017-04-25,19:30:00,26.6751,26.6751,26.6751,26.6751,300,0
2017-04-25,19:35:00,26.5001,26.55,26.5001,26.5397,920,0
2017-04-25,19:40:00,26.5436,26.6141,26.5436,26.6141,400,0
2017-04-25,19:45:00,26.6193,26.6193,26.6193,26.6193,200,0
2017-04-25,19:55:00,26.64,26.64,26.55,26.61,2294,0
2017-04-25,20:00:00,26.5956,26.61,26.5956,26.61,1000,0
2017-04-25,20:05:00,26.55,26.55,26.53,26.53,1597,0
2017-04-25,20:10:00,26.54,26.54,26.54,26.54,600,0
2017-04-25,20:35:00,26.49,26.49,26.49,26.49,100,0
2017-04-25,20:45:00,26.401,26.41,26.401,26.41,303,0
2017-04-25,20:50:00,26.5,26.5,26.4413,26.45,500,0
2017-04-25,21:00:00,26.45,26.45,26.45,26.45,500,0
2017-04-25,21:05:00,26.45,26.5633,26.45,26.5633,1100,0
2017-04-25,21:10:00,26.5687,26.6099,26.5404,26.5404,2500,0
2017-04-25,21:15:00,26.4,26.61,26.4,26.61,2200,0
2017-04-25,21:20:00,26.6018,26.6018,26.6,26.6,2099,0
2017-04-25,21:30:00,26.6,26.6,26.6,26.6,100,0
2017-04-25,21:35:00,26.6,26.6,26.6,26.6,100,0
2017-04-25,21:40:00,26.6,26.61,26.6,26.61,876,0
2017-04-25,21:45:00,26.72,26.72,26.72,26.72,100,0
2017-04-25,21:50:00,26.72,26.72,26.72,26.72,100,0
2017-04-25,21:55:00,26.72,26.72,26.72,26.72,100,0
2017-04-25,22:00:00,26.72,26.73,26.56,26.73,2512,0
2017-04-26,15:35:00,26.7,26.7,26.4001,26.4001,1100,0
2017-04-26,15:50:00,26.4001,26.69,26.4001,26.69,1100,0
2017-04-26,16:00:00,26.67,26.67,26.4001,26.66,1200,0
2017-04-26,16:15:00,26.64,26.64,26.64,26.64,100,0
2017-04-26,16:20:00,26.42,26.445,26.35,26.35,2030,0
2017-04-26,16:25:00,26.35,26.39,26.33,26.33,3812,0
2017-04-26,16:30:00,26.33,26.33,26.29,26.29,2061,0
2017-04-26,16:50:00,26.4,26.4,26.25,26.25,1800,0
2017-04-26,16:55:00,26.29,26.29,26.23,26.23,2900,0
2017-04-26,17:10:00,26.3,26.3,26.3,26.3,100,0
2017-04-26,17:15:00,26.28,26.28,26.24,26.25,1600,0
2017-04-26,17:35:00,26.38,26.38,26.38,26.38,100,0
2017-04-26,17:40:00,26.37,26.37,26.37,26.37,100,0
2017-04-26,17:50:00,26.45,26.45,26.45,26.45,100,0
2017-04-26,18:05:00,26.44,26.44,26.44,26.44,100,0
2017-04-26,18:25:00,26.43,26.43,26.43,26.43,100,0
2017-04-26,18:35:00,26.43,26.43,26.43,26.43,100,0
2017-04-26,18:40:00,26.42,26.42,26.42,26.42,100,0
2017-04-26,19:00:00,26.42,26.42,26.42,26.42,100,0
2017-04-26,19:15:00,26.44,26.44,26.44,26.44,100,0
2017-04-26,19:20:00,26.44,26.44,26.44,26.44,100,0
2017-04-26,19:30:00,26.35,26.38,26.27,26.28,3000,0
2017-04-26,19:35:00,26.28,26.28,26.28,26.28,2000,0
2017-04-26,19:45:00,26.28,26.33,26.2701,26.28,1600,0
2017-04-26,19:55:00,26.4,26.4,26.4,26.4,200,0
2017-04-26,20:05:00,26.35,26.35,26.35,26.35,1200,0
2017-04-26,20:10:00,26.4,26.4,26.4,26.4,100,0
2017-04-26,20:15:00,26.415,26.415,26.29,26.29,1400,0
2017-04-26,20:30:00,26.34,26.34,26.34,26.34,100,0
2017-04-26,20:50:00,26.38,26.38,26.38,26.38,264,0
2017-04-26,20:55:00,26.29,26.29,26.2701,26.2701,900,0
2017-04-26,21:15:00,26.37,26.37,26.27,26.27,280,0
2017-04-26,21:30:00,26.32,26.33,26.32,26.33,200,0
2017-04-26,21:40:00,26.33,26.35,26.3037,26.35,6498,0
2017-04-26,21:45:00,26.35,26.35,26.35,26.35,100,0
2017-04-26,21:50:00,26.35,26.35,26.35,26.35,100,0
2017-04-26,21:55:00,26.3,26.3,26.3,26.3,1300,0
2017-04-26,22:00:00,26.3,26.52,26.3,26.52,200,0
