Date,Time,Open,High,Low,Close,Volume,OpenInt
2017-04-07,15:35:00,4.35,4.35,4.35,4.35,1005,0
2017-04-07,15:50:00,4.375,4.375,4.369,4.375,800,0
2017-04-07,16:00:00,4.375,4.375,4.375,4.375,900,0
2017-04-07,16:05:00,4.37,4.375,4.35,4.375,1800,0
2017-04-07,16:15:00,4.4,4.4,4.4,4.4,100,0
2017-04-07,16:20:00,4.35,4.4,4.35,4.4,200,0
2017-04-07,16:25:00,4.375,4.4,4.35,4.375,5696,0
2017-04-07,16:30:00,4.35,4.35,4.35,4.35,200,0
2017-04-07,16:35:00,4.4,4.4,4.4,4.4,100,0
2017-04-07,16:40:00,4.375,4.4,4.35,4.35,300,0
2017-04-07,16:45:00,4.3725,4.375,4.35,4.35,1300,0
2017-04-07,16:50:00,4.35,4.35,4.35,4.35,901,0
2017-04-07,16:55:00,4.35,4.4,4.35,4.35,1400,0
2017-04-07,17:00:00,4.375,4.375,4.35,4.35,200,0
2017-04-07,17:05:00,4.35,4.35,4.35,4.35,600,0
2017-04-07,17:10:00,4.4,4.4,4.4,4.4,100,0
2017-04-07,17:15:00,4.35,4.375,4.35,4.375,300,0
2017-04-07,17:20:00,4.375,4.375,4.35,4.35,600,0
2017-04-07,17:25:00,4.35,4.35,4.35,4.35,200,0
2017-04-07,17:30:00,4.375,4.375,4.375,4.375,100,0
2017-04-07,17:35:00,4.375,4.375,4.35,4.35,500,0
2017-04-07,17:40:00,4.375,4.375,4.375,4.375,100,0
2017-04-07,17:45:00,4.375,4.375,4.375,4.375,200,0
2017-04-07,17:50:00,4.375,4.375,4.375,4.375,100,0
2017-04-07,17:55:00,4.35,4.375,4.35,4.375,200,0
2017-04-07,18:10:00,4.375,4.375,4.375,4.375,100,0
2017-04-07,18:15:00,4.375,4.375,4.35,4.375,400,0
2017-04-07,18:25:00,4.375,4.375,4.375,4.375,200,0
2017-04-07,18:30:00,4.35,4.35,4.35,4.35,100,0
2017-04-07,18:35:00,4.375,4.375,4.375,4.375,100,0
2017-04-07,18:45:00,4.375,4.4,4.35,4.375,500,0
2017-04-07,18:50:00,4.35,4.35,4.35,4.35,100,0
2017-04-07,18:55:00,4.355,4.375,4.35,4.375,900,0
2017-04-07,19:00:00,4.375,4.375,4.375,4.375,100,0
2017-04-07,19:05:00,4.35,4.375,4.35,4.375,1400,0
2017-04-07,19:10:00,4.375,4.375,4.375,4.375,300,0
2017-04-07,19:15:00,4.35,4.375,4.35,4.375,300,0
2017-04-07,19:20:00,4.375,4.375,4.375,4.375,200,0
2017-04-07,19:25:00,4.35,4.4,4.35,4.375,400,0
2017-04-07,19:30:00,4.375,4.375,4.35,4.35,475,0
2017-04-07,19:35:00,4.35,4.35,4.35,4.35,100,0
2017-04-07,19:40:00,4.35,4.35,4.35,4.35,325,0
2017-04-07,19:50:00,4.35,4.35,4.35,4.35,200,0
2017-04-07,20:00:00,4.35,4.375,4.35,4.35,750,0
2017-04-07,20:05:00,4.375,4.375,4.375,4.375,300,0
2017-04-07,20:15:00,4.35,4.35,4.35,4.35,100,0
2017-04-07,20:20:00,4.35,4.375,4.35,4.375,300,0
2017-04-07,20:30:00,4.375,4.375,4.35,4.35,1800,0
2017-04-07,20:35:00,4.35,4.35,4.35,4.35,200,0
2017-04-07,20:40:00,4.35,4.35,4.35,4.35,100,0
2017-04-07,20:50:00,4.375,4.375,4.35,4.35,300,0
2017-04-07,20:55:00,4.4,4.4,4.4,4.4,300,0
2017-04-07,21:00:00,4.35,4.4,4.35,4.375,400,0
2017-04-07,21:05:00,4.375,4.4,4.375,4.375,1000,0
2017-04-07,21:10:00,4.375,4.4,4.375,4.375,700,0
2017-04-07,21:15:00,4.375,4.375,4.35,4.375,3000,0
2017-04-07,21:20:00,4.35,4.4,4.35,4.35,846,0
2017-04-07,21:25:00,4.375,4.4,4.35,4.35,600,0
2017-04-07,21:30:00,4.35,4.375,4.35,4.35,1600,0
2017-04-07,21:35:00,4.35,4.4,4.35,4.375,1380,0
2017-04-07,21:40:00,4.35,4.375,4.35,4.35,6798,0
2017-04-07,21:45:00,4.35,4.375,4.35,4.35,2400,0
2017-04-07,21:50:00,4.375,4.4,4.35,4.35,1989,0
2017-04-07,21:55:00,4.375,4.4,4.35,4.35,11247,0
2017-04-07,22:00:00,4.35,4.4,4.35,4.4,38437,0
2017-04-10,15:35:00,4.4,4.4,4.4,4.4,2467,0
2017-04-10,15:50:00,4.375,4.375,4.375,4.375,100,0
2017-04-10,15:55:00,4.35,4.35,4.35,4.35,3987,0
2017-04-10,16:10:00,4.35,4.35,4.35,4.35,100,0
2017-04-10,16:20:00,4.35,4.4,4.3186,4.325,7684,0
2017-04-10,16:25:00,4.325,4.325,4.325,4.325,500,0
2017-04-10,16:40:00,4.325,4.325,4.325,4.325,200,0
2017-04-10,16:45:00,4.35,4.375,4.35,4.375,18882,0
2017-04-10,16:50:00,4.375,4.375,4.35,4.35,400,0
2017-04-10,16:55:00,4.375,4.375,4.375,4.375,200,0
2017-04-10,17:00:00,4.375,4.375,4.375,4.375,2300,0
2017-04-10,17:05:00,4.375,4.375,4.35,4.35,500,0
2017-04-10,17:10:00,4.375,4.375,4.35,4.35,300,0
2017-04-10,17:20:00,4.375,4.4,4.35,4.375,18975,0
2017-04-10,17:25:00,4.375,4.4,4.375,4.4,300,0
2017-04-10,17:30:00,4.4,4.4,4.4,4.4,100,0
2017-04-10,17:35:00,4.375,4.375,4.375,4.375,100,0
2017-04-10,17:40:00,4.375,4.375,4.3666,4.375,800,0
2017-04-10,17:45:00,4.35,4.4,4.35,4.35,400,0
2017-04-10,17:50:00,4.375,4.375,4.375,4.375,100,0
2017-04-10,17:55:00,4.375,4.375,4.375,4.375,200,0
2017-04-10,18:00:00,4.375,4.375,4.35,4.375,1100,0
2017-04-10,18:05:00,4.375,4.4,4.35,4.4,600,0
2017-04-10,18:10:00,4.3818,4.3818,4.35,4.35,2200,0
2017-04-10,18:15:00,4.375,4.375,4.325,4.375,45097,0
2017-04-10,18:45:00,4.35,4.375,4.35,4.35,400,0
2017-04-10,18:55:00,4.375,4.375,4.375,4.375,200,0
2017-04-10,19:00:00,4.375,4.375,4.35,4.375,300,0
2017-04-10,19:05:00,4.35,4.4,4.35,4.35,700,0
2017-04-10,19:25:00,4.375,4.375,4.35,4.35,300,0
2017-04-10,19:30:00,4.375,4.375,4.375,4.375,100,0
2017-04-10,19:35:00,4.375,4.375,4.35,4.35,400,0
2017-04-10,19:40:00,4.375,4.375,4.35,4.35,500,0
2017-04-10,19:50:00,4.375,4.375,4.35,4.35,200,0
2017-04-10,19:55:00,4.35,4.36,4.35,4.35,400,0
2017-04-10,20:00:00,4.375,4.375,4.35,4.35,200,0
2017-04-10,20:10:00,4.375,4.375,4.375,4.375,100,0
2017-04-10,20:15:00,4.35,4.35,4.35,4.35,100,0
2017-04-10,20:25:00,4.375,4.375,4.375,4.375,100,0
2017-04-10,20:35:00,4.375,4.375,4.35,4.35,200,0
2017-04-10,20:40:00,4.39,4.39,4.35,4.35,6919,0
2017-04-10,20:50:00,4.4,4.4,4.35,4.35,13536,0
2017-04-10,20:55:00,4.375,4.375,4.375,4.375,400,0
2017-04-10,21:00:00,4.36,4.375,4.35,4.35,3686,0
2017-04-10,21:10:00,4.375,4.375,4.375,4.375,300,0
2017-04-10,21:15:00,4.35,4.35,4.35,4.35,100,0
2017-04-10,21:20:00,4.35,4.35,4.35,4.35,800,0
2017-04-10,21:25:00,4.35,4.375,4.35,4.35,2700,0
2017-04-10,21:30:00,4.375,4.375,4.35,4.35,600,0
2017-04-10,21:35:00,4.35,4.375,4.35,4.35,500,0
2017-04-10,21:40:00,4.375,4.375,4.35,4.35,1496,0
2017-04-10,21:45:00,4.375,4.375,4.375,4.375,400,0
2017-04-10,21:50:00,4.375,4.375,4.35,4.35,1904,0
2017-04-10,21:55:00,4.375,4.375,4.35,4.35,3000,0
2017-04-10,22:00:00,4.375,4.4,4.35,4.35,17824,0
2017-04-11,15:35:00,4.35,4.395,4.35,4.35,11417,0
2017-04-11,15:40:00,4.375,4.375,4.35,4.375,6300,0
2017-04-11,15:45:00,4.375,4.375,4.375,4.375,31500,0
2017-04-11,15:50:00,4.375,4.375,4.35,4.35,1800,0
2017-04-11,15:55:00,4.375,4.375,4.35,4.35,8411,0
2017-04-11,16:00:00,4.375,4.375,4.35,4.35,1300,0
2017-04-11,16:05:00,4.375,4.4,4.35,4.375,3300,0
2017-04-11,16:10:00,4.375,4.375,4.35,4.35,300,0
2017-04-11,16:20:00,4.375,4.375,4.375,4.375,300,0
2017-04-11,16:25:00,4.375,4.375,4.375,4.375,200,0
2017-04-11,16:30:00,4.375,4.4,4.375,4.375,2400,0
2017-04-11,16:35:00,4.375,4.4,4.35,4.375,1200,0
2017-04-11,16:40:00,4.375,4.375,4.375,4.375,800,0
2017-04-11,16:45:00,4.375,4.3815,4.375,4.375,2600,0
2017-04-11,16:50:00,4.375,4.375,4.375,4.375,200,0
2017-04-11,16:55:00,4.375,4.4,4.3554,4.3554,700,0
2017-04-11,17:00:00,4.375,4.3815,4.375,4.375,3300,0
2017-04-11,17:05:00,4.375,4.375,4.375,4.375,200,0
2017-04-11,17:10:00,4.375,4.4,4.3659,4.375,5500,0
2017-04-11,17:15:00,4.35,4.35,4.35,4.35,500,0
2017-04-11,17:20:00,4.35,4.375,4.35,4.375,1133,0
2017-04-11,17:30:00,4.35,4.3834,4.35,4.375,1300,0
2017-04-11,17:35:00,4.375,4.375,4.35,4.35,1600,0
2017-04-11,17:40:00,4.35,4.35,4.35,4.35,100,0
2017-04-11,17:45:00,4.35,4.375,4.35,4.375,300,0
2017-04-11,17:50:00,4.35,4.35,4.35,4.35,100,0
2017-04-11,17:55:00,4.375,4.375,4.35,4.375,400,0
2017-04-11,18:00:00,4.375,4.375,4.35,4.375,500,0
2017-04-11,18:05:00,4.375,4.3834,4.35,4.35,1400,0
2017-04-11,18:10:00,4.4,4.4,4.35,4.375,2400,0
2017-04-11,18:15:00,4.375,4.375,4.35,4.375,300,0
2017-04-11,18:20:00,4.35,4.375,4.35,4.375,400,0
2017-04-11,18:25:00,4.375,4.375,4.35,4.375,300,0
2017-04-11,18:30:00,4.375,4.375,4.35,4.35,3129,0
2017-04-11,18:35:00,4.375,4.375,4.3641,4.3641,2400,0
2017-04-11,18:40:00,4.375,4.375,4.375,4.375,200,0
2017-04-11,18:45:00,4.35,4.375,4.35,4.375,200,0
2017-04-11,18:50:00,4.375,4.375,4.35,4.35,300,0
2017-04-11,18:55:00,4.375,4.4,4.375,4.375,1500,0
2017-04-11,19:00:00,4.375,4.375,4.35,4.35,200,0
2017-04-11,19:05:00,4.375,4.3815,4.375,4.375,12548,0
2017-04-11,19:10:00,4.375,4.375,4.375,4.375,100,0
2017-04-11,19:15:00,4.375,4.38,4.35,4.35,1020,0
2017-04-11,19:20:00,4.375,4.375,4.375,4.375,100,0
2017-04-11,19:25:00,4.375,4.4,4.375,4.375,2400,0
2017-04-11,19:35:00,4.3634,4.375,4.3634,4.375,2340,0
2017-04-11,19:40:00,4.375,4.4,4.375,4.375,5835,0
2017-04-11,19:45:00,4.375,4.4,4.375,4.4,2200,0
2017-04-11,19:50:00,4.375,4.4,4.375,4.375,392,0
2017-04-11,19:55:00,4.375,4.4,4.375,4.4,300,0
2017-04-11,20:00:00,4.4,4.425,4.375,4.4,31137,0
2017-04-11,20:05:00,4.4,4.45,4.4,4.4,17720,0
2017-04-11,20:10:00,4.4,4.45,4.4,4.4,13292,0
2017-04-11,20:15:00,4.4,4.4,4.4,4.4,2116,0
2017-04-11,20:20:00,4.4,4.4,4.375,4.4,1407,0
2017-04-11,20:25:00,4.375,4.375,4.375,4.375,200,0
2017-04-11,20:30:00,4.4,4.4,4.4,4.4,100,0
2017-04-11,20:35:00,4.375,4.4,4.375,4.4,300,0
2017-04-11,20:45:00,4.375,4.375,4.375,4.375,200,0
2017-04-11,20:55:00,4.375,4.4,4.375,4.4,300,0
2017-04-11,21:00:00,4.395,4.4,4.375,4.375,2500,0
2017-04-11,21:05:00,4.4,4.4,4.4,4.4,100,0
2017-04-11,21:10:00,4.4,4.4,4.3666,4.4,1700,0
2017-04-11,21:15:00,4.375,4.375,4.375,4.375,200,0
2017-04-11,21:20:00,4.375,4.4,4.375,4.375,400,0
2017-04-11,21:25:00,4.4,4.4,4.375,4.375,2200,0
2017-04-11,21:30:00,4.4,4.4,4.375,4.375,700,0
2017-04-11,21:35:00,4.4,4.4,4.3688,4.4,3457,0
2017-04-11,21:40:00,4.375,4.4,4.375,4.4,3250,0
2017-04-11,21:45:00,4.4,4.4,4.375,4.4,7868,0
2017-04-11,21:50:00,4.4,4.4,4.375,4.4,909,0
2017-04-11,21:55:00,4.375,4.4,4.375,4.375,700,0
2017-04-11,22:00:00,4.4,4.4,4.375,4.4,22556,0
2017-04-12,15:35:00,4.5,4.505,4.418,4.45,33111,0
2017-04-12,15:40:00,4.45,4.45,4.421,4.45,6641,0
2017-04-12,15:45:00,4.45,4.55,4.45,4.525,59013,0
2017-04-12,15:50:00,4.525,4.55,4.475,4.48,43130,0
2017-04-12,15:55:00,4.5,4.5,4.475,4.475,5600,0
2017-04-12,16:00:00,4.475,4.475,4.475,4.475,4000,0
2017-04-12,16:05:00,4.45,4.5,4.45,4.4772,10427,0
2017-04-12,16:10:00,4.5,4.5,4.45,4.475,21784,0
2017-04-12,16:15:00,4.475,4.475,4.45,4.475,18693,0
2017-04-12,16:20:00,4.45,4.475,4.45,4.45,4312,0
2017-04-12,16:25:00,4.475,4.475,4.45,4.475,4100,0
2017-04-12,16:30:00,4.475,4.475,4.45,4.475,500,0
2017-04-12,16:35:00,4.475,4.475,4.45,4.45,2000,0
2017-04-12,16:40:00,4.475,4.475,4.45,4.475,2918,0
2017-04-12,16:45:00,4.475,4.475,4.45,4.45,1017,0
2017-04-12,16:50:00,4.475,4.475,4.4,4.425,43377,0
2017-04-12,16:55:00,4.425,4.45,4.4169,4.425,3400,0
2017-04-12,17:00:00,4.45,4.45,4.425,4.45,3500,0
2017-04-12,17:05:00,4.418,4.45,4.4,4.425,18417,0
2017-04-12,17:10:00,4.425,4.45,4.425,4.45,800,0
2017-04-12,17:15:00,4.425,4.45,4.4166,4.45,800,0
2017-04-12,17:20:00,4.45,4.45,4.425,4.45,700,0
2017-04-12,17:25:00,4.45,4.45,4.425,4.425,3500,0
2017-04-12,17:30:00,4.425,4.45,4.425,4.425,5600,0
2017-04-12,17:35:00,4.43,4.45,4.425,4.45,5200,0
2017-04-12,17:40:00,4.425,4.425,4.4,4.4,5800,0
2017-04-12,17:45:00,4.425,4.425,4.35,4.4,29035,0
2017-04-12,17:50:00,4.4,4.45,4.3644,4.4,11562,0
2017-04-12,17:55:00,4.4,4.4,4.4,4.4,200,0
2017-04-12,18:00:00,4.39,4.4,4.375,4.4,3200,0
2017-04-12,18:05:00,4.4,4.4,4.3782,4.3782,500,0
2017-04-12,18:10:00,4.4,4.45,4.375,4.4,3700,0
2017-04-12,18:15:00,4.425,4.425,4.425,4.425,300,0
2017-04-12,18:20:00,4.425,4.4307,4.425,4.425,1330,0
2017-04-12,18:25:00,4.425,4.425,4.4,4.425,1191,0
2017-04-12,18:30:00,4.425,4.425,4.425,4.425,900,0
2017-04-12,18:35:00,4.425,4.425,4.4,4.425,900,0
2017-04-12,18:40:00,4.425,4.425,4.425,4.425,300,0
2017-04-12,18:50:00,4.425,4.425,4.425,4.425,900,0
2017-04-12,18:55:00,4.425,4.45,4.425,4.425,1400,0
2017-04-12,19:05:00,4.425,4.425,4.425,4.425,200,0
2017-04-12,19:10:00,4.425,4.45,4.425,4.425,1600,0
2017-04-12,19:15:00,4.425,4.425,4.425,4.425,400,0
2017-04-12,19:20:00,4.425,4.45,4.4248,4.425,3800,0
2017-04-12,19:25:00,4.425,4.45,4.425,4.425,3600,0
2017-04-12,19:30:00,4.425,4.425,4.425,4.425,100,0
2017-04-12,19:35:00,4.425,4.425,4.425,4.425,600,0
2017-04-12,19:40:00,4.425,4.45,4.425,4.425,2053,0
2017-04-12,19:45:00,4.425,4.425,4.4,4.425,598,0
2017-04-12,19:50:00,4.425,4.425,4.425,4.425,400,0
2017-04-12,19:55:00,4.425,4.4295,4.41,4.4295,10500,0
2017-04-12,20:00:00,4.425,4.425,4.4,4.418,11726,0
2017-04-12,20:05:00,4.425,4.425,4.425,4.425,1100,0
2017-04-12,20:10:00,4.425,4.432,4.4,4.425,8486,0
2017-04-12,20:15:00,4.425,4.425,4.425,4.425,700,0
2017-04-12,20:20:00,4.425,4.425,4.425,4.425,400,0
2017-04-12,20:25:00,4.425,4.425,4.425,4.425,400,0
2017-04-12,20:30:00,4.425,4.45,4.425,4.425,14079,0
2017-04-12,20:35:00,4.45,4.45,4.45,4.45,400,0
2017-04-12,20:40:00,4.45,4.45,4.45,4.45,500,0
2017-04-12,20:45:00,4.45,4.45,4.4248,4.45,2595,0
2017-04-12,20:50:00,4.45,4.45,4.45,4.45,600,0
2017-04-12,20:55:00,4.45,4.45,4.45,4.45,3450,0
2017-04-12,21:00:00,4.45,4.45,4.45,4.45,600,0
2017-04-12,21:05:00,4.45,4.45,4.45,4.45,400,0
2017-04-12,21:10:00,4.45,4.5,4.425,4.5,22311,0
2017-04-12,21:15:00,4.5,4.5,4.4501,4.4501,450,0
2017-04-12,21:20:00,4.5,4.5,4.5,4.5,300,0
2017-04-12,21:25:00,4.475,4.5,4.4707,4.5,700,0
2017-04-12,21:30:00,4.495,4.5,4.475,4.5,1100,0
2017-04-12,21:35:00,4.5,4.5,4.5,4.5,1100,0
2017-04-12,21:40:00,4.5,4.5,4.475,4.475,3136,0
2017-04-12,21:45:00,4.475,4.5,4.475,4.5,5260,0
2017-04-12,21:50:00,4.5,4.5,4.475,4.5,1300,0
2017-04-12,21:55:00,4.5,4.5,4.475,4.475,24482,0
2017-04-12,22:00:00,4.475,4.5,4.45,4.45,21944,0
2017-04-13,15:35:00,4.45,4.5,4.45,4.45,3377,0
2017-04-13,15:40:00,4.45,4.45,4.45,4.45,467,0
2017-04-13,15:45:00,4.5,4.5,4.5,4.5,100,0
2017-04-13,15:50:00,4.4,4.475,4.4,4.475,12054,0
2017-04-13,15:55:00,4.45,4.5,4.45,4.5,3620,0
2017-04-13,16:00:00,4.5,4.5,4.46,4.475,900,0
2017-04-13,16:05:00,4.5,4.5,4.45,4.475,2881,0
2017-04-13,16:10:00,4.475,4.5,4.475,4.5,900,0
2017-04-13,16:15:00,4.475,4.5,4.475,4.475,700,0
2017-04-13,16:20:00,4.45,4.475,4.45,4.475,16616,0
2017-04-13,16:25:00,4.45,4.475,4.45,4.45,600,0
2017-04-13,16:30:00,4.475,4.475,4.45,4.475,7670,0
2017-04-13,16:35:00,4.475,4.475,4.45,4.475,1399,0
2017-04-13,16:40:00,4.475,4.475,4.475,4.475,400,0
2017-04-13,16:45:00,4.475,4.475,4.475,4.475,100,0
2017-04-13,16:50:00,4.475,4.5,4.466,4.475,2840,0
2017-04-13,16:55:00,4.5,4.5,4.45,4.475,2615,0
2017-04-13,17:00:00,4.5,4.5,4.475,4.475,500,0
2017-04-13,17:05:00,4.5,4.5,4.475,4.5,1400,0
2017-04-13,17:10:00,4.5,4.5,4.5,4.5,700,0
2017-04-13,17:15:00,4.45,4.5,4.45,4.5,1245,0
2017-04-13,17:20:00,4.5,4.5,4.5,4.5,300,0
2017-04-13,17:25:00,4.5,4.5,4.5,4.5,800,0
2017-04-13,17:30:00,4.5,4.5,4.475,4.5,300,0
2017-04-13,17:35:00,4.5,4.5,4.475,4.475,1100,0
2017-04-13,17:40:00,4.5,4.5,4.475,4.5,400,0
2017-04-13,17:45:00,4.5,4.5,4.5,4.5,200,0
2017-04-13,17:50:00,4.475,4.5,4.45,4.5,20631,0
2017-04-13,17:55:00,4.5,4.55,4.45,4.525,27701,0
2017-04-13,18:00:00,4.5,4.5284,4.5,4.525,22455,0
2017-04-13,18:05:00,4.525,4.55,4.5,4.525,3308,0
2017-04-13,18:10:00,4.525,4.545,4.5,4.525,10200,0
2017-04-13,18:15:00,4.525,4.55,4.525,4.525,14219,0
2017-04-13,18:20:00,4.525,4.525,4.525,4.525,2000,0
2017-04-13,18:25:00,4.525,4.525,4.525,4.525,5853,0
2017-04-13,18:30:00,4.525,4.525,4.525,4.525,4400,0
2017-04-13,18:35:00,4.525,4.525,4.525,4.525,400,0
2017-04-13,18:40:00,4.525,4.525,4.5,4.525,808,0
2017-04-13,18:45:00,4.525,4.525,4.5,4.525,12830,0
2017-04-13,18:55:00,4.525,4.525,4.525,4.525,555,0
2017-04-13,19:00:00,4.525,4.525,4.525,4.525,5400,0
2017-04-13,19:05:00,4.525,4.525,4.512,4.512,2877,0
2017-04-13,19:10:00,4.525,4.525,4.5,4.525,700,0
2017-04-13,19:15:00,4.525,4.55,4.5,4.525,18261,0
2017-04-13,19:20:00,4.55,4.55,4.525,4.525,20642,0
2017-04-13,19:25:00,4.525,4.525,4.45,4.475,18358,0
2017-04-13,19:30:00,4.5,4.5,4.4734,4.475,3400,0
2017-04-13,19:35:00,4.475,4.5,4.45,4.45,4451,0
2017-04-13,19:40:00,4.5,4.5,4.5,4.5,200,0
2017-04-13,19:45:00,4.475,4.5,4.45,4.475,1279,0
2017-04-13,19:50:00,4.5,4.5,4.45,4.475,2778,0
2017-04-13,19:55:00,4.475,4.5,4.475,4.5,1300,0
2017-04-13,20:00:00,4.5,4.5,4.475,4.475,1200,0
2017-04-13,20:05:00,4.5,4.5,4.475,4.5,600,0
2017-04-13,20:10:00,4.4723,4.5,4.45,4.475,13900,0
2017-04-13,20:15:00,4.475,4.475,4.475,4.475,100,0
2017-04-13,20:20:00,4.475,4.5,4.4733,4.475,4875,0
2017-04-13,20:25:00,4.5,4.5,4.5,4.5,200,0
2017-04-13,20:30:00,4.475,4.475,4.475,4.475,500,0
2017-04-13,20:35:00,4.475,4.5,4.45,4.5,5640,0
2017-04-13,20:40:00,4.5,4.5,4.475,4.5,400,0
2017-04-13,20:45:00,4.5,4.5,4.475,4.475,600,0
2017-04-13,20:50:00,4.475,4.5,4.475,4.5,300,0
2017-04-13,20:55:00,4.5,4.5,4.5,4.5,400,0
2017-04-13,21:00:00,4.475,4.5,4.45,4.5,400,0
2017-04-13,21:05:00,4.5,4.5,4.5,4.5,400,0
2017-04-13,21:10:00,4.5,4.5,4.5,4.5,400,0
2017-04-13,21:15:00,4.5,4.5,4.5,4.5,846,0
2017-04-13,21:20:00,4.5,4.5,4.475,4.5,1100,0
2017-04-13,21:25:00,4.475,4.5,4.475,4.5,3411,0
2017-04-13,21:30:00,4.5,4.5,4.47,4.5,8440,0
2017-04-13,21:35:00,4.475,4.5,4.475,4.475,1400,0
2017-04-13,21:40:00,4.5,4.5,4.475,4.5,1300,0
2017-04-13,21:45:00,4.5,4.5,4.45,4.5,1900,0
2017-04-13,21:50:00,4.5,4.5,4.475,4.5,2500,0
2017-04-13,21:55:00,4.5,4.5,4.475,4.5,2700,0
2017-04-13,22:00:00,4.5,4.5,4.45,4.45,49262,0
2017-04-17,15:35:00,4.5,4.5,4.45,4.45,5694,0
2017-04-17,15:40:00,4.475,4.525,4.475,4.5,26626,0
2017-04-17,15:45:00,4.5,4.525,4.5,4.525,1820,0
2017-04-17,15:50:00,4.525,4.525,4.5,4.5,1752,0
2017-04-17,15:55:00,4.525,4.525,4.5,4.5,15638,0
2017-04-17,16:00:00,4.5,4.5,4.5,4.5,973,0
2017-04-17,16:05:00,4.5,4.5,4.5,4.5,400,0
2017-04-17,16:10:00,4.5,4.525,4.5,4.5,2702,0
2017-04-17,16:15:00,4.5,4.525,4.5,4.5,3343,0
2017-04-17,16:20:00,4.5,4.525,4.5,4.5,2743,0
2017-04-17,16:25:00,4.525,4.525,4.475,4.475,5794,0
2017-04-17,16:30:00,4.455,4.5,4.45,4.475,1550,0
2017-04-17,16:35:00,4.5,4.5,4.5,4.5,500,0
2017-04-17,16:40:00,4.455,4.5,4.455,4.5,16439,0
2017-04-17,16:45:00,4.5,4.5,4.4734,4.5,5795,0
2017-04-17,16:50:00,4.5,4.529,4.5,4.5,27946,0
2017-04-17,16:55:00,4.5,4.525,4.5,4.525,1800,0
2017-04-17,17:00:00,4.5252,4.5252,4.5,4.525,1750,0
2017-04-17,17:05:00,4.525,4.55,4.5,4.55,780,0
2017-04-17,17:10:00,4.525,4.5396,4.5,4.525,5000,0
2017-04-17,17:15:00,4.525,4.525,4.5,4.525,1100,0
2017-04-17,17:20:00,4.5,4.525,4.5,4.5,700,0
2017-04-17,17:25:00,4.5,4.525,4.5,4.5,400,0
2017-04-17,17:30:00,4.5,4.505,4.475,4.5,30729,0
2017-04-17,17:35:00,4.5,4.5,4.475,4.5,2200,0
2017-04-17,17:40:00,4.5,4.5,4.475,4.5,7180,0
2017-04-17,17:45:00,4.5,4.5,4.5,4.5,2276,0
2017-04-17,17:50:00,4.4645,4.5,4.4645,4.475,6603,0
2017-04-17,17:55:00,4.5,4.525,4.5,4.525,39279,0
2017-04-17,18:00:00,4.525,4.525,4.5,4.5,1150,0
2017-04-17,18:05:00,4.525,4.525,4.5,4.5,4660,0
2017-04-17,18:10:00,4.525,4.54,4.5,4.5,1600,0
2017-04-17,18:15:00,4.525,4.525,4.5,4.5,800,0
2017-04-17,18:20:00,4.525,4.525,4.5,4.5,700,0
2017-04-17,18:25:00,4.5,4.55,4.5,4.5,4700,0
2017-04-17,18:30:00,4.525,4.525,4.5,4.525,1362,0
2017-04-17,18:35:00,4.5,4.525,4.5,4.525,900,0
2017-04-17,18:40:00,4.525,4.525,4.5,4.525,700,0
2017-04-17,18:45:00,4.525,4.5355,4.5,4.525,1000,0
2017-04-17,18:50:00,4.525,4.525,4.5,4.525,800,0
2017-04-17,18:55:00,4.525,4.525,4.5,4.5,1300,0
2017-04-17,19:00:00,4.525,4.525,4.5,4.525,700,0
2017-04-17,19:05:00,4.525,4.55,4.5,4.525,1410,0
2017-04-17,19:10:00,4.525,4.55,4.5,4.5,2718,0
2017-04-17,19:15:00,4.525,4.525,4.5,4.525,2000,0
2017-04-17,19:20:00,4.525,4.525,4.5,4.5,4609,0
2017-04-17,19:25:00,4.525,4.525,4.5,4.5,1359,0
2017-04-17,19:30:00,4.525,4.525,4.5,4.5,1900,0
2017-04-17,19:35:00,4.525,4.525,4.5,4.5,28788,0
2017-04-17,19:40:00,4.525,4.525,4.5,4.5,200,0
2017-04-17,19:45:00,4.525,4.525,4.5,4.525,1100,0
2017-04-17,19:50:00,4.525,4.525,4.5,4.525,2500,0
2017-04-17,19:55:00,4.525,4.525,4.5,4.525,1000,0
2017-04-17,20:00:00,4.525,4.525,4.5,4.525,1000,0
2017-04-17,20:05:00,4.525,4.525,4.5,4.5,1200,0
2017-04-17,20:10:00,4.525,4.525,4.5,4.525,500,0
2017-04-17,20:15:00,4.525,4.525,4.5,4.525,1609,0
2017-04-17,20:20:00,4.525,4.525,4.5,4.525,700,0
2017-04-17,20:25:00,4.525,4.525,4.5,4.5,2300,0
2017-04-17,20:30:00,4.525,4.525,4.5,4.5,12700,0
2017-04-17,20:35:00,4.525,4.525,4.5,4.525,500,0
2017-04-17,20:40:00,4.5,4.525,4.5,4.5,4500,0
2017-04-17,20:45:00,4.525,4.525,4.5,4.525,1300,0
2017-04-17,20:50:00,4.525,4.525,4.5,4.525,4459,0
2017-04-17,20:55:00,4.525,4.525,4.5,4.5,3600,0
2017-04-17,21:00:00,4.525,4.525,4.5,4.5,4517,0
2017-04-17,21:05:00,4.525,4.525,4.5,4.5,15169,0
2017-04-17,21:10:00,4.5,4.525,4.5,4.5,4395,0
2017-04-17,21:15:00,4.5,4.525,4.5,4.525,2700,0
2017-04-17,21:20:00,4.525,4.55,4.5,4.525,6300,0
2017-04-17,21:25:00,4.525,4.55,4.5,4.525,5258,0
2017-04-17,21:30:00,4.55,4.55,4.5,4.525,26850,0
2017-04-17,21:35:00,4.525,4.55,4.5,4.525,11190,0
2017-04-17,21:40:00,4.525,4.55,4.475,4.475,70623,0
2017-04-17,21:45:00,4.475,4.5,4.475,4.475,13860,0
2017-04-17,21:50:00,4.475,4.5,4.45,4.5,11780,0
2017-04-17,21:55:00,4.475,4.5,4.475,4.5,15486,0
2017-04-17,22:00:00,4.5,4.5,4.475,4.5,40741,0
2017-04-18,15:35:00,4.5,4.5,4.45,4.5,9064,0
2017-04-18,15:40:00,4.45,4.5,4.45,4.495,8200,0
2017-04-18,15:45:00,4.45,4.45,4.45,4.45,500,0
2017-04-18,15:50:00,4.45,4.5,4.45,4.5,2100,0
2017-04-18,15:55:00,4.475,4.525,4.475,4.5,17032,0
2017-04-18,16:00:00,4.5,4.525,4.5,4.5,1500,0
2017-04-18,16:05:00,4.5,4.55,4.5,4.5,69653,0
2017-04-18,16:10:00,4.525,4.525,4.5,4.5,2500,0
2017-04-18,16:15:00,4.5,4.525,4.5,4.5,3760,0
2017-04-18,16:20:00,4.5,4.525,4.5,4.525,4200,0
2017-04-18,16:25:00,4.5,4.525,4.5,4.5,2740,0
2017-04-18,16:30:00,4.5,4.525,4.5,4.5,1200,0
2017-04-18,16:35:00,4.525,4.525,4.5,4.5,14790,0
2017-04-18,16:40:00,4.5,4.525,4.45,4.475,32214,0
2017-04-18,16:45:00,4.475,4.5,4.475,4.5,3100,0
2017-04-18,16:50:00,4.5,4.525,4.4729,4.5,32793,0
2017-04-18,16:55:00,4.5,4.525,4.4729,4.5,15053,0
2017-04-18,17:00:00,4.475,4.5,4.475,4.5,2813,0
2017-04-18,17:05:00,4.5,4.5,4.475,4.5,2436,0
2017-04-18,17:10:00,4.475,4.5,4.475,4.5,1700,0
2017-04-18,17:15:00,4.475,4.5,4.475,4.475,1200,0
2017-04-18,17:20:00,4.475,4.5,4.475,4.475,800,0
2017-04-18,17:25:00,4.475,4.5,4.475,4.5,1100,0
2017-04-18,17:30:00,4.475,4.5,4.475,4.5,9164,0
2017-04-18,17:35:00,4.5,4.5,4.475,4.5,4100,0
2017-04-18,17:40:00,4.5,4.5,4.475,4.475,14041,0
2017-04-18,17:45:00,4.5,4.5,4.475,4.5,3300,0
2017-04-18,17:50:00,4.475,4.5,4.475,4.5,4910,0
2017-04-18,17:55:00,4.475,4.5,4.475,4.475,4750,0
2017-04-18,18:00:00,4.5,4.5,4.475,4.5,3600,0
2017-04-18,18:05:00,4.475,4.5,4.475,4.5,1826,0
2017-04-18,18:10:00,4.5,4.5,4.475,4.5,1300,0
2017-04-18,18:15:00,4.5,4.5,4.475,4.475,900,0
2017-04-18,18:20:00,4.5,4.5,4.475,4.475,1200,0
2017-04-18,18:25:00,4.5,4.5,4.4689,4.5,1300,0
2017-04-18,18:30:00,4.475,4.5,4.475,4.475,1500,0
2017-04-18,18:35:00,4.5,4.5,4.475,4.475,800,0
2017-04-18,18:40:00,4.5,4.5,4.475,4.475,800,0
2017-04-18,18:45:00,4.5,4.5,4.475,4.475,1372,0
2017-04-18,18:50:00,4.5,4.5,4.475,4.5,2152,0
2017-04-18,18:55:00,4.475,4.5,4.475,4.5,1900,0
2017-04-18,19:00:00,4.475,4.5,4.475,4.5,1300,0
2017-04-18,19:05:00,4.5,4.5,4.475,4.475,1000,0
2017-04-18,19:10:00,4.475,4.5,4.475,4.4856,6172,0
2017-04-18,19:15:00,4.5,4.5,4.475,4.5,1200,0
2017-04-18,19:20:00,4.475,4.5,4.475,4.475,1800,0
2017-04-18,19:25:00,4.5,4.5,4.475,4.475,6200,0
2017-04-18,19:30:00,4.475,4.5,4.475,4.475,4316,0
2017-04-18,19:35:00,4.5,4.5,4.475,4.475,800,0
2017-04-18,19:40:00,4.5,4.5,4.475,4.475,3690,0
2017-04-18,19:45:00,4.5,4.5,4.475,4.5,1493,0
2017-04-18,19:50:00,4.5,4.5,4.475,4.475,2254,0
2017-04-18,19:55:00,4.475,4.5,4.475,4.5,20673,0
2017-04-18,20:00:00,4.5,4.525,4.475,4.5,14281,0
2017-04-18,20:05:00,4.5,4.525,4.5,4.5,900,0
2017-04-18,20:10:00,4.525,4.525,4.5,4.5,1659,0
2017-04-18,20:15:00,4.5,4.525,4.5,4.5,4800,0
2017-04-18,20:20:00,4.5,4.525,4.5,4.5,1516,0
2017-04-18,20:25:00,4.5,4.525,4.5,4.5,1000,0
2017-04-18,20:30:00,4.5,4.55,4.5,4.5,4775,0
2017-04-18,20:35:00,4.525,4.525,4.5,4.5,3600,0
2017-04-18,20:40:00,4.5,4.525,4.5,4.5,3300,0
2017-04-18,20:45:00,4.5,4.55,4.475,4.5,22179,0
2017-04-18,20:50:00,4.475,4.5,4.475,4.5,4200,0
2017-04-18,20:55:00,4.475,4.5,4.475,4.475,1051,0
2017-04-18,21:00:00,4.475,4.5,4.475,4.475,1361,0
2017-04-18,21:05:00,4.475,4.5,4.475,4.5,900,0
2017-04-18,21:10:00,4.475,4.5,4.475,4.5,1200,0
2017-04-18,21:15:00,4.475,4.5,4.475,4.5,1279,0
2017-04-18,21:20:00,4.5,4.5,4.475,4.5,1857,0
2017-04-18,21:25:00,4.5,4.5,4.475,4.475,22729,0
2017-04-18,21:30:00,4.475,4.5,4.475,4.5,4006,0
2017-04-18,21:35:00,4.475,4.5,4.4723,4.5,5200,0
2017-04-18,21:40:00,4.475,4.525,4.475,4.5,33495,0
2017-04-18,21:45:00,4.475,4.5,4.475,4.5,3024,0
2017-04-18,21:50:00,4.475,4.5,4.475,4.5,3000,0
2017-04-18,21:55:00,4.5,4.5,4.46,4.5,6790,0
2017-04-18,22:00:00,4.5,4.5,4.475,4.5,22608,0
2017-04-19,15:35:00,4.5,4.5,4.475,4.475,6735,0
2017-04-19,15:40:00,4.5,4.5,4.475,4.475,6600,0
2017-04-19,15:45:00,4.5,4.5,4.5,4.5,700,0
2017-04-19,15:50:00,4.475,4.5,4.475,4.5,1700,0
2017-04-19,15:55:00,4.46,4.475,4.46,4.475,400,0
2017-04-19,16:00:00,4.5,4.5,4.468,4.5,2400,0
2017-04-19,16:05:00,4.5,4.5,4.5,4.5,400,0
2017-04-19,16:10:00,4.5,4.5,4.5,4.5,300,0
2017-04-19,16:15:00,4.5,4.5,4.45,4.475,3900,0
2017-04-19,16:25:00,4.5,4.5,4.455,4.475,7721,0
2017-04-19,16:30:00,4.5,4.5,4.475,4.5,7511,0
2017-04-19,16:35:00,4.5,4.5,4.5,4.5,936,0
2017-04-19,16:40:00,4.5,4.525,4.475,4.5,43358,0
2017-04-19,16:45:00,4.5,4.5,4.5,4.5,500,0
2017-04-19,16:50:00,4.5,4.5,4.4833,4.5,1900,0
2017-04-19,16:55:00,4.5,4.5,4.5,4.5,600,0
2017-04-19,17:00:00,4.5,4.5,4.5,4.5,500,0
2017-04-19,17:05:00,4.5,4.5,4.4653,4.5,3400,0
2017-04-19,17:10:00,4.5,4.5,4.475,4.5,5200,0
2017-04-19,17:15:00,4.5,4.5,4.475,4.5,5184,0
2017-04-19,17:20:00,4.5,4.5,4.5,4.5,700,0
2017-04-19,17:25:00,4.5,4.525,4.45,4.475,45554,0
2017-04-19,17:30:00,4.5,4.5,4.5,4.5,400,0
2017-04-19,17:35:00,4.5,4.5,4.5,4.5,900,0
2017-04-19,17:40:00,4.5,4.5,4.5,4.5,1300,0
2017-04-19,17:45:00,4.5,4.525,4.5,4.525,17605,0
2017-04-19,17:50:00,4.5265,4.5265,4.475,4.5,13107,0
2017-04-19,17:55:00,4.5,4.5,4.5,4.5,4600,0
2017-04-19,18:00:00,4.5,4.5,4.5,4.5,1700,0
2017-04-19,18:05:00,4.5,4.5,4.5,4.5,400,0
2017-04-19,18:10:00,4.5,4.5,4.475,4.5,1000,0
2017-04-19,18:15:00,4.5,4.5,4.4683,4.475,4200,0
2017-04-19,18:20:00,4.5,4.5,4.475,4.5,2600,0
2017-04-19,18:25:00,4.5,4.5,4.475,4.5,2600,0
2017-04-19,18:30:00,4.5,4.5,4.475,4.5,4850,0
2017-04-19,18:35:00,4.5,4.5,4.5,4.5,900,0
2017-04-19,18:40:00,4.5,4.5,4.475,4.5,3000,0
2017-04-19,18:45:00,4.5,4.525,4.5,4.5,10050,0
2017-04-19,18:50:00,4.525,4.525,4.5,4.525,1100,0
2017-04-19,18:55:00,4.525,4.525,4.5,4.5,1200,0
2017-04-19,19:00:00,4.525,4.525,4.5,4.525,500,0
2017-04-19,19:05:00,4.5,4.525,4.5,4.5,1561,0
2017-04-19,19:10:00,4.5,4.525,4.5,4.5,1200,0
2017-04-19,19:15:00,4.5,4.55,4.5,4.525,1000,0
2017-04-19,19:20:00,4.525,4.525,4.5,4.525,1025,0
2017-04-19,19:25:00,4.525,4.525,4.525,4.525,1000,0
2017-04-19,19:30:00,4.525,4.525,4.525,4.525,200,0
2017-04-19,19:35:00,4.525,4.525,4.5,4.5,1100,0
2017-04-19,19:40:00,4.525,4.525,4.5,4.525,5900,0
2017-04-19,19:45:00,4.525,4.55,4.5,4.525,6781,0
2017-04-19,19:50:00,4.55,4.55,4.525,4.525,1300,0
2017-04-19,19:55:00,4.55,4.55,4.525,4.525,5600,0
2017-04-19,20:00:00,4.55,4.55,4.525,4.55,2100,0
2017-04-19,20:05:00,4.55,4.55,4.525,4.525,4300,0
2017-04-19,20:10:00,4.55,4.55,4.525,4.525,2900,0
2017-04-19,20:15:00,4.525,4.55,4.52,4.525,4900,0
2017-04-19,20:20:00,4.525,4.55,4.525,4.525,3900,0
2017-04-19,20:25:00,4.55,4.55,4.525,4.55,1100,0
2017-04-19,20:30:00,4.525,4.55,4.525,4.525,1300,0
2017-04-19,20:35:00,4.55,4.55,4.525,4.525,400,0
2017-04-19,20:40:00,4.55,4.55,4.4727,4.475,92438,0
2017-04-19,20:45:00,4.45,4.475,4.45,4.475,300,0
2017-04-19,20:50:00,4.475,4.5,4.475,4.475,500,0
2017-04-19,20:55:00,4.475,4.5,4.475,4.475,300,0
2017-04-19,21:00:00,4.475,4.475,4.45,4.475,1457,0
2017-04-19,21:05:00,4.5,4.5,4.4742,4.4742,6600,0
2017-04-19,21:10:00,4.5,4.5,4.4729,4.5,3960,0
2017-04-19,21:15:00,4.5,4.5,4.5,4.5,400,0
2017-04-19,21:20:00,4.475,4.5,4.475,4.5,5264,0
2017-04-19,21:25:00,4.5,4.5,4.475,4.5,6799,0
2017-04-19,21:30:00,4.5,4.525,4.475,4.4833,27867,0
2017-04-19,21:35:00,4.5,4.5,4.475,4.5,500,0
2017-04-19,21:40:00,4.5,4.5332,4.4721,4.5,22884,0
2017-04-19,21:45:00,4.4756,4.5,4.4756,4.5,2900,0
2017-04-19,21:50:00,4.5,4.5,4.475,4.475,1700,0
2017-04-19,21:55:00,4.5,4.5,4.475,4.5,18429,0
2017-04-19,22:00:00,4.5,4.5,4.45,4.475,19044,0
2017-04-20,15:35:00,4.5,4.55,4.475,4.475,27874,0
2017-04-20,15:40:00,4.476,4.476,4.476,4.476,200,0
2017-04-20,15:45:00,4.5,4.5,4.5,4.5,5000,0
2017-04-20,15:50:00,4.5,4.5,4.5,4.5,53553,0
2017-04-20,15:55:00,4.5,4.5,4.5,4.5,8482,0
2017-04-20,16:00:00,4.5,4.5,4.5,4.5,100,0
2017-04-20,16:05:00,4.5,4.5,4.5,4.5,300,0
2017-04-20,16:10:00,4.5,4.5,4.5,4.5,300,0
2017-04-20,16:15:00,4.5,4.5,4.5,4.5,300,0
2017-04-20,16:20:00,4.5,4.5,4.475,4.5,1359,0
2017-04-20,16:25:00,4.5,4.5,4.4678,4.5,2900,0
2017-04-20,16:30:00,4.5,4.5,4.4628,4.4628,3300,0
2017-04-20,16:35:00,4.5,4.5,4.475,4.5,5000,0
2017-04-20,16:40:00,4.5,4.5,4.475,4.5,3100,0
2017-04-20,16:45:00,4.5,4.5,4.5,4.5,12235,0
2017-04-20,16:50:00,4.5,4.5,4.5,4.5,600,0
2017-04-20,16:55:00,4.5,4.5,4.5,4.5,600,0
2017-04-20,17:00:00,4.5,4.5,4.5,4.5,600,0
2017-04-20,17:05:00,4.475,4.525,4.475,4.5,13925,0
2017-04-20,17:10:00,4.5,4.5,4.5,4.5,2900,0
2017-04-20,17:15:00,4.5,4.55,4.5,4.525,4900,0
2017-04-20,17:20:00,4.525,4.525,4.505,4.525,3200,0
2017-04-20,17:25:00,4.525,4.528,4.525,4.525,1344,0
2017-04-20,17:30:00,4.525,4.525,4.525,4.525,400,0
2017-04-20,17:35:00,4.525,4.525,4.525,4.525,700,0
2017-04-20,17:40:00,4.525,4.525,4.5,4.525,1300,0
2017-04-20,17:45:00,4.525,4.525,4.5,4.525,300,0
2017-04-20,17:50:00,4.525,4.55,4.5,4.55,3529,0
2017-04-20,17:55:00,4.525,4.525,4.525,4.525,1506,0
2017-04-20,18:00:00,4.525,4.55,4.525,4.525,1300,0
2017-04-20,18:05:00,4.55,4.55,4.525,4.525,1400,0
2017-04-20,18:10:00,4.525,4.525,4.525,4.525,400,0
2017-04-20,18:15:00,4.525,4.55,4.525,4.55,700,0
2017-04-20,18:20:00,4.55,4.55,4.55,4.55,203,0
2017-04-20,18:25:00,4.55,4.55,4.525,4.55,500,0
2017-04-20,18:30:00,4.525,4.525,4.525,4.525,600,0
2017-04-20,18:35:00,4.55,4.55,4.525,4.525,7290,0
2017-04-20,18:40:00,4.55,4.55,4.55,4.55,300,0
2017-04-20,18:45:00,4.55,4.55,4.525,4.55,500,0
2017-04-20,18:50:00,4.55,4.55,4.525,4.55,607,0
2017-04-20,18:55:00,4.55,4.55,4.51,4.55,1300,0
2017-04-20,19:00:00,4.55,4.55,4.525,4.525,300,0
2017-04-20,19:05:00,4.55,4.55,4.55,4.55,200,0
2017-04-20,19:10:00,4.55,4.55,4.525,4.525,700,0
2017-04-20,19:15:00,4.55,4.55,4.55,4.55,500,0
2017-04-20,19:20:00,4.55,4.55,4.525,4.525,3900,0
2017-04-20,19:25:00,4.55,4.55,4.525,4.525,3200,0
2017-04-20,19:30:00,4.55,4.55,4.55,4.55,400,0
2017-04-20,19:35:00,4.55,4.55,4.55,4.55,600,0
2017-04-20,19:40:00,4.55,4.55,4.55,4.55,800,0
2017-04-20,19:45:00,4.55,4.55,4.525,4.55,4875,0
2017-04-20,19:50:00,4.55,4.55,4.5,4.55,33010,0
2017-04-20,19:55:00,4.55,4.56,4.525,4.525,95981,0
2017-04-20,20:00:00,4.525,4.525,4.5,4.525,2400,0
2017-04-20,20:05:00,4.525,4.525,4.525,4.525,600,0
2017-04-20,20:10:00,4.525,4.525,4.525,4.525,300,0
2017-04-20,20:15:00,4.525,4.525,4.5,4.525,1000,0
2017-04-20,20:20:00,4.525,4.525,4.5,4.525,800,0
2017-04-20,20:25:00,4.525,4.525,4.525,4.525,600,0
2017-04-20,20:30:00,4.525,4.525,4.525,4.525,400,0
2017-04-20,20:35:00,4.525,4.525,4.5,4.5,800,0
2017-04-20,20:40:00,4.525,4.525,4.525,4.525,700,0
2017-04-20,20:45:00,4.5,4.525,4.5,4.525,1400,0
2017-04-20,20:50:00,4.525,4.525,4.5,4.525,400,0
2017-04-20,20:55:00,4.525,4.525,4.525,4.525,1200,0
2017-04-20,21:00:00,4.525,4.525,4.525,4.525,800,0
2017-04-20,21:05:00,4.525,4.525,4.5,4.5,800,0
2017-04-20,21:10:00,4.525,4.525,4.5,4.525,700,0
2017-04-20,21:15:00,4.525,4.525,4.5,4.525,1400,0
2017-04-20,21:20:00,4.525,4.55,4.5,4.5,1000,0
2017-04-20,21:25:00,4.525,4.55,4.5,4.525,1500,0
2017-04-20,21:30:00,4.55,4.55,4.5,4.55,12800,0
2017-04-20,21:35:00,4.55,4.55,4.525,4.54,11191,0
2017-04-20,21:40:00,4.54,4.55,4.525,4.55,12940,0
2017-04-20,21:45:00,4.55,4.55,4.525,4.55,1800,0
2017-04-20,21:50:00,4.55,4.55,4.525,4.55,1500,0
2017-04-20,21:55:00,4.55,4.55,4.525,4.55,8600,0
2017-04-20,22:00:00,4.525,4.55,4.5,4.55,36516,0
2017-04-21,15:35:00,4.55,4.65,4.55,4.55,48700,0
2017-04-21,15:40:00,4.575,4.575,4.575,4.575,300,0
2017-04-21,15:45:00,4.55,4.575,4.55,4.575,13489,0
2017-04-21,15:50:00,4.575,4.575,4.55,4.55,5581,0
2017-04-21,15:55:00,4.525,4.55,4.52,4.55,3700,0
2017-04-21,16:00:00,4.55,4.55,4.55,4.55,1500,0
2017-04-21,16:05:00,4.575,4.6,4.575,4.575,1700,0
2017-04-21,16:10:00,4.575,4.6,4.575,4.6,530,0
2017-04-21,16:15:00,4.5831,4.6,4.55,4.55,1160,0
2017-04-21,16:20:00,4.575,4.6,4.575,4.575,400,0
2017-04-21,16:25:00,4.6,4.6,4.575,4.575,200,0
2017-04-21,16:30:00,4.575,4.575,4.575,4.575,200,0
2017-04-21,16:35:00,4.575,4.6,4.55,4.575,600,0
2017-04-21,16:40:00,4.6,4.6,4.5618,4.575,1500,0
2017-04-21,16:45:00,4.575,4.575,4.575,4.575,200,0
2017-04-21,16:50:00,4.6,4.6,4.575,4.575,1100,0
2017-04-21,16:55:00,4.6,4.6,4.575,4.6,1203,0
2017-04-21,17:00:00,4.575,4.6,4.575,4.6,700,0
2017-04-21,17:05:00,4.6,4.6,4.575,4.6,400,0
2017-04-21,17:10:00,4.6,4.6,4.579,4.579,6932,0
2017-04-21,17:15:00,4.6,4.6,4.575,4.575,2190,0
2017-04-21,17:20:00,4.575,4.6,4.575,4.6,400,0
2017-04-21,17:25:00,4.6,4.6,4.6,4.6,500,0
2017-04-21,17:30:00,4.575,4.6,4.575,4.6,750,0
2017-04-21,17:35:00,4.6,4.6,4.575,4.6,1600,0
2017-04-21,17:40:00,4.6,4.625,4.575,4.6,48536,0
2017-04-21,17:45:00,4.6,4.625,4.575,4.6,19721,0
2017-04-21,17:50:00,4.6,4.6,4.575,4.575,500,0
2017-04-21,17:55:00,4.575,4.6,4.575,4.6,2175,0
2017-04-21,18:00:00,4.6,4.6,4.57,4.6,1100,0
2017-04-21,18:05:00,4.6,4.6,4.5698,4.575,1050,0
2017-04-21,18:10:00,4.575,4.6,4.575,4.6,400,0
2017-04-21,18:15:00,4.6,4.6,4.575,4.575,2500,0
2017-04-21,18:20:00,4.575,4.6,4.55,4.575,2009,0
2017-04-21,18:25:00,4.55,4.6,4.55,4.6,400,0
2017-04-21,18:30:00,4.575,4.6,4.55,4.6,1700,0
2017-04-21,18:35:00,4.575,4.6,4.575,4.6,400,0
2017-04-21,18:40:00,4.575,4.575,4.55,4.575,1000,0
2017-04-21,18:45:00,4.56,4.6,4.56,4.6,3600,0
2017-04-21,18:50:00,4.575,4.6,4.55,4.6,1300,0
2017-04-21,18:55:00,4.6,4.6,4.55,4.6,1400,0
2017-04-21,19:00:00,4.55,4.6,4.55,4.6,8200,0
2017-04-21,19:05:00,4.6,4.6,4.575,4.6,1200,0
2017-04-21,19:10:00,4.6,4.6,4.6,4.6,200,0
2017-04-21,19:15:00,4.6,4.6,4.575,4.6,1000,0
2017-04-21,19:20:00,4.6,4.6,4.5763,4.6,5000,0
2017-04-21,19:25:00,4.575,4.6,4.575,4.59,7100,0
2017-04-21,19:30:00,4.6,4.6,4.575,4.5854,5000,0
2017-04-21,19:35:00,4.6,4.6,4.575,4.6,400,0
2017-04-21,19:40:00,4.575,4.6,4.575,4.6,4900,0
2017-04-21,19:45:00,4.6,4.6,4.6,4.6,300,0
2017-04-21,19:50:00,4.6,4.6,4.575,4.575,1700,0
2017-04-21,19:55:00,4.6,4.6,4.575,4.6,5860,0
2017-04-21,20:00:00,4.6,4.6,4.6,4.6,18964,0
2017-04-21,20:05:00,4.575,4.6,4.57,4.57,1600,0
2017-04-21,20:10:00,4.575,4.6,4.575,4.6,18910,0
2017-04-21,20:15:00,4.6,4.65,4.5772,4.6,60185,0
2017-04-21,20:20:00,4.625,4.631,4.625,4.625,3781,0
2017-04-21,20:25:00,4.625,4.625,4.6,4.625,900,0
2017-04-21,20:30:00,4.625,4.625,4.625,4.625,1049,0
2017-04-21,20:35:00,4.625,4.65,4.6,4.6,1621,0
2017-04-21,20:40:00,4.65,4.65,4.6247,4.6247,500,0
2017-04-21,20:45:00,4.6,4.65,4.6,4.625,1271,0
2017-04-21,20:50:00,4.625,4.65,4.625,4.625,1055,0
2017-04-21,20:55:00,4.619,4.65,4.619,4.65,1986,0
2017-04-21,21:00:00,4.625,4.65,4.625,4.625,980,0
2017-04-21,21:05:00,4.65,4.65,4.625,4.65,1100,0
2017-04-21,21:10:00,4.625,4.65,4.6249,4.65,3300,0
2017-04-21,21:15:00,4.65,4.65,4.65,4.65,1650,0
2017-04-21,21:20:00,4.625,4.65,4.625,4.625,1700,0
2017-04-21,21:25:00,4.65,4.7,4.65,4.675,34331,0
2017-04-21,21:30:00,4.675,4.7,4.6688,4.7,3500,0
2017-04-21,21:35:00,4.7,4.7,4.675,4.675,1300,0
2017-04-21,21:40:00,4.7,4.7,4.675,4.7,5618,0
2017-04-21,21:45:00,4.7,4.7,4.675,4.7,1488,0
2017-04-21,21:50:00,4.7,4.7,4.6692,4.675,9793,0
2017-04-21,21:55:00,4.7,4.7,4.668,4.7,9730,0
2017-04-21,22:00:00,4.7,4.7,4.65,4.7,38163,0
2017-04-24,15:35:00,4.7,4.75,4.7,4.74,31780,0
2017-04-24,15:40:00,4.725,4.85,4.725,4.8352,27910,0
2017-04-24,15:45:00,4.85,4.85,4.8,4.8,37711,0
2017-04-24,15:50:00,4.75,4.8,4.75,4.7828,6730,0
2017-04-24,15:55:00,4.8,4.8,4.8,4.8,400,0
2017-04-24,16:00:00,4.8,4.85,4.8,4.85,6850,0
2017-04-24,16:05:00,4.85,4.85,4.84,4.84,400,0
2017-04-24,16:10:00,4.825,4.85,4.825,4.85,947,0
2017-04-24,16:15:00,4.825,4.85,4.817,4.825,9500,0
2017-04-24,16:20:00,4.85,4.85,4.8,4.85,5896,0
2017-04-24,16:25:00,4.85,4.9,4.8,4.9,41192,0
2017-04-24,16:30:00,4.9,4.9,4.9,4.9,713,0
2017-04-24,16:35:00,4.9,4.9,4.8682,4.875,5600,0
2017-04-24,16:40:00,4.85,4.9,4.85,4.9,1794,0
2017-04-24,16:45:00,4.9,4.9,4.89,4.9,20695,0
2017-04-24,16:50:00,4.9,4.925,4.9,4.9,11580,0
2017-04-24,16:55:00,4.9,4.9,4.8843,4.9,940,0
2017-04-24,17:00:00,4.9,4.9,4.9,4.9,1803,0
2017-04-24,17:05:00,4.875,4.9,4.875,4.9,1800,0
2017-04-24,17:10:00,4.875,4.9,4.875,4.9,1403,0
2017-04-24,17:15:00,4.9,4.95,4.875,4.95,30467,0
2017-04-24,17:20:00,4.925,4.95,4.9,4.9,17914,0
2017-04-24,17:25:00,4.94,4.95,4.9,4.925,14200,0
2017-04-24,17:30:00,4.95,4.95,4.917,4.925,1850,0
2017-04-24,17:35:00,4.925,4.931,4.9189,4.925,2012,0
2017-04-24,17:40:00,4.925,4.95,4.925,4.95,6643,0
2017-04-24,17:45:00,4.95,4.95,4.95,4.95,2700,0
2017-04-24,17:50:00,4.94,4.95,4.91,4.95,2400,0
2017-04-24,18:00:00,4.925,4.95,4.925,4.95,3000,0
2017-04-24,18:05:00,4.95,4.95,4.9,4.931,1881,0
2017-04-24,18:10:00,4.91,4.95,4.91,4.95,1630,0
2017-04-24,18:15:00,4.95,4.95,4.9167,4.9317,7804,0
2017-04-24,18:20:00,4.95,4.95,4.9202,4.95,8449,0
2017-04-24,18:25:00,4.95,4.95,4.925,4.925,5222,0
2017-04-24,18:30:00,4.925,4.95,4.925,4.925,600,0
2017-04-24,18:35:00,4.95,4.95,4.925,4.925,863,0
2017-04-24,18:40:00,4.95,4.95,4.9201,4.95,3437,0
2017-04-24,18:45:00,4.95,4.95,4.9201,4.95,4823,0
2017-04-24,18:50:00,4.95,4.95,4.925,4.9302,1208,0
2017-04-24,18:55:00,4.94,4.95,4.9149,4.9158,14774,0
2017-04-24,19:00:00,4.95,4.95,4.9247,4.9247,800,0
2017-04-24,19:05:00,4.925,4.95,4.925,4.95,2244,0
2017-04-24,19:10:00,4.95,4.95,4.925,4.925,3808,0
2017-04-24,19:15:00,4.925,5,4.9185,5,60518,0
2017-04-24,19:20:00,4.99,5,4.99,5,33346,0
2017-04-24,19:25:00,4.9562,5,4.9562,5,5643,0
2017-04-24,19:30:00,5,5,4.99,5,57661,0
2017-04-24,19:35:00,5,5.05,5,5.05,13580,0
2017-04-24,19:40:00,5.025,5.05,5.025,5.05,12760,0
2017-04-24,19:45:00,5.05,5.05,5.01,5.05,4444,0
2017-04-24,19:50:00,5.025,5.05,5.025,5.05,600,0
2017-04-24,19:55:00,5.05,5.05,5.05,5.05,19125,0
2017-04-24,20:00:00,5.025,5.05,5.025,5.05,7200,0
2017-04-24,20:05:00,5.05,5.05,5.005,5.05,14601,0
2017-04-24,20:10:00,5,5.05,4.975,5,49429,0
2017-04-24,20:15:00,4.96,4.975,4.955,4.975,7200,0
2017-04-24,20:20:00,4.975,5,4.975,5,680,0
2017-04-24,20:25:00,4.975,5,4.975,5,880,0
2017-04-24,20:30:00,5,5,4.975,5,4826,0
2017-04-24,20:35:00,5,5,4.9751,4.9751,2000,0
2017-04-24,20:40:00,5,5,5,5,400,0
2017-04-24,20:45:00,4.97,5,4.97,5,1600,0
2017-04-24,20:50:00,5,5.05,5,5.025,41764,0
2017-04-24,20:55:00,5.025,5.05,5.02,5.025,4600,0
2017-04-24,21:00:00,5.025,5.0375,5,5.025,19200,0
2017-04-24,21:05:00,5.025,5.05,5.025,5.025,1600,0
2017-04-24,21:10:00,5.025,5.05,5.0186,5.025,1200,0
2017-04-24,21:15:00,5.025,5.05,5,5.0186,7010,0
2017-04-24,21:20:00,5.025,5.05,5.025,5.025,2100,0
2017-04-24,21:25:00,5.025,5.05,5.025,5.025,3149,0
2017-04-24,21:30:00,5.025,5.05,5,5.05,3749,0
2017-04-24,21:35:00,5.025,5.05,5.025,5.05,2720,0
2017-04-24,21:40:00,5.05,5.05,5.025,5.05,4670,0
2017-04-24,21:45:00,5.025,5.05,5.025,5.025,12483,0
2017-04-24,21:50:00,5.05,5.05,5.025,5.05,8831,0
2017-04-24,21:55:00,5.025,5.05,5,5.05,4471,0
2017-04-24,22:00:00,5,5.05,5,5,62925,0
2017-04-25,15:35:00,5.05,5.075,5.05,5.05,10986,0
2017-04-25,15:40:00,5.05,5.1,5.05,5.1,31260,0
2017-04-25,15:45:00,5.1,5.1,5.05,5.075,4000,0
2017-04-25,15:50:00,5.075,5.075,5.045,5.075,27721,0
2017-04-25,15:55:00,5.075,5.075,5.075,5.075,4941,0
2017-04-25,16:00:00,5.075,5.1,5.05,5.05,7022,0
2017-04-25,16:05:00,5.075,5.1,5.05,5.1,15943,0
2017-04-25,16:10:00,5.075,5.075,5.075,5.075,700,0
2017-04-25,16:15:00,5.1,5.1,5.05,5.075,1530,0
2017-04-25,16:20:00,5.075,5.1,5.0647,5.1,8190,0
2017-04-25,16:25:00,5.075,5.075,5.075,5.075,400,0
2017-04-25,16:30:00,5.1,5.1,5.075,5.075,400,0
2017-04-25,16:35:00,5.05,5.075,5.05,5.075,1142,0
2017-04-25,16:40:00,5.075,5.075,5.05,5.075,1913,0
2017-04-25,16:45:00,5.075,5.075,5.05,5.075,3357,0
2017-04-25,16:50:00,5.075,5.1,5.05,5.075,3295,0
2017-04-25,16:55:00,5.075,5.075,5.05,5.075,2100,0
2017-04-25,17:00:00,5.075,5.1,5.075,5.1,1200,0
2017-04-25,17:05:00,5.075,5.1,5.05,5.075,2013,0
2017-04-25,17:10:00,5.075,5.1,5.075,5.075,5046,0
2017-04-25,17:15:00,5.07,5.1,5.05,5.075,14200,0
2017-04-25,17:20:00,5.05,5.1,5.05,5.1,600,0
2017-04-25,17:25:00,5.1,5.1,5.075,5.075,1371,0
2017-04-25,17:30:00,5.075,5.1,5.05,5.075,2200,0
2017-04-25,17:35:00,5.0656,5.075,5.05,5.075,3450,0
2017-04-25,17:40:00,5.075,5.1,5.05,5.075,1800,0
2017-04-25,17:45:00,5.075,5.1,5.075,5.075,750,0
2017-04-25,17:50:00,5.075,5.1,5.075,5.075,4359,0
2017-04-25,17:55:00,5.075,5.1,5.05,5.075,12855,0
2017-04-25,18:00:00,5.075,5.1,5.06,5.075,3969,0
2017-04-25,18:05:00,5.1,5.1,5.05,5.075,12782,0
2017-04-25,18:10:00,5.075,5.075,5.05,5.075,5374,0
2017-04-25,18:15:00,5.075,5.1,5.05,5.075,1182,0
2017-04-25,18:20:00,5.075,5.075,5.075,5.075,800,0
2017-04-25,18:25:00,5.075,5.075,5.05,5.075,6159,0
2017-04-25,18:30:00,5.075,5.075,5.055,5.075,3300,0
2017-04-25,18:35:00,5.075,5.075,5.05,5.05,1984,0
2017-04-25,18:40:00,5.06,5.1,5.05,5.05,9575,0
2017-04-25,18:45:00,5.1,5.1,5.05,5.0824,6441,0
2017-04-25,18:50:00,5.1,5.1,5.05,5.075,1765,0
2017-04-25,18:55:00,5.075,5.1,5.05,5.05,4400,0
2017-04-25,19:00:00,5.075,5.1,5.05,5.1,1000,0
2017-04-25,19:05:00,5.075,5.1,5.075,5.075,1000,0
2017-04-25,19:10:00,5.075,5.1,5,5.05,69689,0
2017-04-25,19:15:00,5.05,5.05,5.025,5.05,9900,0
2017-04-25,19:20:00,5.05,5.05,5.025,5.025,2300,0
2017-04-25,19:25:00,5.05,5.05,5.05,5.05,600,0
2017-04-25,19:30:00,5.05,5.05,5.025,5.05,900,0
2017-04-25,19:35:00,5.05,5.075,5,5.075,40406,0
2017-04-25,19:40:00,5.075,5.075,5.05,5.075,9273,0
2017-04-25,19:45:00,5.05,5.0752,5.05,5.075,1637,0
2017-04-25,19:50:00,5.05,5.075,5.025,5.05,22452,0
2017-04-25,19:55:00,5.05,5.075,5.05,5.05,17910,0
2017-04-25,20:00:00,5.05,5.1,5.05,5.075,7300,0
2017-04-25,20:05:00,5.075,5.1,5.05,5.075,2500,0
2017-04-25,20:10:00,5.1,5.1,5.05,5.1,9700,0
2017-04-25,20:15:00,5.075,5.1,5.05,5.075,29273,0
2017-04-25,20:20:00,5.1,5.1,5.05,5.05,8290,0
2017-04-25,20:25:00,5.085,5.085,5.05,5.05,16650,0
2017-04-25,20:30:00,5.075,5.075,5.05,5.05,6200,0
2017-04-25,20:35:00,5.075,5.075,5.05,5.05,1800,0
2017-04-25,20:40:00,5.075,5.075,5.05,5.075,5500,0
2017-04-25,20:45:00,5.075,5.1,5.05,5.075,1700,0
2017-04-25,20:50:00,5.1,5.1,5.05,5.075,3000,0
2017-04-25,20:55:00,5.05,5.1,5.05,5.1,1500,0
2017-04-25,21:00:00,5.1,5.1,5.075,5.075,1700,0
2017-04-25,21:05:00,5.1,5.1,5.075,5.075,1000,0
2017-04-25,21:10:00,5.1,5.1,5.075,5.1,1600,0
2017-04-25,21:15:00,5.1,5.1,5.075,5.1,17426,0
2017-04-25,21:20:00,5.075,5.1,5.05,5.1,1600,0
2017-04-25,21:25:00,5.1,5.1,5.075,5.1,700,0
2017-04-25,21:30:00,5.1,5.1,5.075,5.075,1900,0
2017-04-25,21:35:00,5.075,5.1,5.075,5.075,2000,0
2017-04-25,21:40:00,5.1,5.1,5.05,5.075,12267,0
2017-04-25,21:45:00,5.1,5.1,5.05,5.05,4800,0
2017-04-25,21:50:00,5.075,5.075,5.05,5.05,11208,0
2017-04-25,21:55:00,5.05,5.1,5.05,5.05,21204,0
2017-04-25,22:00:00,5.05,5.1,5.05,5.05,60125,0
2017-04-26,15:35:00,5.05,5.1,5.05,5.1,9844,0
2017-04-26,15:40:00,5.075,5.1,5.075,5.1,3600,0
2017-04-26,15:45:00,5.075,5.075,5.05,5.075,3300,0
2017-04-26,15:50:00,5.05,5.075,5,5,7900,0
2017-04-26,15:55:00,5,5.05,5,5.05,5100,0
2017-04-26,16:00:00,5.05,5.05,5.025,5.05,3251,0
2017-04-26,16:05:00,5.05,5.05,5,5.05,4460,0
2017-04-26,16:10:00,5.05,5.075,5,5.075,16160,0
2017-04-26,16:15:00,5.075,5.1,5.075,5.1,15070,0
2017-04-26,16:20:00,5.075,5.1,5.05,5.075,7010,0
2017-04-26,16:25:00,5.075,5.1,5.05,5.075,5300,0
2017-04-26,16:30:00,5.05,5.075,5.05,5.075,4000,0
2017-04-26,16:35:00,5.075,5.1,5.05,5.05,4640,0
2017-04-26,16:40:00,5.075,5.075,5.05,5.05,5900,0
2017-04-26,16:45:00,5.05,5.075,5.05,5.05,4900,0
2017-04-26,16:50:00,5.05,5.075,5.05,5.075,4400,0
2017-04-26,16:55:00,5.075,5.075,5.05,5.075,6300,0
2017-04-26,17:00:00,5.075,5.075,5.05,5.075,4924,0
2017-04-26,17:05:00,5.075,5.1,5.05,5.1,5676,0
2017-04-26,17:10:00,5.1,5.1,5.075,5.1,3860,0
2017-04-26,17:15:00,5.1,5.1,5.075,5.1,6867,0
2017-04-26,17:20:00,5.1,5.1,5.07,5.075,4637,0
2017-04-26,17:25:00,5.0849,5.1,5.075,5.1,35828,0
2017-04-26,17:30:00,5.075,5.1,5.0722,5.1,5127,0
2017-04-26,17:35:00,5.1,5.1,5.1,5.1,4889,0
2017-04-26,17:40:00,5.1,5.1,5.075,5.1,3703,0
2017-04-26,17:45:00,5.1,5.1,5.075,5.075,2343,0
2017-04-26,17:50:00,5.075,5.1,5.05,5.05,7554,0
2017-04-26,17:55:00,5.075,5.075,5.05,5.075,2890,0
2017-04-26,18:00:00,5.05,5.075,5.05,5.075,2300,0
2017-04-26,18:05:00,5.05,5.075,5.05,5.075,3777,0
2017-04-26,18:10:00,5.075,5.075,5.05,5.05,2260,0
2017-04-26,18:15:00,5.075,5.075,5.05,5.05,2900,0
2017-04-26,18:20:00,5.05,5.075,5.05,5.05,1670,0
2017-04-26,18:25:00,5.075,5.075,5.05,5.075,2440,0
2017-04-26,18:30:00,5.05,5.075,5.05,5.075,1840,0
2017-04-26,18:35:00,5.05,5.075,5.05,5.05,2082,0
2017-04-26,18:40:00,5.05,5.075,5.05,5.05,1863,0
2017-04-26,18:45:00,5.075,5.075,5.05,5.05,2791,0
2017-04-26,18:50:00,5.05,5.075,5.05,5.075,1960,0
2017-04-26,18:55:00,5.05,5.075,5.05,5.05,2490,0
2017-04-26,19:00:00,5.05,5.075,5.05,5.05,1400,0
2017-04-26,19:05:00,5.05,5.075,5.05,5.05,1990,0
2017-04-26,19:10:00,5.075,5.075,5.05,5.05,3893,0
2017-04-26,19:15:00,5.05,5.075,5.025,5.05,35022,0
2017-04-26,19:20:00,5.05,5.05,5.01,5.05,4790,0
2017-04-26,19:25:00,5.025,5.05,5.025,5.05,3521,0
2017-04-26,19:30:00,5.05,5.075,5.05,5.075,10710,0
2017-04-26,19:35:00,5.075,5.075,5.05,5.05,1734,0
2017-04-26,19:40:00,5.075,5.075,5.05,5.05,1766,0
2017-04-26,19:45:00,5.075,5.075,5.05,5.05,2189,0
2017-04-26,19:50:00,5.075,5.075,5.05,5.05,1668,0
2017-04-26,19:55:00,5.075,5.075,5.05,5.075,2314,0
2017-04-26,20:00:00,5.05,5.075,5.05,5.075,1440,0
2017-04-26,20:05:00,5.075,5.0824,5.05,5.05,5090,0
2017-04-26,20:10:00,5.075,5.075,5.05,5.05,2316,0
2017-04-26,20:15:00,5.05,5.075,5.05,5.075,4692,0
2017-04-26,20:20:00,5.05,5.075,5.025,5.075,32773,0
2017-04-26,20:25:00,5.075,5.1,5.05,5.075,3225,0
2017-04-26,20:30:00,5.075,5.075,5.05,5.075,2207,0
2017-04-26,20:35:00,5.075,5.075,5.05,5.075,3379,0
2017-04-26,20:40:00,5.075,5.075,5.05,5.075,2400,0
2017-04-26,20:45:00,5.05,5.075,5.05,5.075,2466,0
2017-04-26,20:50:00,5.075,5.075,5.05,5.075,1732,0
2017-04-26,20:55:00,5.075,5.075,5.05,5.05,3633,0
2017-04-26,21:00:00,5.05,5.1,5.05,5.075,3802,0
2017-04-26,21:05:00,5.1,5.1,5.075,5.075,2557,0
2017-04-26,21:10:00,5.1,5.1,5.075,5.1,7173,0
2017-04-26,21:15:00,5.1,5.1,5.075,5.1,4000,0
2017-04-26,21:20:00,5.1,5.1,5.075,5.075,5553,0
2017-04-26,21:25:00,5.075,5.1,5.075,5.075,6165,0
2017-04-26,21:30:00,5.1,5.1,5.05,5.075,3996,0
2017-04-26,21:35:00,5.1,5.1,5.075,5.1,6251,0
2017-04-26,21:40:00,5.1,5.1,5.075,5.1,9028,0
2017-04-26,21:45:00,5.1,5.1,5.075,5.1,6339,0
2017-04-26,21:50:00,5.1,5.1,5.075,5.075,8428,0
2017-04-26,21:55:00,5.1,5.1,5.075,5.075,10875,0
2017-04-26,22:00:00,5.075,5.1,5.05,5.1,64359,0
