Date,Time,Open,High,Low,Close,Volume,OpenInt
2017-02-24,15:35:00,6.8564,6.8564,6.8564,6.8564,1508,0
2017-02-24,15:50:00,6.8167,6.8563,6.8167,6.8365,1057,0
2017-02-24,15:55:00,6.8166,6.8166,6.7999,6.7999,3417,0
2017-02-24,16:10:00,6.8066,6.8066,6.8066,6.8066,201,0
2017-02-24,16:20:00,6.8081,6.8081,6.8066,6.8066,2653,0
2017-02-24,16:40:00,6.7867,6.7867,6.753,6.753,1643,0
2017-02-24,16:55:00,6.7668,6.7668,6.7469,6.7469,1005,0
2017-02-24,17:15:00,6.7855,6.7855,6.7745,6.7745,1005,0
2017-02-24,17:30:00,6.7569,6.7569,6.7569,6.7569,100,0
2017-02-24,17:35:00,6.7569,6.7569,6.7569,6.7569,905,0
2017-02-24,18:15:00,6.738,6.738,6.738,6.738,3517,0
2017-02-24,18:20:00,6.7668,6.7668,6.7668,6.7668,100,0
2017-02-24,18:30:00,6.757,6.757,6.757,6.757,2010,0
2017-02-24,18:45:00,6.7668,6.7668,6.7668,6.7668,301,0
2017-02-24,18:50:00,6.7531,6.7867,6.7531,6.7867,2481,0
2017-02-24,19:00:00,6.8026,6.8026,6.8026,6.8026,804,0
2017-02-24,19:15:00,6.8163,6.8163,6.8163,6.8163,502,0
2017-02-24,19:30:00,6.7907,6.7907,6.7907,6.7907,1005,0
2017-02-24,20:15:00,6.8165,6.8165,6.8165,6.8165,880,0
2017-02-24,21:05:00,6.7917,6.7917,6.7917,6.7917,100,0
2017-02-24,21:10:00,6.8027,6.8027,6.8027,6.8027,3517,0
2017-02-24,21:20:00,6.7768,6.7768,6.7768,6.7768,100,0
2017-02-24,21:25:00,6.7967,6.7967,6.7967,6.7967,201,0
2017-02-24,21:35:00,6.7668,6.7668,6.7668,6.7668,100,0
2017-02-24,21:50:00,6.7668,6.7808,6.7668,6.7732,1306,0
2017-02-27,15:35:00,6.7668,6.7668,6.7668,6.7668,100,0
2017-02-27,15:40:00,6.7668,6.7668,6.7469,6.7569,5215,0
2017-02-27,15:55:00,6.7599,6.7668,6.7171,6.7667,14438,0
2017-02-27,16:00:00,6.7668,6.7668,6.7469,6.7667,2613,0
2017-02-27,16:10:00,6.727,6.727,6.727,6.727,100,0
2017-02-27,16:20:00,6.728,6.728,6.728,6.728,1306,0
2017-02-27,16:25:00,6.727,6.727,6.727,6.727,201,0
2017-02-27,16:30:00,6.7171,6.7172,6.7171,6.7171,693,0
2017-02-27,16:35:00,6.7071,6.7072,6.7071,6.7072,2010,0
2017-02-27,17:00:00,6.6872,6.6872,6.6872,6.6872,301,0
2017-02-27,17:10:00,6.6773,6.6773,6.6773,6.6773,678,0
2017-02-27,17:15:00,6.6773,6.6773,6.6773,6.6773,603,0
2017-02-27,17:25:00,6.6773,6.6773,6.6773,6.6773,703,0
2017-02-27,17:30:00,6.6773,6.6774,6.6673,6.6673,10551,0
2017-02-27,17:40:00,6.6474,6.6574,6.6275,6.6275,2110,0
2017-02-27,17:45:00,6.6454,6.6454,6.6454,6.6454,301,0
2017-02-27,18:10:00,6.6176,6.6176,6.6176,6.6176,301,0
2017-02-27,18:40:00,6.6187,6.6187,6.5678,6.5679,14430,0
2017-02-27,18:50:00,6.5877,6.5877,6.5877,6.5877,100,0
2017-02-27,18:55:00,6.5893,6.5893,6.5893,6.5893,116,0
2017-02-27,19:05:00,6.5877,6.5877,6.5877,6.5877,1005,0
2017-02-27,19:15:00,6.5678,6.5679,6.538,6.5678,2010,0
2017-02-27,19:20:00,6.5479,6.5479,6.538,6.538,1005,0
2017-02-27,19:25:00,6.5443,6.5443,6.5443,6.5443,854,0
2017-02-27,19:35:00,6.5479,6.5479,6.5479,6.5479,201,0
2017-02-27,19:40:00,6.538,6.5381,6.538,6.5381,201,0
2017-02-27,19:50:00,6.538,6.5529,6.538,6.538,2512,0
2017-02-27,19:55:00,6.5569,6.5578,6.528,6.528,5125,0
2017-02-27,20:00:00,6.5284,6.5334,6.528,6.5334,5291,0
2017-02-27,20:10:00,6.5442,6.5479,6.528,6.528,402,0
2017-02-27,20:15:00,6.5281,6.5479,6.5281,6.5479,1357,0
2017-02-27,20:40:00,6.5678,6.5678,6.5678,6.5678,2010,0
2017-02-27,20:55:00,6.5678,6.5678,6.5678,6.5678,100,0
2017-02-27,21:10:00,6.5678,6.5678,6.5579,6.5678,3266,0
2017-02-27,21:15:00,6.5668,6.5678,6.5664,6.5664,4020,0
2017-02-27,21:20:00,6.5678,6.5877,6.5678,6.5877,1044,0
2017-02-27,21:30:00,6.5877,6.5877,6.5877,6.5877,100,0
2017-02-27,21:40:00,6.5877,6.5877,6.5778,6.5876,4924,0
2017-02-27,21:45:00,6.5877,6.5977,6.5877,6.5977,15767,0
2017-02-27,21:50:00,6.6275,6.6275,6.6275,6.6275,201,0
2017-02-27,21:55:00,6.6275,6.6275,6.6176,6.6176,1105,0
2017-02-27,22:00:00,6.5927,6.5977,6.5927,6.5977,3718,0
2017-02-28,15:35:00,6.6474,6.6474,6.4982,6.519,7352,0
2017-02-28,15:45:00,6.6026,6.6539,6.6026,6.6539,2010,0
2017-02-28,16:20:00,6.518,6.523,6.518,6.523,402,0
2017-02-28,16:40:00,6.518,6.518,6.518,6.518,100,0
2017-02-28,16:45:00,6.518,6.528,6.4882,6.528,2914,0
2017-02-28,17:00:00,6.4882,6.4957,6.4882,6.4957,502,0
2017-02-28,17:05:00,6.4812,6.4812,6.4812,6.4812,975,0
2017-02-28,17:15:00,6.4683,6.4997,6.4683,6.4997,703,0
2017-02-28,17:20:00,6.4783,6.4857,6.4782,6.4857,2311,0
2017-02-28,17:30:00,6.4782,6.4782,6.4782,6.4782,100,0
2017-02-28,17:45:00,6.4782,6.4782,6.4782,6.4782,100,0
2017-02-28,17:50:00,6.4782,6.4782,6.4782,6.4782,100,0
2017-02-28,17:55:00,6.4782,6.4782,6.4782,6.4782,151,0
2017-02-28,18:00:00,6.4683,6.4881,6.4683,6.4881,3115,0
2017-02-28,18:10:00,6.4683,6.4683,6.4683,6.4683,100,0
2017-02-28,18:15:00,6.4683,6.4683,6.4683,6.4683,1173,0
2017-02-28,18:20:00,6.4583,6.4583,6.4583,6.4583,100,0
2017-02-28,18:30:00,6.4583,6.4583,6.4583,6.4583,100,0
2017-02-28,18:35:00,6.4882,6.4882,6.4882,6.4882,100,0
2017-02-28,18:40:00,6.4583,6.4583,6.4583,6.4583,100,0
2017-02-28,18:50:00,6.4683,6.4683,6.4683,6.4683,100,0
2017-02-28,18:55:00,6.4683,6.4877,6.4683,6.4877,703,0
2017-02-28,19:00:00,6.4683,6.4683,6.4683,6.4683,100,0
2017-02-28,19:10:00,6.4782,6.4782,6.4683,6.4683,603,0
2017-02-28,19:20:00,6.4683,6.4683,6.4683,6.4683,100,0
2017-02-28,19:30:00,6.4683,6.4683,6.4683,6.4683,100,0
2017-02-28,20:00:00,6.4683,6.4684,6.4683,6.4684,854,0
2017-02-28,20:10:00,6.4683,6.4846,6.4583,6.4583,1059,0
2017-02-28,20:20:00,6.4583,6.4583,6.4583,6.4583,375,0
2017-02-28,20:30:00,6.4583,6.4583,6.4583,6.4583,100,0
2017-02-28,20:40:00,6.4583,6.4583,6.4583,6.4583,100,0
2017-02-28,20:45:00,6.4683,6.4683,6.4583,6.4583,804,0
2017-02-28,20:50:00,6.4583,6.4583,6.4282,6.4282,3715,0
2017-02-28,20:55:00,6.4285,6.4384,6.4285,6.4384,402,0
2017-02-28,21:00:00,6.4384,6.4384,6.4187,6.4187,603,0
2017-02-28,21:05:00,6.4201,6.4285,6.4201,6.4285,301,0
2017-02-28,21:10:00,6.4285,6.4364,6.4285,6.4285,3216,0
2017-02-28,21:15:00,6.4384,6.4384,6.4384,6.4384,100,0
2017-02-28,21:20:00,6.4235,6.4285,6.4235,6.4285,301,0
2017-02-28,21:30:00,6.4185,6.4285,6.4185,6.4285,2412,0
2017-02-28,21:45:00,6.4484,6.4683,6.4484,6.4683,359,0
2017-02-28,21:50:00,6.4484,6.4583,6.4484,6.4583,492,0
2017-02-28,21:55:00,6.4583,6.4583,6.4484,6.4583,402,0
2017-02-28,22:00:00,6.4484,6.4573,6.4285,6.4484,2162,0
2017-03-01,15:35:00,6.4683,6.4683,6.4683,6.4683,402,0
2017-03-01,15:40:00,6.4583,6.4583,6.4583,6.4583,100,0
2017-03-01,15:45:00,6.4186,6.4186,6.4186,6.4186,100,0
2017-03-01,16:00:00,6.4383,6.4384,6.435,6.435,965,0
2017-03-01,16:10:00,6.4286,6.4286,6.4286,6.4286,1407,0
2017-03-01,16:15:00,6.4335,6.4335,6.4286,6.4286,502,0
2017-03-01,16:20:00,6.4292,6.4292,6.4285,6.4285,603,0
2017-03-01,16:35:00,6.4285,6.4286,6.4285,6.4285,915,0
2017-03-01,16:40:00,6.4285,6.4286,6.4086,6.4086,4958,0
2017-03-01,16:45:00,6.4185,6.4185,6.4185,6.4185,100,0
2017-03-01,17:20:00,6.4185,6.4185,6.4185,6.4185,201,0
2017-03-01,17:30:00,6.4185,6.4185,6.3952,6.3952,402,0
2017-03-01,17:50:00,6.4185,6.4185,6.3902,6.3902,1708,0
2017-03-01,18:10:00,6.4185,6.4285,6.3986,6.3986,4522,0
2017-03-01,18:15:00,6.4285,6.4395,6.4285,6.4385,1256,0
2017-03-01,18:30:00,6.4495,6.4495,6.4495,6.4495,201,0
2017-03-01,18:45:00,6.4573,6.4573,6.4573,6.4573,151,0
2017-03-01,18:50:00,6.4583,6.4583,6.4583,6.4583,100,0
2017-03-01,18:55:00,6.4531,6.4531,6.4531,6.4531,301,0
2017-03-01,19:05:00,6.4497,6.4497,6.4497,6.4497,301,0
2017-03-01,19:15:00,6.4484,6.4581,6.4484,6.4581,368,0
2017-03-01,19:20:00,6.4484,6.4484,6.4484,6.4484,1608,0
2017-03-01,19:35:00,6.453,6.453,6.453,6.453,502,0
2017-03-01,19:40:00,6.4471,6.4471,6.4471,6.4471,854,0
2017-03-01,20:10:00,6.4288,6.4288,6.4285,6.4285,4221,0
2017-03-01,20:25:00,6.4388,6.4388,6.4388,6.4388,155,0
2017-03-01,20:45:00,6.4384,6.4384,6.4384,6.4384,100,0
2017-03-01,21:00:00,6.4285,6.4285,6.4186,6.4285,1407,0
2017-03-01,21:05:00,6.4335,6.4384,6.4335,6.4376,301,0
2017-03-01,21:15:00,6.4369,6.4369,6.4369,6.4369,201,0
2017-03-01,21:45:00,6.4285,6.4285,6.4285,6.4285,100,0
2017-03-01,21:50:00,6.4285,6.4285,6.4201,6.4201,301,0
2017-03-01,21:55:00,6.4185,6.4196,6.4086,6.4196,3547,0
2017-03-01,22:00:00,6.4384,6.4384,6.4285,6.4285,2137,0
2017-03-02,15:35:00,6.3986,6.3986,6.3986,6.3986,333,0
2017-03-02,15:45:00,6.4285,6.4285,6.4285,6.4285,301,0
2017-03-02,15:50:00,6.4281,6.4285,6.4281,6.4285,1055,0
2017-03-02,16:00:00,6.4285,6.4484,6.4285,6.4484,452,0
2017-03-02,16:05:00,6.451,6.451,6.451,6.451,1556,0
2017-03-02,16:10:00,6.4509,6.4509,6.4509,6.4509,100,0
2017-03-02,16:55:00,6.4623,6.4623,6.4534,6.4534,1005,0
2017-03-02,17:15:00,6.4583,6.4583,6.4583,6.4583,100,0
2017-03-02,17:20:00,6.4484,6.4974,6.4484,6.4974,1507,0
2017-03-02,17:25:00,6.4583,6.4583,6.4583,6.4583,100,0
2017-03-02,17:40:00,6.4582,6.4583,6.4489,6.4489,652,0
2017-03-02,17:50:00,6.4583,6.4583,6.4583,6.4583,100,0
2017-03-02,18:05:00,6.4583,6.4583,6.4583,6.4583,100,0
2017-03-02,18:30:00,6.4515,6.4515,6.4464,6.4464,1156,0
2017-03-02,18:40:00,6.4583,6.4583,6.4484,6.4484,402,0
2017-03-02,19:05:00,6.4384,6.4384,6.4384,6.4384,301,0
2017-03-02,19:15:00,6.4427,6.4484,6.4427,6.4484,1186,0
2017-03-02,19:25:00,6.4443,6.4443,6.4443,6.4443,229,0
2017-03-02,20:20:00,6.4583,6.4583,6.4384,6.4384,402,0
2017-03-02,20:25:00,6.4474,6.4474,6.4474,6.4474,151,0
2017-03-02,20:35:00,6.4384,6.4384,6.4384,6.4384,100,0
2017-03-02,20:45:00,6.43,6.43,6.4285,6.4285,201,0
2017-03-02,21:00:00,6.4554,6.4554,6.4285,6.4285,883,0
2017-03-02,21:25:00,6.4286,6.4286,6.4285,6.4285,3618,0
2017-03-02,21:30:00,6.4185,6.4185,6.4185,6.4185,201,0
2017-03-02,21:35:00,6.4285,6.4285,6.4285,6.4285,100,0
2017-03-02,21:50:00,6.4484,6.4484,6.4484,6.4484,100,0
2017-03-02,21:55:00,6.4484,6.4484,6.3887,6.3887,9597,0
2017-03-02,22:00:00,6.4185,6.4185,6.3986,6.4185,600,0
2017-03-03,16:05:00,6.3887,6.3889,6.3887,6.3889,1415,0
2017-03-03,16:10:00,6.3688,6.3688,6.2991,6.2991,3509,0
2017-03-03,16:25:00,6.3189,6.3189,6.3189,6.3189,1005,0
2017-03-03,17:00:00,6.3065,6.3065,6.3065,6.3065,1507,0
2017-03-03,17:05:00,6.318,6.319,6.3071,6.3189,2512,0
2017-03-03,17:40:00,6.319,6.319,6.319,6.319,1247,0
2017-03-03,18:00:00,6.319,6.319,6.319,6.319,301,0
2017-03-03,18:10:00,6.3196,6.3196,6.3196,6.3196,703,0
2017-03-03,18:30:00,6.3155,6.3155,6.3155,6.3155,151,0
2017-03-03,20:00:00,6.3887,6.3887,6.3762,6.3762,1005,0
2017-03-03,20:15:00,6.3786,6.3786,6.3786,6.3786,393,0
2017-03-03,21:50:00,6.3596,6.3596,6.3596,6.3596,301,0
2017-03-03,21:55:00,6.329,6.329,6.329,6.329,527,0
2017-03-03,22:00:00,6.319,6.319,6.319,6.319,334,0
2017-03-06,15:35:00,6.3489,6.3489,6.3092,6.3092,1251,0
2017-03-06,16:20:00,6.3442,6.3442,6.329,6.329,1167,0
2017-03-06,16:55:00,6.329,6.329,6.329,6.329,100,0
2017-03-06,17:00:00,6.329,6.329,6.329,6.329,201,0
2017-03-06,17:05:00,6.3236,6.3236,6.3236,6.3236,1909,0
2017-03-06,17:10:00,6.3238,6.3238,6.3238,6.3238,1005,0
2017-03-06,17:40:00,6.329,6.329,6.329,6.329,1005,0
2017-03-06,18:25:00,6.329,6.329,6.3192,6.3192,985,0
2017-03-06,18:30:00,6.3359,6.3389,6.3359,6.3381,1909,0
2017-03-06,18:35:00,6.3399,6.3405,6.3389,6.3405,1939,0
2017-03-06,18:40:00,6.3527,6.3576,6.3527,6.3576,4020,0
2017-03-06,18:50:00,6.339,6.339,6.339,6.339,2806,0
2017-03-06,19:35:00,6.3425,6.3425,6.3425,6.3425,789,0
2017-03-06,19:40:00,6.3588,6.3588,6.3429,6.3429,1005,0
2017-03-06,20:45:00,6.3405,6.3405,6.3405,6.3405,100,0
2017-03-06,21:05:00,6.3389,6.3389,6.3389,6.3389,201,0
2017-03-06,21:10:00,6.3359,6.3489,6.3359,6.3381,1507,0
2017-03-06,21:15:00,6.3459,6.3481,6.33,6.33,1708,0
2017-03-06,21:20:00,6.329,6.3389,6.329,6.3389,603,0
2017-03-06,21:25:00,6.3432,6.3432,6.319,6.319,502,0
2017-03-06,21:30:00,6.319,6.319,6.319,6.319,402,0
2017-03-06,21:35:00,6.319,6.319,6.319,6.319,402,0
2017-03-06,21:40:00,6.319,6.319,6.319,6.319,402,0
2017-03-06,21:45:00,6.319,6.319,6.319,6.319,402,0
2017-03-06,21:50:00,6.319,6.319,6.319,6.319,1105,0
2017-03-06,21:55:00,6.319,6.319,6.319,6.319,402,0
2017-03-06,22:00:00,6.319,6.3389,6.319,6.319,2010,0
2017-03-07,15:35:00,6.2892,6.2892,6.2892,6.2892,100,0
2017-03-07,16:30:00,6.3091,6.3091,6.3091,6.3091,502,0
2017-03-07,16:40:00,6.2991,6.2991,6.2991,6.2991,301,0
2017-03-07,17:10:00,6.3018,6.3018,6.3018,6.3018,1005,0
2017-03-07,18:15:00,6.299,6.299,6.2926,6.2926,320,0
2017-03-07,18:45:00,6.2754,6.2754,6.2754,6.2754,201,0
2017-03-07,19:05:00,6.2824,6.2892,6.2792,6.2792,2110,0
2017-03-07,19:25:00,6.2891,6.2891,6.2849,6.2849,1407,0
2017-03-07,20:30:00,6.2703,6.2703,6.2703,6.2703,2010,0
2017-03-07,21:00:00,6.2991,6.2991,6.2991,6.2991,100,0
2017-03-07,21:50:00,6.2923,6.2923,6.2923,6.2923,156,0
2017-03-07,22:00:00,6.2991,6.2991,6.2792,6.2813,1105,0
2017-03-08,15:35:00,6.3489,6.3489,6.3489,6.3489,100,0
2017-03-08,16:00:00,6.3688,6.3688,6.3688,6.3688,100,0
2017-03-08,17:05:00,6.3051,6.3051,6.3051,6.3051,1507,0
2017-03-08,17:55:00,6.299,6.2991,6.299,6.2991,502,0
2017-03-08,18:00:00,6.2991,6.2991,6.2991,6.2991,100,0
2017-03-08,18:55:00,6.3352,6.3352,6.3352,6.3352,121,0
2017-03-08,19:15:00,6.2991,6.2991,6.2792,6.2867,1909,0
2017-03-08,20:00:00,6.2917,6.2917,6.2917,6.2917,201,0
2017-03-08,20:15:00,6.2693,6.2693,6.2693,6.2693,125,0
2017-03-08,20:25:00,6.2792,6.2792,6.2792,6.2792,201,0
2017-03-08,20:55:00,6.2991,6.329,6.2991,6.3091,904,0
2017-03-08,21:15:00,6.3087,6.3087,6.3087,6.3087,402,0
2017-03-08,21:25:00,6.318,6.318,6.2892,6.2892,1598,0
2017-03-08,22:00:00,6.2693,6.2693,6.2693,6.2693,100,0
2017-03-09,15:35:00,6.319,6.319,6.319,6.319,416,0
2017-03-09,16:00:00,6.2946,6.2946,6.2946,6.2946,100,0
2017-03-09,16:20:00,6.2693,6.2693,6.2693,6.2693,100,0
2017-03-09,16:35:00,6.2694,6.2707,6.2693,6.2693,2512,0
2017-03-09,16:50:00,6.2693,6.2693,6.2205,6.2205,4874,0
2017-03-09,17:00:00,6.2204,6.2204,6.2204,6.2204,301,0
2017-03-09,17:05:00,6.2301,6.2301,6.1996,6.1996,4120,0
2017-03-09,17:35:00,6.2583,6.2583,6.2494,6.2494,1701,0
2017-03-09,17:50:00,6.2698,6.2698,6.2698,6.2698,1005,0
2017-03-09,19:10:00,6.2683,6.2683,6.2494,6.2494,1105,0
2017-03-09,19:15:00,6.2697,6.2697,6.2697,6.2697,1608,0
2017-03-09,19:35:00,6.2633,6.2633,6.2593,6.2593,1105,0
2017-03-09,20:05:00,6.2791,6.2791,6.2791,6.2791,804,0
2017-03-09,20:20:00,6.2639,6.2639,6.2639,6.2639,2010,0
2017-03-09,21:25:00,6.2762,6.2784,6.2762,6.2784,201,0
2017-03-10,15:35:00,6.2394,6.2394,6.2394,6.2394,1191,0
2017-03-10,17:05:00,6.2593,6.2593,6.2394,6.2394,703,0
2017-03-10,17:30:00,6.2434,6.2434,6.2434,6.2434,201,0
2017-03-10,17:35:00,6.2402,6.2402,6.2402,6.2402,802,0
2017-03-10,17:40:00,6.2395,6.2395,6.2395,6.2395,201,0
2017-03-10,17:50:00,6.2394,6.2463,6.1996,6.1996,7488,0
2017-03-10,17:55:00,6.1996,6.2061,6.1699,6.1699,2261,0
2017-03-10,18:00:00,6.1995,6.1995,6.1995,6.1995,804,0
2017-03-10,18:05:00,6.1798,6.1798,6.1798,6.1798,100,0
2017-03-10,18:20:00,6.1986,6.1986,6.1798,6.1798,201,0
2017-03-10,18:25:00,6.1829,6.1829,6.12,6.12,5125,0
2017-03-10,18:35:00,6.1301,6.1301,6.1301,6.1301,100,0
2017-03-10,18:45:00,6.1301,6.1301,6.13,6.13,1005,0
2017-03-10,18:50:00,6.1301,6.1301,6.1301,6.1301,100,0
2017-03-10,18:55:00,6.1399,6.1399,6.1399,6.1399,502,0
2017-03-10,19:00:00,6.1399,6.1399,6.13,6.13,201,0
2017-03-10,19:05:00,6.1201,6.1399,6.1201,6.1399,301,0
2017-03-10,19:25:00,6.1399,6.1399,6.1349,6.1397,1422,0
2017-03-10,19:30:00,6.1598,6.1598,6.1598,6.1598,100,0
2017-03-10,19:50:00,6.1499,6.1499,6.1499,6.1499,100,0
2017-03-10,20:00:00,6.1499,6.1499,6.1499,6.1499,100,0
2017-03-10,20:05:00,6.1796,6.1796,6.1796,6.1796,405,0
2017-03-10,20:15:00,6.1499,6.1797,6.1499,6.1797,502,0
2017-03-10,20:25:00,6.1797,6.1797,6.1698,6.1698,201,0
2017-03-10,20:30:00,6.2096,6.2096,6.1897,6.1897,201,0
2017-03-10,20:40:00,6.1898,6.1898,6.1898,6.1898,100,0
2017-03-10,21:00:00,6.1916,6.1916,6.1916,6.1916,502,0
2017-03-10,21:10:00,6.1699,6.1699,6.1699,6.1699,100,0
2017-03-10,21:20:00,6.2075,6.2075,6.1798,6.1798,262,0
2017-03-10,21:25:00,6.1904,6.1904,6.1904,6.1904,100,0
2017-03-10,21:30:00,6.1797,6.1797,6.1797,6.1797,100,0
2017-03-10,21:35:00,6.1598,6.1608,6.1598,6.1599,2291,0
2017-03-10,21:40:00,6.1598,6.1598,6.1598,6.1598,100,0
2017-03-10,21:45:00,6.1598,6.1598,6.1399,6.1399,502,0
2017-03-10,21:50:00,6.1598,6.1599,6.1598,6.1599,201,0
2017-03-10,21:55:00,6.1599,6.1599,6.1599,6.1599,100,0
2017-03-10,22:00:00,6.1698,6.1897,6.1698,6.1698,1105,0
2017-03-13,14:35:00,6.13,6.13,6.13,6.13,252,0
2017-03-13,14:55:00,6.1784,6.1784,6.1784,6.1784,301,0
2017-03-13,15:00:00,6.1634,6.1634,6.1634,6.1634,1005,0
2017-03-13,15:05:00,6.1698,6.1698,6.1698,6.1698,226,0
2017-03-13,15:10:00,6.1698,6.1698,6.1698,6.1698,201,0
2017-03-13,15:15:00,6.1824,6.1824,6.1824,6.1824,1005,0
2017-03-13,16:05:00,6.1727,6.1817,6.1727,6.1817,1131,0
2017-03-13,16:10:00,6.1741,6.1741,6.1741,6.1741,502,0
2017-03-13,16:15:00,6.1696,6.1797,6.1678,6.1797,1733,0
2017-03-13,16:20:00,6.1607,6.1797,6.1598,6.1797,2311,0
2017-03-13,16:55:00,6.1698,6.1698,6.1674,6.1674,603,0
2017-03-13,17:10:00,6.1698,6.1698,6.1698,6.1698,100,0
2017-03-13,17:15:00,6.1598,6.166,6.1598,6.166,1809,0
2017-03-13,17:25:00,6.1698,6.1698,6.1698,6.1698,100,0
2017-03-13,18:50:00,6.1698,6.1698,6.1698,6.1698,100,0
2017-03-13,18:55:00,6.1698,6.1698,6.1698,6.1698,201,0
2017-03-13,19:55:00,6.1598,6.1599,6.13,6.1399,836,0
2017-03-13,20:05:00,6.1399,6.1399,6.1399,6.1399,100,0
2017-03-13,20:20:00,6.1379,6.1379,6.1379,6.1379,884,0
2017-03-13,21:00:00,6.1399,6.1399,6.1399,6.1399,221,0
2017-03-14,14:35:00,6.13,6.13,6.13,6.13,100,0
2017-03-14,15:25:00,6.12,6.1379,6.0702,6.0702,6281,0
2017-03-14,15:35:00,6.0862,6.0862,6.0503,6.0603,3618,0
2017-03-14,15:45:00,6.0788,6.0788,6.0788,6.0788,1005,0
2017-03-14,16:00:00,6.0603,6.0603,6.0603,6.0603,100,0
2017-03-14,16:25:00,6.0802,6.0802,6.0802,6.0802,100,0
2017-03-14,16:30:00,6.0802,6.0802,6.0802,6.0802,1005,0
2017-03-14,16:45:00,6.0901,6.0901,6.0901,6.0901,1105,0
2017-03-14,16:50:00,6.0605,6.0605,6.0605,6.0605,804,0
2017-03-14,17:45:00,6.0802,6.0802,6.0802,6.0802,427,0
2017-03-14,18:35:00,6.0802,6.0802,6.0503,6.0702,10350,0
2017-03-14,18:55:00,6.0702,6.0702,6.0702,6.0702,100,0
2017-03-14,19:00:00,6.0702,6.0702,6.0702,6.0702,100,0
2017-03-14,19:25:00,6.1633,6.1633,6.1633,6.1633,251,0
2017-03-14,21:00:00,6.1001,6.1001,6.1001,6.1001,201,0
2017-03-15,14:35:00,6.0702,6.0702,6.0702,6.0702,1006,0
2017-03-15,14:55:00,6.0711,6.0711,6.0711,6.0711,603,0
2017-03-15,15:20:00,6.114,6.114,6.114,6.114,118,0
2017-03-15,15:25:00,6.13,6.1499,6.11,6.1499,1470,0
2017-03-15,15:40:00,6.1399,6.1399,6.1399,6.1399,100,0
2017-03-15,16:00:00,6.1201,6.1201,6.1201,6.1201,1407,0
2017-03-15,16:10:00,6.1598,6.1598,6.1399,6.1399,201,0
2017-03-15,16:15:00,6.1698,6.2194,6.1698,6.2194,2010,0
2017-03-15,16:20:00,6.1996,6.1996,6.1996,6.1996,100,0
2017-03-15,16:30:00,6.1897,6.1897,6.1897,6.1897,100,0
2017-03-15,16:55:00,6.1897,6.1898,6.1897,6.1897,3115,0
2017-03-15,17:20:00,6.1797,6.1807,6.1698,6.1708,1608,0
2017-03-15,17:25:00,6.1797,6.1797,6.1698,6.1698,427,0
2017-03-15,18:05:00,6.1897,6.1897,6.1897,6.1897,100,0
2017-03-15,18:10:00,6.1797,6.1797,6.1797,6.1797,201,0
2017-03-15,18:15:00,6.1737,6.1737,6.1737,6.1737,603,0
2017-03-15,18:20:00,6.1797,6.1797,6.1797,6.1797,201,0
2017-03-15,18:25:00,6.1737,6.1737,6.1737,6.1737,661,0
2017-03-15,18:35:00,6.1797,6.1797,6.1797,6.1797,100,0
2017-03-15,18:45:00,6.1797,6.1797,6.1797,6.1797,301,0
2017-03-15,18:50:00,6.1698,6.1797,6.1698,6.1797,201,0
2017-03-15,18:55:00,6.1797,6.1797,6.1797,6.1797,100,0
2017-03-15,19:00:00,6.1698,6.1698,6.1698,6.1698,1005,0
2017-03-15,19:05:00,6.1598,6.1598,6.1598,6.1598,100,0
2017-03-15,19:30:00,6.1301,6.1301,6.1301,6.1301,1005,0
2017-03-15,19:40:00,6.1499,6.1499,6.1499,6.1499,100,0
2017-03-15,19:55:00,6.1364,6.1364,6.1364,6.1364,100,0
2017-03-15,20:15:00,6.13,6.1301,6.0901,6.0901,16101,0
2017-03-15,20:20:00,6.0802,6.0802,6.0802,6.0802,100,0
2017-03-15,20:50:00,6.0901,6.0901,6.0702,6.0702,1608,0
2017-03-15,20:55:00,6.0802,6.0802,6.0702,6.0802,502,0
2017-03-15,21:00:00,6.0802,6.0802,6.0503,6.0603,1789,0
2017-03-16,14:35:00,6.0205,6.0304,6.0205,6.0304,1612,0
2017-03-16,14:40:00,6.0862,6.0862,6.0862,6.0862,502,0
2017-03-16,15:05:00,6.1196,6.1196,6.1196,6.1196,1202,0
2017-03-16,15:25:00,6.11,6.11,6.11,6.11,603,0
2017-03-16,15:30:00,6.1553,6.1553,6.1553,6.1553,269,0
2017-03-16,15:40:00,6.1399,6.14,6.0802,6.0802,8039,0
2017-03-16,15:50:00,6.0901,6.0901,6.0901,6.0901,201,0
2017-03-16,15:55:00,6.0901,6.1158,6.0901,6.1158,1105,0
2017-03-16,16:20:00,6.13,6.13,6.13,6.13,100,0
2017-03-16,17:25:00,6.1213,6.1399,6.1213,6.1399,603,0
2017-03-16,17:35:00,6.13,6.13,6.13,6.13,100,0
2017-03-16,17:40:00,6.1399,6.1399,6.1399,6.1399,201,0
2017-03-16,17:45:00,6.1396,6.1396,6.1396,6.1396,169,0
2017-03-16,18:15:00,6.1156,6.1156,6.1156,6.1156,502,0
2017-03-16,18:35:00,6.1598,6.1598,6.1499,6.1499,201,0
2017-03-16,18:45:00,6.0922,6.0922,6.0922,6.0922,251,0
2017-03-16,19:55:00,6.151,6.151,6.151,6.151,100,0
2017-03-16,20:10:00,6.1698,6.1698,6.1598,6.1698,402,0
2017-03-16,20:25:00,6.1698,6.1698,6.1598,6.1598,301,0
2017-03-16,20:45:00,6.1698,6.1698,6.1598,6.1598,201,0
2017-03-16,20:50:00,6.1698,6.1698,6.1698,6.1698,100,0
2017-03-16,20:55:00,6.1698,6.1698,6.1499,6.1618,2412,0
2017-03-16,21:00:00,6.1564,6.1564,6.1399,6.1399,1360,0
2017-03-17,14:35:00,6.0901,6.128,6.0802,6.1001,2244,0
2017-03-17,14:40:00,6.1001,6.1001,6.1001,6.1001,402,0
2017-03-17,15:00:00,6.0901,6.0901,6.0901,6.0901,100,0
2017-03-17,15:25:00,6.1393,6.1393,6.0802,6.0802,3115,0
2017-03-17,15:55:00,6.1001,6.1001,6.1001,6.1001,100,0
2017-03-17,16:00:00,6.13,6.13,6.13,6.13,100,0
2017-03-17,16:40:00,6.13,6.1399,6.13,6.1399,301,0
2017-03-17,17:00:00,6.1499,6.1499,6.1402,6.1402,1105,0
2017-03-17,17:20:00,6.1434,6.1499,6.1434,6.1499,804,0
2017-03-17,17:30:00,6.1499,6.1499,6.1499,6.1499,100,0
2017-03-17,17:35:00,6.1399,6.1399,6.1399,6.1399,1256,0
2017-03-17,17:45:00,6.1499,6.1499,6.1498,6.1498,1809,0
2017-03-17,17:50:00,6.1499,6.1499,6.1499,6.1499,100,0
2017-03-17,18:10:00,6.1499,6.1499,6.1499,6.1499,100,0
2017-03-17,18:20:00,6.1499,6.1499,6.1499,6.1499,804,0
2017-03-17,18:40:00,6.1582,6.1582,6.1582,6.1582,1296,0
2017-03-17,18:45:00,6.1548,6.1698,6.1399,6.1598,9084,0
2017-03-17,19:05:00,6.1578,6.1578,6.1578,6.1578,100,0
2017-03-17,19:10:00,6.1688,6.1688,6.1688,6.1688,201,0
2017-03-17,19:20:00,6.1698,6.1698,6.1698,6.1698,402,0
2017-03-17,20:00:00,6.1598,6.1598,6.1598,6.1598,100,0
2017-03-17,20:10:00,6.1698,6.1698,6.1698,6.1698,201,0
2017-03-17,20:15:00,6.1657,6.1698,6.1657,6.1698,502,0
2017-03-17,20:35:00,6.1698,6.1698,6.1698,6.1698,100,0
2017-03-17,20:40:00,6.1598,6.1598,6.1598,6.1598,100,0
2017-03-17,20:50:00,6.1698,6.1698,6.1698,6.1698,100,0
2017-03-17,20:55:00,6.1698,6.1797,6.1648,6.1797,2372,0
2017-03-17,21:00:00,6.1797,6.1797,6.1797,6.1797,301,0
2017-03-20,14:35:00,6.13,6.13,6.13,6.13,502,0
2017-03-20,15:30:00,6.1568,6.1568,6.1568,6.1568,100,0
2017-03-20,16:15:00,6.1598,6.1698,6.1598,6.1698,221,0
2017-03-20,16:25:00,6.1599,6.1897,6.1598,6.1897,2291,0
2017-03-20,16:35:00,6.1499,6.1499,6.1499,6.1499,241,0
2017-03-20,16:40:00,6.1499,6.1499,6.1499,6.1499,100,0
2017-03-20,17:00:00,6.1598,6.1599,6.1499,6.1499,1559,0
2017-03-20,17:30:00,6.1797,6.1797,6.1797,6.1797,100,0
2017-03-20,17:55:00,6.1914,6.1914,6.1914,6.1914,100,0
2017-03-20,18:20:00,6.2195,6.2195,6.2195,6.2195,100,0
2017-03-20,18:45:00,6.2096,6.2096,6.2096,6.2096,100,0
2017-03-20,19:35:00,6.2048,6.2048,6.202,6.202,3231,0
2017-03-20,19:45:00,6.2195,6.2195,6.2195,6.2195,100,0
2017-03-20,20:10:00,6.1996,6.1996,6.1996,6.1996,100,0
2017-03-20,20:35:00,6.2111,6.2195,6.2111,6.2195,603,0
2017-03-20,20:45:00,6.1996,6.2096,6.1996,6.2096,201,0
2017-03-20,20:50:00,6.1996,6.1996,6.1996,6.1996,100,0
2017-03-20,20:55:00,6.1996,6.1996,6.1996,6.1996,904,0
2017-03-20,21:00:00,6.1699,6.2195,6.1699,6.2195,1703,0
2017-03-21,14:35:00,6.2295,6.2295,6.1797,6.1797,201,0
2017-03-21,15:50:00,6.2275,6.2295,6.2275,6.2295,201,0
2017-03-21,16:10:00,6.1897,6.1897,6.1897,6.1897,100,0
2017-03-21,16:25:00,6.1897,6.1897,6.1797,6.1897,301,0
2017-03-21,16:30:00,6.2046,6.2046,6.2046,6.2046,106,0
2017-03-21,16:45:00,6.1897,6.1898,6.1897,6.1898,804,0
2017-03-21,16:55:00,6.1985,6.1985,6.1985,6.1985,161,0
2017-03-21,17:10:00,6.2096,6.2096,6.2096,6.2096,100,0
2017-03-21,17:50:00,6.1856,6.1856,6.1856,6.1856,2010,0
2017-03-21,18:10:00,6.1797,6.1797,6.1698,6.1698,986,0
2017-03-21,18:15:00,6.1518,6.1598,6.1518,6.1598,603,0
2017-03-21,18:55:00,6.1598,6.1598,6.1598,6.1598,201,0
2017-03-21,19:05:00,6.1558,6.1558,6.1558,6.1558,1005,0
2017-03-21,20:25:00,6.1638,6.1638,6.1638,6.1638,372,0
2017-03-21,20:30:00,6.1499,6.1499,6.1499,6.1499,100,0
2017-03-21,20:35:00,6.1399,6.1399,6.1399,6.1399,100,0
2017-03-21,20:50:00,6.13,6.13,6.12,6.1232,1608,0
2017-03-21,21:00:00,6.12,6.12,6.12,6.12,201,0
2017-03-22,14:35:00,6.0702,6.0702,6.0304,6.0304,3095,0
2017-03-22,14:40:00,6.0205,6.0205,6.0205,6.0205,502,0
2017-03-22,14:55:00,6.0305,6.0305,6.0304,6.0304,2512,0
2017-03-22,15:15:00,6.0534,6.0534,6.0534,6.0534,502,0
2017-03-22,15:25:00,6.0503,6.0503,6.0503,6.0503,1005,0
2017-03-22,15:30:00,6.0603,6.0702,6.0603,6.0702,502,0
2017-03-22,15:35:00,6.0702,6.0702,6.0702,6.0702,100,0
2017-03-22,15:50:00,6.0702,6.0802,6.0702,6.0802,402,0
2017-03-22,15:55:00,6.0802,6.1001,6.0801,6.1001,2110,0
2017-03-22,16:10:00,6.107,6.107,6.1001,6.1001,854,0
2017-03-22,16:25:00,6.1045,6.1045,6.1021,6.1021,1005,0
2017-03-22,16:40:00,6.1001,6.1001,6.1001,6.1001,100,0
2017-03-22,17:05:00,6.1001,6.1001,6.1001,6.1001,100,0
2017-03-22,17:30:00,6.0689,6.0689,6.0604,6.0604,201,0
2017-03-22,17:45:00,6.0603,6.0603,6.0603,6.0603,100,0
2017-03-22,18:05:00,6.0503,6.0503,6.0503,6.0503,402,0
2017-03-22,18:25:00,6.066,6.066,6.066,6.066,1005,0
2017-03-22,19:05:00,6.0504,6.0565,6.0503,6.0564,3430,0
2017-03-22,19:15:00,6.0503,6.0702,6.0503,6.0702,4020,0
2017-03-22,19:20:00,6.0404,6.0404,6.0304,6.0304,301,0
2017-03-22,19:50:00,6.0404,6.0404,6.0404,6.0404,301,0
2017-03-22,20:45:00,6.0601,6.0601,6.0601,6.0601,100,0
2017-03-22,20:55:00,6.0531,6.0531,6.0531,6.0531,2010,0
2017-03-22,21:00:00,6.0603,6.0603,6.0603,6.0603,100,0
2017-03-23,14:35:00,6.0404,6.0404,6.0404,6.0404,418,0
2017-03-23,14:55:00,6.0722,6.0722,6.0722,6.0722,1389,0
2017-03-23,15:40:00,6.131,6.131,6.131,6.131,166,0
2017-03-23,16:30:00,6.1029,6.1029,6.1029,6.1029,1005,0
2017-03-23,16:40:00,6.0894,6.0894,6.0894,6.0894,502,0
2017-03-23,17:05:00,6.11,6.11,6.11,6.11,100,0
2017-03-23,17:20:00,6.0712,6.0732,6.0712,6.0732,762,0
2017-03-23,17:30:00,6.0762,6.0762,6.0762,6.0762,824,0
2017-03-23,17:40:00,6.0874,6.0874,6.0874,6.0874,502,0
2017-03-23,18:05:00,6.0802,6.0802,6.0802,6.0802,100,0
2017-03-23,18:15:00,6.0892,6.119,6.081,6.1108,3130,0
2017-03-23,18:25:00,6.0901,6.0901,6.0901,6.0901,100,0
2017-03-23,18:55:00,6.0901,6.0901,6.0901,6.0901,201,0
2017-03-23,19:20:00,6.0802,6.0867,6.0702,6.0703,4924,0
2017-03-23,20:30:00,6.0702,6.0802,6.0702,6.0802,603,0
2017-03-23,20:45:00,6.0702,6.0703,6.0702,6.0703,2010,0
2017-03-23,20:55:00,6.0743,6.0743,6.0743,6.0743,502,0
2017-03-23,21:00:00,6.0901,6.0901,6.0901,6.0901,201,0
2017-03-24,14:35:00,6.13,6.13,6.13,6.13,251,0
2017-03-24,16:50:00,6.1198,6.1198,6.1198,6.1198,1631,0
2017-03-24,17:30:00,6.0921,6.0921,6.0921,6.0921,502,0
2017-03-24,17:50:00,6.0901,6.0901,6.0901,6.0901,201,0
2017-03-24,18:35:00,6.0664,6.0664,6.0664,6.0664,502,0
2017-03-24,18:45:00,6.0504,6.0504,6.0503,6.0503,1226,0
2017-03-24,19:30:00,6.0503,6.0503,6.0503,6.0503,100,0
2017-03-24,19:45:00,6.0603,6.0702,6.0603,6.0702,322,0
2017-03-24,20:35:00,6.0633,6.0633,6.0603,6.0611,406,0
2017-03-24,21:00:00,6.0702,6.0846,6.0702,6.0846,824,0
2017-03-27,15:35:00,6.0503,6.0503,6.0503,6.0503,214,0
2017-03-27,15:50:00,6.0504,6.0504,6.0504,6.0504,1507,0
2017-03-27,16:00:00,6.0802,6.0802,6.0802,6.0802,251,0
2017-03-27,16:10:00,6.0503,6.0503,6.0495,6.0495,1733,0
2017-03-27,16:30:00,6.0404,6.0404,6.0205,6.0205,301,0
2017-03-27,17:10:00,6.0651,6.0651,6.0651,6.0651,502,0
2017-03-27,17:25:00,6.0532,6.0532,6.0205,6.0205,5984,0
2017-03-27,17:30:00,6.0205,6.0404,6.0205,6.0404,703,0
2017-03-27,17:35:00,6.0304,6.0404,6.0304,6.0404,1763,0
2017-03-27,17:40:00,6.0205,6.0603,6.0205,6.0205,3423,0
2017-03-27,17:50:00,6.0205,6.0205,6.0205,6.0205,904,0
2017-03-27,17:55:00,6.0539,6.0539,6.0539,6.0539,1005,0
2017-03-27,18:20:00,6.0205,6.0205,6.0205,6.0205,201,0
2017-03-27,18:30:00,6.0205,6.0205,6.0205,6.0205,100,0
2017-03-27,18:50:00,6.0393,6.0393,6.0205,6.0205,2110,0
2017-03-27,19:45:00,6.0205,6.0205,6.0205,6.0205,904,0
2017-03-27,20:10:00,6.0366,6.0366,6.0366,6.0366,502,0
2017-03-27,20:20:00,6.0403,6.0433,6.0205,6.0433,1608,0
2017-03-27,20:50:00,6.0493,6.0493,6.0493,6.0493,1005,0
2017-03-27,21:25:00,6.0354,6.0354,6.0354,6.0354,100,0
2017-03-27,21:30:00,6.0404,6.0404,6.0404,6.0404,100,0
2017-03-27,21:55:00,6.0459,6.0493,6.0205,6.0205,2687,0
2017-03-28,16:45:00,6.0492,6.0492,6.0492,6.0492,1005,0
2017-03-28,17:55:00,6.0576,6.0576,6.0576,6.0576,201,0
2017-03-28,18:00:00,6.0552,6.0552,6.0552,6.0552,100,0
2017-03-28,18:05:00,6.0573,6.0573,6.0573,6.0573,128,0
2017-03-28,19:10:00,6.0603,6.0603,6.0603,6.0603,904,0
2017-03-28,19:30:00,6.0593,6.0653,6.0304,6.0653,1600,0
2017-03-28,19:35:00,6.043,6.043,6.043,6.043,1668,0
2017-03-28,19:40:00,6.0404,6.0404,6.0304,6.0304,201,0
2017-03-28,20:25:00,6.0404,6.0404,6.0404,6.0404,100,0
2017-03-28,20:55:00,6.0603,6.0991,6.0603,6.0991,3085,0
2017-03-28,21:00:00,6.0802,6.0802,6.0802,6.0802,100,0
2017-03-28,21:50:00,6.0802,6.0802,6.0802,6.0802,100,0
2017-03-28,21:55:00,6.0802,6.0802,6.0802,6.0802,301,0
2017-03-28,22:00:00,6.0901,6.12,6.0901,6.12,478,0
2017-03-29,15:35:00,6.12,6.12,6.12,6.12,160,0
2017-03-29,16:45:00,6.18,6.18,6.169,6.169,648,0
2017-03-29,16:50:00,6.17,6.19,6.17,6.18,673,0
2017-03-29,16:55:00,6.1489,6.1489,6.1489,6.1489,500,0
2017-03-29,17:15:00,6.16,6.16,6.16,6.16,100,0
2017-03-29,17:35:00,6.149,6.149,6.149,6.149,200,0
2017-03-29,18:25:00,6.12,6.12,6.12,6.12,100,0
2017-03-29,19:15:00,6.11,6.11,6.11,6.11,100,0
2017-03-29,19:25:00,6.1,6.1,6.1,6.1,1000,0
2017-03-29,19:50:00,6.1,6.1,6.08,6.0973,3646,0
2017-03-29,20:00:00,6.1,6.1,6.1,6.1,2496,0
2017-03-29,20:10:00,6.1,6.1,6.1,6.1,1000,0
2017-03-29,20:25:00,6.09,6.1,6.09,6.1,1300,0
2017-03-29,20:40:00,6.08,6.08,6.08,6.08,600,0
2017-03-29,20:45:00,6.0777,6.0777,6.0777,6.0777,1000,0
2017-03-29,21:00:00,6.09,6.09,6.09,6.09,100,0
2017-03-29,21:10:00,6.09,6.09,6.09,6.09,100,0
2017-03-29,21:20:00,6.08,6.08,6.08,6.08,500,0
2017-03-29,21:25:00,6.1,6.1,6.1,6.1,100,0
2017-03-29,21:30:00,6.099,6.1,6.08,6.08,2975,0
2017-03-29,21:40:00,6.1,6.1,6.0997,6.0997,1645,0
2017-03-29,21:50:00,6.1,6.1,6.1,6.1,100,0
2017-03-29,21:55:00,6.0925,6.1,6.0925,6.1,200,0
2017-03-29,22:00:00,6.1,6.1,6.1,6.1,1235,0
2017-03-30,15:35:00,6.1,6.1,6.0999,6.0999,4000,0
2017-03-30,15:45:00,6.0888,6.1,6.0888,6.1,1100,0
2017-03-30,16:00:00,6.0961,6.1,6.0961,6.1,1300,0
2017-03-30,16:05:00,6.11,6.11,6.1,6.1,1100,0
2017-03-30,16:15:00,6.1,6.1,6.1,6.1,100,0
2017-03-30,16:25:00,6.0801,6.1,6.0801,6.1,885,0
2017-03-30,16:30:00,6.11,6.11,6.11,6.11,100,0
2017-03-30,17:00:00,6.1,6.1,6.1,6.1,400,0
2017-03-30,17:15:00,6.1,6.1,6.1,6.1,100,0
2017-03-30,18:05:00,6.1,6.1,6.1,6.1,100,0
2017-03-30,18:40:00,6.0922,6.098,6.0922,6.098,1100,0
2017-03-30,18:55:00,6.086,6.086,6.086,6.086,500,0
2017-03-30,19:20:00,6.0802,6.09,6.0802,6.09,1250,0
2017-03-30,20:05:00,6.1,6.1,6.1,6.1,100,0
2017-03-30,20:55:00,6.099,6.099,6.099,6.099,100,0
2017-03-30,21:15:00,6.0801,6.0812,6.0801,6.0812,1500,0
2017-03-30,21:45:00,6.08,6.08,6.08,6.08,200,0
2017-03-30,21:55:00,6.1,6.1,6.1,6.1,100,0
2017-03-31,15:35:00,6.09,6.09,6.09,6.09,305,0
2017-03-31,16:40:00,6.0857,6.0857,6.08,6.08,8900,0
2017-03-31,16:55:00,6.1,6.1,6.1,6.1,100,0
2017-03-31,17:15:00,6.099,6.099,6.0929,6.0929,1000,0
2017-03-31,17:20:00,6.1,6.1,6.1,6.1,400,0
2017-03-31,17:30:00,6.1,6.1,6.1,6.1,100,0
2017-03-31,18:10:00,6.098,6.098,6.098,6.098,1000,0
2017-03-31,18:15:00,6.09,6.09,6.09,6.09,200,0
2017-03-31,18:25:00,6.08,6.08,6.08,6.08,100,0
2017-03-31,18:35:00,6.08,6.0801,6.0301,6.065,1300,0
2017-03-31,18:40:00,6.0361,6.0361,6.0361,6.0361,1000,0
2017-03-31,19:20:00,6.08,6.08,6.08,6.08,100,0
2017-03-31,19:25:00,6.03,6.03,6.03,6.03,146,0
2017-03-31,19:40:00,6.03,6.03,6.03,6.03,290,0
2017-03-31,19:50:00,6.05,6.05,6.05,6.05,100,0
2017-03-31,20:10:00,6.05,6.055,6.03,6.035,1400,0
2017-03-31,20:20:00,6.08,6.08,6.08,6.08,100,0
2017-03-31,21:10:00,6.08,6.08,6.08,6.08,100,0
2017-03-31,21:35:00,6.06,6.08,6.06,6.08,1900,0
2017-03-31,21:40:00,6.05,6.0682,6.05,6.0682,600,0
2017-03-31,21:45:00,6.08,6.08,6.08,6.08,100,0
2017-03-31,21:55:00,6.07,6.07,6.07,6.07,100,0
2017-03-31,22:00:00,6.062,6.08,6.05,6.07,2491,0
2017-04-03,15:40:00,6.1,6.1,6.1,6.1,100,0
2017-04-03,15:45:00,6.0885,6.0885,6.0885,6.0885,621,0
2017-04-03,16:05:00,6.08,6.08,6.08,6.08,100,0
2017-04-03,16:10:00,6.08,6.08,6.08,6.08,300,0
2017-04-03,16:30:00,6.1,6.1,6.1,6.1,700,0
2017-04-03,16:55:00,6.09,6.09,6.09,6.09,200,0
2017-04-03,17:05:00,6.0925,6.0925,6.08,6.08,1100,0
2017-04-03,17:10:00,6.08,6.08,6.04,6.04,7900,0
2017-04-03,17:25:00,6.04,6.04,6.04,6.04,124,0
2017-04-03,17:40:00,6.0628,6.0628,6.0628,6.0628,2000,0
2017-04-03,18:30:00,6.03,6.05,6.02,6.0301,7000,0
2017-04-03,18:35:00,6.035,6.035,6.03,6.03,2498,0
2017-04-03,18:40:00,6.03,6.03,6.03,6.03,1000,0
2017-04-03,18:55:00,6.024,6.05,6.02,6.05,1850,0
2017-04-03,21:15:00,6.04,6.04,6.04,6.04,100,0
2017-04-03,22:00:00,6.03,6.03,6.03,6.03,100,0
2017-04-04,15:35:00,6.02,6.02,6.02,6.02,2500,0
2017-04-04,15:40:00,6.07,6.09,6.07,6.09,500,0
2017-04-04,15:45:00,6.08,6.08,6.08,6.08,100,0
2017-04-04,16:10:00,6.06,6.06,6.06,6.06,300,0
2017-04-04,16:15:00,6.06,6.06,6.06,6.06,100,0
2017-04-04,16:35:00,6.08,6.08,6.08,6.08,100,0
2017-04-04,17:40:00,6.04,6.04,6.04,6.04,108,0
2017-04-04,18:00:00,6.03,6.03,6.03,6.03,300,0
2017-04-04,19:55:00,6.03,6.03,6.03,6.03,300,0
2017-04-04,21:05:00,6.03,6.03,6.03,6.03,100,0
2017-04-04,21:45:00,6.0455,6.0455,6.03,6.03,2349,0
2017-04-04,22:00:00,6.05,6.05,6.05,6.05,200,0
2017-04-05,17:20:00,6.02,6.02,6.02,6.02,100,0
2017-04-05,17:40:00,6.0236,6.0236,6.0236,6.0236,817,0
2017-04-05,17:45:00,6.02,6.02,6.02,6.02,200,0
2017-04-05,17:55:00,6.074,6.074,6.074,6.074,295,0
2017-04-05,18:25:00,6.04,6.04,6.02,6.02,200,0
2017-04-05,18:40:00,6.0291,6.0291,6.0291,6.0291,1092,0
2017-04-05,18:45:00,6.04,6.04,6.04,6.04,100,0
2017-04-05,18:50:00,6.0401,6.0401,6.04,6.04,300,0
2017-04-05,19:00:00,6.04,6.04,6.04,6.04,100,0
2017-04-05,19:05:00,6.06,6.06,6.05,6.06,1800,0
2017-04-05,19:45:00,6.05,6.05,6.05,6.05,100,0
2017-04-05,20:00:00,6.02,6.02,5.95,5.96,10074,0
2017-04-05,20:20:00,5.99,5.99,5.95,5.9518,1200,0
2017-04-05,20:40:00,5.97,5.97,5.95,5.961,864,0
2017-04-05,20:45:00,5.9685,5.97,5.9685,5.97,2164,0
2017-04-05,20:50:00,5.97,5.97,5.97,5.97,100,0
2017-04-05,20:55:00,5.97,5.97,5.97,5.97,300,0
2017-04-05,21:15:00,5.97,5.97,5.97,5.97,100,0
2017-04-05,21:20:00,5.979,5.979,5.979,5.979,1050,0
2017-04-05,21:25:00,5.97,5.97,5.97,5.97,300,0
2017-04-05,21:35:00,5.9734,5.9734,5.95,5.95,1818,0
2017-04-05,21:50:00,5.97,5.99,5.96,5.96,1053,0
2017-04-05,21:55:00,5.9764,5.9764,5.95,5.95,2482,0
2017-04-06,16:35:00,5.951,5.99,5.95,5.98,1800,0
2017-04-06,16:55:00,6.01,6.01,6.01,6.01,200,0
2017-04-06,17:15:00,5.97,5.97,5.95,5.95,1397,0
2017-04-06,17:25:00,5.95,5.95,5.95,5.95,1000,0
2017-04-06,17:40:00,5.954,5.954,5.954,5.954,189,0
2017-04-06,18:30:00,5.95,5.95,5.95,5.95,1400,0
2017-04-06,18:45:00,5.94,5.94,5.94,5.94,100,0
2017-04-06,18:50:00,5.9486,5.95,5.9486,5.95,1000,0
2017-04-06,19:15:00,5.94,5.9436,5.94,5.9436,3588,0
2017-04-06,19:25:00,5.95,5.95,5.95,5.95,200,0
2017-04-06,19:30:00,5.95,5.95,5.9499,5.9499,500,0
2017-04-06,20:00:00,5.9499,5.9499,5.9499,5.9499,150,0
2017-04-06,20:15:00,5.9425,5.9425,5.9425,5.9425,170,0
2017-04-06,20:20:00,5.95,5.95,5.95,5.95,893,0
2017-04-06,20:25:00,5.98,6,5.9799,6,2800,0
2017-04-06,20:35:00,6,6,6,6,100,0
2017-04-06,21:00:00,6,6,6,6,200,0
2017-04-06,21:05:00,6.0076,6.0076,6,6,3100,0
2017-04-06,21:20:00,6,6.0199,6,6,652,0
2017-04-06,21:30:00,6,6,5.9658,5.9999,4200,0
2017-04-06,21:35:00,5.96,5.97,5.96,5.97,1000,0
2017-04-06,21:55:00,5.9999,5.9999,5.96,5.96,2100,0
2017-04-07,15:35:00,5.95,5.95,5.95,5.95,1005,0
2017-04-07,15:55:00,6,6,6,6,1500,0
2017-04-07,16:15:00,6.03,6.039,6.0173,6.02,1761,0
2017-04-07,16:30:00,6.02,6.02,6.02,6.02,100,0
2017-04-07,16:35:00,6.02,6.02,6.02,6.02,100,0
2017-04-07,16:40:00,6.036,6.036,6.036,6.036,166,0
2017-04-07,16:50:00,6.01,6.0161,6.01,6.016,400,0
2017-04-07,17:00:00,5.98,5.98,5.98,5.98,100,0
2017-04-07,17:05:00,5.97,6.03,5.97,6.012,3533,0
2017-04-07,17:10:00,5.98,5.98,5.98,5.98,100,0
2017-04-07,17:35:00,6.05,6.05,6.0499,6.0499,1672,0
2017-04-07,17:45:00,6.04,6.04,6.04,6.04,100,0
2017-04-07,18:05:00,6.05,6.05,6.0301,6.0335,2700,0
2017-04-07,18:10:00,6.05,6.05,6.05,6.05,200,0
2017-04-07,18:25:00,6.1,6.1,6.1,6.1,100,0
2017-04-07,19:05:00,6.07,6.07,6.07,6.07,100,0
2017-04-07,19:10:00,6.1,6.1,6.1,6.1,100,0
2017-04-07,19:25:00,6.08,6.0801,6.07,6.0801,500,0
2017-04-07,19:45:00,6.05,6.05,6.05,6.05,100,0
2017-04-07,20:25:00,6.058,6.058,6.05,6.05,1200,0
2017-04-07,20:45:00,6.04,6.04,6.04,6.04,300,0
2017-04-07,21:45:00,6.04,6.04,6.03,6.04,600,0
2017-04-07,21:50:00,6.04,6.04,6.04,6.04,200,0
2017-04-07,21:55:00,6.04,6.04,6.04,6.04,200,0
2017-04-07,22:00:00,6.03,6.04,6.03,6.03,321,0
2017-04-10,15:35:00,5.97,5.97,5.97,5.97,3150,0
2017-04-10,16:10:00,6.0099,6.0099,6.0099,6.0099,525,0
2017-04-10,16:25:00,5.98,5.995,5.97,5.9725,2200,0
2017-04-10,16:40:00,5.975,5.975,5.97,5.97,2100,0
2017-04-10,16:45:00,5.97,5.97,5.97,5.97,1100,0
2017-04-10,16:50:00,5.97,5.97,5.9699,5.97,998,0
2017-04-10,17:15:00,5.98,6,5.98,6,750,0
2017-04-10,17:25:00,6.01,6.03,6.01,6.03,550,0
2017-04-10,18:05:00,6.0204,6.0204,6.02,6.02,3300,0
2017-04-10,18:20:00,6.02,6.02,6.02,6.02,100,0
2017-04-10,18:25:00,6.0301,6.0301,6.0301,6.0301,1500,0
2017-04-10,19:30:00,6.02,6.032,6,6,7250,0
2017-04-10,19:35:00,6.02,6.02,6.02,6.02,100,0
2017-04-10,20:05:00,6.01,6.01,6.01,6.01,100,0
2017-04-10,20:40:00,6.02,6.02,6.02,6.02,500,0
2017-04-10,21:00:00,6,6,6,6,1098,0
2017-04-10,21:15:00,5.98,5.98,5.96,5.98,937,0
2017-04-10,21:25:00,5.98,5.99,5.98,5.98,400,0
2017-04-10,21:35:00,5.98,5.98,5.98,5.98,650,0
2017-04-10,21:45:00,5.96,5.98,5.96,5.98,815,0
2017-04-10,21:55:00,5.9799,5.99,5.94,5.94,8248,0
2017-04-10,22:00:00,5.94,5.94,5.93,5.93,2149,0
2017-04-11,16:05:00,5.98,5.98,5.98,5.98,100,0
2017-04-11,16:15:00,5.9548,5.9548,5.94,5.9403,3500,0
2017-04-11,16:25:00,5.95,5.95,5.95,5.95,200,0
2017-04-11,16:35:00,5.94,5.94,5.94,5.94,506,0
2017-04-11,16:40:00,5.94,5.94,5.94,5.94,200,0
2017-04-11,17:25:00,5.9339,5.9339,5.9339,5.9339,2891,0
2017-04-11,17:35:00,5.93,5.93,5.93,5.93,100,0
2017-04-11,19:25:00,5.9651,5.9651,5.9651,5.9651,100,0
2017-04-11,20:10:00,5.96,5.96,5.94,5.94,906,0
2017-04-11,20:50:00,5.94,5.94,5.94,5.94,100,0
2017-04-11,20:55:00,5.9328,5.9328,5.9328,5.9328,100,0
2017-04-11,21:05:00,5.94,5.94,5.94,5.94,100,0
2017-04-11,21:40:00,5.91,5.93,5.91,5.93,1830,0
2017-04-11,21:55:00,5.92,5.92,5.92,5.92,100,0
2017-04-12,15:45:00,5.9,5.905,5.9,5.905,4500,0
2017-04-12,16:05:00,5.9,5.9,5.9,5.9,300,0
2017-04-12,16:10:00,5.89,5.89,5.89,5.89,100,0
2017-04-12,16:50:00,5.87,5.87,5.87,5.87,1460,0
2017-04-12,17:10:00,5.889,5.889,5.88,5.8805,1070,0
2017-04-12,17:15:00,5.8878,5.8878,5.8878,5.8878,200,0
2017-04-12,17:20:00,5.8878,5.8878,5.8854,5.8854,700,0
2017-04-12,17:50:00,5.88,5.88,5.88,5.88,1800,0
2017-04-12,18:55:00,5.85,5.85,5.8,5.8058,13975,0
2017-04-12,19:00:00,5.83,5.83,5.81,5.81,1500,0
2017-04-12,19:05:00,5.8456,5.8456,5.84,5.84,225,0
2017-04-12,19:10:00,5.82,5.821,5.82,5.821,600,0
2017-04-12,19:30:00,5.8039,5.8039,5.8039,5.8039,1000,0
2017-04-12,19:40:00,5.8,5.8,5.8,5.8,100,0
2017-04-12,19:45:00,5.7887,5.7887,5.7887,5.7887,200,0
2017-04-12,19:55:00,5.81,5.81,5.81,5.81,100,0
2017-04-12,20:00:00,5.81,5.82,5.81,5.82,800,0
2017-04-12,20:10:00,5.8799,5.8799,5.8799,5.8799,510,0
2017-04-12,21:10:00,5.88,5.88,5.88,5.88,100,0
2017-04-12,21:35:00,5.86,5.86,5.85,5.85,700,0
2017-04-12,21:40:00,5.83,5.83,5.83,5.83,200,0
2017-04-12,21:50:00,5.8166,5.8166,5.8166,5.8166,150,0
2017-04-12,21:55:00,5.84,5.84,5.84,5.84,100,0
2017-04-12,22:00:00,5.83,5.835,5.81,5.81,8100,0
2017-04-13,15:50:00,5.89,5.91,5.89,5.91,3800,0
2017-04-13,15:55:00,5.93,5.93,5.9206,5.924,1500,0
2017-04-13,16:10:00,5.91,5.92,5.8817,5.8817,5046,0
2017-04-13,16:55:00,5.86,5.86,5.86,5.86,200,0
2017-04-13,17:05:00,5.8439,5.8439,5.8439,5.8439,200,0
2017-04-13,17:20:00,5.83,5.83,5.82,5.82,500,0
2017-04-13,17:35:00,5.8069,5.8069,5.8069,5.8069,2000,0
2017-04-13,17:40:00,5.8,5.8058,5.8,5.8058,2192,0
2017-04-13,17:45:00,5.82,5.82,5.82,5.82,200,0
2017-04-13,17:50:00,5.82,5.82,5.82,5.82,1572,0
2017-04-13,18:35:00,5.8531,5.8531,5.8531,5.8531,200,0
2017-04-13,18:55:00,5.811,5.82,5.8,5.8,9000,0
2017-04-13,19:10:00,5.8,5.8,5.8,5.8,800,0
2017-04-13,19:25:00,5.79,5.79,5.79,5.79,200,0
2017-04-13,19:40:00,5.79,5.81,5.79,5.81,5000,0
2017-04-13,19:50:00,5.79,5.79,5.79,5.79,200,0
2017-04-13,19:55:00,5.81,5.81,5.81,5.81,100,0
2017-04-13,21:30:00,5.7982,5.7982,5.7982,5.7982,1000,0
2017-04-13,21:40:00,5.8,5.8,5.8,5.8,100,0
2017-04-13,21:45:00,5.8,5.8,5.8,5.8,200,0
2017-04-13,21:55:00,5.8,5.8,5.79,5.79,700,0
2017-04-13,22:00:00,5.79,5.7949,5.79,5.7949,300,0
2017-04-17,15:35:00,5.76,5.76,5.76,5.76,2136,0
2017-04-17,15:40:00,5.8,5.8,5.8,5.8,181,0
2017-04-17,15:50:00,5.8087,5.8087,5.78,5.78,1600,0
2017-04-17,16:10:00,5.8,5.8,5.7834,5.7834,1004,0
2017-04-17,16:20:00,5.8604,5.8604,5.8604,5.8604,123,0
2017-04-17,16:30:00,5.79,5.85,5.7898,5.85,3500,0
2017-04-17,16:45:00,5.819,5.819,5.819,5.819,100,0
2017-04-17,17:50:00,5.83,5.83,5.8,5.8,2000,0
2017-04-17,18:05:00,5.8599,5.8599,5.8599,5.8599,400,0
2017-04-17,18:35:00,5.801,5.801,5.8,5.8,1600,0
2017-04-17,18:45:00,5.7891,5.7891,5.7891,5.7891,132,0
2017-04-17,19:15:00,5.8,5.8,5.7999,5.7999,2790,0
2017-04-17,19:25:00,5.7958,5.7958,5.7958,5.7958,100,0
2017-04-17,19:35:00,5.8299,5.8299,5.8299,5.8299,1000,0
2017-04-17,19:50:00,5.819,5.85,5.819,5.8253,3600,0
2017-04-17,20:10:00,5.84,5.84,5.84,5.84,400,0
2017-04-17,20:55:00,5.852,5.852,5.852,5.852,735,0
2017-04-17,21:20:00,5.8422,5.8422,5.8422,5.8422,111,0
2017-04-17,21:30:00,5.84,5.84,5.84,5.84,300,0
2017-04-17,21:55:00,5.86,5.86,5.84,5.84,885,0
2017-04-17,22:00:00,5.85,5.85,5.85,5.85,100,0
2017-04-18,15:35:00,5.85,5.85,5.85,5.85,164,0
2017-04-18,15:40:00,5.878,5.878,5.878,5.878,500,0
2017-04-18,16:05:00,5.92,5.95,5.8942,5.95,2500,0
2017-04-18,16:30:00,5.9,5.9,5.9,5.9,500,0
2017-04-18,16:35:00,5.9,5.9,5.9,5.9,581,0
2017-04-18,16:50:00,5.8998,5.9,5.8998,5.9,800,0
2017-04-18,17:05:00,5.9,5.9,5.89,5.89,600,0
2017-04-18,17:10:00,5.9,5.91,5.88,5.88,700,0
2017-04-18,17:40:00,5.9,5.93,5.88,5.93,22700,0
2017-04-18,17:45:00,5.9382,5.9382,5.91,5.92,2900,0
2017-04-18,17:50:00,5.91,5.91,5.91,5.91,200,0
2017-04-18,17:55:00,5.91,5.91,5.9,5.9,2666,0
2017-04-18,18:00:00,5.9,5.9,5.85,5.89,11863,0
2017-04-18,18:05:00,5.89,5.89,5.87,5.87,300,0
2017-04-18,18:10:00,5.87,5.87,5.86,5.86,200,0
2017-04-18,18:15:00,5.88,5.88,5.85,5.85,500,0
2017-04-18,18:40:00,5.86,5.86,5.86,5.86,100,0
2017-04-18,18:45:00,5.85,5.85,5.85,5.85,100,0
2017-04-18,18:50:00,5.82,5.82,5.82,5.82,100,0
2017-04-18,19:00:00,5.81,5.81,5.81,5.81,700,0
2017-04-18,19:05:00,5.84,5.84,5.84,5.84,400,0
2017-04-18,19:25:00,5.81,5.81,5.81,5.81,200,0
2017-04-18,19:40:00,5.82,5.82,5.82,5.82,100,0
2017-04-18,19:45:00,5.82,5.82,5.82,5.82,100,0
2017-04-18,19:50:00,5.82,5.82,5.82,5.82,300,0
2017-04-18,19:55:00,5.8,5.8,5.8,5.8,300,0
2017-04-18,20:05:00,5.81,5.81,5.81,5.81,100,0
2017-04-18,20:15:00,5.81,5.81,5.8,5.8,200,0
2017-04-18,20:20:00,5.8,5.8,5.8,5.8,200,0
2017-04-18,20:25:00,5.8,5.85,5.8,5.8,700,0
2017-04-18,20:30:00,5.85,5.85,5.85,5.85,200,0
2017-04-18,20:35:00,5.8748,5.9,5.84,5.84,2200,0
2017-04-18,21:00:00,5.86,5.86,5.86,5.86,100,0
2017-04-18,21:05:00,5.86,5.86,5.86,5.86,100,0
2017-04-18,21:10:00,5.86,5.86,5.86,5.86,200,0
2017-04-18,21:15:00,5.86,5.86,5.86,5.86,100,0
2017-04-18,21:20:00,5.86,5.86,5.86,5.86,100,0
2017-04-18,21:25:00,5.86,5.86,5.86,5.86,100,0
2017-04-18,21:30:00,5.86,5.86,5.86,5.86,100,0
2017-04-18,21:35:00,5.86,5.86,5.85,5.85,200,0
2017-04-18,21:40:00,5.85,5.85,5.85,5.85,200,0
2017-04-18,21:45:00,5.85,5.899,5.85,5.85,1090,0
2017-04-18,21:50:00,5.85,5.85,5.85,5.85,200,0
2017-04-18,21:55:00,5.86,5.86,5.86,5.86,200,0
2017-04-18,22:00:00,5.85,5.88,5.85,5.88,565,0
2017-04-19,15:35:00,5.84,5.84,5.84,5.84,1267,0
2017-04-19,16:15:00,5.84,5.86,5.84,5.86,2784,0
2017-04-19,16:20:00,5.85,5.8545,5.85,5.8545,1516,0
2017-04-19,16:25:00,5.86,5.86,5.86,5.86,200,0
2017-04-19,16:30:00,5.8536,5.8536,5.8536,5.8536,240,0
2017-04-19,16:35:00,5.8512,5.86,5.8512,5.86,800,0
2017-04-19,16:40:00,5.86,5.86,5.86,5.86,500,0
2017-04-19,17:05:00,5.86,5.86,5.86,5.86,100,0
2017-04-19,17:15:00,5.87,5.87,5.8699,5.87,2000,0
2017-04-19,17:35:00,5.8725,5.8725,5.8725,5.8725,2500,0
2017-04-19,17:45:00,5.88,5.88,5.88,5.88,1100,0
2017-04-19,17:50:00,5.88,5.9,5.88,5.9,2950,0
2017-04-19,17:55:00,5.9,5.9,5.9,5.9,100,0
2017-04-19,18:20:00,5.9,5.9,5.9,5.9,100,0
2017-04-19,18:25:00,5.9,5.9,5.9,5.9,100,0
2017-04-19,19:05:00,5.92,5.92,5.92,5.92,100,0
2017-04-19,19:10:00,5.9146,5.92,5.9146,5.92,1200,0
2017-04-19,19:45:00,5.92,5.92,5.92,5.92,450,0
2017-04-19,19:50:00,5.92,5.92,5.92,5.92,100,0
2017-04-19,19:55:00,5.92,5.92,5.9,5.9,1800,0
2017-04-19,20:30:00,5.887,5.887,5.887,5.887,200,0
2017-04-19,20:55:00,5.88,5.9,5.88,5.9,400,0
2017-04-19,21:00:00,5.9,5.9,5.9,5.9,100,0
2017-04-19,21:30:00,5.8907,5.8907,5.8907,5.8907,1355,0
2017-04-19,21:35:00,5.9,5.9,5.9,5.9,100,0
2017-04-19,21:50:00,5.9,5.9,5.9,5.9,100,0
2017-04-19,21:55:00,5.9,5.9,5.9,5.9,500,0
2017-04-19,22:00:00,5.89,5.9,5.89,5.9,3529,0
2017-04-20,15:35:00,5.9,5.9,5.9,5.9,438,0
2017-04-20,15:55:00,5.8869,5.8869,5.8869,5.8869,1300,0
2017-04-20,16:10:00,5.9,5.92,5.9,5.92,300,0
2017-04-20,16:15:00,5.9,5.9,5.9,5.9,100,0
2017-04-20,16:20:00,5.9,5.9,5.9,5.9,200,0
2017-04-20,16:25:00,5.9,5.9,5.9,5.9,100,0
2017-04-20,16:35:00,5.9,5.9,5.9,5.9,400,0
2017-04-20,16:40:00,5.92,5.92,5.92,5.92,100,0
2017-04-20,16:50:00,5.93,5.93,5.9,5.9,10656,0
2017-04-20,16:55:00,5.92,5.9311,5.9111,5.9311,3500,0
2017-04-20,17:30:00,5.91,5.91,5.9,5.9,2400,0
2017-04-20,17:55:00,5.91,5.91,5.91,5.91,606,0
2017-04-20,18:25:00,5.93,5.93,5.93,5.93,100,0
2017-04-20,18:45:00,5.929,5.93,5.9239,5.9239,2900,0
2017-04-20,19:00:00,5.9175,5.9175,5.9175,5.9175,735,0
2017-04-20,19:05:00,5.93,5.93,5.93,5.93,100,0
2017-04-20,19:30:00,5.94,5.94,5.94,5.94,100,0
2017-04-20,19:35:00,5.9399,5.94,5.9399,5.94,1000,0
2017-04-20,19:50:00,5.94,5.97,5.94,5.97,680,0
2017-04-20,20:05:00,5.99,6,5.99,5.99,2462,0
2017-04-20,20:25:00,5.98,5.98,5.98,5.98,100,0
2017-04-20,21:05:00,5.98,5.98,5.95,5.95,200,0
2017-04-20,21:10:00,5.97,5.97,5.97,5.97,200,0
2017-04-20,21:20:00,5.98,5.98,5.98,5.98,100,0
2017-04-20,21:25:00,5.98,5.98,5.98,5.98,100,0
2017-04-20,21:35:00,5.989,5.99,5.989,5.99,538,0
2017-04-20,21:50:00,5.99,5.99,5.99,5.99,900,0
2017-04-20,22:00:00,6,6,5.96,5.96,200,0
2017-04-21,18:35:00,5.9679,5.9679,5.9679,5.9679,305,0
2017-04-21,18:50:00,6,6,5.9758,6,4388,0
2017-04-21,19:00:00,6.01,6.01,6.01,6.01,100,0
2017-04-21,19:15:00,6,6,6,6,600,0
2017-04-21,19:35:00,6.01,6.01,6.01,6.01,100,0
2017-04-21,19:55:00,6.01,6.01,6.01,6.01,100,0
2017-04-21,20:15:00,6.01,6.04,6.01,6.04,1400,0
2017-04-21,20:25:00,6.1,6.1,6.1,6.1,100,0
2017-04-21,20:40:00,6.09,6.09,6.09,6.09,100,0
2017-04-21,21:00:00,6.09,6.09,6.09,6.09,100,0
2017-04-21,21:25:00,6.09,6.09,6.09,6.09,100,0
2017-04-21,21:45:00,6.08,6.1,6.0658,6.0819,6100,0
2017-04-21,21:50:00,6.09,6.09,6.09,6.09,100,0
2017-04-21,21:55:00,6.09,6.09,6.09,6.09,300,0
2017-04-21,22:00:00,6.1,6.1,6.09,6.09,684,0
2017-04-24,15:35:00,6.1,6.1,6.09,6.09,283,0
2017-04-24,15:45:00,6.099,6.099,6.09,6.095,1000,0
2017-04-24,15:50:00,6.1,6.1,6.1,6.1,800,0
2017-04-24,15:55:00,6.1,6.1,6.1,6.1,1600,0
2017-04-24,16:05:00,6.11,6.12,6.1039,6.1139,2000,0
2017-04-24,16:10:00,6.1,6.1,6.1,6.1,100,0
2017-04-24,16:15:00,6.1,6.1,6.1,6.1,100,0
2017-04-24,16:30:00,6.1,6.1,6.1,6.1,570,0
2017-04-24,16:40:00,6.1,6.1,6.1,6.1,100,0
2017-04-24,17:05:00,6.1,6.1,6.1,6.1,652,0
2017-04-24,17:15:00,6.1,6.1,6.1,6.1,100,0
2017-04-24,17:45:00,6.09,6.09,6.09,6.09,400,0
2017-04-24,18:20:00,6.09,6.09,6.09,6.09,100,0
2017-04-24,18:25:00,6.1,6.1,6.1,6.1,100,0
2017-04-24,18:35:00,6.0476,6.1,6.0476,6.1,600,0
2017-04-24,18:50:00,6.1044,6.11,6.1044,6.1099,1000,0
2017-04-24,18:55:00,6.1042,6.1042,6.0901,6.095,5100,0
2017-04-24,19:05:00,6.11,6.11,6.11,6.11,100,0
2017-04-24,19:30:00,6.0961,6.0961,6.0961,6.0961,100,0
2017-04-24,19:40:00,6.09,6.09,6.09,6.09,100,0
2017-04-24,19:50:00,6.09,6.0995,6.0772,6.09,3500,0
2017-04-24,20:05:00,6.07,6.07,6.07,6.07,100,0
2017-04-24,20:25:00,6.11,6.11,6.11,6.11,100,0
2017-04-24,20:45:00,6.0999,6.0999,6.046,6.046,1335,0
2017-04-24,21:05:00,6.1,6.1,6.1,6.1,100,0
2017-04-24,21:10:00,6.1028,6.1028,6.1028,6.1028,400,0
2017-04-24,21:25:00,6.0993,6.0993,6.0993,6.0993,200,0
2017-04-24,21:35:00,6.1,6.1,6.1,6.1,100,0
2017-04-24,21:50:00,6.11,6.11,6.09,6.09,300,0
2017-04-24,21:55:00,6.1,6.1,6.1,6.1,100,0
2017-04-24,22:00:00,6.1,6.1,6.08,6.08,200,0
2017-04-25,15:35:00,6.14,6.14,6.14,6.14,230,0
2017-04-25,20:25:00,6.09,6.1,6.09,6.1,250,0
2017-04-25,20:35:00,6.0997,6.0997,6.0997,6.0997,274,0
2017-04-25,21:15:00,6.0887,6.0887,6.0887,6.0887,100,0
2017-04-25,21:30:00,6.07,6.07,6.06,6.06,300,0
2017-04-25,21:55:00,6.0344,6.05,6.0344,6.05,2100,0
2017-04-25,22:00:00,6.05,6.05,6.02,6.05,1879,0
2017-04-26,15:35:00,6.01,6.01,6.01,6.01,116,0
2017-04-26,16:10:00,6.04,6.04,6.04,6.04,200,0
2017-04-26,16:15:00,6.04,6.04,6.04,6.04,100,0
2017-04-26,16:35:00,6.04,6.04,6.04,6.04,100,0
2017-04-26,17:30:00,5.99,6,5.94,5.98,6600,0
2017-04-26,17:35:00,5.96,5.96,5.96,5.96,200,0
2017-04-26,17:40:00,5.957,5.957,5.957,5.957,250,0
2017-04-26,17:50:00,5.9965,5.9965,5.951,5.951,200,0
2017-04-26,17:55:00,5.98,6.02,5.98,6.02,200,0
2017-04-26,18:05:00,5.98,5.98,5.98,5.98,100,0
2017-04-26,18:10:00,5.98,6.003,5.98,6.003,200,0
2017-04-26,18:25:00,5.95,5.95,5.95,5.95,100,0
2017-04-26,18:40:00,5.96,5.96,5.96,5.96,100,0
2017-04-26,19:05:00,6.02,6.02,6.02,6.02,100,0
2017-04-26,19:20:00,5.97,5.97,5.97,5.97,200,0
2017-04-26,20:10:00,6.02,6.02,6.02,6.02,100,0
2017-04-26,20:35:00,5.97,5.97,5.97,5.97,200,0
2017-04-26,21:00:00,6.0152,6.04,6.0152,6.04,300,0
2017-04-26,21:10:00,5.9925,5.9925,5.99,5.99,600,0
2017-04-26,21:25:00,5.98,5.98,5.98,5.98,100,0
2017-04-26,21:40:00,6.03,6.04,5.97,5.97,700,0
2017-04-26,21:50:00,6,6,6,6,100,0
2017-04-26,21:55:00,6.03,6.03,5.9816,5.9816,800,0
2017-04-26,22:00:00,5.97,5.97,5.97,5.97,935,0
