Date,Time,Open,High,Low,Close,Volume,OpenInt
2016-12-02,16:55:00,25.163,25.163,25.153,25.153,713,0
2016-12-02,17:30:00,25.261,25.261,25.261,25.261,204,0
2016-12-02,17:35:00,25.284,25.284,25.284,25.284,509,0
2016-12-02,18:15:00,25.281,25.281,25.281,25.281,1019,0
2016-12-02,19:00:00,25.284,25.284,25.284,25.284,153,0
2016-12-02,21:15:00,25.32,25.32,25.31,25.311,458,0
2016-12-02,21:20:00,25.304,25.304,25.304,25.304,204,0
2016-12-05,16:05:00,25.31,25.31,25.31,25.31,509,0
2016-12-05,19:30:00,25.308,25.308,25.308,25.308,1019,0
2016-12-05,20:25:00,25.281,25.32,25.281,25.32,306,0
2016-12-05,20:45:00,25.362,25.362,25.362,25.362,509,0
2016-12-05,20:55:00,25.389,25.389,25.389,25.389,1375,0
2016-12-05,21:25:00,25.33,25.33,25.33,25.33,774,0
2016-12-05,21:55:00,25.379,25.379,25.379,25.379,102,0
2016-12-05,22:00:00,25.359,25.359,25.359,25.359,102,0
2016-12-06,16:05:00,25.389,25.389,25.386,25.389,713,0
2016-12-06,16:10:00,25.389,25.389,25.389,25.389,306,0
2016-12-06,16:20:00,25.379,25.389,25.379,25.389,204,0
2016-12-06,17:00:00,25.401,25.401,25.401,25.401,621,0
2016-12-06,19:40:00,25.451,25.451,25.451,25.451,509,0
2016-12-06,19:50:00,25.476,25.476,25.463,25.463,407,0
2016-12-06,19:55:00,25.467,25.477,25.438,25.438,1324,0
2016-12-06,20:00:00,25.444,25.444,25.444,25.444,102,0
2016-12-06,20:55:00,25.477,25.517,25.477,25.517,611,0
2016-12-06,21:30:00,25.437,25.437,25.399,25.399,1935,0
2016-12-06,21:35:00,25.505,25.505,25.505,25.505,1732,0
2016-12-07,15:45:00,25.477,25.477,25.477,25.477,102,0
2016-12-07,16:15:00,25.432,25.432,25.432,25.432,128,0
2016-12-07,16:20:00,25.436,25.436,25.436,25.436,127,0
2016-12-07,16:35:00,25.477,25.477,25.477,25.477,991,0
2016-12-07,17:00:00,25.443,25.443,25.443,25.443,407,0
2016-12-07,17:55:00,25.455,25.455,25.455,25.455,509,0
2016-12-07,20:05:00,25.404,25.404,25.404,25.404,102,0
2016-12-07,20:10:00,25.404,25.404,25.404,25.404,102,0
2016-12-07,20:50:00,25.35,25.35,25.35,25.35,306,0
2016-12-07,21:00:00,25.367,25.367,25.367,25.367,102,0
2016-12-07,22:00:00,25.428,25.428,25.428,25.428,102,0
2016-12-08,17:20:00,25.417,25.417,25.417,25.417,297,0
2016-12-08,19:05:00,25.404,25.404,25.404,25.404,102,0
2016-12-08,19:55:00,25.458,25.477,25.458,25.458,713,0
2016-12-08,21:25:00,25.399,25.399,25.399,25.399,102,0
2016-12-08,21:40:00,25.389,25.389,25.389,25.389,102,0
2016-12-08,22:00:00,25.389,25.389,25.389,25.389,102,0
2016-12-09,16:10:00,25.419,25.419,25.419,25.419,509,0
2016-12-09,20:50:00,25.428,25.428,25.39,25.39,1426,0
2016-12-09,21:50:00,25.458,25.458,25.438,25.438,2241,0
2016-12-09,22:00:00,25.467,25.467,25.467,25.467,102,0
2016-12-12,16:35:00,25.466,25.466,25.422,25.422,620,0
2016-12-12,20:25:00,25.33,25.33,25.33,25.33,306,0
2016-12-13,15:45:00,25.467,25.487,25.467,25.487,407,0
2016-12-13,15:55:00,25.418,25.418,25.418,25.418,102,0
2016-12-13,16:00:00,25.368,25.368,25.193,25.34,7048,0
2016-12-13,16:05:00,25.183,25.193,25.094,25.094,4778,0
2016-12-13,16:10:00,25.359,25.359,25.359,25.359,102,0
2016-12-13,17:40:00,25.266,25.266,25.183,25.183,1019,0
2016-12-13,18:00:00,25.173,25.173,25.173,25.173,102,0
2016-12-13,18:05:00,25.173,25.173,25.173,25.173,102,0
2016-12-13,18:50:00,25.251,25.251,25.251,25.251,204,0
2016-12-13,19:15:00,25.137,25.163,25.134,25.163,1884,0
2016-12-13,19:40:00,25.173,25.173,25.173,25.173,102,0
2016-12-13,20:10:00,25.219,25.219,25.219,25.219,204,0
2016-12-13,20:35:00,25.241,25.241,25.241,25.241,102,0
2016-12-13,20:55:00,25.153,25.153,25.134,25.134,816,0
2016-12-13,21:20:00,25.225,25.225,25.225,25.225,1019,0
2016-12-13,22:00:00,25.153,25.153,25.124,25.124,1306,0
2016-12-14,16:15:00,25.246,25.246,25.246,25.246,356,0
2016-12-14,16:50:00,25.181,25.181,25.181,25.181,1019,0
2016-12-14,17:10:00,25.193,25.193,25.193,25.193,102,0
2016-12-14,17:45:00,25.193,25.193,25.193,25.193,509,0
2016-12-14,18:50:00,25.183,25.183,25.183,25.183,1630,0
2016-12-14,21:10:00,25.143,25.153,25.143,25.153,713,0
2016-12-14,21:45:00,25.163,25.222,25.163,25.222,611,0
2016-12-14,21:55:00,25.134,25.143,25.124,25.124,3157,0
2016-12-14,22:00:00,25.124,25.134,25.124,25.134,774,0
2016-12-15,15:35:00,24.79,24.79,24.775,24.775,3744,0
2016-12-15,15:40:00,24.741,24.76,24.741,24.76,204,0
2016-12-15,15:45:00,24.741,24.741,24.692,24.692,407,0
2016-12-15,15:50:00,24.741,24.753,24.741,24.741,509,0
2016-12-15,16:10:00,24.702,24.702,24.662,24.662,988,0
2016-12-15,16:20:00,24.662,24.699,24.633,24.67,978,0
2016-12-15,16:40:00,24.665,24.76,24.665,24.76,1222,0
2016-12-15,16:55:00,24.721,24.74,24.721,24.74,815,0
2016-12-15,17:20:00,24.751,24.751,24.751,24.751,102,0
2016-12-15,17:25:00,24.78,24.78,24.78,24.78,815,0
2016-12-15,17:30:00,24.751,24.76,24.751,24.751,407,0
2016-12-15,17:45:00,24.751,24.751,24.751,24.751,102,0
2016-12-15,17:50:00,24.751,24.751,24.751,24.751,1222,0
2016-12-15,18:00:00,24.788,24.788,24.788,24.788,306,0
2016-12-15,18:10:00,24.741,24.766,24.476,24.554,16402,0
2016-12-15,19:10:00,24.594,24.682,24.594,24.682,611,0
2016-12-15,19:15:00,24.682,24.682,24.682,24.682,509,0
2016-12-15,19:35:00,24.635,24.635,24.635,24.635,204,0
2016-12-15,20:00:00,24.603,24.643,24.603,24.64,815,0
2016-12-15,20:10:00,24.682,24.719,24.682,24.719,1630,0
2016-12-15,20:20:00,24.613,24.689,24.613,24.689,387,0
2016-12-15,20:25:00,24.652,24.711,24.651,24.711,1986,0
2016-12-15,20:30:00,24.646,24.646,24.646,24.646,204,0
2016-12-15,20:35:00,24.613,24.648,24.613,24.648,815,0
2016-12-15,20:40:00,24.623,24.623,24.623,24.623,204,0
2016-12-15,20:50:00,24.641,24.641,24.623,24.628,3644,0
2016-12-15,21:15:00,24.594,24.594,24.564,24.594,1630,0
2016-12-15,21:20:00,24.554,24.594,24.554,24.594,3056,0
2016-12-15,21:30:00,24.619,24.619,24.619,24.619,1019,0
2016-12-15,21:40:00,24.582,24.582,24.581,24.581,1426,0
2016-12-15,22:00:00,24.613,24.613,24.545,24.545,945,0
2016-12-16,15:35:00,24.594,24.594,24.594,24.594,611,0
2016-12-16,15:40:00,24.651,24.651,24.651,24.651,611,0
2016-12-16,15:45:00,24.603,24.643,24.603,24.643,204,0
2016-12-16,15:55:00,24.643,24.669,24.643,24.669,407,0
2016-12-16,16:30:00,24.682,24.682,24.657,24.657,784,0
2016-12-16,16:50:00,24.653,24.653,24.653,24.653,204,0
2016-12-16,18:00:00,24.683,24.683,24.683,24.683,382,0
2016-12-16,19:15:00,24.644,24.702,24.644,24.702,1833,0
2016-12-16,19:30:00,24.761,24.761,24.761,24.761,1019,0
2016-12-16,19:35:00,24.702,24.702,24.702,24.702,1120,0
2016-12-16,20:10:00,24.721,24.721,24.721,24.721,127,0
2016-12-16,20:30:00,24.725,24.725,24.725,24.725,1732,0
2016-12-16,21:15:00,24.761,24.761,24.761,24.761,2229,0
2016-12-19,16:50:00,24.778,24.778,24.741,24.778,1259,0
2016-12-19,17:20:00,24.751,24.751,24.751,24.751,102,0
2016-12-19,17:30:00,24.741,24.741,24.741,24.741,102,0
2016-12-19,17:35:00,24.741,24.741,24.741,24.741,102,0
2016-12-19,17:40:00,24.77,24.79,24.653,24.662,2382,0
2016-12-19,17:45:00,24.694,24.716,24.643,24.716,1477,0
2016-12-19,17:55:00,24.849,24.849,24.849,24.849,571,0
2016-12-19,19:05:00,24.821,24.821,24.821,24.821,407,0
2016-12-19,19:45:00,24.822,24.822,24.822,24.822,1576,0
2016-12-19,19:55:00,24.723,24.732,24.682,24.732,2037,0
2016-12-19,20:00:00,24.741,24.741,24.741,24.741,204,0
2016-12-19,20:20:00,24.79,24.79,24.79,24.79,3056,0
2016-12-19,20:25:00,24.79,24.79,24.79,24.79,2037,0
2016-12-19,22:00:00,24.788,24.788,24.741,24.741,407,0
2016-12-20,17:00:00,24.751,24.76,24.751,24.76,1019,0
2016-12-20,17:20:00,24.807,24.807,24.807,24.807,1019,0
2016-12-20,17:35:00,24.777,24.777,24.777,24.777,1019,0
2016-12-20,19:00:00,24.821,24.821,24.821,24.821,715,0
2016-12-20,20:10:00,24.839,24.839,24.839,24.839,4176,0
2016-12-20,21:05:00,24.812,24.812,24.812,24.812,131,0
2016-12-20,21:20:00,24.839,24.839,24.839,24.839,1019,0
2016-12-20,21:45:00,24.702,24.805,24.692,24.692,6652,0
2016-12-20,22:00:00,24.702,24.702,24.692,24.692,611,0
2016-12-21,16:25:00,24.731,24.731,24.731,24.731,285,0
2016-12-21,16:40:00,24.8,24.81,24.8,24.81,917,0
2016-12-21,16:55:00,24.81,24.837,24.81,24.837,407,0
2016-12-21,17:00:00,24.847,24.847,24.847,24.847,601,0
2016-12-21,17:05:00,24.811,24.819,24.81,24.81,3789,0
2016-12-21,17:10:00,24.79,24.8,24.79,24.8,224,0
2016-12-21,18:00:00,24.753,24.753,24.753,24.753,2037,0
2016-12-21,18:05:00,24.751,24.751,24.751,24.751,204,0
2016-12-21,18:45:00,24.761,24.761,24.761,24.761,611,0
2016-12-21,19:45:00,24.761,24.761,24.761,24.761,509,0
2016-12-21,19:55:00,24.788,24.789,24.788,24.789,1109,0
2016-12-21,21:25:00,24.78,24.79,24.78,24.79,2546,0
2016-12-21,22:00:00,24.79,24.79,24.79,24.79,102,0
2016-12-22,15:35:00,24.711,24.711,24.711,24.711,182,0
2016-12-22,16:00:00,24.731,24.731,24.731,24.731,102,0
2016-12-22,16:05:00,24.721,24.721,24.711,24.713,1751,0
2016-12-22,16:45:00,24.761,24.761,24.761,24.761,3565,0
2016-12-22,17:15:00,24.814,24.819,24.814,24.819,1019,0
2016-12-22,17:20:00,24.81,24.849,24.801,24.847,3449,0
2016-12-22,19:00:00,24.829,24.829,24.829,24.829,662,0
2016-12-22,19:10:00,24.849,24.898,24.828,24.898,1650,0
2016-12-22,21:20:00,24.9,24.9,24.9,24.9,800,0
2016-12-22,22:00:00,24.888,24.898,24.888,24.898,407,0
2016-12-23,15:35:00,24.819,24.819,24.819,24.819,407,0
2016-12-23,15:55:00,24.82,24.821,24.82,24.821,1019,0
2016-12-23,16:10:00,24.819,24.819,24.819,24.819,204,0
2016-12-23,16:25:00,24.888,24.888,24.888,24.888,204,0
2016-12-23,16:35:00,24.888,24.888,24.888,24.888,102,0
2016-12-23,17:20:00,24.888,24.888,24.888,24.888,112,0
2016-12-23,19:00:00,24.876,24.876,24.876,24.876,2037,0
2016-12-23,20:55:00,24.825,24.888,24.825,24.888,607,0
2016-12-23,21:50:00,24.849,24.849,24.849,24.849,204,0
2016-12-27,15:35:00,24.829,24.829,24.829,24.829,204,0
2016-12-27,15:45:00,24.81,24.81,24.81,24.81,102,0
2016-12-27,15:50:00,24.819,24.829,24.805,24.829,952,0
2016-12-27,16:10:00,24.871,24.871,24.871,24.871,356,0
2016-12-27,18:05:00,24.829,24.848,24.829,24.848,2546,0
2016-12-27,18:15:00,24.829,24.837,24.829,24.837,1288,0
2016-12-27,18:40:00,24.8,24.815,24.8,24.815,825,0
2016-12-27,20:45:00,24.834,24.834,24.834,24.834,174,0
2016-12-27,21:15:00,24.826,24.848,24.826,24.848,356,0
2016-12-27,21:20:00,24.834,24.834,24.834,24.834,768,0
2016-12-27,21:40:00,24.813,24.829,24.81,24.829,1131,0
2016-12-27,21:45:00,24.8,24.8,24.8,24.8,2037,0
2016-12-27,21:55:00,24.849,24.849,24.849,24.849,204,0
2016-12-28,15:45:00,24.743,24.743,24.743,24.743,1222,0
2016-12-28,16:25:00,24.783,24.783,24.783,24.783,407,0
2016-12-28,16:50:00,24.783,24.783,24.741,24.752,917,0
2016-12-28,17:45:00,24.849,24.849,24.849,24.849,242,0
2016-12-28,17:55:00,24.751,24.764,24.741,24.751,2546,0
2016-12-28,18:00:00,24.839,24.839,24.742,24.795,3047,0
2016-12-28,18:30:00,24.77,24.77,24.77,24.77,306,0
2016-12-28,18:50:00,24.808,24.808,24.808,24.808,204,0
2016-12-28,21:10:00,24.8,24.8,24.8,24.8,509,0
2016-12-29,17:25:00,24.845,24.845,24.845,24.845,591,0
2016-12-29,17:40:00,24.761,24.761,24.751,24.751,2063,0
2016-12-29,17:45:00,24.782,24.782,24.782,24.782,268,0
2016-12-29,18:00:00,24.751,24.779,24.731,24.77,1019,0
2016-12-29,18:05:00,24.778,24.778,24.778,24.778,407,0
2016-12-29,18:15:00,24.731,24.741,24.731,24.731,1404,0
2016-12-29,18:20:00,24.711,24.72,24.711,24.72,506,0
2016-12-29,18:25:00,24.711,24.721,24.711,24.721,625,0
2016-12-29,18:35:00,24.711,24.711,24.711,24.711,306,0
2016-12-29,18:50:00,24.74,24.74,24.74,24.74,102,0
2016-12-29,18:55:00,24.715,24.715,24.715,24.715,341,0
2016-12-29,19:40:00,24.711,24.718,24.711,24.718,509,0
2016-12-29,19:45:00,24.741,24.741,24.731,24.741,713,0
2016-12-29,19:50:00,24.741,24.741,24.741,24.741,102,0
2016-12-29,19:55:00,24.741,24.741,24.741,24.741,102,0
2016-12-29,20:05:00,24.741,24.741,24.741,24.741,102,0
2016-12-29,20:10:00,24.731,24.731,24.731,24.731,102,0
2016-12-29,20:30:00,24.751,24.751,24.751,24.751,306,0
2016-12-29,20:45:00,24.733,24.733,24.733,24.733,1120,0
2016-12-29,20:50:00,24.751,24.751,24.748,24.749,1019,0
2016-12-29,20:55:00,24.751,24.751,24.751,24.751,762,0
2016-12-29,21:00:00,24.761,24.761,24.761,24.761,102,0
2016-12-29,21:05:00,24.761,24.761,24.761,24.761,204,0
2016-12-29,21:10:00,24.761,24.761,24.761,24.761,1850,0
2016-12-29,21:15:00,24.77,24.819,24.77,24.789,2445,0
2016-12-29,21:25:00,24.761,24.761,24.761,24.761,102,0
2016-12-29,21:30:00,24.761,24.761,24.761,24.761,204,0
2016-12-29,21:35:00,24.761,24.761,24.761,24.761,102,0
2016-12-29,21:40:00,24.741,24.741,24.741,24.741,102,0
2016-12-29,21:45:00,24.751,24.751,24.741,24.741,204,0
2016-12-29,21:50:00,24.741,24.81,24.741,24.81,2241,0
2016-12-29,22:00:00,24.741,24.819,24.741,24.819,2343,0
2016-12-30,15:40:00,24.819,24.819,24.819,24.819,409,0
2016-12-30,16:30:00,24.79,24.829,24.79,24.829,407,0
2016-12-30,16:50:00,24.809,24.829,24.809,24.829,1222,0
2016-12-30,16:55:00,24.829,24.839,24.792,24.839,1074,0
2016-12-30,17:15:00,24.851,24.851,24.851,24.851,443,0
2016-12-30,17:20:00,24.839,24.839,24.839,24.839,204,0
2016-12-30,17:25:00,24.839,24.839,24.839,24.839,102,0
2016-12-30,17:50:00,24.834,24.834,24.834,24.834,306,0
2016-12-30,18:10:00,24.898,24.898,24.898,24.898,102,0
2016-12-30,19:10:00,24.898,24.898,24.898,24.898,407,0
2016-12-30,19:50:00,24.858,24.858,24.858,24.858,204,0
2016-12-30,20:15:00,24.863,24.863,24.863,24.863,611,0
2016-12-30,20:30:00,24.849,24.849,24.849,24.849,306,0
2016-12-30,21:25:00,24.88,24.88,24.88,24.88,234,0
2016-12-30,21:35:00,24.898,24.918,24.864,24.898,1965,0
2016-12-30,21:40:00,24.898,24.912,24.898,24.912,509,0
2016-12-30,21:45:00,24.908,24.908,24.898,24.898,697,0
2017-01-03,15:45:00,24.922,24.922,24.918,24.918,815,0
2017-01-03,16:05:00,24.927,24.927,24.927,24.927,611,0
2017-01-03,16:20:00,24.93,24.93,24.93,24.93,102,0
2017-01-03,16:25:00,24.936,24.937,24.936,24.937,1120,0
2017-01-03,16:35:00,24.951,24.951,24.951,24.951,102,0
2017-01-03,16:50:00,24.944,24.944,24.937,24.937,611,0
2017-01-03,17:10:00,24.946,24.946,24.946,24.946,102,0
2017-01-03,17:35:00,24.948,24.948,24.948,24.948,276,0
2017-01-03,17:50:00,24.953,24.953,24.953,24.953,2750,0
2017-01-03,18:20:00,24.919,24.919,24.918,24.918,407,0
2017-01-03,19:00:00,24.945,24.945,24.945,24.945,418,0
2017-01-03,19:15:00,24.937,24.937,24.937,24.937,102,0
2017-01-03,19:40:00,24.957,25.038,24.957,25.038,6672,0
2017-01-03,21:25:00,25.022,25.022,25.022,25.022,204,0
2017-01-03,21:35:00,25.026,25.026,25.026,25.026,204,0
2017-01-03,22:00:00,25.016,25.026,25.016,25.026,306,0
2017-01-04,15:35:00,25.035,25.035,25.035,25.035,1426,0
2017-01-04,17:30:00,25.035,25.065,25.035,25.045,8352,0
2017-01-04,17:35:00,25.065,25.065,25.065,25.065,505,0
2017-01-04,17:50:00,25.065,25.066,25.065,25.066,1507,0
2017-01-04,18:00:00,25.065,25.065,25.065,25.065,387,0
2017-01-04,18:20:00,25.118,25.124,25.118,25.124,306,0
2017-01-04,19:55:00,25.103,25.103,25.103,25.103,178,0
2017-01-04,20:05:00,25.075,25.075,25.075,25.075,306,0
2017-01-04,20:10:00,25.075,25.08,25.075,25.08,815,0
2017-01-04,20:50:00,25.099,25.099,25.099,25.099,315,0
2017-01-04,21:35:00,25.104,25.114,25.104,25.114,204,0
2017-01-04,22:00:00,25.104,25.104,25.065,25.065,615,0
2017-01-05,15:35:00,25.085,25.085,25.085,25.085,102,0
2017-01-05,16:15:00,25.026,25.026,25.026,25.026,407,0
2017-01-05,16:35:00,24.981,24.981,24.981,24.981,340,0
2017-01-05,16:40:00,24.978,24.986,24.977,24.977,919,0
2017-01-05,17:35:00,24.989,24.989,24.989,24.989,407,0
2017-01-05,19:00:00,24.999,24.999,24.999,24.999,153,0
2017-01-05,21:15:00,25.045,25.045,25.045,25.045,509,0
2017-01-05,21:20:00,25.045,25.045,25.045,25.045,204,0
2017-01-05,21:30:00,25.048,25.048,25.048,25.048,290,0
2017-01-05,21:50:00,25.045,25.045,25.045,25.045,204,0
2017-01-06,16:05:00,25.045,25.045,24.986,24.986,2037,0
2017-01-06,16:15:00,25.075,25.085,25.045,25.075,1120,0
2017-01-06,18:00:00,24.989,24.996,24.989,24.996,2139,0
2017-01-06,18:20:00,25.006,25.006,24.986,24.986,2573,0
2017-01-06,19:05:00,24.986,24.986,24.986,24.986,102,0
2017-01-06,19:40:00,25.004,25.004,25.004,25.004,407,0
2017-01-06,20:45:00,25.035,25.036,25.035,25.035,1120,0
2017-01-06,21:50:00,25.113,25.113,25.085,25.085,662,0
2017-01-06,22:00:00,25.045,25.045,25.035,25.035,204,0
2017-01-09,15:40:00,25.078,25.079,25.078,25.079,4074,0
2017-01-09,16:10:00,25.045,25.045,25.045,25.045,407,0
2017-01-09,16:30:00,25.075,25.075,25.035,25.035,917,0
2017-01-09,17:35:00,25.075,25.075,25.075,25.075,407,0
2017-01-09,17:50:00,25.041,25.041,25.041,25.041,102,0
2017-01-09,18:00:00,25.046,25.046,25.046,25.046,458,0
2017-01-09,18:05:00,25.041,25.041,25.041,25.041,127,0
2017-01-09,18:15:00,25.027,25.027,25.027,25.027,178,0
2017-01-09,18:45:00,25.075,25.075,25.075,25.075,407,0
2017-01-09,18:50:00,25.065,25.085,25.065,25.085,407,0
2017-01-09,19:10:00,25.075,25.075,25.075,25.075,815,0
2017-01-09,19:45:00,25.075,25.085,25.075,25.075,1069,0
2017-01-09,19:50:00,25.075,25.075,25.075,25.075,1042,0
2017-01-09,20:30:00,25.081,25.081,25.081,25.081,1019,0
2017-01-09,21:15:00,25.08,25.08,25.08,25.08,204,0
2017-01-09,21:35:00,25.085,25.085,25.084,25.085,3763,0
2017-01-09,21:40:00,25.075,25.075,25.075,25.075,102,0
2017-01-09,21:50:00,25.075,25.075,25.075,25.075,204,0
2017-01-09,21:55:00,25.075,25.075,25.075,25.075,102,0
2017-01-09,22:00:00,25.075,25.085,25.075,25.085,306,0
2017-01-10,15:35:00,25.124,25.124,25.124,25.124,407,0
2017-01-10,16:10:00,25.085,25.085,25.085,25.085,102,0
2017-01-10,17:05:00,25.066,25.066,25.066,25.066,173,0
2017-01-10,17:15:00,25.085,25.134,25.075,25.134,890,0
2017-01-10,17:20:00,25.096,25.096,25.096,25.096,113,0
2017-01-10,17:55:00,25.064,25.064,25.064,25.064,1019,0
2017-01-10,18:45:00,25.085,25.085,25.085,25.085,102,0
2017-01-10,19:45:00,25.143,25.143,25.143,25.143,102,0
2017-01-10,20:20:00,25.07,25.07,25.07,25.07,2037,0
2017-01-10,21:05:00,25.117,25.117,25.117,25.117,306,0
2017-01-10,21:20:00,25.141,25.141,25.141,25.141,407,0
2017-01-10,21:55:00,25.143,25.143,25.143,25.143,102,0
2017-01-11,16:00:00,25.143,25.143,25.035,25.035,917,0
2017-01-11,16:10:00,25.026,25.026,25.026,25.026,102,0
2017-01-11,17:00:00,25.045,25.045,24.986,24.996,2474,0
2017-01-11,17:10:00,25.076,25.076,25.075,25.075,1120,0
2017-01-11,17:15:00,25.1,25.1,25.023,25.023,2037,0
2017-01-11,17:20:00,25.1,25.1,25.065,25.065,1120,0
2017-01-11,18:40:00,25.044,25.044,25.018,25.018,1069,0
2017-01-11,19:15:00,25.04,25.114,24.986,25.114,3259,0
2017-01-11,19:25:00,25.016,25.016,25.016,25.016,102,0
2017-01-11,19:35:00,25.026,25.026,25.026,25.026,102,0
2017-01-11,19:40:00,25.107,25.107,25.107,25.107,2037,0
2017-01-11,19:45:00,25.122,25.122,25.016,25.016,306,0
2017-01-11,20:20:00,25.124,25.124,25.016,25.016,306,0
2017-01-11,20:25:00,25.072,25.072,25.029,25.029,509,0
2017-01-11,20:30:00,25.094,25.153,24.988,24.988,2657,0
2017-01-11,21:25:00,25.065,25.065,25.065,25.065,595,0
2017-01-11,21:50:00,25.12,25.12,25.12,25.12,1019,0
2017-01-12,15:55:00,25.134,25.143,25.134,25.143,204,0
2017-01-12,16:35:00,25.056,25.065,25.056,25.065,306,0
2017-01-12,18:45:00,25.046,25.046,25.046,25.046,178,0
2017-01-12,19:10:00,25.058,25.058,25.058,25.058,2037,0
2017-01-12,19:20:00,25.045,25.07,25.045,25.07,473,0
2017-01-12,19:25:00,25.08,25.104,25.08,25.104,713,0
2017-01-12,19:30:00,25.104,25.104,25.104,25.104,204,0
2017-01-12,21:10:00,25.143,25.143,25.074,25.126,1782,0
2017-01-13,15:55:00,25.086,25.086,25.086,25.086,815,0
2017-01-13,16:00:00,25.143,25.143,25.143,25.143,102,0
2017-01-13,16:05:00,25.143,25.153,25.143,25.153,407,0
2017-01-13,16:10:00,25.153,25.153,25.153,25.153,204,0
2017-01-13,16:15:00,25.153,25.153,25.153,25.153,305,0
2017-01-13,17:00:00,25.128,25.128,25.128,25.128,762,0
2017-01-13,17:15:00,25.065,25.078,25.065,25.078,1186,0
2017-01-13,18:20:00,25.108,25.108,25.108,25.108,407,0
2017-01-13,19:15:00,25.065,25.065,25.035,25.035,1528,0
2017-01-13,20:30:00,25.107,25.107,25.107,25.107,509,0
2017-01-13,21:10:00,25.07,25.07,25.055,25.055,4074,0
2017-01-13,21:15:00,25.094,25.094,25.094,25.094,112,0
2017-01-13,21:25:00,25.094,25.095,25.094,25.095,591,0
2017-01-13,21:30:00,25.045,25.056,25.045,25.046,1208,0
2017-01-13,21:35:00,25.074,25.074,25.074,25.074,509,0
2017-01-13,22:00:00,25.045,25.045,25.026,25.026,560,0
2017-01-17,16:00:00,25.095,25.095,25.095,25.095,306,0
2017-01-17,16:30:00,25.059,25.059,25.059,25.059,407,0
2017-01-17,16:50:00,25.026,25.026,25.026,25.026,258,0
2017-01-17,17:40:00,25.015,25.015,24.986,24.997,1630,0
2017-01-17,17:50:00,25.009,25.009,25.009,25.009,784,0
2017-01-17,18:10:00,24.995,24.995,24.995,24.995,141,0
2017-01-17,18:20:00,24.998,24.998,24.998,24.998,255,0
2017-01-17,20:10:00,25.016,25.016,25.016,25.016,407,0
2017-01-17,21:10:00,25.016,25.016,25.012,25.012,2037,0
2017-01-17,21:20:00,25.016,25.026,25.016,25.02,1137,0
2017-01-17,22:00:00,25.026,25.026,25.026,25.026,102,0
2017-01-18,15:35:00,25.103,25.103,25.074,25.074,611,0
2017-01-18,16:45:00,25.018,25.018,25.018,25.018,2037,0
2017-01-18,17:55:00,25.142,25.142,25.04,25.04,509,0
2017-01-18,18:10:00,25.134,25.142,25.098,25.134,1019,0
2017-01-18,20:45:00,25.042,25.042,25.042,25.042,488,0
2017-01-19,16:10:00,25.085,25.085,25.085,25.085,102,0
2017-01-19,18:30:00,25.016,25.094,25.016,25.094,1144,0
2017-01-19,18:55:00,25.104,25.104,25.089,25.089,306,0
2017-01-19,19:10:00,25.045,25.045,25.045,25.045,204,0
2017-01-19,19:15:00,25.045,25.114,25.045,25.081,1019,0
2017-01-19,19:20:00,25.085,25.104,25.084,25.084,2852,0
2017-01-19,19:25:00,25.104,25.104,25.041,25.041,919,0
2017-01-19,19:45:00,25.114,25.114,25.114,25.114,102,0
2017-01-19,20:05:00,25.114,25.114,25.114,25.114,204,0
2017-01-19,20:25:00,25.104,25.104,25.104,25.104,102,0
2017-01-19,20:55:00,25.114,25.114,25.065,25.114,1833,0
2017-01-19,21:55:00,25.143,25.153,25.143,25.153,509,0
2017-01-19,22:00:00,25.153,25.153,25.139,25.139,2139,0
2017-01-20,15:35:00,25.075,25.075,25.075,25.075,652,0
2017-01-20,16:25:00,25.123,25.123,25.123,25.123,2012,0
2017-01-20,16:35:00,25.124,25.251,25.124,25.247,2879,0
2017-01-20,16:40:00,25.153,25.261,25.153,25.261,540,0
2017-01-20,16:55:00,25.183,25.187,25.183,25.187,331,0
2017-01-20,17:20:00,25.183,25.183,25.183,25.183,1019,0
2017-01-20,17:25:00,25.212,25.212,25.202,25.202,2139,0
2017-01-20,17:40:00,25.251,25.261,25.232,25.232,968,0
2017-01-20,19:35:00,25.162,25.162,25.162,25.162,255,0
2017-01-23,16:20:00,25.225,25.225,25.225,25.225,1019,0
2017-01-23,17:00:00,25.261,25.261,25.261,25.261,102,0
2017-01-23,17:10:00,25.251,25.271,25.251,25.261,591,0
2017-01-23,18:05:00,25.216,25.216,25.216,25.216,815,0
2017-01-23,18:30:00,25.205,25.205,25.205,25.205,306,0
2017-01-23,19:35:00,25.189,25.189,25.189,25.189,331,0
2017-01-23,20:40:00,25.271,25.271,25.271,25.271,2954,0
2017-01-23,21:45:00,25.291,25.291,25.291,25.291,102,0
2017-01-23,21:55:00,25.32,25.32,25.301,25.301,206,0
2017-01-23,22:00:00,25.32,25.32,25.32,25.32,205,0
2017-01-24,15:45:00,25.212,25.222,25.212,25.212,306,0
2017-01-24,16:50:00,25.334,25.334,25.334,25.334,439,0
2017-01-24,16:55:00,25.301,25.301,25.301,25.301,306,0
2017-01-24,18:00:00,25.39,25.39,25.39,25.39,436,0
2017-01-24,18:45:00,25.397,25.397,25.397,25.397,204,0
2017-01-24,19:50:00,25.37,25.37,25.37,25.37,153,0
2017-01-24,20:05:00,25.356,25.356,25.356,25.356,764,0
2017-01-24,20:20:00,25.381,25.381,25.381,25.381,407,0
2017-01-24,20:30:00,25.419,25.419,25.419,25.419,591,0
2017-01-24,20:45:00,25.378,25.378,25.378,25.378,1222,0
2017-01-24,21:00:00,25.369,25.369,25.369,25.369,280,0
2017-01-25,15:35:00,25.379,25.379,25.379,25.379,1443,0
2017-01-25,15:45:00,25.418,25.418,25.418,25.418,157,0
2017-01-25,16:10:00,25.332,25.332,25.332,25.332,185,0
2017-01-25,16:50:00,25.389,25.389,25.389,25.389,509,0
2017-01-25,17:25:00,25.355,25.355,25.355,25.355,2037,0
2017-01-25,17:40:00,25.34,25.34,25.316,25.316,1960,0
2017-01-25,17:45:00,25.332,25.332,25.332,25.332,1019,0
2017-01-25,17:55:00,25.35,25.35,25.281,25.281,7257,0
2017-01-25,18:00:00,25.281,25.29,25.261,25.29,2241,0
2017-01-25,18:05:00,25.212,25.255,25.202,25.202,2084,0
2017-01-25,18:10:00,25.193,25.193,25.035,25.035,4386,0
2017-01-25,18:15:00,25.035,25.065,25.035,25.065,1630,0
2017-01-25,18:20:00,25.065,25.065,24.957,24.986,1039,0
2017-01-25,18:25:00,24.937,25.055,24.926,25.055,1120,0
2017-01-25,18:30:00,25.039,25.039,24.888,24.888,4278,0
2017-01-25,18:40:00,24.933,24.933,24.888,24.888,8454,0
2017-01-25,18:45:00,24.947,24.947,24.947,24.947,1019,0
2017-01-25,19:00:00,24.923,24.923,24.923,24.923,204,0
2017-01-25,19:10:00,24.967,24.967,24.967,24.967,204,0
2017-01-25,19:20:00,24.982,24.982,24.982,24.982,306,0
2017-01-25,19:25:00,24.986,24.986,24.967,24.977,917,0
2017-01-25,19:30:00,25.006,25.016,24.957,25.006,2241,0
2017-01-25,19:35:00,24.972,24.972,24.957,24.969,306,0
2017-01-25,19:40:00,24.986,24.986,24.986,24.986,306,0
2017-01-25,19:50:00,24.986,24.986,24.986,24.986,458,0
2017-01-25,20:10:00,24.972,24.972,24.972,24.972,306,0
2017-01-25,21:05:00,24.972,24.972,24.957,24.972,611,0
2017-01-25,21:25:00,24.968,24.986,24.968,24.986,866,0
2017-01-25,21:30:00,24.985,24.985,24.985,24.985,102,0
2017-01-25,21:50:00,24.984,24.986,24.984,24.986,2235,0
2017-01-25,21:55:00,25.016,25.016,25.016,25.016,713,0
2017-01-26,17:50:00,25.035,25.035,25.035,25.035,1019,0
2017-01-26,19:00:00,25.104,25.104,25.104,25.104,611,0
2017-01-26,19:25:00,25.053,25.053,25.053,25.053,1019,0
2017-01-26,20:40:00,25.012,25.012,25.012,25.012,713,0
2017-01-26,21:15:00,24.967,24.967,24.967,24.967,102,0
2017-01-26,22:00:00,24.996,24.996,24.977,24.977,407,0
2017-01-27,17:10:00,25.072,25.072,25.072,25.072,776,0
2017-01-27,18:05:00,24.908,24.908,24.908,24.908,178,0
2017-01-27,19:10:00,25.006,25.006,25.006,25.006,509,0
2017-01-27,20:10:00,24.918,24.926,24.908,24.926,1173,0
2017-01-27,20:25:00,24.908,24.908,24.908,24.908,766,0
2017-01-27,20:55:00,24.918,24.918,24.908,24.908,306,0
2017-01-27,21:00:00,24.908,24.908,24.908,24.908,102,0
2017-01-27,21:20:00,24.927,24.927,24.927,24.927,102,0
2017-01-27,21:35:00,24.927,24.927,24.927,24.927,204,0
2017-01-27,21:50:00,24.927,24.927,24.927,24.927,102,0
2017-01-27,21:55:00,24.937,24.937,24.937,24.937,204,0
2017-01-30,15:40:00,24.986,24.986,24.971,24.971,611,0
2017-01-30,15:45:00,24.967,24.967,24.967,24.967,102,0
2017-01-30,15:50:00,24.918,24.918,24.918,24.918,102,0
2017-01-30,15:55:00,24.957,24.985,24.957,24.985,509,0
2017-01-30,16:00:00,24.977,24.977,24.977,24.977,407,0
2017-01-30,16:35:00,24.977,24.977,24.977,24.977,457,0
2017-01-30,16:45:00,24.977,24.977,24.977,24.977,102,0
2017-01-30,17:00:00,24.986,24.986,24.986,24.986,611,0
2017-01-30,17:20:00,25.006,25.006,25.006,25.006,249,0
2017-01-30,17:35:00,25.009,25.009,25.009,25.009,299,0
2017-01-30,17:45:00,25.026,25.026,25.026,25.026,102,0
2017-01-30,19:00:00,25.035,25.035,25.026,25.026,574,0
2017-01-30,20:00:00,25.102,25.102,25.102,25.102,1190,0
2017-01-30,20:15:00,25.106,25.106,25.106,25.106,102,0
2017-01-30,20:20:00,25.085,25.124,25.085,25.1,509,0
2017-01-30,20:50:00,25.114,25.114,25.114,25.114,102,0
2017-01-30,21:35:00,25.085,25.085,25.075,25.075,204,0
2017-01-30,21:50:00,25.045,25.045,25.045,25.045,102,0
2017-01-31,15:40:00,25.065,25.075,25.065,25.075,356,0
2017-01-31,16:50:00,24.967,24.977,24.967,24.967,921,0
2017-01-31,17:35:00,25.035,25.035,25.035,25.035,509,0
2017-01-31,17:55:00,25.071,25.071,25.071,25.071,291,0
2017-01-31,19:10:00,25.055,25.075,25.045,25.045,310,0
2017-01-31,19:15:00,25.065,25.075,25.065,25.075,306,0
2017-01-31,19:20:00,25.075,25.075,25.075,25.075,136,0
2017-01-31,19:50:00,25.075,25.114,25.043,25.093,2597,0
2017-01-31,19:55:00,24.997,24.997,24.997,24.997,509,0
2017-01-31,20:20:00,25.03,25.03,25.03,25.03,306,0
2017-01-31,21:20:00,25.039,25.039,25.039,25.039,407,0
2017-01-31,21:25:00,25.049,25.049,25.049,25.049,407,0
2017-01-31,21:50:00,25.104,25.104,25.079,25.079,356,0
2017-01-31,22:00:00,25.104,25.114,25.104,25.114,433,0
2017-02-01,16:00:00,25.103,25.103,25.103,25.103,204,0
2017-02-01,16:35:00,25.075,25.075,25.035,25.035,1513,0
2017-02-01,17:55:00,25.066,25.066,25.066,25.066,204,0
2017-02-01,20:45:00,25.034,25.038,25.034,25.038,204,0
2017-02-01,21:40:00,25.035,25.035,25.026,25.026,544,0
2017-02-01,22:00:00,25.026,25.026,25.026,25.026,102,0
2017-02-02,15:55:00,25.012,25.012,25.012,25.012,1528,0
2017-02-02,17:25:00,25.104,25.114,25.104,25.114,504,0
2017-02-02,17:40:00,25.026,25.057,25.026,25.057,2715,0
2017-02-02,18:35:00,25.073,25.073,25.073,25.073,102,0
2017-02-02,18:50:00,25.114,25.183,25.065,25.183,2037,0
2017-02-02,19:55:00,25.035,25.035,25.035,25.035,475,0
2017-02-02,21:35:00,25.065,25.085,25.065,25.085,306,0
2017-02-02,22:00:00,25.104,25.104,25.104,25.104,102,0
2017-02-03,15:55:00,25.139,25.139,25.139,25.139,268,0
2017-02-03,16:45:00,25.094,25.14,25.094,25.104,1019,0
2017-02-03,17:55:00,25.08,25.08,25.08,25.08,61,0
2017-02-03,19:20:00,25.102,25.102,25.102,25.102,6,0
2017-02-03,19:50:00,25.097,25.097,25.097,25.097,1488,0
2017-02-03,20:10:00,25.114,25.202,25.114,25.163,2098,0
2017-02-03,21:00:00,25.081,25.081,25.081,25.081,102,0
2017-02-03,21:35:00,25.104,25.104,25.104,25.104,1019,0
2017-02-03,21:40:00,25.089,25.094,25.089,25.094,407,0
2017-02-03,21:45:00,25.104,25.104,25.104,25.104,204,0
2017-02-03,22:00:00,25.094,25.104,25.094,25.104,81,0
2017-02-06,15:45:00,25.134,25.134,25.134,25.134,102,0
2017-02-06,18:25:00,25.045,25.045,25.035,25.04,815,0
2017-02-06,19:15:00,25.094,25.094,25.085,25.085,407,0
2017-02-06,19:50:00,25.104,25.141,25.098,25.141,1281,0
2017-02-06,20:05:00,25.109,25.109,25.109,25.109,153,0
2017-02-06,21:00:00,25.075,25.075,25.075,25.075,204,0
2017-02-06,21:15:00,25.115,25.115,25.115,25.115,178,0
2017-02-06,21:20:00,25.085,25.085,25.085,25.085,102,0
2017-02-06,22:00:00,25.085,25.085,25.085,25.085,102,0
2017-02-07,15:35:00,25.055,25.055,25.055,25.055,127,0
2017-02-07,16:30:00,25.14,25.144,25.14,25.144,942,0
2017-02-07,16:45:00,25.131,25.131,25.131,25.131,407,0
2017-02-07,17:00:00,25.114,25.137,25.109,25.137,815,0
2017-02-07,17:55:00,25.14,25.14,25.14,25.14,102,0
2017-02-07,19:30:00,25.13,25.13,25.13,25.13,127,0
2017-02-07,20:10:00,25.143,25.202,25.143,25.168,1971,0
2017-02-07,20:25:00,25.202,25.202,25.202,25.202,774,0
2017-02-07,20:30:00,25.261,25.261,25.261,25.261,102,0
2017-02-07,20:35:00,25.23,25.23,25.23,25.23,407,0
2017-02-07,20:50:00,25.246,25.246,25.246,25.246,407,0
2017-02-07,20:55:00,25.246,25.246,25.246,25.246,407,0
2017-02-07,21:15:00,25.271,25.271,25.271,25.271,346,0
2017-02-07,21:20:00,25.265,25.291,25.233,25.253,1161,0
2017-02-07,22:00:00,25.291,25.291,25.291,25.291,204,0
2017-02-08,15:55:00,25.138,25.138,25.138,25.138,407,0
2017-02-08,16:00:00,25.261,25.261,25.261,25.261,407,0
2017-02-08,16:05:00,25.261,25.281,25.261,25.271,1324,0
2017-02-08,17:10:00,25.251,25.251,25.251,25.251,407,0
2017-02-08,17:15:00,25.25,25.25,25.25,25.25,407,0
2017-02-08,17:20:00,25.251,25.261,25.251,25.261,306,0
2017-02-08,17:25:00,25.261,25.261,25.25,25.25,509,0
2017-02-08,17:30:00,25.251,25.251,25.251,25.251,306,0
2017-02-08,17:40:00,25.261,25.27,25.254,25.27,713,0
2017-02-08,19:05:00,25.252,25.252,25.252,25.252,993,0
2017-02-08,19:25:00,25.242,25.242,25.242,25.242,244,0
2017-02-08,19:45:00,25.25,25.25,25.25,25.25,306,0
2017-02-08,19:55:00,25.261,25.261,25.261,25.261,204,0
2017-02-08,22:00:00,25.251,25.261,25.251,25.261,306,0
2017-02-09,17:35:00,25.168,25.168,25.168,25.168,306,0
2017-02-09,19:25:00,25.152,25.233,25.152,25.233,2841,0
2017-02-09,19:30:00,25.13,25.247,25.13,25.247,840,0
2017-02-09,19:45:00,25.221,25.221,25.221,25.221,560,0
2017-02-09,20:50:00,25.175,25.175,25.175,25.175,204,0
2017-02-10,16:00:00,25.173,25.212,25.173,25.212,509,0
2017-02-10,16:55:00,25.212,25.212,25.212,25.212,2546,0
2017-02-10,17:00:00,25.266,25.266,25.266,25.266,509,0
2017-02-10,17:05:00,25.212,25.212,25.163,25.163,1019,0
2017-02-10,17:20:00,25.202,25.202,25.202,25.202,204,0
2017-02-10,19:50:00,25.242,25.242,25.242,25.242,102,0
2017-02-10,20:50:00,25.212,25.212,25.202,25.202,306,0
2017-02-10,21:25:00,25.212,25.212,25.212,25.212,407,0
2017-02-10,21:40:00,25.224,25.224,25.224,25.224,1019,0
2017-02-10,22:00:00,25.193,25.193,25.134,25.134,693,0
2017-02-13,15:40:00,25.204,25.204,25.204,25.204,794,0
2017-02-13,16:05:00,25.207,25.207,25.207,25.207,204,0
2017-02-13,16:20:00,25.17,25.17,25.17,25.17,204,0
2017-02-13,17:00:00,25.209,25.209,25.209,25.209,204,0
2017-02-13,17:40:00,25.172,25.172,25.172,25.172,188,0
2017-02-13,19:00:00,25.172,25.172,25.172,25.172,185,0
2017-02-13,19:40:00,25.224,25.251,25.224,25.224,815,0
2017-02-13,19:45:00,25.208,25.208,25.208,25.208,255,0
2017-02-13,20:10:00,25.218,25.218,25.218,25.218,204,0
2017-02-13,20:35:00,25.16,25.219,25.16,25.219,1176,0
2017-02-13,20:55:00,25.215,25.215,25.215,25.215,331,0
2017-02-13,21:25:00,25.214,25.214,25.214,25.214,3972,0
2017-02-14,15:50:00,25.134,25.134,24.986,24.986,7069,0
2017-02-14,16:00:00,25.104,25.114,25.104,25.114,204,0
2017-02-14,16:20:00,25.075,25.075,25.075,25.075,102,0
2017-02-14,16:25:00,25.114,25.114,25.114,25.114,102,0
2017-02-14,16:55:00,25.065,25.065,25.065,25.065,102,0
2017-02-14,17:25:00,25.045,25.045,25.045,25.045,306,0
2017-02-14,17:50:00,25.045,25.045,25.045,25.045,204,0
2017-02-14,18:25:00,25.075,25.094,25.075,25.094,662,0
2017-02-14,19:00:00,25.079,25.079,25.079,25.079,407,0
2017-02-14,19:25:00,25.094,25.094,25.086,25.086,1528,0
2017-02-14,20:45:00,25.055,25.055,25.055,25.055,255,0
2017-02-14,20:50:00,25.055,25.055,25.016,25.016,1750,0
2017-02-14,21:10:00,25.035,25.035,25.035,25.035,204,0
2017-02-14,21:45:00,25.087,25.087,25.068,25.068,662,0
2017-02-15,15:50:00,25.022,25.022,25.022,25.022,611,0
2017-02-15,16:00:00,25.067,25.067,25.067,25.067,1426,0
2017-02-15,17:40:00,25.1,25.1,25.1,25.1,509,0
2017-02-15,21:30:00,25.159,25.159,25.159,25.159,407,0
2017-02-15,21:55:00,25.155,25.155,25.155,25.155,484,0
2017-02-16,18:20:00,25.111,25.111,25.111,25.111,917,0
2017-02-16,18:50:00,25.133,25.133,25.133,25.133,204,0
2017-02-16,19:00:00,25.125,25.125,25.125,25.125,173,0
2017-02-16,19:25:00,25.075,25.075,25.075,25.075,204,0
2017-02-16,20:25:00,25.138,25.138,25.138,25.138,306,0
2017-02-16,20:45:00,25.076,25.076,25.076,25.076,560,0
2017-02-16,21:20:00,25.098,25.098,25.098,25.098,509,0
2017-02-16,21:35:00,25.124,25.124,25.109,25.109,766,0
2017-02-16,22:00:00,25.134,25.134,25.134,25.134,407,0
2017-02-17,15:35:00,25.114,25.114,25.114,25.114,143,0
2017-02-17,16:05:00,25.122,25.122,25.122,25.122,299,0
2017-02-17,18:10:00,25.122,25.122,25.122,25.122,509,0
2017-02-17,20:05:00,25.099,25.099,25.099,25.099,157,0
2017-02-17,20:45:00,25.086,25.086,25.086,25.086,102,0
2017-02-17,20:50:00,25.104,25.104,25.104,25.104,713,0
2017-02-17,21:00:00,25.087,25.087,25.087,25.087,1171,0
2017-02-17,21:10:00,25.085,25.085,25.075,25.083,2241,0
2017-02-17,21:15:00,25.075,25.084,25.065,25.065,2241,0
2017-02-17,21:20:00,25.065,25.065,25.065,25.065,611,0
2017-02-17,21:30:00,25.055,25.055,25.025,25.025,1019,0
2017-02-17,21:50:00,25.006,25.016,25.006,25.016,204,0
2017-02-17,21:55:00,25.05,25.05,25.05,25.05,1019,0
2017-02-17,22:00:00,25.006,25.016,25.006,25.006,443,0
2017-02-21,15:35:00,25.114,25.114,25.114,25.114,204,0
2017-02-21,15:40:00,25.031,25.031,25.031,25.031,509,0
2017-02-21,16:40:00,25.035,25.035,25.026,25.035,917,0
2017-02-21,16:45:00,25.115,25.115,25.115,25.115,407,0
2017-02-21,18:30:00,25.069,25.069,25.069,25.069,815,0
2017-02-21,18:40:00,25.07,25.07,25.07,25.07,1355,0
2017-02-21,19:00:00,25.07,25.07,25.07,25.07,1375,0
2017-02-21,20:05:00,25.061,25.061,25.061,25.061,204,0
2017-02-21,20:10:00,25.075,25.094,25.055,25.07,1920,0
2017-02-21,20:40:00,25.03,25.03,25.03,25.03,611,0
2017-02-21,20:50:00,25.061,25.061,25.061,25.061,407,0
2017-02-21,20:55:00,25.032,25.032,25.032,25.032,407,0
2017-02-21,21:00:00,25.044,25.044,25.044,25.044,1120,0
2017-02-21,21:20:00,25.071,25.071,25.071,25.071,204,0
2017-02-21,21:30:00,25.007,25.007,25.007,25.007,306,0
2017-02-21,22:00:00,25.017,25.017,25.016,25.016,204,0
2017-02-22,17:00:00,25.055,25.055,25.055,25.055,153,0
2017-02-22,17:50:00,25.017,25.017,25.017,25.017,1019,0
2017-02-22,18:05:00,25.08,25.08,25.08,25.08,2012,0
2017-02-22,19:10:00,25.052,25.052,25.052,25.052,102,0
2017-02-22,19:30:00,25.048,25.048,25.048,25.048,815,0
2017-02-22,20:05:00,25.045,25.045,25.045,25.045,728,0
2017-02-22,20:15:00,25.113,25.113,25.113,25.113,382,0
2017-02-22,21:25:00,25.094,25.114,25.094,25.105,2445,0
2017-02-22,21:30:00,25.114,25.124,25.094,25.094,3514,0
2017-02-22,21:45:00,25.124,25.193,25.124,25.169,5424,0
2017-02-22,21:50:00,25.183,25.183,25.183,25.183,204,0
2017-02-22,21:55:00,25.193,25.291,25.193,25.252,3998,0
2017-02-22,22:00:00,25.271,25.271,25.271,25.271,204,0
2017-02-23,15:35:00,25.124,25.124,25.124,25.124,184,0
2017-02-23,15:45:00,25.125,25.125,25.125,25.125,1324,0
2017-02-23,16:20:00,25.222,25.222,25.222,25.222,306,0
2017-02-23,16:30:00,25.222,25.222,25.222,25.222,144,0
2017-02-23,18:00:00,25.251,25.291,25.251,25.291,2954,0
2017-02-23,18:15:00,25.281,25.281,25.281,25.281,509,0
2017-02-23,18:30:00,25.33,25.33,25.33,25.33,1222,0
2017-02-23,19:30:00,25.272,25.272,25.272,25.272,713,0
2017-02-23,19:35:00,25.272,25.272,25.272,25.272,204,0
2017-02-23,20:05:00,25.342,25.342,25.333,25.333,1528,0
2017-02-23,20:15:00,25.32,25.32,25.32,25.32,1547,0
2017-02-23,21:05:00,25.309,25.309,25.309,25.309,1528,0
2017-02-23,21:10:00,25.271,25.271,25.163,25.201,407,0
2017-02-23,21:25:00,25.304,25.304,25.304,25.304,217,0
2017-02-23,21:55:00,25.304,25.304,25.304,25.304,457,0
2017-02-24,15:35:00,25.291,25.291,25.291,25.291,339,0
2017-02-24,16:10:00,25.291,25.33,25.291,25.33,611,0
2017-02-24,17:15:00,25.303,25.303,25.303,25.303,407,0
2017-02-24,17:35:00,25.291,25.291,25.183,25.183,815,0
2017-02-24,19:20:00,25.216,25.216,25.216,25.216,377,0
2017-02-24,19:50:00,25.217,25.217,25.217,25.217,458,0
2017-02-24,20:00:00,25.232,25.261,25.225,25.225,1161,0
2017-02-24,20:10:00,25.261,25.261,25.261,25.261,5052,0
2017-02-24,21:20:00,25.31,25.369,25.31,25.369,1528,0
2017-02-24,21:30:00,25.359,25.359,25.352,25.352,815,0
2017-02-24,21:50:00,25.369,25.369,25.369,25.369,102,0
2017-02-24,22:00:00,25.369,25.369,25.369,25.369,204,0
2017-02-27,15:40:00,25.359,25.359,25.359,25.359,102,0
2017-02-27,16:20:00,25.359,25.359,25.359,25.359,306,0
2017-02-27,16:25:00,25.359,25.359,25.359,25.359,815,0
2017-02-27,17:10:00,25.359,25.369,25.359,25.369,815,0
2017-02-27,17:20:00,25.369,25.369,25.352,25.352,1222,0
2017-02-27,18:05:00,25.309,25.309,25.309,25.309,1401,0
2017-02-27,19:20:00,25.285,25.285,25.285,25.285,1019,0
2017-02-27,20:00:00,25.33,25.35,25.33,25.35,721,0
2017-02-27,20:55:00,25.32,25.32,25.32,25.32,204,0
2017-02-27,21:20:00,25.114,25.114,25.114,25.114,509,0
2017-02-27,21:25:00,25.33,25.369,25.292,25.332,3993,0
2017-02-27,21:35:00,25.33,25.33,25.33,25.33,149,0
2017-02-27,21:40:00,25.248,25.294,25.248,25.294,1732,0
2017-02-27,22:00:00,25.379,25.418,25.379,25.418,1019,0
2017-02-28,15:40:00,25.409,25.409,25.409,25.409,102,0
2017-02-28,20:20:00,25.389,25.389,25.389,25.389,306,0
2017-02-28,20:35:00,25.379,25.379,25.379,25.379,204,0
2017-02-28,20:50:00,25.194,25.194,25.194,25.194,464,0
2017-02-28,21:30:00,25.32,25.32,25.244,25.287,1630,0
2017-02-28,21:40:00,25.389,25.389,25.389,25.389,102,0
2017-02-28,21:45:00,25.379,25.409,25.379,25.409,306,0
2017-02-28,21:55:00,25.409,25.418,25.409,25.418,1222,0
2017-02-28,22:00:00,25.389,25.418,25.389,25.418,4991,0
2017-03-01,15:35:00,25.379,25.379,25.379,25.379,736,0
2017-03-01,16:05:00,25.412,25.412,25.379,25.379,1630,0
2017-03-01,18:50:00,25.409,25.409,25.389,25.399,3086,0
2017-03-01,20:05:00,25.4,25.424,25.399,25.405,1110,0
2017-03-01,21:55:00,25.389,25.389,25.389,25.389,306,0
2017-03-01,22:00:00,25.409,25.428,25.409,25.428,917,0
2017-03-02,16:15:00,25.202,25.202,25.202,25.202,369,0
2017-03-02,20:35:00,25.339,25.339,25.339,25.339,1600,0
2017-03-02,20:40:00,25.371,25.409,25.371,25.409,1019,0
2017-03-02,20:50:00,25.409,25.409,25.409,25.409,125,0
2017-03-02,21:00:00,25.409,25.409,25.409,25.409,3440,0
2017-03-02,21:55:00,25.409,25.409,25.409,25.409,127,0
2017-03-02,22:00:00,25.409,25.409,25.409,25.409,125,0
2017-03-03,16:15:00,25.385,25.385,25.385,25.385,632,0
2017-03-03,16:45:00,25.34,25.34,25.33,25.33,407,0
2017-03-03,17:40:00,25.354,25.354,25.164,25.164,808,0
2017-03-03,18:40:00,25.193,25.193,25.193,25.193,1019,0
2017-03-03,19:00:00,25.193,25.193,25.193,25.193,509,0
2017-03-06,16:20:00,25.135,25.135,25.135,25.135,509,0
2017-03-06,20:05:00,25.267,25.267,25.267,25.267,126,0
2017-03-06,20:45:00,25.153,25.153,25.153,25.153,102,0
2017-03-06,21:05:00,25.134,25.134,25.134,25.134,102,0
2017-03-06,21:20:00,25.134,25.134,25.134,25.134,102,0
2017-03-06,21:30:00,25.134,25.134,25.134,25.134,102,0
2017-03-06,21:40:00,25.173,25.173,25.173,25.173,102,0
2017-03-06,21:50:00,25.134,25.134,25.134,25.134,102,0
2017-03-06,21:55:00,25.134,25.134,25.134,25.134,204,0
2017-03-06,22:00:00,25.173,25.173,25.153,25.153,204,0
2017-03-07,21:40:00,25.282,25.282,25.282,25.282,115,0
2017-03-07,22:00:00,25.173,25.173,25.163,25.163,204,0
2017-03-08,16:45:00,25.218,25.218,25.218,25.218,1019,0
2017-03-08,18:30:00,25.218,25.218,25.218,25.218,102,0
2017-03-08,21:00:00,25.208,25.208,25.208,25.208,306,0
2017-03-08,21:20:00,25.233,25.233,25.233,25.233,235,0
2017-03-08,21:30:00,25.252,25.252,25.252,25.252,550,0
2017-03-09,16:50:00,25.134,25.134,25.134,25.134,1528,0
2017-03-09,20:05:00,25.135,25.135,25.135,25.135,204,0
2017-03-09,21:35:00,25.193,25.193,25.183,25.183,204,0
2017-03-10,15:35:00,25.085,25.085,25.085,25.085,339,0
2017-03-13,18:55:00,25.216,25.216,25.216,25.216,207,0
2017-03-13,20:40:00,25.306,25.306,25.306,25.306,122,0
2017-03-13,20:50:00,25.272,25.272,25.272,25.272,152,0
2017-03-14,17:00:00,25.34,25.34,25.34,25.34,509,0
2017-03-14,20:50:00,25.26,25.26,25.26,25.26,319,0
2017-03-14,21:00:00,25.261,25.261,25.261,25.261,1019,0
2017-03-15,14:35:00,25.54,25.54,25.54,25.54,300,0
2017-03-15,14:40:00,25.52,25.54,25.52,25.54,531,0
2017-03-15,14:45:00,25.8919,25.8919,25.85,25.85,1100,0
2017-03-15,14:50:00,25.658,25.658,25.658,25.658,890,0
2017-03-15,15:00:00,25.75,25.75,25.75,25.75,100,0
2017-03-15,15:15:00,25.74,25.74,25.74,25.74,100,0
2017-03-15,15:30:00,25.72,25.72,25.72,25.72,100,0
2017-03-15,15:45:00,25.7,25.7,25.7,25.7,100,0
2017-03-15,15:55:00,25.7,25.72,25.7,25.72,1568,0
2017-03-15,16:05:00,25.75,25.75,25.75,25.75,100,0
2017-03-15,16:25:00,25.75,25.75,25.75,25.75,100,0
2017-03-15,16:45:00,25.75,25.75,25.75,25.75,100,0
2017-03-15,17:05:00,25.76,25.76,25.76,25.76,100,0
2017-03-15,17:30:00,25.76,25.76,25.76,25.76,100,0
2017-03-15,17:35:00,25.76,25.76,25.76,25.76,200,0
2017-03-15,17:55:00,25.76,25.76,25.76,25.76,100,0
2017-03-15,18:20:00,25.76,25.76,25.76,25.76,100,0
2017-03-15,18:40:00,25.76,25.76,25.76,25.76,100,0
2017-03-15,19:15:00,25.78,25.78,25.78,25.78,500,0
2017-03-15,19:40:00,25.78,25.78,25.78,25.78,900,0
2017-03-15,19:50:00,25.78,25.78,25.78,25.78,500,0
2017-03-15,20:10:00,25.78,25.78,25.78,25.78,975,0
2017-03-16,14:35:00,25.43,25.5026,25.43,25.5026,1078,0
2017-03-16,14:40:00,25.66,25.66,25.66,25.66,1100,0
2017-03-16,14:45:00,25.66,25.66,25.66,25.66,100,0
2017-03-16,14:50:00,25.8118,25.8118,25.8118,25.8118,258,0
2017-03-16,16:20:00,25.72,25.81,25.72,25.81,1930,0
2017-03-16,17:25:00,25.7334,25.7334,25.7334,25.7334,200,0
2017-03-16,18:30:00,25.6572,25.6572,25.6572,25.6572,400,0
2017-03-16,19:00:00,25.7487,25.7487,25.7487,25.7487,700,0
2017-03-16,19:15:00,25.7081,25.7081,25.7081,25.7081,700,0
2017-03-16,19:50:00,25.744,25.744,25.744,25.744,700,0
2017-03-16,19:55:00,25.788,25.788,25.788,25.788,1123,0
2017-03-16,20:05:00,25.79,25.8,25.79,25.8,1100,0
2017-03-16,21:00:00,25.72,25.72,25.72,25.72,100,0
2017-03-17,17:45:00,25.7444,25.7444,25.728,25.728,2200,0
2017-03-17,17:50:00,25.71,25.71,25.7,25.7,2330,0
2017-03-17,18:30:00,25.6835,25.7632,25.6835,25.7632,700,0
2017-03-17,19:25:00,25.7,25.75,25.7,25.75,1100,0
2017-03-17,19:55:00,25.69,25.69,25.69,25.69,100,0
2017-03-17,20:20:00,25.7,25.7,25.7,25.7,300,0
2017-03-17,20:45:00,25.7,25.7,25.7,25.7,600,0
2017-03-17,20:55:00,25.7,25.84,25.66,25.71,5400,0
2017-03-17,21:00:00,25.7725,25.7725,25.7,25.7,1100,0
2017-03-20,14:35:00,25.64,25.64,25.64,25.64,333,0
2017-03-20,14:40:00,25.67,25.67,25.65,25.6508,300,0
2017-03-20,15:10:00,25.6352,25.6352,25.6352,25.6352,245,0
2017-03-20,15:35:00,25.65,25.71,25.65,25.71,679,0
2017-03-20,16:00:00,25.65,25.71,25.65,25.71,500,0
2017-03-20,16:05:00,25.72,25.72,25.72,25.72,300,0
2017-03-20,16:15:00,25.69,25.69,25.69,25.69,100,0
2017-03-20,16:30:00,25.661,25.69,25.63,25.63,3250,0
2017-03-20,16:35:00,25.62,25.63,25.62,25.63,700,0
2017-03-20,16:40:00,25.63,25.71,25.63,25.71,900,0
2017-03-20,17:05:00,25.63,25.63,25.63,25.63,100,0
2017-03-20,17:15:00,25.69,25.72,25.69,25.69,800,0
2017-03-20,18:25:00,25.691,25.691,25.691,25.691,100,0
2017-03-20,18:45:00,25.72,25.72,25.72,25.72,100,0
2017-03-20,19:00:00,25.76,25.854,25.76,25.8,1250,0
2017-03-20,19:15:00,25.8,25.856,25.7301,25.7559,2300,0
2017-03-20,19:25:00,25.844,25.85,25.844,25.85,500,0
2017-03-20,19:30:00,25.85,25.86,25.85,25.86,1600,0
2017-03-20,19:45:00,25.774,25.774,25.72,25.72,700,0
2017-03-20,19:55:00,25.72,25.7614,25.72,25.7614,500,0
2017-03-20,20:35:00,25.7235,25.7235,25.7235,25.7235,1412,0
2017-03-20,20:45:00,25.73,25.73,25.67,25.72,1490,0
2017-03-20,20:50:00,25.86,25.86,25.86,25.86,400,0
2017-03-20,20:55:00,25.77,25.77,25.77,25.77,100,0
2017-03-20,21:00:00,25.74,25.74,25.74,25.74,100,0
2017-03-21,14:40:00,25.7939,25.7939,25.7939,25.7939,150,0
2017-03-21,14:45:00,25.826,25.826,25.826,25.826,200,0
2017-03-21,15:25:00,25.8408,25.8408,25.71,25.71,1100,0
2017-03-21,15:30:00,25.7,25.7,25.53,25.58,5598,0
2017-03-21,15:35:00,25.5403,25.5403,25.5403,25.5403,232,0
2017-03-21,16:25:00,25.54,25.54,25.54,25.54,200,0
2017-03-21,16:50:00,25.58,25.58,25.58,25.58,100,0
2017-03-21,17:00:00,25.7899,25.7899,25.7225,25.7225,1575,0
2017-03-21,17:15:00,25.66,25.66,25.65,25.65,700,0
2017-03-21,18:30:00,25.65,25.65,25.65,25.65,310,0
2017-03-21,18:35:00,25.7193,25.7193,25.65,25.65,1024,0
2017-03-21,18:50:00,25.5801,25.5801,25.51,25.51,448,0
2017-03-21,19:20:00,25.586,25.586,25.53,25.53,1100,0
2017-03-21,20:00:00,25.6107,25.6107,25.6107,25.6107,700,0
2017-03-21,20:35:00,25.53,25.53,25.52,25.52,200,0
2017-03-21,20:55:00,25.53,25.53,25.53,25.53,100,0
2017-03-21,21:00:00,25.55,25.56,25.55,25.56,400,0
2017-03-22,14:40:00,25.7299,25.7299,25.6502,25.6502,300,0
2017-03-22,14:45:00,25.52,25.52,25.51,25.51,900,0
2017-03-22,14:55:00,25.703,25.703,25.703,25.703,200,0
2017-03-22,15:30:00,25.5722,25.5722,25.5722,25.5722,800,0
2017-03-22,18:50:00,25.5667,25.5667,25.5667,25.5667,385,0
2017-03-22,19:20:00,25.548,25.548,25.548,25.548,300,0
2017-03-22,20:45:00,25.59,25.82,25.59,25.6,5010,0
2017-03-23,15:20:00,25.62,25.63,25.48,25.48,16000,0
2017-03-23,15:35:00,25.52,25.52,25.52,25.52,775,0
2017-03-23,16:10:00,25.53,25.53,25.53,25.53,100,0
2017-03-23,16:45:00,25.733,25.733,25.51,25.55,2100,0
2017-03-23,16:55:00,25.55,25.55,25.55,25.55,500,0
2017-03-23,17:15:00,25.57,25.58,25.57,25.57,300,0
2017-03-23,18:35:00,25.57,25.57,25.53,25.5676,825,0
2017-03-23,19:20:00,25.57,25.57,25.57,25.57,800,0
2017-03-23,19:25:00,25.575,25.575,25.575,25.575,200,0
2017-03-23,20:20:00,25.52,25.52,25.52,25.52,100,0
2017-03-23,20:25:00,25.53,25.53,25.53,25.53,200,0
2017-03-23,20:40:00,25.53,25.53,25.53,25.53,100,0
2017-03-23,20:45:00,25.53,25.53,25.53,25.53,100,0
2017-03-23,21:00:00,25.53,25.53,25.52,25.52,200,0
2017-03-24,14:35:00,25.57,25.57,25.57,25.57,800,0
2017-03-24,14:40:00,25.56,25.59,25.55,25.55,2600,0
2017-03-24,14:55:00,25.55,25.55,25.55,25.55,260,0
2017-03-24,15:00:00,25.55,25.55,25.55,25.55,300,0
2017-03-24,15:05:00,25.55,25.55,25.55,25.55,9158,0
2017-03-24,15:15:00,25.54,25.54,25.53,25.53,4386,0
2017-03-24,15:35:00,25.53,25.53,25.53,25.53,1400,0
2017-03-24,15:40:00,25.52,25.52,25.52,25.52,3500,0
2017-03-24,15:45:00,25.52,25.52,25.51,25.51,600,0
2017-03-24,16:10:00,25.5158,25.52,25.5158,25.52,1100,0
2017-03-24,16:20:00,25.524,25.524,25.524,25.524,200,0
2017-03-24,16:30:00,25.52,25.52,25.51,25.51,200,0
2017-03-24,17:20:00,25.53,25.53,25.53,25.53,400,0
2017-03-24,17:25:00,25.53,25.53,25.53,25.53,200,0
2017-03-24,18:35:00,25.51,25.52,25.51,25.52,5100,0
2017-03-24,18:50:00,25.52,25.52,25.52,25.52,4810,0
2017-03-24,19:10:00,25.5172,25.52,25.5172,25.52,2206,0
2017-03-24,19:15:00,25.481,25.49,25.48,25.48,2350,0
2017-03-24,19:25:00,25.4989,25.4989,25.4875,25.4875,1400,0
2017-03-24,20:05:00,25.4757,25.4757,25.4757,25.4757,400,0
2017-03-24,21:00:00,25.51,25.51,25.51,25.51,200,0
2017-03-27,15:35:00,25.52,25.52,25.52,25.52,440,0
2017-03-27,16:25:00,25.5774,25.5774,25.5774,25.5774,200,0
2017-03-27,17:25:00,25.7172,25.7172,25.7172,25.7172,300,0
2017-03-27,18:40:00,25.5844,25.5844,25.5844,25.5844,600,0
2017-03-27,19:40:00,25.55,25.6699,25.55,25.6699,1150,0
2017-03-27,19:50:00,25.532,25.532,25.532,25.532,700,0
2017-03-27,20:00:00,25.55,25.56,25.55,25.55,4484,0
2017-03-27,20:05:00,25.55,25.55,25.55,25.55,100,0
2017-03-27,20:10:00,25.55,25.55,25.55,25.55,100,0
2017-03-27,20:40:00,25.6547,25.6547,25.55,25.55,1100,0
2017-03-27,21:25:00,25.54,25.54,25.52,25.53,3700,0
2017-03-27,21:40:00,25.541,25.541,25.541,25.541,1100,0
2017-03-27,21:45:00,25.57,25.57,25.57,25.57,100,0
2017-03-27,21:55:00,25.56,25.56,25.56,25.56,100,0
2017-03-27,22:00:00,25.54,25.54,25.52,25.52,400,0
2017-03-28,15:45:00,25.54,25.54,25.54,25.54,200,0
2017-03-28,15:50:00,25.5536,25.5536,25.5536,25.5536,522,0
2017-03-28,17:10:00,25.57,25.57,25.57,25.57,100,0
2017-03-28,17:15:00,25.6152,25.6152,25.6152,25.6152,250,0
2017-03-28,17:20:00,25.68,25.776,25.67,25.776,3980,0
2017-03-28,17:55:00,25.65,25.65,25.65,25.65,200,0
2017-03-28,18:35:00,25.63,25.66,25.62,25.66,1816,0
2017-03-28,18:40:00,25.57,25.571,25.56,25.56,1200,0
2017-03-28,18:50:00,25.57,25.57,25.57,25.57,200,0
2017-03-28,19:20:00,25.5396,25.5396,25.5396,25.5396,250,0
2017-03-28,21:20:00,25.5681,25.5681,25.5681,25.5681,730,0
2017-03-28,21:30:00,25.57,25.58,25.54,25.58,2440,0
2017-03-28,21:55:00,25.6,25.6,25.6,25.6,2400,0
2017-03-28,22:00:00,25.54,25.54,25.54,25.54,200,0
2017-03-29,15:45:00,25.62,25.62,25.62,25.62,100,0
2017-03-29,16:25:00,25.653,25.653,25.653,25.653,200,0
2017-03-29,16:30:00,25.57,25.57,25.57,25.57,400,0
2017-03-29,16:45:00,25.57,25.57,25.57,25.57,200,0
2017-03-29,17:30:00,25.559,25.559,25.559,25.559,166,0
2017-03-29,17:40:00,25.55,25.55,25.545,25.545,300,0
2017-03-29,18:15:00,25.54,25.54,25.54,25.54,200,0
2017-03-29,18:20:00,25.52,25.55,25.52,25.55,350,0
2017-03-29,18:30:00,25.55,25.55,25.55,25.55,200,0
2017-03-29,18:45:00,25.5599,25.5599,25.5599,25.5599,166,0
2017-03-29,18:50:00,25.56,25.68,25.5573,25.62,6000,0
2017-03-29,20:25:00,25.5935,25.5935,25.5935,25.5935,600,0
2017-03-29,21:10:00,25.55,25.55,25.55,25.55,100,0
2017-03-29,21:50:00,25.6073,25.6073,25.6073,25.6073,200,0
2017-03-29,22:00:00,25.54,25.55,25.53,25.55,1680,0
2017-03-30,17:00:00,25.671,25.671,25.671,25.671,760,0
2017-03-30,21:55:00,25.56,25.57,25.55,25.57,716,0
2017-03-31,15:35:00,25.59,25.59,25.59,25.59,200,0
2017-03-31,16:10:00,25.57,25.57,25.57,25.57,100,0
2017-03-31,16:20:00,25.57,25.57,25.57,25.57,500,0
2017-03-31,16:30:00,25.58,25.58,25.57,25.57,800,0
2017-03-31,16:35:00,25.57,25.57,25.57,25.57,1635,0
2017-03-31,16:45:00,25.56,25.57,25.56,25.57,500,0
2017-03-31,17:00:00,25.8242,25.8242,25.8242,25.8242,1070,0
2017-03-31,17:25:00,25.8,25.8,25.61,25.61,1200,0
2017-03-31,17:35:00,25.73,25.73,25.73,25.73,100,0
2017-03-31,17:50:00,25.64,25.66,25.64,25.66,700,0
2017-03-31,18:00:00,25.66,25.66,25.66,25.66,2200,0
2017-03-31,18:50:00,25.66,25.66,25.66,25.66,300,0
2017-03-31,19:55:00,25.7011,25.7011,25.7011,25.7011,100,0
2017-03-31,21:00:00,25.76,25.76,25.76,25.76,100,0
2017-03-31,21:45:00,25.76,25.76,25.76,25.76,100,0
2017-03-31,21:55:00,25.76,25.76,25.76,25.76,100,0
2017-03-31,22:00:00,25.76,25.76,25.56,25.56,220,0
2017-04-03,16:05:00,25.708,25.708,25.708,25.708,268,0
2017-04-03,17:30:00,25.564,25.564,25.564,25.564,268,0
2017-04-03,18:50:00,25.658,25.658,25.658,25.658,910,0
2017-04-03,19:10:00,25.571,25.571,25.571,25.571,2700,0
2017-04-03,19:15:00,25.62,25.62,25.57,25.58,1200,0
2017-04-03,19:20:00,25.58,25.58,25.58,25.58,300,0
2017-04-03,19:30:00,25.58,25.58,25.58,25.58,1240,0
2017-04-03,19:45:00,25.57,25.58,25.57,25.58,800,0
2017-04-03,19:50:00,25.57,25.58,25.57,25.58,1200,0
2017-04-03,20:40:00,25.66,25.66,25.65,25.65,400,0
2017-04-03,21:45:00,25.6492,25.6492,25.6492,25.6492,130,0
2017-04-03,22:00:00,25.65,25.65,25.65,25.65,300,0
2017-04-04,16:05:00,25.57,25.57,25.53,25.53,700,0
2017-04-04,18:10:00,25.574,25.574,25.574,25.574,400,0
2017-04-04,18:15:00,25.57,25.57,25.57,25.57,100,0
2017-04-04,18:50:00,25.57,25.5992,25.56,25.5984,3080,0
2017-04-04,19:05:00,25.5863,25.5863,25.5863,25.5863,610,0
2017-04-04,19:10:00,25.56,25.56,25.55,25.55,561,0
2017-04-04,19:35:00,25.5624,25.5624,25.5624,25.5624,400,0
2017-04-04,19:55:00,25.55,25.55,25.55,25.55,200,0
2017-04-04,20:45:00,25.54,25.5445,25.54,25.5445,508,0
2017-04-04,22:00:00,25.53,25.53,25.53,25.53,372,0
2017-04-05,17:05:00,25.5059,25.5059,25.5059,25.5059,930,0
2017-04-05,18:45:00,25.5954,25.5954,25.5954,25.5954,600,0
2017-04-05,19:05:00,25.59,25.59,25.59,25.59,200,0
2017-04-05,19:10:00,25.5279,25.5279,25.5279,25.5279,500,0
2017-04-05,19:35:00,25.5307,25.5307,25.5307,25.5307,500,0
2017-04-05,21:05:00,25.49,25.5155,25.47,25.4955,5804,0
2017-04-05,21:25:00,25.47,25.5083,25.47,25.5083,200,0
2017-04-05,21:50:00,25.47,25.47,25.47,25.47,475,0
2017-04-06,17:20:00,25.46,25.46,25.46,25.46,100,0
2017-04-06,17:30:00,25.5321,25.5321,25.5321,25.5321,1000,0
2017-04-06,17:45:00,25.5,25.5,25.5,25.5,500,0
2017-04-06,17:55:00,25.46,25.532,25.46,25.532,780,0
2017-04-06,18:05:00,25.54,25.54,25.53,25.532,1000,0
2017-04-06,18:30:00,25.48,25.48,25.48,25.48,100,0
2017-04-06,18:35:00,25.53,25.532,25.53,25.532,800,0
2017-04-06,19:00:00,25.54,25.54,25.54,25.54,312,0
2017-04-06,19:05:00,25.48,25.5317,25.48,25.5317,700,0
2017-04-06,19:30:00,25.54,25.54,25.5318,25.5318,1000,0
2017-04-06,19:40:00,25.48,25.48,25.48,25.48,100,0
2017-04-06,20:15:00,25.47,25.47,25.47,25.47,100,0
2017-04-06,20:50:00,25.47,25.47,25.47,25.47,100,0
2017-04-06,21:25:00,25.47,25.47,25.47,25.47,100,0
