Date,Time,Open,High,Low,Close,Volume,OpenInt
2017-02-28,15:35:00,1.9,2.04,1.9,1.9675,41902,0
2017-02-28,15:40:00,1.9601,2.03,1.96,2.03,7114,0
2017-02-28,15:45:00,2.0056,2.02,1.96,1.9655,5523,0
2017-02-28,15:50:00,1.98,1.98,1.97,1.97,2400,0
2017-02-28,15:55:00,1.97,2,1.97,2,2801,0
2017-02-28,16:00:00,1.98,1.98,1.95,1.9501,19680,0
2017-02-28,16:05:00,1.9501,1.9741,1.95,1.95,2850,0
2017-02-28,16:10:00,1.98,1.98,1.97,1.97,2306,0
2017-02-28,16:15:00,1.9707,2.0174,1.97,2.0174,4786,0
2017-02-28,16:20:00,2.01,2.03,1.94,1.9717,7355,0
2017-02-28,16:25:00,1.96,1.96,1.95,1.96,400,0
2017-02-28,16:30:00,1.96,2.01,1.91,1.9281,1202,0
2017-02-28,16:35:00,1.99,2,1.9323,1.97,1350,0
2017-02-28,16:40:00,1.93,1.97,1.93,1.97,600,0
2017-02-28,16:45:00,1.97,1.97,1.97,1.97,100,0
2017-02-28,16:50:00,1.97,1.97,1.97,1.97,100,0
2017-02-28,16:55:00,1.93,1.96,1.93,1.94,2104,0
2017-02-28,17:00:00,1.945,1.95,1.945,1.95,700,0
2017-02-28,17:05:00,1.96,1.99,1.96,1.975,3000,0
2017-02-28,17:10:00,1.99,1.99,1.99,1.99,600,0
2017-02-28,17:20:00,1.97,1.97,1.97,1.97,750,0
2017-02-28,17:30:00,1.9601,1.97,1.96,1.97,7575,0
2017-02-28,17:35:00,1.9634,1.97,1.961,1.97,3300,0
2017-02-28,17:40:00,1.97,1.9965,1.94,1.95,9913,0
2017-02-28,17:45:00,1.944,1.95,1.87,1.884,10288,0
2017-02-28,17:50:00,1.9,1.9,1.9,1.9,300,0
2017-02-28,17:55:00,1.9038,1.9038,1.9,1.9,1090,0
2017-02-28,18:00:00,1.9,1.9,1.87,1.87,2130,0
2017-02-28,18:05:00,1.87,1.87,1.77,1.78,18700,0
2017-02-28,18:10:00,1.7849,1.85,1.78,1.85,3508,0
2017-02-28,18:15:00,1.85,1.9399,1.848,1.9,8400,0
2017-02-28,18:20:00,1.907,1.907,1.907,1.907,283,0
2017-02-28,18:25:00,1.9,1.9,1.9,1.9,1100,0
2017-02-28,18:45:00,1.88,1.88,1.8686,1.8686,2600,0
2017-02-28,19:00:00,1.8721,1.8721,1.8721,1.8721,100,0
2017-02-28,19:05:00,1.89,1.89,1.89,1.89,100,0
2017-02-28,19:10:00,1.885,1.89,1.885,1.89,300,0
2017-02-28,19:15:00,1.8752,1.8764,1.8752,1.8764,2560,0
2017-02-28,19:25:00,1.89,1.89,1.87,1.87,2300,0
2017-02-28,19:35:00,1.87,1.88,1.87,1.87,1200,0
2017-02-28,19:40:00,1.87,1.88,1.87,1.88,1799,0
2017-02-28,20:00:00,1.87,1.89,1.85,1.89,15327,0
2017-02-28,20:05:00,1.85,1.89,1.85,1.89,800,0
2017-02-28,20:10:00,1.88,1.88,1.88,1.88,800,0
2017-02-28,20:15:00,1.89,1.89,1.89,1.89,1200,0
2017-02-28,20:25:00,1.86,1.86,1.86,1.86,2000,0
2017-02-28,20:30:00,1.8593,1.8593,1.85,1.85,200,0
2017-02-28,20:35:00,1.87,1.87,1.86,1.87,2000,0
2017-02-28,20:45:00,1.86,1.87,1.86,1.86,3500,0
2017-02-28,20:50:00,1.86,1.86,1.86,1.86,100,0
2017-02-28,20:55:00,1.855,1.86,1.85,1.85,6200,0
2017-02-28,21:00:00,1.86,1.86,1.85,1.86,8269,0
2017-02-28,21:05:00,1.8757,1.8757,1.87,1.87,3600,0
2017-02-28,21:10:00,1.87,1.87,1.87,1.87,100,0
2017-02-28,21:20:00,1.88,1.88,1.87,1.87,1100,0
2017-02-28,21:25:00,1.88,1.88,1.88,1.88,300,0
2017-02-28,21:30:00,1.88,1.88,1.88,1.88,170,0
2017-02-28,21:35:00,1.8772,1.8772,1.8772,1.8772,175,0
2017-02-28,21:40:00,1.88,1.88,1.8693,1.8693,3200,0
2017-02-28,21:45:00,1.88,1.88,1.88,1.88,200,0
2017-02-28,21:50:00,1.88,1.89,1.88,1.88,4570,0
2017-02-28,21:55:00,1.8801,1.8801,1.8801,1.8801,150,0
2017-02-28,22:00:00,1.885,1.9,1.88,1.9,3861,0
2017-03-01,15:35:00,2.01,2.04,2,2.03,2116,0
2017-03-01,15:40:00,2.0149,2.0149,1.94,1.95,4877,0
2017-03-01,15:45:00,1.94,1.9645,1.94,1.9645,1600,0
2017-03-01,15:50:00,1.94,1.9497,1.94,1.9497,3000,0
2017-03-01,15:55:00,1.92,1.95,1.92,1.95,5841,0
2017-03-01,16:00:00,1.96,2.01,1.96,1.964,6650,0
2017-03-01,16:05:00,1.97,1.9996,1.95,1.9628,19226,0
2017-03-01,16:10:00,2,2,1.98,2,3040,0
2017-03-01,16:15:00,2,2.01,1.974,2.01,1820,0
2017-03-01,16:20:00,2.01,2.01,1.9701,2.01,5875,0
2017-03-01,16:25:00,2.01,2.01,1.963,1.963,8365,0
2017-03-01,16:30:00,1.99,1.99,1.9664,1.99,1300,0
2017-03-01,16:40:00,1.975,1.975,1.9621,1.97,470,0
2017-03-01,16:55:00,1.99,1.99,1.99,1.99,100,0
2017-03-01,17:05:00,1.9799,2,1.97,2,1600,0
2017-03-01,17:10:00,1.9799,2,1.97,2,400,0
2017-03-01,17:15:00,1.99,2,1.98,2,5900,0
2017-03-01,17:20:00,1.98,1.981,1.98,1.98,300,0
2017-03-01,17:25:00,1.98,1.99,1.98,1.98,600,0
2017-03-01,17:30:00,1.985,2.01,1.985,2.01,800,0
2017-03-01,17:35:00,2.01,2.03,2.01,2.0269,5250,0
2017-03-01,17:40:00,2.03,2.03,2.0242,2.0242,512,0
2017-03-01,17:55:00,2.04,2.0486,2.03,2.03,12415,0
2017-03-01,18:00:00,2.0261,2.04,2.0261,2.04,1700,0
2017-03-01,18:05:00,2.0499,2.0499,2.04,2.04,1062,0
2017-03-01,18:10:00,2.05,2.05,2.05,2.05,1218,0
2017-03-01,18:20:00,2.074,2.074,2.045,2.045,800,0
2017-03-01,18:25:00,2.05,2.05,2.05,2.05,600,0
2017-03-01,18:35:00,2.0419,2.0419,2.0419,2.0419,1500,0
2017-03-01,18:40:00,2.05,2.05,2.05,2.05,200,0
2017-03-01,18:45:00,2.0524,2.06,2.0524,2.06,1550,0
2017-03-01,18:50:00,2.05,2.05,2.05,2.05,100,0
2017-03-01,19:00:00,2.04,2.05,2.04,2.05,200,0
2017-03-01,19:05:00,2.03,2.03,2.03,2.03,100,0
2017-03-01,19:15:00,2.0615,2.0615,2.0615,2.0615,500,0
2017-03-01,19:30:00,2.036,2.036,2.036,2.036,7000,0
2017-03-01,19:35:00,2.048,2.048,2.04,2.04,1600,0
2017-03-01,19:40:00,2.0331,2.0331,2.03,2.03,254,0
2017-03-01,19:45:00,2.0402,2.0402,2.0402,2.0402,900,0
2017-03-01,19:50:00,2.0498,2.0599,2.035,2.035,1500,0
2017-03-01,20:05:00,2.0336,2.0336,2.0336,2.0336,300,0
2017-03-01,20:10:00,2.035,2.035,2.03,2.03,2756,0
2017-03-01,20:15:00,1.9982,2,1.9961,2,3900,0
2017-03-01,20:30:00,2.0299,2.0299,2.0299,2.0299,996,0
2017-03-01,20:40:00,2.0292,2.0292,2.0292,2.0292,100,0
2017-03-01,20:45:00,2,2,2,2,100,0
2017-03-01,20:50:00,2,2,2,2,100,0
2017-03-01,21:05:00,2,2,2,2,100,0
2017-03-01,21:15:00,2.0069,2.02,2,2.01,7200,0
2017-03-01,21:20:00,2.003,2.003,2.003,2.003,250,0
2017-03-01,21:35:00,2.0101,2.0101,2.01,2.01,4040,0
2017-03-01,21:40:00,2.02,2.04,2.02,2.04,2800,0
2017-03-01,21:50:00,2.0399,2.0399,2.035,2.035,1700,0
2017-03-01,21:55:00,2.04,2.04,2.0386,2.04,5579,0
2017-03-01,22:00:00,2.04,2.06,2.035,2.06,6721,0
2017-03-02,15:35:00,2.02,2.02,2.01,2.01,1000,0
2017-03-02,15:40:00,2.01,2.02,2.01,2.02,3076,0
2017-03-02,15:45:00,2.0104,2.0104,2.01,2.01,200,0
2017-03-02,15:50:00,2.0235,2.0235,2.0235,2.0235,2000,0
2017-03-02,15:55:00,2.09,2.21,2.09,2.11,10600,0
2017-03-02,16:00:00,2.11,2.11,2.1,2.1,1900,0
2017-03-02,16:05:00,2.0443,2.0443,2.0443,2.0443,167,0
2017-03-02,16:10:00,2.04,2.04,2.04,2.04,600,0
2017-03-02,16:40:00,2.0531,2.0531,2.0531,2.0531,100,0
2017-03-02,16:50:00,2.056,2.056,2.056,2.056,119,0
2017-03-02,16:55:00,2.08,2.08,2.08,2.08,200,0
2017-03-02,17:00:00,2.08,2.09,2.08,2.08,1700,0
2017-03-02,17:05:00,2.08,2.08,2.08,2.08,300,0
2017-03-02,17:10:00,2.0819,2.1056,2.0819,2.1,3845,0
2017-03-02,17:15:00,2.1031,2.13,2.1031,2.13,750,0
2017-03-02,17:30:00,2.1,2.1,2.0601,2.1,2046,0
2017-03-02,17:35:00,2.0631,2.0631,2.0631,2.0631,500,0
2017-03-02,17:40:00,2.08,2.08,2.08,2.08,100,0
2017-03-02,17:50:00,2.1,2.1,2.1,2.1,100,0
2017-03-02,18:00:00,2.12,2.1232,2.12,2.1232,1100,0
2017-03-02,18:35:00,2.1299,2.1299,2.12,2.12,734,0
2017-03-02,18:40:00,2.1,2.1,2.1,2.1,100,0
2017-03-02,18:45:00,2.112,2.112,2.112,2.112,150,0
2017-03-02,19:55:00,2.1278,2.1278,2.1278,2.1278,100,0
2017-03-02,20:00:00,2.1057,2.1057,2.1057,2.1057,250,0
2017-03-02,20:05:00,2.1299,2.1299,2.1299,2.1299,500,0
2017-03-02,20:15:00,2.1297,2.1297,2.1297,2.1297,2000,0
2017-03-02,20:25:00,2.1299,2.1299,2.1299,2.1299,150,0
2017-03-02,20:35:00,2.114,2.114,2.1,2.1,2084,0
2017-03-02,20:40:00,2.09,2.09,2.0601,2.07,2635,0
2017-03-02,20:45:00,2.0721,2.0721,2.0721,2.0721,194,0
2017-03-02,21:15:00,2.07,2.07,2.07,2.07,100,0
2017-03-02,21:20:00,2.088,2.088,2.05,2.07,9670,0
2017-03-02,21:25:00,2.05,2.06,2.05,2.0501,6053,0
2017-03-02,21:30:00,2.05,2.06,2.05,2.06,400,0
2017-03-02,21:50:00,2.05,2.05,2.0497,2.0497,9050,0
2017-03-02,21:55:00,2.03,2.03,2.0231,2.0231,200,0
2017-03-02,22:00:00,2.0399,2.0399,2.03,2.03,1000,0
2017-03-03,15:35:00,1.98,1.98,1.98,1.98,4100,0
2017-03-03,15:45:00,2.0228,2.0228,2.0228,2.0228,600,0
2017-03-03,15:50:00,2.0444,2.0444,1.85,2.015,10716,0
2017-03-03,15:55:00,1.98,1.98,1.96,1.96,1300,0
2017-03-03,16:00:00,1.96,2.05,1.96,2.03,1560,0
2017-03-03,16:25:00,2.03,2.03,2.03,2.03,300,0
2017-03-03,16:30:00,2.02,2.02,2.02,2.02,722,0
2017-03-03,16:40:00,2.0214,2.0214,2.02,2.02,1100,0
2017-03-03,16:45:00,2.04,2.12,2.04,2.1002,1500,0
2017-03-03,16:50:00,2.0993,2.0993,2.0993,2.0993,140,0
2017-03-03,17:00:00,2.03,2.03,2.03,2.03,100,0
2017-03-03,17:05:00,2.0821,2.0821,2.0821,2.0821,240,0
2017-03-03,17:10:00,2.0979,2.0979,2.0979,2.0979,666,0
2017-03-03,17:25:00,2.065,2.065,2.065,2.065,100,0
2017-03-03,17:45:00,2.04,2.04,2.04,2.04,600,0
2017-03-03,18:00:00,2.04,2.04,2.04,2.04,571,0
2017-03-03,18:30:00,2.03,2.06,2.03,2.03,11700,0
2017-03-03,18:40:00,2.03,2.03,2.03,2.03,500,0
2017-03-03,19:10:00,2,2,2,2,100,0
2017-03-03,19:20:00,2,2,2,2,100,0
2017-03-03,19:25:00,1.9976,1.9976,1.97,1.97,265,0
2017-03-03,19:30:00,1.97,1.97,1.97,1.97,100,0
2017-03-03,19:35:00,1.975,1.9867,1.975,1.9867,1200,0
2017-03-03,19:40:00,1.96,1.96,1.96,1.96,100,0
2017-03-03,19:50:00,1.97,1.97,1.97,1.97,800,0
2017-03-03,20:10:00,1.96,1.96,1.96,1.96,699,0
2017-03-03,20:25:00,1.96,1.96,1.96,1.96,1850,0
2017-03-03,20:30:00,1.9898,1.9898,1.9898,1.9898,400,0
2017-03-03,20:35:00,1.98,1.99,1.98,1.99,1300,0
2017-03-03,21:40:00,1.9799,1.9799,1.9799,1.9799,600,0
2017-03-03,22:00:00,1.96,1.96,1.96,1.96,213,0
2017-03-06,15:35:00,2.03,2.03,1.9598,1.9598,2200,0
2017-03-06,15:45:00,1.96,1.96,1.96,1.96,320,0
2017-03-06,15:55:00,1.96,1.96,1.96,1.96,100,0
2017-03-06,16:15:00,1.9549,1.9549,1.9549,1.9549,100,0
2017-03-06,16:20:00,1.95,1.95,1.95,1.95,1998,0
2017-03-06,16:25:00,1.95,1.95,1.95,1.95,100,0
2017-03-06,16:30:00,1.953,1.953,1.95,1.9505,2241,0
2017-03-06,16:35:00,1.95,1.95,1.95,1.95,600,0
2017-03-06,16:50:00,1.93,1.9397,1.93,1.9397,1600,0
2017-03-06,16:55:00,1.93,1.9305,1.93,1.9305,2000,0
2017-03-06,17:00:00,1.9337,1.9337,1.9337,1.9337,448,0
2017-03-06,17:20:00,1.93,1.93,1.93,1.93,1960,0
2017-03-06,17:55:00,1.93,1.93,1.93,1.93,100,0
2017-03-06,18:10:00,1.93,1.9329,1.91,1.91,5872,0
2017-03-06,18:25:00,1.91,1.9299,1.91,1.9299,1919,0
2017-03-06,18:30:00,1.935,1.95,1.935,1.94,1242,0
2017-03-06,18:35:00,1.94,1.94,1.94,1.94,1358,0
2017-03-06,19:15:00,1.9499,1.95,1.9499,1.95,300,0
2017-03-06,20:10:00,1.92,1.92,1.92,1.92,100,0
2017-03-06,21:15:00,1.92,1.92,1.92,1.92,100,0
2017-03-06,21:35:00,1.92,1.93,1.92,1.92,600,0
2017-03-06,21:55:00,1.92,1.9401,1.92,1.9401,3881,0
2017-03-06,22:00:00,1.94,1.94,1.94,1.94,200,0
2017-03-07,15:35:00,1.94,1.94,1.94,1.94,300,0
2017-03-07,15:45:00,1.94,1.9405,1.94,1.9405,1800,0
2017-03-07,16:30:00,1.99,1.99,1.99,1.99,300,0
2017-03-07,16:35:00,1.954,1.954,1.954,1.954,600,0
2017-03-07,16:40:00,1.9899,1.9899,1.9899,1.9899,100,0
2017-03-07,17:05:00,1.9899,1.9899,1.9899,1.9899,1000,0
2017-03-07,17:20:00,1.9708,1.9708,1.9708,1.9708,510,0
2017-03-07,18:10:00,1.94,1.94,1.94,1.94,200,0
2017-03-07,18:15:00,1.94,1.94,1.94,1.94,100,0
2017-03-07,18:20:00,1.94,1.94,1.94,1.94,100,0
2017-03-07,18:25:00,1.969,1.969,1.969,1.969,1000,0
2017-03-07,18:45:00,1.9447,1.9447,1.9447,1.9447,100,0
2017-03-07,19:05:00,1.9641,1.9641,1.9641,1.9641,200,0
2017-03-07,19:15:00,1.9431,1.9431,1.9431,1.9431,1000,0
2017-03-07,19:30:00,1.9505,1.9505,1.9505,1.9505,258,0
2017-03-07,20:10:00,1.9692,1.9692,1.9692,1.9692,311,0
2017-03-07,20:40:00,1.96,1.96,1.96,1.96,1000,0
2017-03-07,21:00:00,1.96,1.96,1.96,1.96,100,0
2017-03-07,21:10:00,1.96,1.96,1.96,1.96,2100,0
2017-03-07,21:15:00,1.96,1.96,1.96,1.96,100,0
2017-03-07,21:25:00,1.96,1.96,1.96,1.96,100,0
2017-03-07,22:00:00,1.96,1.96,1.96,1.96,2000,0
2017-03-08,15:35:00,2.33,2.3699,2.2,2.2139,99068,0
2017-03-08,15:40:00,2.22,2.27,2.1368,2.14,53119,0
2017-03-08,15:45:00,2.135,2.19,2.135,2.16,15660,0
2017-03-08,15:50:00,2.18,2.24,2.1756,2.2299,26040,0
2017-03-08,15:55:00,2.23,2.43,2.2299,2.345,196173,0
2017-03-08,16:00:00,2.35,2.35,2.07,2.17,171351,0
2017-03-08,16:05:00,2.16,2.2389,2.1501,2.18,16496,0
2017-03-08,16:10:00,2.2,2.2,2.15,2.16,22737,0
2017-03-08,16:15:00,2.15,2.15,2.1,2.11,18502,0
2017-03-08,16:20:00,2.11,2.1599,2.1,2.1074,2936,0
2017-03-08,16:25:00,2.11,2.14,2.11,2.1198,5359,0
2017-03-08,16:30:00,2.11,2.11,2.1024,2.1024,2100,0
2017-03-08,16:35:00,2.14,2.14,2.112,2.112,9968,0
2017-03-08,16:40:00,2.1107,2.15,2.11,2.15,14894,0
2017-03-08,16:45:00,2.15,2.17,2.15,2.1509,12627,0
2017-03-08,16:50:00,2.1599,2.18,2.15,2.1692,6100,0
2017-03-08,16:55:00,2.1704,2.1704,2.15,2.15,750,0
2017-03-08,17:00:00,2.14,2.14,2.14,2.14,200,0
2017-03-08,17:10:00,2.1345,2.1345,2.1345,2.1345,2000,0
2017-03-08,17:20:00,2.13,2.13,2.13,2.13,700,0
2017-03-08,17:30:00,2.1567,2.1567,2.1301,2.14,3732,0
2017-03-08,17:40:00,2.1585,2.1598,2.1585,2.1598,2611,0
2017-03-08,17:45:00,2.16,2.16,2.156,2.156,1125,0
2017-03-08,17:50:00,2.13,2.13,2.13,2.13,199,0
2017-03-08,18:05:00,2.15,2.15,2.15,2.15,200,0
2017-03-08,18:10:00,2.15,2.15,2.15,2.15,100,0
2017-03-08,18:15:00,2.14,2.14,2.13,2.13,500,0
2017-03-08,18:25:00,2.14,2.14,2.14,2.14,100,0
2017-03-08,18:35:00,2.13,2.1311,2.13,2.1307,1900,0
2017-03-08,18:45:00,2.13,2.1325,2.13,2.1325,411,0
2017-03-08,18:50:00,2.13,2.14,2.13,2.14,315,0
2017-03-08,19:00:00,2.1409,2.152,2.14,2.14,12055,0
2017-03-08,19:15:00,2.14,2.14,2.14,2.14,300,0
2017-03-08,19:30:00,2.16,2.16,2.1526,2.1526,460,0
2017-03-08,19:45:00,2.16,2.18,2.16,2.18,12871,0
2017-03-08,20:05:00,2.19,2.19,2.19,2.19,500,0
2017-03-08,20:10:00,2.1985,2.1985,2.1985,2.1985,150,0
2017-03-08,20:20:00,2.18,2.18,2.18,2.18,1600,0
2017-03-08,20:25:00,2.18,2.2,2.18,2.18,13696,0
2017-03-08,20:30:00,2.1625,2.19,2.1625,2.18,800,0
2017-03-08,20:40:00,2.178,2.18,2.16,2.18,2200,0
2017-03-08,20:50:00,2.1896,2.1896,2.1502,2.1575,6500,0
2017-03-08,20:55:00,2.18,2.19,2.15,2.18,952,0
2017-03-08,21:05:00,2.1761,2.18,2.1761,2.18,1600,0
2017-03-08,21:10:00,2.1851,2.19,2.1769,2.1769,5850,0
2017-03-08,21:15:00,2.1601,2.1601,2.1601,2.1601,200,0
2017-03-08,21:20:00,2.1731,2.19,2.1645,2.19,5200,0
2017-03-08,21:25:00,2.18,2.1967,2.18,2.1891,1125,0
2017-03-08,21:30:00,2.1972,2.1989,2.1972,2.1989,800,0
2017-03-08,21:35:00,2.168,2.19,2.1647,2.1647,2100,0
2017-03-08,21:40:00,2.17,2.17,2.17,2.17,200,0
2017-03-08,21:45:00,2.16,2.16,2.1401,2.1502,2200,0
2017-03-08,21:50:00,2.14,2.16,2.14,2.16,4036,0
2017-03-08,21:55:00,2.17,2.17,2.15,2.1589,3318,0
2017-03-08,22:00:00,2.15,2.16,2.14,2.14,10592,0
2017-03-09,15:35:00,2.14,2.14,2.11,2.1103,10340,0
2017-03-09,15:40:00,2.1201,2.131,2.12,2.12,2380,0
2017-03-09,15:45:00,2.12,2.12,2.12,2.12,100,0
2017-03-09,15:50:00,2.1287,2.13,2.1287,2.13,2500,0
2017-03-09,16:00:00,2.13,2.13,2.12,2.13,3705,0
2017-03-09,16:05:00,2.1204,2.1204,2.1204,2.1204,197,0
2017-03-09,16:10:00,2.1257,2.15,2.1257,2.13,1800,0
2017-03-09,16:15:00,2.1364,2.15,2.1364,2.15,1100,0
2017-03-09,16:20:00,2.15,2.15,2.15,2.15,1529,0
2017-03-09,16:30:00,2.2268,2.2268,2.22,2.22,300,0
2017-03-09,16:35:00,2.22,2.23,2.1504,2.1504,501,0
2017-03-09,16:45:00,2.14,2.14,2.14,2.14,1000,0
2017-03-09,16:50:00,2.17,2.17,2.14,2.14,400,0
2017-03-09,16:55:00,2.14,2.14,2.14,2.14,255,0
2017-03-09,17:00:00,2.146,2.146,2.146,2.146,1900,0
2017-03-09,17:05:00,2.1332,2.138,2.1332,2.138,7000,0
2017-03-09,17:10:00,2.14,2.14,2.13,2.13,1000,0
2017-03-09,17:15:00,2.1332,2.1332,2.1301,2.1301,1655,0
2017-03-09,17:35:00,2.13,2.13,2.13,2.13,700,0
2017-03-09,17:45:00,2.13,2.13,2.12,2.12,2908,0
2017-03-09,17:50:00,2.11,2.119,2.1,2.1,3340,0
2017-03-09,18:00:00,2.09,2.09,2.09,2.09,900,0
2017-03-09,18:05:00,2.1,2.1,2.1,2.1,300,0
2017-03-09,18:25:00,2.09,2.0996,2.09,2.09,4275,0
2017-03-09,18:30:00,2.09,2.09,2.09,2.09,150,0
2017-03-09,18:35:00,2.095,2.1,2.09,2.09,4147,0
2017-03-09,18:40:00,2.0999,2.0999,2.0999,2.0999,100,0
2017-03-09,18:45:00,2.095,2.1,2.095,2.1,2100,0
2017-03-09,18:50:00,2.09,2.09,2.09,2.09,2100,0
2017-03-09,19:05:00,2.0901,2.0901,2.0901,2.0901,500,0
2017-03-09,19:20:00,2.094,2.1,2.09,2.0962,12319,0
2017-03-09,19:25:00,2.09,2.1,2.09,2.09,11520,0
2017-03-09,19:30:00,2.1,2.1,2.09,2.092,550,0
2017-03-09,19:40:00,2.0916,2.0932,2.0916,2.0932,640,0
2017-03-09,19:55:00,2.09,2.09,2.09,2.09,5733,0
2017-03-09,20:00:00,2.095,2.1,2.09,2.09,640,0
2017-03-09,20:05:00,2.1,2.1,2.09,2.09,17600,0
2017-03-09,20:10:00,2.09,2.09,2.09,2.09,3863,0
2017-03-09,20:30:00,2.0901,2.0901,2.0901,2.0901,10000,0
2017-03-09,20:45:00,2.095,2.1,2.095,2.1,4600,0
2017-03-09,20:55:00,2.09,2.09,2.09,2.09,100,0
2017-03-09,21:00:00,2.09,2.0935,2.09,2.0935,450,0
2017-03-09,21:25:00,2.09,2.09,2.09,2.09,100,0
2017-03-09,21:30:00,2.09,2.09,2.09,2.09,200,0
2017-03-09,21:35:00,2.095,2.1,2.09,2.1,7982,0
2017-03-09,21:45:00,2.1,2.1,2.09,2.09,200,0
2017-03-09,21:50:00,2.0969,2.14,2.09,2.14,5088,0
2017-03-09,21:55:00,2.15,2.18,2.15,2.17,6912,0
2017-03-09,22:00:00,2.17,2.17,2.11,2.11,2500,0
2017-03-10,15:40:00,2.21,2.21,2.21,2.21,1000,0
2017-03-10,15:50:00,2.1151,2.1151,2.1151,2.1151,564,0
2017-03-10,16:00:00,2.12,2.12,2.12,2.12,200,0
2017-03-10,16:05:00,2.12,2.12,2.11,2.114,1012,0
2017-03-10,16:10:00,2.11,2.11,2.11,2.11,100,0
2017-03-10,16:15:00,2.1272,2.1272,2.11,2.11,1321,0
2017-03-10,16:25:00,2.1299,2.13,2.1299,2.1299,1735,0
2017-03-10,16:35:00,2.11,2.11,2.11,2.11,100,0
2017-03-10,16:40:00,2.12,2.12,2.12,2.12,347,0
2017-03-10,17:00:00,2.1132,2.1132,2.11,2.11,2786,0
2017-03-10,17:30:00,2.11,2.11,2.11,2.11,300,0
2017-03-10,17:35:00,2.1,2.1,2.1,2.1,100,0
2017-03-10,17:50:00,2.1,2.1,2.1,2.1,1400,0
2017-03-10,18:00:00,2.09,2.09,2.08,2.08,550,0
2017-03-10,18:05:00,2.0716,2.0799,2.07,2.07,1800,0
2017-03-10,18:15:00,2.04,2.0799,2.04,2.0799,6800,0
2017-03-10,18:20:00,2.068,2.0799,2.0531,2.0799,2300,0
2017-03-10,18:25:00,2.065,2.08,2.0547,2.0697,600,0
2017-03-10,18:40:00,2.08,2.08,2.08,2.08,250,0
2017-03-10,18:45:00,2.08,2.08,2.06,2.06,848,0
2017-03-10,19:00:00,2.0441,2.0441,2.0441,2.0441,650,0
2017-03-10,19:10:00,2.07,2.0947,2.07,2.0947,5688,0
2017-03-10,19:20:00,2.07,2.07,2.07,2.07,100,0
2017-03-10,19:40:00,2.07,2.07,2.07,2.07,200,0
2017-03-10,20:55:00,2.04,2.0499,2.04,2.0499,1300,0
2017-03-10,21:00:00,2.048,2.048,2.04,2.04,800,0
2017-03-10,21:05:00,2.03,2.03,2.03,2.03,1572,0
2017-03-10,21:15:00,2.0291,2.0291,2.0291,2.0291,222,0
2017-03-10,21:30:00,2.0316,2.04,2.03,2.04,4760,0
2017-03-10,21:50:00,2.03,2.03,2.025,2.03,4025,0
2017-03-10,21:55:00,2.0231,2.0231,2.02,2.02,4000,0
2017-03-10,22:00:00,2.02,2.0367,2.02,2.0367,1395,0
2017-03-13,14:40:00,2.08,2.08,2.08,2.08,227,0
2017-03-13,14:45:00,2.08,2.08,2.08,2.08,436,0
2017-03-13,14:55:00,2.0531,2.0531,2.0531,2.0531,128,0
2017-03-13,15:45:00,2.0644,2.0644,2.0644,2.0644,650,0
2017-03-13,15:50:00,2.0531,2.0531,2.0531,2.0531,200,0
2017-03-13,16:00:00,2.0689,2.0689,2.05,2.05,3500,0
2017-03-13,16:05:00,2.02,2.0233,2.02,2.0233,300,0
2017-03-13,16:30:00,2.0398,2.0398,2.03,2.03,966,0
2017-03-13,16:40:00,2.0301,2.0301,2.0301,2.0301,100,0
2017-03-13,16:45:00,2.03,2.03,2.03,2.03,100,0
2017-03-13,16:50:00,2.0301,2.0301,2,2,2000,0
2017-03-13,16:55:00,1.995,1.995,1.92,1.93,11630,0
2017-03-13,17:00:00,1.922,1.93,1.922,1.93,1300,0
2017-03-13,17:05:00,1.93,1.9899,1.93,1.97,900,0
2017-03-13,17:15:00,1.9715,1.9715,1.9715,1.9715,100,0
2017-03-13,17:30:00,1.98,1.98,1.98,1.98,200,0
2017-03-13,17:40:00,1.99,1.99,1.9891,1.99,1400,0
2017-03-13,18:20:00,2,2,2,2,300,0
2017-03-13,18:30:00,1.9947,1.9947,1.99,1.99,3000,0
2017-03-13,18:35:00,1.94,1.94,1.94,1.94,123,0
2017-03-13,18:55:00,1.95,1.95,1.95,1.95,100,0
2017-03-13,19:00:00,1.99,1.99,1.9841,1.9841,400,0
2017-03-13,19:45:00,1.9901,1.9901,1.98,1.98,425,0
2017-03-13,20:10:00,1.9999,1.9999,1.9999,1.9999,500,0
2017-03-13,20:40:00,2,2,1.9664,1.99,800,0
2017-03-13,20:45:00,1.97,1.97,1.97,1.97,100,0
2017-03-13,20:55:00,1.9701,1.9701,1.9701,1.9701,149,0
2017-03-13,21:00:00,2,2,2,2,1093,0
2017-03-14,14:35:00,2,2,2,2,500,0
2017-03-14,14:55:00,1.99,2,1.99,1.99,1950,0
2017-03-14,15:00:00,1.9975,2,1.9895,2,7000,0
2017-03-14,15:10:00,1.97,2,1.97,1.9745,5265,0
2017-03-14,15:15:00,1.97,1.97,1.97,1.97,100,0
2017-03-14,15:20:00,1.9701,1.9701,1.9701,1.9701,3000,0
2017-03-14,15:25:00,1.9714,1.9714,1.97,1.97,200,0
2017-03-14,15:30:00,1.99,1.99,1.99,1.99,450,0
2017-03-14,15:35:00,1.97,1.97,1.97,1.97,1100,0
2017-03-14,15:40:00,1.97,1.97,1.97,1.97,500,0
2017-03-14,15:50:00,1.99,1.99,1.99,1.99,1400,0
2017-03-14,16:00:00,1.99,1.99,1.99,1.99,270,0
2017-03-14,16:05:00,1.97,1.97,1.97,1.97,100,0
2017-03-14,16:10:00,1.97,1.97,1.97,1.97,100,0
2017-03-14,16:15:00,1.98,1.98,1.98,1.98,700,0
2017-03-14,17:15:00,1.9701,1.9701,1.9701,1.9701,175,0
2017-03-14,17:50:00,1.97,1.9744,1.97,1.97,9350,0
2017-03-14,17:55:00,1.97,1.97,1.97,1.97,600,0
2017-03-14,18:10:00,1.97,1.9716,1.97,1.97,500,0
2017-03-14,18:25:00,1.9799,1.9799,1.97,1.97,1200,0
2017-03-14,18:30:00,1.98,1.99,1.98,1.99,7500,0
2017-03-14,18:35:00,2,2,2,2,11954,0
2017-03-14,20:30:00,2,2,2,2,100,0
2017-03-14,20:50:00,2.04,2.04,2.025,2.04,5500,0
2017-03-14,20:55:00,2.05,2.12,2.02,2.08,4549,0
2017-03-14,21:00:00,2.08,2.08,2.03,2.03,200,0
2017-03-15,14:55:00,2.0301,2.0745,2.0301,2.0745,400,0
2017-03-15,16:00:00,2.09,2.09,2.0899,2.0899,1300,0
2017-03-15,16:05:00,2.09,2.09,2.09,2.09,100,0
2017-03-15,16:55:00,2.07,2.07,2.07,2.07,1000,0
2017-03-15,17:15:00,2.09,2.09,2.0898,2.0898,2600,0
2017-03-15,17:20:00,2.09,2.09,2.09,2.09,300,0
2017-03-15,17:30:00,2.0601,2.0601,2.0601,2.0601,745,0
2017-03-15,17:35:00,2.08,2.08,2.08,2.08,700,0
2017-03-15,17:40:00,2.06,2.06,2.06,2.06,100,0
2017-03-15,18:00:00,2.07,2.07,2.07,2.07,100,0
2017-03-15,18:40:00,2.0401,2.0401,2.0401,2.0401,104,0
2017-03-15,19:55:00,2.0501,2.055,2.0501,2.055,1000,0
2017-03-15,20:05:00,2.07,2.07,2.07,2.07,100,0
2017-03-15,20:25:00,2.0984,2.1,2.0984,2.1,1072,0
2017-03-15,20:30:00,2.09,2.12,2.0899,2.12,2898,0
2017-03-15,20:40:00,2.0901,2.0901,2.09,2.09,440,0
2017-03-15,20:50:00,2.116,2.12,2.1,2.1,3881,0
2017-03-15,20:55:00,2.1063,2.12,2.1,2.1,6783,0
2017-03-15,21:00:00,2.1199,2.15,2.1199,2.1425,7991,0
2017-03-16,14:35:00,2.09,2.09,2.09,2.09,2802,0
2017-03-16,15:25:00,2.1101,2.1101,2.1101,2.1101,900,0
2017-03-16,16:40:00,2.1132,2.1132,2.1132,2.1132,1000,0
2017-03-16,17:15:00,2.105,2.105,2.105,2.105,100,0
2017-03-16,17:30:00,2.11,2.11,2.11,2.11,200,0
2017-03-16,17:55:00,2.09,2.09,2.09,2.09,100,0
2017-03-16,18:20:00,2.09,2.12,2.09,2.09,7100,0
2017-03-16,18:55:00,2.0901,2.0901,2.0901,2.0901,200,0
2017-03-16,19:45:00,2.02,2.02,2.02,2.02,100,0
2017-03-16,20:05:00,2.0401,2.0401,2.0401,2.0401,1500,0
2017-03-16,20:15:00,2.04,2.07,2.04,2.04,400,0
2017-03-16,20:30:00,2.08,2.08,2.08,2.08,100,0
2017-03-16,20:50:00,2.1,2.1,2.1,2.1,100,0
2017-03-16,20:55:00,2.1158,2.12,2.1146,2.1146,2566,0
2017-03-16,21:00:00,2.12,2.16,2.1,2.16,1818,0
2017-03-17,14:40:00,2.2,2.2,2.2,2.2,100,0
2017-03-17,14:45:00,2.148,2.148,2.148,2.148,130,0
2017-03-17,14:50:00,2.1201,2.1201,2.1201,2.1201,200,0
2017-03-17,15:00:00,2.14,2.14,2.14,2.14,500,0
2017-03-17,15:15:00,2.1158,2.1158,2.1158,2.1158,1500,0
2017-03-17,16:05:00,2.1661,2.1661,2.1661,2.1661,2565,0
2017-03-17,16:15:00,2.175,2.175,2.16,2.16,300,0
2017-03-17,16:20:00,2.1701,2.19,2.1701,2.1701,3100,0
2017-03-17,16:25:00,2.182,2.182,2.182,2.182,1500,0
2017-03-17,16:30:00,2.185,2.185,2.17,2.17,700,0
2017-03-17,16:55:00,2.14,2.15,2.13,2.15,400,0
2017-03-17,18:05:00,2.17,2.17,2.17,2.17,200,0
2017-03-17,18:10:00,2.157,2.157,2.12,2.157,800,0
2017-03-17,18:55:00,2.154,2.154,2.154,2.154,500,0
2017-03-17,19:05:00,2.15,2.15,2.15,2.15,100,0
2017-03-17,19:35:00,2.15,2.15,2.15,2.15,154,0
2017-03-17,20:15:00,2.13,2.1332,2.13,2.1332,200,0
2017-03-17,20:30:00,2.06,2.06,2.06,2.06,100,0
2017-03-17,20:50:00,2.18,2.18,2.18,2.18,132,0
2017-03-17,20:55:00,2.18,2.18,2.0572,2.0572,3701,0
2017-03-17,21:00:00,2.08,2.1,2.08,2.1,200,0
2017-03-20,14:35:00,2.01,2.01,2.01,2.01,1230,0
2017-03-20,15:15:00,2.08,2.08,2.08,2.08,100,0
2017-03-20,15:40:00,2.07,2.07,2.07,2.07,100,0
2017-03-20,15:45:00,2.0441,2.0441,2.0441,2.0441,300,0
2017-03-20,16:05:00,2.0377,2.0377,2.0377,2.0377,2500,0
2017-03-20,16:10:00,2.12,2.12,2.12,2.12,577,0
2017-03-20,16:15:00,2.0542,2.0542,2.0542,2.0542,3000,0
2017-03-20,18:10:00,2.0531,2.0531,2.0201,2.0201,3100,0
2017-03-20,18:45:00,2.02,2.02,2.02,2.02,100,0
2017-03-20,19:00:00,2.0101,2.02,2.01,2.01,3225,0
2017-03-20,19:35:00,2.02,2.02,2.02,2.02,200,0
2017-03-20,19:45:00,2.02,2.023,2,2.003,11918,0
2017-03-20,20:00:00,2.03,2.04,2.03,2.04,700,0
2017-03-20,21:00:00,2.03,2.03,2.03,2.03,200,0
2017-03-21,14:35:00,2.12,2.17,2.12,2.15,813,0
2017-03-21,14:40:00,2.15,2.15,2.14,2.15,1900,0
2017-03-21,14:45:00,2.15,2.15,2.15,2.15,100,0
2017-03-21,14:50:00,2.13,2.13,2.13,2.13,100,0
2017-03-21,14:55:00,2.12,2.12,2.1,2.12,3659,0
2017-03-21,15:00:00,2.12,2.15,2.11,2.1499,2000,0
2017-03-21,15:15:00,2.1499,2.1499,2.1499,2.1499,1000,0
2017-03-21,15:45:00,2.15,2.15,2.15,2.15,300,0
2017-03-21,16:05:00,2.1201,2.1201,2.12,2.12,500,0
2017-03-21,16:10:00,2.1201,2.1201,2.12,2.12,1513,0
2017-03-21,16:15:00,2.12,2.12,2.12,2.12,1037,0
2017-03-21,16:20:00,2.1,2.11,2.1,2.1,700,0
2017-03-21,16:35:00,2.09,2.09,2.003,2.02,3300,0
2017-03-21,16:45:00,2.028,2.028,2.028,2.028,750,0
2017-03-21,17:50:00,2.05,2.05,2.03,2.03,414,0
2017-03-21,17:55:00,2.05,2.05,2.05,2.05,400,0
2017-03-21,19:10:00,2.03,2.03,1.96,1.976,20187,0
2017-03-21,19:15:00,1.97,1.97,1.97,1.97,3580,0
2017-03-21,19:20:00,1.98,1.98,1.98,1.98,1250,0
2017-03-21,19:25:00,1.97,1.98,1.97,1.98,2755,0
2017-03-21,20:05:00,1.98,1.98,1.98,1.98,200,0
2017-03-21,20:35:00,1.9956,1.9956,1.9956,1.9956,500,0
2017-03-21,20:45:00,2.014,2.014,2.014,2.014,250,0
2017-03-21,20:50:00,1.99,1.99,1.99,1.99,300,0
2017-03-21,20:55:00,1.99,1.99,1.99,1.99,100,0
2017-03-21,21:00:00,2.01,2.01,1.99,1.99,3004,0
2017-03-22,14:35:00,1.99,1.99,1.99,1.99,600,0
2017-03-22,14:55:00,2.08,2.08,2.08,2.08,1000,0
2017-03-22,15:00:00,2.01,2.01,2.01,2.01,100,0
2017-03-22,16:10:00,2,2.0001,1.99,1.99,1300,0
2017-03-22,16:20:00,2,2.0001,1.9501,1.9501,3250,0
2017-03-22,16:40:00,1.95,1.95,1.95,1.95,100,0
2017-03-22,16:45:00,1.9521,1.9521,1.9521,1.9521,2499,0
2017-03-22,16:55:00,1.99,1.99,1.99,1.99,200,0
2017-03-22,17:00:00,1.9656,1.9656,1.9656,1.9656,100,0
2017-03-22,17:30:00,1.96,1.96,1.96,1.96,1000,0
2017-03-22,17:40:00,1.97,1.97,1.97,1.97,100,0
2017-03-22,17:45:00,1.986,1.986,1.97,1.97,2875,0
2017-03-22,18:00:00,1.9801,1.9801,1.98,1.98,242,0
2017-03-22,18:05:00,1.98,1.98,1.98,1.98,100,0
2017-03-22,18:15:00,1.9883,1.9883,1.9883,1.9883,250,0
2017-03-22,19:15:00,1.9999,1.9999,1.9999,1.9999,1000,0
2017-03-22,19:30:00,2,2,1.98,2,6500,0
2017-03-22,19:50:00,1.99,1.99,1.99,1.99,100,0
2017-03-22,20:55:00,2.049,2.049,2.049,2.049,6100,0
2017-03-23,14:35:00,2.09,2.09,2.09,2.09,1450,0
2017-03-23,14:50:00,2.0455,2.1159,2.0455,2.1159,7500,0
2017-03-23,15:10:00,2.05,2.065,2.05,2.065,1300,0
2017-03-23,15:30:00,2.0309,2.0309,2.0309,2.0309,2500,0
2017-03-23,15:35:00,2.0309,2.0309,2.0301,2.0301,7500,0
2017-03-23,16:00:00,2.03,2.03,2.03,2.03,100,0
2017-03-23,16:25:00,2.0318,2.0318,2.0318,2.0318,1000,0
2017-03-23,16:40:00,2.1,2.1,2.1,2.1,5600,0
2017-03-23,16:55:00,2.01,2.08,2.01,2.08,200,0
2017-03-23,17:00:00,2.07,2.07,2.0505,2.0505,2150,0
2017-03-23,17:25:00,2.0501,2.0501,2.0501,2.0501,4000,0
2017-03-23,17:40:00,2.05,2.05,2.02,2.05,1550,0
2017-03-23,17:55:00,2.0431,2.0431,2.0431,2.0431,2000,0
2017-03-23,19:20:00,2.069,2.069,2.049,2.049,1000,0
2017-03-23,20:25:00,2.05,2.05,2.05,2.05,100,0
2017-03-23,20:40:00,2.05,2.0589,2.05,2.0518,1300,0
2017-03-23,20:45:00,2.06,2.06,2.06,2.06,100,0
2017-03-23,20:50:00,2.06,2.06,2.06,2.06,100,0
2017-03-23,21:00:00,2.0569,2.0569,2.04,2.04,384,0
2017-03-24,14:40:00,2.0331,2.0331,2.03,2.0301,1965,0
2017-03-24,14:45:00,2.0301,2.0301,2.0301,2.0301,120,0
2017-03-24,14:50:00,2.0753,2.0753,2.0753,2.0753,1000,0
2017-03-24,14:55:00,2.03,2.037,2.03,2.037,720,0
2017-03-24,15:30:00,2.0662,2.0662,2.0662,2.0662,500,0
2017-03-24,15:35:00,2.06,2.06,2.06,2.06,200,0
2017-03-24,15:40:00,2.05,2.05,2.05,2.05,1600,0
2017-03-24,17:05:00,2.0662,2.0662,2.0662,2.0662,100,0
2017-03-24,17:15:00,2.06,2.06,2,2,6100,0
2017-03-24,17:55:00,2.04,2.04,2.04,2.04,1000,0
2017-03-24,18:30:00,2.0531,2.0531,2.0531,2.0531,1000,0
2017-03-24,18:35:00,2.05,2.059,2,2.05,2200,0
2017-03-24,18:50:00,2.06,2.06,2.06,2.06,1000,0
2017-03-24,18:55:00,2.02,2.02,2.02,2.02,100,0
2017-03-24,19:05:00,2.02,2.0201,2.02,2.0201,600,0
2017-03-24,19:10:00,2.0199,2.02,2.0199,2.02,860,0
2017-03-24,19:20:00,2.0188,2.0188,2.0188,2.0188,250,0
2017-03-24,19:30:00,2.004,2.004,2,2,1500,0
2017-03-24,20:15:00,2,2,2,2,1000,0
2017-03-24,20:40:00,2.0199,2.02,2.0199,2.02,1770,0
2017-03-24,20:50:00,2.0422,2.0422,2.0422,2.0422,450,0
2017-03-27,15:35:00,1.99,1.99,1.9801,1.9801,1495,0
2017-03-27,15:50:00,1.98,1.98,1.98,1.98,100,0
2017-03-27,16:20:00,1.98,1.98,1.98,1.98,250,0
2017-03-27,16:45:00,2.0424,2.0424,2.0424,2.0424,100,0
2017-03-27,16:55:00,2.0108,2.0108,2.0108,2.0108,1500,0
2017-03-27,18:20:00,2.0301,2.0301,2.0301,2.0301,200,0
2017-03-27,19:05:00,2.01,2.01,2.01,2.01,100,0
2017-03-27,21:00:00,2.03,2.03,2.03,2.03,4000,0
2017-03-27,21:20:00,2.03,2.03,2.03,2.03,350,0
2017-03-27,21:25:00,2,2,2,2,100,0
2017-03-27,21:30:00,2.02,2.02,2.02,2.02,100,0
2017-03-27,21:55:00,2,2.03,2,2.03,700,0
2017-03-28,15:35:00,2,2,2,2,680,0
2017-03-28,15:50:00,2.02,2.02,2.02,2.02,100,0
2017-03-28,16:10:00,2.0362,2.0362,2.0362,2.0362,350,0
2017-03-28,17:20:00,2.01,2.01,2.01,2.01,100,0
2017-03-28,18:05:00,2.03,2.054,2.03,2.054,7850,0
2017-03-28,18:15:00,2.05,2.05,2.05,2.05,232,0
2017-03-28,18:25:00,2.05,2.05,2.05,2.05,1000,0
2017-03-28,19:15:00,2.01,2.01,2.01,2.01,100,0
2017-03-28,19:30:00,2.029,2.029,2.029,2.029,400,0
2017-03-28,19:40:00,2.04,2.04,2.04,2.04,200,0
2017-03-28,19:45:00,2.01,2.01,2.01,2.01,100,0
2017-03-28,19:55:00,2.0293,2.0293,2.0205,2.0205,200,0
2017-03-28,20:05:00,2.01,2.01,2.01,2.01,250,0
2017-03-28,21:15:00,2,2,2,2,100,0
2017-03-28,21:30:00,2.0045,2.0045,2.0045,2.0045,530,0
2017-03-28,21:40:00,2.0001,2.01,1.99,1.99,3700,0
2017-03-28,21:45:00,2.02,2.03,2.02,2.03,200,0
2017-03-28,21:55:00,2.035,2.04,2.02,2.04,474,0
2017-03-28,22:00:00,2.05,2.05,2.04,2.04,400,0
2017-03-29,16:05:00,2.0204,2.0204,2.0204,2.0204,250,0
2017-03-29,18:35:00,2.0339,2.0339,2.0339,2.0339,250,0
2017-03-29,18:40:00,2.04,2.04,2.02,2.02,5118,0
2017-03-29,18:50:00,2,2,2,2,100,0
2017-03-29,19:10:00,2.03,2.03,2.03,2.03,100,0
2017-03-29,19:50:00,2.018,2.018,2.018,2.018,182,0
2017-03-29,20:00:00,2.03,2.03,2.03,2.03,100,0
2017-03-29,20:05:00,2.0138,2.0138,2.0138,2.0138,1000,0
2017-03-29,20:20:00,2.03,2.03,2.03,2.03,300,0
2017-03-29,20:25:00,2.03,2.03,2.03,2.03,100,0
2017-03-29,21:10:00,2.02,2.02,2.01,2.01,350,0
2017-03-29,21:45:00,2.01,2.01,2.01,2.01,100,0
2017-03-30,15:50:00,1.9945,2.074,1.99,2.074,350,0
2017-03-30,16:10:00,2.06,2.06,2.06,2.06,500,0
2017-03-30,16:25:00,2.03,2.03,2.03,2.03,100,0
2017-03-30,16:30:00,2.03,2.03,2.03,2.03,200,0
2017-03-30,17:10:00,2.0048,2.0048,2.0048,2.0048,500,0
2017-03-30,18:00:00,2.0299,2.0299,2.0299,2.0299,150,0
2017-03-30,18:10:00,2.01,2.0199,2.01,2.0199,2000,0
2017-03-30,18:50:00,2.0001,2.0001,2.0001,2.0001,542,0
2017-03-30,19:05:00,2.02,2.02,2.02,2.02,100,0
2017-03-30,19:20:00,2.01,2.02,2.01,2.02,600,0
2017-03-30,21:10:00,2.015,2.015,1.99,2.0075,2951,0
2017-03-30,21:20:00,2,2.0001,1.97,1.97,17536,0
2017-03-30,21:25:00,1.988,1.988,1.98,1.98,7277,0
2017-03-30,21:30:00,1.9799,1.9799,1.97,1.97,2582,0
2017-03-30,21:35:00,1.97,2,1.97,2,3500,0
2017-03-30,21:50:00,2.02,2.02,2.02,2.02,100,0
2017-03-30,21:55:00,2,2,2,2,100,0
2017-03-30,22:00:00,2.0199,2.02,2,2.02,2200,0
2017-03-31,15:35:00,2.0184,2.0184,2.0184,2.0184,1000,0
2017-03-31,16:25:00,1.96,1.96,1.96,1.96,100,0
2017-03-31,16:40:00,1.96,1.96,1.96,1.96,100,0
2017-03-31,16:45:00,2.007,2.007,2.007,2.007,1001,0
2017-03-31,17:05:00,1.9801,1.9801,1.9801,1.9801,150,0
2017-03-31,17:20:00,1.98,1.98,1.98,1.98,100,0
2017-03-31,17:25:00,1.99,2.02,1.98,1.98,5190,0
2017-03-31,17:55:00,2.02,2.02,2,2,700,0
2017-03-31,18:40:00,1.9929,1.9929,1.99,1.9922,3500,0
2017-03-31,18:50:00,1.96,1.96,1.96,1.96,100,0
2017-03-31,18:55:00,1.99,1.99,1.97,1.97,3200,0
2017-03-31,19:20:00,1.97,1.9701,1.94,1.96,5350,0
2017-03-31,19:40:00,1.9601,1.9601,1.96,1.96,5200,0
2017-03-31,19:50:00,1.973,1.973,1.973,1.973,376,0
2017-03-31,19:55:00,1.95,1.9501,1.94,1.9401,9330,0
2017-03-31,20:00:00,1.94,1.94,1.94,1.94,100,0
2017-03-31,20:10:00,1.95,1.95,1.94,1.94,1100,0
2017-03-31,20:15:00,1.94,1.94,1.94,1.94,100,0
2017-03-31,20:20:00,1.94,1.94,1.94,1.94,200,0
2017-03-31,20:25:00,1.94,1.94,1.94,1.94,200,0
2017-03-31,20:30:00,1.94,1.94,1.94,1.94,100,0
2017-03-31,20:35:00,1.94,1.94,1.94,1.94,200,0
2017-03-31,20:40:00,1.94,1.9401,1.94,1.94,2300,0
2017-03-31,20:45:00,1.97,1.97,1.97,1.97,200,0
2017-03-31,20:50:00,1.94,1.94,1.94,1.94,200,0
2017-03-31,20:55:00,1.94,1.94,1.94,1.94,200,0
2017-03-31,21:00:00,1.94,1.94,1.94,1.94,248,0
2017-03-31,21:10:00,1.94,1.94,1.94,1.94,2100,0
2017-03-31,21:20:00,1.96,1.96,1.96,1.96,100,0
2017-03-31,21:25:00,1.95,1.95,1.95,1.95,100,0
2017-03-31,21:35:00,1.94,1.94,1.94,1.94,100,0
2017-03-31,21:50:00,1.95,1.95,1.95,1.95,100,0
2017-03-31,21:55:00,1.94,1.94,1.93,1.93,3040,0
2017-03-31,22:00:00,1.93,1.93,1.93,1.93,100,0
2017-04-03,15:35:00,2.0699,2.0699,2.01,2.02,13492,0
2017-04-03,15:40:00,2.03,2.03,2.03,2.03,100,0
2017-04-03,15:45:00,2.0669,2.0669,2.0669,2.0669,2000,0
2017-04-03,15:50:00,2.06,2.06,2.06,2.06,700,0
2017-04-03,15:55:00,2.04,2.07,2.04,2.06,4900,0
2017-04-03,16:05:00,2.06,2.0689,2.0201,2.0201,2500,0
2017-04-03,16:10:00,2.0188,2.02,2.01,2.01,4600,0
2017-04-03,16:15:00,2.0199,2.02,2.0191,2.0191,927,0
2017-04-03,16:20:00,2.02,2.02,2.01,2.02,7082,0
2017-04-03,16:40:00,2.04,2.0595,2.02,2.02,5500,0
2017-04-03,16:45:00,2.035,2.035,2.02,2.02,7141,0
2017-04-03,16:50:00,2.0556,2.0556,2.0556,2.0556,500,0
2017-04-03,16:55:00,2.02,2.02,2.02,2.02,100,0
2017-04-03,17:10:00,2.0579,2.0579,2.0579,2.0579,400,0
2017-04-03,17:35:00,2.03,2.03,2.03,2.03,300,0
2017-04-03,17:45:00,2.0582,2.0582,2.0582,2.0582,100,0
2017-04-03,17:50:00,2.0315,2.0396,2.03,2.0396,1399,0
2017-04-03,18:05:00,2.03,2.03,2.03,2.03,100,0
2017-04-03,18:25:00,2.0539,2.0539,2.0539,2.0539,100,0
2017-04-03,18:45:00,2.0377,2.0377,2.03,2.03,2201,0
2017-04-03,19:15:00,2.046,2.046,2.046,2.046,3000,0
2017-04-03,19:40:00,2.0361,2.0361,2.0361,2.0361,200,0
2017-04-03,19:45:00,2.03,2.03,2.03,2.03,100,0
2017-04-03,19:50:00,2.02,2.02,2.02,2.02,100,0
2017-04-03,20:10:00,2.036,2.036,2.036,2.036,325,0
2017-04-03,20:15:00,2.04,2.04,2.04,2.04,100,0
2017-04-03,20:20:00,2.0346,2.0346,2.03,2.03,530,0
2017-04-03,20:30:00,2.03,2.03,2.03,2.03,100,0
2017-04-03,21:05:00,2.03,2.03,2.03,2.03,100,0
2017-04-03,21:20:00,2.0401,2.0401,2.0401,2.0401,2500,0
2017-04-03,21:25:00,2.05,2.06,2.04,2.04,2212,0
2017-04-03,21:40:00,2.06,2.06,2.06,2.06,200,0
2017-04-03,21:45:00,2.0599,2.0599,2.05,2.05,3100,0
2017-04-03,22:00:00,2.06,2.06,2.04,2.04,300,0
2017-04-04,15:35:00,2,2.0153,2,2.0153,1200,0
2017-04-04,15:45:00,2.01,2.01,1.99,1.99,500,0
2017-04-04,15:50:00,2.0009,2.06,2.0009,2.06,1925,0
2017-04-04,15:55:00,2.06,2.06,2.06,2.06,3500,0
2017-04-04,17:05:00,2.02,2.02,2.02,2.02,300,0
2017-04-04,17:40:00,2.01,2.01,2.01,2.01,100,0
2017-04-04,18:25:00,2.02,2.02,2.02,2.02,200,0
2017-04-04,18:30:00,2,2.003,2,2.003,1800,0
2017-04-04,19:40:00,2.0127,2.0127,2.0127,2.0127,100,0
2017-04-04,20:45:00,2.01,2.01,2.01,2.01,100,0
2017-04-04,21:15:00,2.01,2.0197,2.01,2.0197,1122,0
2017-04-04,21:30:00,2.02,2.02,2.02,2.02,200,0
2017-04-04,21:35:00,2.025,2.04,2.025,2.04,2110,0
2017-04-04,21:45:00,2.0339,2.04,2.0339,2.04,300,0
2017-04-04,22:00:00,2.02,2.02,2.02,2.02,100,0
2017-04-05,15:35:00,2.01,2.01,2.01,2.01,433,0
2017-04-05,15:40:00,2.0227,2.0227,2.0227,2.0227,100,0
2017-04-05,16:15:00,2.05,2.05,2.0202,2.0202,304,0
2017-04-05,16:45:00,2.022,2.022,1.97,1.97,5650,0
2017-04-05,17:00:00,1.98,1.98,1.98,1.98,100,0
2017-04-05,17:15:00,2.001,2.001,2,2,200,0
2017-04-05,17:25:00,1.9999,1.9999,1.99,1.99,3100,0
2017-04-05,17:55:00,1.98,1.98,1.98,1.98,100,0
2017-04-05,20:40:00,1.99,1.99,1.99,1.99,100,0
2017-04-05,21:10:00,2.0034,2.02,2.0034,2.02,1525,0
2017-04-05,21:40:00,1.99,1.99,1.99,1.99,649,0
2017-04-05,21:55:00,1.98,1.98,1.97,1.97,1200,0
2017-04-05,22:00:00,1.99,1.99,1.99,1.99,300,0
2017-04-06,15:45:00,2.03,2.03,2.03,2.03,1868,0
2017-04-06,15:50:00,2.1,2.12,2.1,2.12,3534,0
2017-04-06,15:55:00,2.0099,2.0099,2.0099,2.0099,300,0
2017-04-06,16:25:00,2,2.0001,2,2.0001,856,0
2017-04-06,16:30:00,2,2.1,1.98,2.045,9831,0
2017-04-06,16:35:00,2.04,2.04,2.04,2.04,100,0
2017-04-06,16:50:00,2.06,2.06,2.06,2.06,100,0
2017-04-06,16:55:00,2.05,2.05,2.05,2.05,100,0
2017-04-06,17:00:00,2.06,2.06,2.04,2.04,200,0
2017-04-06,17:05:00,2.04,2.04,2.04,2.04,600,0
2017-04-06,17:25:00,2.05,2.1,2.05,2.08,1050,0
2017-04-06,17:30:00,2.035,2.035,2.035,2.035,100,0
2017-04-06,17:40:00,2.08,2.12,2.04,2.12,8010,0
2017-04-06,17:45:00,2.13,2.14,2.12,2.14,7153,0
2017-04-06,17:50:00,2.14,2.17,2.14,2.17,1100,0
2017-04-06,17:55:00,2.18,2.18,2.15,2.15,200,0
2017-04-06,18:15:00,2.06,2.0798,2.06,2.0798,250,0
2017-04-06,18:25:00,2.0802,2.0802,2.0802,2.0802,2000,0
2017-04-06,18:40:00,2.09,2.09,2.09,2.09,1100,0
2017-04-06,19:15:00,2.06,2.06,2.0501,2.0501,339,0
2017-04-06,19:25:00,2.0501,2.0501,2.0501,2.0501,100,0
2017-04-06,19:30:00,2.079,2.079,2.066,2.066,300,0
2017-04-06,20:25:00,2.0786,2.0786,2.0786,2.0786,500,0
2017-04-06,20:40:00,2.08,2.08,2.08,2.08,100,0
2017-04-06,20:45:00,2.1299,2.1299,2.1299,2.1299,1500,0
2017-04-06,21:05:00,2.0492,2.0492,2.0492,2.0492,100,0
2017-04-06,22:00:00,2.12,2.12,2.105,2.105,1600,0
2017-04-07,15:40:00,2.0201,2.0201,2.0201,2.0201,500,0
2017-04-07,16:50:00,2.04,2.04,2.03,2.03,300,0
2017-04-07,16:55:00,2.04,2.07,2.04,2.07,2100,0
2017-04-07,17:10:00,2.06,2.06,2.06,2.06,100,0
2017-04-07,17:30:00,2.04,2.04,2.04,2.04,100,0
2017-04-07,17:45:00,2.06,2.06,2.05,2.05,200,0
2017-04-07,18:10:00,2.05,2.05,2.05,2.05,100,0
2017-04-07,18:50:00,2.05,2.055,2.03,2.05,3250,0
2017-04-07,19:15:00,2.0699,2.0699,2.0699,2.0699,2400,0
2017-04-07,19:20:00,2.05,2.05,2.05,2.05,100,0
2017-04-07,19:30:00,2.05,2.05,2.05,2.05,100,0
2017-04-07,20:15:00,2.03,2.04,2.03,2.04,200,0
2017-04-07,21:10:00,2.05,2.05,2.05,2.05,250,0
2017-04-07,21:50:00,2.03,2.04,2.03,2.04,200,0
2017-04-07,22:00:00,2.05,2.05,2.03,2.0342,300,0
2017-04-10,15:35:00,2.01,2.01,2.01,2.01,100,0
2017-04-10,15:55:00,2.08,2.08,2.03,2.03,1200,0
2017-04-10,17:10:00,2.0564,2.0564,2.053,2.053,2000,0
2017-04-10,17:45:00,2.05,2.05,2.03,2.03,300,0
2017-04-10,18:00:00,2.03,2.03,2.03,2.03,200,0
2017-04-10,18:10:00,2.0314,2.0314,2.0314,2.0314,381,0
2017-04-10,18:35:00,2.0392,2.0392,2.0392,2.0392,300,0
2017-04-10,19:05:00,2.02,2.0201,2.01,2.01,4400,0
2017-04-10,20:20:00,2,2.002,1.95,1.95,2926,0
2017-04-10,21:05:00,2.007,2.02,2.007,2.02,4000,0
2017-04-10,21:15:00,1.98,1.98,1.98,1.98,1600,0
2017-04-10,21:20:00,1.9775,1.9799,1.9775,1.9799,800,0
2017-04-10,21:25:00,1.96,1.96,1.95,1.95,200,0
2017-04-10,21:35:00,1.96,1.9601,1.95,1.95,6020,0
2017-04-10,21:50:00,1.9501,1.98,1.9501,1.978,747,0
2017-04-10,21:55:00,1.98,1.98,1.98,1.98,247,0
2017-04-10,22:00:00,1.96,1.96,1.95,1.95,600,0
2017-04-11,15:35:00,2.02,2.02,2.02,2.02,400,0
2017-04-11,15:45:00,2.0598,2.0598,1.9573,1.9573,715,0
2017-04-11,15:55:00,1.95,1.953,1.95,1.953,677,0
2017-04-11,16:10:00,1.95,1.953,1.95,1.953,2355,0
2017-04-11,16:30:00,1.9531,1.9531,1.95,1.953,2000,0
2017-04-11,17:20:00,1.96,1.96,1.96,1.96,100,0
2017-04-11,17:35:00,2.0299,2.0299,2.0299,2.0299,1525,0
2017-04-11,17:45:00,1.96,1.96,1.96,1.96,430,0
2017-04-11,18:35:00,1.9764,1.9764,1.9764,1.9764,1000,0
2017-04-11,18:40:00,1.98,1.98,1.98,1.98,100,0
2017-04-11,18:50:00,1.984,1.984,1.95,1.97,5766,0
2017-04-11,18:55:00,1.97,1.97,1.97,1.97,100,0
2017-04-11,19:15:00,1.9605,1.9605,1.9605,1.9605,700,0
2017-04-11,21:10:00,1.9899,1.9899,1.9899,1.9899,500,0
2017-04-11,21:40:00,1.98,1.98,1.98,1.98,500,0
2017-04-11,21:55:00,1.99,1.99,1.99,1.99,100,0
2017-04-12,15:45:00,1.98,1.98,1.98,1.98,100,0
2017-04-12,16:10:00,1.98,1.983,1.97,1.97,849,0
2017-04-12,16:35:00,1.97,1.97,1.9693,1.97,1400,0
2017-04-12,16:45:00,2.0365,2.0365,2.0365,2.0365,715,0
2017-04-12,16:55:00,1.99,1.99,1.99,1.99,100,0
2017-04-12,17:00:00,1.98,1.98,1.98,1.98,300,0
2017-04-12,17:05:00,1.97,1.97,1.97,1.97,200,0
2017-04-12,17:30:00,1.997,1.997,1.96,1.96,450,0
2017-04-12,17:55:00,1.98,1.98,1.95,1.95,1226,0
2017-04-12,18:10:00,1.97,1.97,1.97,1.97,100,0
2017-04-12,18:20:00,1.97,1.97,1.95,1.95,934,0
2017-04-12,18:40:00,1.97,1.97,1.97,1.97,100,0
2017-04-12,18:45:00,1.9901,1.9901,1.9901,1.9901,2000,0
2017-04-12,19:25:00,1.997,1.997,1.997,1.997,500,0
2017-04-12,19:35:00,1.9753,1.9753,1.9753,1.9753,100,0
2017-04-12,20:40:00,1.9689,1.9689,1.9689,1.9689,100,0
2017-04-12,21:00:00,1.97,1.97,1.97,1.97,100,0
2017-04-12,21:20:00,2,2,1.97,1.9701,7240,0
2017-04-12,21:25:00,1.97,1.97,1.95,1.97,1700,0
2017-04-12,21:30:00,1.97,1.97,1.97,1.97,100,0
2017-04-12,21:45:00,1.97,1.97,1.97,1.97,100,0
2017-04-12,22:00:00,1.97,1.97,1.97,1.97,500,0
2017-04-13,15:35:00,2,2.05,1.9501,2.05,2050,0
2017-04-13,17:05:00,1.973,1.973,1.97,1.97,200,0
2017-04-13,17:35:00,1.9701,1.9701,1.97,1.97,696,0
2017-04-13,18:20:00,2.0199,2.0199,2.0199,2.0199,2000,0
2017-04-13,18:50:00,1.97,1.97,1.97,1.97,100,0
2017-04-13,18:55:00,1.97,1.97,1.97,1.97,650,0
2017-04-13,20:50:00,1.96,1.96,1.96,1.96,100,0
2017-04-13,21:50:00,1.9908,1.9908,1.9908,1.9908,500,0
2017-04-13,21:55:00,2.038,2.04,2.038,2.04,2115,0
2017-04-13,22:00:00,2.024,2.024,2.024,2.024,300,0
2017-04-17,15:50:00,1.98,1.984,1.96,1.984,2700,0
2017-04-17,15:55:00,1.98,1.98,1.976,1.976,5000,0
2017-04-17,16:10:00,2.0002,2.0002,2.0002,2.0002,450,0
2017-04-17,16:30:00,2,2,2,2,100,0
2017-04-17,16:50:00,1.99,1.99,1.99,1.99,200,0
2017-04-17,17:20:00,1.9601,1.9601,1.9601,1.9601,400,0
2017-04-17,17:45:00,1.98,1.98,1.98,1.98,100,0
2017-04-17,18:25:00,1.9997,1.9997,1.9997,1.9997,155,0
2017-04-17,18:45:00,1.979,1.979,1.979,1.979,1400,0
2017-04-17,19:25:00,1.9774,1.9774,1.9774,1.9774,300,0
2017-04-17,20:05:00,1.9651,1.9651,1.9651,1.9651,564,0
2017-04-17,20:15:00,1.97,1.97,1.97,1.97,100,0
2017-04-17,20:35:00,1.99,1.99,1.99,1.99,600,0
2017-04-17,20:40:00,1.9792,1.9792,1.9792,1.9792,100,0
2017-04-17,20:45:00,1.9792,1.9792,1.9792,1.9792,1000,0
2017-04-17,21:10:00,1.98,1.98,1.98,1.98,300,0
2017-04-17,21:20:00,1.983,1.983,1.98,1.98,3900,0
2017-04-17,21:45:00,1.99,1.99,1.99,1.99,100,0
2017-04-17,21:50:00,1.99,1.99,1.99,1.99,100,0
2017-04-18,15:35:00,2,2,2,2,1200,0
2017-04-18,15:45:00,1.97,1.97,1.97,1.97,400,0
2017-04-18,16:10:00,1.98,1.98,1.98,1.98,100,0
2017-04-18,16:20:00,1.963,1.963,1.96,1.96,1900,0
2017-04-18,16:25:00,1.9601,1.9713,1.9601,1.97,2400,0
2017-04-18,16:30:00,1.96,1.9601,1.96,1.9601,2200,0
2017-04-18,16:35:00,1.95,1.9529,1.95,1.9529,986,0
2017-04-18,16:40:00,1.95,1.95,1.95,1.95,152,0
2017-04-18,17:00:00,1.91,1.91,1.91,1.91,200,0
2017-04-18,17:10:00,1.941,1.95,1.9301,1.9301,2500,0
2017-04-18,17:25:00,1.9351,1.9351,1.9351,1.9351,100,0
2017-04-18,18:20:00,1.95,1.95,1.95,1.95,225,0
2017-04-18,19:15:00,1.96,1.96,1.96,1.96,500,0
2017-04-18,19:25:00,1.95,1.95,1.95,1.95,750,0
2017-04-18,19:50:00,1.93,1.93,1.93,1.93,100,0
2017-04-18,20:20:00,1.93,1.93,1.93,1.93,100,0
2017-04-18,21:30:00,1.94,1.94,1.94,1.94,100,0
2017-04-18,21:50:00,1.96,1.96,1.96,1.96,1700,0
2017-04-18,21:55:00,1.96,1.96,1.96,1.96,100,0
2017-04-19,15:45:00,1.9627,1.9627,1.9627,1.9627,1000,0
2017-04-19,15:55:00,1.9702,1.9702,1.9702,1.9702,230,0
2017-04-19,16:35:00,1.96,1.96,1.96,1.96,200,0
2017-04-19,16:55:00,1.9838,1.9838,1.9838,1.9838,300,0
2017-04-19,17:20:00,1.97,1.97,1.96,1.96,200,0
2017-04-19,17:35:00,1.97,1.97,1.97,1.97,300,0
2017-04-19,18:00:00,1.96,1.96,1.96,1.96,100,0
2017-04-19,18:15:00,1.9748,1.9748,1.9748,1.9748,500,0
2017-04-19,19:05:00,1.96,1.96,1.96,1.96,100,0
2017-04-19,20:15:00,1.9701,1.9701,1.9701,1.9701,1000,0
2017-04-19,20:25:00,1.9719,1.9719,1.9719,1.9719,657,0
2017-04-19,20:55:00,1.98,1.98,1.98,1.98,200,0
2017-04-19,21:15:00,1.97,1.97,1.9118,1.92,5095,0
2017-04-19,21:25:00,1.92,1.92,1.92,1.92,100,0
2017-04-19,21:30:00,1.9201,1.9364,1.9201,1.9364,3000,0
2017-04-19,22:00:00,1.91,1.91,1.91,1.91,100,0
2017-04-20,16:05:00,1.93,1.93,1.93,1.93,153,0
2017-04-20,16:30:00,1.9,1.9,1.9,1.9,152,0
2017-04-20,16:40:00,1.91,1.91,1.91,1.91,100,0
2017-04-20,16:50:00,1.91,1.91,1.91,1.91,2250,0
2017-04-20,18:00:00,1.9301,1.9301,1.9301,1.9301,700,0
2017-04-20,19:30:00,1.94,1.94,1.94,1.94,100,0
2017-04-20,20:25:00,1.94,1.94,1.94,1.94,100,0
2017-04-20,20:40:00,1.95,1.95,1.95,1.95,200,0
2017-04-20,21:15:00,1.94,1.943,1.9329,1.9329,1800,0
2017-04-20,21:35:00,1.94,1.94,1.94,1.94,100,0
2017-04-20,21:40:00,1.95,1.95,1.95,1.95,2076,0
2017-04-20,21:45:00,1.95,1.95,1.95,1.95,100,0
2017-04-20,21:55:00,1.96,1.96,1.96,1.96,200,0
2017-04-21,16:10:00,1.92,1.92,1.92,1.92,200,0
2017-04-21,16:30:00,1.9129,1.9262,1.91,1.9262,800,0
2017-04-21,16:45:00,1.92,1.92,1.86,1.86,3948,0
2017-04-21,16:50:00,1.9136,1.9136,1.9136,1.9136,300,0
2017-04-21,16:55:00,1.86,1.8601,1.86,1.86,500,0
2017-04-21,17:00:00,1.9406,1.9406,1.9406,1.9406,400,0
2017-04-21,17:10:00,1.91,1.91,1.91,1.91,100,0
2017-04-21,17:15:00,1.9064,1.9064,1.9064,1.9064,1000,0
2017-04-21,17:25:00,1.9253,1.9253,1.9253,1.9253,500,0
2017-04-21,17:40:00,1.92,1.92,1.92,1.92,100,0
2017-04-21,17:50:00,1.91,1.91,1.9,1.9001,1500,0
2017-04-21,18:00:00,1.92,1.95,1.92,1.95,1525,0
2017-04-21,18:05:00,1.96,1.96,1.96,1.96,1000,0
2017-04-21,19:35:00,1.95,1.95,1.95,1.95,200,0
2017-04-21,19:40:00,1.954,1.954,1.954,1.954,300,0
2017-04-21,19:55:00,1.94,1.94,1.94,1.94,100,0
2017-04-21,20:25:00,1.91,1.91,1.91,1.91,100,0
2017-04-21,20:45:00,1.9103,1.9103,1.9103,1.9103,2267,0
2017-04-21,20:55:00,1.91,1.9119,1.9,1.9,3200,0
2017-04-21,21:15:00,1.9,1.9,1.8993,1.9,2550,0
2017-04-21,21:20:00,1.9056,1.9056,1.9056,1.9056,1188,0
2017-04-21,21:40:00,1.9,1.9009,1.89,1.8909,1800,0
2017-04-21,21:50:00,1.8895,1.89,1.83,1.83,10300,0
2017-04-21,21:55:00,1.84,1.86,1.84,1.86,200,0
2017-04-21,22:00:00,1.85,1.86,1.83,1.85,1700,0
2017-04-24,15:45:00,1.93,1.93,1.93,1.93,100,0
2017-04-24,15:50:00,1.968,1.968,1.968,1.968,1000,0
2017-04-24,15:55:00,1.93,1.93,1.7964,1.7964,550,0
2017-04-24,16:05:00,1.9999,1.9999,1.94,1.94,700,0
2017-04-24,16:10:00,1.94,1.94,1.94,1.94,400,0
2017-04-24,16:20:00,1.94,1.9403,1.94,1.9403,2800,0
2017-04-24,17:50:00,1.92,1.92,1.89,1.92,5235,0
2017-04-24,18:05:00,1.92,1.92,1.92,1.92,100,0
2017-04-24,18:10:00,1.92,1.92,1.92,1.92,100,0
2017-04-24,18:25:00,1.92,1.92,1.92,1.92,100,0
2017-04-24,18:40:00,1.93,1.93,1.93,1.93,300,0
2017-04-24,19:30:00,1.92,1.92,1.92,1.92,100,0
2017-04-24,19:40:00,1.94,1.94,1.92,1.92,1000,0
2017-04-24,20:55:00,1.92,1.92,1.87,1.92,3481,0
2017-04-24,21:35:00,1.87,1.87,1.87,1.87,100,0
2017-04-24,21:55:00,1.89,1.8915,1.87,1.8915,1800,0
2017-04-25,16:10:00,1.94,1.94,1.94,1.94,100,0
2017-04-25,16:50:00,1.89,1.8929,1.882,1.882,1200,0
2017-04-25,16:55:00,1.97,1.97,1.97,1.97,700,0
2017-04-25,18:05:00,1.9,1.9,1.9,1.9,100,0
2017-04-25,18:20:00,1.94,1.9429,1.89,1.89,10000,0
2017-04-25,18:35:00,1.9,1.93,1.9,1.92,900,0
2017-04-25,18:45:00,1.92,1.92,1.92,1.92,100,0
2017-04-25,19:20:00,1.92,1.92,1.92,1.92,100,0
2017-04-25,19:40:00,1.9,1.9063,1.9,1.905,4332,0
2017-04-25,20:05:00,1.89,1.89,1.8201,1.8201,1605,0
2017-04-25,20:25:00,1.929,1.929,1.885,1.8875,2100,0
2017-04-25,21:15:00,1.885,1.885,1.885,1.885,100,0
2017-04-25,21:25:00,1.83,1.83,1.83,1.83,100,0
2017-04-25,21:30:00,1.88,1.885,1.88,1.88,1300,0
2017-04-25,21:35:00,1.85,1.9028,1.85,1.9028,1100,0
2017-04-25,21:40:00,1.91,1.91,1.91,1.91,400,0
2017-04-25,21:45:00,1.91,1.91,1.91,1.91,100,0
2017-04-25,21:50:00,1.91,1.91,1.91,1.91,300,0
2017-04-25,22:00:00,1.92,1.92,1.91,1.91,300,0
2017-04-26,15:40:00,1.99,1.99,1.9899,1.9899,1000,0
2017-04-26,16:25:00,1.9,1.9,1.9,1.9,258,0
2017-04-26,16:55:00,1.93,1.93,1.93,1.93,100,0
2017-04-26,17:05:00,1.89,1.89,1.89,1.89,200,0
2017-04-26,18:25:00,1.9,1.9003,1.8836,1.8836,1620,0
2017-04-26,19:00:00,1.8611,1.88,1.8611,1.88,295,0
2017-04-26,19:30:00,1.9,1.9,1.9,1.9,100,0
2017-04-26,20:35:00,1.89,1.89,1.89,1.89,300,0
2017-04-26,22:00:00,1.89,1.89,1.88,1.88,993,0
