Date,Time,Open,High,Low,Close,Volume,OpenInt
2017-04-04,15:35:00,42.69,42.69,42.69,42.69,116,0
2017-04-04,15:45:00,42.9,42.9,42.9,42.9,100,0
2017-04-04,16:05:00,42.9,42.9,42.9,42.9,1033,0
2017-04-04,16:10:00,42.72,42.9,42.72,42.9,400,0
2017-04-04,16:15:00,42.91,42.92,42.9,42.9,800,0
2017-04-04,16:25:00,42.9,42.91,42.8,42.91,1000,0
2017-04-04,16:35:00,42.831,42.831,42.831,42.831,100,0
2017-04-04,16:45:00,42.9,42.9,42.75,42.9,300,0
2017-04-04,16:50:00,42.9,42.94,42.86,42.9,2300,0
2017-04-04,16:55:00,42.9,42.9,42.9,42.9,100,0
2017-04-04,17:05:00,42.96,42.98,42.96,42.98,200,0
2017-04-04,17:10:00,42.98,43.01,42.98,43.01,200,0
2017-04-04,17:15:00,42.94,42.94,42.94,42.94,100,0
2017-04-04,17:20:00,42.93,43.05,42.93,43.05,300,0
2017-04-04,17:25:00,43.07,43.07,43,43,200,0
2017-04-04,17:30:00,43.03,43.03,43,43,300,0
2017-04-04,17:55:00,43,43,43,43,100,0
2017-04-04,18:00:00,42.96,43.03,42.96,43.03,200,0
2017-04-04,18:35:00,42.9851,42.9851,42.9,42.9,1000,0
2017-04-04,18:45:00,42.9,42.9,42.78,42.78,300,0
2017-04-04,18:50:00,42.9,42.9,42.86,42.9,1621,0
2017-04-04,18:55:00,42.9,42.9,42.78,42.78,354,0
2017-04-04,19:10:00,42.68,42.68,42.57,42.6,450,0
2017-04-04,19:15:00,42.66,42.7,42.66,42.7,408,0
2017-04-04,19:20:00,42.56,42.56,42.56,42.56,100,0
2017-04-04,19:30:00,42.64,42.64,42.64,42.64,100,0
2017-04-04,19:35:00,42.55,42.55,42.55,42.55,500,0
2017-04-04,19:55:00,42.6,42.6,42.57,42.6,980,0
2017-04-04,20:20:00,42.6972,42.6972,42.6972,42.6972,1000,0
2017-04-04,20:25:00,42.72,42.72,42.71,42.71,200,0
2017-04-04,20:30:00,42.7428,42.7494,42.7428,42.7494,353,0
2017-04-04,20:40:00,42.69,42.725,42.69,42.72,504,0
2017-04-04,20:45:00,42.73,42.73,42.73,42.73,100,0
2017-04-04,20:50:00,42.68,42.68,42.68,42.68,200,0
2017-04-04,20:55:00,42.68,42.68,42.67,42.67,200,0
2017-04-04,21:00:00,42.61,42.65,42.61,42.65,200,0
2017-04-04,21:10:00,42.65,42.65,42.62,42.65,400,0
2017-04-04,21:15:00,42.62,42.62,42.62,42.62,200,0
2017-04-04,21:20:00,42.62,42.68,42.62,42.68,1300,0
2017-04-04,21:25:00,42.62,42.65,42.56,42.56,4350,0
2017-04-04,21:30:00,42.56,42.56,42.56,42.56,200,0
2017-04-04,21:35:00,42.63,42.64,42.62,42.62,510,0
2017-04-04,21:45:00,42.62,42.66,42.61,42.66,1500,0
2017-04-04,21:50:00,42.61,42.66,42.61,42.66,513,0
2017-04-04,21:55:00,42.68,42.74,42.67,42.71,3482,0
2017-04-04,22:00:00,42.75,42.86,42.75,42.86,11764,0
2017-04-05,15:35:00,43.25,43.27,43.25,43.27,920,0
2017-04-05,15:40:00,43.16,43.17,43.16,43.17,300,0
2017-04-05,15:45:00,43.13,43.24,43.13,43.24,400,0
2017-04-05,15:50:00,43.35,43.49,43.35,43.43,800,0
2017-04-05,16:00:00,43.51,43.54,43.51,43.54,420,0
2017-04-05,16:05:00,43.48,43.77,43.48,43.77,1200,0
2017-04-05,16:25:00,43.46,43.55,43.42,43.55,400,0
2017-04-05,16:35:00,43.47,43.47,43.23,43.23,200,0
2017-04-05,16:40:00,43.19,43.21,42.97,42.97,900,0
2017-04-05,16:45:00,42.97,42.97,42.97,42.97,200,0
2017-04-05,16:50:00,42.98,42.99,42.96,42.96,700,0
2017-04-05,16:55:00,42.95,42.98,42.92,42.98,300,0
2017-04-05,17:00:00,42.98,43.01,42.98,42.99,600,0
2017-04-05,17:10:00,42.85,42.85,42.85,42.85,200,0
2017-04-05,17:15:00,42.79,42.8,42.79,42.8,600,0
2017-04-05,17:25:00,42.57,42.58,42.55,42.58,1000,0
2017-04-05,17:30:00,42.55,42.55,42.38,42.45,1500,0
2017-04-05,17:35:00,42.45,42.64,42.45,42.64,1100,0
2017-04-05,17:40:00,42.65,42.66,42.65,42.66,400,0
2017-04-05,17:45:00,42.87,42.87,42.77,42.77,600,0
2017-04-05,17:50:00,42.89,42.9,42.89,42.9,200,0
2017-04-05,18:00:00,42.85,42.85,42.85,42.85,100,0
2017-04-05,18:10:00,42.81,42.82,42.81,42.82,200,0
2017-04-05,18:15:00,42.75,42.75,42.75,42.75,100,0
2017-04-05,18:20:00,42.96,42.96,42.96,42.96,100,0
2017-04-05,18:25:00,42.83,42.95,42.83,42.95,700,0
2017-04-05,18:50:00,42.94,42.94,42.94,42.94,100,0
2017-04-05,19:05:00,42.96,42.96,42.96,42.96,200,0
2017-04-05,19:15:00,42.98,42.98,42.98,42.98,100,0
2017-04-05,19:20:00,42.91,42.91,42.83,42.83,300,0
2017-04-05,19:45:00,42.78,42.84,42.76,42.835,3800,0
2017-04-05,19:50:00,42.91,43.03,42.91,42.96,2600,0
2017-04-05,19:55:00,42.9,42.92,42.9,42.92,500,0
2017-04-05,20:05:00,42.96,43.04,42.96,42.99,700,0
2017-04-05,20:10:00,43.01,43.01,42.95,43.01,500,0
2017-04-05,20:15:00,43.02,43.02,42.91,42.91,300,0
2017-04-05,20:25:00,42.98,42.98,42.98,42.98,400,0
2017-04-05,20:30:00,42.91,42.94,42.91,42.94,1500,0
2017-04-05,20:35:00,42.97,42.97,42.97,42.97,200,0
2017-04-05,20:40:00,42.92,42.92,42.81,42.81,4212,0
2017-04-05,20:45:00,42.81,42.81,42.81,42.81,312,0
2017-04-05,20:50:00,42.85,42.85,42.85,42.85,924,0
2017-04-05,20:55:00,42.85,42.85,42.55,42.57,5386,0
2017-04-05,21:00:00,42.58,42.58,42.58,42.58,100,0
2017-04-05,21:10:00,42.6006,42.6006,42.5,42.57,1952,0
2017-04-05,21:15:00,42.52,42.57,42.4,42.45,4520,0
2017-04-05,21:25:00,42.39,42.41,42.335,42.41,400,0
2017-04-05,21:30:00,42.32,42.32,42.29,42.29,600,0
2017-04-05,21:35:00,42.26,42.3,42.25,42.3,6126,0
2017-04-05,21:40:00,42.31,42.39,42.29,42.39,1200,0
2017-04-05,21:45:00,42.33,42.39,42.33,42.39,701,0
2017-04-05,21:50:00,42.35,42.35,42.21,42.21,2000,0
2017-04-05,21:55:00,42.25,42.42,42.25,42.42,1100,0
2017-04-05,22:00:00,42.34,42.34,42.17,42.22,15143,0
2017-04-06,15:35:00,42.18,42.18,42.18,42.18,382,0
2017-04-06,15:40:00,41.8195,41.8383,41.8195,41.8383,715,0
2017-04-06,15:45:00,42.34,42.34,41.95,41.95,200,0
2017-04-06,15:55:00,41.89,42.11,41.84,41.925,600,0
2017-04-06,16:00:00,41.97,41.98,41.82,41.88,1100,0
2017-04-06,16:05:00,41.89,41.89,41.835,41.835,400,0
2017-04-06,16:10:00,41.89,42,41.89,41.91,617,0
2017-04-06,16:15:00,41.94,41.94,41.87,41.89,900,0
2017-04-06,16:20:00,41.89,41.93,41.8,41.8,1200,0
2017-04-06,16:25:00,41.88,41.9,41.88,41.88,700,0
2017-04-06,16:30:00,41.89,42,41.85,41.87,1500,0
2017-04-06,16:35:00,41.89,41.9,41.86,41.89,1400,0
2017-04-06,16:40:00,41.89,41.94,41.89,41.91,700,0
2017-04-06,16:45:00,41.86,41.89,41.86,41.89,800,0
2017-04-06,16:50:00,41.89,41.92,41.89,41.92,200,0
2017-04-06,16:55:00,41.99,42.0425,41.93,41.93,1100,0
2017-04-06,17:00:00,42.07,42.16,42.06,42.15,800,0
2017-04-06,17:05:00,42.18,42.19,41.975,42.02,700,0
2017-04-06,17:10:00,41.935,41.935,41.935,41.935,100,0
2017-04-06,17:15:00,41.945,41.97,41.925,41.97,300,0
2017-04-06,17:20:00,41.935,42.035,41.93,41.93,400,0
2017-04-06,17:25:00,42.04,42.26,42.04,42.26,700,0
2017-04-06,17:30:00,42.315,42.33,42.16,42.16,1797,0
2017-04-06,17:35:00,42.2,42.225,42.08,42.08,1100,0
2017-04-06,17:40:00,42.14,42.21,42.1,42.1,1800,0
2017-04-06,17:45:00,42.045,42.07,42.045,42.05,1900,0
2017-04-06,17:50:00,42.035,42.04,42.02,42.03,1100,0
2017-04-06,17:55:00,42.04,42.04,41.94,41.94,900,0
2017-04-06,18:00:00,41.93,42.05,41.92,41.94,857,0
2017-04-06,18:05:00,41.94,41.96,41.92,41.94,1000,0
2017-04-06,18:10:00,41.94,42.14,41.94,42.02,1800,0
2017-04-06,18:15:00,41.97,41.99,41.93,41.95,500,0
2017-04-06,18:20:00,41.96,41.96,41.91,41.91,511,0
2017-04-06,18:25:00,41.901,42.02,41.901,41.93,900,0
2017-04-06,18:30:00,41.95,41.95,41.95,41.95,200,0
2017-04-06,18:35:00,41.935,41.94,41.935,41.94,300,0
2017-04-06,18:40:00,41.92,41.92,41.9,41.92,1000,0
2017-04-06,18:45:00,41.92,41.92,41.9,41.9,1200,0
2017-04-06,18:50:00,41.91,41.92,41.91,41.92,600,0
2017-04-06,18:55:00,41.92,41.92,41.92,41.92,100,0
2017-04-06,19:00:00,42.02,42.09,41.97,42.01,13400,0
2017-04-06,19:05:00,41.98,42.05,41.98,42.05,200,0
2017-04-06,19:10:00,42.14,42.14,42.01,42.01,300,0
2017-04-06,19:20:00,42.33,42.46,42.33,42.45,24700,0
2017-04-06,19:25:00,42.41,42.46,42.41,42.46,900,0
2017-04-06,19:30:00,42.46,42.5205,42.46,42.46,864,0
2017-04-06,19:40:00,42.45,42.45,42.45,42.45,100,0
2017-04-06,19:45:00,42.38,42.38,42.38,42.38,100,0
2017-04-06,19:50:00,42.45,42.45,42.38,42.38,300,0
2017-04-06,19:55:00,42.42,42.44,42.42,42.44,300,0
2017-04-06,20:00:00,42.47,42.49,42.47,42.49,300,0
2017-04-06,20:05:00,42.51,42.6408,42.51,42.6408,425,0
2017-04-06,20:15:00,42.5,42.5,42.41,42.45,1202,0
2017-04-06,20:25:00,42.515,42.515,42.45,42.455,500,0
2017-04-06,20:30:00,42.4,42.46,42.39,42.46,400,0
2017-04-06,20:40:00,42.31,42.39,42.29,42.34,1241,0
2017-04-06,20:45:00,42.3,42.37,42.3,42.35,738,0
2017-04-06,20:50:00,42.36,42.36,42.36,42.36,100,0
2017-04-06,21:00:00,42.18,42.18,42.18,42.18,100,0
2017-04-06,21:10:00,42.16,42.2,42.0967,42.2,960,0
2017-04-06,21:15:00,42.2259,42.4,42.174,42.31,10130,0
2017-04-06,21:20:00,42.3,42.4,42.3,42.38,400,0
2017-04-06,21:25:00,42.35,42.35,42.35,42.35,600,0
2017-04-06,21:30:00,42.36,42.36,42.3,42.31,1100,0
2017-04-06,21:35:00,42.33,42.33,42.32,42.33,600,0
2017-04-06,21:40:00,42.3,42.33,42.2,42.2,2100,0
2017-04-06,21:45:00,42.19,42.19,42.19,42.19,100,0
2017-04-06,21:50:00,42.21,42.315,42.21,42.28,2306,0
2017-04-06,21:55:00,42.255,42.28,42.24,42.25,4401,0
2017-04-06,22:00:00,42.25,42.37,42.25,42.315,6690,0
2017-04-07,15:35:00,42.17,42.17,41.93,41.93,1021,0
2017-04-07,15:40:00,41.93,42.36,41.93,42.1,500,0
2017-04-07,15:45:00,42.11,42.14,41.93,42.14,1697,0
2017-04-07,15:55:00,42.135,42.15,42.07,42.09,500,0
2017-04-07,16:00:00,42.05,42.05,42.05,42.05,100,0
2017-04-07,16:05:00,42.09,42.11,42.09,42.11,500,0
2017-04-07,16:10:00,42.1,42.25,42.1,42.25,400,0
2017-04-07,16:25:00,42.34,42.34,42.34,42.34,200,0
2017-04-07,16:30:00,42.35,42.39,42.34,42.37,800,0
2017-04-07,16:35:00,42.42,42.42,42.3,42.3,400,0
2017-04-07,16:40:00,42.3,42.39,42.3,42.39,300,0
2017-04-07,16:45:00,42.38,42.46,42.35,42.35,800,0
2017-04-07,16:50:00,42.32,42.32,42.3,42.3,200,0
2017-04-07,17:05:00,42.27,42.27,42.27,42.27,200,0
2017-04-07,17:20:00,42.25,42.25,42.16,42.16,200,0
2017-04-07,17:25:00,42.26,42.3,42.25,42.25,800,0
2017-04-07,17:30:00,42.24,42.24,42.24,42.24,200,0
2017-04-07,17:50:00,42.24,42.24,42.24,42.24,100,0
2017-04-07,18:05:00,42.14,42.25,42.14,42.18,300,0
2017-04-07,18:20:00,42.25,42.3,42.25,42.3,300,0
2017-04-07,18:40:00,42.22,42.22,42.22,42.22,200,0
2017-04-07,18:45:00,42.2,42.2,42.2,42.2,100,0
2017-04-07,18:50:00,42.19,42.19,42.15,42.18,516,0
2017-04-07,18:55:00,42.22,42.3,42.22,42.3,500,0
2017-04-07,19:00:00,42.3,42.35,42.27,42.27,1100,0
2017-04-07,19:15:00,42.3,42.41,42.265,42.41,5801,0
2017-04-07,19:20:00,42.38,42.57,42.38,42.57,694,0
2017-04-07,19:25:00,42.61,42.61,42.53,42.585,1010,0
2017-04-07,19:30:00,42.45,42.45,42.45,42.45,100,0
2017-04-07,19:35:00,42.545,42.545,42.46,42.46,300,0
2017-04-07,19:40:00,42.545,42.545,42.43,42.43,800,0
2017-04-07,19:45:00,42.36,42.36,42.315,42.36,300,0
2017-04-07,19:50:00,42.36,42.37,42.36,42.37,300,0
2017-04-07,19:55:00,42.37,42.4,42.37,42.4,200,0
2017-04-07,20:00:00,42.43,42.43,42.405,42.405,300,0
2017-04-07,20:05:00,42.385,42.44,42.385,42.44,500,0
2017-04-07,20:10:00,42.44,42.545,42.44,42.545,300,0
2017-04-07,20:15:00,42.49,42.49,42.49,42.49,100,0
2017-04-07,20:20:00,42.45,42.505,42.45,42.505,200,0
2017-04-07,20:25:00,42.46,42.46,42.46,42.46,100,0
2017-04-07,20:30:00,42.48,42.48,42.46,42.46,200,0
2017-04-07,20:35:00,42.54,42.54,42.44,42.44,200,0
2017-04-07,20:45:00,42.42,42.4545,42.32,42.32,1807,0
2017-04-07,20:55:00,42.29,42.29,42.235,42.235,200,0
2017-04-07,21:00:00,42.26,42.35,42.195,42.195,700,0
2017-04-07,21:05:00,42.23,42.23,42.23,42.23,100,0
2017-04-07,21:10:00,42.255,42.38,42.255,42.34,1817,0
2017-04-07,21:15:00,42.32,42.32,42.32,42.32,100,0
2017-04-07,21:20:00,42.35,42.35,42.33,42.33,200,0
2017-04-07,21:25:00,42.345,42.55,42.345,42.55,1677,0
2017-04-07,21:30:00,42.39,42.41,42.39,42.41,500,0
2017-04-07,21:35:00,42.41,42.41,42.25,42.32,2600,0
2017-04-07,21:40:00,42.38,42.4,42.275,42.4,1700,0
2017-04-07,21:45:00,42.37,42.37,42.32,42.32,1400,0
2017-04-07,21:50:00,42.275,42.36,42.23,42.36,1700,0
2017-04-07,21:55:00,42.36,42.45,42.325,42.34,2845,0
2017-04-07,22:00:00,42.34,42.44,42.29,42.38,11977,0
2017-04-10,15:35:00,42.6,43.015,42.42,42.42,2312,0
2017-04-10,15:55:00,42.8,42.8,42.8,42.8,100,0
2017-04-10,16:00:00,42.8,42.81,42.8,42.81,300,0
2017-04-10,16:05:00,42.78,42.78,42.73,42.73,200,0
2017-04-10,16:10:00,42.75,42.94,42.72,42.72,400,0
2017-04-10,16:20:00,42.67,42.67,42.67,42.67,100,0
2017-04-10,16:25:00,42.58,42.58,42.58,42.58,100,0
2017-04-10,16:40:00,42.54,42.54,42.49,42.54,400,0
2017-04-10,16:45:00,42.4,42.4,42.4,42.4,100,0
2017-04-10,17:05:00,42.35,42.36,42.28,42.28,800,0
2017-04-10,17:10:00,42.23,42.29,42.22,42.23,600,0
2017-04-10,17:30:00,42.29,42.29,42.25,42.26,600,0
2017-04-10,17:35:00,42.2,42.2,42.13,42.13,800,0
2017-04-10,17:40:00,42.07,42.07,42.02,42.03,400,0
2017-04-10,17:45:00,41.9,41.9,41.85,41.85,200,0
2017-04-10,17:50:00,41.85,42,41.81,42,1000,0
2017-04-10,17:55:00,42.005,42.04,41.97,42.04,400,0
2017-04-10,18:00:00,42.08,42.08,42,42.06,1500,0
2017-04-10,18:05:00,42.09,42.09,42.09,42.09,100,0
2017-04-10,18:15:00,42.12,42.12,41.96,41.96,3700,0
2017-04-10,18:25:00,41.97,42,41.97,42,300,0
2017-04-10,18:30:00,42,42.01,42,42.01,700,0
2017-04-10,18:35:00,42.11,42.16,42.02,42.13,600,0
2017-04-10,18:45:00,42.095,42.135,42.095,42.135,200,0
2017-04-10,18:50:00,42.135,42.355,42.135,42.16,300,0
2017-04-10,18:55:00,42.195,42.195,42.195,42.195,100,0
2017-04-10,19:00:00,42.195,42.195,42.195,42.195,100,0
2017-04-10,19:05:00,42.285,42.285,42.28,42.28,300,0
2017-04-10,19:10:00,42.19,42.24,42.19,42.24,800,0
2017-04-10,19:15:00,42.22,42.225,42.18,42.225,500,0
2017-04-10,19:20:00,42.23,42.25,42.17,42.17,900,0
2017-04-10,19:25:00,42.18,42.2425,42.18,42.18,500,0
2017-04-10,19:30:00,42.18,42.18,42.16,42.18,300,0
2017-04-10,19:35:00,42.18,42.18,42.18,42.18,200,0
2017-04-10,19:40:00,42.18,42.28,42.18,42.275,500,0
2017-04-10,19:45:00,42.23,42.305,42.23,42.26,561,0
2017-04-10,19:50:00,42.23,42.24,42.23,42.24,200,0
2017-04-10,19:55:00,42.24,42.315,42.22,42.24,900,0
2017-04-10,20:00:00,42.22,42.23,42.22,42.23,200,0
2017-04-10,20:05:00,42.22,42.3319,42.15,42.15,525,0
2017-04-10,20:10:00,42.14,42.14,42.14,42.14,300,0
2017-04-10,20:15:00,42.13,42.1945,42.105,42.105,639,0
2017-04-10,20:25:00,42.1,42.18,42.1,42.1,300,0
2017-04-10,20:30:00,42.1,42.16,42.1,42.16,200,0
2017-04-10,20:35:00,42.2,42.21,42.1,42.1832,889,0
2017-04-10,20:40:00,42.205,42.205,42.15,42.15,1300,0
2017-04-10,20:45:00,42.12,42.15,42.12,42.15,200,0
2017-04-10,20:50:00,42.18,42.28,42.15,42.28,850,0
2017-04-10,20:55:00,42.18,42.18,42.18,42.18,200,0
2017-04-10,21:00:00,42.268,42.268,42.26,42.26,250,0
2017-04-10,21:05:00,42.29,42.35,42.29,42.35,1753,0
2017-04-10,21:10:00,42.35,42.41,42.31,42.32,2300,0
2017-04-10,21:15:00,42.32,42.375,42.32,42.375,2612,0
2017-04-10,21:20:00,42.38,42.38,42.33,42.375,300,0
2017-04-10,21:25:00,42.33,42.375,42.24,42.26,1100,0
2017-04-10,21:30:00,42.24,42.24,42.24,42.24,300,0
2017-04-10,21:35:00,42.2,42.2,42.13,42.13,1200,0
2017-04-10,21:40:00,42.2,42.22,42.16,42.22,900,0
2017-04-10,21:45:00,42.22,42.22,42.19,42.19,2000,0
2017-04-10,21:50:00,42.13,42.16,42.13,42.16,400,0
2017-04-10,21:55:00,42.16,42.26,42.16,42.26,2477,0
2017-04-10,22:00:00,42.23,42.27,42.23,42.24,5765,0
2017-04-11,15:35:00,42.08,42.08,42.08,42.08,284,0
2017-04-11,15:40:00,42.4,42.4,42.05,42.05,300,0
2017-04-11,15:45:00,42.1,42.14,42.05,42.14,700,0
2017-04-11,15:50:00,42.09,42.39,42.05,42.11,1600,0
2017-04-11,16:00:00,42.13,42.13,42.13,42.13,100,0
2017-04-11,16:15:00,42.38,42.38,42.345,42.345,200,0
2017-04-11,16:20:00,42.4,42.4,42.3,42.31,400,0
2017-04-11,16:35:00,42.184,42.184,42.1,42.1,3623,0
2017-04-11,16:40:00,42.1,42.19,42.1,42.19,400,0
2017-04-11,16:45:00,42.23,42.23,42.15,42.23,400,0
2017-04-11,16:50:00,42.21,42.3,42.21,42.3,300,0
2017-04-11,17:00:00,42.23,42.26,42.23,42.26,600,0
2017-04-11,17:05:00,42.26,42.32,42.26,42.32,1100,0
2017-04-11,17:10:00,42.43,42.47,42.39,42.47,800,0
2017-04-11,17:15:00,42.39,42.39,42.38,42.39,500,0
2017-04-11,17:20:00,42.36,42.36,42.36,42.36,200,0
2017-04-11,17:25:00,42.345,42.47,42.345,42.47,500,0
2017-04-11,17:35:00,42.54,42.54,42.49,42.49,300,0
2017-04-11,17:40:00,42.52,42.57,42.52,42.57,200,0
2017-04-11,17:55:00,42.7,42.7,42.7,42.7,100,0
2017-04-11,18:05:00,42.65,42.65,42.62,42.65,400,0
2017-04-11,18:15:00,42.59,42.61,42.59,42.61,700,0
2017-04-11,18:25:00,42.74,42.77,42.74,42.74,600,0
2017-04-11,18:45:00,42.74,42.74,42.69,42.69,200,0
2017-04-11,18:55:00,42.63,42.63,42.63,42.63,200,0
2017-04-11,19:00:00,42.68,42.68,42.68,42.68,100,0
2017-04-11,19:10:00,42.77,42.82,42.77,42.82,300,0
2017-04-11,19:20:00,42.803,42.803,42.803,42.803,349,0
2017-04-11,19:25:00,42.87,42.87,42.83,42.83,300,0
2017-04-11,19:35:00,42.78,42.78,42.76,42.78,300,0
2017-04-11,20:00:00,42.64,42.71,42.64,42.69,300,0
2017-04-11,20:05:00,42.72,42.72,42.66,42.66,700,0
2017-04-11,20:10:00,42.72,42.72,42.72,42.72,100,0
2017-04-11,20:15:00,42.69,42.69,42.69,42.69,100,0
2017-04-11,20:30:00,42.66,42.72,42.65,42.65,400,0
2017-04-11,20:35:00,42.72,42.72,42.72,42.72,300,0
2017-04-11,20:40:00,42.77,42.77,42.77,42.77,100,0
2017-04-11,20:50:00,42.815,42.85,42.78,42.78,900,0
2017-04-11,20:55:00,42.83,42.88,42.83,42.88,300,0
2017-04-11,21:00:00,42.9,42.9,42.87,42.87,200,0
2017-04-11,21:05:00,42.8999,42.8999,42.8999,42.8999,545,0
2017-04-11,21:10:00,42.84,42.84,42.84,42.84,200,0
2017-04-11,21:15:00,42.85,42.85,42.82,42.835,300,0
2017-04-11,21:20:00,42.8,42.81,42.8,42.81,500,0
2017-04-11,21:25:00,42.87,42.88,42.87,42.88,200,0
2017-04-11,21:30:00,42.94,42.94,42.94,42.94,100,0
2017-04-11,21:35:00,42.96,43,42.96,43,600,0
2017-04-11,21:40:00,43.04,43.04,43.04,43.04,100,0
2017-04-11,21:45:00,42.98,43,42.98,42.98,800,0
2017-04-11,21:50:00,42.97,42.99,42.94,42.95,600,0
2017-04-11,21:55:00,42.86,42.89,42.86,42.89,400,0
2017-04-11,22:00:00,42.89,43.06,42.89,43.04,5962,0
2017-04-12,15:35:00,42.97,42.97,42.97,42.97,291,0
2017-04-12,15:45:00,44.34,44.35,44.34,44.35,200,0
2017-04-12,15:50:00,43.17,43.26,43.16,43.16,1100,0
2017-04-12,15:55:00,43.2,43.21,43.11,43.18,1500,0
2017-04-12,16:05:00,42.87,42.87,42.87,42.87,100,0
2017-04-12,16:15:00,42.95,42.96,42.8,42.88,3100,0
2017-04-12,16:20:00,42.91,42.91,42.91,42.91,200,0
2017-04-12,16:30:00,42.91,42.95,42.84,42.88,3600,0
2017-04-12,16:35:00,42.92,42.935,42.92,42.935,300,0
2017-04-12,16:40:00,42.85,42.935,42.8,42.93,3594,0
2017-04-12,16:45:00,42.93,42.93,42.71,42.71,1399,0
2017-04-12,16:50:00,42.48,42.57,42.425,42.57,400,0
2017-04-12,17:00:00,42.5,42.51,42.31,42.31,1500,0
2017-04-12,17:05:00,42.45,42.45,42.385,42.44,589,0
2017-04-12,17:10:00,42.47,42.56,42.47,42.5,900,0
2017-04-12,17:15:00,42.57,42.57,42.57,42.57,100,0
2017-04-12,17:20:00,42.59,42.59,42.59,42.59,400,0
2017-04-12,17:25:00,42.6,42.6,42.51,42.59,1800,0
2017-04-12,17:30:00,42.6,42.68,42.6,42.665,1100,0
2017-04-12,17:35:00,42.7,42.91,42.7,42.85,6348,0
2017-04-12,17:40:00,42.85,42.94,42.83,42.94,3820,0
2017-04-12,17:45:00,42.87,42.9,42.87,42.9,300,0
2017-04-12,17:50:00,42.88,42.88,42.87,42.87,300,0
2017-04-12,17:55:00,42.85,42.9,42.85,42.9,1700,0
2017-04-12,18:00:00,42.85,42.85,42.85,42.85,1100,0
2017-04-12,18:05:00,42.98,42.98,42.98,42.98,100,0
2017-04-12,18:10:00,42.97,43.04,42.96,43.04,1000,0
2017-04-12,18:15:00,43.05,43.16,43.05,43.16,500,0
2017-04-12,18:20:00,43.1,43.1,43.1,43.1,100,0
2017-04-12,18:25:00,43.13,43.17,43.13,43.17,400,0
2017-04-12,18:30:00,43.075,43.075,43.075,43.075,100,0
2017-04-12,18:35:00,43.12,43.12,43.12,43.12,100,0
2017-04-12,18:40:00,42.9775,42.9775,42.971,42.971,900,0
2017-04-12,18:50:00,42.995,43,42.94,42.94,400,0
2017-04-12,18:55:00,42.98,42.98,42.92,42.97,732,0
2017-04-12,19:00:00,42.88,42.88,42.88,42.88,100,0
2017-04-12,19:05:00,42.97,42.99,42.97,42.99,500,0
2017-04-12,19:10:00,42.9558,43.03,42.9558,43.03,830,0
2017-04-12,19:30:00,43.02,43.02,42.97,42.97,200,0
2017-04-12,19:40:00,42.99,42.99,42.935,42.98,300,0
2017-04-12,19:50:00,43,43.03,43,43.03,300,0
2017-04-12,20:00:00,43.03,43.17,43.03,43.17,400,0
2017-04-12,20:05:00,43.12,43.12,43.12,43.12,100,0
2017-04-12,20:10:00,43.09,43.13,43.02,43.02,600,0
2017-04-12,20:15:00,43.05,43.11,43.05,43.11,400,0
2017-04-12,20:20:00,43.11,43.11,42.99,43.09,300,0
2017-04-12,20:25:00,43.1,43.1,43.1,43.1,200,0
2017-04-12,20:35:00,43.0904,43.0904,43.0693,43.0693,364,0
2017-04-12,20:45:00,43.04,43.04,43,43.03,400,0
2017-04-12,20:50:00,42.94,42.94,42.87,42.87,500,0
2017-04-12,21:10:00,42.9625,42.9625,42.93,42.93,332,0
2017-04-12,21:15:00,42.93,42.93,42.85,42.91,1730,0
2017-04-12,21:20:00,42.9,42.9,42.84,42.85,3200,0
2017-04-12,21:25:00,42.89,42.97,42.89,42.91,1000,0
2017-04-12,21:30:00,42.885,42.885,42.82,42.88,300,0
2017-04-12,21:35:00,42.84,42.89,42.84,42.89,1398,0
2017-04-12,21:40:00,42.86,42.86,42.84,42.84,500,0
2017-04-12,21:45:00,42.76,42.76,42.76,42.76,100,0
2017-04-12,21:55:00,42.78,42.91,42.78,42.91,1400,0
2017-04-12,22:00:00,42.875,42.94,42.83,42.83,7407,0
2017-04-13,15:35:00,42.71,42.71,42.71,42.71,276,0
2017-04-13,15:50:00,42.58,42.58,42.39,42.53,1000,0
2017-04-13,15:55:00,42.59,42.75,42.59,42.66,600,0
2017-04-13,16:00:00,42.61,42.61,42.61,42.61,100,0
2017-04-13,16:05:00,42.66,42.85,42.63,42.85,700,0
2017-04-13,16:10:00,42.85,42.85,42.84,42.85,300,0
2017-04-13,16:15:00,42.76,42.76,42.66,42.66,500,0
2017-04-13,16:20:00,42.65,42.69,42.58,42.58,300,0
2017-04-13,16:25:00,42.61,42.76,42.61,42.76,400,0
2017-04-13,16:30:00,42.82,42.82,42.56,42.56,600,0
2017-04-13,16:35:00,42.59,42.79,42.59,42.71,500,0
2017-04-13,16:40:00,42.76,42.76,42.76,42.76,100,0
2017-04-13,16:45:00,42.79,42.9,42.78,42.78,400,0
2017-04-13,16:50:00,42.91,42.95,42.84,42.91,600,0
2017-04-13,16:55:00,42.91,42.95,42.91,42.92,1202,0
2017-04-13,17:25:00,42.55,42.58,42.46,42.46,400,0
2017-04-13,17:30:00,42.46,42.46,42.46,42.46,100,0
2017-04-13,17:35:00,42.43,42.43,42.43,42.43,100,0
2017-04-13,17:40:00,42.39,42.39,42.39,42.39,100,0
2017-04-13,17:50:00,42.31,42.38,42.31,42.35,400,0
2017-04-13,17:55:00,42.41,42.42,42.41,42.42,200,0
2017-04-13,18:00:00,42.37,42.37,42.37,42.37,100,0
2017-04-13,18:10:00,42.21,42.21,42.13,42.17,800,0
2017-04-13,18:20:00,42.01,42.1,42,42,400,0
2017-04-13,18:25:00,42.07,42.07,42.07,42.07,100,0
2017-04-13,18:30:00,42.055,42.055,42.055,42.055,100,0
2017-04-13,18:35:00,42,42,42,42,100,0
2017-04-13,18:45:00,42.03,42.03,42.03,42.03,200,0
2017-04-13,18:50:00,42.02,42.02,42.01,42.01,300,0
2017-04-13,19:10:00,41.96,41.96,41.93,41.93,500,0
2017-04-13,19:45:00,42.01,42.01,41.89,41.89,800,0
2017-04-13,19:50:00,41.87,41.94,41.85,41.9,1000,0
2017-04-13,20:10:00,41.97,42.02,41.95,42.02,1400,0
2017-04-13,20:15:00,42.07,42.12,42.07,42.12,200,0
2017-04-13,20:20:00,42.06,42.06,42.06,42.06,100,0
2017-04-13,20:25:00,42.114,42.114,42.04,42.0507,531,0
2017-04-13,20:30:00,42,42,42,42,100,0
2017-04-13,20:35:00,42.11,42.11,42.11,42.11,100,0
2017-04-13,20:40:00,42.11,42.11,42.08,42.08,200,0
2017-04-13,20:45:00,42.08,42.08,42,42,704,0
2017-04-13,20:50:00,42.0375,42.0375,42.0375,42.0375,125,0
2017-04-13,20:55:00,41.93,41.93,41.9273,41.9273,430,0
2017-04-13,21:00:00,41.93,42.05,41.93,41.94,300,0
2017-04-13,21:05:00,42.025,42.025,42.0152,42.0152,400,0
2017-04-13,21:10:00,42.04,42.04,42.01,42.01,600,0
2017-04-13,21:15:00,42.01,42.01,41.94,41.94,700,0
2017-04-13,21:20:00,41.94,41.94,41.84,41.86,1600,0
2017-04-13,21:25:00,41.89,41.89,41.85,41.85,200,0
2017-04-13,21:30:00,41.84,41.84,41.84,41.84,100,0
2017-04-13,21:35:00,41.84,41.84,41.78,41.82,400,0
2017-04-13,21:40:00,41.81,41.81,41.81,41.81,100,0
2017-04-13,21:45:00,41.81,41.8622,41.8,41.855,1000,0
2017-04-13,21:50:00,41.86,41.86,41.86,41.86,300,0
2017-04-13,21:55:00,41.83,41.87,41.76,41.77,5703,0
2017-04-13,22:00:00,41.81,41.81,41.71,41.73,10805,0
2017-04-17,15:35:00,42.04,42.04,42.04,42.04,641,0
2017-04-17,15:40:00,41.95,41.95,41.84,41.84,400,0
2017-04-17,15:45:00,41.72,41.72,41.66,41.66,300,0
2017-04-17,16:15:00,41.73,41.73,41.73,41.73,100,0
2017-04-17,16:30:00,41.57,41.59,41.445,41.59,836,0
2017-04-17,16:35:00,41.54,41.54,41.54,41.54,100,0
2017-04-17,16:40:00,41.46,41.46,41.38,41.38,400,0
2017-04-17,16:45:00,41.56,41.56,41.56,41.56,100,0
2017-04-17,17:00:00,41.5,41.72,41.5,41.72,800,0
2017-04-17,17:05:00,41.74,41.74,41.74,41.74,100,0
2017-04-17,17:10:00,41.83,41.91,41.8,41.85,800,0
2017-04-17,17:15:00,41.96,41.96,41.96,41.96,100,0
2017-04-17,17:20:00,41.96,42.02,41.85,41.95,2100,0
2017-04-17,17:25:00,41.84,41.84,41.84,41.84,100,0
2017-04-17,17:30:00,41.9,41.92,41.9,41.92,200,0
2017-04-17,17:55:00,41.94,41.94,41.94,41.94,200,0
2017-04-17,18:05:00,41.82,41.84,41.82,41.84,500,0
2017-04-17,18:10:00,41.85,41.85,41.85,41.85,100,0
2017-04-17,18:25:00,41.83,41.83,41.82,41.82,200,0
2017-04-17,18:55:00,41.75,41.75,41.75,41.75,100,0
2017-04-17,19:15:00,41.8768,41.8768,41.8768,41.8768,100,0
2017-04-17,19:20:00,41.85,41.8668,41.85,41.8668,478,0
2017-04-17,19:25:00,41.82,41.82,41.8,41.81,500,0
2017-04-17,19:45:00,41.85,41.86,41.85,41.85,400,0
2017-04-17,19:50:00,41.85,41.85,41.85,41.85,100,0
2017-04-17,19:55:00,41.85,41.85,41.85,41.85,100,0
2017-04-17,20:00:00,41.85,41.85,41.85,41.85,400,0
2017-04-17,20:05:00,41.85,41.86,41.85,41.86,400,0
2017-04-17,20:10:00,41.88,41.88,41.88,41.88,100,0
2017-04-17,20:15:00,41.85,41.86,41.85,41.86,364,0
2017-04-17,20:20:00,41.84,41.8999,41.84,41.8999,439,0
2017-04-17,20:35:00,41.9,41.91,41.9,41.91,211,0
2017-04-17,20:40:00,41.9149,41.94,41.9149,41.94,307,0
2017-04-17,20:50:00,41.96,41.96,41.96,41.96,100,0
2017-04-17,21:00:00,41.93,41.93,41.93,41.93,100,0
2017-04-17,21:05:00,42,42,42,42,100,0
2017-04-17,21:15:00,42.05,42.06,42.05,42.06,200,0
2017-04-17,21:20:00,42.17,42.17,42.17,42.17,100,0
2017-04-17,21:25:00,42.2899,42.2899,42.26,42.26,213,0
2017-04-17,21:30:00,42.25,42.25,42.24,42.24,200,0
2017-04-17,21:35:00,42.33,42.34,42.22,42.34,2205,0
2017-04-17,21:45:00,42.32,42.32,42.29,42.31,1300,0
2017-04-17,21:50:00,42.33,42.38,42.33,42.38,400,0
2017-04-17,21:55:00,42.44,42.46,42.38,42.39,1200,0
2017-04-17,22:00:00,42.45,42.51,42.45,42.46,5399,0
2017-04-18,15:35:00,42.07,42.2,42.07,42.2,310,0
2017-04-18,15:40:00,42.12,42.29,42.12,42.29,1400,0
2017-04-18,15:45:00,42.35,42.42,42.28,42.35,800,0
2017-04-18,16:15:00,42.1236,42.1236,42.09,42.09,1100,0
2017-04-18,16:20:00,42.02,42.02,42.02,42.02,100,0
2017-04-18,16:30:00,42.22,42.22,42.22,42.22,235,0
2017-04-18,16:35:00,42.24,42.24,42.24,42.24,300,0
2017-04-18,16:50:00,42.26,42.26,42.26,42.26,100,0
2017-04-18,16:55:00,42.19,42.2,42.19,42.19,300,0
2017-04-18,17:10:00,42.09,42.09,42.09,42.09,100,0
2017-04-18,17:15:00,42.08,42.1936,42.08,42.1936,455,0
2017-04-18,17:20:00,42.07,42.07,42.07,42.07,100,0
2017-04-18,17:25:00,42.04,42.09,41.995,42.09,1300,0
2017-04-18,17:30:00,42.21,42.24,42.15,42.16,3741,0
2017-04-18,17:40:00,42.13,42.13,42.13,42.13,100,0
2017-04-18,17:50:00,42.0112,42.03,42.0112,42.03,200,0
2017-04-18,18:05:00,41.89,41.89,41.85,41.88,600,0
2017-04-18,18:15:00,41.9,41.9,41.9,41.9,110,0
2017-04-18,18:30:00,42.05,42.05,42.05,42.05,100,0
2017-04-18,18:35:00,42.06,42.06,42.06,42.06,100,0
2017-04-18,19:00:00,42.12,42.12,42.12,42.12,100,0
2017-04-18,19:20:00,42.305,42.305,42.305,42.305,100,0
2017-04-18,19:25:00,42.37,42.37,42.37,42.37,100,0
2017-04-18,19:30:00,42.34,42.34,42.34,42.34,100,0
2017-04-18,19:35:00,42.39,42.39,42.39,42.39,100,0
2017-04-18,19:40:00,42.43,42.44,42.43,42.44,200,0
2017-04-18,19:50:00,42.472,42.53,42.472,42.48,704,0
2017-04-18,19:55:00,42.53,42.54,42.53,42.54,200,0
2017-04-18,20:00:00,42.58,42.58,42.38,42.38,300,0
2017-04-18,20:05:00,42.54,42.54,42.54,42.54,100,0
2017-04-18,20:30:00,42.4945,42.4945,42.4945,42.4945,106,0
2017-04-18,20:45:00,42.48,42.48,42.42,42.42,500,0
2017-04-18,20:55:00,42.37,42.37,42.37,42.37,100,0
2017-04-18,21:00:00,42.3,42.3,42.3,42.3,100,0
2017-04-18,21:15:00,42.3,42.37,42.3,42.37,400,0
2017-04-18,21:25:00,42.38,42.38,42.38,42.38,100,0
2017-04-18,21:35:00,42.55,42.55,42.44,42.44,200,0
2017-04-18,21:40:00,42.54,42.54,42.54,42.54,100,0
2017-04-18,21:45:00,42.54,42.56,42.5,42.5,1100,0
2017-04-18,21:50:00,42.44,42.5,42.44,42.5,200,0
2017-04-18,21:55:00,42.45,42.46,42.34,42.35,3004,0
2017-04-18,22:00:00,42.38,42.44,42.36,42.41,5927,0
2017-04-19,15:35:00,42.76,42.76,42.76,42.76,455,0
2017-04-19,16:00:00,42.84,42.93,42.84,42.93,200,0
2017-04-19,16:15:00,42.91,42.91,42.91,42.91,100,0
2017-04-19,16:30:00,42.96,42.96,42.867,42.867,300,0
2017-04-19,16:35:00,42.855,42.915,42.81,42.915,600,0
2017-04-19,16:40:00,42.86,42.91,42.86,42.91,200,0
2017-04-19,16:55:00,42.8,42.8,42.8,42.8,100,0
2017-04-19,17:05:00,42.77,42.8589,42.77,42.8589,850,0
2017-04-19,17:10:00,42.77,42.77,42.77,42.77,100,0
2017-04-19,17:25:00,42.78,42.87,42.77,42.87,600,0
2017-04-19,17:30:00,42.97,43.02,42.97,43.02,200,0
2017-04-19,17:35:00,42.99,43.2,42.965,43.2,2900,0
2017-04-19,17:40:00,43.06,43.305,43.06,43.305,374,0
2017-04-19,17:45:00,43.39,43.39,43.3,43.3,242,0
2017-04-19,17:50:00,43.3,43.3,43.29,43.29,300,0
2017-04-19,17:55:00,43.25,43.295,43.24,43.295,700,0
2017-04-19,18:00:00,43.19,43.19,43.19,43.19,200,0
2017-04-19,18:10:00,43.28,43.28,43.28,43.28,100,0
2017-04-19,18:20:00,43.26,43.26,43.26,43.26,100,0
2017-04-19,18:30:00,43.16,43.16,43.11,43.11,500,0
2017-04-19,19:05:00,43.1,43.1,43.01,43.05,1100,0
2017-04-19,19:15:00,42.96,42.96,42.85,42.85,200,0
2017-04-19,19:25:00,42.92,42.92,42.92,42.92,100,0
2017-04-19,19:40:00,42.93,42.93,42.93,42.93,200,0
2017-04-19,19:45:00,43.06,43.06,43.06,43.06,100,0
2017-04-19,19:55:00,42.99,42.99,42.99,42.99,100,0
2017-04-19,20:10:00,42.97,42.97,42.86,42.86,200,0
2017-04-19,20:20:00,42.84,42.84,42.84,42.84,100,0
2017-04-19,20:25:00,42.85,42.85,42.85,42.85,200,0
2017-04-19,20:35:00,42.9586,42.9586,42.954,42.954,369,0
2017-04-19,20:40:00,43.02,43.02,43.02,43.02,100,0
2017-04-19,20:45:00,43.07,43.07,43.07,43.07,100,0
2017-04-19,20:50:00,42.99,43.015,42.99,43.015,300,0
2017-04-19,20:55:00,42.9,42.9,42.85,42.85,400,0
2017-04-19,21:05:00,42.84,42.85,42.82,42.85,500,0
2017-04-19,21:10:00,42.895,42.93,42.895,42.93,200,0
2017-04-19,21:15:00,42.96,43,42.96,42.99,300,0
2017-04-19,21:20:00,42.9,42.9,42.9,42.9,200,0
2017-04-19,21:25:00,42.98,43.04,42.98,43.04,300,0
2017-04-19,21:30:00,42.9,42.9,42.89,42.89,200,0
2017-04-19,21:35:00,42.81,42.81,42.72,42.79,1900,0
2017-04-19,21:40:00,42.79,42.79,42.79,42.79,100,0
2017-04-19,21:45:00,42.83,42.9,42.8,42.9,1751,0
2017-04-19,21:50:00,42.9,42.97,42.9,42.97,700,0
2017-04-19,21:55:00,42.97,42.97,42.87,42.88,2306,0
2017-04-19,22:00:00,42.89,42.98,42.89,42.93,6282,0
2017-04-20,15:35:00,43.21,43.52,43.21,43.52,1239,0
2017-04-20,15:40:00,43.51,43.51,43.51,43.51,100,0
2017-04-20,15:45:00,43.63,43.79,43.63,43.79,200,0
2017-04-20,15:50:00,43.56,43.56,43.3,43.3,1000,0
2017-04-20,15:55:00,43.33,43.47,43.33,43.47,700,0
2017-04-20,16:00:00,43.43,43.46,43.38,43.45,500,0
2017-04-20,16:05:00,43.44,43.45,43.25,43.25,600,0
2017-04-20,16:10:00,43.28,43.5,43.26,43.38,4300,0
2017-04-20,16:15:00,43.38,43.43,43.35,43.38,2100,0
2017-04-20,16:20:00,43.38,43.41,43.3,43.3,2802,0
2017-04-20,16:25:00,43.31,43.32,43.31,43.32,300,0
2017-04-20,16:35:00,43.41,43.41,43.41,43.41,100,0
2017-04-20,16:40:00,43.38,43.38,43.35,43.36,600,0
2017-04-20,16:45:00,43.44,43.44,43.44,43.44,300,0
2017-04-20,16:50:00,43.51,43.54,43.5,43.54,300,0
2017-04-20,16:55:00,43.55,43.56,43.55,43.56,400,0
2017-04-20,17:00:00,43.56,43.59,43.56,43.59,300,0
2017-04-20,17:05:00,43.62,43.62,43.52,43.62,400,0
2017-04-20,17:10:00,43.62,43.62,43.53,43.53,500,0
2017-04-20,17:15:00,43.64,43.65,43.64,43.64,300,0
2017-04-20,17:20:00,43.64,43.65,43.63,43.65,400,0
2017-04-20,17:25:00,43.68,43.79,43.645,43.73,4201,0
2017-04-20,17:30:00,43.72,43.755,43.72,43.755,300,0
2017-04-20,17:35:00,43.77,43.7794,43.72,43.73,1100,0
2017-04-20,17:40:00,43.7,43.71,43.7,43.7,300,0
2017-04-20,17:45:00,43.69,43.76,43.69,43.76,200,0
2017-04-20,17:50:00,43.66,43.66,43.66,43.66,100,0
2017-04-20,17:55:00,43.86,43.86,43.85,43.85,200,0
2017-04-20,18:00:00,43.8,43.84,43.8,43.84,500,0
2017-04-20,18:05:00,43.85,43.89,43.85,43.89,489,0
2017-04-20,18:10:00,43.79,43.79,43.79,43.79,300,0
2017-04-20,18:20:00,43.86,43.86,43.86,43.86,300,0
2017-04-20,18:25:00,43.82,43.89,43.82,43.89,500,0
2017-04-20,18:30:00,43.93,43.95,43.93,43.95,200,0
2017-04-20,18:35:00,43.94,43.95,43.94,43.9499,440,0
2017-04-20,18:40:00,43.94,43.94,43.94,43.94,100,0
2017-04-20,18:45:00,43.95,43.95,43.89,43.89,400,0
2017-04-20,18:50:00,43.98,43.98,43.98,43.98,100,0
2017-04-20,18:55:00,43.98,43.98,43.95,43.96,900,0
2017-04-20,19:00:00,43.93,43.93,43.88,43.88,600,0
2017-04-20,19:05:00,43.9,43.9,43.9,43.9,200,0
2017-04-20,19:20:00,43.76,43.84,43.76,43.84,300,0
2017-04-20,19:25:00,43.73,43.77,43.69,43.7,600,0
2017-04-20,19:30:00,43.74,43.79,43.74,43.79,200,0
2017-04-20,19:40:00,43.8,43.85,43.8,43.84,700,0
2017-04-20,19:45:00,43.89,43.89,43.79,43.79,1845,0
2017-04-20,19:50:00,43.87,43.87,43.87,43.87,100,0
2017-04-20,19:55:00,43.91,43.91,43.91,43.91,100,0
2017-04-20,20:00:00,43.99,43.99,43.99,43.99,200,0
2017-04-20,20:05:00,43.98,43.99,43.98,43.99,200,0
2017-04-20,20:10:00,43.99,43.99,43.99,43.99,200,0
2017-04-20,20:15:00,43.98,44,43.98,44,500,0
2017-04-20,20:20:00,43.99,44,43.99,44,400,0
2017-04-20,20:25:00,44,44,44,44,100,0
2017-04-20,20:30:00,44,44.07,44,44.07,1150,0
2017-04-20,20:35:00,43.99,44.08,43.9644,44.08,1727,0
2017-04-20,20:40:00,44.08,44.08,44.08,44.08,100,0
2017-04-20,20:45:00,44.13,44.13,44.13,44.13,600,0
2017-04-20,20:50:00,44.13,44.13,44.02,44.1,300,0
2017-04-20,20:55:00,44.13,44.18,44.13,44.18,800,0
2017-04-20,21:00:00,44.12,44.18,44.12,44.18,400,0
2017-04-20,21:05:00,44.14,44.14,44.14,44.14,600,0
2017-04-20,21:10:00,44.15,44.15,44.15,44.15,200,0
2017-04-20,21:15:00,44.13,44.16,44.09,44.12,6500,0
2017-04-20,21:20:00,44.13,44.135,44.09,44.135,1381,0
2017-04-20,21:25:00,44.14,44.18,44.08,44.08,1000,0
2017-04-20,21:30:00,44.13,44.14,44.09,44.13,3686,0
2017-04-20,21:35:00,44.18,44.22,44.17,44.22,1300,0
2017-04-20,21:40:00,44.21,44.24,44.2,44.24,900,0
2017-04-20,21:45:00,44.24,44.33,44.23,44.33,800,0
2017-04-20,21:50:00,44.315,44.315,44.25,44.28,1878,0
2017-04-20,21:55:00,44.28,44.32,44.28,44.28,2100,0
2017-04-20,22:00:00,44.31,44.4,44.31,44.39,13213,0
2017-04-21,15:35:00,43.99,43.99,43.59,43.59,7401,0
2017-04-21,15:40:00,43.604,43.745,43.59,43.745,600,0
2017-04-21,15:45:00,43.89,44.065,43.89,44.065,1100,0
2017-04-21,15:50:00,43.91,44.04,43.91,44.04,400,0
2017-04-21,15:55:00,44,44.04,43.72,43.825,1400,0
2017-04-21,16:00:00,43.8,43.95,43.8,43.95,700,0
2017-04-21,16:10:00,43.99,44.06,43.87,43.87,600,0
2017-04-21,16:20:00,44.03,44.03,44.03,44.03,100,0
2017-04-21,16:25:00,44.05,44.15,44.05,44.15,300,0
2017-04-21,16:30:00,44.2,44.2,44.2,44.2,500,0
2017-04-21,16:35:00,44.11,44.16,44.07,44.07,1300,0
2017-04-21,16:40:00,44.01,44.01,44.01,44.01,100,0
2017-04-21,16:45:00,44.02,44.02,44,44,500,0
2017-04-21,16:50:00,44.02,44.04,44.02,44.04,600,0
2017-04-21,16:55:00,44.04,44.04,44.04,44.04,100,0
2017-04-21,17:00:00,44.06,44.06,44.04,44.04,300,0
2017-04-21,17:05:00,44.04,44.04,44.04,44.04,300,0
2017-04-21,17:10:00,43.94,43.94,43.86,43.87,1000,0
2017-04-21,17:15:00,43.8,43.8,43.68,43.73,9157,0
2017-04-21,17:20:00,43.65,43.65,43.65,43.65,100,0
2017-04-21,17:25:00,43.78,43.78,43.78,43.78,100,0
2017-04-21,17:30:00,43.8611,43.8611,43.79,43.8,628,0
2017-04-21,17:35:00,43.9197,43.9197,43.9197,43.9197,137,0
2017-04-21,17:45:00,43.85,43.89,43.77,43.89,1793,0
2017-04-21,17:50:00,43.89,43.89,43.89,43.89,100,0
2017-04-21,18:00:00,43.92,43.925,43.89,43.89,1000,0
2017-04-21,18:05:00,43.92,43.92,43.82,43.82,200,0
2017-04-21,18:10:00,43.9,43.9,43.9,43.9,100,0
2017-04-21,18:15:00,43.84,43.84,43.83,43.83,500,0
2017-04-21,18:20:00,43.79,43.79,43.78,43.78,200,0
2017-04-21,18:25:00,43.83,43.83,43.83,43.83,100,0
2017-04-21,18:30:00,43.77,43.77,43.6,43.6,800,0
2017-04-21,18:35:00,43.6,43.6,43.47,43.54,500,0
2017-04-21,18:40:00,43.65,43.65,43.5701,43.5701,200,0
2017-04-21,18:45:00,43.57,43.57,43.57,43.57,200,0
2017-04-21,18:50:00,43.57,43.57,43.57,43.57,100,0
2017-04-21,18:55:00,43.5801,43.64,43.5801,43.61,600,0
2017-04-21,19:05:00,43.7,43.7,43.7,43.7,200,0
2017-04-21,19:10:00,43.71,43.71,43.6601,43.6601,200,0
2017-04-21,19:15:00,43.705,43.705,43.54,43.54,1300,0
2017-04-21,19:20:00,43.54,43.59,43.54,43.59,200,0
2017-04-21,19:25:00,43.56,43.64,43.56,43.64,300,0
2017-04-21,19:40:00,43.73,43.73,43.71,43.72,800,0
2017-04-21,20:00:00,43.73,43.865,43.73,43.8,1200,0
2017-04-21,20:05:00,43.85,43.875,43.79,43.82,1100,0
2017-04-21,20:10:00,43.86,43.93,43.86,43.93,200,0
2017-04-21,20:25:00,44,44,44,44,100,0
2017-04-21,20:30:00,44.09,44.09,44.09,44.09,100,0
2017-04-21,20:35:00,44.06,44.09,44.06,44.06,800,0
2017-04-21,20:40:00,44.0489,44.0651,44.0489,44.0651,368,0
2017-04-21,20:45:00,43.97,44.01,43.86,43.86,500,0
2017-04-21,20:50:00,43.91,43.91,43.85,43.85,200,0
2017-04-21,20:55:00,43.915,43.915,43.915,43.915,100,0
2017-04-21,21:05:00,44,44.05,43.99,44.02,1500,0
2017-04-21,21:10:00,44.06,44.06,44.03,44.03,600,0
2017-04-21,21:15:00,44.1,44.1,44.1,44.1,200,0
2017-04-21,21:20:00,44.18,44.18,44.18,44.18,500,0
2017-04-21,21:25:00,44.17,44.23,44.15,44.23,1000,0
2017-04-21,21:30:00,44.23,44.26,44.17,44.24,1700,0
2017-04-21,21:35:00,44.24,44.27,44.2,44.2,1300,0
2017-04-21,21:40:00,44.22,44.22,44.22,44.22,470,0
2017-04-21,21:45:00,44.24,44.24,44.2,44.2,1700,0
2017-04-21,21:50:00,44.2,44.3,44.2,44.27,1900,0
2017-04-21,21:55:00,44.26,44.26,44.13,44.13,2000,0
2017-04-21,22:00:00,44.18,44.19,44.06,44.11,33602,0
2017-04-24,15:35:00,44.63,44.63,44.63,44.63,3500,0
2017-04-24,15:45:00,45.14,45.27,45.14,45.27,200,0
2017-04-24,16:00:00,45.28,45.28,45.28,45.28,100,0
2017-04-24,16:10:00,45.54,45.59,45.54,45.59,358,0
2017-04-24,16:15:00,45.56,45.56,45.18,45.18,400,0
2017-04-24,16:20:00,45.39,45.39,45.31,45.31,500,0
2017-04-24,16:25:00,45.28,45.28,45.22,45.22,500,0
2017-04-24,16:30:00,45.17,45.24,45.01,45.24,341,0
2017-04-24,16:40:00,45.2,45.2,45.05,45.09,500,0
2017-04-24,16:45:00,45.1,45.14,45.1,45.14,200,0
2017-04-24,16:50:00,45.25,45.25,45.25,45.25,100,0
2017-04-24,16:55:00,45.26,45.26,45.26,45.26,100,0
2017-04-24,17:05:00,45.09,45.19,45.09,45.19,300,0
2017-04-24,17:10:00,45.19,45.19,45.19,45.19,100,0
2017-04-24,17:15:00,45.12,45.12,45.12,45.12,100,0
2017-04-24,17:20:00,45.13,45.19,45.13,45.19,400,0
2017-04-24,17:25:00,45.27,45.27,45.27,45.27,100,0
2017-04-24,17:30:00,45.26,45.27,45.21,45.21,1100,0
2017-04-24,17:35:00,45.2,45.2,45.11,45.11,700,0
2017-04-24,17:40:00,45.14,45.14,44.9,44.9,1000,0
2017-04-24,17:45:00,44.93,44.93,44.78,44.78,1500,0
2017-04-24,17:50:00,44.79,44.965,44.79,44.965,700,0
2017-04-24,17:55:00,45,45,44.94,44.94,200,0
2017-04-24,18:00:00,44.78,44.89,44.78,44.89,300,0
2017-04-24,18:10:00,45.04,45.05,45.04,45.05,200,0
2017-04-24,18:15:00,45.02,45.02,45.02,45.02,100,0
2017-04-24,18:20:00,45.08,45.08,45.08,45.08,100,0
2017-04-24,18:25:00,45.09,45.15,45,45.15,400,0
2017-04-24,18:35:00,45.06,45.06,45.025,45.025,300,0
2017-04-24,18:40:00,45.08,45.11,45.08,45.087,400,0
2017-04-24,18:45:00,45.13,45.18,45.13,45.18,200,0
2017-04-24,18:50:00,45.23,45.24,45.23,45.24,200,0
2017-04-24,18:55:00,45.23,45.25,45.23,45.25,200,0
2017-04-24,19:00:00,45.15,45.19,45.15,45.19,400,0
2017-04-24,19:05:00,45.21,45.255,45.21,45.21,500,0
2017-04-24,19:15:00,45.17,45.26,45.17,45.26,400,0
2017-04-24,19:20:00,45.27,45.27,45.27,45.27,100,0
2017-04-24,19:25:00,45.29,45.29,45.29,45.29,100,0
2017-04-24,19:30:00,45.3897,45.4,45.24,45.24,300,0
2017-04-24,19:35:00,45.23,45.27,45.22,45.22,1100,0
2017-04-24,19:40:00,45.28,45.4497,45.19,45.21,1452,0
2017-04-24,19:45:00,45.13,45.13,44.97,45.07,1323,0
2017-04-24,19:50:00,45.05,45.05,45.05,45.05,100,0
2017-04-24,19:55:00,44.94,45.04,44.94,45.04,200,0
2017-04-24,20:00:00,44.975,45.01,44.84,44.84,958,0
2017-04-24,20:10:00,44.8299,44.84,44.8299,44.83,500,0
2017-04-24,20:20:00,44.83,44.95,44.83,44.95,500,0
2017-04-24,20:25:00,44.95,44.95,44.95,44.95,100,0
2017-04-24,20:30:00,44.875,44.875,44.875,44.875,100,0
2017-04-24,20:35:00,44.94,44.94,44.94,44.94,100,0
2017-04-24,20:40:00,44.89,44.89,44.89,44.89,100,0
2017-04-24,20:50:00,44.805,44.81,44.72,44.81,600,0
2017-04-24,20:55:00,44.7,44.7,44.67,44.67,400,0
2017-04-24,21:00:00,44.75,44.75,44.69,44.69,200,0
2017-04-24,21:05:00,44.75,44.78,44.67,44.78,4600,0
2017-04-24,21:10:00,44.735,44.78,44.72,44.72,1500,0
2017-04-24,21:15:00,44.755,44.755,44.72,44.72,200,0
2017-04-24,21:20:00,44.72,44.75,44.71,44.71,500,0
2017-04-24,21:25:00,44.75,44.83,44.68,44.73,1500,0
2017-04-24,21:30:00,44.73,44.755,44.71,44.73,3200,0
2017-04-24,21:35:00,44.74,44.74,44.69,44.69,1600,0
2017-04-24,21:40:00,44.69,44.69,44.63,44.63,1500,0
2017-04-24,21:45:00,44.61,44.6111,44.53,44.57,1800,0
2017-04-24,21:50:00,44.58,44.6107,44.58,44.6107,350,0
2017-04-24,21:55:00,44.55,44.71,44.54,44.71,2934,0
2017-04-24,22:00:00,44.71,44.71,44.47,44.53,11665,0
2017-04-25,15:35:00,45.61,45.61,45.61,45.61,935,0
2017-04-25,15:40:00,45.86,47,45.84,47,7054,0
2017-04-25,15:45:00,47.0317,47.0317,47.0317,47.0317,150,0
2017-04-25,15:50:00,48.53,48.7,47.46,47.78,4220,0
2017-04-25,15:55:00,47.73,48.32,47.66,47.99,1569,0
2017-04-25,16:00:00,47.99,48,47.99,48,200,0
2017-04-25,16:05:00,48,48,47.75,47.75,4201,0
2017-04-25,16:10:00,47.91,48,47.66,47.66,5102,0
2017-04-25,16:15:00,47.7,47.7,47.62,47.7,1000,0
2017-04-25,16:20:00,47.82,47.82,47.82,47.82,100,0
2017-04-25,16:25:00,47.71,47.76,47.51,47.62,1900,0
2017-04-25,16:30:00,47.475,47.475,47.47,47.47,200,0
2017-04-25,16:35:00,47.71,47.73,47.7,47.73,400,0
2017-04-25,16:40:00,47.66,47.73,47.52,47.57,2400,0
2017-04-25,16:45:00,47.49,47.49,47.35,47.35,1673,0
2017-04-25,16:50:00,47.46,47.54,47.13,47.13,3591,0
2017-04-25,16:55:00,47.27,47.27,47.12,47.16,1300,0
2017-04-25,17:00:00,47.2,47.22,47.14,47.2,1000,0
2017-04-25,17:05:00,47.26,47.38,47.26,47.2801,700,0
2017-04-25,17:10:00,47.41,47.41,47.315,47.315,400,0
2017-04-25,17:15:00,47.3,47.44,47.29,47.44,2164,0
2017-04-25,17:20:00,47.45,47.62,47.45,47.62,301,0
2017-04-25,17:25:00,47.54,47.54,47.53,47.53,300,0
2017-04-25,17:30:00,47.48,47.48,47.44,47.44,200,0
2017-04-25,17:35:00,47.405,47.55,47.33,47.52,1900,0
2017-04-25,17:45:00,47.43,47.43,47.41,47.41,300,0
2017-04-25,17:50:00,47.46,47.51,47.46,47.51,300,0
2017-04-25,18:00:00,47.51,47.5102,47.51,47.5102,300,0
2017-04-25,18:05:00,47.56,47.56,47.51,47.51,300,0
2017-04-25,18:10:00,47.59,47.59,47.59,47.59,100,0
2017-04-25,18:15:00,47.69,47.69,47.69,47.69,100,0
2017-04-25,18:20:00,47.71,47.75,47.71,47.75,1500,0
2017-04-25,18:25:00,47.75,47.75,47.71,47.72,1200,0
2017-04-25,18:30:00,47.68,47.69,47.67,47.67,1868,0
2017-04-25,18:35:00,47.69,47.69,47.63,47.63,700,0
2017-04-25,18:40:00,47.64,47.64,47.58,47.61,600,0
2017-04-25,18:45:00,47.69,47.69,47.69,47.69,100,0
2017-04-25,18:50:00,47.73,47.73,47.73,47.73,100,0
2017-04-25,18:55:00,47.75,47.75,47.71,47.71,1600,0
2017-04-25,19:05:00,47.73,47.73,47.73,47.73,100,0
2017-04-25,19:15:00,47.75,47.79,47.71,47.79,800,0
2017-04-25,19:30:00,47.69,47.69,47.68,47.68,200,0
2017-04-25,19:35:00,47.6401,47.6401,47.6401,47.6401,220,0
2017-04-25,19:45:00,47.705,47.705,47.64,47.64,400,0
2017-04-25,19:50:00,47.685,47.685,47.685,47.685,363,0
2017-04-25,19:55:00,47.65,47.75,47.65,47.731,2028,0
2017-04-25,20:00:00,47.75,47.75,47.67,47.6795,1900,0
2017-04-25,20:15:00,47.904,47.98,47.904,47.98,339,0
2017-04-25,20:20:00,47.86,47.97,47.86,47.97,500,0
2017-04-25,20:25:00,47.935,47.935,47.88,47.88,200,0
2017-04-25,20:35:00,47.93,48.15,47.93,48.04,2100,0
2017-04-25,20:40:00,48.04,48.09,48.04,48.09,300,0
2017-04-25,20:45:00,48.1,48.25,48.1,48.25,1600,0
2017-04-25,20:50:00,48.26,48.26,48.2,48.2,600,0
2017-04-25,20:55:00,48.19,48.19,48.16,48.18,300,0
2017-04-25,21:05:00,48.19,48.19,48.1,48.1,711,0
2017-04-25,21:10:00,48.11,48.2,48.08,48.2,1400,0
2017-04-25,21:15:00,48.11,48.11,48.08,48.09,600,0
2017-04-25,21:20:00,48.06,48.06,48.05,48.05,200,0
2017-04-25,21:25:00,48.02,48.03,47.86,47.87,2400,0
2017-04-25,21:30:00,47.93,47.93,47.925,47.925,300,0
2017-04-25,21:35:00,47.94,47.94,47.86,47.91,3648,0
2017-04-25,21:40:00,47.9,47.93,47.9,47.9,700,0
2017-04-25,21:45:00,47.87,47.92,47.87,47.92,219,0
2017-04-25,21:50:00,47.93,47.99,47.88,47.98,1415,0
2017-04-25,21:55:00,48.03,48.03,47.93,47.93,2800,0
2017-04-25,22:00:00,47.96,48.07,47.945,47.97,11496,0
2017-04-26,15:35:00,48.24,48.24,48,48,920,0
2017-04-26,15:40:00,48.01,48.01,48.01,48.01,100,0
2017-04-26,15:45:00,48.06,48.14,47.8901,47.8901,3500,0
2017-04-26,15:50:00,47.8401,48.05,47.8,47.975,3300,0
2017-04-26,15:55:00,48.04,48.05,47.9,47.93,800,0
2017-04-26,16:00:00,47.84,47.84,47.7601,47.7601,300,0
2017-04-26,16:05:00,47.78,47.82,47.76,47.76,500,0
2017-04-26,16:10:00,47.88,48.09,47.79,48.09,1000,0
2017-04-26,16:15:00,47.99,47.99,47.99,47.99,100,0
2017-04-26,16:20:00,48.01,48.01,47.99,48,800,0
2017-04-26,16:25:00,47.95,48.03,47.95,48.03,200,0
2017-04-26,16:30:00,48.06,48.07,48,48.0675,1100,0
2017-04-26,16:35:00,48.11,48.11,48.035,48.035,200,0
2017-04-26,16:40:00,47.98,48.1,47.98,48.1,1800,0
2017-04-26,16:45:00,48.06,48.14,48.06,48.14,200,0
2017-04-26,16:50:00,48.15,48.15,48.105,48.1375,400,0
2017-04-26,16:55:00,48.19,48.22,48.1,48.2,3100,0
2017-04-26,17:00:00,48.17,48.215,48.17,48.19,600,0
2017-04-26,17:05:00,48.185,48.185,48.17,48.17,200,0
2017-04-26,17:10:00,48.2,48.2,48.14,48.14,800,0
2017-04-26,17:15:00,48.18,48.2,48.145,48.2,824,0
2017-04-26,17:20:00,48.16,48.165,48.13,48.165,800,0
2017-04-26,17:25:00,48.21,48.26,48.19,48.23,4600,0
2017-04-26,17:30:00,48.18,48.23,48.14,48.195,2869,0
2017-04-26,17:35:00,48.24,48.3,48.2075,48.3,1251,0
2017-04-26,17:45:00,48.24,48.24,48.205,48.22,900,0
2017-04-26,17:50:00,48.18,48.18,48.125,48.17,1300,0
2017-04-26,17:55:00,48.16,48.16,48.16,48.16,300,0
2017-04-26,18:00:00,48.17,48.18,48.09,48.18,400,0
2017-04-26,18:05:00,48.1376,48.14,48.1376,48.14,300,0
2017-04-26,18:10:00,48.19,48.19,48.19,48.19,100,0
2017-04-26,18:15:00,48.165,48.29,48.15,48.15,4673,0
2017-04-26,18:20:00,48.135,48.135,48.13,48.13,300,0
2017-04-26,18:25:00,48.14,48.15,48.01,48.01,1400,0
2017-04-26,18:30:00,48.02,48.02,47.99,47.99,1025,0
2017-04-26,18:35:00,47.97,47.97,47.97,47.97,100,0
2017-04-26,18:40:00,47.97,48,47.97,47.98,1200,0
2017-04-26,18:45:00,48,48,47.96,47.99,1200,0
2017-04-26,18:50:00,48,48,48,48,100,0
2017-04-26,18:55:00,47.999,48,47.99,47.99,1500,0
2017-04-26,19:05:00,47.99,48,47.97,47.97,700,0
2017-04-26,19:10:00,47.99,48.01,47.99,48.005,600,0
2017-04-26,19:15:00,48.005,48.005,48.005,48.005,100,0
2017-04-26,19:20:00,48.085,48.11,48.085,48.1,500,0
2017-04-26,19:25:00,48.15,48.15,48.1084,48.1084,1285,0
2017-04-26,19:30:00,48.125,48.13,48.085,48.09,700,0
2017-04-26,19:40:00,48.14,48.16,48.14,48.14,500,0
2017-04-26,19:45:00,48.1,48.1,48.1,48.1,300,0
2017-04-26,19:50:00,48.08,48.1,48.07,48.1,400,0
2017-04-26,19:55:00,48.07,48.0775,48.06,48.0775,575,0
2017-04-26,20:05:00,47.93,47.97,47.93,47.97,700,0
2017-04-26,20:10:00,47.9,47.93,47.89,47.902,1698,0
2017-04-26,20:15:00,47.93,47.94,47.915,47.93,700,0
2017-04-26,20:20:00,47.93,47.93,47.9,47.9,700,0
2017-04-26,20:25:00,47.92,47.92,47.92,47.92,100,0
2017-04-26,20:30:00,47.93,47.95,47.9,47.91,727,0
2017-04-26,20:40:00,47.87,47.87,47.69,47.8,2250,0
2017-04-26,20:45:00,47.81,47.89,47.81,47.89,700,0
2017-04-26,20:50:00,47.91,47.91,47.9,47.9,400,0
2017-04-26,20:55:00,47.88,47.96,47.88,47.96,200,0
2017-04-26,21:00:00,47.97,47.97,47.97,47.97,100,0
2017-04-26,21:05:00,47.91,47.91,47.9,47.9,700,0
2017-04-26,21:10:00,47.97,47.98,47.97,47.98,200,0
2017-04-26,21:15:00,48.01,48.18,48.01,48.131,971,0
2017-04-26,21:20:00,48.12,48.12,48.12,48.12,100,0
2017-04-26,21:25:00,48.105,48.105,48.105,48.105,200,0
2017-04-26,21:30:00,48.16,48.16,48.08,48.15,600,0
2017-04-26,21:35:00,48.16,48.16,48.03,48.03,3031,0
2017-04-26,21:40:00,48.03,48.045,48.03,48.045,700,0
2017-04-26,21:45:00,48.03,48.03,47.93,47.93,2618,0
2017-04-26,21:50:00,47.795,47.8,47.74,47.8,500,0
2017-04-26,21:55:00,47.75,47.85,47.75,47.78,900,0
2017-04-26,22:00:00,47.8,47.82,47.67,47.7,11980,0
