Date,Time,Open,High,Low,Close,Volume,OpenInt
2017-03-08,15:35:00,3.16,3.19,3.16,3.16,2400,0
2017-03-08,15:40:00,3.2,3.21,3.19,3.19,1797,0
2017-03-08,15:50:00,3.18,3.18,3.17,3.17,300,0
2017-03-08,16:25:00,3.18,3.18,3.17,3.17,1200,0
2017-03-08,16:30:00,3.18,3.18,3.18,3.18,100,0
2017-03-08,16:45:00,3.2,3.2,3.2,3.2,100,0
2017-03-08,16:55:00,3.18,3.1801,3.17,3.1801,400,0
2017-03-08,17:00:00,3.18,3.18,3.17,3.17,331,0
2017-03-08,17:05:00,3.17,3.17,3.17,3.17,100,0
2017-03-08,17:15:00,3.18,3.18,3.18,3.18,300,0
2017-03-08,17:35:00,3.16,3.1601,3.12,3.16,2400,0
2017-03-08,17:50:00,3.17,3.17,3.17,3.17,200,0
2017-03-08,18:00:00,3.18,3.18,3.18,3.18,100,0
2017-03-08,18:05:00,3.17,3.18,3.17,3.18,200,0
2017-03-08,18:30:00,3.17,3.18,3.17,3.18,200,0
2017-03-08,18:45:00,3.15,3.15,3.14,3.15,600,0
2017-03-08,18:50:00,3.15,3.15,3.15,3.15,300,0
2017-03-08,18:55:00,3.15,3.15,3.15,3.15,100,0
2017-03-08,19:35:00,3.15,3.15,3.15,3.15,300,0
2017-03-08,19:45:00,3.14,3.14,3.14,3.14,200,0
2017-03-08,20:00:00,3.13,3.13,3.13,3.13,700,0
2017-03-08,20:10:00,3.13,3.13,3.13,3.13,100,0
2017-03-08,20:25:00,3.13,3.135,3.13,3.135,200,0
2017-03-08,20:45:00,3.13,3.13,3.13,3.13,100,0
2017-03-08,21:20:00,3.13,3.15,3.08,3.15,1600,0
2017-03-08,21:55:00,3.1,3.1,3.09,3.1,400,0
2017-03-08,22:00:00,3.08,3.11,3.08,3.11,600,0
2017-03-09,15:40:00,3.2499,3.2499,3.2499,3.2499,200,0
2017-03-09,16:05:00,3.16,3.178,3.09,3.1055,4000,0
2017-03-09,16:25:00,3.18,3.18,3.18,3.18,100,0
2017-03-09,16:45:00,3.18,3.18,3.18,3.18,100,0
2017-03-09,17:00:00,3.18,3.18,3.18,3.18,200,0
2017-03-09,17:30:00,3.1,3.1,3.09,3.09,580,0
2017-03-09,17:45:00,3.09,3.09,3.09,3.09,200,0
2017-03-09,18:05:00,3.08,3.1,3.08,3.1,200,0
2017-03-09,18:20:00,3.09,3.09,3.09,3.09,350,0
2017-03-09,18:50:00,3.1,3.1,3.1,3.1,100,0
2017-03-09,18:55:00,3.08,3.08,3.08,3.08,200,0
2017-03-09,19:35:00,3.08,3.08,3.08,3.08,100,0
2017-03-09,19:55:00,3.08,3.08,3.08,3.08,400,0
2017-03-09,20:00:00,3.07,3.07,3.05,3.05,1700,0
2017-03-09,20:30:00,3.0499,3.05,3.04,3.04,1020,0
2017-03-09,20:35:00,3.047,3.047,3.04,3.04,400,0
2017-03-09,20:50:00,3.055,3.06,3.055,3.06,600,0
2017-03-09,20:55:00,3.06,3.06,3.05,3.05,500,0
2017-03-09,21:25:00,3.0511,3.07,3.04,3.07,7200,0
2017-03-09,21:30:00,3.07,3.07,3.07,3.07,1500,0
2017-03-09,21:40:00,3.07,3.07,3.07,3.07,100,0
2017-03-09,21:45:00,3.07,3.07,3.07,3.07,100,0
2017-03-09,21:50:00,3.055,3.07,3.0401,3.0401,1300,0
2017-03-09,21:55:00,3.041,3.07,3.04,3.04,11180,0
2017-03-09,22:00:00,3.03,3.03,3.01,3.01,4900,0
2017-03-10,15:35:00,3.02,3.02,3,3,1001,0
2017-03-10,15:40:00,3,3,3,3,100,0
2017-03-10,15:45:00,3,3,3,3,400,0
2017-03-10,15:50:00,3,3,3,3,300,0
2017-03-10,15:55:00,3,3,3,3,400,0
2017-03-10,16:00:00,3,3.04,3,3.03,700,0
2017-03-10,16:05:00,3.03,3.04,3,3,300,0
2017-03-10,16:10:00,3,3,3,3,100,0
2017-03-10,16:15:00,3,3,3,3,100,0
2017-03-10,17:25:00,3,3,3,3,200,0
2017-03-10,17:40:00,3.02,3.02,3,3,200,0
2017-03-10,17:50:00,3,3,3,3,300,0
2017-03-10,17:55:00,3.001,3.04,3,3,600,0
2017-03-10,18:00:00,3,3,3,3,400,0
2017-03-10,18:05:00,3,3,3,3,300,0
2017-03-10,18:10:00,3,3,3,3,400,0
2017-03-10,18:15:00,3,3,3,3,300,0
2017-03-10,18:20:00,3,3,3,3,200,0
2017-03-10,18:25:00,3,3,3,3,300,0
2017-03-10,18:30:00,3,3.0001,3,3,1300,0
2017-03-10,18:35:00,3,3,3,3,400,0
2017-03-10,19:10:00,3.02,3.02,3.02,3.02,100,0
2017-03-10,19:50:00,3,3,3,3,100,0
2017-03-10,19:55:00,3,3,3,3,100,0
2017-03-10,20:20:00,3.01,3.01,3.01,3.01,100,0
2017-03-10,21:00:00,3,3,3,3,400,0
2017-03-10,21:05:00,3,3,3,3,100,0
2017-03-10,21:10:00,3,3.02,3,3.02,200,0
2017-03-10,21:20:00,3.02,3.02,3.02,3.02,100,0
2017-03-10,21:35:00,3.02,3.02,3.02,3.02,100,0
2017-03-10,21:50:00,3.04,3.04,3,3,300,0
2017-03-10,21:55:00,3,3.01,3,3.01,200,0
2017-03-10,22:00:00,3.01,3.01,2.99,2.99,1055,0
2017-03-13,15:45:00,3.03,3.03,2.95,2.98,2400,0
2017-03-13,15:50:00,2.98,3.02,2.95,2.95,7566,0
2017-03-13,15:55:00,2.95,2.97,2.95,2.95,300,0
2017-03-13,16:00:00,2.95,2.95,2.95,2.95,200,0
2017-03-13,16:10:00,2.95,2.95,2.95,2.95,100,0
2017-03-13,16:30:00,2.965,2.9877,2.95,2.95,2200,0
2017-03-13,16:35:00,2.9683,2.9802,2.94,2.97,4655,0
2017-03-13,16:40:00,2.9625,2.9625,2.95,2.95,1100,0
2017-03-13,16:45:00,2.95,2.95,2.95,2.95,400,0
2017-03-13,16:55:00,2.95,3.01,2.95,3.01,800,0
2017-03-13,17:05:00,2.98,2.98,2.98,2.98,700,0
2017-03-13,17:10:00,2.95,2.99,2.95,2.98,2700,0
2017-03-13,17:20:00,2.95,2.95,2.95,2.95,100,0
2017-03-13,17:25:00,2.98,2.98,2.98,2.98,100,0
2017-03-13,17:30:00,2.96,2.96,2.95,2.95,200,0
2017-03-13,17:35:00,2.95,2.95,2.95,2.95,100,0
2017-03-13,17:45:00,2.95,2.95,2.95,2.95,200,0
2017-03-13,17:50:00,2.95,2.95,2.95,2.95,100,0
2017-03-13,17:55:00,2.95,2.95,2.95,2.95,100,0
2017-03-13,18:00:00,2.99,3,2.9865,3,3400,0
2017-03-13,18:05:00,3.03,3.06,3.03,3.05,1200,0
2017-03-13,18:10:00,3.06,3.11,3.05,3.11,1500,0
2017-03-13,18:15:00,3.12,3.12,3.08,3.08,200,0
2017-03-13,18:20:00,3.12,3.12,3.08,3.08,5700,0
2017-03-13,18:25:00,3.08,3.16,3.07,3.1301,3820,0
2017-03-13,18:30:00,3.16,3.16,3.08,3.11,13500,0
2017-03-13,18:35:00,3.13,3.13,3.09,3.09,500,0
2017-03-13,18:40:00,3.0999,3.1,3.09,3.09,600,0
2017-03-13,18:45:00,3.08,3.08,3.08,3.08,100,0
2017-03-13,18:50:00,3.08,3.08,3.07,3.07,200,0
2017-03-13,18:55:00,3.07,3.07,3.07,3.07,200,0
2017-03-13,19:00:00,3.07,3.07,3.07,3.07,200,0
2017-03-13,19:05:00,3.0999,3.11,3.0999,3.11,3900,0
2017-03-13,19:15:00,3.115,3.115,3.1,3.1,300,0
2017-03-13,19:20:00,3.09,3.1,3.09,3.1,200,0
2017-03-13,19:25:00,3.1,3.1,3.09,3.09,500,0
2017-03-13,19:30:00,3.08,3.08,3.08,3.08,200,0
2017-03-13,19:35:00,3.08,3.11,3.08,3.08,500,0
2017-03-13,19:40:00,3.08,3.08,3.08,3.08,200,0
2017-03-13,19:45:00,3.08,3.0821,3.08,3.0821,1500,0
2017-03-13,19:50:00,3.08,3.095,3.08,3.08,1400,0
2017-03-13,19:55:00,3.08,3.098,3.08,3.08,950,0
2017-03-13,20:00:00,3.07,3.07,3.06,3.06,300,0
2017-03-13,20:05:00,3.06,3.085,3.06,3.07,1600,0
2017-03-13,20:10:00,3.1,3.1,3.07,3.07,1500,0
2017-03-13,20:15:00,3.07,3.1,3.07,3.1,1220,0
2017-03-13,20:20:00,3.08,3.08,3.08,3.08,1000,0
2017-03-13,20:25:00,3.08,3.08,3.06,3.06,4700,0
2017-03-13,20:30:00,3.08,3.08,3.08,3.08,200,0
2017-03-13,20:35:00,3.05,3.05,3.05,3.05,500,0
2017-03-13,20:40:00,3.03,3.04,3.03,3.04,600,0
2017-03-13,20:45:00,3.03,3.05,3.02,3.05,3845,0
2017-03-13,20:50:00,3.02,3.05,3.02,3.05,1600,0
2017-03-13,20:55:00,3.03,3.0311,3,3,3000,0
2017-03-13,21:00:00,3,3.02,3,3.02,1600,0
2017-03-14,14:55:00,3.05,3.05,3.05,3.05,255,0
2017-03-14,15:15:00,3.07,3.07,3.07,3.07,100,0
2017-03-14,15:20:00,3.07,3.07,3.06,3.06,300,0
2017-03-14,15:25:00,3.09,3.12,3.09,3.12,900,0
2017-03-14,15:30:00,3.1465,3.15,3.1465,3.15,500,0
2017-03-14,15:40:00,3.12,3.12,3.08,3.08,6100,0
2017-03-14,15:45:00,3.09,3.09,3.06,3.06,900,0
2017-03-14,16:00:00,3.084,3.11,3.06,3.08,3700,0
2017-03-14,16:25:00,3.08,3.08,3.08,3.08,100,0
2017-03-14,16:35:00,3.051,3.051,3.0503,3.0503,1500,0
2017-03-14,16:40:00,3.08,3.11,3.08,3.11,900,0
2017-03-14,16:45:00,3.11,3.15,3.09,3.1,3600,0
2017-03-14,16:50:00,3.1,3.13,3.1,3.13,200,0
2017-03-14,17:00:00,3.1,3.1002,3.09,3.093,2500,0
2017-03-14,17:05:00,3.1,3.12,3.1,3.12,200,0
2017-03-14,17:10:00,3.11,3.11,3.11,3.11,100,0
2017-03-14,17:15:00,3.11,3.11,3.11,3.11,100,0
2017-03-14,17:20:00,3.08,3.1155,3.07,3.1155,1694,0
2017-03-14,17:25:00,3.1155,3.1155,3.1,3.1,420,0
2017-03-14,17:35:00,3.09,3.09,3.09,3.09,100,0
2017-03-14,17:40:00,3.15,3.15,3.15,3.15,100,0
2017-03-14,17:45:00,3.1,3.1,3.1,3.1,400,0
2017-03-14,17:50:00,3.1,3.1,3.1,3.1,100,0
2017-03-14,17:55:00,3.1,3.1,3.096,3.096,700,0
2017-03-14,18:00:00,3.099,3.099,3.099,3.099,200,0
2017-03-14,18:05:00,3.0801,3.11,3.08,3.11,3800,0
2017-03-14,18:10:00,3.0948,3.096,3.09,3.096,800,0
2017-03-14,18:15:00,3.11,3.11,3.11,3.11,100,0
2017-03-14,18:20:00,3.1,3.11,3.1,3.11,200,0
2017-03-14,18:25:00,3.1025,3.1025,3.1025,3.1025,100,0
2017-03-14,18:30:00,3.109,3.109,3.109,3.109,100,0
2017-03-14,18:35:00,3.08,3.08,3.08,3.08,100,0
2017-03-14,18:40:00,3.08,3.08,3.08,3.08,100,0
2017-03-14,18:50:00,3.08,3.08,3.08,3.08,100,0
2017-03-14,19:00:00,3.08,3.08,3.079,3.079,200,0
2017-03-14,19:05:00,3.07,3.07,3.07,3.07,100,0
2017-03-14,19:10:00,3.08,3.08,3.08,3.08,600,0
2017-03-14,19:15:00,3.1,3.11,3.1,3.11,200,0
2017-03-14,19:20:00,3.1,3.1,3.1,3.1,100,0
2017-03-14,19:25:00,3.1,3.1,3.1,3.1,100,0
2017-03-14,19:35:00,3.11,3.11,3.11,3.11,100,0
2017-03-14,19:40:00,3.1,3.11,3.1,3.109,300,0
2017-03-14,19:45:00,3.1,3.1,3.061,3.061,900,0
2017-03-14,19:50:00,3.1,3.109,3.07,3.07,2900,0
2017-03-14,19:55:00,3.11,3.1125,3.11,3.1125,1100,0
2017-03-14,20:05:00,3.1,3.1,3.1,3.1,200,0
2017-03-14,20:10:00,3.1,3.1,3.1,3.1,100,0
2017-03-14,20:15:00,3.1,3.1,3.1,3.1,1300,0
2017-03-14,20:20:00,3.1,3.1,3.1,3.1,300,0
2017-03-14,20:25:00,3.09,3.1,3.09,3.1,300,0
2017-03-14,20:30:00,3.099,3.1,3.09,3.09,1400,0
2017-03-14,20:35:00,3.0712,3.13,3.07,3.12,4697,0
2017-03-14,20:40:00,3.12,3.13,3.1,3.13,400,0
2017-03-14,20:45:00,3.11,3.11,3.11,3.11,1100,0
2017-03-14,20:50:00,3.11,3.13,3.11,3.129,1000,0
2017-03-14,20:55:00,3.13,3.13,3.09,3.09,1300,0
2017-03-14,21:00:00,3.0814,3.127,3.07,3.07,2700,0
2017-03-15,14:35:00,3.12,3.12,3.08,3.08,200,0
2017-03-15,14:40:00,3.08,3.08,3.07,3.07,200,0
2017-03-15,15:00:00,3.08,3.08,3.08,3.08,200,0
2017-03-15,15:10:00,3.07,3.07,3.07,3.07,600,0
2017-03-15,15:15:00,3.06,3.07,3.06,3.07,400,0
2017-03-15,15:25:00,3.1,3.1,3.09,3.09,300,0
2017-03-15,15:40:00,3.0847,3.1,3.0847,3.1,1100,0
2017-03-15,15:45:00,3.11,3.11,3.1,3.1,1000,0
2017-03-15,15:50:00,3.11,3.12,3.11,3.12,500,0
2017-03-15,15:55:00,3.12,3.12,3.07,3.0731,4121,0
2017-03-15,16:00:00,3.07,3.07,3.06,3.07,1140,0
2017-03-15,16:10:00,3.0672,3.0672,3.0672,3.0672,1000,0
2017-03-15,16:15:00,3.069,3.0753,3.04,3.04,5400,0
2017-03-15,16:30:00,3.03,3.05,3.01,3.05,2200,0
2017-03-15,16:55:00,3.03,3.05,3.01,3.05,2800,0
2017-03-15,17:00:00,3.04,3.04,3.04,3.04,1000,0
2017-03-15,17:20:00,3.035,3.049,3.02,3.02,3515,0
2017-03-15,17:55:00,3.04,3.04,3.04,3.04,100,0
2017-03-15,19:05:00,3.01,3.025,3,3,1300,0
2017-03-15,19:20:00,3.01,3.01,3,3,600,0
2017-03-15,19:25:00,3.0072,3.03,2.99,3,3335,0
2017-03-15,19:30:00,3.0199,3.0199,3.0199,3.0199,500,0
2017-03-15,20:00:00,3.01,3.01,3.01,3.01,300,0
2017-03-15,20:05:00,3.01,3.01,2.99,2.99,2200,0
2017-03-15,20:10:00,2.99,3.01,2.99,3,3600,0
2017-03-15,20:15:00,2.99,3,2.99,3,1800,0
2017-03-15,20:20:00,3,3.02,3,3,5300,0
2017-03-15,20:25:00,2.99,2.99,2.98,2.98,2200,0
2017-03-15,20:30:00,3,3,3,3,250,0
2017-03-15,20:35:00,2.9916,2.9916,2.99,2.99,750,0
2017-03-15,20:40:00,2.99,2.99,2.98,2.98,1800,0
2017-03-15,20:45:00,2.98,2.98,2.975,2.975,750,0
2017-03-15,21:00:00,3,3,2.97,2.99,1537,0
2017-03-16,14:35:00,2.97,2.97,2.97,2.97,1130,0
2017-03-16,14:40:00,3.01,3.01,2.97,2.97,400,0
2017-03-16,14:45:00,2.97,3.01,2.97,3,500,0
2017-03-16,14:50:00,2.99,2.99,2.99,2.99,100,0
2017-03-16,14:55:00,3.02,3.11,3.01,3.11,1700,0
2017-03-16,15:00:00,3.0601,3.0641,3.04,3.04,2500,0
2017-03-16,15:05:00,3.03,3.05,3.03,3.05,300,0
2017-03-16,15:10:00,3.04,3.04,3.02,3.02,1600,0
2017-03-16,15:25:00,3.052,3.052,3,3,2000,0
2017-03-16,15:30:00,3,3,3,3,100,0
2017-03-16,15:35:00,3.01,3.02,3,3.01,1900,0
2017-03-16,15:40:00,3,3,2.99,2.99,200,0
2017-03-16,15:45:00,2.99,2.99,2.99,2.99,100,0
2017-03-16,15:55:00,3.0012,3.0012,2.99,2.99,200,0
2017-03-16,16:15:00,3.01,3.01,3.01,3.01,100,0
2017-03-16,16:25:00,3.05,3.05,2.96,2.96,4218,0
2017-03-16,16:35:00,2.99,2.99,2.99,2.99,100,0
2017-03-16,16:40:00,3.02,3.02,3.02,3.02,200,0
2017-03-16,16:45:00,3.01,3.01,2.98,2.98,800,0
2017-03-16,16:55:00,2.99,2.99,2.99,2.99,100,0
2017-03-16,17:00:00,2.99,2.99,2.98,2.98,500,0
2017-03-16,17:20:00,2.98,2.98,2.98,2.98,100,0
2017-03-16,17:30:00,2.95,2.98,2.95,2.98,400,0
2017-03-16,17:55:00,3.0301,3.0301,3.02,3.02,900,0
2017-03-16,18:35:00,2.99,2.99,2.99,2.99,100,0
2017-03-16,19:35:00,3.01,3.05,3.01,3.05,500,0
2017-03-16,19:40:00,3.07,3.07,3.07,3.07,200,0
2017-03-16,19:45:00,3.05,3.05,3.01,3.02,14721,0
2017-03-16,19:50:00,3.01,3.02,3.01,3.01,18552,0
2017-03-16,19:55:00,3.02,3.04,3.01,3.04,700,0
2017-03-16,20:00:00,3.02,3.02,3.02,3.02,200,0
2017-03-16,20:05:00,3,3,2.99,2.99,200,0
2017-03-16,20:10:00,2.99,2.99,2.99,2.99,100,0
2017-03-16,20:15:00,2.99,3.01,2.99,3.01,400,0
2017-03-16,20:20:00,3.01,3.01,2.99,3.01,10900,0
2017-03-16,20:25:00,2.99,2.99,2.965,2.99,3950,0
2017-03-16,20:30:00,3.01,3.01,2.97,2.97,2900,0
2017-03-16,20:35:00,2.975,2.975,2.975,2.975,100,0
2017-03-16,20:45:00,2.9777,2.987,2.9777,2.9835,300,0
2017-03-16,21:00:00,2.97,2.99,2.96,2.977,4800,0
2017-03-17,14:35:00,2.95,2.95,2.95,2.95,230,0
2017-03-17,14:40:00,2.9859,2.9859,2.977,2.977,200,0
2017-03-17,14:45:00,2.9872,2.9872,2.9872,2.9872,100,0
2017-03-17,14:50:00,2.948,2.97,2.94,2.945,1800,0
2017-03-17,14:55:00,2.945,2.9477,2.93,2.93,1000,0
2017-03-17,15:00:00,2.96,3.06,2.95,3.02,8400,0
2017-03-17,15:05:00,3.02,3.06,3.02,3.03,2600,0
2017-03-17,15:10:00,3.02,3.023,2.98,2.9801,4650,0
2017-03-17,15:15:00,2.9968,2.9968,2.95,2.9514,3200,0
2017-03-17,15:20:00,3.01,3.01,2.9895,2.9895,300,0
2017-03-17,15:35:00,2.98,2.98,2.91,2.93,7300,0
2017-03-17,15:40:00,2.9,3.01,2.9,3.01,16646,0
2017-03-17,16:45:00,2.94,2.94,2.94,2.94,100,0
2017-03-17,16:50:00,2.952,2.97,2.945,2.96,5800,0
2017-03-17,16:55:00,2.98,2.99,2.9701,2.99,800,0
2017-03-17,17:00:00,2.99,2.99,2.99,2.99,100,0
2017-03-17,17:10:00,2.98,2.995,2.98,2.98,1900,0
2017-03-17,18:10:00,3,3,3,3,100,0
2017-03-17,19:10:00,2.99,2.99,2.97,2.97,5918,0
2017-03-17,19:15:00,2.95,2.95,2.95,2.95,100,0
2017-03-17,19:20:00,2.96,2.96,2.96,2.96,368,0
2017-03-17,19:25:00,2.98,2.98,2.97,2.97,1000,0
2017-03-17,20:05:00,2.97,2.97,2.97,2.97,400,0
2017-03-17,20:25:00,2.96,2.96,2.95,2.9501,1850,0
2017-03-17,20:30:00,2.95,2.95,2.95,2.95,300,0
2017-03-17,20:35:00,2.951,2.951,2.95,2.95,592,0
2017-03-17,20:40:00,2.96,2.96,2.96,2.96,200,0
2017-03-17,20:55:00,3,3.01,3,3,1318,0
2017-03-17,21:00:00,3,3.01,2.99,3.01,5804,0
2017-03-20,14:35:00,2.97,3.11,2.97,3.0172,4600,0
2017-03-20,14:40:00,2.99,3,2.99,3,600,0
2017-03-20,15:00:00,2.98,3,2.98,3,500,0
2017-03-20,15:25:00,3,3,3,3,100,0
2017-03-20,15:40:00,2.99,2.99,2.99,2.99,200,0
2017-03-20,15:45:00,2.9876,2.9876,2.9876,2.9876,1500,0
2017-03-20,16:00:00,3.02,3.02,3.02,3.02,100,0
2017-03-20,16:55:00,3.02,3.02,3.02,3.02,100,0
2017-03-20,17:20:00,3.031,3.031,3.031,3.031,1000,0
2017-03-20,18:30:00,3.03,3.03,3.03,3.03,100,0
2017-03-20,19:15:00,3.04,3.04,3.04,3.04,100,0
2017-03-20,19:35:00,3,3.0011,3,3,1250,0
2017-03-20,20:00:00,3.04,3.04,3.04,3.04,100,0
2017-03-20,20:40:00,3.0157,3.05,3.0157,3.05,530,0
2017-03-20,20:50:00,3.0401,3.0401,3.0401,3.0401,4000,0
2017-03-20,20:55:00,3.0401,3.0401,3.04,3.04,4400,0
2017-03-20,21:00:00,3.0201,3.03,3.02,3.03,426,0
2017-03-21,14:35:00,3,3.04,3,3.02,1600,0
2017-03-21,14:40:00,3.02,3.02,3.02,3.02,100,0
2017-03-21,14:50:00,3.02,3.02,3.02,3.02,500,0
2017-03-21,15:25:00,3.02,3.02,3.01,3.01,200,0
2017-03-21,15:35:00,2.9921,2.9921,2.99,2.99,400,0
2017-03-21,15:45:00,2.98,2.98,2.97,2.97,5441,0
2017-03-21,16:05:00,2.97,2.97,2.97,2.97,120,0
2017-03-21,16:35:00,2.97,2.97,2.97,2.97,2480,0
2017-03-21,16:45:00,2.9599,2.9599,2.9599,2.9599,1500,0
2017-03-21,16:55:00,2.9668,2.9668,2.965,2.965,200,0
2017-03-21,17:30:00,2.9896,2.9896,2.9896,2.9896,3000,0
2017-03-21,17:35:00,2.99,3,2.99,3,1000,0
2017-03-21,17:55:00,2.99,2.99,2.99,2.99,100,0
2017-03-21,18:45:00,2.97,2.98,2.93,2.93,7400,0
2017-03-21,18:50:00,2.9336,2.9336,2.9336,2.9336,100,0
2017-03-21,18:55:00,2.926,2.926,2.926,2.926,100,0
2017-03-21,19:00:00,2.96,2.96,2.93,2.93,300,0
2017-03-21,19:05:00,2.92,2.93,2.92,2.93,700,0
2017-03-21,19:25:00,2.9478,2.9478,2.9478,2.9478,100,0
2017-03-21,19:30:00,2.9416,2.9416,2.9416,2.9416,100,0
2017-03-21,19:55:00,2.95,2.95,2.95,2.95,100,0
2017-03-21,20:55:00,2.94,2.94,2.94,2.94,100,0
2017-03-21,21:00:00,2.9401,2.9401,2.9401,2.9401,300,0
2017-03-22,15:10:00,2.94,2.94,2.94,2.94,100,0
2017-03-22,15:15:00,2.96,2.96,2.96,2.96,200,0
2017-03-22,15:25:00,2.94,2.94,2.94,2.94,954,0
2017-03-22,15:30:00,2.94,2.94,2.94,2.94,100,0
2017-03-22,15:35:00,2.94,2.94,2.94,2.94,1846,0
2017-03-22,15:50:00,2.94,2.94,2.94,2.94,200,0
2017-03-22,15:55:00,2.99,2.99,2.99,2.99,100,0
2017-03-22,16:10:00,2.95,2.95,2.95,2.95,200,0
2017-03-22,16:15:00,2.935,2.935,2.935,2.935,500,0
2017-03-22,16:25:00,2.93,2.93,2.93,2.93,500,0
2017-03-22,16:40:00,2.95,2.95,2.95,2.95,200,0
2017-03-22,16:50:00,2.95,2.95,2.95,2.95,100,0
2017-03-22,17:05:00,2.95,2.95,2.95,2.95,800,0
2017-03-22,17:20:00,2.95,2.95,2.95,2.95,300,0
2017-03-22,17:40:00,2.95,2.95,2.95,2.95,100,0
2017-03-22,18:10:00,2.91,2.91,2.91,2.91,200,0
2017-03-22,18:55:00,2.91,2.91,2.91,2.91,600,0
2017-03-22,19:40:00,2.91,2.925,2.9,2.91,5049,0
2017-03-22,20:20:00,2.93,2.93,2.91,2.91,300,0
2017-03-22,20:30:00,2.93,2.93,2.93,2.93,200,0
2017-03-22,20:40:00,2.93,2.93,2.93,2.93,200,0
2017-03-22,20:50:00,2.93,2.93,2.93,2.93,200,0
2017-03-22,20:55:00,2.94,2.94,2.94,2.94,100,0
2017-03-22,21:00:00,2.94,2.94,2.92,2.92,708,0
2017-03-23,14:35:00,2.94,2.94,2.94,2.94,200,0
2017-03-23,15:30:00,2.98,2.98,2.98,2.98,100,0
2017-03-23,15:45:00,2.94,2.94,2.94,2.94,200,0
2017-03-23,16:15:00,2.93,2.93,2.93,2.93,100,0
2017-03-23,16:20:00,2.94,2.94,2.94,2.94,1100,0
2017-03-23,18:55:00,2.94,2.9505,2.94,2.94,1388,0
2017-03-23,21:00:00,2.95,2.95,2.95,2.95,200,0
2017-03-24,14:35:00,2.92,2.92,2.92,2.92,197,0
2017-03-24,15:00:00,2.9206,2.98,2.92,2.92,8512,0
2017-03-24,15:05:00,2.9501,2.9601,2.95,2.96,3300,0
2017-03-24,15:10:00,2.9601,2.9763,2.94,2.94,4682,0
2017-03-24,15:15:00,2.94,2.94,2.94,2.94,3496,0
2017-03-24,15:25:00,3.0006,3.0006,3.0006,3.0006,100,0
2017-03-24,15:35:00,3,3.02,3,3.02,200,0
2017-03-24,16:35:00,2.98,2.98,2.96,2.96,1500,0
2017-03-24,18:55:00,2.96,2.96,2.96,2.96,100,0
2017-03-24,21:00:00,2.97,3,2.97,3,800,0
2017-03-27,15:45:00,2.9624,2.99,2.96,2.99,3500,0
2017-03-27,15:50:00,2.9882,2.9882,2.9882,2.9882,1000,0
2017-03-27,15:55:00,3.03,3.03,3.01,3.01,753,0
2017-03-27,16:45:00,3.02,3.02,3.02,3.02,175,0
2017-03-27,19:30:00,3.015,3.03,3.015,3.03,2400,0
2017-03-27,19:35:00,3.05,3.05,3.02,3.02,2300,0
2017-03-27,19:40:00,3.03,3.03,3.03,3.03,500,0
2017-03-27,19:45:00,3.02,3.03,3.01,3.03,2101,0
2017-03-27,19:50:00,3.03,3.07,3.03,3.07,3300,0
2017-03-27,19:55:00,3.0798,3.0798,3.06,3.06,1400,0
2017-03-27,20:00:00,3.05,3.06,3.04,3.04,1200,0
2017-03-27,20:05:00,3.06,3.06,3.02,3.0243,4200,0
2017-03-27,20:10:00,3.03,3.03,2.97,2.98,6400,0
2017-03-27,20:15:00,2.97,2.97,2.97,2.97,750,0
2017-03-27,20:20:00,2.97,2.97,2.97,2.97,300,0
2017-03-27,20:30:00,2.97,2.97,2.97,2.97,100,0
2017-03-27,20:55:00,2.97,3,2.96,3,3100,0
2017-03-27,21:00:00,3,3.009,2.96,3.009,1800,0
2017-03-27,21:20:00,2.989,2.989,2.989,2.989,200,0
2017-03-27,21:25:00,2.97,2.979,2.97,2.979,800,0
2017-03-27,21:30:00,2.96,2.975,2.96,2.975,2600,0
2017-03-27,21:40:00,2.97,2.98,2.97,2.98,900,0
2017-03-27,21:50:00,2.99,2.99,2.99,2.99,100,0
2017-03-27,21:55:00,2.99,2.99,2.99,2.99,200,0
2017-03-27,22:00:00,2.99,2.999,2.96,2.96,1900,0
2017-03-28,16:15:00,2.97,2.97,2.97,2.97,230,0
2017-03-28,16:20:00,2.9701,2.9701,2.9701,2.9701,1160,0
2017-03-28,16:25:00,3.02,3.02,3.02,3.02,100,0
2017-03-28,16:55:00,2.9701,2.9701,2.9701,2.9701,100,0
2017-03-28,17:10:00,2.97,2.985,2.96,2.985,3000,0
2017-03-28,18:30:00,2.98,2.98,2.98,2.98,200,0
2017-03-28,18:40:00,2.99,2.99,2.99,2.99,100,0
2017-03-28,19:55:00,2.98,2.992,2.98,2.98,8400,0
2017-03-28,20:05:00,3.005,3.0095,3.005,3.0095,900,0
2017-03-28,21:20:00,3.02,3.02,3.02,3.02,100,0
2017-03-28,22:00:00,2.99,2.99,2.98,2.98,815,0
2017-03-29,15:35:00,2.94,2.94,2.94,2.94,460,0
2017-03-29,16:25:00,2.95,2.95,2.95,2.95,700,0
2017-03-29,16:30:00,2.94,2.95,2.94,2.95,1100,0
2017-03-29,17:00:00,2.99,2.995,2.99,2.995,1200,0
2017-03-29,17:05:00,2.99,2.99,2.99,2.99,500,0
2017-03-29,17:25:00,3,3.03,3,3.01,16833,0
2017-03-29,17:30:00,3.04,3.04,3.01,3.01,2200,0
2017-03-29,18:10:00,2.9905,3,2.9905,3,900,0
2017-03-29,18:30:00,3.01,3.01,3.01,3.01,100,0
2017-03-29,18:55:00,3,3,3,3,100,0
2017-03-29,19:00:00,3.02,3.02,3.02,3.02,1200,0
2017-03-29,19:10:00,3.03,3.03,3.02,3.02,400,0
2017-03-29,19:20:00,3.01,3.01,3.01,3.01,400,0
2017-03-29,19:35:00,3,3,3,3,300,0
2017-03-29,19:40:00,3.01,3.01,3.01,3.01,100,0
2017-03-29,20:00:00,2.9904,2.9904,2.9904,2.9904,500,0
2017-03-29,20:30:00,3,3,3,3,183,0
2017-03-29,21:30:00,3.01,3.01,3.01,3.01,200,0
2017-03-29,21:50:00,3.03,3.03,3.03,3.03,100,0
2017-03-29,21:55:00,3.0198,3.0198,3.0198,3.0198,165,0
2017-03-29,22:00:00,3.02,3.02,3.01,3.01,342,0
2017-03-30,15:35:00,3.03,3.03,3.03,3.03,131,0
2017-03-30,15:40:00,3.03,3.03,3.03,3.03,300,0
2017-03-30,15:45:00,3.015,3.015,3.015,3.015,200,0
2017-03-30,15:50:00,3.01,3.02,3.01,3.02,500,0
2017-03-30,16:15:00,3,3,3,3,380,0
2017-03-30,16:25:00,3,3,3,3,100,0
2017-03-30,17:00:00,3,3.01,3,3.005,690,0
2017-03-30,17:05:00,3,3,3,3,100,0
2017-03-30,19:15:00,3.01,3.01,3.01,3.01,200,0
2017-03-30,19:25:00,3.0399,3.0399,3.0399,3.0399,1000,0
2017-03-30,19:30:00,3.02,3.02,3,3,2320,0
2017-03-30,19:45:00,3.01,3.01,3.01,3.01,100,0
2017-03-30,20:05:00,3,3,3,3,200,0
2017-03-30,20:15:00,3,3,3,3,100,0
2017-03-30,20:20:00,3,3,3,3,700,0
2017-03-30,20:40:00,2.99,2.99,2.99,2.99,4400,0
2017-03-30,20:50:00,3.01,3.01,3.01,3.01,100,0
2017-03-30,20:55:00,3.01,3.01,3.01,3.01,300,0
2017-03-30,21:00:00,3.01,3.01,3.01,3.01,100,0
2017-03-30,21:10:00,3.01,3.01,3,3,400,0
2017-03-30,21:30:00,3,3,3,3,200,0
2017-03-30,21:40:00,3,3,3,3,100,0
2017-03-30,21:45:00,3,3,3,3,200,0
2017-03-30,21:50:00,3.01,3.0199,3.01,3.0199,2000,0
2017-03-30,21:55:00,3.02,3.02,3.02,3.02,300,0
2017-03-30,22:00:00,3.02,3.02,3,3,331,0
2017-03-31,15:35:00,2.94,2.96,2.94,2.94,2708,0
2017-03-31,15:40:00,2.9599,2.96,2.954,2.954,11400,0
2017-03-31,15:45:00,2.98,2.98,2.98,2.98,100,0
2017-03-31,15:50:00,2.96,2.96,2.96,2.96,980,0
2017-03-31,16:10:00,2.9999,3,2.98,2.98,4149,0
2017-03-31,16:15:00,2.93,2.93,2.93,2.93,100,0
2017-03-31,16:20:00,2.95,2.95,2.93,2.94,370,0
2017-03-31,16:25:00,2.99,3.01,2.99,3.01,300,0
2017-03-31,16:35:00,2.9702,2.9748,2.942,2.942,400,0
2017-03-31,16:40:00,2.9702,2.9702,2.957,2.9648,800,0
2017-03-31,17:15:00,2.93,2.93,2.93,2.93,100,0
2017-03-31,17:30:00,2.96,2.96,2.96,2.96,599,0
2017-03-31,18:15:00,2.93,2.9472,2.93,2.942,330,0
2017-03-31,18:35:00,2.95,2.95,2.95,2.95,100,0
2017-03-31,19:05:00,2.94,2.9401,2.93,2.93,795,0
2017-03-31,19:45:00,2.94,2.94,2.93,2.93,1100,0
2017-03-31,19:55:00,2.95,2.95,2.9416,2.945,1536,0
2017-03-31,20:35:00,2.949,2.95,2.949,2.95,200,0
2017-03-31,21:10:00,2.94,2.94,2.94,2.94,100,0
2017-03-31,21:35:00,2.9385,2.9385,2.93,2.9336,1700,0
2017-03-31,21:40:00,2.95,2.95,2.95,2.95,100,0
2017-03-31,21:50:00,2.94,2.94,2.94,2.94,100,0
2017-03-31,21:55:00,2.94,2.98,2.94,2.98,1900,0
2017-03-31,22:00:00,2.98,2.99,2.97,2.97,1122,0
2017-04-03,15:35:00,2.9,2.9,2.9,2.9,6722,0
2017-04-03,15:55:00,2.9,2.9,2.9,2.9,100,0
2017-04-03,16:05:00,2.925,2.96,2.915,2.915,22600,0
2017-04-03,16:10:00,2.91,2.9216,2.91,2.9216,300,0
2017-04-03,16:20:00,2.89,2.9,2.89,2.9,900,0
2017-04-03,16:35:00,2.87,2.87,2.87,2.87,100,0
2017-04-03,16:40:00,2.86,2.86,2.8,2.84,2693,0
2017-04-03,16:45:00,2.818,2.92,2.77,2.78,16374,0
2017-04-03,16:50:00,2.813,2.8202,2.8008,2.8202,6000,0
2017-04-03,16:55:00,2.79,2.79,2.79,2.79,100,0
2017-04-03,17:10:00,2.8,2.815,2.8,2.815,1100,0
2017-04-03,17:15:00,2.824,2.83,2.82,2.83,7200,0
2017-04-03,17:20:00,2.83,2.83,2.83,2.83,100,0
2017-04-03,17:30:00,2.815,2.815,2.815,2.815,2500,0
2017-04-03,17:35:00,2.8116,2.8499,2.8116,2.83,7813,0
2017-04-03,18:55:00,2.85,2.85,2.85,2.85,100,0
2017-04-03,19:00:00,2.83,2.83,2.8257,2.8257,200,0
2017-04-03,20:45:00,2.82,2.82,2.82,2.82,400,0
2017-04-03,20:55:00,2.82,2.82,2.82,2.82,100,0
2017-04-03,21:10:00,2.81,2.81,2.81,2.81,100,0
2017-04-03,21:15:00,2.82,2.84,2.81,2.84,3652,0
2017-04-03,21:20:00,2.81,2.84,2.81,2.84,200,0
2017-04-03,21:25:00,2.81,2.81,2.81,2.81,100,0
2017-04-03,21:30:00,2.81,2.81,2.8,2.8,500,0
2017-04-03,21:35:00,2.8,2.8,2.8,2.8,200,0
2017-04-03,21:40:00,2.8,2.8,2.8,2.8,300,0
2017-04-03,21:45:00,2.8,2.8,2.79,2.79,300,0
2017-04-03,21:50:00,2.79,2.79,2.79,2.79,300,0
2017-04-03,21:55:00,2.79,2.79,2.79,2.79,597,0
2017-04-03,22:00:00,2.78,2.78,2.76,2.76,2017,0
2017-04-04,15:35:00,2.75,2.75,2.75,2.75,500,0
2017-04-04,16:05:00,2.81,2.81,2.81,2.81,100,0
2017-04-04,16:15:00,2.76,2.77,2.7439,2.75,5600,0
2017-04-04,16:20:00,2.7558,2.761,2.74,2.76,2450,0
2017-04-04,16:40:00,2.79,2.83,2.79,2.83,1000,0
2017-04-04,16:55:00,2.85,2.85,2.8,2.8,1900,0
2017-04-04,17:10:00,2.82,2.86,2.82,2.86,300,0
2017-04-04,17:40:00,2.83,2.83,2.83,2.83,100,0
2017-04-04,18:15:00,2.84,2.84,2.84,2.84,100,0
2017-04-04,18:20:00,2.8208,2.8293,2.8,2.8,2900,0
2017-04-04,18:35:00,2.79,2.79,2.79,2.79,300,0
2017-04-04,18:55:00,2.7908,2.7908,2.7908,2.7908,105,0
2017-04-04,19:05:00,2.79,2.79,2.79,2.79,100,0
2017-04-04,19:10:00,2.79,2.79,2.79,2.79,1300,0
2017-04-04,19:15:00,2.79,2.79,2.7801,2.7801,400,0
2017-04-04,19:25:00,2.8,2.8,2.8,2.8,500,0
2017-04-04,19:30:00,2.79,2.7942,2.79,2.7942,1000,0
2017-04-04,19:35:00,2.79,2.79,2.79,2.79,100,0
2017-04-04,20:15:00,2.79,2.79,2.79,2.79,100,0
2017-04-04,20:30:00,2.7893,2.7893,2.7893,2.7893,200,0
2017-04-04,20:40:00,2.79,2.79,2.79,2.79,100,0
2017-04-04,20:45:00,2.78,2.78,2.78,2.78,429,0
2017-04-04,21:10:00,2.77,2.77,2.76,2.76,959,0
2017-04-04,21:55:00,2.7264,2.7264,2.7264,2.7264,100,0
2017-04-04,22:00:00,2.73,2.73,2.7121,2.72,1379,0
2017-04-05,15:35:00,2.75,2.87,2.75,2.87,475,0
2017-04-05,15:45:00,2.78,2.78,2.75,2.75,200,0
2017-04-05,15:55:00,2.76,2.76,2.75,2.7504,2400,0
2017-04-05,16:10:00,2.77,2.78,2.77,2.78,400,0
2017-04-05,16:30:00,2.76,2.76,2.76,2.76,100,0
2017-04-05,16:35:00,2.76,2.76,2.75,2.75,300,0
2017-04-05,16:40:00,2.74,2.74,2.74,2.74,300,0
2017-04-05,17:40:00,2.715,2.72,2.71,2.71,1650,0
2017-04-05,17:55:00,2.7199,2.7199,2.7199,2.7199,500,0
2017-04-05,18:00:00,2.7199,2.7199,2.7199,2.7199,567,0
2017-04-05,18:40:00,2.72,2.72,2.72,2.72,100,0
2017-04-05,19:00:00,2.71,2.71,2.71,2.71,200,0
2017-04-05,19:05:00,2.71,2.71,2.7,2.7016,3500,0
2017-04-05,19:10:00,2.71,2.71,2.71,2.71,200,0
2017-04-05,19:20:00,2.71,2.71,2.71,2.71,200,0
2017-04-05,20:35:00,2.71,2.71,2.71,2.71,100,0
2017-04-05,20:45:00,2.72,2.72,2.72,2.72,200,0
2017-04-05,21:00:00,2.71,2.71,2.71,2.71,300,0
2017-04-05,21:05:00,2.71,2.71,2.71,2.71,200,0
2017-04-05,21:20:00,2.7,2.7,2.7,2.7,100,0
2017-04-05,21:25:00,2.71,2.71,2.71,2.71,100,0
2017-04-05,21:30:00,2.71,2.71,2.71,2.71,200,0
2017-04-05,21:35:00,2.71,2.71,2.71,2.71,200,0
2017-04-05,21:40:00,2.71,2.71,2.7,2.71,500,0
2017-04-05,21:45:00,2.71,2.71,2.7,2.7,300,0
2017-04-05,21:50:00,2.7,2.71,2.7,2.7,565,0
2017-04-05,21:55:00,2.7,2.7,2.65,2.664,4109,0
2017-04-05,22:00:00,2.66,2.66,2.65,2.65,1603,0
2017-04-06,15:45:00,2.6576,2.69,2.6576,2.69,500,0
2017-04-06,15:50:00,2.68,2.69,2.68,2.69,557,0
2017-04-06,16:15:00,2.67,2.6707,2.67,2.6707,500,0
2017-04-06,16:40:00,2.7,2.7,2.7,2.7,400,0
2017-04-06,16:50:00,2.7,2.7,2.7,2.7,100,0
2017-04-06,17:30:00,2.65,2.65,2.65,2.65,100,0
2017-04-06,17:35:00,2.65,2.65,2.65,2.65,2500,0
2017-04-06,18:25:00,2.71,2.71,2.71,2.71,100,0
2017-04-06,19:15:00,2.7,2.71,2.7,2.71,300,0
2017-04-06,19:45:00,2.71,2.71,2.71,2.71,300,0
2017-04-06,20:15:00,2.71,2.71,2.71,2.71,300,0
2017-04-06,20:25:00,2.705,2.705,2.705,2.705,1000,0
2017-04-06,20:50:00,2.72,2.72,2.72,2.72,400,0
2017-04-06,21:00:00,2.7101,2.7101,2.71,2.71,800,0
2017-04-06,21:35:00,2.705,2.71,2.705,2.71,300,0
2017-04-06,21:40:00,2.715,2.715,2.7,2.7,300,0
2017-04-06,21:45:00,2.67,2.69,2.67,2.69,300,0
2017-04-06,21:50:00,2.71,2.71,2.71,2.71,296,0
2017-04-06,22:00:00,2.71,2.71,2.71,2.71,300,0
2017-04-07,15:40:00,2.79,2.79,2.79,2.79,100,0
2017-04-07,16:55:00,2.7,2.73,2.7,2.73,400,0
2017-04-07,17:15:00,2.78,2.78,2.78,2.78,200,0
2017-04-07,17:20:00,2.78,2.785,2.78,2.78,800,0
2017-04-07,17:40:00,2.78,2.78,2.78,2.78,500,0
2017-04-07,18:05:00,2.78,2.78,2.78,2.78,500,0
2017-04-07,18:10:00,2.78,2.78,2.78,2.78,600,0
2017-04-07,18:15:00,2.78,2.81,2.78,2.81,3668,0
2017-04-07,18:20:00,2.81,2.81,2.78,2.8,9550,0
2017-04-07,18:25:00,2.8,2.8,2.8,2.8,300,0
2017-04-07,18:30:00,2.79,2.79,2.79,2.79,200,0
2017-04-07,18:35:00,2.79,2.8,2.79,2.8,300,0
2017-04-07,18:55:00,2.79,2.8,2.79,2.79,400,0
2017-04-07,19:25:00,2.8,2.805,2.78,2.78,3100,0
2017-04-07,19:40:00,2.8,2.8,2.77,2.77,700,0
2017-04-07,19:45:00,2.7824,2.8,2.7772,2.78,1300,0
2017-04-07,19:55:00,2.8,2.8,2.8,2.8,200,0
2017-04-07,20:00:00,2.8,2.8,2.77,2.77,900,0
2017-04-07,20:10:00,2.79,2.79,2.76,2.775,1200,0
2017-04-07,20:15:00,2.79,2.79,2.79,2.79,500,0
2017-04-07,20:20:00,2.79,2.79,2.775,2.78,1100,0
2017-04-07,20:25:00,2.79,2.79,2.79,2.79,1400,0
2017-04-07,20:40:00,2.8,2.8,2.79,2.8,1000,0
2017-04-07,20:45:00,2.8,2.8,2.8,2.8,500,0
2017-04-07,20:50:00,2.8,2.8,2.79,2.79,800,0
2017-04-07,20:55:00,2.8,2.8,2.8,2.8,600,0
2017-04-07,21:05:00,2.81,2.81,2.81,2.81,700,0
2017-04-07,21:10:00,2.81,2.81,2.78,2.8,1200,0
2017-04-07,21:15:00,2.8,2.8,2.78,2.8,2500,0
2017-04-07,21:20:00,2.81,2.81,2.78,2.81,1400,0
2017-04-07,21:25:00,2.78,2.81,2.78,2.81,900,0
2017-04-07,21:30:00,2.805,2.81,2.805,2.81,500,0
2017-04-07,21:35:00,2.81,2.81,2.81,2.81,300,0
2017-04-07,21:40:00,2.78,2.81,2.78,2.81,800,0
2017-04-07,21:45:00,2.78,2.81,2.78,2.81,1600,0
2017-04-07,21:50:00,2.8,2.81,2.8,2.8,1600,0
2017-04-07,21:55:00,2.81,2.81,2.79,2.8,4600,0
2017-04-07,22:00:00,2.8,2.81,2.76,2.8,11355,0
2017-04-10,15:35:00,2.75,2.75,2.75,2.75,2825,0
2017-04-10,15:40:00,2.79,2.79,2.79,2.79,200,0
2017-04-10,15:50:00,2.78,2.7848,2.77,2.7848,700,0
2017-04-10,16:25:00,2.8,2.8,2.8,2.8,850,0
2017-04-10,16:35:00,2.83,2.84,2.81,2.84,700,0
2017-04-10,16:40:00,2.84,2.8604,2.82,2.85,1300,0
2017-04-10,16:45:00,2.88,2.88,2.85,2.85,500,0
2017-04-10,16:50:00,2.86,2.86,2.86,2.86,200,0
2017-04-10,16:55:00,2.86,2.86,2.81,2.84,2900,0
2017-04-10,17:00:00,2.84,2.84,2.8,2.8,600,0
2017-04-10,17:05:00,2.83,2.83,2.83,2.83,700,0
2017-04-10,17:15:00,2.83,2.83,2.81,2.81,200,0
2017-04-10,17:20:00,2.85,2.85,2.85,2.85,700,0
2017-04-10,17:25:00,2.83,2.83,2.83,2.83,200,0
2017-04-10,17:30:00,2.8596,2.8596,2.82,2.82,1752,0
2017-04-10,17:40:00,2.83,2.86,2.83,2.86,600,0
2017-04-10,17:45:00,2.87,2.87,2.87,2.87,100,0
2017-04-10,18:05:00,2.87,2.88,2.87,2.88,600,0
2017-04-10,18:20:00,2.9,2.9,2.87,2.87,1000,0
2017-04-10,18:25:00,2.9,2.9,2.9,2.9,300,0
2017-04-10,18:55:00,2.93,2.93,2.93,2.93,100,0
2017-04-10,19:10:00,2.9179,2.92,2.81,2.85,13250,0
2017-04-10,19:15:00,2.8,2.85,2.8,2.85,900,0
2017-04-10,19:25:00,2.85,2.87,2.85,2.87,900,0
2017-04-10,19:30:00,2.87,2.87,2.855,2.855,700,0
2017-04-10,19:40:00,2.87,2.88,2.85,2.86,2400,0
2017-04-10,19:55:00,2.88,2.88,2.88,2.88,200,0
2017-04-10,20:00:00,2.88,2.91,2.87,2.91,1800,0
2017-04-10,20:05:00,2.8811,2.885,2.88,2.88,2200,0
2017-04-10,20:10:00,2.89,2.9,2.89,2.89,1100,0
2017-04-10,20:15:00,2.9,2.9,2.9,2.9,500,0
2017-04-10,21:30:00,2.909,2.91,2.9,2.91,1300,0
2017-04-10,21:40:00,2.9,2.9,2.9,2.9,2700,0
2017-04-10,21:45:00,2.9,2.9,2.9,2.9,700,0
2017-04-10,21:50:00,2.9,2.91,2.88,2.88,14000,0
2017-04-10,21:55:00,2.895,2.9,2.88,2.9,20190,0
2017-04-10,22:00:00,2.9,2.9,2.88,2.88,14714,0
2017-04-11,17:40:00,2.89,2.9,2.89,2.895,500,0
2017-04-11,17:45:00,2.9,2.915,2.9,2.9,1100,0
2017-04-11,18:05:00,2.88,2.89,2.88,2.89,300,0
2017-04-11,18:40:00,2.89,2.89,2.89,2.89,100,0
2017-04-11,18:45:00,2.8856,2.94,2.87,2.94,7900,0
2017-04-11,18:50:00,2.94,2.94,2.87,2.89,5300,0
2017-04-11,18:55:00,2.89,2.95,2.88,2.92,7800,0
2017-04-11,19:10:00,2.9256,2.96,2.9,2.956,1900,0
2017-04-11,19:15:00,2.9313,2.99,2.93,2.95,1725,0
2017-04-11,19:25:00,2.9554,2.96,2.94,2.96,1800,0
2017-04-11,19:30:00,2.96,3,2.94,2.97,3400,0
2017-04-11,19:40:00,2.95,2.9511,2.94,2.95,3100,0
2017-04-11,19:45:00,2.95,2.95,2.92,2.95,1000,0
2017-04-11,19:50:00,2.9599,2.96,2.93,2.95,1400,0
2017-04-11,19:55:00,2.9506,2.9568,2.93,2.9568,700,0
2017-04-11,20:00:00,2.95,2.95,2.95,2.95,100,0
2017-04-11,20:05:00,2.9568,2.9568,2.9568,2.9568,200,0
2017-04-11,20:10:00,2.93,2.98,2.93,2.95,2000,0
2017-04-11,20:15:00,2.95,2.95,2.94,2.94,200,0
2017-04-11,20:20:00,2.9613,2.9613,2.96,2.96,200,0
2017-04-11,20:25:00,2.95,2.95,2.95,2.95,100,0
2017-04-11,20:30:00,2.9555,2.9555,2.9555,2.9555,100,0
2017-04-11,20:35:00,2.96,2.96,2.94,2.94,200,0
2017-04-11,20:40:00,2.95,2.9511,2.95,2.9511,200,0
2017-04-11,20:45:00,2.9505,2.9699,2.94,2.9699,1800,0
2017-04-11,20:55:00,2.95,2.95,2.95,2.95,200,0
2017-04-11,21:00:00,2.9654,2.97,2.94,2.95,2758,0
2017-04-11,21:10:00,2.947,2.95,2.94,2.94,500,0
2017-04-11,21:40:00,2.95,3,2.95,3,1400,0
2017-04-11,21:45:00,3,3.05,2.96,3,35223,0
2017-04-11,21:50:00,2.991,3.03,2.96,3,15613,0
2017-04-11,21:55:00,2.9972,3.1,2.9901,3.02,8518,0
2017-04-11,22:00:00,3.04,3.14,3.04,3.07,9455,0
2017-04-12,15:35:00,3.195,3.195,3.14,3.1918,300,0
2017-04-12,15:40:00,3.2022,3.2022,3.07,3.07,4500,0
2017-04-12,15:45:00,3.09,3.125,3.09,3.09,1200,0
2017-04-12,15:55:00,3.105,3.105,3.09,3.09,1600,0
2017-04-12,16:00:00,3.0728,3.073,3.07,3.07,2000,0
2017-04-12,16:10:00,3.08,3.08,3.05,3.05,2036,0
2017-04-12,16:15:00,3.03,3.03,2.99,3,4670,0
2017-04-12,16:20:00,3.005,3.02,2.9901,3.01,6200,0
2017-04-12,16:25:00,3.04,3.0699,3,3,3700,0
2017-04-12,16:30:00,2.9936,2.9936,2.98,2.98,2650,0
2017-04-12,16:40:00,2.965,2.98,2.95,2.95,600,0
2017-04-12,16:45:00,2.98,3,2.98,3,2741,0
2017-04-12,16:50:00,3,3,2.9928,3,1650,0
2017-04-12,16:55:00,3,3,3,3,500,0
2017-04-12,17:00:00,3,3.03,3,3.03,800,0
2017-04-12,17:05:00,3.03,3.03,3.03,3.03,100,0
2017-04-12,17:10:00,3.03,3.03,3.03,3.03,100,0
2017-04-12,17:55:00,3.03,3.03,3.03,3.03,100,0
2017-04-12,18:00:00,3.04,3.06,3.02,3.06,400,0
2017-04-12,18:10:00,3.07,3.07,3.07,3.07,1200,0
2017-04-12,18:30:00,3.0542,3.0542,3.03,3.03,1400,0
2017-04-12,19:15:00,3.0321,3.0321,3.03,3.03,1100,0
2017-04-12,19:30:00,3.03,3.03,3.03,3.03,100,0
2017-04-12,20:20:00,3.06,3.06,3.06,3.06,200,0
2017-04-12,20:25:00,3.06,3.07,3.06,3.07,700,0
2017-04-12,20:30:00,3.077,3.08,3.05,3.08,700,0
2017-04-12,20:35:00,3.097,3.0992,3.097,3.0992,200,0
2017-04-12,21:00:00,3.0799,3.0799,3.04,3.04,12700,0
2017-04-12,21:05:00,3.04,3.04,3.04,3.04,1000,0
2017-04-12,21:10:00,3.05,3.05,3.04,3.05,700,0
2017-04-12,21:15:00,3.05,3.05,3.04,3.05,1200,0
2017-04-12,21:20:00,3.05,3.1055,3.04,3.1055,1700,0
2017-04-12,21:25:00,3.08,3.08,3.08,3.08,100,0
2017-04-12,21:30:00,3.11,3.11,3.11,3.11,100,0
2017-04-12,21:40:00,3.095,3.095,3.08,3.08,5615,0
2017-04-12,21:45:00,3.07,3.0807,3.06,3.08,5700,0
2017-04-12,21:50:00,3.09,3.09,3.08,3.08,1600,0
2017-04-12,21:55:00,3.08,3.09,3.07,3.08,7100,0
2017-04-12,22:00:00,3.08,3.09,3.07,3.07,7810,0
2017-04-13,16:10:00,3.15,3.15,3.15,3.15,200,0
2017-04-13,16:15:00,3.14,3.229,3.14,3.17,3200,0
2017-04-13,16:20:00,3.22,3.22,3.22,3.22,100,0
2017-04-13,16:25:00,3.16,3.16,3.11,3.12,3300,0
2017-04-13,16:30:00,3.139,3.139,3.139,3.139,100,0
2017-04-13,16:35:00,3.14,3.15,3.14,3.15,700,0
2017-04-13,17:00:00,3.16,3.16,3.16,3.16,100,0
2017-04-13,17:25:00,3.1259,3.17,3.1259,3.17,500,0
2017-04-13,17:45:00,3.16,3.178,3.16,3.178,1900,0
2017-04-13,17:55:00,3.19,3.19,3.18,3.18,200,0
2017-04-13,18:00:00,3.18,3.18,3.18,3.18,300,0
2017-04-13,18:05:00,3.18,3.19,3.18,3.18,700,0
2017-04-13,18:10:00,3.18,3.19,3.18,3.19,200,0
2017-04-13,18:15:00,3.19,3.21,3.19,3.21,300,0
2017-04-13,18:20:00,3.22,3.22,3.22,3.22,300,0
2017-04-13,18:25:00,3.22,3.23,3.22,3.23,300,0
2017-04-13,18:30:00,3.21,3.23,3.21,3.23,200,0
2017-04-13,18:35:00,3.23,3.23,3.14,3.23,1500,0
2017-04-13,18:40:00,3.24,3.29,3.23,3.29,5400,0
2017-04-13,18:45:00,3.26,3.26,3.25,3.25,4200,0
2017-04-13,18:50:00,3.25,3.25,3.25,3.25,300,0
2017-04-13,18:55:00,3.29,3.29,3.29,3.29,1000,0
2017-04-13,19:05:00,3.25,3.255,3.22,3.255,2350,0
2017-04-13,19:25:00,3.27,3.27,3.27,3.27,100,0
2017-04-13,19:30:00,3.23,3.233,3.23,3.2308,500,0
2017-04-13,19:35:00,3.233,3.24,3.2,3.2,2265,0
2017-04-13,19:40:00,3.2,3.2,3.17,3.18,1150,0
2017-04-13,19:45:00,3.15,3.15,3.15,3.15,100,0
2017-04-13,19:50:00,3.18,3.18,3.18,3.18,200,0
2017-04-13,19:55:00,3.18,3.19,3.18,3.19,500,0
2017-04-13,20:00:00,3.19,3.2,3.19,3.2,300,0
2017-04-13,20:05:00,3.2,3.2,3.2,3.2,200,0
2017-04-13,20:10:00,3.2,3.21,3.2,3.21,200,0
2017-04-13,20:15:00,3.23,3.23,3.23,3.23,300,0
2017-04-13,20:20:00,3.23,3.23,3.21,3.22,500,0
2017-04-13,20:25:00,3.2,3.22,3.2,3.22,300,0
2017-04-13,20:30:00,3.22,3.23,3.22,3.23,400,0
2017-04-13,20:35:00,3.23,3.23,3.22,3.22,400,0
2017-04-13,20:40:00,3.22,3.23,3.22,3.23,300,0
2017-04-13,20:50:00,3.23,3.23,3.22,3.22,300,0
2017-04-13,20:55:00,3.22,3.23,3.22,3.23,200,0
2017-04-13,21:00:00,3.23,3.24,3.23,3.24,300,0
2017-04-13,21:05:00,3.24,3.24,3.24,3.24,400,0
2017-04-13,21:10:00,3.24,3.24,3.21,3.21,300,0
2017-04-13,21:15:00,3.24,3.24,3.24,3.24,200,0
2017-04-13,21:20:00,3.24,3.24,3.215,3.23,400,0
2017-04-13,21:25:00,3.23,3.24,3.23,3.24,400,0
2017-04-13,21:30:00,3.24,3.24,3.24,3.24,500,0
2017-04-13,21:35:00,3.24,3.24,3.24,3.24,200,0
2017-04-13,21:40:00,3.24,3.24,3.24,3.24,200,0
2017-04-13,21:50:00,3.23,3.24,3.23,3.24,400,0
2017-04-13,21:55:00,3.23,3.24,3.23,3.24,1500,0
2017-04-13,22:00:00,3.22,3.22,3.21,3.21,800,0
2017-04-17,15:40:00,3.27,3.3,3.27,3.29,2100,0
2017-04-17,15:45:00,3.3,3.35,3.3,3.35,1000,0
2017-04-17,15:50:00,3.39,3.4292,3.39,3.41,906,0
2017-04-17,15:55:00,3.43,3.479,3.43,3.479,300,0
2017-04-17,16:00:00,3.462,3.462,3.42,3.4497,1150,0
2017-04-17,16:05:00,3.44,3.45,3.4,3.401,3439,0
2017-04-17,16:10:00,3.4001,3.449,3.4001,3.4108,500,0
2017-04-17,16:15:00,3.42,3.42,3.4,3.4,300,0
2017-04-17,16:20:00,3.339,3.339,3.31,3.339,1200,0
2017-04-17,16:25:00,3.33,3.378,3.33,3.35,300,0
2017-04-17,16:30:00,3.36,3.36,3.36,3.36,100,0
2017-04-17,16:35:00,3.37,3.3734,3.37,3.3701,1376,0
2017-04-17,16:40:00,3.36,3.36,3.35,3.35,200,0
2017-04-17,16:45:00,3.34,3.34,3.34,3.34,100,0
2017-04-17,16:50:00,3.329,3.329,3.329,3.329,100,0
2017-04-17,16:55:00,3.32,3.327,3.32,3.327,400,0
2017-04-17,17:00:00,3.32,3.32,3.32,3.32,100,0
2017-04-17,17:40:00,3.3383,3.3383,3.3383,3.3383,100,0
2017-04-17,17:45:00,3.3353,3.3353,3.3353,3.3353,250,0
2017-04-17,18:00:00,3.31,3.32,3.3,3.31,800,0
2017-04-17,18:05:00,3.31,3.31,3.31,3.31,100,0
2017-04-17,18:10:00,3.3,3.3,3.3,3.3,400,0
2017-04-17,18:20:00,3.314,3.314,3.3,3.3,600,0
2017-04-17,18:25:00,3.3,3.3,3.3,3.3,100,0
2017-04-17,18:40:00,3.31,3.31,3.31,3.31,100,0
2017-04-17,19:40:00,3.2921,3.32,3.2921,3.3021,400,0
2017-04-17,19:55:00,3.3021,3.33,3.3,3.33,500,0
2017-04-17,20:10:00,3.3,3.3,3.3,3.3,300,0
2017-04-17,20:50:00,3.317,3.3192,3.317,3.3192,200,0
2017-04-17,20:55:00,3.32,3.32,3.3,3.31,300,0
2017-04-17,21:05:00,3.29,3.29,3.29,3.29,100,0
2017-04-17,21:10:00,3.3,3.3,3.3,3.3,200,0
2017-04-17,21:25:00,3.32,3.32,3.32,3.32,100,0
2017-04-17,21:35:00,3.317,3.3192,3.3,3.3008,800,0
2017-04-17,21:40:00,3.31,3.31,3.3,3.3,400,0
2017-04-17,21:45:00,3.317,3.32,3.317,3.32,400,0
2017-04-17,21:50:00,3.3,3.32,3.3,3.31,537,0
2017-04-17,21:55:00,3.31,3.31,3.3,3.3,600,0
2017-04-17,22:00:00,3.3,3.3,3.3,3.3,100,0
2017-04-18,15:35:00,3.28,3.3,3.28,3.28,310,0
2017-04-18,15:40:00,3.27,3.3295,3.27,3.3295,500,0
2017-04-18,15:45:00,3.32,3.32,3.29,3.29,800,0
2017-04-18,15:50:00,3.29,3.29,3.1501,3.1501,11358,0
2017-04-18,15:55:00,3.21,3.2156,3.2,3.2,600,0
2017-04-18,16:00:00,3.21,3.21,3.201,3.201,1600,0
2017-04-18,16:05:00,3.211,3.211,3.211,3.211,100,0
2017-04-18,16:20:00,3.21,3.21,3.18,3.188,1100,0
2017-04-18,16:25:00,3.2,3.201,3.2,3.201,300,0
2017-04-18,16:35:00,3.2,3.2,3.2,3.2,100,0
2017-04-18,16:40:00,3.2,3.2,3.2,3.2,200,0
2017-04-18,17:15:00,3.21,3.21,3.21,3.21,100,0
2017-04-18,17:20:00,3.21,3.21,3.17,3.17,800,0
2017-04-18,18:05:00,3.22,3.22,3.22,3.22,100,0
2017-04-18,18:45:00,3.18,3.18,3.18,3.18,100,0
2017-04-18,19:30:00,3.21,3.21,3.21,3.21,100,0
2017-04-18,19:40:00,3.19,3.19,3.19,3.19,100,0
2017-04-18,20:00:00,3.19,3.19,3.16,3.19,618,0
2017-04-18,20:20:00,3.1817,3.1817,3.1817,3.1817,1500,0
2017-04-18,20:40:00,3.17,3.17,3.17,3.17,200,0
2017-04-18,20:45:00,3.17,3.17,3.17,3.17,300,0
2017-04-18,20:50:00,3.18,3.18,3.18,3.18,100,0
2017-04-18,20:55:00,3.17,3.17,3.17,3.17,400,0
2017-04-18,21:00:00,3.16,3.16,2.97,3.01,1180,0
2017-04-18,21:05:00,3.058,3.1334,3.058,3.1294,400,0
2017-04-18,21:15:00,3.15,3.34,3.15,3.34,500,0
2017-04-18,21:30:00,3.251,3.251,3.14,3.14,2400,0
2017-04-18,21:50:00,3.16,3.2,3.16,3.1878,1326,0
2017-04-18,21:55:00,3.18,3.18,3.14,3.14,1000,0
2017-04-18,22:00:00,3.16,3.16,3.09,3.1,1493,0
2017-04-19,15:50:00,3.31,3.31,3.2001,3.2001,600,0
2017-04-19,15:55:00,3.2,3.2,3.17,3.18,500,0
2017-04-19,16:00:00,3.15,3.15,3.09,3.09,2000,0
2017-04-19,16:10:00,3.0654,3.1,3.0654,3.0654,3100,0
2017-04-19,16:15:00,3.09,3.2,3.09,3.2,600,0
2017-04-19,16:35:00,3.14,3.14,3.14,3.14,200,0
2017-04-19,16:40:00,3.14,3.14,3.14,3.14,100,0
2017-04-19,16:45:00,3.14,3.14,3.1,3.1,500,0
2017-04-19,17:00:00,3.1301,3.1301,3.1301,3.1301,1000,0
2017-04-19,17:15:00,3.11,3.11,3.11,3.11,100,0
2017-04-19,17:20:00,3.1101,3.1101,3.1101,3.1101,100,0
2017-04-19,17:50:00,3.11,3.11,3.11,3.11,100,0
2017-04-19,17:55:00,3.11,3.11,3.07,3.07,1000,0
2017-04-19,19:00:00,3.12,3.12,3.0928,3.0928,500,0
2017-04-19,19:15:00,3.0901,3.0901,3.0901,3.0901,100,0
2017-04-19,20:10:00,3.09,3.09,3.09,3.09,1100,0
2017-04-19,20:20:00,3.0753,3.09,3.07,3.08,8700,0
2017-04-19,20:25:00,3.08,3.09,3.0753,3.08,1500,0
2017-04-19,20:30:00,3.07,3.08,3.07,3.0799,400,0
2017-04-19,20:35:00,3.075,3.08,3.075,3.08,200,0
2017-04-19,20:45:00,3.0753,3.0899,3.0753,3.0899,300,0
2017-04-19,20:55:00,3.0899,3.0899,3.0899,3.0899,100,0
2017-04-19,21:00:00,3.08,3.0899,3.07,3.08,6100,0
2017-04-19,21:05:00,3.08,3.08,3.07,3.08,2700,0
2017-04-19,21:10:00,3.08,3.08,3.08,3.08,200,0
2017-04-19,21:30:00,3.08,3.08,3.08,3.08,200,0
2017-04-19,21:45:00,3.0999,3.0999,3.0753,3.0912,3300,0
2017-04-19,21:50:00,3.08,3.08,3.08,3.08,500,0
2017-04-19,21:55:00,3.08,3.0999,3.07,3.07,7800,0
2017-04-19,22:00:00,3.08,3.09,3.075,3.075,1200,0
2017-04-20,16:25:00,3.08,3.1,3.08,3.08,802,0
2017-04-20,16:40:00,3.08,3.16,3.08,3.16,200,0
2017-04-20,16:50:00,3.1,3.1,3.0777,3.0777,506,0
2017-04-20,16:55:00,3.0833,3.0833,3.07,3.07,8300,0
2017-04-20,17:00:00,3.06,3.06,3.05,3.05,600,0
2017-04-20,17:10:00,3.05,3.07,3.05,3.07,900,0
2017-04-20,17:20:00,3.02,3.02,3.02,3.02,100,0
2017-04-20,17:35:00,3.0599,3.0599,3.03,3.0525,300,0
2017-04-20,18:20:00,3.02,3.04,3.02,3.04,500,0
2017-04-20,18:30:00,3.0225,3.035,2.97,2.996,6680,0
2017-04-20,18:50:00,3.0799,3.08,3.02,3.07,4000,0
2017-04-20,18:55:00,3.07,3.07,3.03,3.07,5296,0
2017-04-20,19:00:00,3.04,3.042,3.04,3.042,2300,0
2017-04-20,19:05:00,3.03,3.07,3.03,3.07,1500,0
2017-04-20,19:50:00,3.07,3.07,3.07,3.07,100,0
2017-04-20,19:55:00,3.07,3.07,3.07,3.07,100,0
2017-04-20,20:20:00,3.04,3.07,3.04,3.07,1092,0
2017-04-20,21:30:00,3.055,3.055,3.055,3.055,100,0
2017-04-20,21:40:00,3.0401,3.1099,3.04,3.04,2890,0
2017-04-20,21:50:00,3.075,3.1,3.075,3.075,300,0
2017-04-20,21:55:00,3.12,3.12,3.12,3.12,1400,0
2017-04-20,22:00:00,3.1,3.1,3.06,3.08,5167,0
2017-04-21,16:35:00,3.0647,3.0647,3.0647,3.0647,200,0
2017-04-21,16:40:00,3.08,3.08,3.08,3.08,100,0
2017-04-21,16:45:00,3.06,3.06,3.04,3.06,1750,0
2017-04-21,17:25:00,3.04,3.04,3.04,3.04,200,0
2017-04-21,18:00:00,3.03,3.03,3.03,3.03,100,0
2017-04-21,18:30:00,3.0357,3.05,3.0304,3.05,1600,0
2017-04-21,18:35:00,3.0354,3.09,3.0354,3.09,2600,0
2017-04-21,18:40:00,3.1,3.1,3.1,3.1,296,0
2017-04-21,18:55:00,3.065,3.12,3.065,3.12,2800,0
2017-04-21,19:00:00,3.1001,3.1001,3.1001,3.1001,500,0
2017-04-21,19:05:00,3.101,3.145,3.1008,3.145,650,0
2017-04-21,19:10:00,3.13,3.15,3.13,3.15,200,0
2017-04-21,19:15:00,3.13,3.13,3.13,3.13,200,0
2017-04-21,19:20:00,3.1175,3.1175,3.1175,3.1175,400,0
2017-04-21,19:30:00,3.135,3.1592,3.135,3.1592,200,0
2017-04-21,19:40:00,3.11,3.135,3.11,3.135,600,0
2017-04-21,19:45:00,3.1101,3.1101,3.1101,3.1101,100,0
2017-04-21,20:00:00,3.11,3.11,3.11,3.11,100,0
2017-04-21,20:05:00,3.11,3.111,3.11,3.111,200,0
2017-04-21,20:10:00,3.12,3.12,3.12,3.12,200,0
2017-04-21,20:15:00,3.12,3.12,3.12,3.12,100,0
2017-04-21,20:20:00,3.12,3.123,3.12,3.1208,300,0
2017-04-21,20:25:00,3.123,3.123,3.1208,3.1208,200,0
2017-04-21,20:30:00,3.16,3.16,3.15,3.15,200,0
2017-04-21,20:35:00,3.12,3.17,3.12,3.17,700,0
2017-04-21,20:40:00,3.1201,3.1201,3.1,3.1,2600,0
2017-04-21,20:45:00,3.1,3.1,3.09,3.1,2000,0
2017-04-21,20:50:00,3.09,3.095,3.08,3.08,800,0
2017-04-21,20:55:00,3.09,3.1,3.0554,3.09,1300,0
2017-04-21,21:10:00,3.1,3.1,3.1,3.1,200,0
2017-04-21,21:20:00,3.1,3.1,3.1,3.1,300,0
2017-04-21,21:25:00,3.1,3.1,3.1,3.1,200,0
2017-04-21,21:30:00,3.1,3.1,3.1,3.1,700,0
2017-04-21,21:40:00,3.08,3.08,3.07,3.0701,900,0
2017-04-21,21:45:00,3.085,3.14,3.085,3.14,800,0
2017-04-21,21:55:00,3.1,3.115,3.1,3.11,1000,0
2017-04-21,22:00:00,3.1,3.11,3.07,3.1,2996,0
2017-04-24,15:35:00,3.1,3.1,3.1,3.1,100,0
2017-04-24,15:55:00,3.12,3.12,3.12,3.12,100,0
2017-04-24,16:00:00,3.1,3.128,3,3.0149,15435,0
2017-04-24,16:05:00,3.02,3.1,3,3.0751,1900,0
2017-04-24,16:10:00,3.057,3.09,3.03,3.065,2800,0
2017-04-24,16:15:00,3.02,3.033,3.02,3.033,1100,0
2017-04-24,16:20:00,3.0554,3.09,3.0554,3.09,200,0
2017-04-24,16:35:00,3.0554,3.1,3.0529,3.0996,5300,0
2017-04-24,16:45:00,3.06,3.06,3.02,3.02,2600,0
2017-04-24,16:50:00,3.0201,3.0201,3.02,3.02,1290,0
2017-04-24,17:05:00,3.0611,3.0611,3.0611,3.0611,110,0
2017-04-24,17:40:00,3.038,3.038,3.02,3.038,1537,0
2017-04-24,17:45:00,3.0201,3.0201,3.02,3.02,835,0
2017-04-24,19:20:00,3.05,3.05,3.05,3.05,100,0
2017-04-24,19:40:00,3.05,3.05,3.05,3.05,100,0
2017-04-24,21:55:00,3.04,3.04,3.04,3.04,100,0
2017-04-24,22:00:00,3.05,3.06,3.04,3.04,400,0
2017-04-25,15:50:00,3.025,3.025,3.025,3.025,221,0
2017-04-25,16:00:00,3.04,3.0425,3.02,3.03,1200,0
2017-04-25,16:10:00,3.03,3.03,3.03,3.03,100,0
2017-04-25,16:30:00,3.03,3.03,3.03,3.03,100,0
2017-04-25,16:35:00,3.0446,3.0446,3,3,4500,0
2017-04-25,16:40:00,2.99,3.02,2.99,3.02,400,0
2017-04-25,17:00:00,3.02,3.02,3.02,3.02,100,0
2017-04-25,17:25:00,3.04,3.04,3.04,3.04,100,0
2017-04-25,17:30:00,3.04,3.04,3.04,3.04,200,0
2017-04-25,19:20:00,3.05,3.05,3.05,3.05,100,0
2017-04-25,21:05:00,3.04,3.04,3.01,3.01,800,0
2017-04-25,21:25:00,3.0202,3.0202,3,3,300,0
2017-04-25,21:50:00,3.01,3.01,2.98,2.98,1100,0
2017-04-25,21:55:00,2.98,3.02,2.96,3.02,1100,0
2017-04-25,22:00:00,3,3,2.98,2.98,1050,0
2017-04-26,15:35:00,2.94,2.995,2.94,2.995,500,0
2017-04-26,16:10:00,3.02,3.02,3.02,3.02,100,0
2017-04-26,17:25:00,2.9999,2.9999,2.97,2.97,200,0
2017-04-26,17:45:00,2.9705,2.99,2.96,2.9655,2600,0
2017-04-26,17:50:00,2.9655,2.9655,2.95,2.95,300,0
2017-04-26,17:55:00,2.965,2.98,2.95,2.95,2700,0
2017-04-26,18:00:00,2.98,2.98,2.98,2.98,100,0
2017-04-26,18:30:00,2.98,2.99,2.9798,2.99,400,0
2017-04-26,20:50:00,3.02,3.02,2.99,2.99,200,0
2017-04-26,20:55:00,3.02,3.02,3.02,3.02,100,0
2017-04-26,22:00:00,3.025,3.04,3.01,3.01,800,0
