Date,Time,Open,High,Low,Close,Volume,OpenInt
2017-04-06,15:35:00,18.08,18.08,18.02,18.02,502,0
2017-04-06,15:40:00,18.13,18.13,18.11,18.11,300,0
2017-04-06,15:45:00,18.18,18.25,18.18,18.24,600,0
2017-04-06,15:50:00,18.23,18.23,18.15,18.15,200,0
2017-04-06,16:00:00,18.2,18.26,18.2,18.26,200,0
2017-04-06,16:05:00,18.17,18.17,18.14,18.14,1232,0
2017-04-06,16:10:00,18.15,18.15,18.1,18.1,300,0
2017-04-06,16:15:00,18.08,18.08,18.03,18.04,600,0
2017-04-06,16:20:00,18.05,18.07,18.0475,18.07,300,0
2017-04-06,16:25:00,18.06,18.06,18.06,18.06,500,0
2017-04-06,16:40:00,18.04,18.07,18.04,18.06,400,0
2017-04-06,16:45:00,18.09,18.09,18.09,18.09,300,0
2017-04-06,16:50:00,18.0981,18.0981,18.0981,18.0981,134,0
2017-04-06,16:55:00,18.06,18.08,18.06,18.08,200,0
2017-04-06,17:00:00,18.08,18.08,18.08,18.08,200,0
2017-04-06,17:05:00,18.0679,18.1,18.04,18.1,2083,0
2017-04-06,17:15:00,18.0824,18.11,18.07,18.11,1200,0
2017-04-06,17:20:00,18.11,18.13,18.105,18.13,800,0
2017-04-06,17:25:00,18.16,18.18,18.16,18.18,200,0
2017-04-06,17:30:00,18.24,18.265,18.24,18.265,500,0
2017-04-06,17:35:00,18.24,18.24,18.2,18.2,400,0
2017-04-06,17:40:00,18.2,18.2,18.16,18.1601,1300,0
2017-04-06,17:45:00,18.18,18.18,18.18,18.18,500,0
2017-04-06,17:50:00,18.26,18.26,18.26,18.26,100,0
2017-04-06,17:55:00,18.23,18.23,18.22,18.22,400,0
2017-04-06,18:00:00,18.23,18.23,18.22,18.22,500,0
2017-04-06,18:05:00,18.26,18.26,18.26,18.26,100,0
2017-04-06,18:10:00,18.27,18.272,18.25,18.272,974,0
2017-04-06,18:15:00,18.27,18.27,18.27,18.27,100,0
2017-04-06,18:20:00,18.25,18.25,18.24,18.24,400,0
2017-04-06,18:25:00,18.25,18.25,18.22,18.24,1400,0
2017-04-06,18:30:00,18.24,18.26,18.23,18.23,400,0
2017-04-06,18:35:00,18.235,18.235,18.22,18.22,900,0
2017-04-06,18:40:00,18.21,18.21,18.19,18.19,300,0
2017-04-06,18:45:00,18.175,18.175,18.115,18.115,13000,0
2017-04-06,18:50:00,18.14,18.26,18.14,18.26,1600,0
2017-04-06,18:55:00,18.29,18.32,18.29,18.32,600,0
2017-04-06,19:00:00,18.39,18.43,18.39,18.43,400,0
2017-04-06,19:05:00,18.47,18.51,18.47,18.5,500,0
2017-04-06,19:10:00,18.48,18.5,18.43,18.44,1314,0
2017-04-06,19:20:00,18.46,18.51,18.46,18.49,1100,0
2017-04-06,19:25:00,18.5,18.51,18.42,18.42,2820,0
2017-04-06,19:30:00,18.4869,18.5023,18.46,18.461,3033,0
2017-04-06,19:35:00,18.46,18.5,18.41,18.475,1100,0
2017-04-06,19:40:00,18.5,18.5,18.475,18.475,410,0
2017-04-06,19:45:00,18.49,18.52,18.49,18.52,1500,0
2017-04-06,19:50:00,18.53,18.53,18.53,18.53,100,0
2017-04-06,19:55:00,18.52,18.54,18.48,18.52,1300,0
2017-04-06,20:00:00,18.48,18.48,18.48,18.48,100,0
2017-04-06,20:05:00,18.475,18.49,18.47,18.49,811,0
2017-04-06,20:10:00,18.45,18.47,18.45,18.46,300,0
2017-04-06,20:15:00,18.45,18.46,18.45,18.46,200,0
2017-04-06,20:20:00,18.47,18.47,18.45,18.45,200,0
2017-04-06,20:25:00,18.44,18.45,18.42,18.44,1600,0
2017-04-06,20:30:00,18.4,18.41,18.33,18.33,2100,0
2017-04-06,20:35:00,18.3,18.34,18.3,18.31,1300,0
2017-04-06,20:40:00,18.35,18.37,18.35,18.37,400,0
2017-04-06,20:45:00,18.42,18.42,18.375,18.4,400,0
2017-04-06,20:50:00,18.44,18.44,18.32,18.32,900,0
2017-04-06,20:55:00,18.34,18.36,18.325,18.36,800,0
2017-04-06,21:00:00,18.34,18.36,18.29,18.29,1100,0
2017-04-06,21:05:00,18.305,18.305,18.305,18.305,100,0
2017-04-06,21:10:00,18.29,18.295,18.28,18.295,900,0
2017-04-06,21:15:00,18.31,18.35,18.28,18.32,1250,0
2017-04-06,21:20:00,18.36,18.36,18.31,18.31,15307,0
2017-04-06,21:25:00,18.3,18.32,18.29,18.29,600,0
2017-04-06,21:30:00,18.3,18.3,18.27,18.275,6507,0
2017-04-06,21:35:00,18.3,18.31,18.28,18.31,8957,0
2017-04-06,21:40:00,18.33,18.37,18.33,18.37,5800,0
2017-04-06,21:45:00,18.37,18.41,18.365,18.41,1700,0
2017-04-06,21:50:00,18.42,18.47,18.42,18.42,5748,0
2017-04-06,21:55:00,18.42,18.53,18.42,18.51,6697,0
2017-04-06,22:00:00,18.51,18.54,18.49,18.53,6800,0
2017-04-07,15:35:00,18.5,18.5,18.5,18.5,1802,0
2017-04-07,15:45:00,18.623,18.623,18.335,18.335,2115,0
2017-04-07,15:55:00,18.4,18.47,18.4,18.47,800,0
2017-04-07,16:00:00,18.42,18.42,18.42,18.42,108,0
2017-04-07,16:05:00,18.36,18.45,18.36,18.45,708,0
2017-04-07,16:10:00,18.47,18.47,18.47,18.47,100,0
2017-04-07,16:15:00,18.48,18.5,18.47,18.47,50400,0
2017-04-07,16:25:00,18.43,18.5,18.43,18.48,1400,0
2017-04-07,16:30:00,18.49,18.49,18.47,18.47,333,0
2017-04-07,16:35:00,18.48,18.49,18.47,18.49,600,0
2017-04-07,16:40:00,18.47,18.5,18.45,18.5,1100,0
2017-04-07,16:45:00,18.48,18.5,18.35,18.35,6400,0
2017-04-07,16:50:00,18.35,18.35,18.23,18.23,700,0
2017-04-07,16:55:00,18.27,18.35,18.2625,18.27,1800,0
2017-04-07,17:00:00,18.27,18.27,18.23,18.265,2100,0
2017-04-07,17:05:00,18.27,18.3,18.24,18.24,1700,0
2017-04-07,17:10:00,18.25,18.25,18.25,18.25,332,0
2017-04-07,17:15:00,18.26,18.26,18.24,18.25,910,0
2017-04-07,17:20:00,18.29,18.3,18.29,18.29,700,0
2017-04-07,17:25:00,18.32,18.32,18.32,18.32,100,0
2017-04-07,17:30:00,18.32,18.32,18.29,18.29,1200,0
2017-04-07,17:35:00,18.245,18.25,18.245,18.25,200,0
2017-04-07,17:45:00,18.25,18.25,18.22,18.225,800,0
2017-04-07,17:50:00,18.24,18.24,18.24,18.24,100,0
2017-04-07,17:55:00,18.24,18.27,18.24,18.27,300,0
2017-04-07,18:00:00,18.29,18.29,18.29,18.29,6000,0
2017-04-07,18:05:00,18.28,18.32,18.26,18.32,700,0
2017-04-07,18:10:00,18.32,18.38,18.32,18.38,500,0
2017-04-07,18:15:00,18.39,18.4,18.37,18.4,600,0
2017-04-07,18:20:00,18.42,18.46,18.42,18.46,300,0
2017-04-07,18:30:00,18.46,18.46,18.46,18.46,100,0
2017-04-07,18:35:00,18.46,18.48,18.46,18.48,300,0
2017-04-07,18:40:00,18.45,18.45,18.42,18.42,1315,0
2017-04-07,18:45:00,18.43,18.44,18.43,18.44,600,0
2017-04-07,18:50:00,18.43,18.43,18.415,18.42,1600,0
2017-04-07,18:55:00,18.41,18.41,18.4001,18.4001,200,0
2017-04-07,19:00:00,18.42,18.42,18.41,18.41,1145,0
2017-04-07,19:05:00,18.41,18.43,18.41,18.41,1800,0
2017-04-07,19:10:00,18.41,18.41,18.41,18.41,200,0
2017-04-07,19:15:00,18.41,18.43,18.4,18.4,4100,0
2017-04-07,19:20:00,18.4,18.4,18.4,18.4,100,0
2017-04-07,19:25:00,18.4001,18.41,18.4001,18.405,700,0
2017-04-07,19:30:00,18.4,18.4,18.39,18.39,1200,0
2017-04-07,19:35:00,18.3801,18.41,18.3801,18.4,1200,0
2017-04-07,19:40:00,18.4,18.4,18.37,18.37,1200,0
2017-04-07,19:45:00,18.37,18.37,18.37,18.37,200,0
2017-04-07,19:50:00,18.37,18.39,18.37,18.39,1100,0
2017-04-07,20:00:00,18.3801,18.4,18.3801,18.39,400,0
2017-04-07,20:05:00,18.39,18.41,18.39,18.41,1700,0
2017-04-07,20:10:00,18.42,18.42,18.4125,18.415,1626,0
2017-04-07,20:15:00,18.42,18.42,18.41,18.41,500,0
2017-04-07,20:20:00,18.41,18.42,18.41,18.42,970,0
2017-04-07,20:25:00,18.415,18.45,18.41,18.45,12197,0
2017-04-07,20:30:00,18.45,18.49,18.45,18.49,900,0
2017-04-07,20:35:00,18.49,18.49,18.47,18.47,1000,0
2017-04-07,20:40:00,18.49,18.5499,18.47,18.5025,5500,0
2017-04-07,20:45:00,18.51,18.52,18.49,18.49,2438,0
2017-04-07,20:50:00,18.49,18.49,18.47,18.47,400,0
2017-04-07,20:55:00,18.485,18.485,18.45,18.45,900,0
2017-04-07,21:00:00,18.4501,18.5,18.45,18.46,1391,0
2017-04-07,21:05:00,18.46,18.465,18.45,18.45,700,0
2017-04-07,21:10:00,18.47,18.53,18.47,18.5,2300,0
2017-04-07,21:15:00,18.49,18.5199,18.49,18.5199,1000,0
2017-04-07,21:20:00,18.5097,18.5199,18.49,18.5,8914,0
2017-04-07,21:25:00,18.5,18.51,18.5,18.505,10418,0
2017-04-07,21:30:00,18.505,18.505,18.5,18.5,11630,0
2017-04-07,21:35:00,18.5,18.51,18.49,18.5,4084,0
2017-04-07,21:40:00,18.49,18.53,18.49,18.52,7804,0
2017-04-07,21:45:00,18.54,18.54,18.5,18.5,10809,0
2017-04-07,21:50:00,18.52,18.52,18.49,18.5,4362,0
2017-04-07,21:55:00,18.51,18.53,18.48,18.49,7270,0
2017-04-07,22:00:00,18.5,18.54,18.49,18.51,104655,0
2017-04-10,15:35:00,18.53,18.65,18.53,18.65,600,0
2017-04-10,15:40:00,18.61,18.73,18.6,18.73,400,0
2017-04-10,15:45:00,18.7,18.7,18.66,18.66,298,0
2017-04-10,15:50:00,18.685,18.7,18.685,18.7,200,0
2017-04-10,15:55:00,18.71,18.76,18.71,18.76,300,0
2017-04-10,16:05:00,18.75,18.8,18.745,18.8,1361,0
2017-04-10,16:10:00,18.84,18.8899,18.83,18.83,700,0
2017-04-10,16:15:00,18.7926,18.7926,18.7926,18.7926,125,0
2017-04-10,16:20:00,18.74,18.74,18.71,18.71,275,0
2017-04-10,16:25:00,18.73,18.73,18.73,18.73,100,0
2017-04-10,16:30:00,18.73,18.73,18.73,18.73,100,0
2017-04-10,16:35:00,18.73,18.75,18.73,18.75,1200,0
2017-04-10,16:40:00,18.73,18.73,18.65,18.65,1200,0
2017-04-10,16:45:00,18.65,18.67,18.65,18.67,900,0
2017-04-10,16:50:00,18.665,18.665,18.65,18.65,6200,0
2017-04-10,16:55:00,18.65,18.65,18.63,18.63,400,0
2017-04-10,17:00:00,18.61,18.61,18.61,18.61,200,0
2017-04-10,17:05:00,18.6,18.65,18.6,18.62,11147,0
2017-04-10,17:10:00,18.6344,18.6344,18.59,18.6,8000,0
2017-04-10,17:15:00,18.6,18.6,18.58,18.6,1461,0
2017-04-10,17:20:00,18.6,18.6,18.5999,18.6,1200,0
2017-04-10,17:25:00,18.6,18.6,18.5999,18.6,1600,0
2017-04-10,17:30:00,18.6,18.65,18.6,18.62,15883,0
2017-04-10,17:35:00,18.62,18.62,18.56,18.56,1400,0
2017-04-10,17:40:00,18.54,18.56,18.54,18.55,500,0
2017-04-10,17:45:00,18.53,18.55,18.49,18.52,850,0
2017-04-10,17:50:00,18.52,18.52,18.52,18.52,400,0
2017-04-10,17:55:00,18.55,18.56,18.54,18.56,300,0
2017-04-10,18:00:00,18.55,18.565,18.55,18.565,1100,0
2017-04-10,18:05:00,18.58,18.61,18.58,18.61,400,0
2017-04-10,18:15:00,18.5999,18.6,18.57,18.57,716,0
2017-04-10,18:25:00,18.55,18.55,18.55,18.55,200,0
2017-04-10,18:30:00,18.55,18.56,18.55,18.56,200,0
2017-04-10,18:35:00,18.56,18.56,18.56,18.56,600,0
2017-04-10,18:40:00,18.58,18.6,18.57,18.57,6350,0
2017-04-10,18:45:00,18.59,18.6,18.59,18.6,300,0
2017-04-10,18:55:00,18.6,18.6,18.6,18.6,1100,0
2017-04-10,19:00:00,18.5884,18.5884,18.5884,18.5884,845,0
2017-04-10,19:05:00,18.6,18.6,18.58,18.58,1900,0
2017-04-10,19:10:00,18.58,18.58,18.58,18.58,200,0
2017-04-10,19:20:00,18.6,18.6,18.6,18.6,800,0
2017-04-10,19:25:00,18.58,18.6,18.58,18.6,700,0
2017-04-10,19:30:00,18.6,18.6,18.6,18.6,100,0
2017-04-10,19:35:00,18.58,18.6,18.58,18.6,500,0
2017-04-10,19:40:00,18.58,18.6,18.58,18.6,2600,0
2017-04-10,19:45:00,18.6,18.6,18.6,18.6,100,0
2017-04-10,19:50:00,18.58,18.58,18.58,18.58,600,0
2017-04-10,19:55:00,18.6,18.6,18.6,18.6,200,0
2017-04-10,20:00:00,18.57,18.6,18.57,18.6,200,0
2017-04-10,20:05:00,18.6,18.6,18.55,18.55,1700,0
2017-04-10,20:10:00,18.5599,18.5599,18.52,18.5499,1044,0
2017-04-10,20:15:00,18.55,18.55,18.5,18.51,1377,0
2017-04-10,20:20:00,18.5,18.5,18.5,18.5,300,0
2017-04-10,20:25:00,18.53,18.53,18.5,18.5,200,0
2017-04-10,20:30:00,18.51,18.5299,18.49,18.49,1500,0
2017-04-10,20:40:00,18.48,18.52,18.48,18.52,1300,0
2017-04-10,20:45:00,18.5199,18.53,18.5,18.53,1483,0
2017-04-10,20:50:00,18.53,18.58,18.53,18.58,1000,0
2017-04-10,20:55:00,18.5999,18.5999,18.58,18.59,700,0
2017-04-10,21:00:00,18.6199,18.62,18.58,18.58,1029,0
2017-04-10,21:05:00,18.5999,18.5999,18.57,18.57,3901,0
2017-04-10,21:10:00,18.6,18.6,18.59,18.6,4077,0
2017-04-10,21:15:00,18.6,18.6,18.595,18.6,600,0
2017-04-10,21:20:00,18.595,18.6,18.59,18.6,2335,0
2017-04-10,21:25:00,18.59,18.59,18.48,18.51,1800,0
2017-04-10,21:30:00,18.49,18.5,18.49,18.5,1200,0
2017-04-10,21:35:00,18.49,18.5,18.46,18.46,4165,0
2017-04-10,21:40:00,18.47,18.47,18.44,18.44,1414,0
2017-04-10,21:45:00,18.44,18.44,18.4,18.4,1924,0
2017-04-10,21:50:00,18.4,18.43,18.4,18.43,1602,0
2017-04-10,21:55:00,18.43,18.43,18.43,18.43,2082,0
2017-04-10,22:00:00,18.43,18.44,18.35,18.37,25065,0
2017-04-11,15:35:00,18.35,18.42,18.35,18.42,380,0
2017-04-11,15:40:00,18.16,18.29,18.16,18.29,300,0
2017-04-11,15:45:00,18.25,18.25,18.25,18.25,350,0
2017-04-11,15:50:00,18.27,18.27,18.27,18.27,400,0
2017-04-11,15:55:00,18.26,18.26,18.26,18.26,200,0
2017-04-11,16:00:00,18.26,18.27,18.26,18.27,200,0
2017-04-11,16:05:00,18.37,18.37,18.37,18.37,100,0
2017-04-11,16:15:00,18.37,18.39,18.35,18.36,996,0
2017-04-11,16:20:00,18.35,18.35,18.35,18.35,100,0
2017-04-11,16:25:00,18.29,18.29,18.28,18.28,400,0
2017-04-11,16:30:00,18.28,18.33,18.28,18.33,759,0
2017-04-11,16:35:00,18.32,18.32,18.32,18.32,200,0
2017-04-11,16:40:00,18.22,18.25,18.22,18.25,5300,0
2017-04-11,16:45:00,18.26,18.26,18.21,18.21,1069,0
2017-04-11,16:55:00,18.22,18.24,18.219,18.219,425,0
2017-04-11,17:00:00,18.2,18.25,18.2,18.25,431,0
2017-04-11,17:05:00,18.27,18.28,18.27,18.28,475,0
2017-04-11,17:10:00,18.29,18.36,18.29,18.3,1000,0
2017-04-11,17:20:00,18.28,18.28,18.28,18.28,600,0
2017-04-11,17:30:00,18.29,18.29,18.29,18.29,400,0
2017-04-11,17:35:00,18.28,18.28,18.28,18.28,100,0
2017-04-11,17:40:00,18.31,18.345,18.31,18.345,1000,0
2017-04-11,17:45:00,18.34,18.34,18.34,18.34,200,0
2017-04-11,17:55:00,18.38,18.39,18.36,18.36,1000,0
2017-04-11,18:00:00,18.37,18.42,18.37,18.38,700,0
2017-04-11,18:05:00,18.37,18.37,18.37,18.37,200,0
2017-04-11,18:10:00,18.36,18.36,18.32,18.32,800,0
2017-04-11,18:15:00,18.35,18.36,18.33,18.36,700,0
2017-04-11,18:20:00,18.38,18.38,18.38,18.38,500,0
2017-04-11,18:25:00,18.41,18.41,18.3829,18.3829,600,0
2017-04-11,18:30:00,18.38,18.39,18.38,18.39,800,0
2017-04-11,18:35:00,18.37,18.37,18.37,18.37,300,0
2017-04-11,18:40:00,18.35,18.395,18.35,18.37,1100,0
2017-04-11,18:45:00,18.37,18.37,18.37,18.37,300,0
2017-04-11,18:50:00,18.36,18.36,18.34,18.34,300,0
2017-04-11,18:55:00,18.37,18.37,18.37,18.37,200,0
2017-04-11,19:00:00,18.35,18.35,18.33,18.33,600,0
2017-04-11,19:05:00,18.37,18.37,18.3,18.3,900,0
2017-04-11,19:10:00,18.3,18.335,18.3,18.32,1400,0
2017-04-11,19:15:00,18.35,18.35,18.35,18.35,100,0
2017-04-11,19:20:00,18.3,18.35,18.3,18.31,1400,0
2017-04-11,19:25:00,18.31,18.335,18.3,18.3,900,0
2017-04-11,19:30:00,18.305,18.305,18.28,18.28,500,0
2017-04-11,19:40:00,18.3,18.3,18.28,18.28,200,0
2017-04-11,19:50:00,18.28,18.28,18.28,18.28,100,0
2017-04-11,19:55:00,18.28,18.28,18.28,18.28,200,0
2017-04-11,20:00:00,18.3,18.3,18.3,18.3,100,0
2017-04-11,20:05:00,18.31,18.31,18.3,18.305,600,0
2017-04-11,20:10:00,18.305,18.37,18.305,18.37,3400,0
2017-04-11,20:15:00,18.34,18.35,18.34,18.34,900,0
2017-04-11,20:20:00,18.28,18.28,18.28,18.28,100,0
2017-04-11,20:25:00,18.34,18.34,18.34,18.34,200,0
2017-04-11,20:30:00,18.35,18.36,18.34,18.34,1700,0
2017-04-11,20:35:00,18.34,18.34,18.33,18.34,2176,0
2017-04-11,20:40:00,18.34,18.35,18.34,18.35,200,0
2017-04-11,20:45:00,18.34,18.34,18.335,18.335,200,0
2017-04-11,20:50:00,18.34,18.34,18.34,18.34,200,0
2017-04-11,20:55:00,18.39,18.39,18.39,18.39,200,0
2017-04-11,21:05:00,18.43,18.43,18.4075,18.4075,200,0
2017-04-11,21:10:00,18.4,18.4,18.35,18.35,1700,0
2017-04-11,21:15:00,18.35,18.35,18.33,18.33,600,0
2017-04-11,21:20:00,18.33,18.33,18.33,18.33,100,0
2017-04-11,21:25:00,18.35,18.35,18.35,18.35,200,0
2017-04-11,21:30:00,18.36,18.36,18.35,18.3536,887,0
2017-04-11,21:35:00,18.36,18.37,18.36,18.37,1192,0
2017-04-11,21:40:00,18.37,18.38,18.37,18.38,1576,0
2017-04-11,21:45:00,18.38,18.38,18.37,18.37,200,0
2017-04-11,21:50:00,18.36,18.36,18.33,18.33,2301,0
2017-04-11,21:55:00,18.33,18.33,18.3,18.3,903,0
2017-04-11,22:00:00,18.32,18.39,18.31,18.39,15461,0
2017-04-12,15:35:00,18.27,18.27,18.27,18.27,1238,0
2017-04-12,15:40:00,18.21,18.21,18.07,18.16,2300,0
2017-04-12,15:45:00,18.06,18.19,18.02,18.15,1144,0
2017-04-12,15:50:00,18.13,18.13,18.13,18.13,100,0
2017-04-12,15:55:00,18.05,18.08,18.02,18.08,2050,0
2017-04-12,16:00:00,18.04,18.04,18.01,18.02,500,0
2017-04-12,16:05:00,18.01,18.01,17.97,17.99,5551,0
2017-04-12,16:10:00,17.96,18.01,17.96,18.01,900,0
2017-04-12,16:15:00,18,18.02,17.95,17.95,2000,0
2017-04-12,16:20:00,17.955,17.98,17.955,17.97,700,0
2017-04-12,16:25:00,18,18,17.97,17.975,1600,0
2017-04-12,16:30:00,17.97,17.99,17.95,17.95,800,0
2017-04-12,16:35:00,17.94,17.96,17.93,17.96,300,0
2017-04-12,16:40:00,17.94,17.94,17.89,17.89,900,0
2017-04-12,16:45:00,17.89,17.92,17.88,17.88,1500,0
2017-04-12,16:50:00,17.87,17.87,17.83,17.83,1400,0
2017-04-12,16:55:00,17.83,17.83,17.79,17.79,400,0
2017-04-12,17:00:00,17.795,17.83,17.795,17.83,900,0
2017-04-12,17:05:00,17.82,17.84,17.8199,17.84,4951,0
2017-04-12,17:10:00,17.84,17.86,17.84,17.86,495,0
2017-04-12,17:15:00,17.855,17.89,17.855,17.89,700,0
2017-04-12,17:25:00,17.89,17.89,17.84,17.85,2300,0
2017-04-12,17:30:00,17.86,17.88,17.86,17.87,300,0
2017-04-12,17:35:00,17.88,17.93,17.865,17.93,2171,0
2017-04-12,17:40:00,17.91,17.94,17.8501,17.92,3329,0
2017-04-12,17:45:00,17.93,17.98,17.915,17.94,1100,0
2017-04-12,17:50:00,17.93,17.93,17.91,17.92,1100,0
2017-04-12,17:55:00,17.9,17.9,17.9,17.9,100,0
2017-04-12,18:00:00,17.865,17.98,17.865,17.98,1200,0
2017-04-12,18:05:00,17.97,17.99,17.93,17.93,900,0
2017-04-12,18:10:00,17.91,17.92,17.91,17.92,200,0
2017-04-12,18:15:00,17.93,17.975,17.93,17.975,1000,0
2017-04-12,18:20:00,17.98,17.98,17.95,17.96,800,0
2017-04-12,18:25:00,17.92,17.94,17.92,17.92,400,0
2017-04-12,18:30:00,17.93,17.93,17.92,17.92,600,0
2017-04-12,18:35:00,17.91,17.925,17.91,17.925,400,0
2017-04-12,18:40:00,17.9,17.93,17.89,17.92,1100,0
2017-04-12,18:45:00,17.88,17.92,17.88,17.92,400,0
2017-04-12,18:50:00,17.91,17.92,17.9,17.9,600,0
2017-04-12,18:55:00,17.88,17.91,17.86,17.88,1000,0
2017-04-12,19:00:00,17.89,17.89,17.89,17.89,100,0
2017-04-12,19:05:00,17.89,17.94,17.89,17.94,300,0
2017-04-12,19:10:00,17.95,17.97,17.945,17.97,400,0
2017-04-12,19:15:00,17.97,18.01,17.96,18.01,700,0
2017-04-12,19:20:00,17.97,17.99,17.95,17.95,2500,0
2017-04-12,19:25:00,17.9,17.91,17.8925,17.91,1000,0
2017-04-12,19:30:00,17.92,17.95,17.92,17.95,300,0
2017-04-12,19:40:00,17.88,17.91,17.88,17.91,2100,0
2017-04-12,19:45:00,17.9,17.92,17.9,17.92,1158,0
2017-04-12,19:50:00,17.9,17.92,17.89,17.92,1500,0
2017-04-12,19:55:00,17.9,17.92,17.9,17.92,400,0
2017-04-12,20:00:00,17.9,17.91,17.89,17.91,1600,0
2017-04-12,20:05:00,17.915,17.915,17.91,17.915,500,0
2017-04-12,20:10:00,17.9,17.92,17.89,17.9,2067,0
2017-04-12,20:15:00,17.9,17.9,17.9,17.9,300,0
2017-04-12,20:20:00,17.89,17.92,17.89,17.92,1200,0
2017-04-12,20:25:00,17.88,17.9,17.88,17.88,1400,0
2017-04-12,20:30:00,17.885,17.91,17.88,17.91,1294,0
2017-04-12,20:40:00,17.88,17.89,17.87,17.88,2800,0
2017-04-12,20:45:00,17.86,17.88,17.8567,17.87,658,0
2017-04-12,20:50:00,17.87,17.89,17.87,17.89,1100,0
2017-04-12,21:00:00,17.87,17.9,17.87,17.89,1600,0
2017-04-12,21:10:00,17.85,17.88,17.83,17.835,1200,0
2017-04-12,21:15:00,17.82,17.85,17.82,17.85,1200,0
2017-04-12,21:20:00,17.82,17.86,17.82,17.83,3717,0
2017-04-12,21:25:00,17.83,17.85,17.83,17.83,1600,0
2017-04-12,21:30:00,17.83,17.86,17.82,17.86,2451,0
2017-04-12,21:35:00,17.84,17.84,17.84,17.84,200,0
2017-04-12,21:40:00,17.84,17.86,17.83,17.83,3107,0
2017-04-12,21:45:00,17.83,17.84,17.81,17.82,2850,0
2017-04-12,21:50:00,17.825,17.86,17.82,17.86,3180,0
2017-04-12,21:55:00,17.86,17.88,17.85,17.88,4500,0
2017-04-12,22:00:00,17.89,17.95,17.88,17.91,33750,0
2017-04-13,15:35:00,17.86,17.86,17.86,17.86,100,0
2017-04-13,15:40:00,17.86,17.86,17.82,17.82,1730,0
2017-04-13,15:45:00,17.82,17.86,17.68,17.68,2701,0
2017-04-13,15:50:00,17.75,17.81,17.75,17.81,951,0
2017-04-13,15:55:00,17.84,17.84,17.84,17.84,100,0
2017-04-13,16:00:00,17.885,17.96,17.875,17.96,1000,0
2017-04-13,16:10:00,17.9,17.9,17.82,17.86,1522,0
2017-04-13,16:15:00,17.87,17.89,17.84,17.84,500,0
2017-04-13,16:20:00,17.82,17.85,17.79,17.79,1389,0
2017-04-13,16:30:00,17.755,17.755,17.73,17.73,1900,0
2017-04-13,16:35:00,17.76,17.76,17.76,17.76,300,0
2017-04-13,16:40:00,17.77,17.77,17.74,17.75,1200,0
2017-04-13,16:45:00,17.77,17.77,17.7665,17.7665,338,0
2017-04-13,16:50:00,17.77,17.77,17.76,17.76,600,0
2017-04-13,16:55:00,17.76,17.77,17.76,17.77,400,0
2017-04-13,17:00:00,17.79,17.79,17.79,17.79,500,0
2017-04-13,17:05:00,17.785,17.785,17.785,17.785,100,0
2017-04-13,17:10:00,17.77,17.77,17.77,17.77,300,0
2017-04-13,17:15:00,17.74,17.77,17.74,17.77,5825,0
2017-04-13,17:20:00,17.75,17.77,17.75,17.77,2198,0
2017-04-13,17:25:00,17.76,17.79,17.76,17.78,1956,0
2017-04-13,17:30:00,17.78,17.78,17.77,17.77,400,0
2017-04-13,17:35:00,17.78,17.78,17.76,17.78,900,0
2017-04-13,17:40:00,17.79,17.79,17.79,17.79,100,0
2017-04-13,17:45:00,17.79,17.79,17.78,17.78,600,0
2017-04-13,17:50:00,17.7826,17.79,17.7826,17.79,815,0
2017-04-13,17:55:00,17.79,17.79,17.79,17.79,200,0
2017-04-13,18:00:00,17.76,17.77,17.75,17.75,1400,0
2017-04-13,18:05:00,17.73,17.73,17.72,17.72,800,0
2017-04-13,18:10:00,17.69,17.69,17.67,17.67,1885,0
2017-04-13,18:15:00,17.67,17.69,17.66,17.69,1000,0
2017-04-13,18:20:00,17.7,17.74,17.7,17.74,200,0
2017-04-13,18:25:00,17.74,17.75,17.74,17.75,300,0
2017-04-13,18:30:00,17.74,17.74,17.74,17.74,200,0
2017-04-13,18:35:00,17.75,17.76,17.75,17.75,840,0
2017-04-13,18:40:00,17.75,17.76,17.75,17.76,200,0
2017-04-13,18:45:00,17.75,17.75,17.72,17.73,1600,0
2017-04-13,18:50:00,17.71,17.71,17.7,17.7,500,0
2017-04-13,18:55:00,17.69,17.69,17.69,17.69,300,0
2017-04-13,19:00:00,17.66,17.66,17.65,17.66,1800,0
2017-04-13,19:05:00,17.67,17.67,17.61,17.61,1200,0
2017-04-13,19:10:00,17.6,17.6,17.59,17.59,500,0
2017-04-13,19:15:00,17.61,17.61,17.61,17.61,500,0
2017-04-13,19:20:00,17.61,17.62,17.6,17.6,1700,0
2017-04-13,19:25:00,17.62,17.62,17.62,17.62,100,0
2017-04-13,19:30:00,17.62,17.63,17.62,17.63,500,0
2017-04-13,19:35:00,17.66,17.66,17.63,17.64,1869,0
2017-04-13,19:45:00,17.64,17.64,17.58,17.58,1500,0
2017-04-13,19:50:00,17.54,17.54,17.51,17.51,1850,0
2017-04-13,20:00:00,17.47,17.5,17.47,17.47,300,0
2017-04-13,20:05:00,17.5,17.56,17.5,17.55,3929,0
2017-04-13,20:15:00,17.58,17.62,17.58,17.62,900,0
2017-04-13,20:20:00,17.62,17.62,17.62,17.62,100,0
2017-04-13,20:25:00,17.64,17.64,17.61,17.61,800,0
2017-04-13,20:30:00,17.61,17.63,17.59,17.61,1400,0
2017-04-13,20:35:00,17.59,17.62,17.59,17.59,400,0
2017-04-13,20:40:00,17.59,17.61,17.58,17.58,1902,0
2017-04-13,20:45:00,17.57,17.59,17.57,17.581,938,0
2017-04-13,20:50:00,17.57,17.57,17.57,17.57,300,0
2017-04-13,20:55:00,17.56,17.59,17.56,17.59,400,0
2017-04-13,21:00:00,17.56,17.58,17.56,17.58,964,0
2017-04-13,21:05:00,17.61,17.61,17.58,17.58,1000,0
2017-04-13,21:10:00,17.57,17.57,17.54,17.54,900,0
2017-04-13,21:15:00,17.53,17.53,17.51,17.51,429,0
2017-04-13,21:20:00,17.54,17.54,17.49,17.49,1100,0
2017-04-13,21:25:00,17.5,17.52,17.495,17.52,1300,0
2017-04-13,21:30:00,17.53,17.53,17.51,17.51,1300,0
2017-04-13,21:35:00,17.51,17.53,17.49,17.51,2228,0
2017-04-13,21:40:00,17.5,17.52,17.48,17.51,3600,0
2017-04-13,21:45:00,17.51,17.56,17.51,17.56,1800,0
2017-04-13,21:50:00,17.53,17.57,17.52,17.57,5100,0
2017-04-13,21:55:00,17.56,17.57,17.54,17.56,9179,0
2017-04-13,22:00:00,17.55,17.61,17.51,17.56,41955,0
2017-04-17,15:35:00,17.59,17.59,17.59,17.59,963,0
2017-04-17,15:40:00,17.63,17.63,17.55,17.55,600,0
2017-04-17,15:45:00,17.55,17.55,17.51,17.51,1400,0
2017-04-17,15:50:00,17.52,17.52,17.47,17.47,3001,0
2017-04-17,15:55:00,17.39,17.48,17.38,17.48,1000,0
2017-04-17,16:00:00,17.48,17.51,17.48,17.51,300,0
2017-04-17,16:05:00,17.48,17.5,17.46,17.48,500,0
2017-04-17,16:10:00,17.5,17.52,17.45,17.45,6283,0
2017-04-17,16:15:00,17.46,17.49,17.45,17.45,600,0
2017-04-17,16:20:00,17.43,17.43,17.43,17.43,300,0
2017-04-17,16:25:00,17.42,17.42,17.42,17.42,200,0
2017-04-17,16:30:00,17.42,17.45,17.42,17.45,2900,0
2017-04-17,16:35:00,17.47,17.47,17.4625,17.4625,200,0
2017-04-17,16:40:00,17.44,17.44,17.44,17.44,700,0
2017-04-17,16:45:00,17.42,17.435,17.42,17.435,200,0
2017-04-17,16:50:00,17.45,17.46,17.42,17.46,400,0
2017-04-17,16:55:00,17.46,17.46,17.46,17.46,100,0
2017-04-17,17:00:00,17.43,17.445,17.43,17.445,300,0
2017-04-17,17:05:00,17.46,17.49,17.46,17.475,916,0
2017-04-17,17:10:00,17.5,17.5,17.47,17.47,300,0
2017-04-17,17:15:00,17.49,17.5,17.49,17.49,500,0
2017-04-17,17:25:00,17.5,17.5,17.48,17.48,800,0
2017-04-17,17:30:00,17.5,17.5,17.49,17.49,6021,0
2017-04-17,17:35:00,17.48,17.49,17.47,17.47,800,0
2017-04-17,17:40:00,17.49,17.5,17.49,17.5,2300,0
2017-04-17,17:45:00,17.5,17.5,17.5,17.5,100,0
2017-04-17,17:50:00,17.5,17.5,17.48,17.48,600,0
2017-04-17,17:55:00,17.48,17.5,17.47,17.5,500,0
2017-04-17,18:05:00,17.5,17.5,17.47,17.48,600,0
2017-04-17,18:10:00,17.47,17.5,17.47,17.5,200,0
2017-04-17,18:15:00,17.5,17.5,17.5,17.5,100,0
2017-04-17,18:20:00,17.4896,17.4896,17.4896,17.4896,500,0
2017-04-17,18:25:00,17.5,17.54,17.5,17.54,822,0
2017-04-17,18:30:00,17.54,17.54,17.54,17.54,200,0
2017-04-17,18:35:00,17.54,17.54,17.52,17.53,300,0
2017-04-17,18:40:00,17.52,17.52,17.51,17.51,500,0
2017-04-17,18:50:00,17.54,17.54,17.51,17.51,400,0
2017-04-17,18:55:00,17.53,17.53,17.5075,17.5075,200,0
2017-04-17,19:00:00,17.5,17.52,17.49,17.52,500,0
2017-04-17,19:05:00,17.49,17.49,17.49,17.49,100,0
2017-04-17,19:10:00,17.49,17.52,17.49,17.52,200,0
2017-04-17,19:15:00,17.52,17.54,17.52,17.52,500,0
2017-04-17,19:20:00,17.51,17.51,17.51,17.51,100,0
2017-04-17,19:25:00,17.49,17.49,17.48,17.48,400,0
2017-04-17,19:30:00,17.51,17.51,17.51,17.51,100,0
2017-04-17,19:35:00,17.52,17.52,17.52,17.52,200,0
2017-04-17,19:40:00,17.52,17.52,17.52,17.52,200,0
2017-04-17,19:45:00,17.5,17.5,17.5,17.5,600,0
2017-04-17,19:50:00,17.48,17.48,17.48,17.48,100,0
2017-04-17,19:55:00,17.48,17.48,17.48,17.48,300,0
2017-04-17,20:00:00,17.49,17.49,17.49,17.49,100,0
2017-04-17,20:05:00,17.49,17.53,17.48,17.53,1217,0
2017-04-17,20:10:00,17.52,17.53,17.51,17.51,1300,0
2017-04-17,20:15:00,17.51,17.51,17.51,17.51,100,0
2017-04-17,20:20:00,17.5,17.5,17.5,17.5,400,0
2017-04-17,20:25:00,17.5,17.5,17.49,17.49,400,0
2017-04-17,20:30:00,17.48,17.48,17.47,17.47,200,0
2017-04-17,20:35:00,17.4862,17.51,17.48,17.51,1200,0
2017-04-17,20:40:00,17.495,17.51,17.495,17.51,500,0
2017-04-17,20:45:00,17.52,17.52,17.48,17.48,700,0
2017-04-17,20:50:00,17.48,17.48,17.48,17.48,400,0
2017-04-17,20:55:00,17.47,17.5,17.47,17.47,700,0
2017-04-17,21:00:00,17.47,17.48,17.46,17.48,2322,0
2017-04-17,21:05:00,17.47,17.49,17.47,17.49,900,0
2017-04-17,21:10:00,17.475,17.5,17.475,17.5,1700,0
2017-04-17,21:15:00,17.49,17.52,17.48,17.52,1648,0
2017-04-17,21:20:00,17.53,17.58,17.53,17.57,1500,0
2017-04-17,21:25:00,17.56,17.57,17.54,17.57,2403,0
2017-04-17,21:30:00,17.55,17.59,17.55,17.59,1450,0
2017-04-17,21:35:00,17.59,17.59,17.55,17.55,1000,0
2017-04-17,21:40:00,17.56,17.57,17.55,17.57,700,0
2017-04-17,21:45:00,17.57,17.59,17.57,17.57,1644,0
2017-04-17,21:50:00,17.57,17.62,17.57,17.62,2200,0
2017-04-17,21:55:00,17.62,17.65,17.6,17.64,2800,0
2017-04-17,22:00:00,17.63,17.68,17.62,17.64,19054,0
2017-04-18,15:35:00,17.41,17.41,17.41,17.41,1625,0
2017-04-18,15:40:00,17.46,17.5,17.17,17.17,2317,0
2017-04-18,15:50:00,17.42,17.42,17.42,17.42,100,0
2017-04-18,15:55:00,17.4,17.41,17.4,17.4,667,0
2017-04-18,16:05:00,17.48,17.48,17.45,17.45,600,0
2017-04-18,16:10:00,17.44,17.5,17.41,17.5,900,0
2017-04-18,16:15:00,17.6,17.6,17.6,17.6,100,0
2017-04-18,16:30:00,17.52,17.53,17.52,17.53,481,0
2017-04-18,16:35:00,17.52,17.53,17.5,17.51,1696,0
2017-04-18,16:40:00,17.53,17.53,17.5,17.53,400,0
2017-04-18,16:45:00,17.55,17.55,17.5,17.5,430,0
2017-04-18,16:50:00,17.5,17.5492,17.5,17.52,1300,0
2017-04-18,16:55:00,17.5,17.52,17.5,17.52,600,0
2017-04-18,17:00:00,17.505,17.505,17.49,17.49,900,0
2017-04-18,17:05:00,17.505,17.505,17.49,17.49,600,0
2017-04-18,17:10:00,17.49,17.49,17.49,17.49,200,0
2017-04-18,17:15:00,17.49,17.5,17.49,17.5,2431,0
2017-04-18,17:20:00,17.5,17.5,17.5,17.5,100,0
2017-04-18,17:25:00,17.49,17.49,17.45,17.45,2089,0
2017-04-18,17:30:00,17.47,17.49,17.45,17.45,3789,0
2017-04-18,17:35:00,17.47,17.47,17.47,17.47,200,0
2017-04-18,17:40:00,17.44,17.44,17.44,17.44,600,0
2017-04-18,17:45:00,17.4,17.41,17.4,17.4,500,0
2017-04-18,17:55:00,17.38,17.38,17.37,17.37,400,0
2017-04-18,18:00:00,17.39,17.39,17.39,17.39,200,0
2017-04-18,18:05:00,17.36,17.36,17.32,17.36,11500,0
2017-04-18,18:10:00,17.38,17.38,17.38,17.38,600,0
2017-04-18,18:15:00,17.36,17.38,17.36,17.38,400,0
2017-04-18,18:20:00,17.38,17.38,17.38,17.38,200,0
2017-04-18,18:25:00,17.38,17.39,17.38,17.39,400,0
2017-04-18,18:30:00,17.38,17.38,17.35,17.35,300,0
2017-04-18,18:35:00,17.35,17.35,17.35,17.35,300,0
2017-04-18,18:40:00,17.37,17.38,17.36,17.36,1400,0
2017-04-18,18:45:00,17.34,17.34,17.34,17.34,100,0
2017-04-18,18:50:00,17.3101,17.3101,17.31,17.31,200,0
2017-04-18,19:00:00,17.31,17.31,17.31,17.31,200,0
2017-04-18,19:05:00,17.31,17.31,17.3,17.3,500,0
2017-04-18,19:10:00,17.3,17.31,17.28,17.31,900,0
2017-04-18,19:15:00,17.34,17.34,17.3,17.34,500,0
2017-04-18,19:20:00,17.325,17.325,17.3101,17.3108,400,0
2017-04-18,19:30:00,17.325,17.325,17.3108,17.3108,400,0
2017-04-18,19:35:00,17.32,17.32,17.32,17.32,100,0
2017-04-18,19:40:00,17.33,17.33,17.31,17.31,1000,0
2017-04-18,19:45:00,17.32,17.325,17.31,17.325,700,0
2017-04-18,19:50:00,17.325,17.34,17.325,17.34,400,0
2017-04-18,19:55:00,17.333,17.333,17.33,17.33,500,0
2017-04-18,20:00:00,17.33,17.33,17.29,17.3,2028,0
2017-04-18,20:05:00,17.3,17.37,17.3,17.365,2300,0
2017-04-18,20:10:00,17.365,17.385,17.365,17.37,1876,0
2017-04-18,20:15:00,17.37,17.37,17.31,17.34,3800,0
2017-04-18,20:20:00,17.375,17.375,17.325,17.36,3800,0
2017-04-18,20:30:00,17.372,17.372,17.372,17.372,109,0
2017-04-18,20:35:00,17.365,17.365,17.34,17.34,600,0
2017-04-18,20:40:00,17.38,17.39,17.35,17.35,2989,0
2017-04-18,20:45:00,17.35,17.35,17.34,17.345,2098,0
2017-04-18,20:50:00,17.38,17.38,17.38,17.38,100,0
2017-04-18,20:55:00,17.35,17.35,17.31,17.3101,1140,0
2017-04-18,21:00:00,17.32,17.33,17.3,17.3,1662,0
2017-04-18,21:05:00,17.3,17.3,17.3,17.3,1100,0
2017-04-18,21:10:00,17.33,17.33,17.3,17.33,1100,0
2017-04-18,21:15:00,17.315,17.33,17.3,17.3014,3100,0
2017-04-18,21:20:00,17.32,17.38,17.32,17.37,800,0
2017-04-18,21:25:00,17.38,17.39,17.38,17.39,600,0
2017-04-18,21:30:00,17.41,17.45,17.4,17.43,600,0
2017-04-18,21:35:00,17.44,17.45,17.44,17.44,3585,0
2017-04-18,21:40:00,17.44,17.45,17.44,17.44,2385,0
2017-04-18,21:45:00,17.45,17.45,17.3908,17.4,5827,0
2017-04-18,21:50:00,17.43,17.487,17.415,17.487,1400,0
2017-04-18,21:55:00,17.49,17.49,17.44,17.45,6655,0
2017-04-18,22:00:00,17.45,17.46,17.41,17.41,34590,0
2017-04-19,15:35:00,17.43,17.43,17.43,17.43,1076,0
2017-04-19,15:40:00,17.55,17.55,17.525,17.55,800,0
2017-04-19,15:45:00,17.5254,17.5254,17.51,17.52,763,0
2017-04-19,15:50:00,17.5,17.5176,17.49,17.5176,769,0
2017-04-19,16:00:00,17.51,17.51,17.51,17.51,100,0
2017-04-19,16:05:00,17.55,17.55,17.47,17.47,1501,0
2017-04-19,16:10:00,17.45,17.485,17.45,17.485,200,0
2017-04-19,16:15:00,17.46,17.46,17.4501,17.4501,216,0
2017-04-19,16:30:00,17.49,17.51,17.49,17.51,894,0
2017-04-19,16:35:00,17.56,17.56,17.5,17.53,500,0
2017-04-19,16:40:00,17.57,17.57,17.56,17.56,400,0
2017-04-19,16:50:00,17.6,17.61,17.54,17.54,1200,0
2017-04-19,16:55:00,17.44,17.44,17.44,17.44,287,0
2017-04-19,17:00:00,17.51,17.51,17.45,17.47,856,0
2017-04-19,17:05:00,17.62,17.64,17.59,17.63,753,0
2017-04-19,17:25:00,17.6,17.6,17.58,17.58,895,0
2017-04-19,17:30:00,17.56,17.56,17.56,17.56,100,0
2017-04-19,17:35:00,17.61,17.61,17.6,17.6,500,0
2017-04-19,17:40:00,17.63,17.63,17.63,17.63,200,0
2017-04-19,17:45:00,17.62,17.6375,17.62,17.6375,961,0
2017-04-19,17:50:00,17.61,17.61,17.58,17.58,500,0
2017-04-19,17:55:00,17.6,17.6,17.56,17.56,300,0
2017-04-19,18:10:00,17.56,17.575,17.53,17.53,3013,0
2017-04-19,18:15:00,17.53,17.53,17.52,17.52,200,0
2017-04-19,18:20:00,17.52,17.52,17.52,17.52,100,0
2017-04-19,18:25:00,17.56,17.56,17.56,17.56,100,0
2017-04-19,18:30:00,17.59,17.59,17.59,17.59,100,0
2017-04-19,18:40:00,17.57,17.57,17.56,17.56,400,0
2017-04-19,18:45:00,17.52,17.52,17.52,17.52,100,0
2017-04-19,18:55:00,17.53,17.53,17.53,17.53,200,0
2017-04-19,19:05:00,17.51,17.53,17.51,17.53,800,0
2017-04-19,19:10:00,17.54,17.54,17.52,17.53,900,0
2017-04-19,19:20:00,17.52,17.54,17.52,17.54,200,0
2017-04-19,19:30:00,17.56,17.56,17.56,17.56,100,0
2017-04-19,19:35:00,17.52,17.52,17.52,17.52,100,0
2017-04-19,19:40:00,17.52,17.52,17.52,17.52,200,0
2017-04-19,19:45:00,17.54,17.54,17.54,17.54,300,0
2017-04-19,19:50:00,17.5225,17.5225,17.5225,17.5225,135,0
2017-04-19,19:55:00,17.5152,17.5152,17.5152,17.5152,115,0
2017-04-19,20:00:00,17.57,17.57,17.52,17.52,600,0
2017-04-19,20:05:00,17.55,17.57,17.54,17.54,700,0
2017-04-19,20:10:00,17.5526,17.5526,17.5526,17.5526,200,0
2017-04-19,20:15:00,17.57,17.57,17.52,17.52,600,0
2017-04-19,20:20:00,17.55,17.55,17.51,17.51,7205,0
2017-04-19,20:25:00,17.54,17.54,17.51,17.51,600,0
2017-04-19,20:30:00,17.51,17.51,17.51,17.51,500,0
2017-04-19,20:40:00,17.53,17.53,17.53,17.53,100,0
2017-04-19,20:45:00,17.52,17.53,17.52,17.53,300,0
2017-04-19,20:50:00,17.52,17.53,17.51,17.51,1700,0
2017-04-19,20:55:00,17.5,17.5,17.46,17.46,1500,0
2017-04-19,21:00:00,17.46,17.4602,17.46,17.4602,210,0
2017-04-19,21:05:00,17.48,17.51,17.47,17.5,1000,0
2017-04-19,21:10:00,17.5,17.5,17.5,17.5,200,0
2017-04-19,21:15:00,17.5,17.54,17.5,17.54,1804,0
2017-04-19,21:20:00,17.53,17.56,17.53,17.56,200,0
2017-04-19,21:25:00,17.56,17.56,17.56,17.56,400,0
2017-04-19,21:30:00,17.53,17.54,17.48,17.49,5324,0
2017-04-19,21:35:00,17.49,17.5,17.48,17.48,1100,0
2017-04-19,21:40:00,17.5,17.56,17.5,17.56,2489,0
2017-04-19,21:45:00,17.54,17.55,17.54,17.55,2593,0
2017-04-19,21:50:00,17.545,17.58,17.54,17.57,3400,0
2017-04-19,21:55:00,17.57,17.58,17.57,17.575,6231,0
2017-04-19,22:00:00,17.57,17.57,17.52,17.52,19067,0
2017-04-20,15:35:00,17.6,17.6,17.6,17.6,500,0
2017-04-20,15:40:00,17.72,17.82,17.72,17.82,900,0
2017-04-20,15:45:00,17.795,17.8,17.74,17.75,1640,0
2017-04-20,15:55:00,17.6758,17.6758,17.6758,17.6758,209,0
2017-04-20,16:00:00,17.67,17.67,17.67,17.67,200,0
2017-04-20,16:05:00,17.63,17.74,17.63,17.74,718,0
2017-04-20,16:10:00,17.76,17.76,17.76,17.76,100,0
2017-04-20,16:15:00,17.73,17.73,17.72,17.73,300,0
2017-04-20,16:20:00,17.69,17.69,17.69,17.69,400,0
2017-04-20,16:25:00,17.725,17.75,17.725,17.73,1300,0
2017-04-20,16:30:00,17.71,17.73,17.69,17.73,300,0
2017-04-20,16:35:00,17.74,17.74,17.74,17.74,100,0
2017-04-20,16:40:00,17.71,17.72,17.69,17.72,600,0
2017-04-20,16:45:00,17.72,17.76,17.72,17.73,400,0
2017-04-20,16:55:00,17.765,17.77,17.765,17.77,300,0
2017-04-20,17:05:00,17.79,17.79,17.79,17.79,100,0
2017-04-20,17:10:00,17.77,17.79,17.77,17.79,1100,0
2017-04-20,17:15:00,17.79,17.79,17.79,17.79,100,0
2017-04-20,17:20:00,17.7913,17.87,17.78,17.87,3000,0
2017-04-20,17:25:00,17.88,17.9,17.88,17.9,200,0
2017-04-20,17:30:00,17.9,17.93,17.9,17.93,200,0
2017-04-20,17:35:00,17.93,17.93,17.93,17.93,600,0
2017-04-20,17:40:00,17.955,17.98,17.94,17.96,900,0
2017-04-20,17:45:00,17.96,17.97,17.95,17.97,1407,0
2017-04-20,17:50:00,17.95,17.95,17.95,17.95,100,0
2017-04-20,17:55:00,17.94,17.95,17.93,17.94,900,0
2017-04-20,18:00:00,17.93,17.93,17.92,17.92,500,0
2017-04-20,18:15:00,17.93,17.97,17.93,17.96,1275,0
2017-04-20,18:20:00,17.89,17.93,17.89,17.93,200,0
2017-04-20,18:25:00,17.93,17.93,17.92,17.92,600,0
2017-04-20,18:30:00,17.91,17.91,17.91,17.91,200,0
2017-04-20,18:40:00,17.92,17.92,17.91,17.91,400,0
2017-04-20,18:45:00,17.93,17.97,17.93,17.96,700,0
2017-04-20,18:50:00,17.94,17.94,17.94,17.94,100,0
2017-04-20,19:00:00,17.98,17.98,17.93,17.93,300,0
2017-04-20,19:05:00,17.95,17.95,17.91,17.91,1564,0
2017-04-20,19:20:00,17.91,17.92,17.9,17.92,600,0
2017-04-20,19:25:00,17.89,17.89,17.89,17.89,100,0
2017-04-20,19:30:00,17.9,17.94,17.9,17.94,700,0
2017-04-20,19:35:00,17.94,17.94,17.91,17.91,200,0
2017-04-20,19:40:00,17.95,17.97,17.93,17.97,1300,0
2017-04-20,19:45:00,17.94,18,17.94,17.985,2800,0
2017-04-20,19:50:00,17.97,17.97,17.97,17.97,400,0
2017-04-20,19:55:00,17.98,17.995,17.98,17.995,500,0
2017-04-20,20:00:00,18,18.005,17.99,17.99,1400,0
2017-04-20,20:05:00,17.99,17.99,17.96,17.97,1000,0
2017-04-20,20:10:00,17.96,17.96,17.91,17.91,1200,0
2017-04-20,20:15:00,17.9,17.92,17.88,17.92,1100,0
2017-04-20,20:20:00,17.92,17.92,17.92,17.92,466,0
2017-04-20,20:25:00,17.9398,17.96,17.93,17.93,1800,0
2017-04-20,20:30:00,17.945,17.96,17.93,17.93,423,0
2017-04-20,20:35:00,17.945,17.96,17.945,17.945,400,0
2017-04-20,20:40:00,17.93,17.93,17.93,17.93,100,0
2017-04-20,20:45:00,17.96,17.96,17.95,17.96,1000,0
2017-04-20,20:50:00,17.94,17.94,17.91,17.93,1701,0
2017-04-20,20:55:00,17.95,17.95,17.94,17.94,600,0
2017-04-20,21:00:00,17.96,17.99,17.945,17.96,1509,0
2017-04-20,21:05:00,17.96,17.97,17.94,17.94,1200,0
2017-04-20,21:10:00,17.97,17.97,17.955,17.96,900,0
2017-04-20,21:15:00,17.98,18,17.975,18,300,0
2017-04-20,21:20:00,17.98,17.98,17.96,17.96,900,0
2017-04-20,21:25:00,17.96,17.97,17.89,17.95,3000,0
2017-04-20,21:30:00,17.91,17.97,17.91,17.97,400,0
2017-04-20,21:35:00,17.98,17.98,17.94,17.94,1400,0
2017-04-20,21:40:00,17.95,17.95,17.92,17.92,900,0
2017-04-20,21:45:00,17.94,17.97,17.93,17.96,1400,0
2017-04-20,21:50:00,17.96,17.98,17.95,17.97,1400,0
2017-04-20,21:55:00,17.97,17.99,17.96,17.98,3195,0
2017-04-20,22:00:00,17.99,18,17.96,17.98,22160,0
2017-04-21,15:35:00,17.96,17.97,17.853,17.853,4774,0
2017-04-21,15:50:00,18.025,18.025,17.8641,17.98,1125,0
2017-04-21,15:55:00,17.97,17.97,17.96,17.96,800,0
2017-04-21,16:00:00,17.86,17.89,17.86,17.89,200,0
2017-04-21,16:05:00,17.89,17.89,17.88,17.88,200,0
2017-04-21,16:10:00,17.9,17.9,17.8,17.8799,1514,0
2017-04-21,16:20:00,17.88,17.88,17.85,17.88,400,0
2017-04-21,16:25:00,17.9,17.92,17.9,17.92,400,0
2017-04-21,16:30:00,17.8901,17.94,17.83,17.85,1490,0
2017-04-21,16:35:00,17.85,17.85,17.82,17.82,500,0
2017-04-21,16:40:00,17.84,17.84,17.84,17.84,100,0
2017-04-21,16:45:00,17.84,17.89,17.84,17.89,400,0
2017-04-21,16:50:00,17.875,17.875,17.85,17.85,400,0
2017-04-21,16:55:00,17.84,17.87,17.82,17.84,500,0
2017-04-21,17:00:00,17.81,17.83,17.81,17.83,300,0
2017-04-21,17:10:00,17.83,17.83,17.83,17.83,100,0
2017-04-21,17:15:00,17.79,17.79,17.77,17.77,700,0
2017-04-21,17:20:00,17.78,17.78,17.74,17.74,5776,0
2017-04-21,17:35:00,17.77,17.8,17.77,17.8,400,0
2017-04-21,17:45:00,17.86,17.86,17.85,17.85,200,0
2017-04-21,17:50:00,17.81,17.81,17.81,17.81,100,0
2017-04-21,17:55:00,17.84,17.84,17.84,17.84,200,0
2017-04-21,18:05:00,17.87,17.89,17.84,17.84,1300,0
2017-04-21,18:10:00,17.84,17.84,17.84,17.84,200,0
2017-04-21,18:15:00,17.83,17.83,17.82,17.82,400,0
2017-04-21,18:55:00,17.82,17.8668,17.82,17.8668,800,0
2017-04-21,19:15:00,17.85,17.85,17.81,17.81,1500,0
2017-04-21,19:20:00,17.81,17.81,17.81,17.81,100,0
2017-04-21,19:25:00,17.81,17.83,17.78,17.78,1300,0
2017-04-21,19:30:00,17.78,17.8,17.78,17.8,300,0
2017-04-21,19:35:00,17.815,17.84,17.815,17.84,200,0
2017-04-21,19:40:00,17.81,17.81,17.76,17.78,1500,0
2017-04-21,19:45:00,17.77,17.77,17.77,17.77,600,0
2017-04-21,19:55:00,17.8,17.8,17.8,17.8,100,0
2017-04-21,20:00:00,17.8,17.83,17.8,17.83,1800,0
2017-04-21,20:05:00,17.82,17.82,17.82,17.82,200,0
2017-04-21,20:10:00,17.84,17.84,17.83,17.83,608,0
2017-04-21,20:15:00,17.84,17.84,17.84,17.84,100,0
2017-04-21,20:20:00,17.85,17.87,17.85,17.87,400,0
2017-04-21,20:25:00,17.85,17.89,17.85,17.89,500,0
2017-04-21,20:30:00,17.89,17.89,17.89,17.89,100,0
2017-04-21,20:35:00,17.9256,17.94,17.9256,17.94,232,0
2017-04-21,20:40:00,17.91,17.91,17.84,17.84,1770,0
2017-04-21,20:45:00,17.87,17.87,17.87,17.87,100,0
2017-04-21,21:00:00,17.87,17.89,17.86,17.86,1300,0
2017-04-21,21:05:00,17.86,17.86,17.85,17.85,200,0
2017-04-21,21:10:00,17.84,17.84,17.82,17.825,900,0
2017-04-21,21:15:00,17.82,17.83,17.81,17.83,400,0
2017-04-21,21:20:00,17.82,17.82,17.82,17.82,100,0
2017-04-21,21:25:00,17.835,17.835,17.835,17.835,100,0
2017-04-21,21:35:00,17.83,17.85,17.83,17.85,600,0
2017-04-21,21:40:00,17.85,17.86,17.84,17.86,300,0
2017-04-21,21:45:00,17.85,17.89,17.84,17.89,2900,0
2017-04-21,21:50:00,17.88,17.92,17.88,17.91,1650,0
2017-04-21,21:55:00,17.9,17.91,17.89,17.9,5203,0
2017-04-21,22:00:00,17.9,17.9,17.88,17.88,19621,0
2017-04-24,15:35:00,18.14,18.14,18.14,18.14,827,0
2017-04-24,15:40:00,18.24,18.24,18.14,18.14,600,0
2017-04-24,15:50:00,18.35,18.35,18.16,18.16,4134,0
2017-04-24,15:55:00,18.38,18.38,18.2874,18.2874,269,0
2017-04-24,16:00:00,18.29,18.29,18.29,18.29,100,0
2017-04-24,16:05:00,18.28,18.34,18.28,18.34,300,0
2017-04-24,16:15:00,18.34,18.34,18.325,18.325,300,0
2017-04-24,16:20:00,18.35,18.35,18.35,18.35,200,0
2017-04-24,16:25:00,18.35,18.41,18.33,18.41,1000,0
2017-04-24,16:30:00,18.38,18.39,18.35,18.36,1132,0
2017-04-24,16:35:00,18.41,18.42,18.41,18.41,1098,0
2017-04-24,16:40:00,18.37,18.38,18.34,18.37,1007,0
2017-04-24,16:45:00,18.44,18.44,18.44,18.44,100,0
2017-04-24,16:50:00,18.4,18.45,18.4,18.45,400,0
2017-04-24,16:55:00,18.46,18.46,18.4351,18.4351,400,0
2017-04-24,17:00:00,18.46,18.46,18.46,18.46,100,0
2017-04-24,17:05:00,18.46,18.47,18.44,18.44,1290,0
2017-04-24,17:10:00,18.42,18.42,18.36,18.41,1400,0
2017-04-24,17:15:00,18.41,18.41,18.38,18.39,400,0
2017-04-24,17:20:00,18.39,18.39,18.35,18.35,900,0
2017-04-24,17:25:00,18.38,18.38,18.35,18.35,2400,0
2017-04-24,17:30:00,18.37,18.42,18.34,18.35,8800,0
2017-04-24,17:35:00,18.34,18.34,18.25,18.25,2300,0
2017-04-24,17:40:00,18.23,18.32,18.22,18.29,3300,0
2017-04-24,17:45:00,18.29,18.3,18.25,18.26,1481,0
2017-04-24,17:50:00,18.268,18.268,18.21,18.21,900,0
2017-04-24,17:55:00,18.24,18.255,18.19,18.25,1600,0
2017-04-24,18:00:00,18.25,18.31,18.23,18.295,2700,0
2017-04-24,18:05:00,18.295,18.32,18.28,18.31,1000,0
2017-04-24,18:10:00,18.3,18.31,18.28,18.28,700,0
2017-04-24,18:15:00,18.3,18.34,18.29,18.34,4500,0
2017-04-24,18:20:00,18.32,18.32,18.28,18.28,500,0
2017-04-24,18:25:00,18.3,18.305,18.28,18.28,400,0
2017-04-24,18:30:00,18.26,18.26,18.26,18.26,400,0
2017-04-24,18:35:00,18.27,18.27,18.21,18.25,1200,0
2017-04-24,18:40:00,18.27,18.315,18.27,18.29,2545,0
2017-04-24,18:45:00,18.29,18.34,18.29,18.3,1021,0
2017-04-24,18:50:00,18.3,18.3,18.28,18.3,1200,0
2017-04-24,18:55:00,18.32,18.365,18.32,18.365,9200,0
2017-04-24,19:00:00,18.37,18.38,18.35,18.38,2340,0
2017-04-24,19:05:00,18.38,18.38,18.34,18.36,16691,0
2017-04-24,19:10:00,18.36,18.36,18.33,18.35,1300,0
2017-04-24,19:15:00,18.35,18.37,18.35,18.37,5488,0
2017-04-24,19:20:00,18.36,18.365,18.35,18.36,4900,0
2017-04-24,19:25:00,18.35,18.4,18.335,18.365,7213,0
2017-04-24,19:30:00,18.37,18.37,18.33,18.33,700,0
2017-04-24,19:35:00,18.33,18.35,18.325,18.35,1106,0
2017-04-24,19:40:00,18.35,18.35,18.34,18.35,400,0
2017-04-24,19:45:00,18.36,18.36,18.34,18.34,500,0
2017-04-24,19:50:00,18.33,18.33,18.28,18.29,600,0
2017-04-24,19:55:00,18.28,18.285,18.27,18.27,500,0
2017-04-24,20:00:00,18.27,18.3,18.27,18.285,1321,0
2017-04-24,20:05:00,18.29,18.31,18.28,18.29,900,0
2017-04-24,20:10:00,18.29,18.31,18.29,18.31,400,0
2017-04-24,20:15:00,18.31,18.32,18.31,18.31,1100,0
2017-04-24,20:20:00,18.31,18.33,18.3,18.301,1891,0
2017-04-24,20:25:00,18.3,18.32,18.3,18.3,700,0
2017-04-24,20:30:00,18.29,18.33,18.29,18.31,2700,0
2017-04-24,20:35:00,18.33,18.35,18.33,18.35,875,0
2017-04-24,20:40:00,18.35,18.37,18.35,18.365,1600,0
2017-04-24,20:45:00,18.36,18.38,18.36,18.37,4900,0
2017-04-24,20:50:00,18.37,18.375,18.36,18.37,6913,0
2017-04-24,20:55:00,18.36,18.37,18.35,18.35,2849,0
2017-04-24,21:00:00,18.36,18.38,18.35,18.37,2600,0
2017-04-24,21:05:00,18.38,18.43,18.38,18.43,6186,0
2017-04-24,21:10:00,18.43,18.47,18.41,18.4108,4107,0
2017-04-24,21:15:00,18.425,18.43,18.425,18.43,200,0
2017-04-24,21:20:00,18.4325,18.4325,18.425,18.425,700,0
2017-04-24,21:25:00,18.42,18.43,18.41,18.42,3504,0
2017-04-24,21:30:00,18.43,18.43,18.42,18.43,1400,0
2017-04-24,21:35:00,18.43,18.435,18.41,18.43,3831,0
2017-04-24,21:40:00,18.44,18.46,18.435,18.45,2400,0
2017-04-24,21:45:00,18.45,18.46,18.445,18.455,1500,0
2017-04-24,21:50:00,18.46,18.46,18.41,18.41,4686,0
2017-04-24,21:55:00,18.41,18.41,18.38,18.38,6105,0
2017-04-24,22:00:00,18.38,18.4,18.35,18.39,21474,0
2017-04-25,15:35:00,18.61,18.61,18.38,18.495,1005,0
2017-04-25,15:40:00,18.49,18.62,18.45,18.52,800,0
2017-04-25,15:45:00,18.62,18.67,18.59,18.66,2200,0
2017-04-25,15:50:00,18.7,18.75,18.7,18.73,1851,0
2017-04-25,15:55:00,18.72,18.72,18.68,18.68,300,0
2017-04-25,16:00:00,18.69,18.69,18.63,18.63,1100,0
2017-04-25,16:05:00,18.7,18.81,18.67,18.8,3270,0
2017-04-25,16:10:00,18.82,18.85,18.79,18.82,1800,0
2017-04-25,16:15:00,18.81,18.81,18.77,18.77,400,0
2017-04-25,16:20:00,18.7188,18.7188,18.67,18.67,331,0
2017-04-25,16:25:00,18.65,18.71,18.63,18.71,1100,0
2017-04-25,16:30:00,18.73,18.79,18.73,18.78,2000,0
2017-04-25,16:35:00,18.79,18.79,18.74,18.74,800,0
2017-04-25,16:40:00,18.77,18.79,18.74,18.78,1600,0
2017-04-25,16:45:00,18.78,18.8,18.77,18.77,906,0
2017-04-25,16:50:00,18.77,18.79,18.72,18.73,600,0
2017-04-25,16:55:00,18.73,18.75,18.73,18.73,800,0
2017-04-25,17:00:00,18.745,18.815,18.745,18.815,48300,0
2017-04-25,17:05:00,18.79,18.79,18.78,18.79,1700,0
2017-04-25,17:10:00,18.77,18.82,18.77,18.82,1700,0
2017-04-25,17:15:00,18.86,18.87,18.83,18.83,1101,0
2017-04-25,17:20:00,18.84,18.86,18.83,18.85,2200,0
2017-04-25,17:25:00,18.84,18.84,18.81,18.82,2400,0
2017-04-25,17:30:00,18.8,18.8,18.76,18.76,1100,0
2017-04-25,17:35:00,18.76,18.76,18.72,18.72,1000,0
2017-04-25,17:40:00,18.72,18.72,18.71,18.71,200,0
2017-04-25,17:45:00,18.67,18.67,18.59,18.59,400,0
2017-04-25,17:50:00,18.6,18.68,18.6,18.68,1367,0
2017-04-25,18:00:00,18.71,18.71,18.69,18.69,700,0
2017-04-25,18:05:00,18.7,18.7,18.68,18.7,701,0
2017-04-25,18:10:00,18.71,18.79,18.71,18.79,2100,0
2017-04-25,18:15:00,18.78,18.8,18.777,18.8,4000,0
2017-04-25,18:20:00,18.79,18.82,18.79,18.82,2425,0
2017-04-25,18:25:00,18.825,18.83,18.81,18.82,4900,0
2017-04-25,18:30:00,18.83,18.84,18.825,18.84,4000,0
2017-04-25,18:35:00,18.84,18.85,18.83,18.83,1759,0
2017-04-25,18:40:00,18.7925,18.7925,18.79,18.79,509,0
2017-04-25,18:45:00,18.8,18.83,18.8,18.83,1969,0
2017-04-25,18:50:00,18.84,18.86,18.84,18.85,10400,0
2017-04-25,18:55:00,18.85,18.865,18.85,18.865,2100,0
2017-04-25,19:00:00,18.865,18.865,18.85,18.85,1394,0
2017-04-25,19:05:00,18.8505,18.86,18.85,18.85,1800,0
2017-04-25,19:10:00,18.85,18.86,18.84,18.85,4100,0
2017-04-25,19:15:00,18.85,18.9,18.85,18.89,9200,0
2017-04-25,19:20:00,18.87,18.87,18.85,18.85,500,0
2017-04-25,19:25:00,18.85,18.85,18.84,18.84,2200,0
2017-04-25,19:30:00,18.83,18.83,18.78,18.78,700,0
2017-04-25,19:35:00,18.78,18.78,18.77,18.77,200,0
2017-04-25,19:40:00,18.77,18.77,18.72,18.72,801,0
2017-04-25,19:45:00,18.77,18.8,18.75,18.8,11264,0
2017-04-25,19:50:00,18.8,18.8,18.8,18.8,400,0
2017-04-25,19:55:00,18.8,18.8,18.8,18.8,500,0
2017-04-25,20:00:00,18.8,18.82,18.79,18.82,7800,0
2017-04-25,20:05:00,18.81,18.83,18.81,18.83,1200,0
2017-04-25,20:10:00,18.84,18.85,18.84,18.85,2212,0
2017-04-25,20:15:00,18.85,18.85,18.85,18.85,200,0
2017-04-25,20:20:00,18.83,18.85,18.83,18.85,6280,0
2017-04-25,20:25:00,18.85,18.85,18.83,18.83,900,0
2017-04-25,20:30:00,18.84,18.84,18.83,18.83,600,0
2017-04-25,20:35:00,18.84,18.85,18.84,18.85,1400,0
2017-04-25,20:40:00,18.86,18.87,18.86,18.87,800,0
2017-04-25,20:45:00,18.87,18.88,18.865,18.88,1689,0
2017-04-25,20:50:00,18.88,18.88,18.88,18.88,200,0
2017-04-25,20:55:00,18.89,18.89,18.875,18.875,1000,0
2017-04-25,21:00:00,18.87,18.88,18.85,18.85,1900,0
2017-04-25,21:05:00,18.85,18.86,18.85,18.85,400,0
2017-04-25,21:10:00,18.86,18.86,18.81,18.83,2135,0
2017-04-25,21:15:00,18.81,18.83,18.81,18.83,300,0
2017-04-25,21:20:00,18.81,18.81,18.76,18.76,1853,0
2017-04-25,21:25:00,18.78,18.78,18.74,18.74,1100,0
2017-04-25,21:30:00,18.74,18.75,18.73,18.73,2400,0
2017-04-25,21:35:00,18.73,18.76,18.71,18.76,3388,0
2017-04-25,21:40:00,18.76,18.79,18.76,18.79,1295,0
2017-04-25,21:45:00,18.79,18.79,18.77,18.79,2300,0
2017-04-25,21:50:00,18.79,18.79,18.78,18.785,3180,0
2017-04-25,21:55:00,18.785,18.79,18.77,18.77,9401,0
2017-04-25,22:00:00,18.78,18.81,18.77,18.8,32637,0
2017-04-26,15:35:00,18.75,18.75,18.71,18.71,609,0
2017-04-26,15:40:00,18.88,18.88,18.88,18.88,100,0
2017-04-26,15:45:00,18.85,18.89,18.84,18.85,2300,0
2017-04-26,15:50:00,18.9,18.95,18.8818,18.89,962,0
2017-04-26,15:55:00,18.94,18.96,18.93,18.95,1100,0
2017-04-26,16:00:00,18.94,18.94,18.895,18.895,200,0
2017-04-26,16:05:00,18.9106,18.9106,18.89,18.895,800,0
2017-04-26,16:10:00,18.94,18.94,18.89,18.89,700,0
2017-04-26,16:15:00,18.935,18.97,18.92,18.92,900,0
2017-04-26,16:20:00,18.94,18.94,18.94,18.94,1400,0
2017-04-26,16:25:00,18.95,18.99,18.95,18.99,600,0
2017-04-26,16:30:00,19,19.08,19,19.08,1600,0
2017-04-26,16:35:00,19.05,19.0799,19.04,19.06,1590,0
2017-04-26,16:40:00,19.04,19.04,19.01,19.01,2840,0
2017-04-26,16:45:00,19.02,19.02,18.99,18.99,300,0
2017-04-26,16:50:00,19.02,19.09,19.02,19.08,5300,0
2017-04-26,16:55:00,19.12,19.12,19.0901,19.0908,4671,0
2017-04-26,17:00:00,19.06,19.09,19.06,19.09,2178,0
2017-04-26,17:10:00,19.11,19.115,19.09,19.09,900,0
2017-04-26,17:15:00,19.06,19.06,19.06,19.06,100,0
2017-04-26,17:20:00,19.06,19.06,18.96,18.98,3499,0
2017-04-26,17:25:00,18.978,19.08,18.96,19.05,11404,0
2017-04-26,17:30:00,19.06,19.1,19.03,19.03,2630,0
2017-04-26,17:35:00,19.07,19.1,19.01,19.1,4200,0
2017-04-26,17:40:00,19.0926,19.0975,19.03,19.0975,3321,0
2017-04-26,17:45:00,19.09,19.11,19.07,19.07,51600,0
2017-04-26,17:50:00,19.09,19.18,19.09,19.15,17662,0
2017-04-26,17:55:00,19.12,19.18,19.12,19.1375,2000,0
2017-04-26,18:00:00,19.11,19.14,19.1,19.125,7987,0
2017-04-26,18:05:00,19.13,19.13,19.09,19.12,900,0
2017-04-26,18:10:00,19.13,19.14,19.13,19.14,500,0
2017-04-26,18:15:00,19.165,19.21,19.165,19.21,700,0
2017-04-26,18:20:00,19.24,19.24,19.24,19.24,100,0
2017-04-26,18:25:00,19.21,19.24,19.2,19.24,400,0
2017-04-26,18:35:00,19.24,19.24,19.21,19.21,200,0
2017-04-26,18:45:00,19.24,19.27,19.225,19.27,1700,0
2017-04-26,18:50:00,19.25,19.29,19.235,19.235,3951,0
2017-04-26,18:55:00,19.22,19.25,19.22,19.24,1206,0
2017-04-26,19:00:00,19.28,19.28,19.23,19.2625,700,0
2017-04-26,19:10:00,19.24,19.24,19.18,19.2125,9287,0
2017-04-26,19:15:00,19.22,19.22,19.215,19.22,700,0
2017-04-26,19:20:00,19.22,19.22,19.19,19.19,2513,0
2017-04-26,19:30:00,19.17,19.17,19.17,19.17,300,0
2017-04-26,19:35:00,19.15,19.17,19.15,19.15,700,0
2017-04-26,19:40:00,19.13,19.14,19.11,19.14,800,0
2017-04-26,19:45:00,19.13,19.13,19.1,19.1,600,0
2017-04-26,19:50:00,19.15,19.15,19.1225,19.13,600,0
2017-04-26,19:55:00,19.15,19.16,19.15,19.16,400,0
2017-04-26,20:00:00,19.14,19.14,19.14,19.14,100,0
2017-04-26,20:05:00,19.09,19.13,19.07,19.07,2465,0
2017-04-26,20:10:00,19.1,19.16,19.1,19.16,4200,0
2017-04-26,20:15:00,19.19,19.19,19.1628,19.1628,300,0
2017-04-26,20:20:00,19.18,19.18,19.16,19.1754,1128,0
2017-04-26,20:25:00,19.185,19.185,19.17,19.17,400,0
2017-04-26,20:30:00,19.185,19.2,19.185,19.2,1000,0
2017-04-26,20:35:00,19.2,19.2311,19.185,19.2311,1013,0
2017-04-26,20:40:00,19.21,19.21,19.205,19.205,400,0
2017-04-26,20:45:00,19.19,19.22,19.19,19.22,300,0
2017-04-26,20:50:00,19.21,19.23,19.2,19.23,400,0
2017-04-26,20:55:00,19.23,19.23,19.14,19.15,8896,0
2017-04-26,21:00:00,19.14,19.14,19.13,19.13,400,0
2017-04-26,21:05:00,19.13,19.15,19.13,19.15,1300,0
2017-04-26,21:10:00,19.15,19.15,19.145,19.15,1100,0
2017-04-26,21:15:00,19.15,19.19,19.15,19.17,4611,0
2017-04-26,21:20:00,19.17,19.17,19.1,19.1,2600,0
2017-04-26,21:25:00,19.1,19.1,19.08,19.08,600,0
2017-04-26,21:30:00,19.09,19.1,19.08,19.09,1100,0
2017-04-26,21:35:00,19.09,19.14,19.03,19.03,8343,0
2017-04-26,21:40:00,19.02,19.07,19.01,19.01,1300,0
2017-04-26,21:45:00,19.01,19.07,19,19.05,2400,0
2017-04-26,21:50:00,19.05,19.05,18.94,18.94,3707,0
2017-04-26,21:55:00,18.99,18.99,18.9,18.92,12218,0
2017-04-26,22:00:00,18.9,18.92,18.84,18.87,39168,0
