Date,Time,Open,High,Low,Close,Volume,OpenInt
2017-04-10,15:35:00,47.85,48,47.75,47.875,6807,0
2017-04-10,15:40:00,47.85,47.95,47.8,47.925,7517,0
2017-04-10,15:45:00,47.925,48.25,47.8,47.85,16300,0
2017-04-10,15:50:00,47.85,47.95,47.8,47.825,4324,0
2017-04-10,15:55:00,47.89,48,47.8,48,4100,0
2017-04-10,16:00:00,48,48,47.875,47.95,2527,0
2017-04-10,16:05:00,48,48,47.9,47.9,7400,0
2017-04-10,16:10:00,48,48.1,48,48.05,5058,0
2017-04-10,16:15:00,48.05,48.05,47.95,48.05,1800,0
2017-04-10,16:20:00,48.025,48.1,48.025,48.1,3300,0
2017-04-10,16:25:00,48.05,48.15,48.025,48.15,2858,0
2017-04-10,16:30:00,48.15,48.15,48.05,48.05,3800,0
2017-04-10,16:35:00,48.1,48.15,48.025,48.025,3100,0
2017-04-10,16:40:00,48.025,48.05,47.95,48.0437,2900,0
2017-04-10,16:45:00,48,48,47.85,48,4063,0
2017-04-10,16:50:00,47.95,47.95,47.9,47.9,1400,0
2017-04-10,16:55:00,47.9,47.9,47.75,47.85,2993,0
2017-04-10,17:00:00,47.8,47.85,47.8,47.8,3100,0
2017-04-10,17:05:00,47.75,47.85,47.75,47.8,2439,0
2017-04-10,17:10:00,47.8,47.8,47.7,47.75,4900,0
2017-04-10,17:15:00,47.8,47.95,47.8,47.9,1600,0
2017-04-10,17:20:00,47.95,48,47.9,47.9,1300,0
2017-04-10,17:25:00,47.95,48.05,47.95,48.025,2000,0
2017-04-10,17:30:00,48,48,47.95,48,1682,0
2017-04-10,17:35:00,48,48,47.85,47.85,3684,0
2017-04-10,17:40:00,47.85,47.9,47.85,47.85,500,0
2017-04-10,17:45:00,47.85,47.9,47.775,47.9,4244,0
2017-04-10,17:50:00,47.85,47.95,47.85,47.95,800,0
2017-04-10,17:55:00,47.95,47.95,47.875,47.925,2200,0
2017-04-10,18:00:00,47.9,48,47.9,47.975,2218,0
2017-04-10,18:05:00,48,48.025,47.85,47.925,9480,0
2017-04-10,18:10:00,47.95,47.95,47.7,47.85,8500,0
2017-04-10,18:15:00,47.9,47.9,47.8,47.85,1600,0
2017-04-10,18:20:00,47.7,47.825,47.7,47.8,2900,0
2017-04-10,18:25:00,47.8,47.85,47.8,47.85,1000,0
2017-04-10,18:30:00,47.71,47.8,47.71,47.79,2370,0
2017-04-10,18:35:00,47.75,47.775,47.7,47.75,4501,0
2017-04-10,18:40:00,47.75,47.8,47.725,47.8,2100,0
2017-04-10,18:45:00,47.8,47.9,47.75,47.775,1900,0
2017-04-10,18:50:00,47.8,47.85,47.775,47.85,1056,0
2017-04-10,18:55:00,47.9,47.95,47.85,47.95,1500,0
2017-04-10,19:00:00,47.925,47.95,47.9,47.95,800,0
2017-04-10,19:05:00,47.95,48,47.95,48,1500,0
2017-04-10,19:10:00,47.975,48.05,47.95,47.95,6104,0
2017-04-10,19:15:00,47.95,48,47.925,48,1100,0
2017-04-10,19:20:00,47.975,48,47.95,48,2290,0
2017-04-10,19:25:00,48,48,48,48,3901,0
2017-04-10,19:30:00,48,48,47.95,48,2448,0
2017-04-10,19:35:00,48,48.1,47.99,48.05,3156,0
2017-04-10,19:40:00,48.1,48.1,48.05,48.05,1796,0
2017-04-10,19:45:00,48,48.15,48,48.125,2490,0
2017-04-10,19:50:00,48.1,48.125,48.1,48.1223,1300,0
2017-04-10,19:55:00,48.1,48.125,48.075,48.075,4000,0
2017-04-10,20:00:00,48.075,48.1,48.075,48.075,1949,0
2017-04-10,20:05:00,48.1,48.1,47.95,48,5599,0
2017-04-10,20:10:00,47.95,48.05,47.95,48,5400,0
2017-04-10,20:15:00,48.05,48.125,48,48.125,2800,0
2017-04-10,20:20:00,48.125,48.15,48.1,48.125,2750,0
2017-04-10,20:25:00,48.1,48.275,48.1,48.275,3353,0
2017-04-10,20:30:00,48.3,48.3,48.2,48.225,9605,0
2017-04-10,20:35:00,48.2,48.325,48.2,48.325,6109,0
2017-04-10,20:40:00,48.3,48.35,48.275,48.275,2594,0
2017-04-10,20:45:00,48.25,48.375,48.25,48.375,5200,0
2017-04-10,20:50:00,48.4,48.475,48.3,48.375,17000,0
2017-04-10,20:55:00,48.35,48.4,48.325,48.35,5679,0
2017-04-10,21:00:00,48.375,48.4,48.3,48.325,3659,0
2017-04-10,21:05:00,48.325,48.35,48.3,48.35,3075,0
2017-04-10,21:10:00,48.325,48.375,48.275,48.275,7500,0
2017-04-10,21:15:00,48.3,48.3,48.2,48.2,4400,0
2017-04-10,21:20:00,48.2,48.25,48.2,48.2,5400,0
2017-04-10,21:25:00,48.175,48.175,48.1,48.1,3519,0
2017-04-10,21:30:00,48.15,48.15,48.025,48.125,6696,0
2017-04-10,21:35:00,48.1,48.125,48.025,48.1,6830,0
2017-04-10,21:40:00,48.075,48.15,48.075,48.125,6374,0
2017-04-10,21:45:00,48.15,48.2,48.15,48.2,7493,0
2017-04-10,21:50:00,48.175,48.2,48.1,48.1,16964,0
2017-04-10,21:55:00,48.1,48.2,48.1,48.15,16425,0
2017-04-10,22:00:00,48.175,48.25,48.05,48.2,85357,0
2017-04-11,15:35:00,48,48.25,47.65,48,11458,0
2017-04-11,15:40:00,47.95,47.95,47.675,47.75,5600,0
2017-04-11,15:45:00,47.8,47.8,47.6,47.65,11364,0
2017-04-11,15:50:00,47.55,47.6,47.5,47.55,2900,0
2017-04-11,15:55:00,47.474,47.55,47.45,47.55,2288,0
2017-04-11,16:00:00,47.5,47.775,47.45,47.75,3400,0
2017-04-11,16:05:00,47.8,47.95,47.75,47.95,3295,0
2017-04-11,16:10:00,47.85,47.875,47.7,47.8,2400,0
2017-04-11,16:15:00,47.75,47.8,47.6,47.7,2714,0
2017-04-11,16:20:00,47.65,47.7,47.65,47.7,2589,0
2017-04-11,16:25:00,47.675,47.7,47.525,47.65,14087,0
2017-04-11,16:30:00,47.65,47.7,47.65,47.7,1400,0
2017-04-11,16:35:00,47.7,47.7,47.5,47.55,5100,0
2017-04-11,16:40:00,47.55,47.7,47.45,47.7,5400,0
2017-04-11,16:45:00,47.7,47.7,47.45,47.55,8294,0
2017-04-11,16:50:00,47.55,47.675,47.55,47.6,3423,0
2017-04-11,16:55:00,47.55,47.6,47.5,47.55,2599,0
2017-04-11,17:00:00,47.35,47.55,47.35,47.5,2700,0
2017-04-11,17:05:00,47.55,47.6,47.475,47.55,5699,0
2017-04-11,17:10:00,47.575,47.625,47.55,47.6,2433,0
2017-04-11,17:15:00,47.6,47.65,47.575,47.65,7098,0
2017-04-11,17:20:00,47.65,47.8,47.65,47.7,5700,0
2017-04-11,17:25:00,47.7,47.775,47.7,47.75,1336,0
2017-04-11,17:30:00,47.7,47.725,47.7,47.7,1800,0
2017-04-11,17:35:00,47.65,47.85,47.65,47.775,3296,0
2017-04-11,17:40:00,47.775,47.95,47.775,47.9,3400,0
2017-04-11,17:45:00,47.9,47.95,47.875,47.925,1000,0
2017-04-11,17:50:00,47.85,47.99,47.85,47.95,1350,0
2017-04-11,17:55:00,47.95,47.95,47.85,47.85,3137,0
2017-04-11,18:00:00,47.9,47.95,47.85,47.95,4200,0
2017-04-11,18:05:00,47.8,47.825,47.575,47.65,7200,0
2017-04-11,18:10:00,47.6729,47.7,47.625,47.625,2713,0
2017-04-11,18:15:00,47.64,47.75,47.625,47.7,1550,0
2017-04-11,18:20:00,47.725,47.8,47.725,47.8,600,0
2017-04-11,18:25:00,47.85,47.9,47.8,47.8,4100,0
2017-04-11,18:30:00,47.8,47.95,47.75,47.9,1728,0
2017-04-11,18:35:00,47.975,48,47.925,47.925,2697,0
2017-04-11,18:40:00,47.925,48,47.925,48,1204,0
2017-04-11,18:45:00,48.05,48.05,47.9,47.925,8216,0
2017-04-11,18:50:00,47.925,48.05,47.925,48.025,6563,0
2017-04-11,18:55:00,48.05,48.225,48.05,48.2,7360,0
2017-04-11,19:00:00,48.2245,48.25,48.2,48.225,5048,0
2017-04-11,19:05:00,48.2245,48.3,48.175,48.175,7922,0
2017-04-11,19:10:00,48.25,48.35,48.25,48.25,8100,0
2017-04-11,19:15:00,48.3,48.3,48.2,48.2747,4305,0
2017-04-11,19:20:00,48.275,48.275,48.1,48.15,2092,0
2017-04-11,19:25:00,48.05,48.125,48,48.05,4527,0
2017-04-11,19:30:00,48,48.025,47.95,47.95,5100,0
2017-04-11,19:35:00,47.95,48,47.925,47.95,3600,0
2017-04-11,19:40:00,47.95,48.05,47.95,48,2600,0
2017-04-11,19:45:00,48,48,47.85,47.85,2370,0
2017-04-11,19:50:00,47.89,47.95,47.8,47.85,3100,0
2017-04-11,19:55:00,47.875,47.95,47.8,47.875,12200,0
2017-04-11,20:00:00,47.9,47.9,47.85,47.875,2695,0
2017-04-11,20:05:00,47.95,47.975,47.875,47.925,5000,0
2017-04-11,20:10:00,47.975,48.1,47.975,48.05,3000,0
2017-04-11,20:15:00,48.1,48.15,48.05,48.1,3436,0
2017-04-11,20:20:00,48.125,48.2,48.1,48.175,11405,0
2017-04-11,20:25:00,48.15,48.3,48.15,48.25,8503,0
2017-04-11,20:30:00,48.2,48.35,48.2,48.3,15823,0
2017-04-11,20:35:00,48.3,48.325,48.25,48.325,1085,0
2017-04-11,20:40:00,48.35,48.4,48.35,48.375,3971,0
2017-04-11,20:45:00,48.25,48.3,48.25,48.275,1400,0
2017-04-11,20:50:00,48.275,48.375,48.275,48.35,2800,0
2017-04-11,20:55:00,48.375,48.4,48.375,48.4,800,0
2017-04-11,21:00:00,48.45,48.45,48.425,48.45,3699,0
2017-04-11,21:05:00,48.45,48.45,48.35,48.375,2200,0
2017-04-11,21:10:00,48.375,48.375,48.2,48.25,3637,0
2017-04-11,21:15:00,48.325,48.325,48.2,48.2,3376,0
2017-04-11,21:20:00,48.175,48.2,48.1,48.175,3640,0
2017-04-11,21:25:00,48.2,48.3,48.2,48.25,4200,0
2017-04-11,21:30:00,48.25,48.3,48.25,48.275,4194,0
2017-04-11,21:35:00,48.25,48.25,48.15,48.225,9062,0
2017-04-11,21:40:00,48.2,48.275,48.15,48.15,5924,0
2017-04-11,21:45:00,48.175,48.225,48.15,48.15,8847,0
2017-04-11,21:50:00,48.15,48.2,48.125,48.15,7621,0
2017-04-11,21:55:00,48.15,48.3,48.15,48.275,18189,0
2017-04-11,22:00:00,48.3,48.35,48.125,48.3,35977,0
2017-04-12,15:35:00,48.1,48.1,47.55,47.9,9466,0
2017-04-12,15:40:00,47.975,48.05,47.975,48,4115,0
2017-04-12,15:45:00,48,48.15,47.95,48.15,3305,0
2017-04-12,15:50:00,47.95,48,47.825,47.875,1600,0
2017-04-12,15:55:00,47.8317,48.05,47.75,47.95,3500,0
2017-04-12,16:00:00,47.9,47.975,47.8,47.95,4217,0
2017-04-12,16:05:00,48,48.05,47.85,47.9,3853,0
2017-04-12,16:10:00,47.95,47.95,47.9,47.95,1100,0
2017-04-12,16:15:00,47.95,47.95,47.7,47.775,4339,0
2017-04-12,16:20:00,47.8,48,47.8,48,4700,0
2017-04-12,16:25:00,47.95,48,47.95,47.975,5200,0
2017-04-12,16:30:00,48,48,47.95,47.975,3947,0
2017-04-12,16:35:00,48,48.125,48,48.05,3556,0
2017-04-12,16:40:00,48.05,48.05,48,48.05,3545,0
2017-04-12,16:45:00,48,48.05,47.95,48,5000,0
2017-04-12,16:50:00,47.95,48,47.85,47.85,10130,0
2017-04-12,16:55:00,47.9,47.9,47.65,47.65,7771,0
2017-04-12,17:00:00,47.65,47.75,47.65,47.7,6498,0
2017-04-12,17:05:00,47.7,47.75,47.675,47.675,7700,0
2017-04-12,17:10:00,47.7,47.8,47.7,47.75,3600,0
2017-04-12,17:15:00,47.75,47.75,47.65,47.675,6450,0
2017-04-12,17:20:00,47.675,47.7,47.675,47.7,4099,0
2017-04-12,17:25:00,47.75,47.8,47.7,47.7,7900,0
2017-04-12,17:30:00,47.7,47.75,47.65,47.7,5501,0
2017-04-12,17:35:00,47.75,47.8,47.75,47.775,2900,0
2017-04-12,17:40:00,47.75,47.775,47.675,47.75,10600,0
2017-04-12,17:45:00,47.75,47.75,47.65,47.65,3289,0
2017-04-12,17:50:00,47.65,47.65,47.5425,47.6,12117,0
2017-04-12,17:55:00,47.55,47.5753,47.525,47.525,5403,0
2017-04-12,18:00:00,47.525,47.605,47.45,47.605,10640,0
2017-04-12,18:05:00,47.6,47.6,47.55,47.575,5626,0
2017-04-12,18:10:00,47.6,47.6,47.525,47.6,10219,0
2017-04-12,18:15:00,47.55,47.575,47.45,47.45,1545,0
2017-04-12,18:20:00,47.5,47.55,47.425,47.45,10600,0
2017-04-12,18:25:00,47.45,47.45,47.375,47.45,6900,0
2017-04-12,18:30:00,47.45,47.45,47.45,47.45,2341,0
2017-04-12,18:35:00,47.4659,47.4659,47.45,47.45,1604,0
2017-04-12,18:40:00,47.45,47.475,47.4,47.4,10455,0
2017-04-12,18:45:00,47.45,47.45,47.45,47.45,1300,0
2017-04-12,18:50:00,47.45,47.525,47.425,47.5,7920,0
2017-04-12,18:55:00,47.45,47.6,47.425,47.6,4847,0
2017-04-12,19:00:00,47.55,47.6,47.5,47.55,4800,0
2017-04-12,19:05:00,47.6,47.7,47.575,47.65,2512,0
2017-04-12,19:10:00,47.7,47.75,47.675,47.7,3300,0
2017-04-12,19:15:00,47.725,47.8,47.7,47.75,3700,0
2017-04-12,19:20:00,47.75,47.75,47.725,47.725,800,0
2017-04-12,19:25:00,47.725,47.725,47.55,47.55,4432,0
2017-04-12,19:30:00,47.6,47.6,47.55,47.55,600,0
2017-04-12,19:35:00,47.6,47.6,47.55,47.6,8013,0
2017-04-12,19:40:00,47.575,47.7,47.5,47.7,3700,0
2017-04-12,19:45:00,47.7,47.75,47.7,47.725,1900,0
2017-04-12,19:50:00,47.725,47.9,47.725,47.875,3274,0
2017-04-12,19:55:00,47.875,47.9,47.8,47.875,8300,0
2017-04-12,20:00:00,47.875,48.025,47.875,48,11665,0
2017-04-12,20:05:00,48,48.025,47.95,47.975,26400,0
2017-04-12,20:10:00,48,48,47.8,47.85,7608,0
2017-04-12,20:15:00,47.8,47.8,47.7,47.8,8409,0
2017-04-12,20:20:00,47.8,47.9,47.8,47.85,5700,0
2017-04-12,20:25:00,47.8195,47.8195,47.775,47.8,2514,0
2017-04-12,20:30:00,47.75,47.85,47.75,47.85,2700,0
2017-04-12,20:35:00,47.8001,47.9,47.75,47.775,23581,0
2017-04-12,20:40:00,47.8,47.85,47.575,47.65,18897,0
2017-04-12,20:45:00,47.55,47.55,47.4,47.49,7023,0
2017-04-12,20:50:00,47.4,47.45,47.35,47.35,10700,0
2017-04-12,20:55:00,47.35,47.35,47.25,47.35,6079,0
2017-04-12,21:00:00,47.35,47.375,47.175,47.175,8379,0
2017-04-12,21:05:00,47.25,47.35,47.2,47.2,9616,0
2017-04-12,21:10:00,47.2,47.225,47.15,47.15,4619,0
2017-04-12,21:15:00,47.15,47.25,47.15,47.2,6609,0
2017-04-12,21:20:00,47.2,47.25,47.1,47.1,17448,0
2017-04-12,21:25:00,47.1,47.25,47.1,47.15,14727,0
2017-04-12,21:30:00,47.2,47.2,47.025,47.1,17200,0
2017-04-12,21:35:00,47.1,47.2,47.075,47.2,9492,0
2017-04-12,21:40:00,47.2,47.2,47.1,47.1,13516,0
2017-04-12,21:45:00,47.1,47.25,47.05,47.15,25785,0
2017-04-12,21:50:00,47.2,47.275,47.15,47.175,19534,0
2017-04-12,21:55:00,47.2,47.275,47.05,47.1,32711,0
2017-04-12,22:00:00,47.15,47.25,47.15,47.2,41161,0
2017-04-13,15:35:00,47,47.2,46.9,47,10734,0
2017-04-13,15:40:00,47.025,47.067,46.9,46.95,8993,0
2017-04-13,15:45:00,47,47.1,46.95,46.95,9357,0
2017-04-13,15:50:00,46.95,46.95,46.85,46.9,6899,0
2017-04-13,15:55:00,46.95,47.2,46.95,47.05,12700,0
2017-04-13,16:00:00,47.1,47.25,47.05,47.125,7354,0
2017-04-13,16:05:00,47.1,47.35,47.1,47.25,9508,0
2017-04-13,16:10:00,47.25,47.25,47.15,47.2,3500,0
2017-04-13,16:15:00,47.15,47.275,47.15,47.15,9913,0
2017-04-13,16:20:00,47.2,47.2,47.05,47.05,7819,0
2017-04-13,16:25:00,47,47.25,46.95,47.2,8200,0
2017-04-13,16:30:00,47.225,47.25,47.1,47.2,7300,0
2017-04-13,16:35:00,47.25,47.25,47.1,47.15,3500,0
2017-04-13,16:40:00,47.1,47.15,47.05,47.1,8900,0
2017-04-13,16:45:00,47.1,47.15,47.05,47.05,3600,0
2017-04-13,16:50:00,47.05,47.05,46.85,46.9,11415,0
2017-04-13,16:55:00,46.95,47,46.9,46.95,14501,0
2017-04-13,17:00:00,47.05,47.05,46.85,46.85,4117,0
2017-04-13,17:05:00,46.95,46.95,46.85,46.9,2670,0
2017-04-13,17:10:00,46.85,46.875,46.75,46.8,10369,0
2017-04-13,17:15:00,46.8,46.8211,46.75,46.775,2610,0
2017-04-13,17:20:00,46.75,46.75,46.5,46.5,9310,0
2017-04-13,17:25:00,46.525,46.65,46.525,46.575,5400,0
2017-04-13,17:30:00,46.6,46.65,46.55,46.55,4948,0
2017-04-13,17:35:00,46.5,46.55,46.45,46.5,2337,0
2017-04-13,17:40:00,46.55,46.55,46.45,46.45,3500,0
2017-04-13,17:45:00,46.475,46.55,46.425,46.55,3236,0
2017-04-13,17:50:00,46.5,46.6,46.5,46.55,1100,0
2017-04-13,17:55:00,46.6,46.7,46.6,46.65,1100,0
2017-04-13,18:00:00,46.75,46.8,46.7,46.736,1132,0
2017-04-13,18:05:00,46.7,46.77,46.7,46.7,2276,0
2017-04-13,18:10:00,46.7,46.75,46.65,46.7,2909,0
2017-04-13,18:15:00,46.7,46.85,46.65,46.8,4588,0
2017-04-13,18:20:00,46.8,46.9,46.75,46.775,9634,0
2017-04-13,18:25:00,46.775,46.85,46.75,46.775,14430,0
2017-04-13,18:30:00,46.8,46.8,46.8,46.8,600,0
2017-04-13,18:35:00,46.8,46.95,46.8,46.9,2906,0
2017-04-13,18:40:00,46.9,47,46.9,47,6898,0
2017-04-13,18:45:00,47,47,46.95,47,1990,0
2017-04-13,18:50:00,46.95,46.95,46.95,46.95,400,0
2017-04-13,18:55:00,46.95,47.15,46.9,47.15,3215,0
2017-04-13,19:00:00,47.1,47.1,47.05,47.05,3100,0
2017-04-13,19:05:00,47.05,47.05,47,47.05,2300,0
2017-04-13,19:10:00,47.05,47.05,46.9,46.9,2700,0
2017-04-13,19:15:00,46.9,46.9,46.875,46.9,2530,0
2017-04-13,19:20:00,46.925,46.95,46.9,46.9,2200,0
2017-04-13,19:25:00,46.85,46.95,46.85,46.9,21211,0
2017-04-13,19:30:00,46.85,46.95,46.85,46.9,4045,0
2017-04-13,19:35:00,46.9,46.95,46.85,46.85,3300,0
2017-04-13,19:40:00,46.85,46.9,46.85,46.875,2003,0
2017-04-13,19:45:00,46.85,46.875,46.75,46.8,7251,0
2017-04-13,19:50:00,46.775,46.95,46.775,46.9,36137,0
2017-04-13,19:55:00,46.9,47,46.85,46.95,117381,0
2017-04-13,20:00:00,46.975,46.975,46.7,46.7,4197,0
2017-04-13,20:05:00,46.7,46.7,46.55,46.6,9625,0
2017-04-13,20:10:00,46.6,46.625,46.55,46.625,3000,0
2017-04-13,20:15:00,46.65,46.725,46.6,46.725,5200,0
2017-04-13,20:20:00,46.725,46.8,46.7,46.775,10127,0
2017-04-13,20:25:00,46.775,46.8,46.725,46.75,4753,0
2017-04-13,20:30:00,46.775,46.8,46.75,46.75,3100,0
2017-04-13,20:35:00,46.75,46.775,46.675,46.675,11300,0
2017-04-13,20:40:00,46.725,46.75,46.6,46.65,9267,0
2017-04-13,20:45:00,46.65,46.65,46.55,46.575,10341,0
2017-04-13,20:50:00,46.575,46.625,46.4,46.45,11138,0
2017-04-13,20:55:00,46.45,46.45,46.25,46.325,17454,0
2017-04-13,21:00:00,46.325,46.4,46.15,46.15,21244,0
2017-04-13,21:05:00,46.1,46.2,46.1,46.125,10903,0
2017-04-13,21:10:00,46.2,46.2,46.1,46.1,2954,0
2017-04-13,21:15:00,46.125,46.125,45.85,45.9,17343,0
2017-04-13,21:20:00,45.85,45.925,45.8,45.85,8666,0
2017-04-13,21:25:00,45.85,46.05,45.85,46.05,9911,0
2017-04-13,21:30:00,46.05,46.102,45.8,45.8,17455,0
2017-04-13,21:35:00,45.8,45.85,45.725,45.8,16495,0
2017-04-13,21:40:00,45.775,45.8,45.7,45.725,8267,0
2017-04-13,21:45:00,45.7,45.75,45.675,45.7,19372,0
2017-04-13,21:50:00,45.7,45.95,45.675,45.925,13024,0
2017-04-13,21:55:00,45.95,45.95,45.8,45.85,36942,0
2017-04-13,22:00:00,45.85,45.95,45.75,45.75,46517,0
2017-04-17,15:35:00,47.2,47.2,46.7,46.8,24913,0
2017-04-17,15:40:00,46.75,46.85,46.625,46.65,65942,0
2017-04-17,15:45:00,46.7,46.75,46.4,46.4,15957,0
2017-04-17,15:50:00,46.4,46.625,46.375,46.45,18523,0
2017-04-17,15:55:00,46.45,46.6,46.3,46.55,13525,0
2017-04-17,16:00:00,46.5,46.675,46.4,46.5,15500,0
2017-04-17,16:05:00,46.6,46.6,46.35,46.45,23298,0
2017-04-17,16:10:00,46.45,46.65,46.45,46.575,13315,0
2017-04-17,16:15:00,46.6,46.6,46.45,46.5,12900,0
2017-04-17,16:20:00,46.45,46.55,46.45,46.5,3900,0
2017-04-17,16:25:00,46.5,46.6,46.4,46.6,10157,0
2017-04-17,16:30:00,46.55,46.6,46.2,46.2,14554,0
2017-04-17,16:35:00,46.25,46.4,46.25,46.35,3800,0
2017-04-17,16:40:00,46.3,46.425,46.25,46.375,5088,0
2017-04-17,16:45:00,46.4,46.45,46.35,46.375,5896,0
2017-04-17,16:50:00,46.375,46.4,46.2,46.2,4700,0
2017-04-17,16:55:00,46.2,46.375,46.15,46.35,7600,0
2017-04-17,17:00:00,46.35,46.6,46.3,46.6,7310,0
2017-04-17,17:05:00,46.55,46.8,46.45,46.75,12891,0
2017-04-17,17:10:00,46.75,46.85,46.65,46.725,10203,0
2017-04-17,17:15:00,46.75,46.85,46.75,46.8,8120,0
2017-04-17,17:20:00,46.775,46.875,46.775,46.85,3300,0
2017-04-17,17:25:00,46.85,47,46.825,46.925,6473,0
2017-04-17,17:30:00,46.95,46.95,46.825,46.825,6600,0
2017-04-17,17:35:00,46.85,46.85,46.65,46.7,8569,0
2017-04-17,17:40:00,46.7,46.85,46.675,46.725,22400,0
2017-04-17,17:45:00,46.75,46.8,46.7,46.725,10001,0
2017-04-17,17:50:00,46.75,46.75,46.6,46.6,2500,0
2017-04-17,17:55:00,46.625,46.625,46.45,46.55,11200,0
2017-04-17,18:00:00,46.525,46.575,46.475,46.5,72600,0
2017-04-17,18:05:00,46.5,46.75,46.5,46.725,16249,0
2017-04-17,18:10:00,46.7,46.7,46.625,46.675,6992,0
2017-04-17,18:15:00,46.675,46.75,46.6,46.7,7912,0
2017-04-17,18:20:00,46.7,46.825,46.65,46.725,95100,0
2017-04-17,18:25:00,46.75,46.9,46.75,46.85,9600,0
2017-04-17,18:30:00,46.8,46.825,46.6,46.6,6271,0
2017-04-17,18:35:00,46.65,46.75,46.65,46.7,8600,0
2017-04-17,18:40:00,46.7,46.8,46.65,46.8,2686,0
2017-04-17,18:45:00,46.8,46.8,46.7747,46.7747,325,0
2017-04-17,18:50:00,46.75,46.9,46.75,46.8,5600,0
2017-04-17,18:55:00,46.75,46.875,46.75,46.8,3200,0
2017-04-17,19:00:00,46.825,46.9,46.825,46.9,1921,0
2017-04-17,19:05:00,46.9,47,46.85,47,9355,0
2017-04-17,19:10:00,47.05,47.075,47,47,2900,0
2017-04-17,19:15:00,47,47.1,46.95,47.1,1500,0
2017-04-17,19:20:00,47.05,47.15,47.005,47.005,5200,0
2017-04-17,19:25:00,47.1,47.1,46.95,46.95,2300,0
2017-04-17,19:30:00,47,47.05,46.95,46.95,4100,0
2017-04-17,19:35:00,47,47.2,47,47.2,3155,0
2017-04-17,19:40:00,47.175,47.2,47.125,47.15,3600,0
2017-04-17,19:45:00,47.175,47.25,47.1,47.1,2157,0
2017-04-17,19:50:00,47.1,47.1,47.05,47.05,1000,0
2017-04-17,19:55:00,47.05,47.1,46.95,47,10039,0
2017-04-17,20:00:00,47,47.05,47,47.05,2100,0
2017-04-17,20:05:00,47,47.175,47,47.175,4600,0
2017-04-17,20:10:00,47.175,47.225,47.05,47.05,10981,0
2017-04-17,20:15:00,47.1,47.15,47.05,47.125,1500,0
2017-04-17,20:20:00,47.125,47.2,47.1,47.1,4879,0
2017-04-17,20:25:00,47.05,47.1,47.05,47.05,1900,0
2017-04-17,20:30:00,47.05,47.15,47.05,47.125,3600,0
2017-04-17,20:35:00,47.15,47.225,47.15,47.175,10196,0
2017-04-17,20:40:00,47.15,47.25,47.15,47.225,8966,0
2017-04-17,20:45:00,47.2,47.225,47.15,47.175,5587,0
2017-04-17,20:50:00,47.2167,47.35,47.2,47.325,9068,0
2017-04-17,20:55:00,47.3,47.325,47.25,47.275,5659,0
2017-04-17,21:00:00,47.25,47.275,46.95,46.95,68442,0
2017-04-17,21:05:00,46.95,47.075,46.9,47.075,18770,0
2017-04-17,21:10:00,47.075,47.075,46.975,47.025,8900,0
2017-04-17,21:15:00,47.05,47.1,47,47.075,9656,0
2017-04-17,21:20:00,47.05,47.1,47,47.025,17400,0
2017-04-17,21:25:00,47.05,47.05,46.95,46.95,14837,0
2017-04-17,21:30:00,46.975,47.1,46.975,47.05,22390,0
2017-04-17,21:35:00,47.075,47.1,46.9,46.95,23037,0
2017-04-17,21:40:00,46.925,47,46.9,47,54859,0
2017-04-17,21:45:00,47,47.1,46.95,47.075,23586,0
2017-04-17,21:50:00,47.05,47.1,47.025,47.05,28881,0
2017-04-17,21:55:00,47.1,47.15,46.975,47,41758,0
2017-04-17,22:00:00,47,47.05,46.95,47.05,71047,0
2017-04-18,15:35:00,46.6,46.7,46.35,46.7,4257,0
2017-04-18,15:40:00,46.75,46.9,46.55,46.7,4196,0
2017-04-18,15:45:00,46.8,47.15,46.75,47.05,3763,0
2017-04-18,15:50:00,47,47.15,46.85,46.85,5400,0
2017-04-18,15:55:00,46.95,47.2,46.9,47.125,12302,0
2017-04-18,16:00:00,47.1,47.35,47.1,47.15,4100,0
2017-04-18,16:05:00,47.25,47.4,47.2,47.25,6701,0
2017-04-18,16:10:00,47.3,47.5,47.25,47.5,2736,0
2017-04-18,16:15:00,47.45,47.55,47.45,47.45,6383,0
2017-04-18,16:20:00,47.5,47.65,47.2,47.25,14700,0
2017-04-18,16:25:00,47.25,47.25,47.25,47.25,2163,0
2017-04-18,16:30:00,47.25,47.3,47.05,47.05,4099,0
2017-04-18,16:35:00,47.05,47.15,47,47.025,6900,0
2017-04-18,16:40:00,47.025,47.025,46.85,46.875,6622,0
2017-04-18,16:45:00,46.85,46.85,46.75,46.85,11213,0
2017-04-18,16:50:00,46.85,46.95,46.825,46.85,11700,0
2017-04-18,16:55:00,46.9,46.9,46.825,46.825,1400,0
2017-04-18,17:00:00,46.85,46.875,46.8,46.85,2600,0
2017-04-18,17:05:00,46.9,46.9,46.65,46.65,9306,0
2017-04-18,17:10:00,46.65,46.675,46.6,46.65,3977,0
2017-04-18,17:15:00,46.7,46.8,46.675,46.8,6400,0
2017-04-18,17:20:00,46.775,46.8,46.7,46.75,6023,0
2017-04-18,17:25:00,46.7921,46.8,46.7,46.8,9382,0
2017-04-18,17:30:00,46.8,46.85,46.75,46.85,11100,0
2017-04-18,17:35:00,46.75,46.75,46.45,46.45,4651,0
2017-04-18,17:40:00,46.4,46.4,46.35,46.35,3681,0
2017-04-18,17:45:00,46.375,46.375,46.15,46.155,3899,0
2017-04-18,17:50:00,46.15,46.15,46.05,46.05,20334,0
2017-04-18,17:55:00,46.05,46.075,46,46.05,4333,0
2017-04-18,18:00:00,46.05,46.05,45.95,46,2961,0
2017-04-18,18:05:00,46.05,46.05,45.9,46,8900,0
2017-04-18,18:10:00,46,46.075,46,46.025,4773,0
2017-04-18,18:15:00,46.025,46.025,45.85,45.875,29242,0
2017-04-18,18:20:00,45.875,45.9,45.8,45.825,6412,0
2017-04-18,18:25:00,45.85,45.9,45.825,45.85,11933,0
2017-04-18,18:30:00,45.875,45.875,45.8,45.8,2366,0
2017-04-18,18:35:00,45.8,45.9,45.8,45.85,7380,0
2017-04-18,18:40:00,45.85,45.925,45.8,45.925,11650,0
2017-04-18,18:45:00,45.9,46,45.85,45.95,7600,0
2017-04-18,18:50:00,45.95,45.95,45.9,45.925,2700,0
2017-04-18,18:55:00,45.925,46,45.9,46,5900,0
2017-04-18,19:00:00,46,46.075,45.975,46.025,12306,0
2017-04-18,19:05:00,46.025,46.1,46,46.05,3198,0
2017-04-18,19:10:00,46.05,46.125,46.05,46.125,2700,0
2017-04-18,19:15:00,46.15,46.15,46.1,46.15,1902,0
2017-04-18,19:20:00,46.175,46.2,46.15,46.175,1096,0
2017-04-18,19:25:00,46.175,46.25,46.15,46.25,2300,0
2017-04-18,19:30:00,46.3,46.45,46.275,46.45,4300,0
2017-04-18,19:35:00,46.425,46.5,46.35,46.35,6699,0
2017-04-18,19:40:00,46.4,46.5,46.35,46.45,3812,0
2017-04-18,19:45:00,46.475,46.575,46.475,46.575,3400,0
2017-04-18,19:50:00,46.575,46.575,46.525,46.55,4100,0
2017-04-18,19:55:00,46.55,46.7,46.55,46.7,6090,0
2017-04-18,20:00:00,46.7,46.75,46.55,46.55,10891,0
2017-04-18,20:05:00,46.55,46.75,46.55,46.75,7900,0
2017-04-18,20:10:00,46.725,46.75,46.6,46.6,5900,0
2017-04-18,20:15:00,46.6,46.6,46.475,46.5,14742,0
2017-04-18,20:20:00,46.55,46.65,46.5,46.65,4300,0
2017-04-18,20:25:00,46.65,46.65,46.575,46.6,6367,0
2017-04-18,20:30:00,46.55,46.8,46.55,46.75,23987,0
2017-04-18,20:35:00,46.75,46.8,46.7,46.7,4367,0
2017-04-18,20:40:00,46.75,46.8,46.75,46.75,6229,0
2017-04-18,20:45:00,46.75,46.75,46.65,46.7,7985,0
2017-04-18,20:50:00,46.675,46.8,46.65,46.8,32777,0
2017-04-18,20:55:00,46.775,46.8,46.675,46.675,6695,0
2017-04-18,21:00:00,46.675,46.7,46.575,46.6,14460,0
2017-04-18,21:05:00,46.6,46.625,46.55,46.55,6600,0
2017-04-18,21:10:00,46.55,46.675,46.55,46.625,33020,0
2017-04-18,21:15:00,46.65,46.65,46.575,46.625,3951,0
2017-04-18,21:20:00,46.65,46.675,46.6,46.65,5436,0
2017-04-18,21:25:00,46.625,46.65,46.55,46.625,12584,0
2017-04-18,21:30:00,46.625,46.625,46.525,46.525,14490,0
2017-04-18,21:35:00,46.55,46.65,46.55,46.575,15743,0
2017-04-18,21:40:00,46.575,46.6,46.5,46.5,19759,0
2017-04-18,21:45:00,46.525,46.69,46.5,46.5,29814,0
2017-04-18,21:50:00,46.5,46.55,46.45,46.475,44756,0
2017-04-18,21:55:00,46.45,46.525,46.4,46.5,32115,0
2017-04-18,22:00:00,46.475,46.55,46.4,46.45,101966,0
2017-04-19,15:35:00,46.65,47.3935,46.65,46.8,10304,0
2017-04-19,15:40:00,46.75,46.85,46.7,46.85,5312,0
2017-04-19,15:45:00,46.85,46.85,46.55,46.7,9890,0
2017-04-19,15:50:00,46.6,46.725,46.6,46.65,3100,0
2017-04-19,15:55:00,46.7,46.85,46.7,46.85,3500,0
2017-04-19,16:00:00,46.85,46.85,46.6,46.65,8300,0
2017-04-19,16:05:00,46.65,46.7,46.65,46.7,700,0
2017-04-19,16:10:00,46.7,46.7,46.55,46.575,1900,0
2017-04-19,16:15:00,46.5,46.525,46.375,46.45,15190,0
2017-04-19,16:20:00,46.45,46.5,46.35,46.5,4848,0
2017-04-19,16:25:00,46.5,46.525,46.4,46.45,2680,0
2017-04-19,16:30:00,46.475,46.55,46.425,46.55,6700,0
2017-04-19,16:35:00,46.6,46.75,46.45,46.725,6800,0
2017-04-19,16:40:00,46.7,46.8,46.65,46.8,6200,0
2017-04-19,16:45:00,46.85,46.85,46.7,46.75,5315,0
2017-04-19,16:50:00,46.75,46.775,46.65,46.7,6337,0
2017-04-19,16:55:00,46.7,46.75,46.65,46.7,4935,0
2017-04-19,17:00:00,46.75,46.85,46.725,46.85,53150,0
2017-04-19,17:05:00,46.85,46.9,46.8,46.9,8270,0
2017-04-19,17:10:00,46.95,46.95,46.875,46.9,6100,0
2017-04-19,17:15:00,46.9,46.95,46.775,46.95,7604,0
2017-04-19,17:20:00,46.875,46.95,46.8,46.85,7962,0
2017-04-19,17:25:00,46.85,46.85,46.7,46.75,3800,0
2017-04-19,17:30:00,46.75,46.85,46.725,46.8,6747,0
2017-04-19,17:35:00,46.8,46.85,46.8,46.85,1100,0
2017-04-19,17:40:00,46.85,46.85,46.8,46.8,2627,0
2017-04-19,17:45:00,46.8,46.8,46.625,46.625,6960,0
2017-04-19,17:50:00,46.625,46.65,46.575,46.575,7900,0
2017-04-19,17:55:00,46.6,46.6,46.4,46.5,9300,0
2017-04-19,18:00:00,46.5,46.5,46.35,46.35,6467,0
2017-04-19,18:05:00,46.325,46.4,46.3233,46.4,2138,0
2017-04-19,18:10:00,46.35,46.35,46.15,46.2,13202,0
2017-04-19,18:15:00,46.175,46.25,46.075,46.15,15021,0
2017-04-19,18:20:00,46.175,46.2,46.15,46.15,6856,0
2017-04-19,18:25:00,46.175,46.25,46.175,46.225,10800,0
2017-04-19,18:30:00,46.25,46.25,46.15,46.175,2500,0
2017-04-19,18:35:00,46.175,46.35,46.175,46.325,10421,0
2017-04-19,18:40:00,46.325,46.35,46.3,46.35,1500,0
2017-04-19,18:45:00,46.35,46.55,46.325,46.525,7968,0
2017-04-19,18:50:00,46.525,46.6,46.5,46.55,6780,0
2017-04-19,18:55:00,46.575,46.6,46.55,46.6,3444,0
2017-04-19,19:00:00,46.575,46.65,46.575,46.575,3622,0
2017-04-19,19:05:00,46.6,46.6,46.5,46.5,4200,0
2017-04-19,19:10:00,46.5,46.5,46.35,46.35,4100,0
2017-04-19,19:15:00,46.4,46.4,46.35,46.35,1600,0
2017-04-19,19:20:00,46.35,46.45,46.35,46.45,4600,0
2017-04-19,19:25:00,46.425,46.6,46.425,46.55,5759,0
2017-04-19,19:30:00,46.55,46.55,46.425,46.425,4300,0
2017-04-19,19:35:00,46.45,46.49,46.45,46.49,600,0
2017-04-19,19:40:00,46.45,46.45,46.4,46.4,3000,0
2017-04-19,19:45:00,46.425,46.5,46.425,46.5,3000,0
2017-04-19,19:50:00,46.5,46.55,46.45,46.55,5400,0
2017-04-19,19:55:00,46.55,46.6,46.5,46.6,2300,0
2017-04-19,20:00:00,46.6,46.65,46.5,46.5,7100,0
2017-04-19,20:05:00,46.5,46.55,46.4,46.425,6237,0
2017-04-19,20:10:00,46.45,46.45,46.35,46.35,4632,0
2017-04-19,20:15:00,46.325,46.35,46.3,46.35,2600,0
2017-04-19,20:20:00,46.3,46.35,46.175,46.225,11593,0
2017-04-19,20:25:00,46.225,46.225,46.1,46.1,13128,0
2017-04-19,20:30:00,46.125,46.25,46.125,46.225,18877,0
2017-04-19,20:35:00,46.225,46.225,46.175,46.2,23208,0
2017-04-19,20:40:00,46.2,46.25,46.175,46.2,23382,0
2017-04-19,20:45:00,46.15,46.2,46.05,46.15,18699,0
2017-04-19,20:50:00,46.15,46.15,46,46.025,5800,0
2017-04-19,20:55:00,46.025,46.025,45.9,45.925,8400,0
2017-04-19,21:00:00,45.925,46,45.925,46,5074,0
2017-04-19,21:05:00,46,46.125,45.925,46.125,16040,0
2017-04-19,21:10:00,46.15,46.15,45.975,46.05,15700,0
2017-04-19,21:15:00,46.025,46.05,46,46.05,6100,0
2017-04-19,21:20:00,46.05,46.05,46,46.025,6665,0
2017-04-19,21:25:00,46.025,46.05,46,46.025,3862,0
2017-04-19,21:30:00,46,46.05,45.9,45.9,13504,0
2017-04-19,21:35:00,45.925,45.95,45.8,45.9,19730,0
2017-04-19,21:40:00,45.925,46.05,45.9,46.05,14580,0
2017-04-19,21:45:00,46.05,46.05,45.9,45.975,23256,0
2017-04-19,21:50:00,45.975,46.075,45.9,46,32895,0
2017-04-19,21:55:00,46.05,46.05,45.95,45.975,15185,0
2017-04-19,22:00:00,46,46.05,45.95,46,69667,0
2017-04-20,15:35:00,46.45,46.45,46.05,46.2,10630,0
2017-04-20,15:40:00,46.2,46.45,46.2,46.4,2200,0
2017-04-20,15:45:00,46.425,46.5,46.35,46.35,11864,0
2017-04-20,15:50:00,46.45,46.45,46.375,46.4,5900,0
2017-04-20,15:55:00,46.45,46.575,46.4,46.45,24200,0
2017-04-20,16:00:00,46.45,46.45,46.3,46.3,1900,0
2017-04-20,16:05:00,46.35,46.4,46.24,46.35,6600,0
2017-04-20,16:10:00,46.3,46.45,46.3,46.4,8629,0
2017-04-20,16:15:00,46.4,46.6,46.4,46.45,7000,0
2017-04-20,16:20:00,46.5,46.5,46.3,46.35,77630,0
2017-04-20,16:25:00,46.325,46.35,46.2,46.2,9130,0
2017-04-20,16:30:00,46.2,46.225,46.05,46.05,5880,0
2017-04-20,16:35:00,46.1,46.25,46.1,46.25,3900,0
2017-04-20,16:40:00,46.25,46.3,46.2,46.25,2236,0
2017-04-20,16:45:00,46.3,46.3,46.2,46.25,1000,0
2017-04-20,16:50:00,46.3,46.3,46.1,46.125,23671,0
2017-04-20,16:55:00,46.15,46.25,46.15,46.25,4645,0
2017-04-20,17:00:00,46.3,46.4,46.275,46.4,12358,0
2017-04-20,17:05:00,46.4,46.45,46.275,46.3,4190,0
2017-04-20,17:10:00,46.3,46.325,46.1,46.1,5900,0
2017-04-20,17:15:00,46.15,46.2052,46.125,46.15,5262,0
2017-04-20,17:20:00,46.15,46.175,46,46.15,5101,0
2017-04-20,17:25:00,46.15,46.15,46.1,46.15,4900,0
2017-04-20,17:30:00,46.175,46.2,46.15,46.15,2800,0
2017-04-20,17:35:00,46.2,46.2,46,46.025,4600,0
2017-04-20,17:40:00,46,46.075,46,46.05,2068,0
2017-04-20,17:45:00,46.1,46.1,45.95,45.975,4100,0
2017-04-20,17:50:00,45.95,45.975,45.75,45.775,21925,0
2017-04-20,17:55:00,45.8,45.8,45.7,45.7,4710,0
2017-04-20,18:00:00,45.7,45.75,45.6,45.65,10218,0
2017-04-20,18:05:00,45.65,45.85,45.6,45.8,14000,0
2017-04-20,18:10:00,45.8,45.85,45.775,45.8,6899,0
2017-04-20,18:15:00,45.75,45.9,45.75,45.85,9565,0
2017-04-20,18:20:00,45.85,45.85,45.825,45.85,2200,0
2017-04-20,18:25:00,45.85,45.9,45.8,45.825,5078,0
2017-04-20,18:30:00,45.8,45.8,45.775,45.775,1930,0
2017-04-20,18:35:00,45.8,45.8,45.65,45.7,10995,0
2017-04-20,18:40:00,45.65,45.65,45.6,45.65,3810,0
2017-04-20,18:45:00,45.6,45.775,45.6,45.775,2929,0
2017-04-20,18:50:00,45.8,45.8,45.75,45.8,2800,0
2017-04-20,18:55:00,45.8,45.9,45.775,45.85,7670,0
2017-04-20,19:00:00,45.8,45.8,45.575,45.575,5757,0
2017-04-20,19:05:00,45.6,45.65,45.55,45.575,13461,0
2017-04-20,19:10:00,45.55,45.55,45.375,45.375,3997,0
2017-04-20,19:15:00,45.35,45.4,45.35,45.4,5300,0
2017-04-20,19:20:00,45.4,45.4,45.31,45.31,2431,0
2017-04-20,19:25:00,45.3,45.35,45.3,45.35,2391,0
2017-04-20,19:30:00,45.4,45.7,45.4,45.65,6000,0
2017-04-20,19:35:00,45.65,45.65,45.45,45.45,6513,0
2017-04-20,19:40:00,45.45,45.5,45.4,45.45,1500,0
2017-04-20,19:45:00,45.45,45.5,45.4,45.45,4767,0
2017-04-20,19:50:00,45.45,45.5,45.45,45.475,5500,0
2017-04-20,19:55:00,45.5,45.6,45.5,45.6,4200,0
2017-04-20,20:00:00,45.55,45.6,45.5,45.525,11855,0
2017-04-20,20:05:00,45.5,45.525,45.35,45.35,8904,0
2017-04-20,20:10:00,45.35,45.375,45.25,45.25,11885,0
2017-04-20,20:15:00,45.25,45.3,45.075,45.1,30809,0
2017-04-20,20:20:00,45.125,45.15,45.1,45.15,20425,0
2017-04-20,20:25:00,45.125,45.15,45.1,45.125,4996,0
2017-04-20,20:30:00,45.125,45.125,44.95,44.95,12183,0
2017-04-20,20:35:00,44.975,45.05,44.95,45.025,40574,0
2017-04-20,20:40:00,45.025,45.05,44.9,44.95,27876,0
2017-04-20,20:45:00,45,45,44.85,44.85,14089,0
2017-04-20,20:50:00,44.875,44.9,44.85,44.9,8389,0
2017-04-20,20:55:00,44.925,44.95,44.925,44.95,14757,0
2017-04-20,21:00:00,44.95,45.05,44.95,45,12275,0
2017-04-20,21:05:00,45,45.05,44.975,45.025,12600,0
2017-04-20,21:10:00,45.025,45.025,44.95,44.975,6443,0
2017-04-20,21:15:00,44.975,45,44.95,44.95,1927,0
2017-04-20,21:20:00,45,45,44.95,45,4217,0
2017-04-20,21:25:00,45,45,44.85,44.85,13309,0
2017-04-20,21:30:00,44.85,44.9,44.8,44.875,9128,0
2017-04-20,21:35:00,44.9,44.95,44.85,44.95,13958,0
2017-04-20,21:40:00,44.95,45,44.9,45,9166,0
2017-04-20,21:45:00,45,45.05,44.95,44.95,28745,0
2017-04-20,21:50:00,44.95,45,44.9,44.975,13749,0
2017-04-20,21:55:00,45,45.1,44.95,45.025,44602,0
2017-04-20,22:00:00,45.025,45.05,44.7,44.8,169558,0
2017-04-21,15:35:00,44.7,44.89,44.45,44.475,12341,0
2017-04-21,15:40:00,44.4,44.8,44.4,44.65,10371,0
2017-04-21,15:45:00,44.65,44.8,44.625,44.75,9700,0
2017-04-21,15:50:00,44.75,44.825,44.65,44.65,7458,0
2017-04-21,15:55:00,44.65,44.65,44.5,44.55,3633,0
2017-04-21,16:00:00,44.55,44.6,44.55,44.55,3600,0
2017-04-21,16:05:00,44.5,44.6,44.5,44.55,5085,0
2017-04-21,16:10:00,44.575,44.575,44.4,44.4,7003,0
2017-04-21,16:15:00,44.4,44.4,44.3,44.35,6505,0
2017-04-21,16:20:00,44.375,44.475,44.35,44.475,4300,0
2017-04-21,16:25:00,44.5,44.7,44.5,44.65,13923,0
2017-04-21,16:30:00,44.625,44.625,44.5,44.5,7600,0
2017-04-21,16:35:00,44.45,44.55,44.4,44.45,5800,0
2017-04-21,16:40:00,44.475,44.5,44.4,44.4,6295,0
2017-04-21,16:45:00,44.4,44.6,44.4,44.5,17044,0
2017-04-21,16:50:00,44.475,44.6,44.45,44.55,34334,0
2017-04-21,16:55:00,44.575,44.65,44.45,44.45,5100,0
2017-04-21,17:00:00,44.4,44.5,44.35,44.4,16913,0
2017-04-21,17:05:00,44.35,44.4,44.2,44.2,5814,0
2017-04-21,17:10:00,44.15,44.3,44.15,44.225,5048,0
2017-04-21,17:15:00,44.2,44.225,44.1,44.15,5600,0
2017-04-21,17:20:00,44.1,44.15,44,44.025,10100,0
2017-04-21,17:25:00,44,44.1,44,44.075,4800,0
2017-04-21,17:30:00,44.05,44.175,43.9,44.175,28355,0
2017-04-21,17:35:00,44.2,44.2,44.1,44.15,5881,0
2017-04-21,17:40:00,44.15,44.35,44.15,44.25,6529,0
2017-04-21,17:45:00,44.25,44.495,44.25,44.475,9502,0
2017-04-21,17:50:00,44.5,44.55,44.475,44.525,6311,0
2017-04-21,17:55:00,44.5,44.65,44.45,44.65,5000,0
2017-04-21,18:00:00,44.65,44.65,44.575,44.625,5300,0
2017-04-21,18:05:00,44.6,44.6,44.55,44.575,2693,0
2017-04-21,18:10:00,44.55,44.6,44.5,44.575,6590,0
2017-04-21,18:15:00,44.625,44.8,44.6,44.6,10747,0
2017-04-21,18:20:00,44.6,44.75,44.6,44.75,34995,0
2017-04-21,18:25:00,44.75,44.8,44.7,44.725,33281,0
2017-04-21,18:30:00,44.725,44.725,44.6,44.65,4444,0
2017-04-21,18:35:00,44.6,44.6,44.45,44.5,15631,0
2017-04-21,18:40:00,44.5,44.5,44.25,44.3,12347,0
2017-04-21,18:45:00,44.3,44.45,44.3,44.45,4971,0
2017-04-21,18:50:00,44.4,44.4,44.25,44.3,7574,0
2017-04-21,18:55:00,44.35,44.5,44.325,44.4,7180,0
2017-04-21,19:00:00,44.45,44.5,44.35,44.4,5396,0
2017-04-21,19:05:00,44.4,44.5,44.4,44.475,4700,0
2017-04-21,19:10:00,44.45,44.6,44.45,44.5,6992,0
2017-04-21,19:15:00,44.5,44.5,44.35,44.5,9530,0
2017-04-21,19:20:00,44.45,44.6,44.4,44.425,12432,0
2017-04-21,19:25:00,44.425,44.6,44.4,44.6,48700,0
2017-04-21,19:30:00,44.65,44.7,44.6,44.6,13401,0
2017-04-21,19:35:00,44.575,44.8,44.575,44.75,12481,0
2017-04-21,19:40:00,44.75,44.75,44.65,44.75,29900,0
2017-04-21,19:45:00,44.75,44.8,44.65,44.7,14400,0
2017-04-21,19:50:00,44.725,44.75,44.6,44.7,3567,0
2017-04-21,19:55:00,44.65,44.7,44.35,44.6,25241,0
2017-04-21,20:00:00,44.65,44.75,44.65,44.7,4100,0
2017-04-21,20:05:00,44.65,44.7,44.55,44.65,7199,0
2017-04-21,20:10:00,44.6,44.7,44.6,44.7,3758,0
2017-04-21,20:15:00,44.7,44.725,44.6,44.65,10423,0
2017-04-21,20:20:00,44.675,44.675,44.55,44.625,3400,0
2017-04-21,20:25:00,44.65,44.7,44.6,44.675,16372,0
2017-04-21,20:30:00,44.7,44.725,44.6,44.675,8394,0
2017-04-21,20:35:00,44.65,44.675,44.65,44.675,2900,0
2017-04-21,20:40:00,44.65,44.65,44.55,44.6,13204,0
2017-04-21,20:45:00,44.575,44.6,44.55,44.55,3734,0
2017-04-21,20:50:00,44.525,44.575,44.5,44.5,16504,0
2017-04-21,20:55:00,44.45,44.475,44.35,44.425,15195,0
2017-04-21,21:00:00,44.425,44.475,44.35,44.4,23202,0
2017-04-21,21:05:00,44.375,44.425,44.35,44.4,9248,0
2017-04-21,21:10:00,44.4,44.4,44.25,44.4,17958,0
2017-04-21,21:15:00,44.4,44.425,44.35,44.35,10654,0
2017-04-21,21:20:00,44.375,44.4,44.3,44.4,16242,0
2017-04-21,21:25:00,44.375,44.45,44.35,44.425,12735,0
2017-04-21,21:30:00,44.425,44.45,44.25,44.3,19865,0
2017-04-21,21:35:00,44.35,44.45,44.325,44.375,19234,0
2017-04-21,21:40:00,44.4,44.6,44.375,44.6,15940,0
2017-04-21,21:45:00,44.6,44.8,44.6,44.7,62498,0
2017-04-21,21:50:00,44.725,44.8,44.65,44.8,36362,0
2017-04-21,21:55:00,44.8,44.85,44.75,44.8,33996,0
2017-04-21,22:00:00,44.8,44.8,44.6,44.65,121473,0
2017-04-24,15:35:00,45.85,46.1,45.15,45.2,78190,0
2017-04-24,15:40:00,45.275,45.475,45.2,45.4,9994,0
2017-04-24,15:45:00,45.4,45.425,45.3,45.3,6637,0
2017-04-24,15:50:00,45.35,45.45,45.3,45.35,8324,0
2017-04-24,15:55:00,45.3,45.375,45.25,45.3,4100,0
2017-04-24,16:00:00,45.3,45.45,45.25,45.45,3138,0
2017-04-24,16:05:00,45.45,45.45,45.3,45.3,4214,0
2017-04-24,16:10:00,45.35,45.425,45.3,45.4,15194,0
2017-04-24,16:15:00,45.408,45.5,45.4,45.45,4245,0
2017-04-24,16:20:00,45.4,45.5,45.4,45.4,11800,0
2017-04-24,16:25:00,45.4,45.45,45.35,45.45,13522,0
2017-04-24,16:30:00,45.475,45.5,45.4,45.4,8800,0
2017-04-24,16:35:00,45.4,45.45,45.4,45.4,3583,0
2017-04-24,16:40:00,45.4,45.45,45.35,45.4,14759,0
2017-04-24,16:45:00,45.4,45.4,45.3,45.3,7032,0
2017-04-24,16:50:00,45.3,45.3,45.3,45.3,1600,0
2017-04-24,16:55:00,45.35,45.35,45.35,45.35,6100,0
2017-04-24,17:00:00,45.35,45.35,45.3,45.35,2589,0
2017-04-24,17:05:00,45.4,45.4,45.3,45.35,4682,0
2017-04-24,17:10:00,45.35,45.45,45.35,45.4,4910,0
2017-04-24,17:15:00,45.45,45.45,45.45,45.45,1400,0
2017-04-24,17:20:00,45.45,45.475,45.3,45.35,4848,0
2017-04-24,17:25:00,45.4,45.5,45.4,45.4,7403,0
2017-04-24,17:30:00,45.4,45.41,45.3156,45.35,3026,0
2017-04-24,17:35:00,45.35,45.35,45.3,45.31,925,0
2017-04-24,17:40:00,45.3,45.4,45.3,45.4,1600,0
2017-04-24,17:45:00,45.35,45.45,45.35,45.45,3598,0
2017-04-24,17:50:00,45.45,45.45,45.35,45.4,51653,0
2017-04-24,17:55:00,45.45,45.55,45.45,45.5,12508,0
2017-04-24,18:00:00,45.5,45.55,45.5,45.525,4498,0
2017-04-24,18:05:00,45.55,45.55,45.55,45.55,1600,0
2017-04-24,18:10:00,45.55,45.6,45.521,45.575,6334,0
2017-04-24,18:15:00,45.6,45.7,45.55,45.55,6242,0
2017-04-24,18:20:00,45.5,45.65,45.45,45.55,24936,0
2017-04-24,18:25:00,45.6,45.65,45.6,45.65,900,0
2017-04-24,18:30:00,45.6,45.65,45.6,45.65,1700,0
2017-04-24,18:35:00,45.6201,45.7,45.6,45.65,13496,0
2017-04-24,18:40:00,45.65,45.725,45.65,45.725,13075,0
2017-04-24,18:45:00,45.7,45.7,45.65,45.7,9200,0
2017-04-24,18:50:00,45.65,45.7,45.65,45.65,9500,0
2017-04-24,18:55:00,45.6,45.7,45.6,45.7,1400,0
2017-04-24,19:00:00,45.65,45.75,45.65,45.75,6305,0
2017-04-24,19:05:00,45.75,45.85,45.75,45.8,6690,0
2017-04-24,19:10:00,45.8,45.85,45.75,45.775,17500,0
2017-04-24,19:15:00,45.75,45.85,45.7,45.8,4101,0
2017-04-24,19:20:00,45.8229,45.95,45.8229,45.95,4418,0
2017-04-24,19:25:00,45.9,45.925,45.85,45.85,2700,0
2017-04-24,19:30:00,45.85,45.9,45.85,45.9,5017,0
2017-04-24,19:35:00,45.85,45.9,45.8,45.9,3500,0
2017-04-24,19:40:00,45.9,45.9,45.8,45.8,4445,0
2017-04-24,19:45:00,45.85,45.85,45.8,45.8,1900,0
2017-04-24,19:50:00,45.8,45.85,45.75,45.85,5510,0
2017-04-24,19:55:00,45.85,45.9,45.8,45.9,5090,0
2017-04-24,20:00:00,45.9,45.975,45.9,45.95,4160,0
2017-04-24,20:05:00,45.975,46.05,45.95,45.9637,4637,0
2017-04-24,20:10:00,46,46.05,46,46.05,17478,0
2017-04-24,20:15:00,46.05,46.05,45.925,45.925,4421,0
2017-04-24,20:20:00,45.9,45.975,45.9,45.975,2000,0
2017-04-24,20:25:00,45.95,46,45.9,45.95,2979,0
2017-04-24,20:30:00,45.95,46,45.9,45.9,2853,0
2017-04-24,20:35:00,45.925,46.05,45.925,45.925,5960,0
2017-04-24,20:40:00,45.9,45.95,45.85,45.95,4800,0
2017-04-24,20:45:00,45.9,46,45.85,45.85,6938,0
2017-04-24,20:50:00,45.85,45.9,45.825,45.9,4100,0
2017-04-24,20:55:00,45.9,45.95,45.85,45.875,5507,0
2017-04-24,21:00:00,45.9,45.95,45.85,45.925,10356,0
2017-04-24,21:05:00,45.9,45.9,45.85,45.875,1911,0
2017-04-24,21:10:00,45.9,46,45.9,46,9296,0
2017-04-24,21:15:00,45.975,46,45.9,45.975,6785,0
2017-04-24,21:20:00,45.95,45.95,45.875,45.875,5158,0
2017-04-24,21:25:00,45.875,45.875,45.75,45.8,11218,0
2017-04-24,21:30:00,45.8,45.85,45.75,45.85,8910,0
2017-04-24,21:35:00,45.85,45.85,45.75,45.75,9162,0
2017-04-24,21:40:00,45.725,45.825,45.7,45.775,8062,0
2017-04-24,21:45:00,45.75,45.8,45.7,45.8,13401,0
2017-04-24,21:50:00,45.85,45.85,45.7,45.725,9458,0
2017-04-24,21:55:00,45.7,45.75,45.6,45.65,38183,0
2017-04-24,22:00:00,45.675,45.675,45.55,45.6,46594,0
2017-04-25,15:35:00,45.75,45.79,45.6,45.65,7094,0
2017-04-25,15:40:00,45.75,45.85,45.4,45.4,11700,0
2017-04-25,15:45:00,45.45,45.55,45.4,45.55,2800,0
2017-04-25,15:50:00,45.5,45.55,45.35,45.5,10700,0
2017-04-25,15:55:00,45.45,45.45,45.4,45.45,3000,0
2017-04-25,16:00:00,45.5,45.5,45.45,45.45,2950,0
2017-04-25,16:05:00,45.45,45.5,45.45,45.5,4055,0
2017-04-25,16:10:00,45.5,45.5,45.4,45.5,4300,0
2017-04-25,16:15:00,45.45,45.5,45.35,45.35,2300,0
2017-04-25,16:20:00,45.4,45.5,45.4,45.5,3219,0
2017-04-25,16:25:00,45.55,45.6,45.45,45.45,2245,0
2017-04-25,16:30:00,45.55,45.55,45.4945,45.4945,1010,0
2017-04-25,16:35:00,45.466,45.466,45.466,45.466,440,0
2017-04-25,16:40:00,45.5,45.5,45.4,45.45,4761,0
2017-04-25,16:45:00,45.4,45.5,45.4,45.45,6215,0
2017-04-25,16:50:00,45.475,45.5,45.45,45.45,3000,0
2017-04-25,16:55:00,45.4706,45.55,45.45,45.55,3739,0
2017-04-25,17:00:00,45.55,45.55,45.55,45.55,700,0
2017-04-25,17:05:00,45.55,45.55,45.55,45.55,600,0
2017-04-25,17:10:00,45.55,45.575,45.5,45.5,4705,0
2017-04-25,17:15:00,45.5,45.6,45.5,45.6,2600,0
2017-04-25,17:20:00,45.65,45.75,45.6,45.7,12451,0
2017-04-25,17:25:00,45.7,45.75,45.65,45.65,2800,0
2017-04-25,17:30:00,45.65,45.65,45.55,45.55,6260,0
2017-04-25,17:35:00,45.45,45.483,45.4,45.45,6343,0
2017-04-25,17:40:00,45.45,45.45,45.4,45.4,8000,0
2017-04-25,17:45:00,45.45,45.5,45.4,45.425,1499,0
2017-04-25,17:50:00,45.45,45.475,45.45,45.45,1500,0
2017-04-25,17:55:00,45.45,45.47,45.45,45.47,2199,0
2017-04-25,18:00:00,45.45,45.45,45.4,45.45,1000,0
2017-04-25,18:05:00,45.5,45.5,45.45,45.45,2100,0
2017-04-25,18:10:00,45.5,45.6,45.475,45.5,1700,0
2017-04-25,18:15:00,45.55,45.55,45.55,45.55,100,0
2017-04-25,18:20:00,45.6,45.7,45.6,45.7,2250,0
2017-04-25,18:25:00,45.65,45.65,45.65,45.65,300,0
2017-04-25,18:30:00,45.7,45.7,45.7,45.7,1337,0
2017-04-25,18:35:00,45.7,45.8,45.7,45.75,2900,0
2017-04-25,18:40:00,45.75,45.8,45.75,45.8,723,0
2017-04-25,18:50:00,45.7,45.85,45.7,45.85,1500,0
2017-04-25,18:55:00,45.85,45.85,45.75,45.75,5800,0
2017-04-25,19:00:00,45.75,45.75,45.7,45.7,500,0
2017-04-25,19:05:00,45.7,45.8,45.7,45.8,1500,0
2017-04-25,19:10:00,45.84,45.84,45.75,45.75,4106,0
2017-04-25,19:15:00,45.8,45.9,45.8,45.85,3630,0
2017-04-25,19:20:00,45.85,45.9,45.8,45.9,5498,0
2017-04-25,19:25:00,45.85,45.9,45.85,45.9,1500,0
2017-04-25,19:30:00,45.9,46.05,45.85,46,15800,0
2017-04-25,19:35:00,46,46.05,46,46.005,1826,0
2017-04-25,19:40:00,46,46.05,46,46,1500,0
2017-04-25,19:45:00,45.95,46,45.95,46,200,0
2017-04-25,19:50:00,46.024,46.05,46,46.05,3199,0
2017-04-25,19:55:00,46.05,46.05,46,46,700,0
2017-04-25,20:00:00,46,46,45.95,45.95,800,0
2017-04-25,20:05:00,46,46.1,45.95,46.1,10285,0
2017-04-25,20:10:00,46.1,46.15,46,46.15,5200,0
2017-04-25,20:15:00,46.1,46.15,46.1,46.1,2556,0
2017-04-25,20:20:00,46.126,46.175,46.125,46.175,2660,0
2017-04-25,20:25:00,46.15,46.25,46.15,46.225,2917,0
2017-04-25,20:30:00,46.225,46.225,46.125,46.15,7831,0
2017-04-25,20:35:00,46.1,46.1,46.05,46.1,4700,0
2017-04-25,20:40:00,46.1,46.15,46.1,46.1,2207,0
2017-04-25,20:45:00,46.1,46.1,46.05,46.05,4068,0
2017-04-25,20:50:00,46.1,46.102,46.05,46.075,1100,0
2017-04-25,20:55:00,46.05,46.125,46.05,46.1,5695,0
2017-04-25,21:00:00,46.075,46.075,45.95,46,4489,0
2017-04-25,21:05:00,46,46,45.95,46,2400,0
2017-04-25,21:10:00,46,46.125,46,46.125,7900,0
2017-04-25,21:15:00,46.125,46.2,46.05,46.1,7242,0
2017-04-25,21:20:00,46.075,46.1,46.075,46.1,1700,0
2017-04-25,21:25:00,46.075,46.15,46.05,46.14,6850,0
2017-04-25,21:30:00,46.05,46.125,46.05,46.1,5000,0
2017-04-25,21:35:00,46.1,46.15,46.0709,46.1,2231,0
2017-04-25,21:40:00,46.1,46.15,46.05,46.1,8300,0
2017-04-25,21:45:00,46.1,46.15,46.05,46.15,17150,0
2017-04-25,21:50:00,46.15,46.25,46.125,46.175,39366,0
2017-04-25,21:55:00,46.15,46.2,46,46,28826,0
2017-04-25,22:00:00,46.025,46.025,45.8,45.95,63448,0
2017-04-26,15:35:00,45.7,45.95,45.055,45.75,58763,0
2017-04-26,15:40:00,45.7,45.75,45.5,45.5,5997,0
2017-04-26,15:45:00,45.6,45.6,45.3,45.45,8003,0
2017-04-26,15:50:00,45.45,45.45,45.35,45.45,19381,0
2017-04-26,15:55:00,45.45,45.5,45.35,45.375,3200,0
2017-04-26,16:00:00,45.375,45.4,45.35,45.35,2017,0
2017-04-26,16:05:00,45.3,45.4,45.2,45.3,7450,0
2017-04-26,16:10:00,45.2,45.45,45.2,45.45,4200,0
2017-04-26,16:15:00,45.45,45.5,45.425,45.5,2249,0
2017-04-26,16:20:00,45.5,45.525,45.4,45.45,4490,0
2017-04-26,16:25:00,45.45,45.45,45.3,45.35,4900,0
2017-04-26,16:30:00,45.35,45.425,45.3,45.425,4900,0
2017-04-26,16:35:00,45.5,45.75,45.5,45.75,17968,0
2017-04-26,16:40:00,45.7,45.95,45.7,45.95,63576,0
2017-04-26,16:45:00,45.95,46,45.8,45.8,5825,0
2017-04-26,16:50:00,45.85,46,45.85,46,10192,0
2017-04-26,16:55:00,45.95,46.05,45.95,46,7677,0
2017-04-26,17:00:00,46,46.025,45.95,45.95,4000,0
2017-04-26,17:05:00,45.95,45.975,45.85,45.875,5400,0
2017-04-26,17:10:00,45.9,46,45.875,45.875,5492,0
2017-04-26,17:15:00,45.875,45.9,45.8,45.9,5500,0
2017-04-26,17:20:00,45.8,45.9,45.775,45.9,5000,0
2017-04-26,17:25:00,45.875,45.95,45.8,45.9,4500,0
2017-04-26,17:30:00,45.9,45.95,45.85,45.9,3653,0
2017-04-26,17:35:00,45.85,45.9,45.8,45.8,4891,0
2017-04-26,17:40:00,45.75,45.85,45.65,45.75,4900,0
2017-04-26,17:45:00,45.7,45.85,45.7,45.75,8121,0
2017-04-26,17:50:00,45.7,45.8,45.55,45.55,13092,0
2017-04-26,17:55:00,45.55,45.6,45.5,45.5,1200,0
2017-04-26,18:00:00,45.51,45.6,45.51,45.55,1128,0
2017-04-26,18:05:00,45.6,45.75,45.575,45.75,7269,0
2017-04-26,18:10:00,45.7,45.725,45.6,45.6,4460,0
2017-04-26,18:15:00,45.6,45.65,45.6,45.65,1000,0
2017-04-26,18:20:00,45.625,45.7,45.55,45.6,3000,0
2017-04-26,18:25:00,45.575,45.7,45.55,45.65,7529,0
2017-04-26,18:30:00,45.69,45.7,45.6,45.7,2074,0
2017-04-26,18:35:00,45.7,45.75,45.6,45.7,7221,0
2017-04-26,18:40:00,45.675,45.725,45.675,45.725,1822,0
2017-04-26,18:45:00,45.725,45.725,45.65,45.65,1900,0
2017-04-26,18:50:00,45.675,45.8,45.675,45.675,5093,0
2017-04-26,18:55:00,45.65,45.9,45.65,45.9,8800,0
2017-04-26,19:00:00,45.85,46.05,45.8,45.975,17242,0
2017-04-26,19:05:00,45.95,46,45.95,45.95,2200,0
2017-04-26,19:10:00,45.9,45.95,45.85,45.95,4230,0
2017-04-26,19:15:00,45.95,45.95,45.8,45.85,1000,0
2017-04-26,19:20:00,45.875,45.95,45.85,45.85,6483,0
2017-04-26,19:25:00,45.9,45.925,45.85,45.85,6665,0
2017-04-26,19:30:00,45.85,45.9,45.75,45.8,11370,0
2017-04-26,19:35:00,45.8,45.8,45.65,45.7,15923,0
2017-04-26,19:40:00,45.65,45.9,45.65,45.875,7667,0
2017-04-26,19:45:00,45.9,45.95,45.85,45.95,4379,0
2017-04-26,19:50:00,45.9,46,45.825,45.85,8267,0
2017-04-26,19:55:00,45.85,45.9,45.85,45.9,7600,0
2017-04-26,20:00:00,45.9,45.9,45.8,45.9,5611,0
2017-04-26,20:05:00,45.8,45.875,45.725,45.85,8066,0
2017-04-26,20:10:00,45.8,45.85,45.75,45.75,7944,0
2017-04-26,20:15:00,45.8,45.9,45.8,45.85,28255,0
2017-04-26,20:20:00,45.85,46.025,45.85,46.025,5475,0
2017-04-26,20:25:00,46,46.2,46,46.15,6488,0
2017-04-26,20:30:00,46.1,46.15,46.025,46.025,3349,0
2017-04-26,20:35:00,46.05,46.1,46,46,6743,0
2017-04-26,20:40:00,46,46.036,45.95,45.95,8020,0
2017-04-26,20:45:00,46,46.025,45.925,46.025,7293,0
2017-04-26,20:50:00,46,46.1,45.95,46.075,14095,0
2017-04-26,20:55:00,46.1,46.15,46.075,46.125,9100,0
2017-04-26,21:00:00,46.125,46.125,46.025,46.05,7825,0
2017-04-26,21:05:00,46,46.15,46,46.1,11557,0
2017-04-26,21:10:00,46.125,46.175,46.1,46.125,15318,0
2017-04-26,21:15:00,46.125,46.15,46.05,46.075,10087,0
2017-04-26,21:20:00,46.075,46.175,46.025,46.15,15501,0
2017-04-26,21:25:00,46.15,46.2,46.15,46.15,5700,0
2017-04-26,21:30:00,46.2,46.25,46.15,46.2,19122,0
2017-04-26,21:35:00,46.225,46.35,46.2,46.275,20490,0
2017-04-26,21:40:00,46.3,46.325,46.25,46.3,18908,0
2017-04-26,21:45:00,46.275,46.3,46.175,46.175,32470,0
2017-04-26,21:50:00,46.175,46.175,46.05,46.1,24716,0
2017-04-26,21:55:00,46.15,46.175,46,46,61439,0
2017-04-26,22:00:00,46.025,46.25,46.025,46.1,73317,0
