Date,Time,Open,High,Low,Close,Volume,OpenInt
2016-06-22,21:20:00,4.79,4.79,4.79,4.79,100,0
2016-06-22,21:25:00,4.57,4.78,4.55,4.77,700,0
2016-06-22,21:45:00,4.51,4.79,4.51,4.79,600,0
2016-06-22,21:50:00,4.52,4.79,4.51,4.75,1500,0
2016-06-22,21:55:00,4.75,4.75,4.684,4.691,300,0
2016-06-23,15:35:00,4.55,4.76,4.55,4.76,400,0
2016-06-23,15:50:00,4.62,4.8,4.57,4.8,600,0
2016-06-24,20:15:00,4.47,4.6799,4.47,4.6799,400,0
2016-06-24,22:00:00,4.67,4.67,4.67,4.67,200,0
2016-06-27,19:00:00,4.49,4.49,4.3495,4.4,4028,0
2016-06-27,19:15:00,4.4,4.4,4.39,4.39,800,0
2016-06-27,19:55:00,4.39,4.39,4.39,4.39,100,0
2016-06-27,20:50:00,4.3812,4.3812,4.3812,4.3812,140,0
2016-06-27,20:55:00,4.37,4.37,4.37,4.37,100,0
2016-06-27,21:05:00,4.39,4.39,4.39,4.39,100,0
2016-06-28,15:40:00,4.6,4.6,4.6,4.6,100,0
2016-06-28,17:05:00,4.52,4.52,4.51,4.51,200,0
2016-06-28,19:40:00,4.4,4.4,4.4,4.4,100,0
2016-06-28,19:55:00,4.4795,4.52,4.4,4.52,3864,0
2016-06-28,20:10:00,4.51,4.51,4.51,4.51,100,0
2016-06-28,20:30:00,4.5,4.5,4.49,4.49,200,0
2016-06-28,21:25:00,4.49,4.49,4.49,4.49,100,0
2016-06-28,21:40:00,4.39,4.445,4.39,4.39,400,0
2016-06-28,21:45:00,4.39,4.39,4.39,4.39,300,0
2016-06-28,22:00:00,4.34,4.49,4.32,4.49,1600,0
2016-06-29,15:35:00,4.23,4.56,4.23,4.56,813,0
2016-06-29,17:30:00,4.41,4.47,4.41,4.47,200,0
2016-06-29,17:50:00,4.4101,4.4101,4.4101,4.4101,200,0
2016-06-29,18:00:00,4.41,4.41,4.41,4.41,100,0
2016-06-29,18:20:00,4.41,4.41,4.41,4.41,100,0
2016-06-29,18:40:00,4.41,4.41,4.41,4.41,100,0
2016-06-29,19:30:00,4.45,4.45,4.45,4.45,200,0
2016-06-29,19:35:00,4.45,4.51,4.39,4.51,1300,0
2016-06-29,19:40:00,4.51,4.59,4.49,4.49,1000,0
2016-06-29,20:30:00,4.4,4.58,4.4,4.58,200,0
2016-06-29,20:40:00,4.43,4.43,4.43,4.43,100,0
2016-06-29,20:45:00,4.43,4.505,4.43,4.505,200,0
2016-06-29,20:55:00,4.42,4.42,4.42,4.42,100,0
2016-06-29,21:05:00,4.42,4.42,4.42,4.42,100,0
2016-06-29,21:10:00,4.41,4.41,4.41,4.41,100,0
2016-06-29,21:30:00,4.4,4.4,4.39,4.39,200,0
2016-06-29,21:45:00,4.39,4.39,4.39,4.39,100,0
2016-06-29,22:00:00,4.42,4.59,4.42,4.59,300,0
2016-06-30,15:55:00,4.45,4.45,4.45,4.45,100,0
2016-06-30,16:00:00,4.51,4.51,4.51,4.51,100,0
2016-06-30,17:35:00,4.46,4.46,4.46,4.46,100,0
2016-06-30,21:00:00,4.4001,4.53,4.4001,4.53,300,0
2016-06-30,22:00:00,4.4,4.4,4.4,4.4,210,0
2016-07-01,15:35:00,4.65,4.65,4.65,4.65,100,0
2016-07-05,17:30:00,4.6,4.6,4.6,4.6,6000,0
2016-07-05,19:00:00,4.43,4.43,4.4,4.4,693,0
2016-07-05,21:20:00,4.57,4.57,4.57,4.57,100,0
2016-07-07,16:45:00,4.41,4.41,4.41,4.41,5107,0
2016-07-07,17:45:00,4.5457,4.5457,4.5457,4.5457,100,0
2016-07-07,19:40:00,4.6,4.6,4.6,4.6,100,0
2016-07-08,18:45:00,4.4116,4.4116,4.4116,4.4116,100,0
2016-07-08,19:10:00,4.5599,4.5599,4.5599,4.5599,100,0
2016-07-11,17:30:00,4.553,4.553,4.553,4.553,400,0
2016-07-11,20:05:00,4.51,4.51,4.51,4.51,100,0
2016-07-11,20:10:00,4.5,4.5,4.5,4.5,800,0
2016-07-11,20:15:00,4.5,4.5,4.5,4.5,200,0
2016-07-11,20:40:00,4.465,4.465,4.465,4.465,200,0
2016-07-11,20:45:00,4.5199,4.5199,4.5199,4.5199,1100,0
2016-07-11,20:50:00,4.41,4.41,4.41,4.41,100,0
2016-07-11,21:15:00,4.4745,4.4745,4.4745,4.4745,108,0
2016-07-11,21:40:00,4.5199,4.5199,4.5199,4.5199,100,0
2016-07-11,22:00:00,4.39,4.39,4.39,4.39,100,0
2016-07-12,18:30:00,4.39,4.39,4,4.2,10590,0
2016-07-12,18:45:00,4.186,4.2699,4.186,4.242,2100,0
2016-07-12,20:15:00,4.1101,4.1101,4.1101,4.1101,200,0
2016-07-12,20:20:00,4.24,4.24,4.24,4.24,100,0
2016-07-12,20:35:00,4.26,4.26,4.26,4.26,100,0
2016-07-12,20:45:00,4.21,4.21,4.2,4.2,207,0
2016-07-12,21:10:00,4.24,4.24,4.24,4.24,100,0
2016-07-12,21:50:00,4.27,4.27,4.27,4.27,100,0
2016-07-12,21:55:00,4.27,4.49,4.25,4.49,700,0
2016-07-13,15:55:00,4.55,4.55,4.55,4.55,100,0
2016-07-13,16:15:00,4.3951,4.3951,4.3951,4.3951,250,0
2016-07-13,16:40:00,4.33,4.33,4.1901,4.1901,1600,0
2016-07-13,16:55:00,4.25,4.25,4.25,4.25,2000,0
2016-07-13,17:25:00,4.4699,4.4699,4.4699,4.4699,100,0
2016-07-13,17:55:00,4.23,4.35,4.23,4.23,5000,0
2016-07-13,18:00:00,4.47,4.47,4.47,4.47,100,0
2016-07-13,22:00:00,4.25,4.25,4.23,4.23,600,0
2016-07-14,16:20:00,4.5299,4.5299,4.5299,4.5299,200,0
2016-07-14,18:15:00,4.49,4.49,4.49,4.49,2640,0
2016-07-14,18:35:00,4.4,4.4,4.4,4.4,100,0
2016-07-14,19:35:00,4.45,4.45,4.45,4.45,100,0
2016-07-14,19:45:00,4.28,4.47,4.26,4.26,800,0
2016-07-14,20:35:00,4.34,4.34,4.34,4.34,125,0
2016-07-14,20:40:00,4.34,4.34,4.34,4.34,125,0
2016-07-14,20:50:00,4.282,4.282,4.282,4.282,300,0
2016-07-14,21:35:00,4.3499,4.3499,4.3499,4.3499,100,0
2016-07-14,22:00:00,4.24,4.24,4.24,4.24,100,0
2016-07-15,15:55:00,4.24,4.24,4.24,4.24,100,0
2016-07-15,16:05:00,4.2112,4.2112,4.2112,4.2112,100,0
2016-07-15,16:40:00,4.19,4.19,4.17,4.17,300,0
2016-07-15,16:45:00,4.17,4.24,4.17,4.17,700,0
2016-07-15,18:05:00,4.1,4.1,4.1,4.1,100,0
2016-07-15,19:20:00,4.105,4.105,4.105,4.105,200,0
2016-07-15,19:35:00,4.0885,4.0885,4.0885,4.0885,100,0
2016-07-15,19:55:00,4.105,4.105,4.105,4.105,100,0
2016-07-15,20:05:00,4.0738,4.0738,4.0738,4.0738,300,0
2016-07-15,20:45:00,4.105,4.105,4.105,4.105,200,0
2016-07-15,21:20:00,4.105,4.105,4.105,4.105,100,0
2016-07-18,18:25:00,4.11,4.11,4.11,4.11,200,0
2016-07-18,21:45:00,4.07,4.07,4,4.06,900,0
2016-07-19,19:00:00,4.1499,4.1499,4.01,4.01,2300,0
2016-07-19,19:05:00,4.1,4.15,4.1,4.15,1961,0
2016-07-19,19:15:00,4.01,4.01,4,4,400,0
2016-07-19,19:20:00,4.11,4.11,4.11,4.11,100,0
2016-07-19,21:55:00,4.01,4.01,4.01,4.01,100,0
2016-07-19,22:00:00,4.1099,4.1099,4.1099,4.1099,100,0
2016-07-20,19:25:00,4.1,4.12,4,4.12,2997,0
2016-07-20,19:40:00,4.12,4.12,4.12,4.12,300,0
2016-07-20,19:50:00,4.1299,4.1299,4.1265,4.1265,200,0
2016-07-20,19:55:00,4.12,4.12,4.12,4.12,297,0
2016-07-20,20:00:00,4.12,4.12,4.12,4.12,100,0
2016-07-20,20:05:00,4.13,4.13,4.13,4.13,100,0
2016-07-21,16:30:00,4.12,4.12,4.12,4.12,100,0
2016-07-21,16:35:00,4.17,4.17,4.17,4.17,1200,0
2016-07-21,16:40:00,4.17,4.17,4.17,4.17,2000,0
2016-07-21,16:50:00,4.23,4.23,4.23,4.23,100,0
2016-07-21,17:50:00,4.14,4.14,4.14,4.14,100,0
2016-07-21,18:00:00,4.12,4.2499,4.12,4.2499,200,0
2016-07-21,20:50:00,4.18,4.18,4.18,4.18,250,0
2016-07-21,21:45:00,4.25,4.25,4.25,4.25,100,0
2016-07-22,16:55:00,4.39,4.39,4.39,4.39,100,0
2016-07-22,19:10:00,4.1,4.3,4.1,4.2,3905,0
2016-07-22,19:15:00,4.2,4.2001,4.15,4.16,1395,0
2016-07-22,19:20:00,4.255,4.255,4.245,4.245,200,0
2016-07-22,19:35:00,4.2024,4.2024,4.2024,4.2024,2000,0
2016-07-22,20:30:00,4.3,4.3,4.3,4.3,100,0
2016-07-22,20:55:00,4.19,4.19,4.07,4.1832,500,0
2016-07-22,21:10:00,4.15,4.15,4.15,4.15,100,0
2016-07-22,21:15:00,4.11,4.13,4.11,4.13,300,0
2016-07-22,22:00:00,4.2,4.2,4.2,4.2,100,0
2016-07-25,18:10:00,4.51,4.51,4.31,4.31,200,0
2016-07-25,18:20:00,4.12,4.23,4.12,4.23,200,0
2016-07-26,15:35:00,4.16,4.16,4.16,4.16,100,0
2016-07-26,16:00:00,4.35,4.35,4.35,4.35,100,0
2016-07-26,17:05:00,4.15,4.15,4.15,4.15,100,0
2016-07-26,17:10:00,4.18,4.18,4.18,4.18,100,0
2016-07-26,20:10:00,4.21,4.21,4.21,4.21,100,0
2016-07-26,21:15:00,4.15,4.15,4.15,4.15,100,0
2016-07-26,21:30:00,4.1,4.1,4.1,4.1,100,0
2016-07-26,21:35:00,4.1386,4.1386,4.1386,4.1386,100,0
2016-07-26,22:00:00,4.35,4.35,4.35,4.35,200,0
2016-07-27,15:35:00,4.19,4.19,4.1,4.1,1054,0
2016-07-27,15:40:00,4.1,4.48,4,4.48,1361,0
2016-07-27,19:30:00,4.12,4.12,4.12,4.12,100,0
2016-07-27,19:35:00,4.26,4.26,4.24,4.24,200,0
2016-07-27,20:20:00,4.328,4.328,4.328,4.328,100,0
2016-07-29,19:05:00,4.1975,4.1975,4.1975,4.1975,400,0
2016-07-29,19:10:00,4.25,4.25,4.25,4.25,100,0
2016-07-29,19:15:00,4.32,4.32,4.32,4.32,100,0
2016-08-01,20:15:00,4.1762,4.1762,4.11,4.11,600,0
2016-08-01,20:30:00,4.1326,4.1326,4.1326,4.1326,100,0
2016-08-01,21:10:00,4.11,4.15,4,4.15,1200,0
2016-08-01,21:15:00,4.14,4.1495,4.14,4.1495,200,0
2016-08-01,22:00:00,4.05,4.05,4.05,4.05,100,0
2016-08-02,18:05:00,4.11,4.11,4.11,4.11,100,0
2016-08-05,19:00:00,4.05,4.0668,4.05,4.0578,1200,0
2016-08-05,19:05:00,4.04,4.04,4.04,4.04,100,0
2016-08-05,20:10:00,4.07,4.07,4.07,4.07,100,0
2016-08-05,20:30:00,4.08,4.08,4.08,4.08,100,0
2016-08-05,21:10:00,4.08,4.08,4.08,4.08,100,0
2016-08-05,21:55:00,4.05,4.05,4.05,4.05,200,0
2016-08-05,22:00:00,4.027,4.027,4.027,4.027,500,0
2016-08-08,16:30:00,4.1,4.1,4.1,4.1,100,0
2016-08-08,18:50:00,4.09,4.09,4.09,4.09,100,0
2016-08-09,21:00:00,4.08,4.08,4.08,4.08,100,0
2016-08-11,20:25:00,4.0432,4.0432,4.0432,4.0432,300,0
2016-08-11,22:00:00,4.13,4.13,4.13,4.13,200,0
2016-08-12,15:35:00,4.13,4.13,4.13,4.13,100,0
2016-08-12,22:00:00,4.03,4.03,4.03,4.03,100,0
2016-08-15,21:20:00,4.0346,4.0346,4.02,4.02,600,0
2016-08-16,15:55:00,4.08,4.08,4.08,4.08,100,0
2016-08-16,16:35:00,4.03,4.03,4.03,4.03,200,0
2016-08-16,17:35:00,4.055,4.055,4.055,4.055,100,0
2016-08-16,22:00:00,4.0301,4.0301,4.0301,4.0301,100,0
2016-08-17,15:35:00,4.08,4.08,4.08,4.08,100,0
2016-08-17,16:15:00,4.03,4.03,4.03,4.03,100,0
2016-08-17,17:50:00,4,4,4,4,3000,0
2016-08-17,17:55:00,4.03,4.03,4.03,4.03,100,0
2016-08-17,20:40:00,4,4,4,4,100,0
2016-08-18,18:55:00,4.0699,4.0699,4.0699,4.0699,1000,0
2016-08-18,19:20:00,4.05,4.0525,4.05,4.0525,980,0
2016-08-19,15:35:00,4.12,4.12,4.12,4.12,4690,0
2016-08-19,15:40:00,4.12,4.13,4.12,4.13,1700,0
2016-08-19,16:35:00,4.12,4.12,4.12,4.12,300,0
2016-08-22,22:00:00,4.05,4.05,4.05,4.05,100,0
2016-08-23,15:35:00,4.13,4.13,4.13,4.13,100,0
2016-08-24,15:55:00,4.06,4.25,4.06,4.25,890,0
2016-08-25,15:35:00,4.29,4.29,4.29,4.29,100,0
2016-08-26,20:05:00,4.27,4.27,4.27,4.27,100,0
2016-08-29,17:45:00,4.1,4.1,4.08,4.08,1000,0
2016-08-29,17:50:00,4.08,4.23,4.08,4.23,300,0
2016-08-29,20:00:00,4.0863,4.167,4.0863,4.167,1720,0
2016-08-29,20:05:00,4.1985,4.2299,4.167,4.2299,700,0
2016-08-29,21:50:00,4.08,4.08,4.08,4.08,200,0
2016-08-29,22:00:00,4.1717,4.24,4.1717,4.24,300,0
2016-08-30,15:45:00,4.24,4.24,4.24,4.24,100,0
2016-08-31,19:35:00,4.09,4.1754,4.09,4.1754,200,0
2016-08-31,20:10:00,4.23,4.23,4.23,4.23,100,0
2016-09-01,15:35:00,4.24,4.24,4.24,4.24,100,0
2016-09-01,18:50:00,4.12,4.12,4.12,4.12,100,0
2016-09-01,18:55:00,4.13,4.17,4.13,4.1699,3400,0
2016-09-01,19:00:00,4.1699,4.23,4.1699,4.23,1000,0
2016-09-01,19:15:00,4.25,4.25,4.24,4.24,300,0
2016-09-01,19:20:00,4.3,4.38,4.2901,4.2901,2300,0
2016-09-01,19:25:00,4.35,4.35,4.29,4.29,2220,0
2016-09-01,19:30:00,4.25,4.25,4.2201,4.2201,200,0
2016-09-01,20:00:00,4.295,4.295,4.295,4.295,100,0
2016-09-01,22:00:00,4.43,4.43,4.43,4.43,100,0
2016-09-02,16:00:00,4.68,4.68,4.68,4.68,100,0
2016-09-02,19:20:00,4.29,4.29,4.29,4.29,100,0
2016-09-02,19:30:00,4.29,4.29,4.29,4.29,400,0
2016-09-02,20:05:00,4.28,4.31,4.2607,4.31,400,0
2016-09-02,20:30:00,4.4332,4.4332,4.4332,4.4332,100,0
2016-09-06,19:35:00,4.4,4.57,4.21,4.56,3700,0
2016-09-06,19:50:00,4.57,4.57,4.57,4.57,134,0
2016-09-06,20:15:00,4.43,4.43,4.43,4.43,100,0
2016-09-07,17:45:00,4.25,4.25,3.9965,4.1,1250,0
2016-09-07,17:55:00,4.24,4.24,4.24,4.24,100,0
2016-09-07,18:35:00,4.1,4.1902,4.1,4.1902,300,0
2016-09-07,18:40:00,4.16,4.16,4.16,4.16,100,0
2016-09-07,18:50:00,4.15,4.15,4.15,4.15,100,0
2016-09-07,19:05:00,4.19,4.22,4.19,4.2189,700,0
2016-09-07,19:15:00,4.25,4.25,4.25,4.25,300,0
2016-09-07,19:20:00,4.2999,4.3,4.29,4.3,400,0
2016-09-07,19:50:00,4.2199,4.22,4.16,4.2192,1000,0
2016-09-07,20:30:00,4.29,4.29,4.29,4.29,100,0
2016-09-07,21:05:00,4.2932,4.3,4.28,4.3,1962,0
2016-09-08,15:35:00,4.15,4.15,4.15,4.15,100,0
2016-09-08,15:45:00,4.37,4.37,4.37,4.37,100,0
2016-09-08,18:50:00,4.2116,4.2116,4.2116,4.2116,500,0
2016-09-08,18:55:00,4.174,4.174,4.174,4.174,100,0
2016-09-08,19:30:00,4.18,4.18,4.18,4.18,100,0
2016-09-08,19:35:00,4.2,4.24,4.2,4.24,2300,0
2016-09-08,21:00:00,4.2001,4.2001,4.2001,4.2001,1000,0
2016-09-08,21:05:00,4.2001,4.2001,4.2,4.2,1275,0
2016-09-08,21:55:00,4.2,4.2,4.2,4.2,100,0
2016-09-08,22:00:00,4.2,4.2,4.1975,4.1975,200,0
2016-09-09,20:20:00,4.17,4.17,4.05,4.06,500,0
2016-09-09,20:25:00,4.06,4.19,4.06,4.19,200,0
2016-09-12,15:35:00,4.07,4.07,4.07,4.07,137,0
2016-09-12,15:40:00,4.03,4.04,4.03,4.04,200,0
2016-09-12,15:50:00,4.1492,4.1492,4.1492,4.1492,100,0
2016-09-12,19:10:00,4.0601,4.1118,4.0601,4.1118,300,0
2016-09-12,20:20:00,4.1,4.1372,4.06,4.1068,400,0
2016-09-12,20:45:00,4.07,4.07,4.05,4.05,1966,0
2016-09-12,20:55:00,4.03,4.03,4.03,4.03,100,0
2016-09-12,21:05:00,4.03,4.03,4.03,4.03,100,0
2016-09-13,16:20:00,4.0081,4.0081,4.0081,4.0081,250,0
2016-09-13,19:20:00,4.003,4.003,4.0008,4.0008,200,0
2016-09-13,20:40:00,4.025,4.025,4.025,4.025,100,0
2016-09-14,18:35:00,4.03,4.03,3.74,3.955,500,0
2016-09-14,18:40:00,3.96,4,3.95,4,535,0
2016-09-14,20:45:00,3.9456,4.05,3.89,4.05,6197,0
2016-09-14,21:30:00,4.1292,4.1292,4.1292,4.1292,100,0
2016-09-14,22:00:00,4.2,4.2,4.2,4.2,100,0
2016-09-16,16:10:00,4.4,4.4,4.4,4.4,100,0
2016-09-16,16:50:00,4.22,4.23,4.2008,4.2008,540,0
2016-09-16,17:00:00,4.275,4.275,4.275,4.275,100,0
2016-09-16,18:00:00,4.1999,4.1999,4.1999,4.1999,150,0
2016-09-16,19:35:00,4.19,4.19,4.19,4.19,100,0
2016-09-16,20:35:00,4.12,4.12,4.12,4.12,100,0
2016-09-16,20:45:00,4.08,4.08,4.08,4.08,100,0
2016-09-16,20:55:00,4.08,4.08,4.08,4.08,137,0
2016-09-16,21:00:00,4.01,4.01,4.01,4.01,100,0
2016-09-16,21:05:00,4.01,4.2,4.01,4.2,200,0
2016-09-16,21:10:00,4.02,4.02,4.02,4.02,100,0
2016-09-16,21:15:00,4.02,4.02,4.02,4.02,200,0
2016-09-16,21:20:00,4.02,4.02,4.02,4.02,100,0
2016-09-16,21:35:00,4,4,4,4,100,0
2016-09-16,21:40:00,3.89,4.0845,3.89,4.0845,300,0
2016-09-16,21:50:00,4.19,4.19,3.965,3.965,300,0
2016-09-16,21:55:00,3.965,3.965,3.965,3.965,100,0
2016-09-16,22:00:00,4.1899,4.27,3.98,4.27,1225,0
2016-09-20,15:35:00,4.58,4.58,4.37,4.37,200,0
2016-09-20,16:30:00,4.25,4.25,4.25,4.25,100,0
2016-09-20,16:55:00,4.25,4.25,4.25,4.25,300,0
2016-09-21,15:35:00,4.48,4.48,4.37,4.37,200,0
2016-09-21,17:15:00,4.2062,4.2062,4.2062,4.2062,100,0
2016-09-21,21:05:00,4.29,4.29,4.29,4.29,100,0
2016-09-22,17:05:00,4.12,4.12,3.95,4.01,2600,0
2016-09-22,17:15:00,3.95,3.9501,3.95,3.9501,600,0
2016-09-22,18:00:00,3.94,3.95,3.94,3.95,2703,0
2016-09-22,18:35:00,3.9348,3.95,3.9348,3.95,5900,0
2016-09-22,18:40:00,4.15,4.15,4.12,4.12,440,0
2016-09-22,18:45:00,4.132,4.132,4.132,4.132,100,0
2016-09-22,22:00:00,4.1782,4.18,4,4,4425,0
2016-09-23,15:40:00,4.08,4.08,4.0208,4.0208,200,0
2016-09-23,20:05:00,3.95,3.95,3.95,3.95,100,0
2016-09-23,20:15:00,4.07,4.07,4.07,4.07,100,0
2016-09-23,21:55:00,3.98,4.09,3.94,4.09,600,0
2016-09-28,15:45:00,3.92,3.92,3.92,3.92,100,0
2016-09-28,16:05:00,4.0414,4.0414,4.0414,4.0414,100,0
2016-09-28,21:50:00,3.98,3.99,3.98,3.99,1400,0
2016-09-29,15:35:00,3.61,3.78,3.61,3.78,7990,0
2016-09-29,15:45:00,3.7,3.7,3.69,3.69,400,0
2016-09-29,15:50:00,3.6198,3.62,3.487,3.4892,7300,0
2016-09-29,15:55:00,3.47,3.56,3.47,3.56,1000,0
2016-09-29,16:00:00,3.7191,3.7499,3.682,3.682,1000,0
2016-09-29,16:05:00,3.655,3.7,3.655,3.7,700,0
2016-09-29,16:10:00,3.8228,3.8228,3.8228,3.8228,100,0
2016-09-29,17:15:00,3.78,3.78,3.75,3.7737,1000,0
2016-09-29,21:00:00,3.6499,3.8,3.6201,3.8,5600,0
2016-09-29,21:05:00,3.76,3.76,3.75,3.75,400,0
2016-09-29,21:20:00,3.835,3.835,3.835,3.835,1000,0
2016-09-29,21:30:00,3.8001,3.847,3.8,3.847,400,0
2016-09-29,21:35:00,3.8,3.8,3.8,3.8,5100,0
2016-09-29,21:40:00,3.812,3.812,3.812,3.812,100,0
2016-09-29,21:45:00,3.81,3.81,3.8001,3.8001,5100,0
2016-09-29,21:50:00,3.85,4.1,3.85,4.1,5427,0
2016-09-29,21:55:00,4.1346,4.1692,4.1,4.1692,3400,0
2016-09-29,22:00:00,4.15,4.17,4.0454,4.17,1000,0
2016-09-30,15:55:00,4.0999,4.1,4.09,4.09,9600,0
2016-09-30,16:20:00,3.9625,4.08,3.9625,4.08,600,0
2016-09-30,16:25:00,3.9315,4.08,3.9315,4.08,600,0
2016-09-30,18:20:00,4.0078,4.0078,4.0078,4.0078,100,0
2016-09-30,18:30:00,4.07,4.07,4.07,4.07,200,0
2016-09-30,20:10:00,3.9301,4.08,3.9301,4.08,1100,0
2016-09-30,21:05:00,4.15,4.15,4.15,4.15,100,0
2016-09-30,22:00:00,3.9501,4.19,3.9501,4.19,600,0
2016-10-03,15:35:00,4.15,4.15,4.15,4.15,100,0
2016-10-03,15:40:00,4.04,4.04,4.04,4.04,500,0
2016-10-03,15:50:00,4.0357,4.29,4.0357,4.29,2100,0
2016-10-03,16:00:00,4.2584,4.2584,4.2584,4.2584,500,0
2016-10-03,16:05:00,4.21,4.22,4.21,4.22,200,0
2016-10-03,16:40:00,4.22,4.22,4.22,4.22,135,0
2016-10-03,16:50:00,4.0925,4.0925,4.08,4.08,200,0
2016-10-03,17:05:00,4.205,4.205,4.205,4.205,100,0
2016-10-03,17:40:00,4.31,4.32,4.31,4.32,500,0
2016-10-03,19:05:00,4.17,4.3669,4.15,4.3669,3174,0
2016-10-04,17:30:00,4.23,4.23,4.23,4.23,300,0
2016-10-04,18:55:00,4.23,4.44,4.23,4.44,6200,0
2016-10-04,20:15:00,4.25,4.34,4.24,4.3045,1500,0
2016-10-04,20:25:00,4.3141,4.3141,4.3141,4.3141,1000,0
2016-10-04,20:55:00,4.335,4.335,4.333,4.333,200,0
2016-10-04,21:05:00,4.42,4.42,4.42,4.42,100,0
2016-10-04,21:55:00,4.2401,4.2401,4.2401,4.2401,100,0
2016-10-04,22:00:00,4.37,4.37,4.37,4.37,100,0
2016-10-05,19:05:00,4.22,4.23,4.2,4.2,700,0
2016-10-05,19:10:00,4.42,4.42,4.42,4.42,100,0
2016-10-05,20:45:00,4.2,4.42,4.2,4.3541,2200,0
2016-10-05,21:50:00,4.295,4.3899,4.295,4.38,700,0
2016-10-05,21:55:00,4.2,4.35,4.2,4.35,200,0
2016-10-05,22:00:00,4.36,4.36,4.36,4.36,100,0
2016-10-06,15:35:00,4.23,4.23,4.23,4.23,362,0
2016-10-06,15:45:00,4.22,4.22,4.22,4.22,100,0
2016-10-06,18:40:00,4.17,4.2092,4.15,4.2092,1250,0
2016-10-06,19:25:00,4.2298,4.2298,4.2298,4.2298,100,0
2016-10-06,20:40:00,4.253,4.253,4.25,4.2508,315,0
2016-10-07,19:20:00,4.25,4.25,4.25,4.25,134,0
2016-10-07,19:25:00,4.26,4.26,4.25,4.25,400,0
2016-10-07,19:45:00,4.38,4.38,4.38,4.38,100,0
2016-10-10,16:45:00,4.16,4.2625,4.15,4.2625,2000,0
2016-10-10,17:30:00,4.4,4.4,4.28,4.28,500,0
2016-10-10,17:45:00,4.3208,4.4,4.3208,4.4,200,0
2016-10-11,15:35:00,4.17,4.17,4.17,4.17,400,0
2016-10-11,15:50:00,4.21,4.21,4.21,4.21,100,0
2016-10-11,18:30:00,4.2,4.2,4.2,4.2,300,0
2016-10-12,17:15:00,4.2438,4.2438,4.2438,4.2438,100,0
2016-10-12,17:55:00,4.0801,4.0801,4.08,4.0801,494,0
2016-10-12,18:05:00,4.2475,4.2475,4.08,4.08,200,0
2016-10-12,19:25:00,4.2,4.25,4.2,4.2,1500,0
2016-10-12,20:00:00,4.15,4.1563,4.15,4.1563,1000,0
2016-10-12,20:35:00,4.08,4.16,4,4.16,300,0
2016-10-12,20:40:00,4.09,4.09,4.09,4.09,100,0
2016-10-12,21:35:00,4.0899,4.33,4.087,4.33,1800,0
2016-10-13,17:55:00,4.13,4.13,4.13,4.13,127,0
2016-10-13,18:00:00,4.3338,4.3338,4.3338,4.3338,100,0
2016-10-14,17:40:00,4.14,4.33,4.12,4.33,400,0
2016-10-17,22:00:00,4.2,4.2,4.2,4.2,100,0
2016-10-18,15:35:00,4.2,4.2,4.2,4.2,800,0
2016-10-18,17:20:00,4.15,4.15,4.15,4.15,100,0
2016-10-18,18:35:00,4.16,4.16,4.16,4.16,100,0
2016-10-18,19:30:00,4.17,4.17,4.17,4.17,148,0
2016-10-18,20:45:00,4.16,4.16,4.16,4.16,100,0
2016-10-18,20:55:00,4.1462,4.1462,4.1462,4.1462,500,0
2016-10-18,22:00:00,4.12,4.12,4.12,4.12,200,0
2016-10-20,16:05:00,4.03,4.1,4.02,4.1,300,0
2016-10-20,22:00:00,4.1,4.1,4.1,4.1,100,0
2016-10-24,16:05:00,4.1675,4.1675,4.1675,4.1675,500,0
2016-10-24,16:50:00,4.1903,4.2,4.1903,4.2,400,0
2016-10-24,16:55:00,4.2,4.2,4.2,4.2,200,0
2016-10-26,16:10:00,4.2,4.2,4.2,4.2,200,0
2016-10-26,20:45:00,4.08,4.08,4.08,4.08,100,0
2016-10-26,20:50:00,4.06,4.2,4.06,4.2,1774,0
2016-10-27,20:40:00,4.06,4.06,4.06,4.06,100,0
2016-10-27,21:15:00,4.1688,4.1688,4.1688,4.1688,100,0
2016-10-27,22:00:00,4.2,4.2,4.2,4.2,100,0
2016-10-28,16:45:00,4.15,4.15,4.15,4.15,500,0
2016-10-31,16:00:00,4.0301,4.0735,4.0301,4.0735,1193,0
2016-10-31,18:40:00,4.04,4.14,4.04,4.14,2700,0
2016-10-31,21:00:00,4.15,4.15,4.15,4.15,100,0
2016-11-01,17:35:00,4.147,4.1492,4.147,4.1492,200,0
2016-11-02,17:20:00,4.04,4.04,4,4,902,0
2016-11-02,17:40:00,4,4,4,4,100,0
2016-11-02,17:55:00,4,4,4,4,998,0
2016-11-02,18:45:00,3.98,3.982,3.91,3.91,1000,0
2016-11-02,18:50:00,3.99,4,3.99,4,200,0
2016-11-02,19:15:00,3.95,3.954,3.95,3.95,1610,0
2016-11-02,19:40:00,3.9496,3.9496,3.92,3.9441,400,0
2016-11-02,21:00:00,4.05,4.05,4.05,4.05,100,0
2016-11-03,14:45:00,4,4,4,4,100,0
2016-11-03,15:35:00,3.9109,3.95,3.9109,3.9109,2000,0
2016-11-03,15:40:00,3.9703,4,3.9703,4,200,0
2016-11-03,19:20:00,3.91,3.92,3.9,3.9,900,0
2016-11-03,19:25:00,3.92,4,3.9158,4,700,0
2016-11-03,19:30:00,3.92,3.9396,3.92,3.93,2300,0
2016-11-03,19:45:00,3.9299,3.985,3.91,3.985,2300,0
2016-11-03,19:50:00,3.985,3.985,3.985,3.985,100,0
2016-11-03,19:55:00,3.985,4,3.985,4,2000,0
2016-11-03,20:10:00,4,4,4,4,100,0
2016-11-03,20:35:00,3.9505,3.9505,3.86,3.9491,2800,0
2016-11-03,20:40:00,3.9043,3.9043,3.9043,3.9043,200,0
2016-11-03,20:45:00,3.869,3.9124,3.869,3.9124,1100,0
2016-11-03,21:00:00,4.04,4.04,4.04,4.04,100,0
2016-11-04,14:35:00,4,4,4,4,100,0
2016-11-04,19:55:00,3.9999,4,3.9999,4,1000,0
2016-11-07,15:35:00,3.95,3.95,3.95,3.95,445,0
2016-11-07,20:50:00,3.95,3.95,3.9109,3.9109,2542,0
2016-11-07,20:55:00,3.9931,3.9931,3.9931,3.9931,100,0
2016-11-07,21:45:00,3.95,3.9501,3.95,3.9501,200,0
2016-11-08,18:55:00,3.98,3.98,3.98,3.98,100,0
2016-11-09,20:45:00,3.8979,3.9,3.87,3.8992,900,0
2016-11-09,20:55:00,3.8979,3.95,3.8979,3.9,4000,0
2016-11-09,21:00:00,4.09,4.09,4.09,4.09,100,0
2016-11-10,21:50:00,3.91,4.03,3.91,4.03,500,0
2016-11-10,21:55:00,3.92,4.05,3.7,4.05,1700,0
2016-11-10,22:00:00,4.05,4.05,3.7,3.7,1400,0
2016-11-11,15:35:00,3.85,3.9437,3.85,3.86,300,0
2016-11-11,16:00:00,3.943,3.943,3.943,3.943,100,0
2016-11-11,16:10:00,3.9,3.93,3.9,3.9,600,0
2016-11-11,18:10:00,3.785,3.785,3.785,3.785,100,0
2016-11-11,18:15:00,3.8,3.8,3.8,3.8,200,0
2016-11-11,18:20:00,3.8,3.8,3.8,3.8,300,0
2016-11-11,18:25:00,3.77,3.9409,3.77,3.9409,200,0
2016-11-11,18:45:00,3.785,3.8,3.785,3.7989,400,0
2016-11-11,18:55:00,3.8,3.8,3.8,3.8,100,0
2016-11-11,20:15:00,3.79,3.79,3.79,3.79,300,0
2016-11-11,20:50:00,3.77,3.77,3.77,3.77,100,0
2016-11-11,21:10:00,3.7688,3.7688,3.75,3.75,591,0
2016-11-11,21:20:00,3.7872,3.7872,3.7872,3.7872,100,0
2016-11-11,21:50:00,3.7872,3.7892,3.77,3.7892,300,0
2016-11-14,15:35:00,3.79,3.79,3.79,3.79,1967,0
2016-11-14,15:40:00,3.72,3.91,3.72,3.91,300,0
2016-11-14,16:45:00,3.85,3.914,3.795,3.795,1500,0
2016-11-14,16:50:00,4.01,4.0389,3.85,3.99,1700,0
2016-11-14,16:55:00,3.91,4.0335,3.91,4.0335,400,0
2016-11-15,15:35:00,3.76,3.95,3.76,3.95,200,0
2016-11-15,16:40:00,3.8894,3.8894,3.87,3.8848,800,0
2016-11-15,16:50:00,3.9,4.03,3.9,4.03,200,0
2016-11-17,17:55:00,4.0072,4.0072,3.96,3.96,200,0
2016-11-17,18:00:00,3.95,3.95,3.95,3.95,100,0
2016-11-18,18:00:00,4.07,4.07,4.07,4.07,100,0
2016-11-18,22:00:00,4.05,4.05,4.05,4.05,100,0
2016-11-21,21:20:00,4.07,4.08,4.07,4.07,2900,0
2016-11-22,21:05:00,4,4.02,3.95,3.95,800,0
2016-11-22,21:20:00,4.02,4.0789,4.02,4.075,800,0
2016-11-28,17:40:00,3.85,4.04,3.85,4.04,4867,0
2016-11-28,17:45:00,4.08,4.08,4.08,4.08,1000,0
2016-11-28,18:05:00,4.0742,4.0742,4.0742,4.0742,200,0
2016-11-28,19:50:00,4.0741,4.0741,4.0741,4.0741,200,0
2016-11-28,22:00:00,3.91,3.91,3.89,3.89,700,0
2016-11-29,15:50:00,3.9964,3.9964,3.9964,3.9964,100,0
2016-11-30,22:00:00,4.02,4.02,4.02,4.02,100,0
2016-12-01,20:00:00,3.965,3.965,3.9613,3.9613,2000,0
2016-12-01,21:45:00,4.03,4.03,4.03,4.03,100,0
2016-12-05,17:15:00,4.05,4.05,4.0149,4.0149,200,0
2016-12-05,21:30:00,4.02,4.02,4.02,4.02,100,0
2016-12-05,21:55:00,4.006,4.006,4.006,4.006,600,0
2016-12-06,16:40:00,3.95,4.05,3.95,4.05,375,0
2016-12-06,17:30:00,4,4.04,4,4.04,900,0
2016-12-06,17:40:00,3.99,3.99,3.99,3.99,100,0
2016-12-07,16:55:00,3.99,3.99,3.99,3.99,100,0
2016-12-07,17:00:00,4.045,4.045,4.045,4.045,100,0
2016-12-09,21:10:00,4.054,4.06,4.054,4.06,200,0
2016-12-12,16:55:00,3.9955,3.9955,3.9955,3.9955,100,0
2016-12-13,15:40:00,4,4.06,4,4.06,370,0
2016-12-13,15:50:00,3.96,3.966,3.95,3.956,1118,0
2016-12-13,15:55:00,3.94,3.95,3.94,3.95,1000,0
2016-12-13,17:25:00,3.89,3.9134,3.89,3.9134,400,0
2016-12-13,21:30:00,3.89,3.896,3.89,3.896,200,0
2016-12-13,22:00:00,3.95,3.95,3.95,3.95,100,0
2016-12-14,19:15:00,3.96,4.04,3.96,4.04,200,0
2016-12-14,19:55:00,4.03,4.03,4.03,4.03,165,0
2016-12-14,21:25:00,3.982,3.982,3.982,3.982,300,0
2016-12-15,15:55:00,3.89,3.985,3.89,3.985,900,0
2016-12-15,17:00:00,3.9,3.9,3.89,3.89,495,0
2016-12-15,17:55:00,3.82,3.82,3.82,3.82,100,0
2016-12-15,18:00:00,3.84,3.84,3.84,3.84,100,0
2016-12-15,21:40:00,3.76,3.82,3.5717,3.82,1944,0
2016-12-15,22:00:00,3.81,3.81,3.81,3.81,100,0
2016-12-16,17:25:00,3.8091,3.8091,3.8091,3.8091,100,0
2016-12-16,17:45:00,3.76,3.76,3.56,3.62,5679,0
2016-12-16,17:50:00,3.62,3.62,3.6,3.6,1000,0
2016-12-16,17:55:00,3.71,3.8,3.6001,3.77,3073,0
2016-12-16,18:35:00,3.71,3.71,3.7,3.7,700,0
2016-12-16,18:45:00,3.67,3.67,3.67,3.67,100,0
2016-12-16,19:45:00,3.62,3.62,3.61,3.61,700,0
2016-12-16,20:00:00,3.67,3.67,3.67,3.67,200,0
2016-12-16,20:50:00,3.71,3.71,3.71,3.71,200,0
2016-12-16,21:00:00,3.7032,3.71,3.7,3.71,1400,0
2016-12-16,21:25:00,3.71,3.71,3.71,3.71,100,0
2016-12-16,21:30:00,3.71,3.71,3.71,3.71,100,0
2016-12-16,21:55:00,3.83,3.83,3.83,3.83,100,0
2016-12-16,22:00:00,3.85,3.85,3.85,3.85,1001,0
2016-12-19,15:40:00,3.757,3.84,3.757,3.84,200,0
2016-12-19,15:50:00,3.721,3.7253,3.72,3.7253,300,0
2016-12-19,15:55:00,3.7,3.7,3.7,3.7,100,0
2016-12-19,16:10:00,3.68,3.68,3.68,3.68,3739,0
2016-12-19,16:55:00,3.69,3.69,3.69,3.69,500,0
2016-12-19,17:15:00,3.6999,3.7,3.6999,3.7,500,0
2016-12-19,18:50:00,3.68,3.68,3.68,3.68,100,0
2016-12-19,19:15:00,3.68,3.68,3.68,3.68,100,0
2016-12-19,19:40:00,3.68,3.68,3.68,3.68,1200,0
2016-12-19,19:55:00,3.66,3.66,3.65,3.65,6840,0
2016-12-19,20:00:00,3.64,3.67,3.64,3.67,900,0
2016-12-19,20:05:00,3.64,3.65,3.64,3.65,600,0
2016-12-19,20:55:00,3.63,3.65,3.63,3.65,300,0
2016-12-19,21:00:00,3.64,3.64,3.64,3.64,200,0
2016-12-19,21:40:00,3.65,3.65,3.65,3.65,100,0
2016-12-19,21:50:00,3.65,3.65,3.65,3.65,100,0
2016-12-19,21:55:00,3.63,3.63,3.63,3.63,100,0
2016-12-19,22:00:00,3.69,3.69,3.69,3.69,200,0
2016-12-20,19:15:00,3.65,3.65,3.65,3.65,500,0
2016-12-20,19:40:00,3.65,3.65,3.65,3.65,200,0
2016-12-20,20:10:00,3.69,3.69,3.69,3.69,100,0
2016-12-21,15:35:00,3.84,3.84,3.84,3.84,100,0
2016-12-21,16:00:00,3.76,3.76,3.75,3.75,200,0
2016-12-21,17:45:00,3.7362,3.7362,3.7362,3.7362,200,0
2016-12-21,21:25:00,3.65,3.682,3.65,3.682,200,0
2016-12-21,22:00:00,3.69,3.69,3.69,3.69,100,0
2016-12-22,17:00:00,3.62,3.62,3.62,3.62,100,0
2016-12-22,19:50:00,3.585,3.585,3.585,3.585,500,0
2016-12-22,20:00:00,3.63,3.63,3.63,3.63,100,0
2016-12-22,20:55:00,3.567,3.63,3.567,3.63,1500,0
2016-12-23,16:00:00,3.6,3.73,3.6,3.73,2056,0
2016-12-23,16:25:00,3.73,3.7389,3.72,3.72,800,0
2016-12-23,20:05:00,3.74,3.74,3.74,3.74,100,0
2016-12-23,20:10:00,3.7499,3.75,3.74,3.74,2000,0
2016-12-27,15:35:00,3.73,3.74,3.56,3.74,300,0
2016-12-27,19:10:00,3.7202,3.7202,3.7202,3.7202,500,0
2016-12-27,19:25:00,3.7056,3.7056,3.7,3.7,700,0
2016-12-27,21:10:00,3.75,3.75,3.75,3.75,100,0
2016-12-28,15:55:00,3.7,3.7,3.7,3.7,161,0
2016-12-28,16:15:00,3.68,3.68,3.68,3.68,1500,0
2016-12-28,16:30:00,3.68,3.68,3.68,3.68,100,0
2016-12-28,19:00:00,3.6663,3.6663,3.6601,3.6601,742,0
2016-12-28,19:05:00,3.7,3.7,3.7,3.7,100,0
2016-12-28,19:45:00,3.6751,3.6751,3.6751,3.6751,1000,0
2016-12-28,19:55:00,3.6748,3.6748,3.6748,3.6748,1000,0
2016-12-28,20:50:00,3.6986,3.7,3.6986,3.7,300,0
2016-12-28,21:25:00,3.69,3.69,3.69,3.69,100,0
2016-12-29,16:35:00,3.7,3.74,3.7,3.74,4300,0
2016-12-29,17:05:00,3.7059,3.7059,3.7059,3.7059,1000,0
2016-12-29,17:10:00,3.68,3.74,3.65,3.687,2100,0
2016-12-29,19:05:00,3.661,3.661,3.661,3.661,200,0
2016-12-29,20:10:00,3.661,3.661,3.661,3.661,100,0
2016-12-29,22:00:00,3.75,3.75,3.75,3.75,100,0
2016-12-30,16:00:00,3.6877,3.6877,3.6877,3.6877,100,0
2016-12-30,16:15:00,3.681,3.681,3.681,3.681,100,0
2016-12-30,16:50:00,3.74,3.74,3.74,3.74,100,0
2016-12-30,16:55:00,3.681,3.681,3.681,3.681,100,0
2016-12-30,17:30:00,3.66,3.66,3.6,3.6,1209,0
2016-12-30,17:35:00,3.7,3.7,3.7,3.7,100,0
2016-12-30,19:15:00,3.6257,3.63,3.615,3.615,2500,0
2016-12-30,19:25:00,3.63,3.63,3.615,3.615,686,0
2016-12-30,19:35:00,3.61,3.75,3.6099,3.75,8089,0
2016-12-30,19:40:00,3.79,3.79,3.79,3.79,1601,0
2016-12-30,20:00:00,3.7,3.78,3.7,3.78,5100,0
2016-12-30,20:05:00,3.71,3.79,3.71,3.79,200,0
2016-12-30,20:10:00,3.7099,3.71,3.7099,3.71,9000,0
2016-12-30,20:15:00,3.7,3.7,3.7,3.7,4000,0
2016-12-30,20:20:00,3.71,3.72,3.71,3.71,600,0
2016-12-30,20:25:00,3.8,3.8,3.8,3.8,100,0
2016-12-30,22:00:00,3.7,3.8,3.7,3.8,656,0
2017-01-03,15:35:00,3.74,3.74,3.74,3.74,100,0
2017-01-03,15:45:00,3.835,3.835,3.835,3.835,100,0
2017-01-03,17:10:00,3.7,3.7,3.62,3.62,500,0
2017-01-03,17:15:00,3.6,3.68,3.6,3.65,800,0
2017-01-03,17:25:00,3.65,3.7,3.6391,3.65,35300,0
2017-01-03,17:30:00,3.65,3.75,3.63,3.65,2300,0
2017-01-03,17:35:00,3.6643,3.69,3.6643,3.665,1100,0
2017-01-03,17:50:00,3.67,3.67,3.67,3.67,100,0
2017-01-03,18:00:00,3.69,3.74,3.68,3.74,5700,0
2017-01-03,18:20:00,3.65,3.67,3.65,3.67,2900,0
2017-01-03,18:25:00,3.665,3.7,3.665,3.7,8200,0
2017-01-03,20:05:00,3.72,3.72,3.72,3.72,601,0
2017-01-03,20:10:00,3.69,3.69,3.69,3.69,1400,0
2017-01-03,20:30:00,3.7,3.7,3.7,3.7,100,0
2017-01-03,20:35:00,3.72,3.72,3.72,3.72,100,0
2017-01-03,21:50:00,3.72,3.73,3.72,3.73,200,0
2017-01-03,22:00:00,3.85,3.85,3.85,3.85,300,0
2017-01-04,15:35:00,3.79,3.79,3.79,3.79,100,0
2017-01-04,15:50:00,3.7318,3.74,3.68,3.6801,4300,0
2017-01-04,15:55:00,3.75,3.75,3.75,3.75,200,0
2017-01-04,16:50:00,3.75,3.75,3.75,3.75,100,0
2017-01-04,17:10:00,3.69,3.69,3.69,3.69,100,0
2017-01-04,18:05:00,3.7499,3.75,3.7499,3.75,613,0
2017-01-04,19:10:00,3.75,3.75,3.75,3.75,100,0
2017-01-04,19:25:00,3.75,3.75,3.75,3.75,100,0
2017-01-04,21:55:00,3.71,3.75,3.71,3.75,700,0
2017-01-05,15:35:00,3.8,3.8,3.8,3.8,100,0
2017-01-05,17:10:00,3.71,3.71,3.71,3.71,200,0
2017-01-05,18:40:00,3.7204,3.7204,3.7204,3.7204,200,0
2017-01-05,19:35:00,3.75,3.75,3.75,3.75,100,0
2017-01-05,22:00:00,3.7,3.75,3.7,3.75,200,0
2017-01-06,17:05:00,3.75,3.8,3.66,3.66,7200,0
2017-01-06,17:10:00,3.74,3.74,3.74,3.74,100,0
2017-01-06,18:20:00,3.68,3.68,3.68,3.68,100,0
2017-01-06,18:30:00,3.74,3.74,3.74,3.74,100,0
2017-01-06,18:35:00,3.7,3.83,3.7,3.83,1000,0
2017-01-06,18:40:00,3.83,3.83,3.83,3.83,100,0
2017-01-06,19:30:00,3.7,3.7,3.7,3.7,1100,0
2017-01-06,19:35:00,3.83,3.83,3.83,3.83,100,0
2017-01-06,20:05:00,3.82,3.82,3.82,3.82,100,0
2017-01-06,21:55:00,3.82,3.82,3.82,3.82,200,0
2017-01-09,21:40:00,3.8201,3.83,3.8201,3.83,1200,0
2017-01-10,19:00:00,3.8,3.8,3.8,3.8,100,0
2017-01-10,22:00:00,3.7999,3.7999,3.75,3.75,600,0
2017-01-11,15:55:00,3.7156,3.7156,3.7156,3.7156,500,0
2017-01-11,17:20:00,3.76,3.76,3.76,3.76,100,0
2017-01-11,18:40:00,3.84,3.85,3.8257,3.8257,5000,0
2017-01-11,18:50:00,3.79,3.79,3.68,3.68,1300,0
2017-01-11,18:55:00,3.59,3.71,3.59,3.71,500,0
2017-01-11,19:00:00,3.7,3.73,3.66,3.66,400,0
2017-01-11,19:05:00,3.65,3.7,3.65,3.7,600,0
2017-01-11,19:20:00,3.66,3.73,3.66,3.73,1200,0
2017-01-11,19:25:00,3.73,3.73,3.73,3.73,900,0
2017-01-11,19:35:00,3.73,3.73,3.73,3.73,700,0
2017-01-11,19:40:00,3.73,3.73,3.73,3.73,400,0
2017-01-11,19:45:00,3.73,3.73,3.73,3.73,100,0
2017-01-11,20:15:00,3.73,3.73,3.73,3.73,200,0
2017-01-11,20:20:00,3.73,3.73,3.73,3.73,100,0
2017-01-11,20:50:00,3.73,3.73,3.73,3.73,100,0
2017-01-11,21:10:00,3.73,3.73,3.73,3.73,200,0
2017-01-11,21:25:00,3.73,3.73,3.73,3.73,200,0
2017-01-11,22:00:00,3.73,3.78,3.72,3.78,1500,0
2017-01-12,16:00:00,3.6984,3.7,3.64,3.7,4000,0
2017-01-12,16:15:00,3.74,3.74,3.74,3.74,100,0
2017-01-12,18:10:00,3.7085,3.74,3.67,3.74,5100,0
2017-01-12,18:20:00,3.74,3.85,3.7,3.7,3200,0
2017-01-12,18:25:00,3.84,3.84,3.84,3.84,182,0
2017-01-12,19:05:00,3.829,3.829,3.829,3.829,1500,0
2017-01-12,21:05:00,3.73,3.85,3.7,3.85,7099,0
2017-01-12,21:35:00,3.7,3.85,3.7,3.85,200,0
2017-01-12,22:00:00,3.7,3.7,3.7,3.7,100,0
2017-01-13,15:35:00,3.76,3.85,3.76,3.85,422,0
2017-01-13,16:30:00,3.76,3.76,3.76,3.76,100,0
2017-01-13,16:35:00,3.76,3.76,3.76,3.76,100,0
2017-01-13,16:50:00,3.75,3.75,3.75,3.75,2200,0
2017-01-13,16:55:00,3.75,3.75,3.75,3.75,100,0
2017-01-13,17:00:00,3.75,3.75,3.75,3.75,100,0
2017-01-13,17:05:00,3.75,3.75,3.75,3.75,122,0
2017-01-13,17:15:00,3.7499,3.75,3.7498,3.7498,856,0
2017-01-13,17:20:00,3.7495,3.7495,3.7495,3.7495,122,0
2017-01-13,18:35:00,3.759,3.76,3.759,3.76,900,0
2017-01-13,19:00:00,3.79,3.79,3.76,3.76,300,0
2017-01-13,19:50:00,3.8,3.8,3.7927,3.7927,200,0
2017-01-13,20:00:00,3.8,3.89,3.7935,3.89,3833,0
2017-01-13,20:35:00,3.88,3.88,3.88,3.88,100,0
2017-01-18,15:40:00,3.8899,3.8899,3.8899,3.8899,140,0
2017-01-18,17:55:00,3.9,3.9,3.9,3.9,100,0
2017-01-18,18:45:00,3.88,3.88,3.88,3.88,100,0
2017-01-18,19:50:00,3.83,3.83,3.83,3.83,1415,0
2017-01-18,21:05:00,3.89,3.89,3.89,3.89,100,0
2017-01-19,15:45:00,3.8329,3.8329,3.8329,3.8329,140,0
2017-01-19,16:25:00,3.9,3.9,3.9,3.9,100,0
2017-01-19,18:00:00,3.82,3.82,3.82,3.82,100,0
2017-01-19,18:10:00,3.81,3.9,3.81,3.9,300,0
2017-01-23,15:35:00,3.83,3.83,3.83,3.83,100,0
2017-01-23,15:45:00,3.9,3.9,3.9,3.9,100,0
2017-01-24,17:25:00,3.9,3.9,3.8996,3.8996,1946,0
2017-01-24,17:50:00,3.99,4,3.99,4,400,0
2017-01-24,18:15:00,3.9601,4,3.9601,4,1127,0
2017-01-24,18:35:00,4,4.085,4,4.085,200,0
2017-01-24,20:20:00,4.08,4.08,4.08,4.08,200,0
2017-01-25,15:40:00,4.08,4.08,4.08,4.08,100,0
2017-01-26,15:40:00,4.08,4.08,4.08,4.08,100,0
2017-01-26,21:15:00,4.08,4.08,4.08,4.08,100,0
2017-01-27,15:35:00,4.07,4.07,4.07,4.07,140,0
2017-01-27,17:25:00,4.09,4.09,4.09,4.09,100,0
2017-01-27,17:55:00,4.1,4.1,4.0479,4.0479,895,0
2017-01-27,18:00:00,4.1,4.1,4.1,4.1,100,0
2017-01-27,18:15:00,4.15,4.15,4.15,4.15,100,0
2017-01-27,19:35:00,4.21,4.21,4.21,4.21,100,0
2017-01-30,20:15:00,4.1547,4.1547,4.1547,4.1547,150,0
2017-01-30,20:30:00,4.2,4.2,4.2,4.2,100,0
2017-01-31,18:50:00,4.21,4.21,4.21,4.21,100,0
2017-01-31,19:55:00,4.22,4.22,4.22,4.22,200,0
2017-01-31,20:55:00,4.22,4.22,4.22,4.22,200,0
2017-02-01,15:45:00,4.22,4.22,4.22,4.22,300,0
2017-02-01,16:05:00,4.2844,4.2844,4.2844,4.2844,2000,0
2017-02-01,16:25:00,4.4,4.4,4.4,4.4,200,0
2017-02-01,18:40:00,4.37,4.37,4.3227,4.3227,3000,0
2017-02-01,18:55:00,4.38,4.38,4.38,4.38,1000,0
2017-02-01,21:10:00,4.36,4.37,4.35,4.37,1100,0
2017-02-01,21:15:00,4.37,4.38,4.37,4.38,2800,0
2017-02-02,16:10:00,4.25,4.25,4.25,4.25,100,0
2017-02-02,17:10:00,4.29,4.29,4.29,4.29,100,0
2017-02-03,21:45:00,4.4251,4.4251,4.4251,4.4251,185,0
2017-02-06,20:45:00,4.44,4.44,4.44,4.44,100,0
2017-02-07,15:35:00,4.49,4.49,4.49,4.49,100,0
2017-02-07,15:40:00,4.4999,4.5,4.4999,4.4999,3500,0
2017-02-07,15:55:00,4.42,4.42,4.42,4.42,200,0
2017-02-08,17:50:00,4.2801,4.2801,4.2801,4.2801,100,0
2017-02-08,17:55:00,4.4,4.4,4.39,4.39,200,0
2017-02-08,18:30:00,4.34,4.36,4.34,4.36,200,0
2017-02-08,18:55:00,4.34,4.34,4.34,4.34,200,0
2017-02-08,19:20:00,4.2801,4.29,4.2801,4.29,250,0
2017-02-08,19:40:00,4.41,4.41,4.41,4.41,100,0
2017-02-08,21:40:00,4.35,4.35,4.35,4.35,985,0
2017-02-08,22:00:00,4.35,4.35,4.35,4.35,100,0
2017-02-09,20:45:00,4.27,4.27,4.25,4.25,300,0
2017-02-09,21:55:00,4.25,4.25,4.25,4.25,100,0
2017-02-09,22:00:00,4.25,4.25,4.25,4.25,200,0
2017-02-10,16:00:00,4.4,4.4,4.4,4.4,100,0
2017-02-10,16:30:00,4.39,4.49,4.331,4.3532,4400,0
2017-02-10,17:35:00,4.39,4.39,4.39,4.39,100,0
2017-02-10,20:35:00,4.39,4.39,4.35,4.39,1700,0
2017-02-13,19:10:00,4.271,4.271,4.271,4.271,250,0
2017-02-13,19:15:00,4.28,4.45,4.28,4.45,1400,0
2017-02-13,20:00:00,4.3,4.3,4.3,4.3,250,0
2017-02-13,20:55:00,4.3,4.3,4.3,4.3,900,0
2017-02-13,21:45:00,4.3065,4.3065,4.3065,4.3065,222,0
2017-02-13,22:00:00,4.3,4.312,4.3,4.3,2400,0
2017-02-14,15:55:00,4.45,4.45,4.45,4.45,100,0
2017-02-14,17:20:00,4.39,4.39,4.39,4.39,100,0
2017-02-14,18:40:00,4.39,4.44,4.39,4.44,200,0
2017-02-14,18:45:00,4.39,4.39,4.39,4.39,100,0
2017-02-14,19:10:00,4.37,4.37,4.37,4.37,500,0
2017-02-14,19:20:00,4.35,4.41,4.35,4.41,200,0
2017-02-14,19:25:00,4.35,4.35,4.35,4.35,100,0
2017-02-14,19:55:00,4.31,4.31,4.3,4.3,317,0
2017-02-14,20:20:00,4.27,4.27,4.27,4.27,500,0
2017-02-15,15:35:00,4.475,4.475,4.475,4.475,100,0
2017-02-15,19:15:00,4.227,4.3,4.227,4.3,300,0
2017-02-16,15:45:00,4.45,4.45,4.45,4.45,100,0
2017-02-16,21:50:00,4.23,4.23,4.21,4.21,1000,0
2017-02-16,21:55:00,4.21,4.21,4.21,4.21,200,0
2017-02-16,22:00:00,4.23,4.23,4.18,4.18,200,0
2017-02-17,15:35:00,4.37,4.37,4.37,4.37,100,0
2017-02-17,19:35:00,4.39,4.39,4.39,4.39,100,0
2017-02-17,20:05:00,4.43,4.43,4.43,4.43,100,0
2017-02-17,20:25:00,4.43,4.43,4.43,4.43,100,0
2017-02-17,21:45:00,4.21,4.21,4.18,4.2,700,0
2017-02-17,21:55:00,4.27,4.301,4.27,4.3,5541,0
2017-02-21,17:15:00,4.2576,4.27,4.19,4.27,1200,0
2017-02-21,19:35:00,4.1,4.1,4.06,4.06,2000,0
2017-02-21,19:40:00,4.26,4.26,4.26,4.26,100,0
2017-02-21,19:55:00,4.12,4.13,4.12,4.12,1500,0
2017-02-21,20:00:00,4.22,4.22,4.22,4.22,100,0
2017-02-21,20:15:00,4.2,4.2,4.2,4.2,100,0
2017-02-21,20:30:00,4.28,4.28,4.28,4.28,100,0
2017-02-21,20:50:00,4.15,4.15,4.05,4.06,500,0
2017-02-21,21:00:00,4.19,4.19,4.19,4.19,100,0
2017-02-21,21:05:00,4.12,4.12,4.1,4.1,500,0
2017-02-21,21:10:00,4.02,4.22,4.02,4.22,841,0
2017-02-21,22:00:00,4.35,4.35,4.35,4.35,100,0
2017-02-22,15:35:00,4.36,4.36,4.36,4.36,147,0
2017-02-22,19:50:00,4.14,4.17,4.1,4.17,700,0
2017-02-22,19:55:00,4.15,4.21,4.14,4.14,5300,0
2017-02-22,20:00:00,4.13,4.21,4.13,4.21,800,0
2017-02-22,22:00:00,4.3,4.3,4.3,4.3,102,0
2017-02-23,15:45:00,4.2986,4.2986,4.2986,4.2986,2400,0
2017-02-23,20:15:00,4.18,4.34,4.17,4.34,597,0
2017-02-24,15:35:00,4.25,4.25,4.17,4.17,400,0
2017-02-24,15:50:00,4.13,4.17,4.13,4.17,300,0
2017-02-24,17:20:00,4.17,4.17,4.17,4.17,300,0
2017-02-24,18:45:00,4.13,4.13,4.13,4.13,100,0
2017-02-24,18:50:00,4.16,4.16,4.16,4.16,100,0
2017-02-24,22:00:00,4.17,4.17,4.17,4.17,112,0
2017-02-27,16:40:00,4.245,4.245,4.245,4.245,100,0
2017-02-27,19:55:00,4.35,4.35,4.13,4.13,276,0
2017-02-27,20:10:00,4.13,4.13,4.13,4.13,1200,0
2017-02-27,20:20:00,4.1,4.1,4.1,4.1,200,0
2017-02-27,22:00:00,4.13,4.13,4.13,4.13,270,0
2017-02-28,15:35:00,4.11,4.11,4.11,4.11,100,0
2017-02-28,15:55:00,4.08,4.08,4.08,4.08,100,0
2017-02-28,19:10:00,4.02,4.02,4.02,4.02,200,0
2017-02-28,19:20:00,4.06,4.1,4.06,4.1,600,0
2017-02-28,21:55:00,4.04,4.04,4.04,4.04,200,0
2017-02-28,22:00:00,4,4,4,4,1500,0
2017-03-01,15:35:00,4.05,4.05,4.05,4.05,100,0
2017-03-01,16:15:00,4.08,4.08,4.08,4.08,100,0
2017-03-01,16:20:00,4.076,4.076,4.076,4.076,450,0
2017-03-01,18:40:00,4.0904,4.1,4.09,4.0997,1200,0
2017-03-01,19:00:00,4.04,4.04,4.04,4.04,100,0
2017-03-01,19:50:00,4.06,4.06,4.05,4.05,200,0
2017-03-01,21:05:00,4.05,4.05,4.05,4.05,100,0
2017-03-01,21:50:00,4.05,4.05,4.05,4.05,814,0
2017-03-01,22:00:00,4.03,4.03,4.03,4.03,100,0
2017-03-02,15:55:00,3.98,3.98,3.98,3.98,400,0
2017-03-02,16:20:00,3.9159,3.98,3.9159,3.98,300,0
2017-03-02,16:25:00,3.945,3.98,3.945,3.98,500,0
2017-03-02,18:25:00,3.96,4.01,3.96,4.01,400,0
2017-03-02,21:40:00,3.96,3.96,3.88,3.9,1800,0
2017-03-02,21:45:00,3.89,3.9,3.89,3.8999,1200,0
2017-03-02,21:50:00,3.85,3.85,3.85,3.85,100,0
2017-03-02,21:55:00,3.9,3.9,3.9,3.9,100,0
2017-03-02,22:00:00,4.01,4.01,4.01,4.01,100,0
2017-03-03,15:35:00,4.01,4.01,4.01,4.01,100,0
2017-03-03,15:50:00,4.03,4.03,4.03,4.03,100,0
2017-03-03,16:50:00,3.92,3.97,3.92,3.97,200,0
2017-03-03,17:20:00,4.02,4.02,4.02,4.02,100,0
2017-03-03,18:10:00,3.89,3.89,3.89,3.89,200,0
2017-03-03,18:15:00,4.02,4.02,3.85,4.02,300,0
2017-03-03,18:20:00,3.86,4.02,3.86,3.86,400,0
2017-03-03,18:25:00,3.96,4.02,3.96,4.02,600,0
2017-03-03,18:30:00,4.03,4.03,4.02,4.02,200,0
2017-03-03,18:45:00,4.02,4.03,3.85,4.03,3928,0
2017-03-03,20:50:00,3.91,3.99,3.9,3.99,500,0
2017-03-03,21:00:00,3.91,3.99,3.91,3.99,200,0
2017-03-03,22:00:00,3.91,4.05,3.91,4.05,209,0
2017-03-06,19:35:00,4.15,4.15,4.15,4.15,200,0
2017-03-07,18:15:00,4.21,4.3,4.21,4.3,590,0
2017-03-07,20:00:00,4.3,4.3,4.3,4.3,100,0
2017-03-07,20:35:00,4.35,4.35,4.35,4.35,100,0
2017-03-08,15:35:00,4.1,4.22,4.09,4.1,602,0
2017-03-08,18:25:00,4.01,4.01,4.01,4.01,200,0
2017-03-08,18:30:00,4.08,4.08,4.08,4.08,100,0
2017-03-08,19:25:00,4.0751,4.0751,4.0751,4.0751,210,0
2017-03-08,19:35:00,4.09,4.09,4.09,4.09,100,0
2017-03-08,20:55:00,4.079,4.079,4.079,4.079,300,0
2017-03-08,22:00:00,4.1,4.1,4.1,4.1,102,0
2017-03-09,15:35:00,4.1,4.1,3.99,4.1,700,0
2017-03-09,15:50:00,4.0999,4.0999,4.0999,4.0999,400,0
2017-03-09,15:55:00,4.0999,4.1,4.0999,4.1,1300,0
2017-03-09,20:25:00,4,4,4,4,385,0
2017-03-09,20:30:00,4.1,4.1,4.1,4.1,100,0
2017-03-10,15:40:00,4.3,4.3,4,4.19,500,0
2017-03-10,21:40:00,4.06,4.06,4,4,2100,0
2017-03-10,21:50:00,4,4,4,4,600,0
2017-03-10,21:55:00,4,4,4,4,200,0
2017-03-10,22:00:00,4.06,4.06,4.06,4.06,100,0
2017-03-13,19:15:00,4.06,4.06,4.06,4.06,100,0
2017-03-13,19:50:00,4.01,4.01,4,4,500,0
2017-03-13,19:55:00,4,4,4,4,100,0
2017-03-13,21:00:00,4,4,4,4,100,0
2017-03-14,15:10:00,4,4,3.99,4,700,0
2017-03-15,21:00:00,3.9,3.9,3.9,3.9,131,0
2017-03-16,14:35:00,4,4.08,4,4.08,200,0
2017-03-17,14:55:00,4.07,4.07,4.07,4.07,100,0
2017-03-17,15:10:00,4.05,4.05,4.05,4.05,200,0
2017-03-17,21:00:00,4.1,4.1,4.1,4.1,200,0
2017-03-20,15:00:00,3.9915,3.9915,3.9915,3.9915,300,0
2017-03-20,15:05:00,3.953,4,3.9508,4,300,0
2017-03-20,16:45:00,4,4,4,4,100,0
2017-03-20,17:30:00,4,4,4,4,100,0
2017-03-20,20:30:00,3.97,3.97,3.95,3.97,1233,0
2017-03-20,21:00:00,4.18,4.18,4.18,4.18,100,0
2017-03-21,14:35:00,4.1,4.1,4.1,4.1,100,0
2017-03-21,16:45:00,3.95,3.96,3.9,3.95,2237,0
2017-03-21,16:50:00,3.95,3.95,3.95,3.95,100,0
2017-03-21,19:55:00,3.92,3.92,3.9,3.9,200,0
2017-03-21,20:00:00,3.9,3.9,3.9,3.9,200,0
2017-03-21,20:10:00,3.9,3.9,3.9,3.9,100,0
2017-03-21,20:15:00,3.9,3.9,3.9,3.9,100,0
2017-03-21,21:00:00,3.9,3.9,3.89,3.89,300,0
2017-03-22,14:35:00,3.96,3.96,3.96,3.96,100,0
2017-03-22,16:00:00,4.02,4.02,4.02,4.02,100,0
2017-03-22,20:10:00,4.0889,4.0889,4.085,4.085,300,0
2017-03-23,14:35:00,3.97,4.09,3.97,4.09,200,0
2017-03-23,15:35:00,3.98,3.98,3.98,3.98,200,0
2017-03-23,16:20:00,3.95,3.95,3.95,3.95,2600,0
2017-03-23,17:05:00,3.94,3.94,3.94,3.94,100,0
2017-03-23,18:20:00,3.95,3.95,3.95,3.95,450,0
2017-03-23,20:10:00,3.93,4.06,3.93,4.06,1050,0
2017-03-23,20:55:00,3.92,3.9204,3.92,3.9204,500,0
2017-03-24,14:35:00,3.95,3.95,3.95,3.95,100,0
2017-03-24,18:05:00,3.93,3.93,3.93,3.93,900,0
2017-03-24,18:10:00,4.03,4.03,4.03,4.03,100,0
2017-03-24,19:40:00,4.1,4.1,4.1,4.1,100,0
2017-03-24,20:25:00,3.9317,3.9317,3.9317,3.9317,690,0
2017-03-24,20:30:00,3.99,3.99,3.99,3.99,100,0
2017-03-24,20:35:00,3.98,3.99,3.94,3.94,500,0
2017-03-24,20:40:00,3.94,3.94,3.93,3.93,200,0
2017-03-24,21:00:00,4.1,4.1,4.1,4.1,100,0
2017-03-27,17:30:00,4.4946,4.4946,3.9601,3.9601,7,0
2017-03-29,15:35:00,3.96,4.08,3.95,4.08,2500,0
2017-03-29,18:00:00,3.93,3.94,3.92,3.92,1300,0
2017-03-29,18:05:00,4.1,4.1,3.92,3.92,200,0
2017-03-29,18:10:00,4.07,4.07,4.07,4.07,100,0
2017-03-29,19:30:00,3.93,3.93,3.93,3.93,500,0
2017-03-29,19:40:00,3.95,3.95,3.95,3.95,250,0
2017-03-29,19:45:00,3.9,3.9,3.9,3.9,100,0
2017-03-29,19:50:00,4.05,4.05,4.05,4.05,100,0
2017-03-29,22:00:00,3.97,3.97,3.97,3.97,100,0
2017-03-30,15:35:00,4.27,4.27,4.27,4.27,100,0
2017-03-30,17:55:00,4.17,4.17,4.17,4.17,100,0
2017-03-30,18:15:00,4.1843,4.1843,4.1843,4.1843,100,0
2017-03-30,21:55:00,4.04,4.04,4.03,4.03,200,0
2017-03-31,15:40:00,4.03,4.03,4.01,4.01,600,0
2017-03-31,16:25:00,4.05,4.05,4.05,4.05,100,0
2017-03-31,18:05:00,4.02,4.02,4.02,4.02,100,0
2017-03-31,22:00:00,4.02,4.02,4.02,4.02,100,0
2017-04-03,15:55:00,3.98,4,3.98,4,200,0
2017-04-03,16:35:00,3.99,3.99,3.99,3.99,200,0
2017-04-03,18:55:00,3.93,3.93,3.93,3.93,1500,0
2017-04-03,19:00:00,3.93,3.98,3.9201,3.98,2000,0
2017-04-03,22:00:00,4,4,4,4,100,0
2017-04-04,15:35:00,4.18,4.18,4.18,4.18,100,0
2017-04-05,15:35:00,4.18,4.18,4.18,4.18,210,0
2017-04-05,17:40:00,4.0571,4.0571,4.05,4.05,500,0
2017-04-05,18:25:00,4.02,4.02,3.83,3.98,2650,0
2017-04-05,18:30:00,3.97,4.05,3.7,4,10380,0
2017-04-05,19:15:00,3.9,3.9,3.9,3.9,9343,0
2017-04-05,19:20:00,3.9,4.04,3.9,4.04,200,0
2017-04-05,21:10:00,3.91,3.91,3.9,3.9008,500,0
2017-04-05,21:15:00,4.03,4.03,4.03,4.03,100,0
2017-04-05,21:20:00,3.98,4.03,3.98,4.03,200,0
2017-04-05,21:45:00,4.05,4.05,4.025,4.05,2434,0
2017-04-05,21:55:00,4.03,4.03,4.03,4.03,200,0
2017-04-05,22:00:00,4.09,4.09,4.09,4.09,100,0
2017-04-06,20:05:00,3.9852,3.9852,3.9852,3.9852,200,0
2017-04-06,20:15:00,3.99,4,3.99,4,1200,0
2017-04-06,20:20:00,4,4,4,4,100,0
2017-04-07,21:50:00,4.22,4.22,4.22,4.22,100,0
2017-04-10,16:55:00,4.23,4.23,4.04,4.04,200,0
2017-04-11,18:35:00,4,4,4,4,2500,0
2017-04-11,18:50:00,3.99,3.99,3.99,3.99,2500,0
2017-04-11,18:55:00,3.99,3.99,3.99,3.99,400,0
2017-04-11,19:25:00,3.99,3.99,3.99,3.99,400,0
2017-04-11,19:50:00,3.99,3.99,3.99,3.99,200,0
2017-04-11,21:45:00,3.97,3.97,3.9504,3.9504,500,0
2017-04-11,21:50:00,3.99,3.99,3.99,3.99,100,0
2017-04-11,22:00:00,3.95,3.95,3.95,3.95,112,0
2017-04-12,15:35:00,4.07,4.08,3.87,4.08,300,0
2017-04-12,16:25:00,3.95,3.95,3.75,3.92,701,0
2017-04-12,18:20:00,3.99,3.99,3.99,3.99,200,0
2017-04-12,22:00:00,3.9578,3.9578,3.9578,3.9578,600,0
2017-04-13,16:05:00,4.09,4.09,4.09,4.09,100,0
2017-04-13,21:40:00,3.935,3.935,3.928,3.928,2000,0
2017-04-13,22:00:00,3.935,4.1,3.928,4.1,2216,0
2017-04-17,18:20:00,4.04,4.04,4.04,4.04,100,0
2017-04-17,18:25:00,4.04,4.04,4.04,4.04,500,0
2017-04-17,18:30:00,4.02,4.02,4.02,4.02,150,0
2017-04-17,18:40:00,4.02,4.02,4.02,4.02,300,0
2017-04-17,19:15:00,4.03,4.03,4.03,4.03,1400,0
2017-04-17,19:20:00,4.03,4.03,4.03,4.03,600,0
2017-04-17,19:25:00,4.03,4.03,4.03,4.03,639,0
2017-04-17,19:45:00,4.03,4.03,4.03,4.03,300,0
2017-04-17,19:55:00,4.03,4.03,4.03,4.03,300,0
2017-04-17,20:20:00,4.03,4.03,4.03,4.03,400,0
2017-04-17,20:25:00,4.03,4.03,4.03,4.03,300,0
2017-04-17,20:40:00,4.03,4.03,4.03,4.03,400,0
2017-04-17,21:25:00,4.0409,4.0409,4.0409,4.0409,910,0
2017-04-17,22:00:00,4.03,4.03,4.03,4.03,100,0
2017-04-19,20:05:00,3.95,3.95,3.9,3.95,800,0
2017-04-19,20:10:00,3.9,3.9,3.897,3.9,2140,0
2017-04-19,20:25:00,3.9,3.9,3.9,3.9,100,0
2017-04-19,20:30:00,3.87,3.9,3.85,3.9,1600,0
2017-04-19,20:50:00,3.9,3.9,3.9,3.9,200,0
2017-04-19,21:15:00,3.85,3.85,3.85,3.85,229,0
2017-04-19,21:20:00,3.847,3.9,3.73,3.8,2683,0
2017-04-19,21:30:00,3.98,4.07,3.98,4.07,300,0
2017-04-19,21:55:00,4.06,4.06,4.06,4.06,2000,0
2017-04-19,22:00:00,4.07,4.07,4.07,4.07,100,0
2017-04-20,17:30:00,4.02,4.02,4.02,4.02,1000,0
2017-04-20,17:35:00,4.02,4.02,4.02,4.02,300,0
2017-04-20,18:20:00,4.02,4.02,3.99,3.99,400,0
2017-04-20,18:25:00,3.95,4.02,3.95,4.02,1987,0
2017-04-20,22:00:00,3.95,3.95,3.95,3.95,100,0
2017-04-21,15:35:00,4.1,4.1,4.1,4.1,103,0
2017-04-24,18:00:00,4.0616,4.0616,4.0616,4.0616,800,0
2017-04-24,18:10:00,4.04,4.04,4.04,4.04,300,0
2017-04-24,18:30:00,3.86,3.93,3.79,3.93,2800,0
2017-04-24,18:35:00,3.85,4.03,3.81,3.92,5801,0
2017-04-24,18:45:00,3.9,3.9,3.9,3.9,300,0
2017-04-24,18:50:00,3.9,3.9,3.9,3.9,600,0
2017-04-24,18:55:00,3.9,3.9,3.9,3.9,400,0
2017-04-24,19:00:00,3.9,3.9,3.9,3.9,100,0
2017-04-24,19:05:00,3.9,3.9,3.9,3.9,100,0
2017-04-24,19:10:00,3.9,3.9,3.9,3.9,500,0
2017-04-24,19:15:00,3.9,3.9,3.9,3.9,200,0
2017-04-24,19:20:00,3.9,3.94,3.9,3.94,400,0
2017-04-24,21:20:00,3.9261,3.9261,3.9261,3.9261,100,0
2017-04-24,22:00:00,3.875,4.05,3.875,4.05,200,0
2017-04-25,15:35:00,3.9,3.99,3.9,3.99,405,0
2017-04-25,18:55:00,3.88,3.9,3.88,3.9,1200,0
2017-04-25,19:00:00,3.9,3.9,3.9,3.9,300,0
2017-04-25,19:20:00,3.9,3.9,3.9,3.9,200,0
2017-04-25,19:25:00,3.9,3.9,3.9,3.9,100,0
2017-04-25,19:35:00,3.9,3.91,3.9,3.91,300,0
2017-04-25,20:25:00,3.92,3.92,3.92,3.92,100,0
2017-04-25,20:35:00,3.92,3.92,3.92,3.92,100,0
2017-04-25,20:45:00,3.92,3.92,3.92,3.92,200,0
2017-04-25,20:55:00,3.935,3.935,3.935,3.935,100,0
2017-04-25,21:20:00,3.935,3.935,3.935,3.935,200,0
2017-04-25,21:25:00,3.935,3.94,3.935,3.94,800,0
2017-04-25,21:50:00,3.94,3.94,3.93,3.93,200,0
2017-04-25,22:00:00,4.05,4.05,4.05,4.05,100,0
2017-04-26,16:05:00,3.95,3.994,3.91,3.994,6496,0
