Date,Time,Open,High,Low,Close,Volume,OpenInt
2017-04-10,15:35:00,23.87,23.8861,23.78,23.8861,10580,0
2017-04-10,15:40:00,23.82,23.86,23.76,23.83,3704,0
2017-04-10,15:45:00,23.89,24.06,23.87,23.99,12639,0
2017-04-10,15:50:00,23.96,24.06,23.93,24.01,2250,0
2017-04-10,15:55:00,24.02,24.07,24.01,24.07,1515,0
2017-04-10,16:00:00,24.06,24.13,24.03,24.13,4738,0
2017-04-10,16:05:00,24.08,24.19,24.08,24.13,6810,0
2017-04-10,16:10:00,24.17,24.21,24.12,24.21,3631,0
2017-04-10,16:15:00,24.22,24.27,24.18,24.25,7774,0
2017-04-10,16:20:00,24.25,24.25,24.16,24.16,1850,0
2017-04-10,16:25:00,24.16,24.2,24.16,24.16,2401,0
2017-04-10,16:30:00,24.19,24.22,24.18,24.2,1400,0
2017-04-10,16:35:00,24.19,24.24,24.19,24.215,3600,0
2017-04-10,16:40:00,24.21,24.23,24.195,24.21,1700,0
2017-04-10,16:45:00,24.19,24.21,24.16,24.16,4414,0
2017-04-10,16:50:00,24.15,24.175,24.11,24.11,6334,0
2017-04-10,16:55:00,24.0888,24.12,24.07,24.09,7100,0
2017-04-10,17:00:00,24.1,24.1,24.09,24.09,800,0
2017-04-10,17:05:00,24.08,24.09,24.05,24.09,7032,0
2017-04-10,17:10:00,24.09,24.1,24.045,24.07,4300,0
2017-04-10,17:15:00,24.08,24.1,24.06,24.09,11025,0
2017-04-10,17:20:00,24.1,24.16,24.09,24.16,10300,0
2017-04-10,17:25:00,24.18,24.22,24.17,24.18,3000,0
2017-04-10,17:30:00,24.17,24.21,24.13,24.21,1641,0
2017-04-10,17:35:00,24.21,24.21,24.06,24.06,3000,0
2017-04-10,17:40:00,24.1,24.16,24.08,24.09,1800,0
2017-04-10,17:45:00,24.09,24.1,24.02,24.08,3809,0
2017-04-10,17:50:00,24.07,24.1,24.06,24.1,1100,0
2017-04-10,17:55:00,24.12,24.14,24.08,24.13,920,0
2017-04-10,18:00:00,24.13,24.13,24.04,24.04,3300,0
2017-04-10,18:05:00,24.09,24.14,24.09,24.13,1200,0
2017-04-10,18:10:00,24.13,24.14,24.09,24.1,2200,0
2017-04-10,18:15:00,24.08,24.08,23.96,23.96,2681,0
2017-04-10,18:20:00,23.99,24.025,23.98,24.02,600,0
2017-04-10,18:25:00,24.02,24.0259,24.01,24.01,1091,0
2017-04-10,18:30:00,24.01,24.01,23.98,23.99,1937,0
2017-04-10,18:35:00,23.99,24.03,23.98,24.02,2002,0
2017-04-10,18:40:00,24.04,24.04,24.01,24.01,1800,0
2017-04-10,18:45:00,24,24.04,24,24.04,6600,0
2017-04-10,18:50:00,24.01,24.02,23.98,24.02,5715,0
2017-04-10,18:55:00,24.03,24.05,24.02,24.025,4484,0
2017-04-10,19:00:00,24.01,24.05,24.01,24.05,400,0
2017-04-10,19:05:00,24.03,24.05,24.02,24.05,4594,0
2017-04-10,19:10:00,24.04,24.06,24.02,24.03,1800,0
2017-04-10,19:15:00,24.0293,24.05,24.02,24.04,3700,0
2017-04-10,19:20:00,24.06,24.07,24.03,24.03,3300,0
2017-04-10,19:25:00,24.04,24.06,24.01,24.04,3900,0
2017-04-10,19:30:00,24.04,24.045,24,24,2671,0
2017-04-10,19:35:00,24.015,24.02,23.98,23.98,3597,0
2017-04-10,19:40:00,24,24.05,23.99,24.02,7502,0
2017-04-10,19:45:00,24.01,24.04,24.01,24.04,2189,0
2017-04-10,19:50:00,24.02,24.035,23.98,23.99,2641,0
2017-04-10,19:55:00,23.98,23.995,23.95,23.96,2900,0
2017-04-10,20:00:00,23.965,23.97,23.96,23.97,1500,0
2017-04-10,20:05:00,23.98,23.995,23.91,23.91,3200,0
2017-04-10,20:10:00,23.94,23.965,23.93,23.955,3164,0
2017-04-10,20:15:00,23.955,24,23.955,24,6136,0
2017-04-10,20:20:00,24,24,23.9635,24,8895,0
2017-04-10,20:25:00,24.01,24.1,24,24.1,8835,0
2017-04-10,20:30:00,24.08,24.095,24.04,24.07,8855,0
2017-04-10,20:35:00,24.06,24.07,24.04,24.06,14775,0
2017-04-10,20:40:00,24.06,24.07,24.01,24.03,8363,0
2017-04-10,20:45:00,24.02,24.07,24.01,24.07,5677,0
2017-04-10,20:50:00,24.09,24.12,24.07,24.09,7000,0
2017-04-10,20:55:00,24.095,24.14,24.095,24.135,6897,0
2017-04-10,21:00:00,24.135,24.16,24.12,24.145,5212,0
2017-04-10,21:05:00,24.15,24.155,24.12,24.14,5926,0
2017-04-10,21:10:00,24.14,24.18,24.13,24.13,10071,0
2017-04-10,21:15:00,24.13,24.15,24.1,24.1,5680,0
2017-04-10,21:20:00,24.105,24.18,24.105,24.14,13540,0
2017-04-10,21:25:00,24.14,24.14,24.05,24.11,10891,0
2017-04-10,21:30:00,24.12,24.17,24.11,24.17,12006,0
2017-04-10,21:35:00,24.14,24.15,24.09,24.12,12622,0
2017-04-10,21:40:00,24.13,24.16,24.115,24.135,15858,0
2017-04-10,21:45:00,24.14,24.14,24.11,24.115,19188,0
2017-04-10,21:50:00,24.12,24.16,24.11,24.115,26299,0
2017-04-10,21:55:00,24.12,24.14,24.1,24.11,24584,0
2017-04-10,22:00:00,24.11,24.14,24.075,24.12,114138,0
2017-04-11,15:35:00,24.04,24.11,24,24.02,13317,0
2017-04-11,15:40:00,23.99,24.06,23.9278,24.055,8554,0
2017-04-11,15:45:00,24.06,24.08,23.95,24.06,24215,0
2017-04-11,15:50:00,24.02,24.02,23.92,23.92,9010,0
2017-04-11,15:55:00,23.92,23.99,23.87,23.965,10600,0
2017-04-11,16:00:00,23.98,24.0496,23.91,24.0496,8300,0
2017-04-11,16:05:00,24.04,24.09,24.01,24.06,6173,0
2017-04-11,16:10:00,24.08,24.14,24.05,24.09,7233,0
2017-04-11,16:15:00,24.09,24.09,23.96,23.96,5000,0
2017-04-11,16:20:00,23.95,24,23.93,24,2400,0
2017-04-11,16:25:00,24.02,24.02,23.9,23.91,4040,0
2017-04-11,16:30:00,23.95,24.04,23.95,24.04,4127,0
2017-04-11,16:35:00,24.01,24.01,23.9,23.91,3400,0
2017-04-11,16:40:00,23.9,24.05,23.9,24.04,3900,0
2017-04-11,16:45:00,24.04,24.04,23.91,23.96,6613,0
2017-04-11,16:50:00,24,24.03,23.96,23.96,3786,0
2017-04-11,16:55:00,23.92,23.96,23.92,23.92,4475,0
2017-04-11,17:00:00,23.92,24.01,23.91,24.01,4988,0
2017-04-11,17:05:00,23.98,24.02,23.94,24,3658,0
2017-04-11,17:10:00,23.99,24.04,23.95,23.95,4749,0
2017-04-11,17:15:00,23.95,23.95,23.89,23.91,1977,0
2017-04-11,17:20:00,23.95,24.05,23.95,24.04,5681,0
2017-04-11,17:25:00,24.03,24.08,24,24.05,4063,0
2017-04-11,17:30:00,24.04,24.06,24,24.02,3286,0
2017-04-11,17:35:00,24.02,24.07,24.01,24.07,4194,0
2017-04-11,17:40:00,24.06,24.13,24.05,24.11,5700,0
2017-04-11,17:45:00,24.11,24.13,24.08,24.12,4269,0
2017-04-11,17:50:00,24.09,24.16,24.05,24.15,4820,0
2017-04-11,17:55:00,24.15,24.16,24.09,24.09,4400,0
2017-04-11,18:00:00,24.13,24.175,24.08,24.09,4300,0
2017-04-11,18:05:00,24.1,24.13,24.04,24.04,3325,0
2017-04-11,18:10:00,24.06,24.0932,24.0401,24.0801,4901,0
2017-04-11,18:15:00,24.09,24.11,24.0701,24.0901,3700,0
2017-04-11,18:20:00,24.0901,24.18,24.09,24.13,6936,0
2017-04-11,18:25:00,24.13,24.1701,24.13,24.14,3100,0
2017-04-11,18:30:00,24.1411,24.35,24.07,24.28,33069,0
2017-04-11,18:35:00,24.29,24.32,24.15,24.1501,5307,0
2017-04-11,18:40:00,24.15,24.15,24.08,24.12,10863,0
2017-04-11,18:45:00,24.12,24.12,24.0201,24.0301,4857,0
2017-04-11,18:50:00,24.0501,24.065,24.03,24.06,5400,0
2017-04-11,18:55:00,24.06,24.18,24.06,24.17,21898,0
2017-04-11,19:00:00,24.16,24.22,24.16,24.205,3600,0
2017-04-11,19:05:00,24.2,24.24,24.2,24.23,6091,0
2017-04-11,19:10:00,24.25,24.27,24.14,24.15,4400,0
2017-04-11,19:15:00,24.1201,24.1801,24.1201,24.1301,2700,0
2017-04-11,19:20:00,24.1401,24.16,24.09,24.119,9811,0
2017-04-11,19:25:00,24.09,24.14,24.05,24.05,9150,0
2017-04-11,19:30:00,24.05,24.0601,24.0001,24.02,11950,0
2017-04-11,19:35:00,24.025,24.04,24.0001,24.0001,2800,0
2017-04-11,19:40:00,24.01,24.07,24.01,24.05,6057,0
2017-04-11,19:45:00,24.05,24.05,23.9901,24,3792,0
2017-04-11,19:50:00,24.02,24.05,23.98,23.99,5201,0
2017-04-11,19:55:00,23.99,24.04,23.98,24.01,4955,0
2017-04-11,20:00:00,24.01,24.04,24.01,24.03,3218,0
2017-04-11,20:05:00,24.0401,24.09,24.04,24.07,4305,0
2017-04-11,20:10:00,24.09,24.13,24.07,24.09,7128,0
2017-04-11,20:15:00,24.1,24.11,24,24.0301,5025,0
2017-04-11,20:20:00,24.03,24.11,24.03,24.095,9709,0
2017-04-11,20:25:00,24.11,24.12,24.06,24.1101,3900,0
2017-04-11,20:30:00,24.13,24.16,24.1,24.14,10100,0
2017-04-11,20:35:00,24.12,24.13,24.06,24.13,69364,0
2017-04-11,20:40:00,24.13,24.1799,24.125,24.14,7354,0
2017-04-11,20:45:00,24.16,24.17,24.14,24.16,5952,0
2017-04-11,20:50:00,24.15,24.165,24.15,24.15,4231,0
2017-04-11,20:55:00,24.15,24.18,24.1201,24.17,4700,0
2017-04-11,21:00:00,24.16,24.195,24.14,24.17,5400,0
2017-04-11,21:05:00,24.17,24.25,24.17,24.23,6863,0
2017-04-11,21:10:00,24.22,24.22,24.17,24.18,1515,0
2017-04-11,21:15:00,24.19,24.215,24.145,24.15,6320,0
2017-04-11,21:20:00,24.13,24.14,24.08,24.095,5089,0
2017-04-11,21:25:00,24.0901,24.1,24.04,24.06,11600,0
2017-04-11,21:30:00,24.07,24.075,24.02,24.06,14021,0
2017-04-11,21:35:00,24.04,24.0832,24.03,24.07,18357,0
2017-04-11,21:40:00,24.08,24.08,24.04,24.08,17283,0
2017-04-11,21:45:00,24.08,24.095,24.05,24.05,17848,0
2017-04-11,21:50:00,24.05,24.05,24.01,24.025,35168,0
2017-04-11,21:55:00,24.025,24.05,24,24.035,30914,0
2017-04-11,22:00:00,24.035,24.16,24.03,24.1,120238,0
2017-04-12,15:35:00,24.05,24.11,23.9152,24.11,12764,0
2017-04-12,15:40:00,24.1,24.2,24.04,24.2,1060,0
2017-04-12,15:45:00,24.2252,24.2252,24.14,24.16,2561,0
2017-04-12,15:50:00,24.19,24.19,24.08,24.08,1400,0
2017-04-12,15:55:00,24.07,24.15,24.06,24.145,1100,0
2017-04-12,16:00:00,24.12,24.13,24.08,24.08,1100,0
2017-04-12,16:05:00,24.11,24.2,24.11,24.2,6095,0
2017-04-12,16:10:00,24.22,24.24,24.16,24.16,3421,0
2017-04-12,16:15:00,24.16,24.21,24.14,24.155,3063,0
2017-04-12,16:20:00,24.15,24.26,24.13,24.19,3697,0
2017-04-12,16:25:00,24.2,24.24,24.2,24.21,1300,0
2017-04-12,16:30:00,24.19,24.19,24.14,24.14,1000,0
2017-04-12,16:35:00,24.11,24.29,24.085,24.15,9723,0
2017-04-12,16:40:00,24.16,24.18,24.1,24.1,6261,0
2017-04-12,16:45:00,24.08,24.1,23.83,23.84,58280,0
2017-04-12,16:50:00,23.9,23.9,23.75,23.76,10462,0
2017-04-12,16:55:00,23.755,23.87,23.755,23.82,5700,0
2017-04-12,17:00:00,23.87,23.91,23.82,23.83,3665,0
2017-04-12,17:05:00,23.83,23.9,23.805,23.87,14055,0
2017-04-12,17:10:00,23.88,23.92,23.87,23.88,9430,0
2017-04-12,17:15:00,23.88,23.89,23.75,23.75,14062,0
2017-04-12,17:20:00,23.75,23.77,23.7,23.73,10142,0
2017-04-12,17:25:00,23.72,23.76,23.63,23.63,73854,0
2017-04-12,17:30:00,23.62,23.67,23.59,23.63,11842,0
2017-04-12,17:35:00,23.65,23.715,23.65,23.69,8151,0
2017-04-12,17:40:00,23.68,23.68,23.6,23.6,17313,0
2017-04-12,17:45:00,23.6,23.62,23.555,23.56,13890,0
2017-04-12,17:50:00,23.57,23.57,23.51,23.53,12473,0
2017-04-12,17:55:00,23.53,23.54,23.46,23.46,21796,0
2017-04-12,18:00:00,23.47,23.47,23.38,23.39,23314,0
2017-04-12,18:05:00,23.38,23.42,23.35,23.37,13574,0
2017-04-12,18:10:00,23.35,23.35,23.26,23.3,20848,0
2017-04-12,18:15:00,23.31,23.33,23.29,23.32,13644,0
2017-04-12,18:20:00,23.34,23.39,23.3,23.3,7122,0
2017-04-12,18:25:00,23.32,23.38,23.32,23.38,6126,0
2017-04-12,18:30:00,23.38,23.42,23.38,23.42,6876,0
2017-04-12,18:35:00,23.42,23.42,23.35,23.4,8689,0
2017-04-12,18:40:00,23.39,23.41,23.3775,23.4,10023,0
2017-04-12,18:45:00,23.41,23.41,23.35,23.39,7785,0
2017-04-12,18:50:00,23.4,23.42,23.38,23.4,6354,0
2017-04-12,18:55:00,23.42,23.42,23.35,23.37,10630,0
2017-04-12,19:00:00,23.36,23.375,23.36,23.375,200,0
2017-04-12,19:05:00,23.39,23.46,23.38,23.45,8361,0
2017-04-12,19:10:00,23.42,23.47,23.41,23.46,6928,0
2017-04-12,19:15:00,23.46,23.46,23.4,23.42,3414,0
2017-04-12,19:20:00,23.4,23.4,23.37,23.4,2454,0
2017-04-12,19:25:00,23.39,23.43,23.39,23.42,2100,0
2017-04-12,19:30:00,23.4,23.43,23.39,23.42,9165,0
2017-04-12,19:35:00,23.41,23.42,23.3875,23.42,10846,0
2017-04-12,19:40:00,23.42,23.51,23.42,23.51,8084,0
2017-04-12,19:45:00,23.5,23.53,23.5,23.52,5197,0
2017-04-12,19:50:00,23.52,23.57,23.505,23.54,6935,0
2017-04-12,19:55:00,23.54,23.54,23.49,23.5,6092,0
2017-04-12,20:00:00,23.5,23.53,23.46,23.5,10357,0
2017-04-12,20:05:00,23.51,23.51,23.44,23.44,7130,0
2017-04-12,20:10:00,23.44,23.49,23.44,23.49,3000,0
2017-04-12,20:15:00,23.48,23.48,23.46,23.46,13992,0
2017-04-12,20:20:00,23.46,23.48,23.45,23.47,4945,0
2017-04-12,20:25:00,23.46,23.46,23.42,23.43,6425,0
2017-04-12,20:30:00,23.43,23.46,23.4175,23.46,4553,0
2017-04-12,20:35:00,23.43,23.46,23.42,23.44,7359,0
2017-04-12,20:40:00,23.45,23.45,23.38,23.38,20145,0
2017-04-12,20:45:00,23.3808,23.3808,23.31,23.32,12158,0
2017-04-12,20:50:00,23.315,23.33,23.3,23.31,15151,0
2017-04-12,20:55:00,23.3,23.355,23.3,23.34,20107,0
2017-04-12,21:00:00,23.36,23.37,23.33,23.34,5442,0
2017-04-12,21:05:00,23.345,23.345,23.295,23.3,18152,0
2017-04-12,21:10:00,23.285,23.32,23.25,23.3,18297,0
2017-04-12,21:15:00,23.31,23.335,23.25,23.295,13715,0
2017-04-12,21:20:00,23.29,23.315,23.29,23.31,12875,0
2017-04-12,21:25:00,23.31,23.4,23.305,23.365,17596,0
2017-04-12,21:30:00,23.36,23.39,23.33,23.39,14935,0
2017-04-12,21:35:00,23.4,23.42,23.37,23.37,19010,0
2017-04-12,21:40:00,23.37,23.37,23.31,23.31,24118,0
2017-04-12,21:45:00,23.3,23.32,23.26,23.27,16763,0
2017-04-12,21:50:00,23.27,23.29,23.2525,23.2525,22837,0
2017-04-12,21:55:00,23.26,23.3,23.26,23.3,32533,0
2017-04-12,22:00:00,23.3,23.33,23.29,23.31,168117,0
2017-04-13,15:35:00,23.42,23.42,23.3,23.341,22056,0
2017-04-13,15:40:00,23.34,23.49,23.29,23.45,14885,0
2017-04-13,15:45:00,23.45,23.49,23.13,23.29,23474,0
2017-04-13,15:50:00,23.31,23.415,23.23,23.32,5502,0
2017-04-13,15:55:00,23.25,23.41,23.22,23.34,9458,0
2017-04-13,16:00:00,23.35,23.41,23.29,23.33,8029,0
2017-04-13,16:05:00,23.3,23.39,23.28,23.34,8532,0
2017-04-13,16:10:00,23.33,23.35,23.26,23.29,14181,0
2017-04-13,16:15:00,23.29,23.34,23.29,23.31,22344,0
2017-04-13,16:20:00,23.35,23.385,23.31,23.31,7303,0
2017-04-13,16:25:00,23.3,23.35,23.25,23.32,22858,0
2017-04-13,16:30:00,23.3,23.33,23.18,23.2,22833,0
2017-04-13,16:35:00,23.21,23.33,23.21,23.28,5313,0
2017-04-13,16:40:00,23.3,23.34,23.18,23.285,13210,0
2017-04-13,16:45:00,23.3,23.33,23.22,23.3,8414,0
2017-04-13,16:50:00,23.31,23.31,23.19,23.22,14084,0
2017-04-13,16:55:00,23.2,23.23,23.19,23.21,7721,0
2017-04-13,17:00:00,23.23,23.23,23.16,23.19,7759,0
2017-04-13,17:05:00,23.19,23.305,23.19,23.27,7301,0
2017-04-13,17:10:00,23.275,23.3,23.23,23.27,4600,0
2017-04-13,17:15:00,23.245,23.28,23.23,23.255,5500,0
2017-04-13,17:20:00,23.26,23.26,23.21,23.22,15058,0
2017-04-13,17:25:00,23.2,23.24,23.13,23.13,13512,0
2017-04-13,17:30:00,23.14,23.17,23.09,23.09,16615,0
2017-04-13,17:35:00,23.11,23.18,23.1,23.13,7552,0
2017-04-13,17:40:00,23.145,23.145,23.06,23.07,9126,0
2017-04-13,17:45:00,23.06,23.065,23.01,23.04,9020,0
2017-04-13,17:50:00,23.03,23.05,23.01,23.02,16706,0
2017-04-13,17:55:00,23.04,23.04,22.99,23.02,16194,0
2017-04-13,18:00:00,23.03,23.03,22.96,22.97,11091,0
2017-04-13,18:05:00,22.96,22.96,22.89,22.91,33828,0
2017-04-13,18:10:00,22.89,22.925,22.8,22.85,21121,0
2017-04-13,18:15:00,22.84,22.9,22.84,22.9,5992,0
2017-04-13,18:20:00,22.87,22.915,22.86,22.87,10933,0
2017-04-13,18:25:00,22.9,22.92,22.86,22.87,8116,0
2017-04-13,18:30:00,22.875,22.91,22.85,22.86,7950,0
2017-04-13,18:35:00,22.86,22.88,22.85,22.88,2861,0
2017-04-13,18:40:00,22.89,22.94,22.885,22.93,6313,0
2017-04-13,18:45:00,22.93,22.94,22.77,22.88,30540,0
2017-04-13,18:50:00,22.87,22.8897,22.84,22.8798,11322,0
2017-04-13,18:55:00,22.89,22.89,22.85,22.86,10792,0
2017-04-13,19:00:00,22.85,22.86,22.81,22.82,10115,0
2017-04-13,19:05:00,22.835,22.85,22.79,22.83,11929,0
2017-04-13,19:10:00,22.8,22.8,22.75,22.77,5013,0
2017-04-13,19:15:00,22.76,22.775,22.73,22.74,9177,0
2017-04-13,19:20:00,22.73,22.75,22.72,22.72,6465,0
2017-04-13,19:25:00,22.74,22.75,22.73,22.73,1480,0
2017-04-13,19:30:00,22.74,22.78,22.73,22.76,700,0
2017-04-13,19:35:00,22.77,22.78,22.75,22.76,6390,0
2017-04-13,19:40:00,22.77,22.7707,22.76,22.76,1546,0
2017-04-13,19:45:00,22.76,22.76,22.69,22.69,7330,0
2017-04-13,19:50:00,22.68,22.695,22.6,22.63,13855,0
2017-04-13,19:55:00,22.62,22.64,22.61,22.61,3908,0
2017-04-13,20:00:00,22.62,22.65,22.58,22.58,12665,0
2017-04-13,20:05:00,22.58,22.595,22.55,22.57,9211,0
2017-04-13,20:10:00,22.57,22.6,22.57,22.59,6227,0
2017-04-13,20:15:00,22.6,22.615,22.57,22.595,21832,0
2017-04-13,20:20:00,22.6,22.6,22.55,22.59,9471,0
2017-04-13,20:25:00,22.6,22.66,22.59,22.59,10031,0
2017-04-13,20:30:00,22.6,22.69,22.6,22.69,13405,0
2017-04-13,20:35:00,22.66,22.7,22.65,22.65,11348,0
2017-04-13,20:40:00,22.64,22.64,22.58,22.58,7753,0
2017-04-13,20:45:00,22.59,22.62,22.57,22.57,8623,0
2017-04-13,20:50:00,22.59,22.6,22.52,22.53,121252,0
2017-04-13,20:55:00,22.53,22.57,22.53,22.56,12779,0
2017-04-13,21:00:00,22.56,22.56,22.53,22.54,11369,0
2017-04-13,21:05:00,22.53,22.56,22.52,22.53,9112,0
2017-04-13,21:10:00,22.53,22.535,22.5,22.505,15626,0
2017-04-13,21:15:00,22.505,22.52,22.465,22.47,11444,0
2017-04-13,21:20:00,22.47,22.475,22.41,22.41,11918,0
2017-04-13,21:25:00,22.41,22.415,22.385,22.41,11221,0
2017-04-13,21:30:00,22.41,22.48,22.38,22.38,16443,0
2017-04-13,21:35:00,22.37,22.43,22.31,22.32,22352,0
2017-04-13,21:40:00,22.315,22.32,22.25,22.27,24577,0
2017-04-13,21:45:00,22.26,22.35,22.25,22.29,28250,0
2017-04-13,21:50:00,22.29,22.43,22.29,22.41,42583,0
2017-04-13,21:55:00,22.41,22.41,22.36,22.37,42721,0
2017-04-13,22:00:00,22.36,22.4,22.34,22.36,125674,0
2017-04-17,15:35:00,22.37,22.53,22.29,22.29,12425,0
2017-04-17,15:40:00,22.3,22.36,22.27,22.27,10300,0
2017-04-17,15:45:00,22.265,22.31,22.17,22.19,9151,0
2017-04-17,15:50:00,22.18,22.33,22.18,22.33,9086,0
2017-04-17,15:55:00,22.33,22.39,22.32,22.39,4690,0
2017-04-17,16:00:00,22.38,22.44,22.37,22.43,2200,0
2017-04-17,16:05:00,22.44,22.55,22.438,22.55,7625,0
2017-04-17,16:10:00,22.56,22.56,22.47,22.5,24800,0
2017-04-17,16:15:00,22.48,22.49,22.42,22.42,21280,0
2017-04-17,16:20:00,22.45,22.45,22.275,22.36,25062,0
2017-04-17,16:25:00,22.36,22.36,22.29,22.29,9418,0
2017-04-17,16:30:00,22.29,22.34,22.26,22.26,11564,0
2017-04-17,16:35:00,22.285,22.32,22.27,22.28,8666,0
2017-04-17,16:40:00,22.28,22.3,22.264,22.29,11000,0
2017-04-17,16:45:00,22.32,22.32,22.2,22.2047,13350,0
2017-04-17,16:50:00,22.2,22.24,22.2,22.24,5800,0
2017-04-17,16:55:00,22.25,22.31,22.22,22.29,10083,0
2017-04-17,17:00:00,22.31,22.43,22.3,22.43,23979,0
2017-04-17,17:05:00,22.42,22.47,22.4,22.46,8756,0
2017-04-17,17:10:00,22.48,22.49,22.42,22.42,9229,0
2017-04-17,17:15:00,22.42,22.54,22.42,22.43,12508,0
2017-04-17,17:20:00,22.42,22.465,22.39,22.465,14946,0
2017-04-17,17:25:00,22.48,22.485,22.4337,22.46,6793,0
2017-04-17,17:30:00,22.45,22.48,22.42,22.46,6223,0
2017-04-17,17:35:00,22.465,22.48,22.38,22.46,6089,0
2017-04-17,17:40:00,22.46,22.5,22.4301,22.4301,5820,0
2017-04-17,17:45:00,22.45,22.48,22.41,22.41,6195,0
2017-04-17,17:50:00,22.43,22.43,22.38,22.38,4600,0
2017-04-17,17:55:00,22.41,22.43,22.37,22.37,6129,0
2017-04-17,18:00:00,22.37,22.3877,22.34,22.35,8934,0
2017-04-17,18:05:00,22.33,22.41,22.32,22.36,6600,0
2017-04-17,18:10:00,22.365,22.405,22.3539,22.3539,5687,0
2017-04-17,18:15:00,22.3499,22.41,22.34,22.37,5000,0
2017-04-17,18:20:00,22.37,22.43,22.36,22.43,5207,0
2017-04-17,18:25:00,22.41,22.47,22.41,22.47,8370,0
2017-04-17,18:30:00,22.45,22.46,22.41,22.41,5258,0
2017-04-17,18:35:00,22.42,22.44,22.35,22.37,3586,0
2017-04-17,18:40:00,22.3526,22.37,22.3494,22.37,5500,0
2017-04-17,18:45:00,22.37,22.39,22.37,22.37,1500,0
2017-04-17,18:50:00,22.35,22.38,22.32,22.32,8302,0
2017-04-17,18:55:00,22.34,22.36,22.33,22.35,3419,0
2017-04-17,19:00:00,22.355,22.36,22.32,22.32,7612,0
2017-04-17,19:05:00,22.32,22.35,22.32,22.35,3000,0
2017-04-17,19:10:00,22.35,22.35,22.32,22.33,14081,0
2017-04-17,19:15:00,22.34,22.38,22.33,22.34,3900,0
2017-04-17,19:20:00,22.34,22.36,22.32,22.34,3400,0
2017-04-17,19:25:00,22.33,22.37,22.33,22.33,5600,0
2017-04-17,19:30:00,22.34,22.37,22.34,22.35,6770,0
2017-04-17,19:35:00,22.37,22.4,22.37,22.39,1700,0
2017-04-17,19:40:00,22.4,22.42,22.37,22.42,4500,0
2017-04-17,19:45:00,22.43,22.44,22.38,22.41,4000,0
2017-04-17,19:50:00,22.43,22.43,22.38,22.41,2700,0
2017-04-17,19:55:00,22.41,22.41,22.38,22.39,2700,0
2017-04-17,20:00:00,22.39,22.44,22.39,22.4,3400,0
2017-04-17,20:05:00,22.41,22.42,22.38,22.38,4291,0
2017-04-17,20:10:00,22.4,22.44,22.39,22.39,5800,0
2017-04-17,20:15:00,22.4,22.41,22.39,22.4,4200,0
2017-04-17,20:20:00,22.4,22.42,22.37,22.38,4165,0
2017-04-17,20:25:00,22.39,22.41,22.38,22.39,5291,0
2017-04-17,20:30:00,22.39,22.39,22.34,22.34,8567,0
2017-04-17,20:35:00,22.35,22.38,22.35,22.36,5425,0
2017-04-17,20:40:00,22.36,22.4231,22.36,22.4231,7612,0
2017-04-17,20:45:00,22.4235,22.4235,22.38,22.395,8758,0
2017-04-17,20:50:00,22.4,22.42,22.39,22.405,3573,0
2017-04-17,20:55:00,22.39,22.41,22.37,22.385,24393,0
2017-04-17,21:00:00,22.39,22.405,22.365,22.38,9399,0
2017-04-17,21:05:00,22.37,22.4,22.355,22.355,25999,0
2017-04-17,21:10:00,22.3576,22.39,22.34,22.39,12613,0
2017-04-17,21:15:00,22.39,22.44,22.37,22.44,15885,0
2017-04-17,21:20:00,22.45,22.51,22.45,22.5,15412,0
2017-04-17,21:25:00,22.5,22.55,22.5,22.54,9696,0
2017-04-17,21:30:00,22.531,22.59,22.53,22.565,7285,0
2017-04-17,21:35:00,22.57,22.58,22.505,22.52,17012,0
2017-04-17,21:40:00,22.52,22.56,22.515,22.55,13396,0
2017-04-17,21:45:00,22.56,22.58,22.56,22.565,13731,0
2017-04-17,21:50:00,22.57,22.6363,22.57,22.6278,29798,0
2017-04-17,21:55:00,22.63,22.68,22.62,22.67,26414,0
2017-04-17,22:00:00,22.665,22.69,22.63,22.67,115969,0
2017-04-18,15:35:00,22.31,22.46,22.25,22.25,20892,0
2017-04-18,15:40:00,22.28,22.37,22.18,22.37,2740,0
2017-04-18,15:45:00,22.35,22.49,22.31,22.48,7700,0
2017-04-18,15:50:00,22.47,22.53,22.47,22.495,5400,0
2017-04-18,15:55:00,22.48,22.53,22.465,22.53,5599,0
2017-04-18,16:00:00,22.55,22.59,22.51,22.52,8737,0
2017-04-18,16:05:00,22.53,22.67,22.53,22.53,58574,0
2017-04-18,16:10:00,22.53,22.65,22.515,22.65,60800,0
2017-04-18,16:15:00,22.61,22.66,22.53,22.58,8884,0
2017-04-18,16:20:00,22.578,22.65,22.48,22.5,5926,0
2017-04-18,16:25:00,22.5,22.56,22.5,22.52,2400,0
2017-04-18,16:30:00,22.52,22.58,22.503,22.53,6044,0
2017-04-18,16:35:00,22.51,22.52,22.41,22.41,7990,0
2017-04-18,16:40:00,22.41,22.445,22.37,22.43,5583,0
2017-04-18,16:45:00,22.42,22.46,22.38,22.46,7018,0
2017-04-18,16:50:00,22.46,22.498,22.45,22.46,5500,0
2017-04-18,16:55:00,22.45,22.48,22.44,22.46,5589,0
2017-04-18,17:00:00,22.47,22.5,22.45,22.5,5285,0
2017-04-18,17:05:00,22.52,22.53,22.44,22.44,11139,0
2017-04-18,17:10:00,22.43,22.43,22.4,22.41,2057,0
2017-04-18,17:15:00,22.415,22.485,22.415,22.46,5900,0
2017-04-18,17:20:00,22.46,22.48,22.4,22.4,8446,0
2017-04-18,17:25:00,22.405,22.41,22.38,22.38,8004,0
2017-04-18,17:30:00,22.37,22.41,22.33,22.375,6907,0
2017-04-18,17:35:00,22.34,22.35,22.23,22.23,5984,0
2017-04-18,17:40:00,22.21,22.2152,22.19,22.205,8616,0
2017-04-18,17:45:00,22.18,22.18,22.1,22.1011,9806,0
2017-04-18,17:50:00,22.09,22.14,22.09,22.135,7766,0
2017-04-18,17:55:00,22.15,22.18,22.13,22.13,22200,0
2017-04-18,18:00:00,22.12,22.12,22.055,22.055,21676,0
2017-04-18,18:05:00,22.04,22.05,21.96,22.05,10050,0
2017-04-18,18:10:00,22.06,22.095,22.03,22.03,10007,0
2017-04-18,18:15:00,22.045,22.0598,21.99,22.03,11354,0
2017-04-18,18:20:00,22.02,22.03,21.99,22.01,19825,0
2017-04-18,18:25:00,22.0184,22.07,22.01,22.04,12521,0
2017-04-18,18:30:00,22.04,22.06,22.0275,22.05,6453,0
2017-04-18,18:35:00,22.04,22.1,22.04,22.07,8805,0
2017-04-18,18:40:00,22.08,22.08,22.0234,22.025,12630,0
2017-04-18,18:45:00,22.025,22.09,22.025,22.085,23601,0
2017-04-18,18:50:00,22.08,22.08,22.03,22.075,21468,0
2017-04-18,18:55:00,22.075,22.14,22.075,22.125,7658,0
2017-04-18,19:00:00,22.14,22.15,22.07,22.07,8834,0
2017-04-18,19:05:00,22.07,22.13,22.07,22.11,5802,0
2017-04-18,19:10:00,22.09,22.125,22.09,22.125,3640,0
2017-04-18,19:15:00,22.13,22.19,22.118,22.19,10150,0
2017-04-18,19:20:00,22.18,22.22,22.16,22.22,3100,0
2017-04-18,19:25:00,22.205,22.23,22.19,22.22,6813,0
2017-04-18,19:30:00,22.23,22.27,22.23,22.27,7720,0
2017-04-18,19:35:00,22.27,22.35,22.265,22.35,11538,0
2017-04-18,19:40:00,22.35,22.43,22.3403,22.41,13004,0
2017-04-18,19:45:00,22.39,22.48,22.39,22.48,18619,0
2017-04-18,19:50:00,22.465,22.465,22.415,22.43,8264,0
2017-04-18,19:55:00,22.43,22.44,22.38,22.38,5006,0
2017-04-18,20:00:00,22.39,22.41,22.38,22.38,2804,0
2017-04-18,20:05:00,22.385,22.46,22.385,22.46,10974,0
2017-04-18,20:10:00,22.45,22.461,22.42,22.42,5504,0
2017-04-18,20:15:00,22.42,22.44,22.39,22.4,13622,0
2017-04-18,20:20:00,22.41,22.445,22.405,22.44,11934,0
2017-04-18,20:25:00,22.4428,22.45,22.36,22.375,14300,0
2017-04-18,20:30:00,22.37,22.37,22.31,22.35,10997,0
2017-04-18,20:35:00,22.35,22.35,22.3,22.32,13199,0
2017-04-18,20:40:00,22.32,22.37,22.31,22.345,26495,0
2017-04-18,20:45:00,22.34,22.36,22.33,22.33,9623,0
2017-04-18,20:50:00,22.33,22.33,22.28,22.3,7884,0
2017-04-18,20:55:00,22.3,22.31,22.26,22.27,9010,0
2017-04-18,21:00:00,22.26,22.27,22.19,22.19,7925,0
2017-04-18,21:05:00,22.19,22.21,22.15,22.15,8041,0
2017-04-18,21:10:00,22.16,22.25,22.15,22.25,11205,0
2017-04-18,21:15:00,22.24,22.285,22.23,22.285,16502,0
2017-04-18,21:20:00,22.285,22.285,22.225,22.28,12293,0
2017-04-18,21:25:00,22.28,22.325,22.28,22.325,9800,0
2017-04-18,21:30:00,22.3267,22.33,22.27,22.27,15258,0
2017-04-18,21:35:00,22.27,22.3,22.255,22.27,33797,0
2017-04-18,21:40:00,22.26,22.3,22.25,22.295,21817,0
2017-04-18,21:45:00,22.3,22.31,22.24,22.245,25655,0
2017-04-18,21:50:00,22.24,22.255,22.23,22.245,23477,0
2017-04-18,21:55:00,22.245,22.25,22.22,22.22,32952,0
2017-04-18,22:00:00,22.225,22.24,22.21,22.21,161731,0
2017-04-19,15:35:00,22.28,22.47,22.28,22.34,13888,0
2017-04-19,15:40:00,22.31,22.31,22.19,22.22,7070,0
2017-04-19,15:45:00,22.2,22.235,22.02,22.08,40875,0
2017-04-19,15:50:00,22.13,22.18,22.07,22.17,8312,0
2017-04-19,15:55:00,22.19,22.275,22.12,22.27,46875,0
2017-04-19,16:00:00,22.27,22.32,22.23,22.29,13277,0
2017-04-19,16:05:00,22.305,22.32,22.12,22.19,50320,0
2017-04-19,16:10:00,22.21,22.21,22.08,22.09,5175,0
2017-04-19,16:15:00,22.07,22.08,22.02,22.05,12384,0
2017-04-19,16:20:00,22.0499,22.051,22,22.025,16750,0
2017-04-19,16:25:00,22.02,22.02,21.94,21.98,23119,0
2017-04-19,16:30:00,21.98,22.05,21.94,22.05,4710,0
2017-04-19,16:35:00,22.04,22.115,21.98,22.04,11040,0
2017-04-19,16:40:00,22.06,22.147,22.02,22.04,12650,0
2017-04-19,16:45:00,22.02,22.02,21.9,21.9,12906,0
2017-04-19,16:50:00,21.9,21.91,21.7999,21.8,9625,0
2017-04-19,16:55:00,21.8,21.945,21.8,21.93,14065,0
2017-04-19,17:00:00,21.94,21.97,21.9,21.95,13729,0
2017-04-19,17:05:00,21.935,22,21.935,22,13796,0
2017-04-19,17:10:00,21.995,22.045,21.99,21.99,10399,0
2017-04-19,17:15:00,21.97,21.98,21.96,21.97,7880,0
2017-04-19,17:20:00,21.95,21.95,21.85,21.85,11300,0
2017-04-19,17:25:00,21.85,21.91,21.82,21.91,6970,0
2017-04-19,17:30:00,21.91,21.94,21.895,21.93,5920,0
2017-04-19,17:35:00,21.91,21.98,21.91,21.93,12280,0
2017-04-19,17:40:00,21.92,21.92,21.77,21.79,21005,0
2017-04-19,17:45:00,21.78,21.82,21.77,21.812,10805,0
2017-04-19,17:50:00,21.82,21.82,21.76,21.78,4600,0
2017-04-19,17:55:00,21.78,21.78,21.69,21.7026,5600,0
2017-04-19,18:00:00,21.69,21.75,21.67,21.75,12079,0
2017-04-19,18:05:00,21.76,21.78,21.72,21.76,9101,0
2017-04-19,18:10:00,21.75,21.755,21.71,21.71,9034,0
2017-04-19,18:15:00,21.7,21.86,21.7,21.805,17866,0
2017-04-19,18:20:00,21.795,21.82,21.719,21.72,9764,0
2017-04-19,18:25:00,21.71,21.79,21.7,21.72,21000,0
2017-04-19,18:30:00,21.71,21.75,21.7,21.7084,65120,0
2017-04-19,18:35:00,21.72,21.81,21.715,21.78,12300,0
2017-04-19,18:40:00,21.795,21.8,21.7675,21.79,48698,0
2017-04-19,18:45:00,21.79,21.79,21.75,21.78,3509,0
2017-04-19,18:50:00,21.75,21.77,21.73,21.74,39638,0
2017-04-19,18:55:00,21.74,21.8,21.74,21.8,12431,0
2017-04-19,19:00:00,21.815,21.83,21.79,21.8,9557,0
2017-04-19,19:05:00,21.81,21.845,21.8,21.8,7588,0
2017-04-19,19:10:00,21.79,21.79,21.72,21.74,8834,0
2017-04-19,19:15:00,21.73,21.74,21.64,21.6659,6000,0
2017-04-19,19:20:00,21.68,21.68,21.63,21.64,5500,0
2017-04-19,19:25:00,21.67,21.73,21.67,21.705,4110,0
2017-04-19,19:30:00,21.7003,21.72,21.67,21.69,8044,0
2017-04-19,19:35:00,21.7,21.73,21.68,21.7,7600,0
2017-04-19,19:40:00,21.69,21.69,21.65,21.655,4850,0
2017-04-19,19:45:00,21.655,21.7,21.65,21.67,20711,0
2017-04-19,19:50:00,21.68,21.685,21.64,21.64,8892,0
2017-04-19,19:55:00,21.64,21.67,21.62,21.65,6212,0
2017-04-19,20:00:00,21.65,21.65,21.56,21.6,8700,0
2017-04-19,20:05:00,21.6,21.6,21.53,21.56,12491,0
2017-04-19,20:10:00,21.56,21.58,21.51,21.57,31315,0
2017-04-19,20:15:00,21.58,21.6,21.54,21.555,17489,0
2017-04-19,20:20:00,21.55,21.57,21.51,21.54,7379,0
2017-04-19,20:25:00,21.55,21.55,21.51,21.54,9794,0
2017-04-19,20:30:00,21.54,21.64,21.54,21.64,13688,0
2017-04-19,20:35:00,21.63,21.65,21.62,21.65,16028,0
2017-04-19,20:40:00,21.65,21.68,21.65,21.68,8935,0
2017-04-19,20:45:00,21.675,21.71,21.61,21.62,17811,0
2017-04-19,20:50:00,21.62,21.625,21.55,21.55,10701,0
2017-04-19,20:55:00,21.55,21.55,21.5,21.52,10937,0
2017-04-19,21:00:00,21.52,21.545,21.49,21.5,18316,0
2017-04-19,21:05:00,21.49,21.5,21.42,21.43,66942,0
2017-04-19,21:10:00,21.44,21.44,21.3,21.3671,155043,0
2017-04-19,21:15:00,21.37,21.51,21.37,21.5,29916,0
2017-04-19,21:20:00,21.5,21.51,21.46,21.51,21943,0
2017-04-19,21:25:00,21.51,21.5225,21.425,21.48,24248,0
2017-04-19,21:30:00,21.475,21.48,21.36,21.36,32001,0
2017-04-19,21:35:00,21.36,21.39,21.33,21.38,34258,0
2017-04-19,21:40:00,21.37,21.42,21.36,21.36,67670,0
2017-04-19,21:45:00,21.36,21.36,21.25,21.26,45892,0
2017-04-19,21:50:00,21.265,21.295,21.25,21.26,48956,0
2017-04-19,21:55:00,21.26,21.29,21.21,21.225,70053,0
2017-04-19,22:00:00,21.23,21.24,21.19,21.22,270163,0
2017-04-20,15:35:00,21.33,21.365,21.17,21.325,21834,0
2017-04-20,15:40:00,21.36,21.4,21.29,21.3648,4703,0
2017-04-20,15:45:00,21.33,21.38,21.29,21.38,8814,0
2017-04-20,15:50:00,21.365,21.38,21.24,21.3,12033,0
2017-04-20,15:55:00,21.32,21.4,21.32,21.34,4700,0
2017-04-20,16:00:00,21.34,21.36,21.2,21.25,4381,0
2017-04-20,16:05:00,21.31,21.36,21.28,21.31,11464,0
2017-04-20,16:10:00,21.315,21.4,21.26,21.4,7039,0
2017-04-20,16:15:00,21.41,21.48,21.37,21.37,14900,0
2017-04-20,16:20:00,21.41,21.42,21.3,21.36,5807,0
2017-04-20,16:25:00,21.36,21.47,21.34,21.4,5957,0
2017-04-20,16:30:00,21.38,21.38,21.3,21.34,9762,0
2017-04-20,16:35:00,21.34,21.36,21.284,21.34,9090,0
2017-04-20,16:40:00,21.32,21.36,21.29,21.32,9817,0
2017-04-20,16:45:00,21.3,21.3,21.25,21.28,7411,0
2017-04-20,16:50:00,21.29,21.35,21.29,21.335,10870,0
2017-04-20,16:55:00,21.335,21.42,21.335,21.36,13050,0
2017-04-20,17:00:00,21.35,21.395,21.35,21.36,10969,0
2017-04-20,17:05:00,21.36,21.4,21.34,21.35,7790,0
2017-04-20,17:10:00,21.32,21.39,21.32,21.37,23197,0
2017-04-20,17:15:00,21.39,21.45,21.38,21.42,17723,0
2017-04-20,17:20:00,21.42,21.44,21.39,21.43,21971,0
2017-04-20,17:25:00,21.44,21.51,21.44,21.5085,12165,0
2017-04-20,17:30:00,21.5198,21.58,21.515,21.57,13301,0
2017-04-20,17:35:00,21.585,21.65,21.56,21.64,14489,0
2017-04-20,17:40:00,21.65,21.69,21.62,21.625,5668,0
2017-04-20,17:45:00,21.61,21.61,21.53,21.541,5662,0
2017-04-20,17:50:00,21.54,21.62,21.54,21.6,7034,0
2017-04-20,17:55:00,21.61,21.66,21.57,21.615,6800,0
2017-04-20,18:00:00,21.6044,21.66,21.6044,21.66,11964,0
2017-04-20,18:05:00,21.67,21.7,21.65,21.67,7983,0
2017-04-20,18:10:00,21.665,21.71,21.65,21.71,18561,0
2017-04-20,18:15:00,21.71,21.71,21.67,21.68,12934,0
2017-04-20,18:20:00,21.685,21.69,21.65,21.68,18900,0
2017-04-20,18:25:00,21.67,21.685,21.62,21.645,5740,0
2017-04-20,18:30:00,21.65,21.655,21.6,21.6,13967,0
2017-04-20,18:35:00,21.61,21.63,21.6,21.625,4000,0
2017-04-20,18:40:00,21.61,21.61,21.58,21.6,6646,0
2017-04-20,18:45:00,21.58,21.6,21.57,21.57,4900,0
2017-04-20,18:50:00,21.58,21.59,21.54,21.55,3438,0
2017-04-20,18:55:00,21.55,21.56,21.52,21.54,3600,0
2017-04-20,19:00:00,21.54,21.54,21.4566,21.47,18959,0
2017-04-20,19:05:00,21.47,21.48,21.38,21.41,10740,0
2017-04-20,19:10:00,21.42,21.42,21.34,21.34,6811,0
2017-04-20,19:15:00,21.35,21.4,21.33,21.4,15516,0
2017-04-20,19:20:00,21.4,21.425,21.35,21.35,4900,0
2017-04-20,19:25:00,21.34,21.4,21.34,21.4,5700,0
2017-04-20,19:30:00,21.39,21.5,21.385,21.5,16040,0
2017-04-20,19:35:00,21.48,21.49,21.445,21.445,9577,0
2017-04-20,19:40:00,21.46,21.47,21.42,21.45,7085,0
2017-04-20,19:45:00,21.44,21.44,21.41,21.41,2758,0
2017-04-20,19:50:00,21.41,21.46,21.41,21.43,7438,0
2017-04-20,19:55:00,21.44,21.5,21.43,21.49,5711,0
2017-04-20,20:00:00,21.475,21.5,21.47,21.5,4111,0
2017-04-20,20:05:00,21.5,21.52,21.48,21.52,8751,0
2017-04-20,20:10:00,21.52,21.52,21.48,21.495,10336,0
2017-04-20,20:15:00,21.5,21.555,21.49,21.55,9745,0
2017-04-20,20:20:00,21.54,21.54,21.51,21.52,12935,0
2017-04-20,20:25:00,21.52,21.53,21.49,21.52,3800,0
2017-04-20,20:30:00,21.52,21.56,21.51,21.55,4863,0
2017-04-20,20:35:00,21.52,21.5391,21.49,21.535,6035,0
2017-04-20,20:40:00,21.54,21.57,21.52,21.54,8887,0
2017-04-20,20:45:00,21.55,21.56,21.52,21.53,4679,0
2017-04-20,20:50:00,21.51,21.53,21.48,21.49,6776,0
2017-04-20,20:55:00,21.49,21.52,21.47,21.48,5938,0
2017-04-20,21:00:00,21.49,21.51,21.46,21.46,7198,0
2017-04-20,21:05:00,21.44,21.475,21.43,21.4725,10711,0
2017-04-20,21:10:00,21.46,21.47,21.37,21.38,12663,0
2017-04-20,21:15:00,21.4,21.47,21.39,21.47,4535,0
2017-04-20,21:20:00,21.48,21.49,21.44,21.45,13828,0
2017-04-20,21:25:00,21.439,21.47,21.39,21.4,10500,0
2017-04-20,21:30:00,21.4,21.46,21.37,21.43,12786,0
2017-04-20,21:35:00,21.44,21.49,21.43,21.4808,20473,0
2017-04-20,21:40:00,21.47,21.47,21.42,21.44,18632,0
2017-04-20,21:45:00,21.45,21.47,21.42,21.46,27691,0
2017-04-20,21:50:00,21.45,21.48,21.44,21.47,36001,0
2017-04-20,21:55:00,21.465,21.515,21.46,21.49,42567,0
2017-04-20,22:00:00,21.49,21.5,21.415,21.42,161338,0
2017-04-21,15:35:00,21.39,21.39,21.22,21.3,44136,0
2017-04-21,15:40:00,21.26,21.39,21.245,21.36,9768,0
2017-04-21,15:45:00,21.43,21.475,21.41,21.45,4371,0
2017-04-21,15:50:00,21.44,21.44,21.32,21.32,3800,0
2017-04-21,15:55:00,21.332,21.332,21.295,21.3,4551,0
2017-04-21,16:00:00,21.2846,21.35,21.25,21.34,8022,0
2017-04-21,16:05:00,21.33,21.4,21.32,21.38,8142,0
2017-04-21,16:10:00,21.39,21.4,21.36,21.38,8406,0
2017-04-21,16:15:00,21.385,21.43,21.37,21.38,16538,0
2017-04-21,16:20:00,21.37,21.45,21.37,21.44,9685,0
2017-04-21,16:25:00,21.46,21.51,21.46,21.4984,7569,0
2017-04-21,16:30:00,21.505,21.505,21.4425,21.4699,5906,0
2017-04-21,16:35:00,21.45,21.5,21.43,21.48,8105,0
2017-04-21,16:40:00,21.47,21.52,21.46,21.52,8792,0
2017-04-21,16:45:00,21.495,21.53,21.42,21.49,9878,0
2017-04-21,16:50:00,21.5,21.56,21.48,21.53,16955,0
2017-04-21,16:55:00,21.5,21.53,21.49,21.52,12640,0
2017-04-21,17:00:00,21.52,21.56,21.44,21.56,46988,0
2017-04-21,17:05:00,21.56,21.58,21.49,21.49,45535,0
2017-04-21,17:10:00,21.5,21.54,21.49,21.53,8800,0
2017-04-21,17:15:00,21.52,21.52,21.4201,21.43,21120,0
2017-04-21,17:20:00,21.43,21.5,21.395,21.47,35615,0
2017-04-21,17:25:00,21.48,21.54,21.48,21.5,11467,0
2017-04-21,17:30:00,21.49,21.555,21.46,21.55,20115,0
2017-04-21,17:35:00,21.54,21.54,21.35,21.375,274491,0
2017-04-21,17:40:00,21.37,21.37,21.29,21.305,6765,0
2017-04-21,17:45:00,21.31,21.47,21.31,21.46,16976,0
2017-04-21,17:50:00,21.47,21.5,21.44,21.44,24063,0
2017-04-21,17:55:00,21.44,21.63,21.41,21.5795,43803,0
2017-04-21,18:00:00,21.56,21.6331,21.53,21.54,13144,0
2017-04-21,18:05:00,21.54,21.62,21.52,21.58,23306,0
2017-04-21,18:10:00,21.57,21.64,21.56,21.62,21842,0
2017-04-21,18:15:00,21.61,21.73,21.61,21.71,53250,0
2017-04-21,18:20:00,21.72,21.76,21.69,21.72,47739,0
2017-04-21,18:25:00,21.72,21.73,21.69,21.69,9248,0
2017-04-21,18:30:00,21.69,21.7,21.64,21.64,8102,0
2017-04-21,18:35:00,21.65,21.67,21.62,21.67,5900,0
2017-04-21,18:40:00,21.67,21.67,21.63,21.63,6300,0
2017-04-21,18:45:00,21.63,21.65,21.62,21.62,10400,0
2017-04-21,18:50:00,21.63,21.63,21.59,21.61,20345,0
2017-04-21,18:55:00,21.6,21.61,21.6,21.6,10312,0
2017-04-21,19:00:00,21.59,21.63,21.59,21.6,15536,0
2017-04-21,19:05:00,21.605,21.615,21.59,21.6,10501,0
2017-04-21,19:10:00,21.61,21.64,21.61,21.64,9305,0
2017-04-21,19:15:00,21.62,21.62,21.53,21.56,23732,0
2017-04-21,19:20:00,21.57,21.57,21.53,21.53,16857,0
2017-04-21,19:25:00,21.54,21.63,21.53,21.63,12327,0
2017-04-21,19:30:00,21.64,21.64,21.6,21.6,5200,0
2017-04-21,19:35:00,21.59,21.615,21.585,21.59,10677,0
2017-04-21,19:40:00,21.59,21.61,21.57,21.61,6439,0
2017-04-21,19:45:00,21.6,21.62,21.59,21.615,10659,0
2017-04-21,19:50:00,21.625,21.63,21.6,21.62,11019,0
2017-04-21,19:55:00,21.62,21.65,21.62,21.65,9924,0
2017-04-21,20:00:00,21.65,21.75,21.65,21.75,17655,0
2017-04-21,20:05:00,21.76,21.76,21.73,21.74,8400,0
2017-04-21,20:10:00,21.73,21.765,21.73,21.765,8098,0
2017-04-21,20:15:00,21.765,21.8,21.761,21.78,13562,0
2017-04-21,20:20:00,21.78,21.83,21.77,21.82,11703,0
2017-04-21,20:25:00,21.82,21.915,21.82,21.835,58727,0
2017-04-21,20:30:00,21.84,21.9,21.84,21.88,8061,0
2017-04-21,20:35:00,21.8778,21.89,21.85,21.85,10154,0
2017-04-21,20:40:00,21.8502,21.88,21.82,21.88,11396,0
2017-04-21,20:45:00,21.89,21.89,21.86,21.86,6475,0
2017-04-21,20:50:00,21.85,21.86,21.804,21.816,11823,0
2017-04-21,20:55:00,21.81,21.84,21.77,21.84,12469,0
2017-04-21,21:00:00,21.85,21.87,21.82,21.87,9223,0
2017-04-21,21:05:00,21.87,21.88,21.83,21.84,8785,0
2017-04-21,21:10:00,21.84,21.84,21.78,21.84,14372,0
2017-04-21,21:15:00,21.84,21.85,21.8,21.84,7161,0
2017-04-21,21:20:00,21.84,21.86,21.8,21.82,15548,0
2017-04-21,21:25:00,21.82,21.88,21.8,21.88,10343,0
2017-04-21,21:30:00,21.87,21.9,21.85,21.89,13293,0
2017-04-21,21:35:00,21.875,21.88,21.78,21.79,15035,0
2017-04-21,21:40:00,21.79,21.83,21.79,21.83,15687,0
2017-04-21,21:45:00,21.83,21.83,21.8,21.83,22128,0
2017-04-21,21:50:00,21.83,21.87,21.83,21.86,21375,0
2017-04-21,21:55:00,21.855,21.855,21.81,21.83,37278,0
2017-04-21,22:00:00,21.84,21.85,21.76,21.76,157733,0
2017-04-24,15:35:00,22.07,22.14,21.94,21.94,29263,0
2017-04-24,15:40:00,21.93,21.98,21.75,21.77,16557,0
2017-04-24,15:45:00,21.8,21.81,21.69,21.72,2900,0
2017-04-24,15:50:00,21.74,21.82,21.71,21.77,7400,0
2017-04-24,15:55:00,21.79,21.81,21.74,21.8,4877,0
2017-04-24,16:00:00,21.79,21.86,21.78,21.83,7985,0
2017-04-24,16:05:00,21.79,21.85,21.74,21.83,4032,0
2017-04-24,16:10:00,21.83,21.88,21.81,21.82,9208,0
2017-04-24,16:15:00,21.83,21.85,21.79,21.85,4922,0
2017-04-24,16:20:00,21.83,21.89,21.82,21.85,5476,0
2017-04-24,16:25:00,21.87,21.9,21.84,21.84,8209,0
2017-04-24,16:30:00,21.84,21.85,21.82,21.83,5640,0
2017-04-24,16:35:00,21.81,21.89,21.81,21.88,7225,0
2017-04-24,16:40:00,21.88,21.93,21.88,21.89,13302,0
2017-04-24,16:45:00,21.88,21.88,21.78,21.78,14346,0
2017-04-24,16:50:00,21.77,21.82,21.735,21.79,14177,0
2017-04-24,16:55:00,21.8,21.82,21.78,21.78,9732,0
2017-04-24,17:00:00,21.78,21.83,21.78,21.8,16205,0
2017-04-24,17:05:00,21.81,21.82,21.69,21.72,78169,0
2017-04-24,17:10:00,21.74,21.82,21.73,21.77,48782,0
2017-04-24,17:15:00,21.77,21.78,21.71,21.77,72519,0
2017-04-24,17:20:00,21.775,21.775,21.68,21.71,28591,0
2017-04-24,17:25:00,21.71,21.74,21.69,21.69,59092,0
2017-04-24,17:30:00,21.7,21.7,21.65,21.67,14989,0
2017-04-24,17:35:00,21.67,21.69,21.64,21.65,18832,0
2017-04-24,17:40:00,21.64,21.74,21.64,21.7186,6546,0
2017-04-24,17:45:00,21.72,21.79,21.7,21.75,12528,0
2017-04-24,17:50:00,21.69,21.75,21.69,21.75,8942,0
2017-04-24,17:55:00,21.77,21.7799,21.71,21.73,30117,0
2017-04-24,18:00:00,21.72,21.74,21.7,21.72,10945,0
2017-04-24,18:05:00,21.72,21.72,21.69,21.69,18450,0
2017-04-24,18:10:00,21.69,21.72,21.66,21.7,10415,0
2017-04-24,18:15:00,21.72,21.78,21.72,21.76,15792,0
2017-04-24,18:20:00,21.75,21.77,21.7,21.74,48676,0
2017-04-24,18:25:00,21.74,21.75,21.69,21.71,46113,0
2017-04-24,18:30:00,21.71,21.75,21.71,21.74,18375,0
2017-04-24,18:35:00,21.74,21.74,21.71,21.71,22922,0
2017-04-24,18:40:00,21.71,21.78,21.71,21.76,18074,0
2017-04-24,18:45:00,21.76,21.76,21.69,21.76,74251,0
2017-04-24,18:50:00,21.74,21.75,21.72,21.74,14608,0
2017-04-24,18:55:00,21.75,21.77,21.75,21.75,6243,0
2017-04-24,19:00:00,21.75,21.85,21.715,21.82,26764,0
2017-04-24,19:05:00,21.82,21.84,21.78,21.84,34030,0
2017-04-24,19:10:00,21.84,21.85,21.75,21.76,19317,0
2017-04-24,19:15:00,21.78,21.81,21.77,21.79,38229,0
2017-04-24,19:20:00,21.8,21.96,21.77,21.95,86793,0
2017-04-24,19:25:00,21.95,22.01,21.93,21.99,9934,0
2017-04-24,19:30:00,21.99,22.02,21.96,22.02,5323,0
2017-04-24,19:35:00,22.02,22.05,22.01,22.03,11184,0
2017-04-24,19:40:00,22.03,22.06,22.01,22.02,6291,0
2017-04-24,19:45:00,22.02,22.05,22,22.04,3815,0
2017-04-24,19:50:00,22.04,22.04,21.99,22,12387,0
2017-04-24,19:55:00,22,22.03,22,22.03,10177,0
2017-04-24,20:00:00,22.04,22.05,22.005,22.005,15653,0
2017-04-24,20:05:00,22.01,22.08,22.01,22.08,12346,0
2017-04-24,20:10:00,22.0625,22.08,22.06,22.07,6536,0
2017-04-24,20:15:00,22.07,22.09,22.06,22.07,11722,0
2017-04-24,20:20:00,22.07,22.13,22.07,22.1,9367,0
2017-04-24,20:25:00,22.11,22.14,22.11,22.13,3699,0
2017-04-24,20:30:00,22.1201,22.13,22.03,22.03,9907,0
2017-04-24,20:35:00,22.04,22.1,22.04,22.08,7486,0
2017-04-24,20:40:00,22.1,22.1,22.02,22.02,8484,0
2017-04-24,20:45:00,22.01,22.01,21.9043,21.9043,12911,0
2017-04-24,20:50:00,21.9,21.91,21.87,21.89,6129,0
2017-04-24,20:55:00,21.89,21.92,21.89,21.9,10658,0
2017-04-24,21:00:00,21.9,21.94,21.89,21.89,15199,0
2017-04-24,21:05:00,21.89,21.91,21.87,21.91,16385,0
2017-04-24,21:10:00,21.91,21.995,21.91,21.99,22218,0
2017-04-24,21:15:00,21.985,22,21.91,21.96,23600,0
2017-04-24,21:20:00,21.96,22,21.95,21.96,22190,0
2017-04-24,21:25:00,21.96,22.01,21.94,21.95,26153,0
2017-04-24,21:30:00,21.95,21.99,21.93,21.96,28974,0
2017-04-24,21:35:00,21.96,22.02,21.96,21.99,33971,0
2017-04-24,21:40:00,22,22.05,21.98,22.05,35776,0
2017-04-24,21:45:00,22.045,22.065,22.02,22.065,48692,0
2017-04-24,21:50:00,22.07,22.075,22.025,22.05,58301,0
2017-04-24,21:55:00,22.05,22.05,22.015,22.03,82214,0
2017-04-24,22:00:00,22.03,22.09,22.02,22.03,292850,0
2017-04-25,15:35:00,22.28,22.3699,21.84,22.33,52942,0
2017-04-25,15:40:00,22.28,22.41,22.195,22.3,36452,0
2017-04-25,15:45:00,22.25,22.4,22.23,22.32,21184,0
2017-04-25,15:50:00,22.36,22.49,22.36,22.42,19743,0
2017-04-25,15:55:00,22.43,22.48,22.4,22.45,11825,0
2017-04-25,16:00:00,22.44,22.58,22.44,22.53,16506,0
2017-04-25,16:05:00,22.54,22.58,22.5,22.52,20672,0
2017-04-25,16:10:00,22.52,22.7,22.52,22.7,29401,0
2017-04-25,16:15:00,22.7,22.7,22.545,22.66,28246,0
2017-04-25,16:20:00,22.66,22.79,22.66,22.71,33356,0
2017-04-25,16:25:00,22.7,22.77,22.7,22.71,12338,0
2017-04-25,16:30:00,22.72,22.78,22.71,22.77,14007,0
2017-04-25,16:35:00,22.77,22.79,22.64,22.64,20469,0
2017-04-25,16:40:00,22.66,22.66,22.61,22.64,14601,0
2017-04-25,16:45:00,22.63,22.66,22.6,22.63,14061,0
2017-04-25,16:50:00,22.61,22.63,22.6,22.61,12800,0
2017-04-25,16:55:00,22.61,22.63,22.58,22.58,13802,0
2017-04-25,17:00:00,22.58,22.6,22.53,22.55,17326,0
2017-04-25,17:05:00,22.53,22.55,22.51,22.53,17953,0
2017-04-25,17:10:00,22.52,22.5324,22.45,22.45,13780,0
2017-04-25,17:15:00,22.45,22.5,22.44,22.47,9675,0
2017-04-25,17:20:00,22.49,22.49,22.44,22.48,10260,0
2017-04-25,17:25:00,22.48,22.49,22.42,22.42,14781,0
2017-04-25,17:30:00,22.44,22.45,22.38,22.4,18575,0
2017-04-25,17:35:00,22.41,22.46,22.34,22.46,14010,0
2017-04-25,17:40:00,22.45,22.52,22.45,22.52,11169,0
2017-04-25,17:45:00,22.5199,22.53,22.44,22.53,14480,0
2017-04-25,17:50:00,22.53,22.53,22.47,22.48,12232,0
2017-04-25,17:55:00,22.49,22.54,22.49,22.51,25860,0
2017-04-25,18:00:00,22.52,22.545,22.5,22.53,7889,0
2017-04-25,18:05:00,22.53,22.56,22.5,22.56,17874,0
2017-04-25,18:10:00,22.56,22.59,22.54,22.57,11502,0
2017-04-25,18:15:00,22.58,22.6,22.5,22.5,13115,0
2017-04-25,18:20:00,22.51,22.54,22.46,22.47,12300,0
2017-04-25,18:25:00,22.45,22.45,22.36,22.37,17201,0
2017-04-25,18:30:00,22.39,22.42,22.36,22.42,15932,0
2017-04-25,18:35:00,22.41,22.43,22.35,22.37,25768,0
2017-04-25,18:40:00,22.38,22.4,22.36,22.4,12772,0
2017-04-25,18:45:00,22.39,22.4,22.33,22.35,10659,0
2017-04-25,18:50:00,22.34,22.44,22.34,22.42,12892,0
2017-04-25,18:55:00,22.44,22.44,22.39,22.41,4501,0
2017-04-25,19:00:00,22.42,22.42,22.37,22.39,6801,0
2017-04-25,19:05:00,22.39,22.41,22.38,22.4,6300,0
2017-04-25,19:10:00,22.41,22.45,22.4,22.45,10206,0
2017-04-25,19:15:00,22.44,22.49,22.43,22.47,10699,0
2017-04-25,19:20:00,22.47,22.53,22.47,22.52,28653,0
2017-04-25,19:25:00,22.53,22.57,22.51,22.54,15108,0
2017-04-25,19:30:00,22.55,22.55,22.46,22.48,9969,0
2017-04-25,19:35:00,22.47,22.505,22.47,22.5,10563,0
2017-04-25,19:40:00,22.5,22.51,22.49,22.51,11705,0
2017-04-25,19:45:00,22.52,22.53,22.5,22.5,4550,0
2017-04-25,19:50:00,22.5,22.51,22.48,22.51,5880,0
2017-04-25,19:55:00,22.49,22.5,22.48,22.5,7300,0
2017-04-25,20:00:00,22.5,22.57,22.5,22.57,10319,0
2017-04-25,20:05:00,22.579,22.58,22.54,22.57,7688,0
2017-04-25,20:10:00,22.57,22.57,22.54,22.55,16143,0
2017-04-25,20:15:00,22.55,22.63,22.54,22.6,10526,0
2017-04-25,20:20:00,22.59,22.62,22.58,22.62,7836,0
2017-04-25,20:25:00,22.62,22.62,22.56,22.58,9192,0
2017-04-25,20:30:00,22.58,22.61,22.57,22.61,7658,0
2017-04-25,20:35:00,22.59,22.62,22.57,22.62,6665,0
2017-04-25,20:40:00,22.61,22.62,22.56,22.565,11151,0
2017-04-25,20:45:00,22.56,22.59,22.56,22.59,31898,0
2017-04-25,20:50:00,22.6,22.6,22.545,22.55,10119,0
2017-04-25,20:55:00,22.545,22.57,22.53,22.55,15953,0
2017-04-25,21:00:00,22.54,22.54,22.47,22.5,12817,0
2017-04-25,21:05:00,22.5,22.51,22.47,22.5,17888,0
2017-04-25,21:10:00,22.495,22.55,22.495,22.55,11615,0
2017-04-25,21:15:00,22.55,22.57,22.545,22.555,10688,0
2017-04-25,21:20:00,22.56,22.645,22.54,22.645,23110,0
2017-04-25,21:25:00,22.6499,22.67,22.6267,22.65,16081,0
2017-04-25,21:30:00,22.66,22.66,22.61,22.61,13626,0
2017-04-25,21:35:00,22.6,22.62,22.57,22.615,12725,0
2017-04-25,21:40:00,22.62,22.635,22.59,22.61,21448,0
2017-04-25,21:45:00,22.62,22.68,22.62,22.66,18292,0
2017-04-25,21:50:00,22.66,22.69,22.64,22.69,30520,0
2017-04-25,21:55:00,22.68,22.75,22.68,22.75,23681,0
2017-04-25,22:00:00,22.75,22.75,22.71,22.73,139141,0
2017-04-26,15:35:00,22.5,22.79,22.5,22.68,21814,0
2017-04-26,15:40:00,22.6,22.6,22.5,22.545,3801,0
2017-04-26,15:45:00,22.58,22.84,22.58,22.81,11825,0
2017-04-26,15:50:00,22.81,22.95,22.78,22.87,18310,0
2017-04-26,15:55:00,22.86,22.92,22.8,22.9,11350,0
2017-04-26,16:00:00,22.8642,22.88,22.81,22.851,5706,0
2017-04-26,16:05:00,22.85,22.85,22.75,22.75,13738,0
2017-04-26,16:10:00,22.78,22.81,22.73,22.73,11343,0
2017-04-26,16:15:00,22.74,22.81,22.73,22.81,9833,0
2017-04-26,16:20:00,22.82,22.83,22.65,22.7,10556,0
2017-04-26,16:25:00,22.7,22.78,22.68,22.78,5126,0
2017-04-26,16:30:00,22.78,22.83,22.78,22.83,8400,0
2017-04-26,16:35:00,22.84,23.3,22.84,23.22,45148,0
2017-04-26,16:40:00,23.23,23.23,23.04,23.1,17580,0
2017-04-26,16:45:00,23.11,23.17,23.06,23.08,16505,0
2017-04-26,16:50:00,23.08,23.16,23.05,23.1,20732,0
2017-04-26,16:55:00,23.1,23.26,23.1,23.23,13911,0
2017-04-26,17:00:00,23.23,23.2502,23.16,23.16,18890,0
2017-04-26,17:05:00,23.16,23.18,23.0525,23.065,20404,0
2017-04-26,17:10:00,23.06,23.12,23.03,23.0699,12175,0
2017-04-26,17:15:00,23.045,23.06,22.96,23,25384,0
2017-04-26,17:20:00,22.99,23.08,22.99,23.08,10004,0
2017-04-26,17:25:00,23.07,23.16,23.0501,23.16,11148,0
2017-04-26,17:30:00,23.165,23.22,23.15,23.15,27390,0
2017-04-26,17:35:00,23.13,23.13,23.045,23.1,26238,0
2017-04-26,17:40:00,23.1,23.15,23.09,23.12,10205,0
2017-04-26,17:45:00,23.14,23.15,23.07,23.07,9223,0
2017-04-26,17:50:00,23.08,23.09,22.98,23.01,11107,0
2017-04-26,17:55:00,23,23.04,23,23.03,26096,0
2017-04-26,18:00:00,23.01,23.03,22.98,23.03,46525,0
2017-04-26,18:05:00,23.02,23.03,22.98,23.0001,33400,0
2017-04-26,18:10:00,23,23.025,22.98,23,21500,0
2017-04-26,18:15:00,23.04,23.08,23.04,23.06,6600,0
2017-04-26,18:20:00,23.06,23.1,23.04,23.07,12585,0
2017-04-26,18:25:00,23.06,23.07,22.98,23,14212,0
2017-04-26,18:30:00,23,23.04,23,23.02,6410,0
2017-04-26,18:35:00,23.01,23.04,23.01,23.03,5500,0
2017-04-26,18:40:00,23.06,23.09,23.0202,23.08,6720,0
2017-04-26,18:45:00,23.09,23.12,23.03,23.06,8517,0
2017-04-26,18:50:00,23.06,23.11,23.02,23.02,5821,0
2017-04-26,18:55:00,23.02,23.11,23.02,23.088,4245,0
2017-04-26,19:00:00,23.1,23.12,23.08,23.1,3800,0
2017-04-26,19:05:00,23.09,23.1,23.03,23.04,10802,0
2017-04-26,19:10:00,23.03,23.13,23.03,23.11,9622,0
2017-04-26,19:15:00,23.11,23.13,23.07,23.07,6500,0
2017-04-26,19:20:00,23.08,23.11,23.04,23.04,3780,0
2017-04-26,19:25:00,23.055,23.075,23.04,23.04,5903,0
2017-04-26,19:30:00,23.03,23.035,22.99,23,7292,0
2017-04-26,19:35:00,23,23.01,22.97,23,61162,0
2017-04-26,19:40:00,23.01,23.05,23.009,23.03,19630,0
2017-04-26,19:45:00,23.03,23.05,22.97,23.05,19142,0
2017-04-26,19:50:00,23.05,23.05,22.92,22.95,13090,0
2017-04-26,19:55:00,22.97,23.08,22.95,23.06,18795,0
2017-04-26,20:00:00,23.0633,23.07,23.03,23.03,8137,0
2017-04-26,20:05:00,23.03,23.03,22.9701,23,15502,0
2017-04-26,20:10:00,23,23.08,22.99,23.05,13077,0
2017-04-26,20:15:00,23.04,23.06,22.99,23.02,16994,0
2017-04-26,20:20:00,23.04,23.08,23.03,23.04,9161,0
2017-04-26,20:25:00,23.05,23.21,23.05,23.18,14676,0
2017-04-26,20:30:00,23.17,23.17,23.09,23.09,14651,0
2017-04-26,20:35:00,23.0925,23.14,23.06,23.12,24988,0
2017-04-26,20:40:00,23.12,23.14,23.06,23.06,40999,0
2017-04-26,20:45:00,23.07,23.175,23.07,23.14,21708,0
2017-04-26,20:50:00,23.14,23.16,23.1,23.13,26777,0
2017-04-26,20:55:00,23.11,23.145,23.07,23.07,20729,0
2017-04-26,21:00:00,23.09,23.12,23.01,23.01,20612,0
2017-04-26,21:05:00,23.01,23.05,23,23,10138,0
2017-04-26,21:10:00,23,23.05,22.99,23.05,11676,0
2017-04-26,21:15:00,23.0426,23.1,23.035,23.1,15622,0
2017-04-26,21:20:00,23.1,23.1,23.03,23.05,18459,0
2017-04-26,21:25:00,23.05,23.07,23.04,23.06,9221,0
2017-04-26,21:30:00,23.06,23.1,23.03,23.081,47741,0
2017-04-26,21:35:00,23.09,23.13,23.075,23.09,24978,0
2017-04-26,21:40:00,23.08,23.09,23.01,23.02,39188,0
2017-04-26,21:45:00,23.02,23.08,22.99,23,63399,0
2017-04-26,21:50:00,22.99,23.015,22.94,22.96,53746,0
2017-04-26,21:55:00,22.96,22.97,22.77,22.8,73966,0
2017-04-26,22:00:00,22.8,22.82,22.79,22.79,170878,0
