Date,Time,Open,High,Low,Close,Volume,OpenInt
2017-03-31,15:35:00,65.32,65.32,65.3,65.3,1719,0
2017-03-31,15:45:00,64.86,64.86,64.86,64.86,100,0
2017-03-31,15:50:00,64.81,64.81,64.8,64.8,300,0
2017-03-31,15:55:00,64.59,64.59,64.59,64.59,100,0
2017-03-31,16:00:00,64.74,64.76,64.52,64.6,808,0
2017-03-31,16:05:00,64.735,64.735,64.735,64.735,100,0
2017-03-31,16:10:00,64.65,64.65,64.54,64.54,1247,0
2017-03-31,16:15:00,64.4,64.45,64.4,64.45,255,0
2017-03-31,16:20:00,64.19,64.288,64.19,64.19,443,0
2017-03-31,16:25:00,64.19,64.23,64.03,64.03,766,0
2017-03-31,16:30:00,64.03,64.03,64.02,64.02,448,0
2017-03-31,16:35:00,64.23,64.23,64.22,64.23,500,0
2017-03-31,16:40:00,64.32,64.32,64.32,64.32,100,0
2017-03-31,16:55:00,64.41,64.45,64.41,64.45,301,0
2017-03-31,17:00:00,64.6,64.7,64.6,64.7,700,0
2017-03-31,17:05:00,64.75,64.805,64.75,64.805,241,0
2017-03-31,17:15:00,64.95,64.95,64.95,64.95,300,0
2017-03-31,17:20:00,64.88,64.95,64.88,64.95,200,0
2017-03-31,17:25:00,64.8,64.8,64.8,64.8,100,0
2017-03-31,17:30:00,64.91,64.96,64.91,64.96,666,0
2017-03-31,17:35:00,64.95,65.015,64.79,64.82,1914,0
2017-03-31,17:40:00,64.9,64.91,64.9,64.91,200,0
2017-03-31,17:50:00,64.76,64.76,64.76,64.76,100,0
2017-03-31,18:05:00,64.89,64.89,64.89,64.89,100,0
2017-03-31,18:10:00,64.765,64.765,64.765,64.765,100,0
2017-03-31,18:35:00,65.02,65.02,65.02,65.02,100,0
2017-03-31,18:45:00,64.9,64.9,64.9,64.9,100,0
2017-03-31,18:50:00,64.8927,64.9,64.85,64.865,1100,0
2017-03-31,18:55:00,64.9115,64.9115,64.77,64.85,600,0
2017-03-31,19:00:00,64.75,64.75,64.75,64.75,200,0
2017-03-31,19:10:00,64.75,64.75,64.75,64.75,100,0
2017-03-31,19:15:00,64.82,64.82,64.82,64.82,100,0
2017-03-31,19:30:00,64.7999,64.8,64.78,64.78,400,0
2017-03-31,19:35:00,64.7,64.725,64.7,64.725,200,0
2017-03-31,19:40:00,64.64,64.64,64.64,64.64,300,0
2017-03-31,20:10:00,64.63,64.6799,64.63,64.6799,650,0
2017-03-31,20:15:00,64.64,64.67,64.63,64.67,400,0
2017-03-31,20:35:00,64.66,64.66,64.66,64.66,100,0
2017-03-31,20:40:00,64.6,64.62,64.6,64.62,200,0
2017-03-31,20:45:00,64.56,64.58,64.53,64.58,321,0
2017-03-31,20:55:00,64.51,64.51,64.42,64.42,500,0
2017-03-31,21:05:00,64.42,64.42,64.35,64.35,200,0
2017-03-31,21:15:00,64.42,64.42,64.4,64.4,1100,0
2017-03-31,21:20:00,64.37,64.37,64.37,64.37,100,0
2017-03-31,21:25:00,64.38,64.38,64.36,64.36,200,0
2017-03-31,21:30:00,64.46,64.47,64.46,64.47,300,0
2017-03-31,21:35:00,64.5,64.5,64.5,64.5,100,0
2017-03-31,21:40:00,64.51,64.51,64.44,64.44,200,0
2017-03-31,21:45:00,64.44,64.51,64.44,64.51,200,0
2017-03-31,21:50:00,64.51,64.51,64.51,64.51,100,0
2017-03-31,21:55:00,64.6,64.61,64.58,64.6,660,0
2017-03-31,22:00:00,64.61,64.73,64.46,64.5,23946,0
2017-04-03,15:35:00,64.52,64.52,64.49,64.49,551,0
2017-04-03,15:40:00,64.5653,64.5653,64.29,64.32,400,0
2017-04-03,15:45:00,64.41,64.41,64.31,64.31,905,0
2017-04-03,15:55:00,64.08,64.08,63.925,64.02,356,0
2017-04-03,16:00:00,64.095,64.095,64.095,64.095,100,0
2017-04-03,16:05:00,64.09,64.2391,64.09,64.2391,1318,0
2017-04-03,16:10:00,64.06,64.06,64.06,64.06,100,0
2017-04-03,16:15:00,63.99,63.99,63.95,63.95,300,0
2017-04-03,16:20:00,64.05,64.095,64.05,64.095,200,0
2017-04-03,16:30:00,64.25,64.25,64.12,64.12,200,0
2017-04-03,16:35:00,64.2955,64.2955,64.2955,64.2955,121,0
2017-04-03,16:40:00,64.25,64.25,64.25,64.25,100,0
2017-04-03,16:45:00,64.22,64.22,64.18,64.18,200,0
2017-04-03,16:50:00,64.235,64.235,64.07,64.07,800,0
2017-04-03,17:10:00,64.07,64.07,64.03,64.03,300,0
2017-04-03,17:15:00,64.01,64.01,64.01,64.01,100,0
2017-04-03,17:20:00,64,64.02,64,64.02,200,0
2017-04-03,17:25:00,64.01,64.04,64.01,64.01,400,0
2017-04-03,17:30:00,64.07,64.1,64.07,64.1,200,0
2017-04-03,17:35:00,64.12,64.12,64.12,64.12,100,0
2017-04-03,17:40:00,64.22,64.3,64.149,64.15,2000,0
2017-04-03,17:45:00,64.25,64.25,64.16,64.17,1384,0
2017-04-03,17:50:00,64.1624,64.29,64.16,64.29,1200,0
2017-04-03,17:55:00,64.17,64.275,64.13,64.19,2400,0
2017-04-03,18:00:00,64.17,64.295,64.12,64.1864,2220,0
2017-04-03,18:05:00,64.18,64.21,64.18,64.21,1367,0
2017-04-03,18:10:00,64.31,64.31,64.295,64.31,300,0
2017-04-03,18:15:00,64.35,64.35,64.29,64.29,700,0
2017-04-03,18:20:00,64.275,64.38,64.275,64.38,719,0
2017-04-03,18:25:00,64.38,64.38,64.38,64.38,100,0
2017-04-03,18:30:00,64.43,64.43,64.43,64.43,100,0
2017-04-03,18:35:00,64.545,64.545,64.525,64.525,200,0
2017-04-03,18:40:00,64.53,64.53,64.49,64.49,200,0
2017-04-03,18:45:00,64.5,64.5,64.47,64.47,200,0
2017-04-03,18:55:00,64.495,64.57,64.495,64.57,500,0
2017-04-03,19:05:00,64.58,64.58,64.54,64.54,700,0
2017-04-03,19:10:00,64.57,64.57,64.52,64.555,600,0
2017-04-03,19:15:00,64.565,64.565,64.56,64.56,200,0
2017-04-03,19:20:00,64.555,64.57,64.555,64.57,200,0
2017-04-03,19:25:00,64.56,64.56,64.54,64.54,200,0
2017-04-03,19:30:00,64.53,64.53,64.42,64.42,200,0
2017-04-03,19:35:00,64.42,64.42,64.42,64.42,100,0
2017-04-03,19:40:00,64.415,64.415,64.415,64.415,100,0
2017-04-03,19:50:00,64.525,64.525,64.5,64.51,727,0
2017-04-03,19:55:00,64.505,64.52,64.5,64.5,700,0
2017-04-03,20:00:00,64.48,64.48,64.47,64.47,200,0
2017-04-03,20:10:00,64.52,64.52,64.52,64.52,100,0
2017-04-03,20:15:00,64.355,64.355,64.31,64.31,725,0
2017-04-03,20:20:00,64.376,64.455,64.376,64.455,650,0
2017-04-03,20:25:00,64.449,64.465,64.42,64.465,1100,0
2017-04-03,20:30:00,64.545,64.59,64.44,64.55,1300,0
2017-04-03,20:35:00,64.555,64.555,64.555,64.555,100,0
2017-04-03,20:40:00,64.465,64.465,64.465,64.465,100,0
2017-04-03,20:45:00,64.47,64.47,64.47,64.47,100,0
2017-04-03,20:50:00,64.4946,64.4946,64.435,64.435,200,0
2017-04-03,20:55:00,64.45,64.45,64.4,64.4,300,0
2017-04-03,21:00:00,64.38,64.555,64.38,64.545,3095,0
2017-04-03,21:10:00,64.44,64.49,64.405,64.405,1000,0
2017-04-03,21:15:00,64.405,64.41,64.33,64.33,920,0
2017-04-03,21:20:00,64.34,64.41,64.33,64.405,697,0
2017-04-03,21:25:00,64.4,64.4,64.32,64.39,400,0
2017-04-03,21:30:00,64.32,64.385,64.32,64.385,1600,0
2017-04-03,21:35:00,64.32,64.345,64.27,64.33,1000,0
2017-04-03,21:40:00,64.28,64.35,64.26,64.335,2500,0
2017-04-03,21:45:00,64.34,64.34,64.31,64.32,1100,0
2017-04-03,21:50:00,64.32,64.32,64.27,64.29,700,0
2017-04-03,21:55:00,64.23,64.275,64.2,64.27,1540,0
2017-04-03,22:00:00,64.26,64.3,64.19,64.2,6617,0
2017-04-04,15:35:00,64.07,64.41,64.07,64.38,1530,0
2017-04-04,15:40:00,64.53,64.53,64.53,64.53,100,0
2017-04-04,15:50:00,64.47,64.47,64.36,64.465,1000,0
2017-04-04,15:55:00,64.465,64.55,64.465,64.54,300,0
2017-04-04,16:00:00,64.46,64.48,64.4,64.41,1300,0
2017-04-04,16:05:00,64.46,64.5,64.35,64.48,2900,0
2017-04-04,16:10:00,64.466,64.66,64.45,64.57,1200,0
2017-04-04,16:15:00,64.47,64.47,64.44,64.44,418,0
2017-04-04,16:20:00,64.46,64.505,64.42,64.48,988,0
2017-04-04,16:25:00,64.55,64.55,64.55,64.55,300,0
2017-04-04,16:35:00,64.44,64.5,64.44,64.5,400,0
2017-04-04,16:45:00,64.56,64.69,64.52,64.69,400,0
2017-04-04,16:55:00,64.42,64.55,64.4,64.47,624,0
2017-04-04,17:00:00,64.47,64.51,64.47,64.495,498,0
2017-04-04,17:10:00,64.4,64.535,64.4,64.51,1150,0
2017-04-04,17:15:00,64.48,64.49,64.409,64.475,1700,0
2017-04-04,17:25:00,64.4529,64.54,64.4529,64.54,950,0
2017-04-04,17:35:00,64.51,64.51,64.51,64.51,100,0
2017-04-04,17:45:00,64.47,64.47,64.47,64.47,300,0
2017-04-04,17:55:00,64.46,64.46,64.46,64.46,100,0
2017-04-04,18:00:00,64.5,64.5,64.41,64.5,1496,0
2017-04-04,18:15:00,64.47,64.5,64.47,64.5,569,0
2017-04-04,18:30:00,64.49,64.49,64.49,64.49,100,0
2017-04-04,18:50:00,64.45,64.5,64.39,64.43,2702,0
2017-04-04,18:55:00,64.41,64.435,64.38,64.4,1500,0
2017-04-04,19:05:00,64.4,64.4,64.4,64.4,200,0
2017-04-04,19:10:00,64.5,64.5,64.5,64.5,100,0
2017-04-04,19:20:00,64.46,64.46,64.46,64.46,100,0
2017-04-04,19:25:00,64.37,64.37,64.37,64.37,100,0
2017-04-04,19:30:00,64.44,64.6097,64.44,64.6,400,0
2017-04-04,19:45:00,64.51,64.51,64.51,64.51,400,0
2017-04-04,19:50:00,64.53,64.53,64.53,64.53,300,0
2017-04-04,19:55:00,64.525,64.545,64.525,64.545,300,0
2017-04-04,20:05:00,64.55,64.55,64.55,64.55,100,0
2017-04-04,20:10:00,64.58,64.64,64.5799,64.64,860,0
2017-04-04,20:15:00,64.79,64.79,64.79,64.79,100,0
2017-04-04,20:25:00,64.84,64.85,64.84,64.85,300,0
2017-04-04,20:40:00,64.88,64.88,64.88,64.88,202,0
2017-04-04,20:55:00,64.82,64.82,64.82,64.82,100,0
2017-04-04,21:00:00,64.8,64.8,64.79,64.79,200,0
2017-04-04,21:05:00,64.775,64.85,64.775,64.79,805,0
2017-04-04,21:20:00,64.83,64.89,64.81,64.89,995,0
2017-04-04,21:25:00,64.59,64.7599,64.59,64.75,1150,0
2017-04-04,21:30:00,64.665,64.665,64.59,64.61,400,0
2017-04-04,21:35:00,64.59,64.59,64.56,64.56,500,0
2017-04-04,21:40:00,64.485,64.485,64.485,64.485,100,0
2017-04-04,21:45:00,64.57,64.57,64.57,64.57,170,0
2017-04-04,21:50:00,64.61,64.61,64.61,64.61,100,0
2017-04-04,21:55:00,64.54,64.61,64.54,64.575,400,0
2017-04-04,22:00:00,64.61,64.65,64.57,64.65,9630,0
2017-04-05,15:35:00,64.87,64.87,64.4784,64.4784,314,0
2017-04-05,15:40:00,64.4,64.535,64.4,64.535,973,0
2017-04-05,15:50:00,64.7,64.71,64.7,64.71,200,0
2017-04-05,15:55:00,64.72,64.9,64.71,64.89,664,0
2017-04-05,16:25:00,64.9,64.9,64.9,64.9,100,0
2017-04-05,16:30:00,64.9,64.9,64.9,64.9,100,0
2017-04-05,16:35:00,64.895,64.895,64.75,64.7956,800,0
2017-04-05,16:45:00,64.8,64.94,64.8,64.81,800,0
2017-04-05,16:50:00,64.9058,64.9058,64.9058,64.9058,200,0
2017-04-05,16:55:00,64.89,64.89,64.89,64.89,100,0
2017-04-05,17:00:00,64.84,64.97,64.84,64.8999,1081,0
2017-04-05,17:05:00,64.93,64.93,64.775,64.89,630,0
2017-04-05,17:10:00,64.87,64.96,64.86,64.86,1100,0
2017-04-05,17:15:00,64.9,64.9,64.9,64.9,100,0
2017-04-05,17:20:00,64.95,64.95,64.95,64.95,100,0
2017-04-05,17:25:00,64.91,64.91,64.91,64.91,100,0
2017-04-05,17:30:00,64.88,64.88,64.85,64.85,400,0
2017-04-05,17:35:00,64.84,64.84,64.84,64.84,100,0
2017-04-05,17:40:00,64.89,64.89,64.865,64.865,400,0
2017-04-05,17:45:00,64.91,64.91,64.91,64.91,174,0
2017-04-05,17:50:00,64.959,64.959,64.959,64.959,200,0
2017-04-05,18:15:00,64.96,64.96,64.96,64.96,200,0
2017-04-05,18:20:00,64.96,64.96,64.96,64.96,100,0
2017-04-05,18:25:00,64.95,65.06,64.94,65.06,1305,0
2017-04-05,18:35:00,65.05,65.05,65.01,65.03,400,0
2017-04-05,18:40:00,64.92,64.95,64.92,64.95,200,0
2017-04-05,18:50:00,65.06,65.06,65.06,65.06,100,0
2017-04-05,19:10:00,65.06,65.06,65.06,65.06,100,0
2017-04-05,19:15:00,65.045,65.045,65.045,65.045,110,0
2017-04-05,19:20:00,65.035,65.12,64.944,65.11,3812,0
2017-04-05,19:25:00,65.08,65.35,65.08,65.32,4200,0
2017-04-05,19:30:00,65.36,65.37,65.23,65.26,3600,0
2017-04-05,19:35:00,65.24,65.24,65.19,65.22,800,0
2017-04-05,19:40:00,65.2,65.28,65.12,65.15,4008,0
2017-04-05,19:45:00,65.18,65.39,65.18,65.33,1571,0
2017-04-05,19:50:00,65.33,65.39,65.24,65.39,1791,0
2017-04-05,19:55:00,65.4,65.4,65.4,65.4,100,0
2017-04-05,20:00:00,65.39,65.39,65.23,65.28,7180,0
2017-04-05,20:35:00,65.18,65.18,65.18,65.18,100,0
2017-04-05,20:40:00,65.21,65.21,65.21,65.21,100,0
2017-04-05,20:50:00,65.21,65.21,65.21,65.21,100,0
2017-04-05,20:55:00,65.09,65.09,65.02,65.075,868,0
2017-04-05,21:00:00,65.16,65.2,65,65.18,2300,0
2017-04-05,21:05:00,65.06,65.21,65.06,65.21,906,0
2017-04-05,21:15:00,64.93,65.19,64.93,65.19,800,0
2017-04-05,21:20:00,65.25,65.25,64.95,64.95,500,0
2017-04-05,21:25:00,65.18,65.18,64.97,64.97,1900,0
2017-04-05,21:30:00,64.97,65.13,64.96,65.12,800,0
2017-04-05,21:35:00,65.01,65.12,65.01,65.12,200,0
2017-04-05,21:40:00,65.07,65.07,64.95,64.95,200,0
2017-04-05,21:45:00,65.04,65.04,64.98,64.98,200,0
2017-04-05,21:50:00,64.9,64.98,64.9,64.98,900,0
2017-04-05,21:55:00,65,65.1,64.9,65.1,3050,0
2017-04-05,22:00:00,65.04,65.09,64.91,64.93,13863,0
2017-04-06,15:35:00,65,65,65,65,100,0
2017-04-06,15:40:00,64.99,64.99,64.89,64.9421,945,0
2017-04-06,15:45:00,64.88,64.88,64.84,64.84,200,0
2017-04-06,15:50:00,64.77,64.89,64.77,64.82,1100,0
2017-04-06,16:10:00,64.93,64.98,64.93,64.98,600,0
2017-04-06,16:20:00,64.825,64.825,64.795,64.795,200,0
2017-04-06,16:30:00,65,65.03,65,65.03,200,0
2017-04-06,16:40:00,65.02,65.02,65.02,65.02,100,0
2017-04-06,16:55:00,64.79,64.82,64.79,64.82,300,0
2017-04-06,17:00:00,64.85,65.02,64.85,65.008,878,0
2017-04-06,17:10:00,64.96,64.96,64.96,64.96,100,0
2017-04-06,17:30:00,65.24,65.24,65.17,65.17,350,0
2017-04-06,17:40:00,65.17,65.17,65.17,65.17,300,0
2017-04-06,17:45:00,65.19,65.24,65.19,65.24,806,0
2017-04-06,17:50:00,65.3,65.3,65.24,65.3,500,0
2017-04-06,18:05:00,65.3,65.3,65.3,65.3,300,0
2017-04-06,18:10:00,65.3,65.34,65.3,65.34,400,0
2017-04-06,18:20:00,65.44,65.44,65.44,65.44,100,0
2017-04-06,18:50:00,65.3,65.3,65.285,65.285,200,0
2017-04-06,18:55:00,65.3,65.3,65.3,65.3,100,0
2017-04-06,19:05:00,65.47,65.47,65.47,65.47,100,0
2017-04-06,19:20:00,65.48,65.4939,65.48,65.4939,221,0
2017-04-06,19:30:00,65.44,65.44,65.44,65.44,200,0
2017-04-06,19:35:00,65.55,65.55,65.55,65.55,100,0
2017-04-06,19:55:00,65.55,65.55,65.48,65.48,300,0
2017-04-06,20:05:00,65.39,65.39,65.39,65.39,100,0
2017-04-06,20:15:00,65.53,65.53,65.43,65.43,200,0
2017-04-06,20:20:00,65.55,65.58,65.55,65.58,300,0
2017-04-06,20:35:00,65.64,65.67,65.64,65.67,300,0
2017-04-06,20:45:00,65.93,65.96,65.93,65.96,200,0
2017-04-06,20:50:00,65.97,65.97,65.82,65.82,500,0
2017-04-06,21:10:00,65.82,65.93,65.81,65.93,1000,0
2017-04-06,21:15:00,65.92,65.92,65.92,65.92,100,0
2017-04-06,21:20:00,65.96,65.96,65.96,65.96,100,0
2017-04-06,21:25:00,65.93,65.95,65.9,65.95,300,0
2017-04-06,21:35:00,65.83,65.83,65.795,65.815,1400,0
2017-04-06,21:40:00,65.8,65.8,65.8,65.8,200,0
2017-04-06,21:45:00,65.81,65.81,65.81,65.81,150,0
2017-04-06,21:50:00,65.87,65.93,65.8481,65.86,1460,0
2017-04-06,21:55:00,65.96,65.96,65.93,65.93,500,0
2017-04-06,22:00:00,65.99,66.07,65.96,66.07,714,0
2017-04-07,15:35:00,65.92,65.92,65.92,65.92,1081,0
2017-04-07,15:45:00,66.01,66.01,66.01,66.01,100,0
2017-04-07,15:50:00,65.89,66.19,65.89,65.94,300,0
2017-04-07,15:55:00,66.2,66.25,66.2,66.25,339,0
2017-04-07,16:00:00,66.25,66.25,66.23,66.25,1300,0
2017-04-07,16:05:00,66.25,66.45,66.25,66.35,1200,0
2017-04-07,16:20:00,66.547,66.66,66.547,66.66,200,0
2017-04-07,16:30:00,66.56,66.56,66.56,66.56,100,0
2017-04-07,16:35:00,66.615,66.615,66.615,66.615,100,0
2017-04-07,16:40:00,66.45,66.45,66.45,66.45,200,0
2017-04-07,16:45:00,66.36,66.36,66.36,66.36,100,0
2017-04-07,16:55:00,66.33,66.53,66.33,66.53,200,0
2017-04-07,17:10:00,66.35,66.398,66.35,66.398,300,0
2017-04-07,17:15:00,66.42,66.42,66.42,66.42,100,0
2017-04-07,17:20:00,66.43,66.43,66.43,66.43,100,0
2017-04-07,17:45:00,66.43,66.45,66.43,66.45,300,0
2017-04-07,17:50:00,66.425,66.46,66.425,66.46,259,0
2017-04-07,17:55:00,66.5,66.5,66.5,66.5,300,0
2017-04-07,18:00:00,66.53,66.53,66.53,66.53,100,0
2017-04-07,18:20:00,66.58,66.61,66.58,66.61,405,0
2017-04-07,18:35:00,66.57,66.57,66.57,66.57,100,0
2017-04-07,18:45:00,66.59,66.75,66.57,66.75,3000,0
2017-04-07,18:50:00,66.8,66.97,66.8,66.87,3690,0
2017-04-07,18:55:00,66.99,66.99,66.99,66.99,100,0
2017-04-07,19:00:00,66.94,66.94,66.84,66.84,793,0
2017-04-07,19:05:00,66.9,66.93,66.9,66.93,300,0
2017-04-07,19:10:00,66.84,66.84,66.81,66.81,350,0
2017-04-07,19:15:00,66.88,66.88,66.88,66.88,200,0
2017-04-07,19:20:00,66.8,66.825,66.8,66.825,425,0
2017-04-07,19:30:00,66.84,66.85,66.84,66.85,300,0
2017-04-07,19:40:00,66.8,66.805,66.78,66.805,400,0
2017-04-07,19:45:00,66.72,66.72,66.72,66.72,100,0
2017-04-07,20:00:00,66.84,66.84,66.78,66.84,700,0
2017-04-07,20:05:00,66.795,66.84,66.795,66.84,300,0
2017-04-07,20:10:00,66.85,66.9,66.85,66.9,300,0
2017-04-07,20:15:00,66.865,66.865,66.865,66.865,100,0
2017-04-07,20:20:00,66.83,66.835,66.83,66.835,300,0
2017-04-07,20:25:00,66.8,66.87,66.8,66.81,300,0
2017-04-07,20:35:00,66.89,66.89,66.84,66.84,200,0
2017-04-07,20:40:00,66.84,66.84,66.79,66.83,600,0
2017-04-07,20:45:00,66.825,66.86,66.825,66.86,409,0
2017-04-07,20:55:00,66.83,66.875,66.8,66.875,300,0
2017-04-07,21:10:00,66.93,66.93,66.93,66.93,100,0
2017-04-07,21:15:00,66.87,66.88,66.81,66.81,900,0
2017-04-07,21:25:00,66.885,66.92,66.885,66.92,200,0
2017-04-07,21:30:00,66.88,66.95,66.88,66.9,836,0
2017-04-07,21:35:00,66.93,66.93,66.85,66.86,500,0
2017-04-07,21:45:00,66.875,66.875,66.865,66.865,300,0
2017-04-07,21:50:00,66.9,66.905,66.87,66.88,1347,0
2017-04-07,21:55:00,66.91,66.92,66.905,66.905,700,0
2017-04-07,22:00:00,66.905,66.91,66.81,66.89,12956,0
2017-04-10,15:35:00,67,67,66.94,67,852,0
2017-04-10,15:40:00,66.63,66.63,66.63,66.63,100,0
2017-04-10,15:45:00,66.93,67,66.93,66.9755,2000,0
2017-04-10,15:55:00,67.05,67.05,67.05,67.05,100,0
2017-04-10,16:10:00,67.3,67.39,67.26,67.26,600,0
2017-04-10,16:20:00,67.21,67.24,67.21,67.24,200,0
2017-04-10,16:25:00,67.26,67.29,67.26,67.29,300,0
2017-04-10,16:45:00,67.18,67.18,67.13,67.1301,1025,0
2017-04-10,16:50:00,67.125,67.125,67.125,67.125,100,0
2017-04-10,17:00:00,67.07,67.105,67.07,67.105,482,0
2017-04-10,17:10:00,67.06,67.06,67.06,67.06,100,0
2017-04-10,17:15:00,67.055,67.055,66.99,67.04,900,0
2017-04-10,17:20:00,67.035,67.115,67.035,67.04,300,0
2017-04-10,17:25:00,67.1,67.11,67.1,67.11,200,0
2017-04-10,17:35:00,67.04,67.12,67.02,67.12,3101,0
2017-04-10,17:40:00,67.03,67.155,67.03,67.1,2200,0
2017-04-10,17:45:00,67.04,67.065,67.04,67.04,300,0
2017-04-10,17:50:00,67.06,67.285,67.06,67.285,2300,0
2017-04-10,17:55:00,67.26,67.29,67.13,67.1337,2218,0
2017-04-10,18:00:00,67.16,67.27,67.16,67.25,1300,0
2017-04-10,18:05:00,67.285,67.285,67.28,67.285,1000,0
2017-04-10,18:10:00,67.22,67.23,67.2,67.2,500,0
2017-04-10,18:15:00,67.2,67.24,67.12,67.21,1000,0
2017-04-10,18:20:00,67.22,67.22,67.22,67.22,200,0
2017-04-10,18:25:00,67.28,67.285,67.21,67.22,1002,0
2017-04-10,18:30:00,67.26,67.29,67.24,67.275,1000,0
2017-04-10,18:35:00,67.27,67.27,67.27,67.27,100,0
2017-04-10,18:40:00,67.26,67.275,67.25,67.25,500,0
2017-04-10,18:45:00,67.29,67.29,67.29,67.29,100,0
2017-04-10,18:50:00,67.34,67.55,67.279,67.55,4890,0
2017-04-10,18:55:00,67.55,67.61,67.45,67.45,500,0
2017-04-10,19:05:00,67.52,67.52,67.52,67.52,168,0
2017-04-10,19:25:00,67.41,67.54,67.41,67.54,200,0
2017-04-10,19:55:00,67.51,67.51,67.51,67.51,100,0
2017-04-10,20:05:00,67.5,67.505,67.38,67.39,6500,0
2017-04-10,20:10:00,67.28,67.34,67.23,67.34,600,0
2017-04-10,20:30:00,67.26,67.26,67.22,67.22,650,0
2017-04-10,20:45:00,67.165,67.22,67.165,67.22,200,0
2017-04-10,20:50:00,67.26,67.26,67.26,67.26,100,0
2017-04-10,20:55:00,67.375,67.4709,67.375,67.4709,500,0
2017-04-10,21:05:00,67.36,67.36,67.36,67.36,100,0
2017-04-10,21:10:00,67.36,67.36,67.36,67.36,100,0
2017-04-10,21:15:00,67.36,67.43,67.36,67.4,900,0
2017-04-10,21:20:00,67.405,67.405,67.405,67.405,200,0
2017-04-10,21:25:00,67.4,67.4,67.32,67.385,463,0
2017-04-10,21:30:00,67.42,67.42,67.38,67.42,515,0
2017-04-10,21:35:00,67.4,67.4,67.35,67.35,855,0
2017-04-10,21:40:00,67.36,67.36,67.3,67.35,300,0
2017-04-10,21:45:00,67.35,67.35,67.35,67.35,200,0
2017-04-10,21:50:00,67.29,67.29,67.29,67.29,100,0
2017-04-10,21:55:00,67.325,67.37,67.28,67.3,10407,0
2017-04-10,22:00:00,67.25,67.37,67.24,67.32,5635,0
2017-04-11,15:35:00,67.32,67.33,67,67,1072,0
2017-04-11,15:40:00,67.45,67.45,67.45,67.45,200,0
2017-04-11,15:45:00,67.2219,67.41,67.2219,67.36,450,0
2017-04-11,15:50:00,67.43,67.57,67.43,67.5,600,0
2017-04-11,16:00:00,67.57,67.59,67.55,67.59,500,0
2017-04-11,16:05:00,67.75,67.75,67.62,67.62,254,0
2017-04-11,16:10:00,67.71,67.71,67.71,67.71,100,0
2017-04-11,16:25:00,67.73,67.73,67.73,67.73,100,0
2017-04-11,16:30:00,67.73,67.95,67.71,67.8,9154,0
2017-04-11,16:35:00,67.77,67.79,67.58,67.64,5500,0
2017-04-11,16:40:00,67.6,67.62,67.54,67.54,7800,0
2017-04-11,16:45:00,67.555,67.65,67.52,67.65,1114,0
2017-04-11,16:50:00,67.651,67.651,67.65,67.65,1106,0
2017-04-11,16:55:00,67.73,67.82,67.7,67.7,865,0
2017-04-11,17:00:00,67.81,67.86,67.81,67.86,200,0
2017-04-11,17:05:00,67.79,67.79,67.79,67.79,200,0
2017-04-11,17:10:00,67.8,67.87,67.8,67.87,500,0
2017-04-11,17:25:00,67.91,67.99,67.875,67.92,1400,0
2017-04-11,17:35:00,67.945,67.945,67.945,67.945,100,0
2017-04-11,17:40:00,67.9001,68.155,67.9001,68.155,1327,0
2017-04-11,17:45:00,68.18,68.18,68.18,68.18,200,0
2017-04-11,17:55:00,68.2,68.3,68.2,68.3,800,0
2017-04-11,18:00:00,68.3008,68.3008,68.24,68.3,2900,0
2017-04-11,18:05:00,68.295,68.295,68.295,68.295,300,0
2017-04-11,18:10:00,68.3,68.3,68.3,68.3,100,0
2017-04-11,18:15:00,68.31,68.38,68.31,68.37,600,0
2017-04-11,18:20:00,68.46,68.46,68.3401,68.3401,694,0
2017-04-11,18:25:00,68.36,68.435,68.36,68.38,300,0
2017-04-11,18:30:00,68.43,68.43,68.43,68.43,100,0
2017-04-11,18:35:00,68.3501,68.3787,68.35,68.3787,500,0
2017-04-11,18:40:00,68.33,68.38,68.3,68.3,3300,0
2017-04-11,18:45:00,68.27,68.28,68.27,68.28,200,0
2017-04-11,18:50:00,68.295,68.33,68.295,68.325,600,0
2017-04-11,18:55:00,68.37,68.39,68.37,68.39,300,0
2017-04-11,19:00:00,68.5,68.5,68.5,68.5,100,0
2017-04-11,19:05:00,68.4,68.4,68.34,68.34,300,0
2017-04-11,19:15:00,68.285,68.33,68.285,68.33,700,0
2017-04-11,19:20:00,68.37,68.37,68.37,68.37,200,0
2017-04-11,19:30:00,68.5,68.5,68.5,68.5,100,0
2017-04-11,19:35:00,68.54,68.62,68.5,68.62,400,0
2017-04-11,19:40:00,68.62,68.62,68.62,68.62,100,0
2017-04-11,19:50:00,68.61,68.61,68.51,68.51,300,0
2017-04-11,19:55:00,68.39,68.39,68.39,68.39,100,0
2017-04-11,20:05:00,68.37,68.47,68.37,68.46,300,0
2017-04-11,20:10:00,68.45,68.5,68.45,68.5,400,0
2017-04-11,20:15:00,68.46,68.46,68.46,68.46,200,0
2017-04-11,20:20:00,68.41,68.41,68.41,68.41,100,0
2017-04-11,20:25:00,68.51,68.51,68.51,68.51,100,0
2017-04-11,20:30:00,68.4201,68.4201,68.4201,68.4201,100,0
2017-04-11,20:40:00,68.55,68.55,68.55,68.55,200,0
2017-04-11,20:50:00,68.535,68.535,68.45,68.45,700,0
2017-04-11,20:55:00,68.36,68.43,68.28,68.43,1700,0
2017-04-11,21:05:00,68.42,68.46,68.39,68.44,1000,0
2017-04-11,21:10:00,68.39,68.39,68.23,68.32,4700,0
2017-04-11,21:15:00,68.32,68.37,68.32,68.37,400,0
2017-04-11,21:20:00,68.34,68.42,68.29,68.41,3000,0
2017-04-11,21:25:00,68.59,68.59,68.44,68.54,300,0
2017-04-11,21:30:00,68.45,68.45,68.45,68.45,100,0
2017-04-11,21:35:00,68.51,68.52,68.51,68.52,1100,0
2017-04-11,21:40:00,68.55,68.55,68.4801,68.4801,200,0
2017-04-11,21:45:00,68.48,68.52,68.455,68.455,1106,0
2017-04-11,21:50:00,68.39,68.42,68.39,68.42,200,0
2017-04-11,21:55:00,68.42,68.43,68.37,68.37,800,0
2017-04-11,22:00:00,68.4,68.58,68.4,68.5,7809,0
2017-04-12,15:35:00,68.35,68.35,68.35,68.35,365,0
2017-04-12,15:40:00,68.4042,68.4042,68.4042,68.4042,800,0
2017-04-12,15:50:00,68.365,68.365,68.365,68.365,100,0
2017-04-12,15:55:00,68.43,68.43,68.39,68.39,600,0
2017-04-12,16:00:00,68.529,68.55,68.529,68.55,300,0
2017-04-12,16:10:00,68.41,68.41,68.41,68.41,100,0
2017-04-12,16:15:00,68.53,68.53,68.53,68.53,100,0
2017-04-12,16:20:00,68.52,68.52,68.52,68.52,100,0
2017-04-12,16:35:00,68.49,68.49,68.49,68.49,104,0
2017-04-12,16:40:00,68.43,68.43,68.36,68.37,500,0
2017-04-12,16:45:00,68.37,68.395,68.37,68.395,200,0
2017-04-12,16:50:00,68.35,68.405,68.2,68.405,4200,0
2017-04-12,16:55:00,68.3,68.34,68.3,68.34,460,0
2017-04-12,17:00:00,68.4,68.4,68.35,68.35,300,0
2017-04-12,17:05:00,68.379,68.43,68.379,68.43,400,0
2017-04-12,17:10:00,68.38,68.4,68.38,68.4,600,0
2017-04-12,17:20:00,68.35,68.35,68.35,68.35,200,0
2017-04-12,17:25:00,68.31,68.31,68.25,68.28,500,0
2017-04-12,17:30:00,68.31,68.4,68.31,68.4,721,0
2017-04-12,17:35:00,68.46,68.46,68.4001,68.4001,1100,0
2017-04-12,17:40:00,68.41,68.41,68.4,68.4,400,0
2017-04-12,17:50:00,68.385,68.385,68.385,68.385,100,0
2017-04-12,18:20:00,68.38,68.39,68.38,68.39,200,0
2017-04-12,18:25:00,68.35,68.38,68.32,68.35,1900,0
2017-04-12,18:30:00,68.355,68.42,68.355,68.41,1600,0
2017-04-12,18:35:00,68.38,68.38,68.37,68.3704,440,0
2017-04-12,18:50:00,68.39,68.39,68.39,68.39,200,0
2017-04-12,18:55:00,68.37,68.37,68.37,68.37,200,0
2017-04-12,19:00:00,68.35,68.36,68.35,68.36,500,0
2017-04-12,19:05:00,68.36,68.37,68.36,68.37,300,0
2017-04-12,19:10:00,68.405,68.405,68.39,68.39,600,0
2017-04-12,19:25:00,68.365,68.365,68.365,68.365,100,0
2017-04-12,19:30:00,68.32,68.32,68.32,68.32,100,0
2017-04-12,19:45:00,68.4,68.4,68.4,68.4,100,0
2017-04-12,19:50:00,68.365,68.365,68.365,68.365,140,0
2017-04-12,19:55:00,68.31,68.31,68.3,68.3,300,0
2017-04-12,20:00:00,68.33,68.36,68.33,68.36,300,0
2017-04-12,20:35:00,68.325,68.33,68.325,68.33,2114,0
2017-04-12,20:40:00,68.35,68.43,68.14,68.21,3130,0
2017-04-12,20:45:00,68.205,68.42,68.19,68.42,2200,0
2017-04-12,20:50:00,68.37,68.37,68.27,68.31,1800,0
2017-04-12,20:55:00,68.28,68.42,68.28,68.42,2600,0
2017-04-12,21:00:00,68.26,68.38,68.26,68.38,900,0
2017-04-12,21:10:00,68.335,68.335,68.335,68.335,600,0
2017-04-12,21:15:00,68.32,68.33,68.32,68.33,200,0
2017-04-12,21:25:00,68.32,68.32,68.32,68.32,100,0
2017-04-12,21:30:00,68.23,68.3,68.23,68.3,275,0
2017-04-12,21:40:00,68.255,68.255,68.255,68.255,100,0
2017-04-12,21:45:00,68.19,68.19,68.19,68.19,195,0
2017-04-12,21:55:00,68.26,68.34,68.25,68.34,300,0
2017-04-12,22:00:00,68.35,68.48,68.35,68.41,6903,0
2017-04-13,15:35:00,68.3,68.46,68.3,68.35,698,0
2017-04-13,15:45:00,68.4,68.4,68.4,68.4,200,0
2017-04-13,15:50:00,68.34,68.5,68.3,68.5,1834,0
2017-04-13,15:55:00,68.5,68.5,68.47,68.47,300,0
2017-04-13,16:05:00,68.38,68.38,68.35,68.35,300,0
2017-04-13,16:25:00,68.34,68.35,68.29,68.29,1000,0
2017-04-13,16:30:00,68.28,68.35,68.28,68.315,1700,0
2017-04-13,16:40:00,68.23,68.285,68.23,68.285,200,0
2017-04-13,16:45:00,68.32,68.32,68.32,68.32,100,0
2017-04-13,16:55:00,68.33,68.33,68.33,68.33,200,0
2017-04-13,17:00:00,68.31,68.345,68.31,68.345,200,0
2017-04-13,17:25:00,68.27,68.36,68.17,68.34,2800,0
2017-04-13,17:30:00,68.27,68.38,68.27,68.345,2800,0
2017-04-13,17:35:00,68.35,68.35,68.35,68.35,100,0
2017-04-13,17:40:00,68.28,68.31,68.28,68.31,900,0
2017-04-13,17:45:00,68.345,68.37,68.285,68.285,1700,0
2017-04-13,17:50:00,68.31,68.335,68.31,68.335,500,0
2017-04-13,18:00:00,68.31,68.31,68.31,68.31,100,0
2017-04-13,18:10:00,68.305,68.305,68.27,68.29,700,0
2017-04-13,18:15:00,68.3,68.39,68.26,68.345,3400,0
2017-04-13,18:25:00,68.37,68.37,68.3,68.3,300,0
2017-04-13,18:40:00,68.305,68.305,68.285,68.285,200,0
2017-04-13,18:45:00,68.24,68.24,68.22,68.22,300,0
2017-04-13,18:50:00,68.22,68.22,68.22,68.22,100,0
2017-04-13,18:55:00,68.29,68.29,68.29,68.29,100,0
2017-04-13,19:05:00,68.21,68.26,68.19,68.215,500,0
2017-04-13,19:10:00,68.17,68.17,68.17,68.17,100,0
2017-04-13,19:15:00,68.12,68.12,68.105,68.105,400,0
2017-04-13,19:20:00,68.1,68.135,68.1,68.135,200,0
2017-04-13,19:25:00,68.15,68.15,68.12,68.12,208,0
2017-04-13,19:30:00,68.05,68.05,68.05,68.05,100,0
2017-04-13,19:40:00,68.035,68.135,68.0018,68.135,2700,0
2017-04-13,19:45:00,68.03,68.095,68.03,68.095,200,0
2017-04-13,19:50:00,67.91,67.91,67.875,67.875,350,0
2017-04-13,20:05:00,67.83,67.911,67.83,67.911,200,0
2017-04-13,20:15:00,67.99,67.99,67.99,67.99,100,0
2017-04-13,20:40:00,68.05,68.05,68.05,68.05,100,0
2017-04-13,20:50:00,68.11,68.11,68.11,68.11,100,0
2017-04-13,20:55:00,68.17,68.25,68.08,68.16,400,0
2017-04-13,21:00:00,68.01,68.01,68.01,68.01,100,0
2017-04-13,21:20:00,68.03,68.03,67.99,67.99,200,0
2017-04-13,21:25:00,67.99,67.99,67.99,67.99,100,0
2017-04-13,21:30:00,67.98,67.98,67.98,67.98,100,0
2017-04-13,21:35:00,67.96,68.11,67.96,67.96,400,0
2017-04-13,21:40:00,67.92,67.97,67.87,67.87,500,0
2017-04-13,21:45:00,67.95,67.95,67.89,67.89,247,0
2017-04-13,21:50:00,67.955,67.98,67.955,67.98,400,0
2017-04-13,21:55:00,67.96,67.96,67.89,67.89,600,0
2017-04-13,22:00:00,67.89,67.92,67.86,67.86,3719,0
2017-04-17,15:35:00,67.92,68.25,67.92,68.11,2301,0
2017-04-17,15:40:00,68.22,68.26,68.2,68.24,800,0
2017-04-17,15:45:00,68.22,68.29,68.22,68.29,370,0
2017-04-17,15:55:00,68.2497,68.2497,68.18,68.18,240,0
2017-04-17,16:00:00,68.27,68.27,68.16,68.24,1200,0
2017-04-17,16:05:00,68.16,68.32,68.15,68.32,1200,0
2017-04-17,16:15:00,68.35,68.35,68.33,68.33,600,0
2017-04-17,16:20:00,68.2,68.2,68.2,68.2,100,0
2017-04-17,16:30:00,68.2,68.2,68.2,68.2,100,0
2017-04-17,16:35:00,68.2,68.2,68.2,68.2,100,0
2017-04-17,16:40:00,68.2,68.21,68.2,68.2,500,0
2017-04-17,16:45:00,68.2,68.2,68.2,68.2,100,0
2017-04-17,16:50:00,68.22,68.34,68.205,68.305,2700,0
2017-04-17,17:10:00,68.4,68.4,68.4,68.4,100,0
2017-04-17,17:20:00,68.4,68.44,68.29,68.29,600,0
2017-04-17,17:30:00,68.37,68.39,68.37,68.37,300,0
2017-04-17,17:40:00,68.41,68.42,68.41,68.42,200,0
2017-04-17,18:00:00,68.3,68.3,68.3,68.3,100,0
2017-04-17,18:05:00,68.31,68.31,68.31,68.31,100,0
2017-04-17,18:10:00,68.31,68.39,68.31,68.36,400,0
2017-04-17,18:20:00,68.36,68.36,68.36,68.36,100,0
2017-04-17,18:30:00,68.3,68.3,68.3,68.3,100,0
2017-04-17,18:35:00,68.3261,68.3261,68.3261,68.3261,150,0
2017-04-17,18:40:00,68.285,68.285,68.285,68.285,315,0
2017-04-17,18:55:00,68.2783,68.2783,68.23,68.27,1133,0
2017-04-17,19:00:00,68.25,68.32,68.25,68.32,1600,0
2017-04-17,19:15:00,68.335,68.335,68.27,68.31,500,0
2017-04-17,19:25:00,68.33,68.33,68.33,68.33,100,0
2017-04-17,19:30:00,68.3158,68.37,68.3158,68.37,700,0
2017-04-17,19:35:00,68.39,68.44,68.39,68.44,300,0
2017-04-17,19:50:00,68.39,68.39,68.39,68.39,200,0
2017-04-17,19:55:00,68.4,68.4,68.4,68.4,100,0
2017-04-17,20:00:00,68.37,68.37,68.37,68.37,100,0
2017-04-17,20:10:00,68.29,68.29,68.29,68.29,100,0
2017-04-17,20:20:00,68.25,68.28,68.25,68.25,500,0
2017-04-17,20:25:00,68.26,68.31,68.25,68.29,1100,0
2017-04-17,20:30:00,68.34,68.34,68.34,68.34,100,0
2017-04-17,20:50:00,68.47,68.47,68.38,68.38,200,0
2017-04-17,20:55:00,68.36,68.37,68.36,68.37,300,0
2017-04-17,21:10:00,68.37,68.37,68.37,68.37,100,0
2017-04-17,21:20:00,68.38,68.38,68.38,68.38,100,0
2017-04-17,21:25:00,68.39,68.44,68.39,68.44,200,0
2017-04-17,21:30:00,68.445,68.5,68.445,68.5,392,0
2017-04-17,21:35:00,68.51,68.51,68.51,68.51,100,0
2017-04-17,21:40:00,68.41,68.465,68.41,68.465,200,0
2017-04-17,21:45:00,68.465,68.465,68.46,68.46,200,0
2017-04-17,21:50:00,68.46,68.47,68.46,68.47,300,0
2017-04-17,21:55:00,68.47,68.6,68.47,68.6,800,0
2017-04-17,22:00:00,68.6,68.69,68.52,68.69,5302,0
2017-04-18,15:35:00,68.42,68.42,68.42,68.42,784,0
2017-04-18,15:40:00,68.83,69.04,68.83,68.98,1030,0
2017-04-18,15:45:00,68.85,68.85,68.85,68.85,100,0
2017-04-18,15:50:00,68.9581,68.9581,68.73,68.85,400,0
2017-04-18,15:55:00,68.78,68.78,68.78,68.78,100,0
2017-04-18,16:10:00,68.905,69.01,68.905,69.01,1800,0
2017-04-18,16:20:00,69.01,69.01,69.01,69.01,100,0
2017-04-18,16:25:00,69.03,69.06,69.03,69.06,600,0
2017-04-18,16:40:00,69.11,69.14,69.11,69.14,200,0
2017-04-18,17:10:00,68.96,68.96,68.96,68.96,100,0
2017-04-18,17:20:00,69.14,69.27,69.14,69.27,1000,0
2017-04-18,17:30:00,69.3005,69.45,69.3005,69.45,300,0
2017-04-18,17:45:00,69.53,69.53,69.53,69.53,100,0
2017-04-18,17:50:00,69.3277,69.49,69.22,69.49,500,0
2017-04-18,17:55:00,69.49,69.56,69.49,69.56,400,0
2017-04-18,18:10:00,69.55,69.55,69.55,69.55,100,0
2017-04-18,18:15:00,69.36,69.36,69.21,69.21,200,0
2017-04-18,18:35:00,69.33,69.33,69.33,69.33,100,0
2017-04-18,18:40:00,69.32,69.32,69.32,69.32,100,0
2017-04-18,18:50:00,69.34,69.34,69.25,69.25,600,0
2017-04-18,19:00:00,69.26,69.26,69.26,69.26,100,0
2017-04-18,19:10:00,69.24,69.3,69.22,69.22,1200,0
2017-04-18,19:15:00,69.205,69.205,69.205,69.205,100,0
2017-04-18,19:20:00,69.31,69.31,69.3,69.3,300,0
2017-04-18,19:25:00,69.13,69.13,69.13,69.13,100,0
2017-04-18,19:30:00,69.3,69.3,69.28,69.3,4400,0
2017-04-18,19:35:00,69.31,69.31,69.31,69.31,545,0
2017-04-18,19:40:00,69.38,69.38,69.38,69.38,100,0
2017-04-18,19:45:00,69.38,69.47,69.38,69.47,400,0
2017-04-18,19:50:00,69.311,69.311,69.311,69.311,100,0
2017-04-18,20:00:00,69.48,69.48,69.48,69.48,100,0
2017-04-18,20:10:00,69.48,69.52,69.48,69.52,200,0
2017-04-18,20:30:00,69.5,69.559,69.485,69.485,2000,0
2017-04-18,20:35:00,69.485,69.55,69.44,69.44,677,0
2017-04-18,20:50:00,69.42,69.54,69.42,69.54,300,0
2017-04-18,21:00:00,69.355,69.355,69.08,69.3,3008,0
2017-04-18,21:10:00,69.26,69.26,69.14,69.14,400,0
2017-04-18,21:15:00,69.26,69.27,69.26,69.27,900,0
2017-04-18,21:30:00,69.42,69.42,69.38,69.38,795,0
2017-04-18,21:35:00,69.42,69.42,69.42,69.42,300,0
2017-04-18,21:40:00,69.39,69.39,69.39,69.39,100,0
2017-04-18,21:45:00,69.38,69.38,69.37,69.37,200,0
2017-04-18,21:50:00,69.39,69.39,69.39,69.39,100,0
2017-04-18,21:55:00,69.38,69.4,69.37,69.37,500,0
2017-04-18,22:00:00,69.35,69.41,69.35,69.41,4012,0
2017-04-19,15:35:00,69.59,69.59,69.59,69.59,455,0
2017-04-19,15:50:00,69.44,69.44,69.44,69.44,100,0
2017-04-19,15:55:00,69.45,69.5,69.45,69.5,800,0
2017-04-19,16:00:00,69.615,69.66,69.54,69.66,1100,0
2017-04-19,16:05:00,69.62,69.65,69.57,69.57,500,0
2017-04-19,16:10:00,69.58,69.725,69.58,69.58,4170,0
2017-04-19,16:20:00,69.75,69.75,69.655,69.655,373,0
2017-04-19,16:30:00,69.605,69.66,69.605,69.66,200,0
2017-04-19,16:35:00,69.665,69.665,69.665,69.665,100,0
2017-04-19,16:40:00,69.7,69.91,69.7,69.91,200,0
2017-04-19,16:45:00,69.896,69.896,69.7703,69.7703,1193,0
2017-04-19,17:00:00,69.685,69.685,69.685,69.685,200,0
2017-04-19,17:10:00,69.675,69.675,69.675,69.675,200,0
2017-04-19,17:20:00,69.665,69.7,69.665,69.7,200,0
2017-04-19,17:25:00,69.59,69.71,69.59,69.71,300,0
2017-04-19,17:30:00,69.72,69.82,69.72,69.82,443,0
2017-04-19,17:40:00,69.89,70.02,69.83,70.02,800,0
2017-04-19,17:45:00,69.885,69.885,69.885,69.885,400,0
2017-04-19,18:05:00,69.95,69.95,69.95,69.95,200,0
2017-04-19,18:10:00,69.97,70.3,69.86,70.27,4196,0
2017-04-19,18:30:00,70.21,70.21,70.21,70.21,200,0
2017-04-19,18:40:00,70.03,70.22,70.02,70.2,1934,0
2017-04-19,18:45:00,70.23,70.27,70.19,70.19,1855,0
2017-04-19,18:50:00,69.96,70.075,69.96,70.075,300,0
2017-04-19,18:55:00,70.038,70.06,70.038,70.06,200,0
2017-04-19,19:00:00,70.07,70.11,70.07,70.08,500,0
2017-04-19,19:05:00,70.16,70.16,70.16,70.16,200,0
2017-04-19,19:20:00,70.105,70.105,70.105,70.105,136,0
2017-04-19,19:25:00,70.08,70.08,70.08,70.08,100,0
2017-04-19,19:30:00,70.01,70.01,70.01,70.01,100,0
2017-04-19,19:35:00,70.2,70.2,70.2,70.2,1000,0
2017-04-19,19:40:00,70.2425,70.2425,70.2425,70.2425,128,0
2017-04-19,19:45:00,70.38,70.38,70.38,70.38,100,0
2017-04-19,20:00:00,70.26,70.26,70.26,70.26,100,0
2017-04-19,20:10:00,70.28,70.28,70.28,70.28,100,0
2017-04-19,20:15:00,70.29,70.29,70.29,70.29,100,0
2017-04-19,20:20:00,70.2,70.2,70.2,70.2,100,0
2017-04-19,20:25:00,70.12,70.12,70.12,70.12,100,0
2017-04-19,20:30:00,70.1,70.1,70.1,70.1,100,0
2017-04-19,20:35:00,70.13,70.13,70.11,70.11,800,0
2017-04-19,20:40:00,70.1,70.1,70.1,70.1,400,0
2017-04-19,20:45:00,70.04,70.04,70.04,70.04,100,0
2017-04-19,20:55:00,69.88,69.88,69.85,69.85,296,0
2017-04-19,21:00:00,69.845,69.845,69.845,69.845,100,0
2017-04-19,21:05:00,69.79,69.79,69.7,69.7,326,0
2017-04-19,21:15:00,69.69,69.69,69.69,69.69,156,0
2017-04-19,21:25:00,69.71,69.7191,69.71,69.7191,290,0
2017-04-19,21:30:00,69.74,69.74,69.67,69.71,300,0
2017-04-19,21:35:00,69.63,69.63,69.53,69.53,300,0
2017-04-19,21:40:00,69.65,69.65,69.65,69.65,100,0
2017-04-19,21:45:00,69.63,69.63,69.63,69.63,245,0
2017-04-19,21:50:00,69.7,69.7,69.7,69.7,100,0
2017-04-19,21:55:00,69.68,69.68,69.55,69.67,700,0
2017-04-19,22:00:00,69.62,69.67,69.58,69.67,4840,0
2017-04-20,15:35:00,69.65,69.65,69.61,69.61,550,0
2017-04-20,15:40:00,69.49,69.78,69.2,69.78,1762,0
2017-04-20,15:45:00,69.568,69.568,69.568,69.568,100,0
2017-04-20,15:50:00,69.32,69.32,69.32,69.32,750,0
2017-04-20,15:55:00,69.49,69.77,69.49,69.6394,435,0
2017-04-20,16:00:00,69.69,69.69,69.59,69.59,600,0
2017-04-20,16:05:00,69.635,69.635,69.635,69.635,100,0
2017-04-20,16:10:00,69.75,69.78,69.75,69.78,5100,0
2017-04-20,16:15:00,69.665,69.85,69.665,69.85,705,0
2017-04-20,16:20:00,69.7902,69.7902,69.7902,69.7902,762,0
2017-04-20,16:30:00,69.92,69.92,69.92,69.92,100,0
2017-04-20,16:35:00,69.79,69.82,69.78,69.78,300,0
2017-04-20,16:40:00,69.75,69.75,69.7305,69.75,600,0
2017-04-20,16:45:00,69.75,69.75,69.75,69.75,800,0
2017-04-20,16:50:00,69.71,69.73,69.71,69.73,200,0
2017-04-20,16:55:00,69.76,69.76,69.76,69.76,100,0
2017-04-20,17:05:00,69.75,69.75,69.75,69.75,800,0
2017-04-20,17:10:00,69.8299,69.8299,69.7552,69.7569,629,0
2017-04-20,17:25:00,69.83,69.86,69.83,69.86,200,0
2017-04-20,17:35:00,69.95,69.95,69.95,69.95,100,0
2017-04-20,17:40:00,69.97,70.1,69.97,70.1,839,0
2017-04-20,17:45:00,70.07,70.07,70.05,70.05,600,0
2017-04-20,17:50:00,69.916,69.9501,69.916,69.9501,333,0
2017-04-20,17:55:00,70.05,70.05,70.05,70.05,100,0
2017-04-20,18:00:00,70.09,70.09,70.09,70.09,100,0
2017-04-20,18:05:00,70.06,70.09,70.06,70.09,200,0
2017-04-20,18:35:00,70.02,70.03,70.02,70.03,200,0
2017-04-20,18:45:00,70.1,70.1,69.95,69.95,300,0
2017-04-20,18:50:00,70.035,70.035,70.035,70.035,100,0
2017-04-20,18:55:00,70.0512,70.0512,69.984,69.984,200,0
2017-04-20,19:00:00,70.01,70.01,69.97,69.97,300,0
2017-04-20,19:10:00,69.97,69.97,69.97,69.97,100,0
2017-04-20,19:20:00,70.04,70.04,70.04,70.04,100,0
2017-04-20,19:25:00,69.92,69.92,69.9,69.9,400,0
2017-04-20,19:45:00,69.88,69.89,69.88,69.89,200,0
2017-04-20,19:50:00,69.88,70.08,69.76,70.08,3200,0
2017-04-20,19:55:00,70.02,70.06,69.94,69.94,999,0
2017-04-20,20:00:00,69.95,69.95,69.95,69.95,100,0
2017-04-20,20:05:00,70,70,70,70,100,0
2017-04-20,20:10:00,69.91,69.95,69.91,69.95,850,0
2017-04-20,20:20:00,69.98,69.98,69.98,69.98,200,0
2017-04-20,20:30:00,69.97,69.97,69.97,69.97,100,0
2017-04-20,20:35:00,69.96,69.97,69.96,69.9668,300,0
2017-04-20,20:40:00,69.97,70,69.94,69.975,700,0
2017-04-20,20:45:00,69.94,69.95,69.94,69.95,900,0
2017-04-20,20:50:00,69.95,70.01,69.95,70.01,1300,0
2017-04-20,20:55:00,69.96,69.975,69.96,69.975,647,0
2017-04-20,21:00:00,70.05,70.05,70.05,70.05,300,0
2017-04-20,21:10:00,70,70,69.995,69.995,200,0
2017-04-20,21:15:00,70,70,70,70,1000,0
2017-04-20,21:20:00,69.85,69.85,69.85,69.85,300,0
2017-04-20,21:25:00,69.89,69.89,69.89,69.89,100,0
2017-04-20,21:30:00,69.88,69.88,69.86,69.86,411,0
2017-04-20,21:35:00,69.805,69.88,69.805,69.88,251,0
2017-04-20,21:40:00,69.76,69.76,69.76,69.76,100,0
2017-04-20,21:50:00,69.75,69.85,69.75,69.81,660,0
2017-04-20,21:55:00,69.85,69.94,69.85,69.94,1050,0
2017-04-20,22:00:00,69.96,70.17,69.935,70.12,16523,0
2017-04-21,15:35:00,69.94,69.94,69.5,69.5,3672,0
2017-04-21,15:40:00,70.0446,70.13,70.0446,70.13,209,0
2017-04-21,15:45:00,69.975,70.0449,69.975,70.0449,298,0
2017-04-21,15:50:00,69.88,69.88,69.88,69.88,100,0
2017-04-21,15:55:00,69.85,69.85,69.85,69.85,100,0
2017-04-21,16:00:00,69.93,69.93,69.91,69.91,900,0
2017-04-21,16:05:00,69.82,69.932,69.82,69.932,400,0
2017-04-21,16:20:00,69.89,69.89,69.89,69.89,100,0
2017-04-21,16:25:00,69.84,69.84,69.83,69.83,500,0
2017-04-21,16:30:00,69.83,69.83,69.83,69.83,100,0
2017-04-21,16:35:00,69.82,69.84,69.75,69.8008,1994,0
2017-04-21,16:40:00,69.77,69.83,69.77,69.83,200,0
2017-04-21,16:45:00,69.835,69.835,69.835,69.835,100,0
2017-04-21,16:50:00,69.87,69.87,69.8,69.8,400,0
2017-04-21,16:55:00,69.86,69.87,69.86,69.87,200,0
2017-04-21,17:00:00,69.835,69.835,69.835,69.835,100,0
2017-04-21,17:10:00,69.92,69.92,69.92,69.92,200,0
2017-04-21,17:15:00,69.92,69.92,69.9,69.9,200,0
2017-04-21,17:25:00,69.92,69.92,69.92,69.92,200,0
2017-04-21,17:30:00,69.91,69.96,69.91,69.96,200,0
2017-04-21,17:35:00,70,70.11,70,70.1,3798,0
2017-04-21,17:40:00,70.07,70.07,70.07,70.07,100,0
2017-04-21,17:45:00,70.11,70.11,70.11,70.11,100,0
2017-04-21,18:00:00,70.12,70.12,70.07,70.07,200,0
2017-04-21,18:10:00,70.05,70.05,70.05,70.05,200,0
2017-04-21,18:20:00,70.04,70.08,70.04,70.08,200,0
2017-04-21,18:30:00,70.02,70.02,70.02,70.02,100,0
2017-04-21,18:35:00,70.01,70.03,70,70,500,0
2017-04-21,19:05:00,70.05,70.05,69.93,69.93,237,0
2017-04-21,19:15:00,69.9,69.9,69.88,69.88,200,0
2017-04-21,19:25:00,69.9,69.9,69.9,69.9,100,0
2017-04-21,19:40:00,69.88,69.91,69.83,69.83,700,0
2017-04-21,20:00:00,69.815,69.94,69.815,69.89,500,0
2017-04-21,20:10:00,69.88,69.88,69.81,69.81,400,0
2017-04-21,20:15:00,69.83,69.83,69.77,69.825,700,0
2017-04-21,20:20:00,69.805,69.805,69.805,69.805,100,0
2017-04-21,20:30:00,69.8012,69.8012,69.8012,69.8012,104,0
2017-04-21,20:35:00,69.805,69.805,69.805,69.805,100,0
2017-04-21,20:40:00,69.73,69.73,69.73,69.73,400,0
2017-04-21,20:50:00,69.77,69.77,69.77,69.77,100,0
2017-04-21,20:55:00,69.7,69.72,69.7,69.7,670,0
2017-04-21,21:00:00,69.69,69.69,69.62,69.62,500,0
2017-04-21,21:10:00,69.61,69.61,69.6,69.6,400,0
2017-04-21,21:20:00,69.7,69.7,69.7,69.7,100,0
2017-04-21,21:25:00,69.72,69.75,69.7,69.71,1001,0
2017-04-21,21:30:00,69.85,69.85,69.78,69.79,300,0
2017-04-21,21:40:00,69.7,69.7,69.7,69.7,604,0
2017-04-21,21:45:00,69.78,69.86,69.78,69.86,401,0
2017-04-21,21:50:00,69.79,69.79,69.77,69.77,500,0
2017-04-21,21:55:00,69.81,69.81,69.75,69.75,300,0
2017-04-21,22:00:00,69.77,69.8,69.65,69.68,7055,0
2017-04-24,15:35:00,70.26,70.26,70.26,70.26,1051,0
2017-04-24,15:45:00,69.58,69.59,69.34,69.34,700,0
2017-04-24,15:55:00,69.01,69.05,68.92,68.92,1055,0
2017-04-24,16:00:00,68.935,68.935,68.8,68.82,413,0
2017-04-24,16:05:00,68.71,68.71,68.71,68.71,100,0
2017-04-24,16:10:00,68.87,68.99,68.71,68.758,1800,0
2017-04-24,16:15:00,68.75,68.86,68.63,68.715,2200,0
2017-04-24,16:20:00,68.71,68.71,68.36,68.36,2802,0
2017-04-24,16:25:00,68.36,68.36,68.11,68.175,3204,0
2017-04-24,16:30:00,68.145,68.145,68.145,68.145,100,0
2017-04-24,16:35:00,67.781,67.781,67.781,67.781,2500,0
2017-04-24,16:45:00,67.88,67.88,67.88,67.88,100,0
2017-04-24,16:50:00,67.805,67.9,67.69,67.78,500,0
2017-04-24,16:55:00,68.01,68.03,68.01,68.03,200,0
2017-04-24,17:00:00,68.09,68.14,67.94,67.94,1200,0
2017-04-24,17:05:00,68.075,68.075,68.045,68.045,200,0
2017-04-24,17:10:00,68.04,68.04,67.98,68.04,1422,0
2017-04-24,17:15:00,68.25,68.25,68.16,68.16,200,0
2017-04-24,17:25:00,68.31,68.33,68.31,68.33,200,0
2017-04-24,17:30:00,68.335,68.39,68.27,68.27,700,0
2017-04-24,17:35:00,68.44,68.44,68.44,68.44,100,0
2017-04-24,17:40:00,68.29,68.42,68.27,68.42,500,0
2017-04-24,17:50:00,68.444,68.54,68.42,68.42,2190,0
2017-04-24,17:55:00,68.3,68.5,68.3,68.5,700,0
2017-04-24,18:00:00,68.36,68.36,68.36,68.36,100,0
2017-04-24,18:05:00,68.36,68.45,68.36,68.45,300,0
2017-04-24,18:15:00,68.52,68.52,68.52,68.52,100,0
2017-04-24,18:25:00,68.38,68.48,68.38,68.48,400,0
2017-04-24,18:35:00,68.405,68.405,68.3175,68.3175,200,0
2017-04-24,18:40:00,68.34,68.34,68.31,68.31,300,0
2017-04-24,18:50:00,68.42,68.42,68.42,68.42,100,0
2017-04-24,19:05:00,68.5,68.5,68.5,68.5,100,0
2017-04-24,19:10:00,68.46,68.46,68.38,68.38,300,0
2017-04-24,19:30:00,68.32,68.36,68.24,68.24,389,0
2017-04-24,19:35:00,68.225,68.275,68.09,68.24,5320,0
2017-04-24,19:45:00,68.22,68.22,68.22,68.22,100,0
2017-04-24,19:55:00,68.18,68.18,68.18,68.18,100,0
2017-04-24,20:00:00,68.13,68.13,68.13,68.13,100,0
2017-04-24,20:05:00,68.28,68.31,68.28,68.31,450,0
2017-04-24,20:20:00,68.31,68.31,68.1,68.1,400,0
2017-04-24,20:25:00,68.26,68.26,68.26,68.26,100,0
2017-04-24,20:45:00,68.2,68.2,68.2,68.2,100,0
2017-04-24,20:50:00,68.27,68.35,68.27,68.35,466,0
2017-04-24,20:55:00,68.36,68.53,68.36,68.53,300,0
2017-04-24,21:05:00,68.51,68.51,68.51,68.51,100,0
2017-04-24,21:20:00,68.7,68.7,68.7,68.7,100,0
2017-04-24,21:25:00,68.56,68.605,68.53,68.53,826,0
2017-04-24,21:30:00,68.54,68.54,68.54,68.54,100,0
2017-04-24,21:35:00,68.64,68.64,68.64,68.64,100,0
2017-04-24,21:40:00,68.6,68.62,68.56,68.62,500,0
2017-04-24,21:45:00,68.59,68.69,68.58,68.58,300,0
2017-04-24,21:55:00,68.69,68.69,68.63,68.67,600,0
2017-04-24,22:00:00,68.67,68.73,68.66,68.73,8240,0
2017-04-25,15:35:00,68.76,68.76,68.76,68.76,701,0
2017-04-25,15:40:00,69.09,69.09,68.9,68.9,300,0
2017-04-25,15:50:00,69.06,69.26,69.06,69.26,222,0
2017-04-25,15:55:00,69.3,69.3,69.3,69.3,400,0
2017-04-25,16:00:00,69.4,69.4,69.4,69.4,100,0
2017-04-25,16:05:00,69.28,69.44,69.28,69.44,200,0
2017-04-25,16:10:00,69.5,69.54,69.5,69.54,300,0
2017-04-25,16:20:00,69.56,69.56,69.5,69.5,400,0
2017-04-25,16:35:00,69.36,69.36,69.36,69.36,111,0
2017-04-25,16:50:00,69.48,69.48,69.47,69.47,300,0
2017-04-25,16:55:00,69.46,69.48,69.46,69.48,200,0
2017-04-25,17:00:00,69.3588,69.3588,69.3588,69.3588,150,0
2017-04-25,17:05:00,69.49,69.49,69.49,69.49,100,0
2017-04-25,17:10:00,69.4303,69.4303,69.4303,69.4303,100,0
2017-04-25,17:15:00,69.48,69.48,69.48,69.48,100,0
2017-04-25,17:20:00,69.5,69.5,69.5,69.5,100,0
2017-04-25,17:25:00,69.51,69.7,69.51,69.54,700,0
2017-04-25,17:30:00,69.51,69.68,69.51,69.68,400,0
2017-04-25,17:35:00,69.58,69.58,69.58,69.58,100,0
2017-04-25,17:50:00,69.7,69.72,69.7,69.72,400,0
2017-04-25,18:00:00,69.74,69.78,69.74,69.78,200,0
2017-04-25,18:05:00,69.74,69.74,69.74,69.74,100,0
2017-04-25,18:10:00,69.73,69.73,69.68,69.68,600,0
2017-04-25,18:20:00,69.78,69.78,69.78,69.78,100,0
2017-04-25,18:30:00,69.82,69.82,69.82,69.82,100,0
2017-04-25,18:40:00,69.69,69.69,69.67,69.67,200,0
2017-04-25,18:45:00,69.71,69.73,69.71,69.73,200,0
2017-04-25,19:05:00,69.6,69.6,69.6,69.6,100,0
2017-04-25,19:20:00,69.59,69.59,69.59,69.59,100,0
2017-04-25,19:25:00,69.68,69.71,69.68,69.71,300,0
2017-04-25,19:30:00,69.8,69.81,69.8,69.81,900,0
2017-04-25,19:35:00,69.79,70,69.79,69.8,1196,0
2017-04-25,19:45:00,69.83,69.83,69.83,69.83,100,0
2017-04-25,19:50:00,69.87,69.87,69.87,69.87,100,0
2017-04-25,20:00:00,69.97,69.97,69.97,69.97,100,0
2017-04-25,20:10:00,69.92,69.92,69.9124,69.9124,500,0
2017-04-25,20:20:00,69.91,69.95,69.88,69.95,400,0
2017-04-25,20:30:00,69.91,69.91,69.91,69.91,400,0
2017-04-25,20:35:00,69.86,69.86,69.86,69.86,100,0
2017-04-25,20:40:00,69.97,70,69.97,70,456,0
2017-04-25,21:00:00,69.83,69.83,69.81,69.81,212,0
2017-04-25,21:10:00,69.765,70.03,69.765,69.9732,4419,0
2017-04-25,21:15:00,69.99,69.99,69.92,69.92,318,0
2017-04-25,21:30:00,69.95,69.95,69.95,69.95,100,0
2017-04-25,21:35:00,69.94,69.95,69.94,69.95,207,0
2017-04-25,21:40:00,69.91,69.91,69.91,69.91,100,0
2017-04-25,21:45:00,69.84,69.9,69.82,69.82,500,0
2017-04-25,21:50:00,69.78,69.78,69.78,69.78,100,0
2017-04-25,21:55:00,69.81,69.9,69.81,69.85,500,0
2017-04-25,22:00:00,69.9,69.9,69.775,69.85,3381,0
2017-04-26,15:35:00,69.66,69.66,69.66,69.66,670,0
2017-04-26,15:40:00,69.45,69.45,69.22,69.3,1300,0
2017-04-26,15:45:00,69.59,69.63,69.35,69.56,774,0
2017-04-26,15:55:00,69.48,69.505,69.37,69.505,500,0
2017-04-26,16:00:00,69.57,69.74,69.57,69.74,750,0
2017-04-26,16:05:00,69.5,69.5,69.5,69.5,100,0
2017-04-26,16:10:00,69.77,69.81,69.77,69.81,403,0
2017-04-26,16:15:00,69.87,69.87,69.87,69.87,100,0
2017-04-26,16:25:00,69.835,70.08,69.835,70.08,500,0
2017-04-26,16:30:00,70.05,70.05,70.05,70.05,520,0
2017-04-26,16:35:00,70.1,70.1,69.95,69.95,1800,0
2017-04-26,16:45:00,69.95,69.95,69.95,69.95,100,0
2017-04-26,17:00:00,70.1,70.1,70,70,1011,0
2017-04-26,17:10:00,70.06,70.06,70.06,70.06,200,0
2017-04-26,17:15:00,70.08,70.18,70.04,70.18,1735,0
2017-04-26,17:20:00,70.125,70.18,70.125,70.18,600,0
2017-04-26,17:25:00,70.38,70.48,70.38,70.48,600,0
2017-04-26,17:30:00,70.47,70.72,70.47,70.72,400,0
2017-04-26,17:40:00,70.61,70.61,70.53,70.53,737,0
2017-04-26,17:50:00,70.47,70.5538,70.39,70.39,700,0
2017-04-26,17:55:00,70.415,70.415,70.415,70.415,155,0
2017-04-26,18:00:00,70.325,70.325,70.325,70.325,129,0
2017-04-26,18:05:00,70.26,70.26,70.23,70.23,300,0
2017-04-26,18:15:00,70.22,70.22,70.22,70.22,100,0
2017-04-26,18:20:00,70.3,70.3,70.235,70.235,273,0
2017-04-26,18:40:00,70.25,70.31,70.23,70.23,600,0
2017-04-26,18:45:00,70.26,70.26,70.26,70.26,100,0
2017-04-26,18:50:00,70.37,70.37,70.37,70.37,100,0
2017-04-26,18:55:00,70.38,70.38,70.38,70.38,100,0
2017-04-26,19:00:00,70.49,70.49,70.49,70.49,100,0
2017-04-26,19:05:00,70.39,70.39,70.29,70.29,300,0
2017-04-26,19:10:00,70.26,70.36,70.26,70.36,300,0
2017-04-26,19:15:00,70.37,70.37,70.3103,70.3103,230,0
2017-04-26,19:20:00,70.285,70.285,70.285,70.285,100,0
2017-04-26,19:25:00,70.29,70.37,70.29,70.31,300,0
2017-04-26,19:35:00,70.29,70.29,70.25,70.25,200,0
2017-04-26,19:40:00,70.28,70.28,70.28,70.28,100,0
2017-04-26,19:45:00,70.27,70.325,70.27,70.3,800,0
2017-04-26,19:50:00,70.275,70.275,70.2,70.2,200,0
2017-04-26,19:55:00,70.24,70.24,70.24,70.24,200,0
2017-04-26,20:00:00,70.215,70.22,70.08,70.08,400,0
2017-04-26,20:10:00,70.08,70.1,70.08,70.1,353,0
2017-04-26,20:15:00,70.24,70.24,70.205,70.205,200,0
2017-04-26,20:20:00,70.1701,70.1701,70.17,70.17,200,0
2017-04-26,20:25:00,70.17,70.25,70.145,70.25,900,0
2017-04-26,20:30:00,70.27,70.44,70.27,70.44,300,0
2017-04-26,20:40:00,70.42,70.42,70.42,70.42,100,0
2017-04-26,20:50:00,70.395,70.49,70.395,70.49,800,0
2017-04-26,20:55:00,70.49,70.49,70.49,70.49,100,0
2017-04-26,21:00:00,70.43,70.43,70.43,70.43,500,0
2017-04-26,21:05:00,70.48,70.48,70.435,70.435,400,0
2017-04-26,21:10:00,70.49,70.49,70.435,70.435,400,0
2017-04-26,21:15:00,70.49,70.5,70.44,70.45,862,0
2017-04-26,21:20:00,70.44,70.44,70.44,70.44,201,0
2017-04-26,21:25:00,70.4,70.4,70.39,70.39,200,0
2017-04-26,21:30:00,70.27,70.34,70.25,70.315,635,0
2017-04-26,21:35:00,70.33,70.33,70.25,70.25,400,0
2017-04-26,21:40:00,70.215,70.215,70.12,70.12,200,0
2017-04-26,21:45:00,69.96,70.03,69.96,70.03,400,0
2017-04-26,21:50:00,70.03,70.03,69.9,69.9,300,0
2017-04-26,21:55:00,69.91,69.91,69.74,69.75,3500,0
2017-04-26,22:00:00,69.76,70.02,69.76,69.96,11686,0
