Date,Time,Open,High,Low,Close,Volume,OpenInt
2017-04-10,15:35:00,116.3,116.82,116.11,116.44,32428,0
2017-04-10,15:40:00,116.3387,116.97,116.2901,116.72,14427,0
2017-04-10,15:45:00,116.7532,116.88,116.67,116.6871,7100,0
2017-04-10,15:50:00,116.6201,117.17,116.6201,116.965,17045,0
2017-04-10,15:55:00,117,117.36,117,117.29,10723,0
2017-04-10,16:00:00,117.36,117.52,117.2,117.39,31518,0
2017-04-10,16:05:00,117.43,117.56,117.13,117.13,26054,0
2017-04-10,16:10:00,117.1,117.1,116.78,116.95,15763,0
2017-04-10,16:15:00,116.95,116.95,116.24,116.4,36035,0
2017-04-10,16:20:00,116.43,116.77,116.39,116.4816,13888,0
2017-04-10,16:25:00,116.47,116.4865,116.28,116.35,21215,0
2017-04-10,16:30:00,116.3,116.31,116.0745,116.1015,21392,0
2017-04-10,16:35:00,116.095,116.2329,115.89,116.169,28834,0
2017-04-10,16:40:00,116.19,116.345,116.14,116.1538,13264,0
2017-04-10,16:45:00,116.16,116.2,115.99,116.04,10460,0
2017-04-10,16:50:00,116.039,116.13,115.96,115.96,12412,0
2017-04-10,16:55:00,116,116.09,115.89,116,13762,0
2017-04-10,17:00:00,116,116.07,115.94,116.02,14268,0
2017-04-10,17:05:00,116.09,116.23,115.97,115.99,17764,0
2017-04-10,17:10:00,116,116.07,115.94,116.07,23550,0
2017-04-10,17:15:00,116,116.07,115.77,115.83,20097,0
2017-04-10,17:20:00,115.88,116.03,115.85,115.92,21607,0
2017-04-10,17:25:00,115.94,116.15,115.94,115.95,19823,0
2017-04-10,17:30:00,115.955,115.955,115.67,115.82,18506,0
2017-04-10,17:35:00,115.76,115.804,115.45,115.45,21204,0
2017-04-10,17:40:00,115.431,115.55,115.315,115.49,11712,0
2017-04-10,17:45:00,115.46,115.6,115.4,115.6,5986,0
2017-04-10,17:50:00,115.6,115.6,115.39,115.42,22237,0
2017-04-10,17:55:00,115.43,115.5,115.37,115.37,29449,0
2017-04-10,18:00:00,115.36,115.49,115.325,115.465,13710,0
2017-04-10,18:05:00,115.465,115.75,115.4,115.75,18481,0
2017-04-10,18:10:00,115.705,115.9,115.705,115.875,14886,0
2017-04-10,18:15:00,115.88,115.94,115.64,115.655,8030,0
2017-04-10,18:20:00,115.655,115.78,115.595,115.63,8054,0
2017-04-10,18:25:00,115.69,115.75,115.67,115.7159,4758,0
2017-04-10,18:30:00,115.76,115.97,115.712,115.93,9076,0
2017-04-10,18:35:00,115.93,115.962,115.84,115.962,4550,0
2017-04-10,18:40:00,115.96,116.01,115.9,116.01,4464,0
2017-04-10,18:45:00,115.973,116.1,115.96,116.035,5025,0
2017-04-10,18:50:00,116.03,116.15,116.03,116.11,8700,0
2017-04-10,18:55:00,116.15,116.235,116.13,116.21,5281,0
2017-04-10,19:00:00,116.18,116.3,116.165,116.1948,5727,0
2017-04-10,19:05:00,116.23,116.26,116.08,116.09,5795,0
2017-04-10,19:10:00,116.14,116.315,116.12,116.315,27306,0
2017-04-10,19:15:00,116.32,116.4,116.32,116.3965,4083,0
2017-04-10,19:20:00,116.425,116.44,116.22,116.2865,6400,0
2017-04-10,19:25:00,116.27,116.37,116.27,116.34,2900,0
2017-04-10,19:30:00,116.365,116.365,116.235,116.25,5800,0
2017-04-10,19:35:00,116.305,116.43,116.305,116.43,3932,0
2017-04-10,19:40:00,116.44,116.62,116.44,116.565,10412,0
2017-04-10,19:45:00,116.55,116.55,116.24,116.27,8400,0
2017-04-10,19:50:00,116.29,116.29,116.12,116.28,7859,0
2017-04-10,19:55:00,116.3,116.42,116.28,116.3968,4050,0
2017-04-10,20:00:00,116.42,116.4257,116.32,116.4257,6250,0
2017-04-10,20:05:00,116.44,116.45,116.2,116.21,4800,0
2017-04-10,20:10:00,116.1401,116.225,116.1401,116.2,8361,0
2017-04-10,20:15:00,116.2,116.4,116.14,116.2,10360,0
2017-04-10,20:20:00,116.335,116.41,116.31,116.35,3401,0
2017-04-10,20:25:00,116.35,116.43,116.34,116.43,3100,0
2017-04-10,20:30:00,116.41,116.43,116.29,116.29,3500,0
2017-04-10,20:35:00,116.28,116.33,116.25,116.27,3400,0
2017-04-10,20:40:00,116.32,116.38,116.21,116.24,3848,0
2017-04-10,20:45:00,116.245,116.36,116.175,116.33,8823,0
2017-04-10,20:50:00,116.37,116.51,116.33,116.47,11094,0
2017-04-10,20:55:00,116.47,116.58,116.394,116.5,12218,0
2017-04-10,21:00:00,116.46,116.53,116.36,116.385,5053,0
2017-04-10,21:05:00,116.41,116.42,116.335,116.41,4019,0
2017-04-10,21:10:00,116.43,116.48,116.32,116.32,4400,0
2017-04-10,21:15:00,116.37,116.397,116.2401,116.32,4867,0
2017-04-10,21:20:00,116.28,116.37,116.19,116.29,5758,0
2017-04-10,21:25:00,116.29,116.3,116.135,116.21,5788,0
2017-04-10,21:30:00,116.22,116.355,116.22,116.355,5246,0
2017-04-10,21:35:00,116.34,116.36,116.205,116.36,9553,0
2017-04-10,21:40:00,116.4,116.41,116.24,116.37,13515,0
2017-04-10,21:45:00,116.36,116.365,116.25,116.3147,18953,0
2017-04-10,21:50:00,116.29,116.38,116.22,116.23,18220,0
2017-04-10,21:55:00,116.25,116.3,116.14,116.23,19004,0
2017-04-10,22:00:00,116.24,116.24,116.07,116.18,109654,0
2017-04-11,15:35:00,116.41,116.75,116.24,116.24,17044,0
2017-04-11,15:40:00,116.42,116.63,115.67,116.01,22109,0
2017-04-11,15:45:00,115.97,116.21,115.69,116.05,12208,0
2017-04-11,15:50:00,116.0091,116.0091,115.85,115.86,3129,0
2017-04-11,15:55:00,115.82,115.93,115.73,115.93,9186,0
2017-04-11,16:00:00,115.93,115.98,115.69,115.9671,6863,0
2017-04-11,16:05:00,115.9,116,115.72,115.96,9392,0
2017-04-11,16:10:00,115.98,116.01,115.9,115.985,8697,0
2017-04-11,16:15:00,115.97,116.07,115.671,116.07,16137,0
2017-04-11,16:20:00,116.1,116.17,115.96,115.96,6718,0
2017-04-11,16:25:00,116,116.01,115.77,115.87,12621,0
2017-04-11,16:30:00,115.93,115.94,115.8,115.8,6484,0
2017-04-11,16:35:00,115.835,115.835,114.51,114.51,108713,0
2017-04-11,16:40:00,114.64,114.86,114.44,114.85,43690,0
2017-04-11,16:45:00,114.85,114.96,114.39,114.44,36685,0
2017-04-11,16:50:00,114.47,114.69,114.42,114.4898,34425,0
2017-04-11,16:55:00,114.5077,114.55,113.86,113.98,99038,0
2017-04-11,17:00:00,113.99,114.37,113.94,114.29,36561,0
2017-04-11,17:05:00,114.41,114.77,114.34,114.69,18383,0
2017-04-11,17:10:00,114.79,114.87,114.66,114.66,11804,0
2017-04-11,17:15:00,114.67,114.8,114.54,114.72,10055,0
2017-04-11,17:20:00,114.69,114.79,114.57,114.66,13744,0
2017-04-11,17:25:00,114.66,114.68,114.32,114.68,23420,0
2017-04-11,17:30:00,114.67,114.74,114.61,114.67,11110,0
2017-04-11,17:35:00,114.7,114.8,114.68,114.758,14647,0
2017-04-11,17:40:00,114.775,114.86,114.5,114.69,136749,0
2017-04-11,17:45:00,114.715,115.1006,114.69,115.1,14616,0
2017-04-11,17:50:00,115.09,115.25,115.01,115.1,21651,0
2017-04-11,17:55:00,115.1297,115.24,115.0628,115.23,17768,0
2017-04-11,18:00:00,115.21,115.27,114.97,115.08,22069,0
2017-04-11,18:05:00,115.03,115.03,114.85,114.9,3738,0
2017-04-11,18:10:00,114.91,115.04,114.88,114.9,7703,0
2017-04-11,18:15:00,114.91,115.09,114.89,115.04,8694,0
2017-04-11,18:20:00,115.02,115.16,115,115.1485,8550,0
2017-04-11,18:25:00,115.1101,115.3275,115.1101,115.255,12066,0
2017-04-11,18:30:00,115.243,115.62,115.241,115.5901,16128,0
2017-04-11,18:35:00,115.61,115.73,115.58,115.71,10558,0
2017-04-11,18:40:00,115.73,115.84,115.59,115.59,10025,0
2017-04-11,18:45:00,115.63,115.64,115.5,115.57,5804,0
2017-04-11,18:50:00,115.54,115.62,115.52,115.525,4208,0
2017-04-11,18:55:00,115.6,115.78,115.57,115.6165,10021,0
2017-04-11,19:00:00,115.61,115.68,115.575,115.595,7415,0
2017-04-11,19:05:00,115.62,115.7057,115.59,115.7057,4493,0
2017-04-11,19:10:00,115.75,115.87,115.56,115.56,9248,0
2017-04-11,19:15:00,115.63,115.79,115.605,115.7,5015,0
2017-04-11,19:20:00,115.715,115.79,115.67,115.67,6550,0
2017-04-11,19:25:00,115.66,115.76,115.556,115.6,9511,0
2017-04-11,19:30:00,115.63,115.78,115.63,115.71,4650,0
2017-04-11,19:35:00,115.64,115.6851,115.57,115.59,3153,0
2017-04-11,19:40:00,115.59,115.8,115.59,115.8,4753,0
2017-04-11,19:45:00,115.85,115.88,115.755,115.78,24665,0
2017-04-11,19:50:00,115.76,115.88,115.75,115.79,6117,0
2017-04-11,19:55:00,115.81,115.87,115.72,115.76,5400,0
2017-04-11,20:00:00,115.745,115.91,115.735,115.84,3067,0
2017-04-11,20:05:00,115.9,116,115.83,115.88,7233,0
2017-04-11,20:10:00,115.89,115.97,115.89,115.9673,4492,0
2017-04-11,20:15:00,115.93,115.955,115.71,115.8,7872,0
2017-04-11,20:20:00,115.84,115.8799,115.7,115.7975,10370,0
2017-04-11,20:25:00,115.8,115.88,115.77,115.82,6296,0
2017-04-11,20:30:00,115.82,115.96,115.79,115.94,9172,0
2017-04-11,20:35:00,115.9,115.97,115.87,115.94,8982,0
2017-04-11,20:40:00,115.91,115.96,115.82,115.82,7025,0
2017-04-11,20:45:00,115.79,115.9,115.75,115.83,4288,0
2017-04-11,20:50:00,115.81,115.9,115.81,115.86,6570,0
2017-04-11,20:55:00,115.86,116.04,115.85,116.035,9809,0
2017-04-11,21:00:00,116.07,116.07,115.91,115.95,4375,0
2017-04-11,21:05:00,115.94,115.96,115.84,115.92,7500,0
2017-04-11,21:10:00,115.9,115.91,115.74,115.77,6089,0
2017-04-11,21:15:00,115.82,115.85,115.64,115.68,8027,0
2017-04-11,21:20:00,115.68,115.68,115.51,115.59,16698,0
2017-04-11,21:25:00,115.6,115.65,115.51,115.54,16076,0
2017-04-11,21:30:00,115.56,115.72,115.56,115.72,12248,0
2017-04-11,21:35:00,115.72,115.72,115.52,115.59,13851,0
2017-04-11,21:40:00,115.6,115.83,115.55,115.8,15362,0
2017-04-11,21:45:00,115.835,115.87,115.76,115.78,18769,0
2017-04-11,21:50:00,115.76,115.88,115.755,115.84,31426,0
2017-04-11,21:55:00,115.87,116.01,115.86,116.01,47028,0
2017-04-11,22:00:00,116.01,116.25,115.99,116.23,337743,0
2017-04-12,15:35:00,116.63,117.0703,116.29,116.788,57649,0
2017-04-12,15:40:00,116.77,116.8,116.0499,116.1,48506,0
2017-04-12,15:45:00,116.06,116.2,115.92,116.05,14500,0
2017-04-12,15:50:00,116.2,116.235,115.92,116.195,29758,0
2017-04-12,15:55:00,116.23,116.335,116.05,116.2554,25216,0
2017-04-12,16:00:00,116.29,116.29,116.11,116.17,20794,0
2017-04-12,16:05:00,116.22,116.35,116.11,116.14,20353,0
2017-04-12,16:10:00,116.14,116.2,115.9,115.98,26429,0
2017-04-12,16:15:00,115.9908,116.07,115.9,116.01,11710,0
2017-04-12,16:20:00,116.06,116.24,115.9,116.15,20564,0
2017-04-12,16:25:00,116.1367,116.23,116.1,116.14,22699,0
2017-04-12,16:30:00,116.15,116.17,115.8,115.8725,25139,0
2017-04-12,16:35:00,115.915,116.07,115.85,115.97,42702,0
2017-04-12,16:40:00,116.02,116.09,115.85,115.94,10154,0
2017-04-12,16:45:00,115.915,115.945,115.61,115.61,11361,0
2017-04-12,16:50:00,115.65,115.68,115.44,115.45,14145,0
2017-04-12,16:55:00,115.46,115.6,115.415,115.49,12271,0
2017-04-12,17:00:00,115.5,115.51,115.29,115.33,27200,0
2017-04-12,17:05:00,115.34,115.39,115.23,115.24,10054,0
2017-04-12,17:10:00,115.24,115.45,115.23,115.301,10710,0
2017-04-12,17:15:00,115.3,115.4389,115.2,115.2,7484,0
2017-04-12,17:20:00,115.21,115.3,115.1475,115.29,15625,0
2017-04-12,17:25:00,115.28,115.41,115.14,115.1808,13452,0
2017-04-12,17:30:00,115.14,115.2,115.02,115.06,17102,0
2017-04-12,17:35:00,115.11,115.319,115.03,115.31,12821,0
2017-04-12,17:40:00,115.27,115.29,114.75,114.84,44981,0
2017-04-12,17:45:00,114.84,115.02,114.77,114.86,14220,0
2017-04-12,17:50:00,114.89,115,114.82,115,20794,0
2017-04-12,17:55:00,114.999,115.02,114.83,114.87,12549,0
2017-04-12,18:00:00,114.87,115.09,114.84,115.07,12550,0
2017-04-12,18:05:00,115.09,115.23,115.05,115.12,11352,0
2017-04-12,18:10:00,115.12,115.2,114.9208,114.995,15827,0
2017-04-12,18:15:00,115.03,115.17,115.03,115.17,6228,0
2017-04-12,18:20:00,115.18,115.23,115.13,115.195,9902,0
2017-04-12,18:25:00,115.16,115.26,115.01,115.12,8161,0
2017-04-12,18:30:00,115.15,115.3,115.11,115.21,10519,0
2017-04-12,18:35:00,115.16,115.16,114.97,115.0133,6300,0
2017-04-12,18:40:00,115,115.12,114.86,114.91,11390,0
2017-04-12,18:45:00,114.895,114.99,114.85,114.96,4425,0
2017-04-12,18:50:00,114.9468,114.95,114.85,114.89,7800,0
2017-04-12,18:55:00,114.87,114.94,114.8,114.87,9818,0
2017-04-12,19:00:00,114.81,114.879,114.74,114.879,10715,0
2017-04-12,19:05:00,114.86,115.05,114.82,115,14969,0
2017-04-12,19:10:00,114.99,115.05,114.92,115,10050,0
2017-04-12,19:15:00,115,115.17,115,115.13,8563,0
2017-04-12,19:20:00,115.14,115.22,115.12,115.13,4034,0
2017-04-12,19:25:00,115.14,115.18,115.02,115.18,9930,0
2017-04-12,19:30:00,115.15,115.19,115.09,115.13,7917,0
2017-04-12,19:35:00,115.1341,115.2025,115.12,115.18,7663,0
2017-04-12,19:40:00,115.16,115.22,115.07,115.18,4600,0
2017-04-12,19:45:00,115.25,115.42,115.22,115.3,6208,0
2017-04-12,19:50:00,115.305,115.36,115.26,115.3248,6423,0
2017-04-12,19:55:00,115.31,115.34,115.17,115.19,8135,0
2017-04-12,20:00:00,115.21,115.48,115.2,115.37,17324,0
2017-04-12,20:05:00,115.42,115.47,115.3,115.3,7771,0
2017-04-12,20:10:00,115.3,115.32,115.17,115.3,8251,0
2017-04-12,20:15:00,115.29,115.39,115.24,115.35,8050,0
2017-04-12,20:20:00,115.3356,115.39,115.31,115.34,6900,0
2017-04-12,20:25:00,115.33,115.41,115.28,115.36,11605,0
2017-04-12,20:30:00,115.34,115.47,115.28,115.47,30685,0
2017-04-12,20:35:00,115.47,115.63,115.46,115.53,9023,0
2017-04-12,20:40:00,115.53,115.6,115.44,115.45,11956,0
2017-04-12,20:45:00,115.405,115.45,115.37,115.37,11613,0
2017-04-12,20:50:00,115.37,115.42,115.27,115.32,9485,0
2017-04-12,20:55:00,115.29,115.33,115.22,115.31,12204,0
2017-04-12,21:00:00,115.35,115.41,115.34,115.4,9094,0
2017-04-12,21:05:00,115.42,115.52,115.41,115.5,7775,0
2017-04-12,21:10:00,115.46,115.46,115.3,115.37,8817,0
2017-04-12,21:15:00,115.37,115.52,115.11,115.22,16831,0
2017-04-12,21:20:00,115.21,115.23,115.07,115.14,21373,0
2017-04-12,21:25:00,115.13,115.5,115.13,115.38,18110,0
2017-04-12,21:30:00,115.37,115.4,115.14,115.25,13864,0
2017-04-12,21:35:00,115.28,115.43,115.27,115.41,21463,0
2017-04-12,21:40:00,115.39,115.39,115.29,115.33,19200,0
2017-04-12,21:45:00,115.35,115.45,115.27,115.27,24439,0
2017-04-12,21:50:00,115.29,115.34,115.22,115.24,25957,0
2017-04-12,21:55:00,115.26,115.41,115.24,115.4,48775,0
2017-04-12,22:00:00,115.39,115.43,115.265,115.39,137963,0
2017-04-13,15:35:00,115.05,115.34,114.75,115.24,25132,0
2017-04-13,15:40:00,115.04,115.25,114.82,114.95,23257,0
2017-04-13,15:45:00,114.94,115.025,114.6,114.81,25697,0
2017-04-13,15:50:00,114.82,114.9829,114.66,114.675,23943,0
2017-04-13,15:55:00,114.715,114.81,114.23,114.23,41789,0
2017-04-13,16:00:00,114.3999,114.4894,114.2,114.34,27852,0
2017-04-13,16:05:00,114.295,114.8873,114.295,114.665,13878,0
2017-04-13,16:10:00,114.725,114.725,114.15,114.15,19257,0
2017-04-13,16:15:00,114.15,114.2,113.99,114.13,86892,0
2017-04-13,16:20:00,114.18,114.44,114.18,114.33,30986,0
2017-04-13,16:25:00,114.39,114.41,114.15,114.31,24256,0
2017-04-13,16:30:00,114.35,114.37,113.65,113.7,58267,0
2017-04-13,16:35:00,113.75,113.78,113.3,113.46,120803,0
2017-04-13,16:40:00,113.45,113.89,113.41,113.87,48570,0
2017-04-13,16:45:00,113.88,114.17,113.875,114.15,52181,0
2017-04-13,16:50:00,114.135,114.32,114.05,114.1,31329,0
2017-04-13,16:55:00,114.07,114.13,114,114.13,28601,0
2017-04-13,17:00:00,114.17,114.54,114.17,114.54,38724,0
2017-04-13,17:05:00,114.55,114.76,114.54,114.6,37242,0
2017-04-13,17:10:00,114.6,114.76,114.57,114.73,20281,0
2017-04-13,17:15:00,114.73,114.95,114.73,114.81,24883,0
2017-04-13,17:20:00,114.8,114.92,114.68,114.9172,17490,0
2017-04-13,17:25:00,114.91,114.91,114.69,114.855,21376,0
2017-04-13,17:30:00,114.83,114.84,114.54,114.57,19946,0
2017-04-13,17:35:00,114.561,114.6,114.49,114.5,17244,0
2017-04-13,17:40:00,114.5,114.5,114.33,114.37,16340,0
2017-04-13,17:45:00,114.41,114.43,114.35,114.3767,10500,0
2017-04-13,17:50:00,114.3894,114.39,114.2952,114.339,8646,0
2017-04-13,17:55:00,114.29,114.29,114.12,114.16,19981,0
2017-04-13,18:00:00,114.12,114.145,113.84,114.01,38726,0
2017-04-13,18:05:00,114.01,114.04,113.88,113.88,12399,0
2017-04-13,18:10:00,113.87,114,113.71,113.92,19661,0
2017-04-13,18:15:00,113.93,114,113.77,113.85,11100,0
2017-04-13,18:20:00,113.8665,114,113.8233,113.99,6940,0
2017-04-13,18:25:00,113.97,113.97,113.755,113.76,6143,0
2017-04-13,18:30:00,113.76,113.8148,113.59,113.77,19396,0
2017-04-13,18:35:00,113.7744,113.86,113.55,113.55,13261,0
2017-04-13,18:40:00,113.61,113.66,113.5,113.5,15635,0
2017-04-13,18:45:00,113.55,113.56,113.47,113.5339,20248,0
2017-04-13,18:50:00,113.49,113.525,113.35,113.38,12355,0
2017-04-13,18:55:00,113.39,113.79,113.39,113.78,16300,0
2017-04-13,19:00:00,113.764,113.8,113.66,113.8,19843,0
2017-04-13,19:05:00,113.8,113.805,113.54,113.565,10894,0
2017-04-13,19:10:00,113.56,113.56,113.39,113.46,13941,0
2017-04-13,19:15:00,113.46,113.67,113.45,113.61,13550,0
2017-04-13,19:20:00,113.62,113.62,113.41,113.5913,10304,0
2017-04-13,19:25:00,113.59,113.61,113.41,113.5,9927,0
2017-04-13,19:30:00,113.46,113.63,113.45,113.6,11791,0
2017-04-13,19:35:00,113.64,113.67,113.49,113.4903,12769,0
2017-04-13,19:40:00,113.55,113.6,113.49,113.55,7849,0
2017-04-13,19:45:00,113.55,113.615,113.48,113.48,8125,0
2017-04-13,19:50:00,113.48,113.48,113.13,113.28,26758,0
2017-04-13,19:55:00,113.28,113.4899,113.14,113.445,9571,0
2017-04-13,20:00:00,113.44,113.55,113.4,113.55,14100,0
2017-04-13,20:05:00,113.53,113.63,113.36,113.45,13956,0
2017-04-13,20:10:00,113.46,113.8,113.46,113.7051,16554,0
2017-04-13,20:15:00,113.7,113.72,113.47,113.47,14320,0
2017-04-13,20:20:00,113.5,113.54,113.4101,113.46,13689,0
2017-04-13,20:25:00,113.46,113.69,113.46,113.6,12537,0
2017-04-13,20:30:00,113.605,113.63,113.51,113.53,7525,0
2017-04-13,20:35:00,113.52,113.53,113.43,113.44,13818,0
2017-04-13,20:40:00,113.47,113.58,113.4,113.4,28990,0
2017-04-13,20:45:00,113.42,113.55,113.41,113.49,17390,0
2017-04-13,20:50:00,113.495,113.61,113.48,113.53,18698,0
2017-04-13,20:55:00,113.55,113.625,113.53,113.54,10730,0
2017-04-13,21:00:00,113.52,113.58,113.49,113.54,12132,0
2017-04-13,21:05:00,113.53,113.59,113.48,113.59,22552,0
2017-04-13,21:10:00,113.57,113.605,113.49,113.55,17454,0
2017-04-13,21:15:00,113.55,113.56,113.35,113.39,28457,0
2017-04-13,21:20:00,113.36,113.3691,113.14,113.22,18283,0
2017-04-13,21:25:00,113.25,113.33,113.19,113.26,19408,0
2017-04-13,21:30:00,113.24,113.31,113.16,113.2,13603,0
2017-04-13,21:35:00,113.21,113.27,113.06,113.06,31014,0
2017-04-13,21:40:00,113.06,113.13,112.91,113.08,44620,0
2017-04-13,21:45:00,113.075,113.13,113.03,113.1,33905,0
2017-04-13,21:50:00,113.1,113.52,113.1,113.42,56628,0
2017-04-13,21:55:00,113.44,113.5399,113.42,113.52,98247,0
2017-04-13,22:00:00,113.52,113.53,113.34,113.47,267198,0
2017-04-17,15:35:00,113.77,114.885,113.77,114.7399,68375,0
2017-04-17,15:40:00,114.66,114.83,114.58,114.69,52390,0
2017-04-17,15:45:00,114.7368,114.785,114.115,114.26,52185,0
2017-04-17,15:50:00,114.25,114.26,113.96,113.99,33261,0
2017-04-17,15:55:00,113.99,114.13,113.93,114.13,36968,0
2017-04-17,16:00:00,114.12,114.31,114.02,114.03,30316,0
2017-04-17,16:05:00,114.09,114.2,113.7,114.05,236090,0
2017-04-17,16:10:00,114.1,114.16,113.86,114,40490,0
2017-04-17,16:15:00,114,114.09,113.92,114,49312,0
2017-04-17,16:20:00,114.01,114.18,114,114.14,48448,0
2017-04-17,16:25:00,114.15,114.17,113.91,113.94,37303,0
2017-04-17,16:30:00,113.94,114,113.69,114,19642,0
2017-04-17,16:35:00,114,114.23,113.995,114.11,39736,0
2017-04-17,16:40:00,114.11,114.53,114.11,114.51,30791,0
2017-04-17,16:45:00,114.5,114.52,114.28,114.41,26602,0
2017-04-17,16:50:00,114.44,114.53,114.305,114.51,28798,0
2017-04-17,16:55:00,114.505,114.63,114.29,114.3,18362,0
2017-04-17,17:00:00,114.355,114.51,114.2,114.29,21640,0
2017-04-17,17:05:00,114.26,114.38,114.13,114.13,12519,0
2017-04-17,17:10:00,114.14,114.32,114.13,114.27,11847,0
2017-04-17,17:15:00,114.24,114.51,114.23,114.38,9309,0
2017-04-17,17:20:00,114.37,114.37,114.19,114.24,12223,0
2017-04-17,17:25:00,114.25,114.31,113.94,113.95,13770,0
2017-04-17,17:30:00,113.95,114.0129,113.79,113.83,12789,0
2017-04-17,17:35:00,113.84,114.39,113.84,114.39,12168,0
2017-04-17,17:40:00,114.4099,114.58,114.33,114.57,14478,0
2017-04-17,17:45:00,114.59,114.81,114.5048,114.76,34224,0
2017-04-17,17:50:00,114.76,114.8,114.57,114.625,13678,0
2017-04-17,17:55:00,114.65,114.72,114.6,114.64,13663,0
2017-04-17,18:00:00,114.6506,114.72,114.6,114.67,10008,0
2017-04-17,18:05:00,114.66,114.7,114.47,114.59,20286,0
2017-04-17,18:10:00,114.595,114.72,114.595,114.66,17302,0
2017-04-17,18:15:00,114.69,114.72,114.64,114.68,10300,0
2017-04-17,18:20:00,114.6812,114.71,114.62,114.67,9510,0
2017-04-17,18:25:00,114.67,114.75,114.66,114.73,9400,0
2017-04-17,18:30:00,114.77,114.83,114.7,114.75,9046,0
2017-04-17,18:35:00,114.74,114.85,114.65,114.65,8900,0
2017-04-17,18:40:00,114.63,114.69,114.555,114.65,9449,0
2017-04-17,18:45:00,114.66,114.71,114.59,114.65,6974,0
2017-04-17,18:50:00,114.64,114.72,114.64,114.71,5400,0
2017-04-17,18:55:00,114.74,114.74,114.66,114.71,8331,0
2017-04-17,19:00:00,114.75,114.75,114.61,114.67,8627,0
2017-04-17,19:05:00,114.675,114.82,114.675,114.785,8100,0
2017-04-17,19:10:00,114.82,114.86,114.78,114.86,13000,0
2017-04-17,19:15:00,114.86,115,114.85,114.94,34882,0
2017-04-17,19:20:00,114.9397,115.2,114.9397,115.18,13529,0
2017-04-17,19:25:00,115.16,115.2,115.0152,115.04,16563,0
2017-04-17,19:30:00,114.99,115.0438,114.91,114.98,10500,0
2017-04-17,19:35:00,115,115.03,114.91,114.98,8680,0
2017-04-17,19:40:00,115,115.05,114.93,115.05,8564,0
2017-04-17,19:45:00,115.04,115.05,114.87,114.9,10515,0
2017-04-17,19:50:00,114.89,114.98,114.84,114.93,6915,0
2017-04-17,19:55:00,114.95,114.98,114.87,114.91,16168,0
2017-04-17,20:00:00,114.91,114.98,114.84,114.85,14217,0
2017-04-17,20:05:00,114.86,114.91,114.71,114.77,27751,0
2017-04-17,20:10:00,114.75,114.81,114.56,114.6,22637,0
2017-04-17,20:15:00,114.62,114.76,114.58,114.64,6873,0
2017-04-17,20:20:00,114.62,114.69,114.56,114.56,9491,0
2017-04-17,20:25:00,114.58,114.73,114.55,114.7,11957,0
2017-04-17,20:30:00,114.73,114.76,114.58,114.61,15674,0
2017-04-17,20:35:00,114.62,114.73,114.62,114.7,24740,0
2017-04-17,20:40:00,114.67,114.747,114.63,114.747,14353,0
2017-04-17,20:45:00,114.76,114.8896,114.75,114.81,11850,0
2017-04-17,20:50:00,114.81,114.91,114.7896,114.85,7983,0
2017-04-17,20:55:00,114.86,114.9,114.73,114.73,14035,0
2017-04-17,21:00:00,114.75,114.8,114.67,114.71,21423,0
2017-04-17,21:05:00,114.71,114.8,114.55,114.77,97681,0
2017-04-17,21:10:00,114.775,114.86,114.775,114.85,31627,0
2017-04-17,21:15:00,114.85,114.85,114.7,114.79,23156,0
2017-04-17,21:20:00,114.8,114.87,114.76,114.76,24711,0
2017-04-17,21:25:00,114.75,114.765,114.62,114.765,14381,0
2017-04-17,21:30:00,114.78,114.83,114.75,114.75,23388,0
2017-04-17,21:35:00,114.73,114.77,114.68,114.68,16456,0
2017-04-17,21:40:00,114.7,114.7,114.58,114.64,27955,0
2017-04-17,21:45:00,114.65,114.79,114.65,114.75,23814,0
2017-04-17,21:50:00,114.75,114.75,114.51,114.56,37422,0
2017-04-17,21:55:00,114.57,114.61,114.47,114.48,43271,0
2017-04-17,22:00:00,114.48,114.71,114.42,114.64,590209,0
2017-04-18,15:35:00,114,114.76,113.82,114.76,38450,0
2017-04-18,15:40:00,114.77,114.85,114.28,114.28,20087,0
2017-04-18,15:45:00,114.2,114.46,114.2,114.27,7421,0
2017-04-18,15:50:00,114.29,114.44,114.21,114.27,10516,0
2017-04-18,15:55:00,114.305,114.49,114.14,114.245,22025,0
2017-04-18,16:00:00,114.22,114.53,114.2,114.39,89312,0
2017-04-18,16:05:00,114.4155,114.55,114.075,114.43,30831,0
2017-04-18,16:10:00,114.45,114.48,114.14,114.17,22065,0
2017-04-18,16:15:00,114.16,114.24,114.05,114.08,14646,0
2017-04-18,16:20:00,114.1,114.3792,114.01,114.025,54104,0
2017-04-18,16:25:00,114.04,114.23,114,114.145,30616,0
2017-04-18,16:30:00,114.15,114.34,114.04,114.3,46985,0
2017-04-18,16:35:00,114.3,114.41,114.07,114.17,33058,0
2017-04-18,16:40:00,114.175,114.41,114.13,114.41,25509,0
2017-04-18,16:45:00,114.41,114.51,114.23,114.23,26499,0
2017-04-18,16:50:00,114.21,114.22,114.09,114.17,28809,0
2017-04-18,16:55:00,114.155,114.38,114.13,114.33,23889,0
2017-04-18,17:00:00,114.335,114.36,114.23,114.35,19759,0
2017-04-18,17:05:00,114.38,114.6399,114.32,114.46,27971,0
2017-04-18,17:10:00,114.5,114.59,114.47,114.59,24940,0
2017-04-18,17:15:00,114.6163,114.71,114.55,114.595,19863,0
2017-04-18,17:20:00,114.57,114.65,114.52,114.52,13865,0
2017-04-18,17:25:00,114.53,114.81,114.53,114.7602,10400,0
2017-04-18,17:30:00,114.73,114.9599,114.71,114.935,8325,0
2017-04-18,17:35:00,114.92,115.18,114.88,115.13,24423,0
2017-04-18,17:40:00,115.1,115.1,114.6672,114.7,23869,0
2017-04-18,17:45:00,114.69,114.72,114.6,114.64,21558,0
2017-04-18,17:50:00,114.64,114.72,114.6,114.67,7525,0
2017-04-18,17:55:00,114.6572,114.73,114.64,114.7,6535,0
2017-04-18,18:00:00,114.7,114.8,114.66,114.71,21370,0
2017-04-18,18:05:00,114.7,114.8,114.59,114.75,39141,0
2017-04-18,18:10:00,114.75,114.85,114.72,114.84,10282,0
2017-04-18,18:15:00,114.84,114.9,114.77,114.9,13330,0
2017-04-18,18:20:00,114.89,114.9,114.79,114.7914,16866,0
2017-04-18,18:25:00,114.81,114.84,114.72,114.75,7550,0
2017-04-18,18:30:00,114.76,114.76,114.59,114.64,7507,0
2017-04-18,18:35:00,114.62,114.66,114.5,114.53,5692,0
2017-04-18,18:40:00,114.54,114.54,114.38,114.4199,13781,0
2017-04-18,18:45:00,114.4,114.475,114.38,114.4132,12456,0
2017-04-18,18:50:00,114.39,114.42,114.38,114.4047,2500,0
2017-04-18,18:55:00,114.4,114.65,114.4,114.65,9972,0
2017-04-18,19:00:00,114.65,114.6727,114.6,114.62,5400,0
2017-04-18,19:05:00,114.62,114.62,114.533,114.5426,5600,0
2017-04-18,19:10:00,114.54,114.665,114.51,114.66,6757,0
2017-04-18,19:15:00,114.7,114.72,114.67,114.72,10809,0
2017-04-18,19:20:00,114.73,114.85,114.73,114.85,2209,0
2017-04-18,19:25:00,114.84,114.84,114.77,114.83,2863,0
2017-04-18,19:30:00,114.84,115.04,114.84,115.04,9480,0
2017-04-18,19:35:00,115.06,115.18,115.01,115.17,13030,0
2017-04-18,19:40:00,115.18,115.39,115.17,115.29,12420,0
2017-04-18,19:45:00,115.31,115.48,115.31,115.47,16208,0
2017-04-18,19:50:00,115.47,115.5,115.35,115.41,11005,0
2017-04-18,19:55:00,115.45,115.54,115.43,115.54,18480,0
2017-04-18,20:00:00,115.5,115.62,115.37,115.44,20986,0
2017-04-18,20:05:00,115.47,115.84,115.43,115.84,13131,0
2017-04-18,20:10:00,115.84,115.88,115.75,115.81,7927,0
2017-04-18,20:15:00,115.8,115.87,115.71,115.799,15230,0
2017-04-18,20:20:00,115.83,115.97,115.811,115.97,15290,0
2017-04-18,20:25:00,115.95,116,115.785,115.8097,13722,0
2017-04-18,20:30:00,115.8,115.9377,115.7684,115.88,15043,0
2017-04-18,20:35:00,115.91,115.95,115.58,115.76,44166,0
2017-04-18,20:40:00,115.78,115.95,115.78,115.82,8476,0
2017-04-18,20:45:00,115.84,115.87,115.5636,115.6,15350,0
2017-04-18,20:50:00,115.61,115.62,115.5049,115.62,21632,0
2017-04-18,20:55:00,115.62,115.74,115.61,115.62,13362,0
2017-04-18,21:00:00,115.62,115.69,115.51,115.51,10132,0
2017-04-18,21:05:00,115.51,115.51,115.36,115.39,20503,0
2017-04-18,21:10:00,115.41,115.52,115.41,115.46,21014,0
2017-04-18,21:15:00,115.52,115.67,115.4783,115.67,5655,0
2017-04-18,21:20:00,115.67,115.73,115.61,115.73,11039,0
2017-04-18,21:25:00,115.74,115.76,115.63,115.7,14506,0
2017-04-18,21:30:00,115.7,115.76,115.69,115.72,17760,0
2017-04-18,21:35:00,115.73,115.85,115.71,115.79,20452,0
2017-04-18,21:40:00,115.79,115.83,115.76,115.8,21672,0
2017-04-18,21:45:00,115.81,115.84,115.75,115.8201,16775,0
2017-04-18,21:50:00,115.82,116.04,115.77,116.04,17402,0
2017-04-18,21:55:00,116.04,116.06,115.88,115.98,40425,0
2017-04-18,22:00:00,115.96,116.01,115.85,115.89,111761,0
2017-04-19,15:35:00,115.75,115.85,115.305,115.5504,37611,0
2017-04-19,15:40:00,115.5295,115.5993,115.16,115.48,20253,0
2017-04-19,15:45:00,115.51,115.7,115.4934,115.5052,8735,0
2017-04-19,15:50:00,115.455,115.52,115.25,115.3875,8671,0
2017-04-19,15:55:00,115.35,115.59,115.35,115.5696,11897,0
2017-04-19,16:00:00,115.56,115.9,115.56,115.9,12618,0
2017-04-19,16:05:00,115.9,115.94,115.74,115.83,6663,0
2017-04-19,16:10:00,115.86,116.43,115.86,116.39,36343,0
2017-04-19,16:15:00,116.382,116.57,116.097,116.12,19003,0
2017-04-19,16:20:00,116.14,116.14,115.95,116.0542,62940,0
2017-04-19,16:25:00,116.05,116.16,116.05,116.09,6926,0
2017-04-19,16:30:00,116.1,116.27,116.07,116.25,10206,0
2017-04-19,16:35:00,116.25,116.41,116.18,116.375,10155,0
2017-04-19,16:40:00,116.345,116.37,116.26,116.34,19137,0
2017-04-19,16:45:00,116.29,116.39,116.05,116.39,64715,0
2017-04-19,16:50:00,116.365,116.6,116.34,116.34,26260,0
2017-04-19,16:55:00,116.3161,116.3852,116.23,116.23,14079,0
2017-04-19,17:00:00,116.27,116.37,116.25,116.32,7925,0
2017-04-19,17:05:00,116.34,116.4,116.29,116.3,15365,0
2017-04-19,17:10:00,116.3,116.3884,116.16,116.27,15258,0
2017-04-19,17:15:00,116.27,116.27,115.95,115.95,15563,0
2017-04-19,17:20:00,115.97,115.99,115.69,115.6901,15068,0
2017-04-19,17:25:00,115.74,115.93,115.74,115.84,15680,0
2017-04-19,17:30:00,115.82,115.82,115.72,115.78,10618,0
2017-04-19,17:35:00,115.78,115.78,115.64,115.65,7055,0
2017-04-19,17:40:00,115.65,115.74,115.43,115.45,17639,0
2017-04-19,17:45:00,115.4365,115.64,115.4365,115.51,10770,0
2017-04-19,17:50:00,115.49,115.54,115.3442,115.3442,7867,0
2017-04-19,17:55:00,115.355,115.49,115.355,115.4,14222,0
2017-04-19,18:00:00,115.38,115.38,115.14,115.15,10670,0
2017-04-19,18:05:00,115.17,115.26,115.06,115.06,10863,0
2017-04-19,18:10:00,115.06,115.1,114.94,114.94,12312,0
2017-04-19,18:15:00,114.9,114.9,114.74,114.78,18213,0
2017-04-19,18:20:00,114.77,114.92,114.77,114.81,7245,0
2017-04-19,18:25:00,114.85,115,114.83,114.91,8280,0
2017-04-19,18:30:00,114.96,115.15,114.93,115.11,6900,0
2017-04-19,18:35:00,115.11,115.25,115.09,115.25,4300,0
2017-04-19,18:40:00,115.27,115.27,115.18,115.26,4500,0
2017-04-19,18:45:00,115.29,115.32,115.05,115.05,6992,0
2017-04-19,18:50:00,115.04,115.125,114.95,115.04,15361,0
2017-04-19,18:55:00,115.07,115.39,115.06,115.32,6604,0
2017-04-19,19:00:00,115.31,115.4099,115.18,115.18,8431,0
2017-04-19,19:05:00,115.17,115.24,115.08,115.1099,10699,0
2017-04-19,19:10:00,115.055,115.12,115.02,115.041,3948,0
2017-04-19,19:15:00,115.07,115.1,114.99,115.03,7693,0
2017-04-19,19:20:00,115.05,115.16,115.05,115.12,5505,0
2017-04-19,19:25:00,115.1373,115.2761,115.1,115.2598,4250,0
2017-04-19,19:30:00,115.23,115.23,115.1,115.11,3100,0
2017-04-19,19:35:00,115.13,115.16,115.06,115.1337,6074,0
2017-04-19,19:40:00,115.15,115.15,114.95,114.9718,10782,0
2017-04-19,19:45:00,114.9829,115.06,114.94,115.05,8864,0
2017-04-19,19:50:00,115.09,115.14,115.04,115.095,4482,0
2017-04-19,19:55:00,115.08,115.229,115.08,115.19,2717,0
2017-04-19,20:00:00,115.17,115.21,115.13,115.2,4614,0
2017-04-19,20:05:00,115.15,115.25,115.08,115.1001,6347,0
2017-04-19,20:10:00,115.13,115.13,114.9,114.95,8736,0
2017-04-19,20:15:00,114.95,115.06,114.91,114.995,6946,0
2017-04-19,20:20:00,114.96,114.97,114.77,114.94,12087,0
2017-04-19,20:25:00,114.9171,114.99,114.87,114.93,23860,0
2017-04-19,20:30:00,114.93,115.3,114.91,115.3,6460,0
2017-04-19,20:35:00,115.25,115.25,115.18,115.22,5705,0
2017-04-19,20:40:00,115.23,115.38,115.23,115.37,4259,0
2017-04-19,20:45:00,115.39,115.39,115.2572,115.32,6904,0
2017-04-19,20:50:00,115.3,115.35,115.15,115.215,5172,0
2017-04-19,20:55:00,115.2,115.2,114.94,115.03,5600,0
2017-04-19,21:00:00,115.04,115.13,115.02,115.08,4700,0
2017-04-19,21:05:00,115.08,115.16,115.03,115.145,5000,0
2017-04-19,21:10:00,115.165,115.18,115.03,115.03,9632,0
2017-04-19,21:15:00,115.02,115.13,115,115.07,10671,0
2017-04-19,21:20:00,115.04,115.09,114.9828,115.04,5525,0
2017-04-19,21:25:00,115.07,115.13,115.03,115.05,11816,0
2017-04-19,21:30:00,115.07,115.08,114.78,114.8,9193,0
2017-04-19,21:35:00,114.84,114.88,114.76,114.81,11976,0
2017-04-19,21:40:00,114.79,114.92,114.79,114.91,11927,0
2017-04-19,21:45:00,114.89,114.89,114.76,114.83,14173,0
2017-04-19,21:50:00,114.82,114.88,114.75,114.7901,18011,0
2017-04-19,21:55:00,114.81,114.86,114.75,114.8199,30794,0
2017-04-19,22:00:00,114.81,114.98,114.81,114.94,90765,0
2017-04-20,15:35:00,115.67,115.69,115.4,115.56,19798,0
2017-04-20,15:40:00,115.6,115.89,115.5,115.53,16654,0
2017-04-20,15:45:00,115.58,115.95,115.49,115.915,14798,0
2017-04-20,15:50:00,115.89,116.07,115.7163,116.05,15675,0
2017-04-20,15:55:00,116.04,116.12,115.97,116,10223,0
2017-04-20,16:00:00,115.9401,116.15,115.85,116.15,13534,0
2017-04-20,16:05:00,116.14,116.2465,115.92,115.93,10801,0
2017-04-20,16:10:00,115.93,116.04,115.77,115.94,118122,0
2017-04-20,16:15:00,115.96,116.22,115.96,116.22,13846,0
2017-04-20,16:20:00,116.25,116.3,116.06,116.24,17528,0
2017-04-20,16:25:00,116.33,116.33,115.94,115.94,11991,0
2017-04-20,16:30:00,115.9897,116.24,115.9897,116.19,13797,0
2017-04-20,16:35:00,116.19,116.36,116.18,116.27,19356,0
2017-04-20,16:40:00,116.27,116.29,116.08,116.1144,37952,0
2017-04-20,16:45:00,116.081,116.22,116.02,116.04,19036,0
2017-04-20,16:50:00,116.05,116.165,115.98,116.165,16008,0
2017-04-20,16:55:00,116.2,116.3,116.1,116.1,16649,0
2017-04-20,17:00:00,116.1,116.18,116.0201,116.1,19302,0
2017-04-20,17:05:00,116.08,116.18,115.98,116.099,14091,0
2017-04-20,17:10:00,116.04,116.16,116,116.12,3600,0
2017-04-20,17:15:00,116.15,116.16,115.83,115.83,14579,0
2017-04-20,17:20:00,115.865,115.9003,115.74,115.89,9399,0
2017-04-20,17:25:00,115.89,115.91,115.67,115.71,24046,0
2017-04-20,17:30:00,115.72,115.81,115.66,115.751,6041,0
2017-04-20,17:35:00,115.73,115.79,115.67,115.7,21026,0
2017-04-20,17:40:00,115.6849,115.8,115.66,115.7,27965,0
2017-04-20,17:45:00,115.68,115.745,115.57,115.72,17786,0
2017-04-20,17:50:00,115.68,115.9,115.62,115.86,11077,0
2017-04-20,17:55:00,115.84,115.94,115.77,115.88,31285,0
2017-04-20,18:00:00,115.86,115.89,115.77,115.8222,19118,0
2017-04-20,18:05:00,115.795,115.9,115.68,115.825,10370,0
2017-04-20,18:10:00,115.84,115.88,115.73,115.785,19908,0
2017-04-20,18:15:00,115.81,115.9,115.76,115.815,24029,0
2017-04-20,18:20:00,115.83,115.9,115.78,115.87,12150,0
2017-04-20,18:25:00,115.89,116.06,115.87,115.975,18506,0
2017-04-20,18:30:00,115.999,116.01,115.93,115.951,10809,0
2017-04-20,18:35:00,115.95,116,115.89,115.99,24710,0
2017-04-20,18:40:00,115.99,116.1,115.97,116.02,23882,0
2017-04-20,18:45:00,116.05,116.1204,116.03,116.08,19070,0
2017-04-20,18:50:00,116.08,116.08,115.98,116.01,12901,0
2017-04-20,18:55:00,116.01,116.51,115.97,116.43,83318,0
2017-04-20,19:00:00,116.43,116.57,116.17,116.21,62339,0
2017-04-20,19:05:00,116.21,116.27,116.15,116.21,19897,0
2017-04-20,19:10:00,116.21,116.27,116.12,116.25,22412,0
2017-04-20,19:15:00,116.225,116.27,116.04,116.08,24519,0
2017-04-20,19:20:00,116.04,116.09,115.95,115.95,16477,0
2017-04-20,19:25:00,116,116,115.76,115.7865,22915,0
2017-04-20,19:30:00,115.75,116,115.75,115.96,15831,0
2017-04-20,19:35:00,116,116,115.94,115.97,6021,0
2017-04-20,19:40:00,115.975,116.12,115.97,116.01,7145,0
2017-04-20,19:45:00,116.05,116.22,116.01,116.1,21126,0
2017-04-20,19:50:00,116.1,116.17,116,116.1,14415,0
2017-04-20,19:55:00,116.11,116.11,115.98,116.02,15795,0
2017-04-20,20:00:00,116.02,116.09,115.94,116.04,18373,0
2017-04-20,20:05:00,116.04,116.28,116.03,116.28,11415,0
2017-04-20,20:10:00,116.27,116.29,116.141,116.141,8820,0
2017-04-20,20:15:00,116.17,116.26,116.13,116.19,12340,0
2017-04-20,20:20:00,116.19,116.44,116.19,116.31,17549,0
2017-04-20,20:25:00,116.31,116.5,116.3,116.44,28224,0
2017-04-20,20:30:00,116.435,116.69,116.3886,116.61,48569,0
2017-04-20,20:35:00,116.5932,116.69,116.53,116.67,28514,0
2017-04-20,20:40:00,116.67,116.7,116.55,116.55,31438,0
2017-04-20,20:45:00,116.55,116.6,116.4,116.4,15841,0
2017-04-20,20:50:00,116.43,116.48,116.38,116.4,11194,0
2017-04-20,20:55:00,116.38,116.42,116.32,116.39,34181,0
2017-04-20,21:00:00,116.3926,116.42,116.28,116.28,9565,0
2017-04-20,21:05:00,116.265,116.265,116,116.02,38525,0
2017-04-20,21:10:00,116.05,116.25,116.05,116.2,12131,0
2017-04-20,21:15:00,116.185,116.185,116.05,116.05,13369,0
2017-04-20,21:20:00,116.03,116.06,115.96,115.99,36652,0
2017-04-20,21:25:00,115.98,116.24,115.98,116.17,23783,0
2017-04-20,21:30:00,116.175,116.2,116.06,116.08,10500,0
2017-04-20,21:35:00,116.07,116.12,116.02,116.1126,18734,0
2017-04-20,21:40:00,116.1,116.27,116.025,116.27,23567,0
2017-04-20,21:45:00,116.28,116.4,116.28,116.3,18252,0
2017-04-20,21:50:00,116.28,116.31,116.22,116.31,36516,0
2017-04-20,21:55:00,116.29,116.36,116.21,116.31,48930,0
2017-04-20,22:00:00,116.29,116.4,116.12,116.15,168264,0
2017-04-21,15:35:00,116.25,116.37,115.26,116.13,31748,0
2017-04-21,15:40:00,116,116.08,115.35,115.71,23747,0
2017-04-21,15:45:00,115.62,115.7499,115.25,115.66,19465,0
2017-04-21,15:50:00,115.62,115.62,115.08,115.08,17927,0
2017-04-21,15:55:00,115.155,115.26,115.08,115.15,22726,0
2017-04-21,16:00:00,115.1675,115.42,115.1,115.13,12801,0
2017-04-21,16:05:00,115.2,115.26,114.95,115.04,20835,0
2017-04-21,16:10:00,114.965,114.99,114.51,114.67,44987,0
2017-04-21,16:15:00,114.6,114.846,114.55,114.84,15425,0
2017-04-21,16:20:00,114.82,115.04,114.8125,114.98,11600,0
2017-04-21,16:25:00,114.9938,115.11,114.96,115.06,8650,0
2017-04-21,16:30:00,115.06,115.1695,114.988,115.1695,11694,0
2017-04-21,16:35:00,115.13,115.13,114.91,115.089,17300,0
2017-04-21,16:40:00,115.05,115.05,114.86,114.93,13087,0
2017-04-21,16:45:00,114.95,115.1334,114.88,115.08,11343,0
2017-04-21,16:50:00,115.055,115.11,114.9754,115,8300,0
2017-04-21,16:55:00,114.99,115.24,114.99,115.1836,14182,0
2017-04-21,17:00:00,115.2,115.21,114.921,115.04,24468,0
2017-04-21,17:05:00,115.05,115.06,114.88,114.88,9775,0
2017-04-21,17:10:00,114.88,114.91,114.77,114.88,12309,0
2017-04-21,17:15:00,114.89,114.91,114.75,114.85,13735,0
2017-04-21,17:20:00,114.825,115.01,114.8,114.97,19102,0
2017-04-21,17:25:00,114.95,115.04,114.9,114.98,10453,0
2017-04-21,17:30:00,115.01,115.08,114.93,114.94,31546,0
2017-04-21,17:35:00,114.97,115.07,114.95,115.07,12670,0
2017-04-21,17:40:00,115.08,115.16,115.01,115.07,13568,0
2017-04-21,17:45:00,115.06,115.12,114.99,115.12,17663,0
2017-04-21,17:50:00,115.1,115.41,115.1,115.35,19370,0
2017-04-21,17:55:00,115.29,115.45,115.29,115.34,9238,0
2017-04-21,18:00:00,115.3652,115.42,115.17,115.25,12474,0
2017-04-21,18:05:00,115.26,115.27,115.12,115.21,9832,0
2017-04-21,18:10:00,115.19,115.21,115.08,115.15,9067,0
2017-04-21,18:15:00,115.15,115.215,115.02,115.02,4200,0
2017-04-21,18:20:00,115.035,115.07,114.85,114.86,56562,0
2017-04-21,18:25:00,114.85,114.9,114.55,114.55,23827,0
2017-04-21,18:30:00,114.5819,114.7,114.5819,114.6,32887,0
2017-04-21,18:35:00,114.6092,114.62,114.4,114.49,38227,0
2017-04-21,18:40:00,114.53,114.71,114.52,114.7,14177,0
2017-04-21,18:45:00,114.7,114.83,114.7,114.81,13164,0
2017-04-21,18:50:00,114.82,114.89,114.79,114.89,9081,0
2017-04-21,18:55:00,114.92,114.945,114.82,114.845,9240,0
2017-04-21,19:00:00,114.84,114.87,114.79,114.85,19245,0
2017-04-21,19:05:00,114.81,114.81,114.67,114.71,8820,0
2017-04-21,19:10:00,114.72,114.9,114.72,114.84,19299,0
2017-04-21,19:15:00,114.83,114.84,114.61,114.72,9900,0
2017-04-21,19:20:00,114.72,114.72,114.6,114.629,13381,0
2017-04-21,19:25:00,114.595,114.74,114.595,114.72,13604,0
2017-04-21,19:30:00,114.725,114.87,114.7,114.84,9235,0
2017-04-21,19:35:00,114.82,114.89,114.79,114.87,6800,0
2017-04-21,19:40:00,114.85,114.87,114.782,114.85,8400,0
2017-04-21,19:45:00,114.85,114.93,114.82,114.82,19132,0
2017-04-21,19:50:00,114.82,114.97,114.77,114.94,12790,0
2017-04-21,19:55:00,114.96,115,114.885,114.9,6800,0
2017-04-21,20:00:00,114.94,115.08,114.83,114.89,43468,0
2017-04-21,20:05:00,114.88,114.92,114.79,114.82,17258,0
2017-04-21,20:10:00,114.84,114.84,114.7337,114.77,10834,0
2017-04-21,20:15:00,114.78,114.85,114.7,114.78,19439,0
2017-04-21,20:20:00,114.79,114.82,114.7,114.7247,32581,0
2017-04-21,20:25:00,114.7226,114.88,114.7226,114.87,10176,0
2017-04-21,20:30:00,114.8945,115.0391,114.89,114.98,17334,0
2017-04-21,20:35:00,114.98,114.98,114.88,114.92,11615,0
2017-04-21,20:40:00,114.91,114.99,114.84,114.9805,14413,0
2017-04-21,20:45:00,114.95,114.98,114.865,114.91,7840,0
2017-04-21,20:50:00,114.91,114.95,114.86,114.91,8679,0
2017-04-21,20:55:00,114.88,114.96,114.875,114.935,10091,0
2017-04-21,21:00:00,114.95,115.03,114.9,114.9,10966,0
2017-04-21,21:05:00,114.94,114.96,114.8001,114.8001,11639,0
2017-04-21,21:10:00,114.85,114.87,114.81,114.834,12033,0
2017-04-21,21:15:00,114.86,114.97,114.82,114.97,23701,0
2017-04-21,21:20:00,114.96,115,114.85,114.95,18122,0
2017-04-21,21:25:00,114.95,115.05,114.87,114.9789,15657,0
2017-04-21,21:30:00,114.97,115.1,114.97,115.03,24630,0
2017-04-21,21:35:00,115.02,115.05,114.96,115.04,25075,0
2017-04-21,21:40:00,115.0246,115.33,115.0246,115.29,41248,0
2017-04-21,21:45:00,115.3,115.37,115.22,115.31,71486,0
2017-04-21,21:50:00,115.3,115.66,115.26,115.56,72755,0
2017-04-21,21:55:00,115.58,115.79,115.58,115.71,116074,0
2017-04-21,22:00:00,115.7,116.04,115.695,115.9,1240362,0
2017-04-24,15:35:00,116.98,117,116.1,116.47,58872,0
2017-04-24,15:40:00,116.48,116.84,116.28,116.67,30833,0
2017-04-24,15:45:00,116.6,116.63,116.01,116.128,38784,0
2017-04-24,15:50:00,116.09,116.16,115.2152,115.42,52825,0
2017-04-24,15:55:00,115.46,115.8,115.34,115.42,31307,0
2017-04-24,16:00:00,115.44,115.81,115.42,115.69,63700,0
2017-04-24,16:05:00,115.7,115.71,115.36,115.4231,25786,0
2017-04-24,16:10:00,115.4347,115.55,115.38,115.54,28417,0
2017-04-24,16:15:00,115.56,115.8858,115.56,115.73,22844,0
2017-04-24,16:20:00,115.71,116.16,115.7,116.04,48059,0
2017-04-24,16:25:00,116.1,116.27,116.07,116.1153,21095,0
2017-04-24,16:30:00,116.13,116.2,116.01,116.01,23154,0
2017-04-24,16:35:00,116,116,115.73,115.85,23751,0
2017-04-24,16:40:00,115.86,116,115.78,115.9,13539,0
2017-04-24,16:45:00,115.88,115.97,115.82,115.82,14457,0
2017-04-24,16:50:00,115.8348,115.87,115.75,115.76,19875,0
2017-04-24,16:55:00,115.7999,115.85,115.65,115.8267,19537,0
2017-04-24,17:00:00,115.8,116.0972,115.72,116.054,32093,0
2017-04-24,17:05:00,116.07,116.08,115.92,115.92,6856,0
2017-04-24,17:10:00,115.93,116,115.92,115.96,14268,0
2017-04-24,17:15:00,115.98,116.02,115.91,116.02,13294,0
2017-04-24,17:20:00,116.02,116.03,115.87,115.9,24500,0
2017-04-24,17:25:00,115.87,116.03,115.81,115.983,15275,0
2017-04-24,17:30:00,115.94,116.21,115.91,116.19,24241,0
2017-04-24,17:35:00,116.2,116.36,116.18,116.35,23798,0
2017-04-24,17:40:00,116.3489,116.39,116.23,116.28,20931,0
2017-04-24,17:45:00,116.29,116.3,116.05,116.1855,18593,0
2017-04-24,17:50:00,116.14,116.24,116.14,116.18,9256,0
2017-04-24,17:55:00,116.18,116.21,116.1166,116.1591,10197,0
2017-04-24,18:00:00,116.14,116.21,116.13,116.21,13570,0
2017-04-24,18:05:00,116.2078,116.24,116,116.24,16319,0
2017-04-24,18:10:00,116.21,116.28,116.17,116.26,14016,0
2017-04-24,18:15:00,116.28,116.35,116.23,116.2875,14626,0
2017-04-24,18:20:00,116.29,116.31,116.235,116.2477,11125,0
2017-04-24,18:25:00,116.255,116.27,116.16,116.2,9000,0
2017-04-24,18:30:00,116.17,116.22,116.15,116.22,7459,0
2017-04-24,18:35:00,116.21,116.28,116.18,116.28,10938,0
2017-04-24,18:40:00,116.3,116.35,116.21,116.27,13151,0
2017-04-24,18:45:00,116.23,116.33,116.23,116.28,7416,0
2017-04-24,18:50:00,116.305,116.33,116.08,116.1,28452,0
2017-04-24,18:55:00,116.11,116.21,116.09,116.19,5500,0
2017-04-24,19:00:00,116.18,116.18,115.983,116.13,15775,0
2017-04-24,19:05:00,116.14,116.28,116.13,116.22,6977,0
2017-04-24,19:10:00,116.22,116.3,116.2,116.2843,10506,0
2017-04-24,19:15:00,116.26,116.3,116.07,116.09,24779,0
2017-04-24,19:20:00,116.09,116.09,116.01,116.04,7100,0
2017-04-24,19:25:00,116.06,116.07,115.96,115.97,20715,0
2017-04-24,19:30:00,115.9813,116.03,115.93,116,7335,0
2017-04-24,19:35:00,116.02,116.02,115.9,115.95,11454,0
2017-04-24,19:40:00,115.95,115.95,115.85,115.89,14535,0
2017-04-24,19:45:00,115.89,115.924,115.79,115.83,17645,0
2017-04-24,19:50:00,115.85,115.92,115.84,115.89,9907,0
2017-04-24,19:55:00,115.92,116.04,115.87,116.04,5032,0
2017-04-24,20:00:00,116.02,116.0428,115.99,116.0428,12062,0
2017-04-24,20:05:00,116.11,116.33,116.11,116.32,20806,0
2017-04-24,20:10:00,116.31,116.355,116.251,116.31,21500,0
2017-04-24,20:15:00,116.3,116.325,116.1403,116.19,22485,0
2017-04-24,20:20:00,116.2,116.38,116.19,116.37,18483,0
2017-04-24,20:25:00,116.35,116.46,116.35,116.46,18425,0
2017-04-24,20:30:00,116.46,116.46,116.31,116.32,27868,0
2017-04-24,20:35:00,116.33,116.33,116.21,116.22,45380,0
2017-04-24,20:40:00,116.22,116.29,116.21,116.27,43833,0
2017-04-24,20:45:00,116.26,116.3,116.21,116.21,44296,0
2017-04-24,20:50:00,116.2,116.28,116.19,116.235,24960,0
2017-04-24,20:55:00,116.24,116.28,116.24,116.245,18741,0
2017-04-24,21:00:00,116.25,116.27,116.06,116.09,24132,0
2017-04-24,21:05:00,116.09,116.12,116.05,116.09,16757,0
2017-04-24,21:10:00,116.08,116.395,116.08,116.33,15034,0
2017-04-24,21:15:00,116.32,116.41,116.32,116.35,13600,0
2017-04-24,21:20:00,116.35,116.4,116.2,116.21,17390,0
2017-04-24,21:25:00,116.2056,116.24,116.03,116.03,19266,0
2017-04-24,21:30:00,116.01,116.08,116.01,116.04,41206,0
2017-04-24,21:35:00,116.04,116.04,115.93,115.95,19265,0
2017-04-24,21:40:00,115.95,116.075,115.92,115.93,23521,0
2017-04-24,21:45:00,115.93,116,115.9,115.92,25098,0
2017-04-24,21:50:00,115.91,115.9101,115.72,115.73,34488,0
2017-04-24,21:55:00,115.74,115.75,115.51,115.52,74572,0
2017-04-24,22:00:00,115.53,115.61,115.5,115.57,313575,0
2017-04-25,15:35:00,115.73,116.8,115.73,116.66,96023,0
2017-04-25,15:40:00,116.66,116.86,116.3,116.42,55300,0
2017-04-25,15:45:00,116.45,116.51,116.2,116.4,32560,0
2017-04-25,15:50:00,116.4,116.97,116.395,116.94,51445,0
2017-04-25,15:55:00,116.95,117.5,116.851,117.48,66568,0
2017-04-25,16:00:00,117.41,117.68,117.36,117.67,80254,0
2017-04-25,16:05:00,117.69,118.1,117.69,117.93,107419,0
2017-04-25,16:10:00,117.97,118.04,117.84,117.93,44258,0
2017-04-25,16:15:00,117.92,117.97,117.74,117.88,45312,0
2017-04-25,16:20:00,117.87,117.94,117.75,117.79,99616,0
2017-04-25,16:25:00,117.77,117.81,117.516,117.575,64213,0
2017-04-25,16:30:00,117.595,117.66,117.43,117.47,28109,0
2017-04-25,16:35:00,117.5,117.55,117.35,117.36,32008,0
2017-04-25,16:40:00,117.39,117.41,117,117.02,30790,0
2017-04-25,16:45:00,117.04,117.05,116.64,116.89,60537,0
2017-04-25,16:50:00,116.91,116.995,116.52,116.67,51908,0
2017-04-25,16:55:00,116.7,117.2,116.65,117.16,22318,0
2017-04-25,17:00:00,117.13,117.41,117.11,117.34,21873,0
2017-04-25,17:05:00,117.34,117.3601,117.26,117.3,20972,0
2017-04-25,17:10:00,117.27,117.33,117.23,117.25,9050,0
2017-04-25,17:15:00,117.21,117.46,117.21,117.46,16611,0
2017-04-25,17:20:00,117.44,117.5799,117.411,117.4708,48728,0
2017-04-25,17:25:00,117.48,117.51,117.43,117.47,27053,0
2017-04-25,17:30:00,117.5,117.5,117.42,117.42,14170,0
2017-04-25,17:35:00,117.44,117.54,117.43,117.46,24067,0
2017-04-25,17:40:00,117.4647,117.5,117.44,117.48,16105,0
2017-04-25,17:45:00,117.47,117.5,117.43,117.45,27087,0
2017-04-25,17:50:00,117.47,117.5,117.44,117.48,34496,0
2017-04-25,17:55:00,117.48,117.5,117.42,117.49,23210,0
2017-04-25,18:00:00,117.5,117.5,117.46,117.49,24475,0
2017-04-25,18:05:00,117.48,117.8,117.48,117.778,33990,0
2017-04-25,18:10:00,117.7725,117.95,117.77,117.95,21741,0
2017-04-25,18:15:00,117.92,118.04,117.92,117.97,19802,0
2017-04-25,18:20:00,117.9925,118.13,117.97,118.12,42773,0
2017-04-25,18:25:00,118.1469,118.22,118.14,118.22,30971,0
2017-04-25,18:30:00,118.22,118.3052,118.213,118.305,29617,0
2017-04-25,18:35:00,118.3,118.31,117.95,118.04,82741,0
2017-04-25,18:40:00,118.0187,118.06,117.8625,117.976,17931,0
2017-04-25,18:45:00,117.985,118.1,117.9201,118.1,19065,0
2017-04-25,18:50:00,118.0577,118.195,118.05,118.14,13498,0
2017-04-25,18:55:00,118.12,118.17,118.02,118.17,16153,0
2017-04-25,19:00:00,118.1789,118.21,118.02,118.02,9917,0
2017-04-25,19:05:00,118.04,118.11,117.96,117.97,17220,0
2017-04-25,19:10:00,117.986,118.05,117.98,118.02,18905,0
2017-04-25,19:15:00,118,118.05,117.94,118.0266,17029,0
2017-04-25,19:20:00,117.98,118.01,117.79,117.87,17145,0
2017-04-25,19:25:00,117.84,117.92,117.8,117.88,17167,0
2017-04-25,19:30:00,117.91,117.955,117.86,117.86,11126,0
2017-04-25,19:35:00,117.885,117.94,117.82,117.94,11342,0
2017-04-25,19:40:00,117.86,117.94,117.79,117.8835,28207,0
2017-04-25,19:45:00,117.8722,117.98,117.8,117.9497,18636,0
2017-04-25,19:50:00,117.94,118.0395,117.92,118.03,64868,0
2017-04-25,19:55:00,118.04,118.08,117.942,117.9675,12674,0
2017-04-25,20:00:00,117.96,118.08,117.85,118.0012,47285,0
2017-04-25,20:05:00,118.02,118.07,117.9301,118.03,60588,0
2017-04-25,20:10:00,118.08,118.08,117.98,118.05,23296,0
2017-04-25,20:15:00,118.0454,118.14,118.02,118.065,29958,0
2017-04-25,20:20:00,118.07,118.13,117.98,117.98,32946,0
2017-04-25,20:25:00,117.98,118.08,117.98,118.01,12870,0
2017-04-25,20:30:00,118.02,118.04,117.92,117.94,15760,0
2017-04-25,20:35:00,117.93,117.94,117.86,117.94,13386,0
2017-04-25,20:40:00,117.95,117.98,117.899,117.98,13538,0
2017-04-25,20:45:00,117.98,118.01,117.95,117.96,14587,0
2017-04-25,20:50:00,117.96,118,117.87,117.87,16108,0
2017-04-25,20:55:00,117.8701,117.94,117.84,117.85,19449,0
2017-04-25,21:00:00,117.86,118,117.85,117.99,24253,0
2017-04-25,21:05:00,117.99,118,117.87,117.91,90704,0
2017-04-25,21:10:00,117.93,117.98,117.83,117.85,49278,0
2017-04-25,21:15:00,117.85,117.85,117.72,117.8,28514,0
2017-04-25,21:20:00,117.78,117.85,117.74,117.78,69505,0
2017-04-25,21:25:00,117.78,117.78,117.64,117.6668,32178,0
2017-04-25,21:30:00,117.67,117.77,117.67,117.69,21406,0
2017-04-25,21:35:00,117.69,117.85,117.67,117.75,48507,0
2017-04-25,21:40:00,117.74,117.82,117.725,117.8,81891,0
2017-04-25,21:45:00,117.79,117.84,117.75,117.84,107544,0
2017-04-25,21:50:00,117.835,117.98,117.81,117.975,52851,0
2017-04-25,21:55:00,117.99,118.08,117.91,118.02,347485,0
2017-04-25,22:00:00,118.02,118.34,118.02,118.22,320861,0
2017-04-26,15:35:00,123.3,123.48,121.57,122.05,301415,0
2017-04-26,15:40:00,122.08,123.78,122.02,122.9999,231745,0
2017-04-26,15:45:00,122.88,123.42,122.88,123.1102,229846,0
2017-04-26,15:50:00,123.105,124.08,122.87,123.9262,264210,0
2017-04-26,15:55:00,123.982,124.35,123.61,124.0298,201065,0
2017-04-26,16:00:00,124,124.35,123.68,123.78,165277,0
2017-04-26,16:05:00,123.78,124.4475,123.71,124.38,202657,0
2017-04-26,16:10:00,124.37,124.42,123.6995,124.19,109173,0
2017-04-26,16:15:00,124.19,124.84,124.17,124.73,102172,0
2017-04-26,16:20:00,124.75,124.78,124.32,124.77,74287,0
2017-04-26,16:25:00,124.7848,125.01,124.64,124.95,100632,0
2017-04-26,16:30:00,124.94,125.29,124.84,124.89,94302,0
2017-04-26,16:35:00,124.9,125.43,124.74,125.34,88551,0
2017-04-26,16:40:00,125.4,125.64,125.02,125.614,79104,0
2017-04-26,16:45:00,125.61,126,125.32,125.92,106757,0
2017-04-26,16:50:00,125.88,126.39,125.56,125.61,104131,0
2017-04-26,16:55:00,125.59,126.16,125.57,125.83,71287,0
2017-04-26,17:00:00,125.8201,126.07,125.691,125.9171,46651,0
2017-04-26,17:05:00,125.9,126.64,125.9,126.04,100449,0
2017-04-26,17:10:00,126.03,126.0718,125.34,125.37,114269,0
2017-04-26,17:15:00,125.4537,125.74,125.22,125.33,92417,0
2017-04-26,17:20:00,125.32,125.63,125.29,125.62,49289,0
2017-04-26,17:25:00,125.57,126.24,125.57,126.1,62580,0
2017-04-26,17:30:00,126.14,126.21,125.71,125.79,53115,0
2017-04-26,17:35:00,125.745,126.2,125.69,126.09,35198,0
2017-04-26,17:40:00,126.08,126.46,125.89,126.03,55674,0
2017-04-26,17:45:00,126.015,126.23,125.96,126.2246,28964,0
2017-04-26,17:50:00,126.2299,126.34,125.59,125.7,40623,0
2017-04-26,17:55:00,125.69,125.99,125.41,125.91,55216,0
2017-04-26,18:00:00,125.9,126.36,125.9,126.22,46189,0
2017-04-26,18:05:00,126.22,126.22,125.74,126.12,41510,0
2017-04-26,18:10:00,126.11,126.37,126.11,126.23,45529,0
2017-04-26,18:15:00,126.1721,126.25,125.69,125.69,36427,0
2017-04-26,18:20:00,125.756,125.91,125.58,125.58,29243,0
2017-04-26,18:25:00,125.5852,125.86,125.41,125.83,30853,0
2017-04-26,18:30:00,125.84,125.84,125.41,125.589,40030,0
2017-04-26,18:35:00,125.61,126.13,125.55,126.065,37521,0
2017-04-26,18:40:00,126.09,126.39,126.081,126.21,52508,0
2017-04-26,18:45:00,126.246,126.295,126.07,126.17,24424,0
2017-04-26,18:50:00,126.16,126.34,126.08,126.102,17106,0
2017-04-26,18:55:00,126.08,126.38,126.02,126.24,30339,0
2017-04-26,19:00:00,126.2201,126.43,126.07,126.305,28923,0
2017-04-26,19:05:00,126.31,126.79,126.31,126.71,57882,0
2017-04-26,19:10:00,126.745,126.94,126.71,126.9357,31345,0
2017-04-26,19:15:00,126.9359,126.96,126.57,126.68,57971,0
2017-04-26,19:20:00,126.65,126.93,126.6,126.9,39575,0
2017-04-26,19:25:00,126.885,127.2,126.87,127.02,56183,0
2017-04-26,19:30:00,126.975,127.02,126.66,126.75,25131,0
2017-04-26,19:35:00,126.67,126.8,126.33,126.535,35134,0
2017-04-26,19:40:00,126.37,126.6299,126.32,126.45,46086,0
2017-04-26,19:45:00,126.4168,126.67,126.35,126.65,28185,0
2017-04-26,19:50:00,126.641,126.73,125.63,125.99,46786,0
2017-04-26,19:55:00,126.04,126.24,126.01,126.19,40298,0
2017-04-26,20:00:00,126.19,126.25,125.66,125.66,45458,0
2017-04-26,20:05:00,125.66,125.8,125.35,125.7,72414,0
2017-04-26,20:10:00,125.75,126.09,125.66,125.81,35517,0
2017-04-26,20:15:00,125.81,126.1,125.79,126.1,22282,0
2017-04-26,20:20:00,126.13,126.27,126.0782,126.1,23849,0
2017-04-26,20:25:00,126.08,126.22,126.03,126.1414,19534,0
2017-04-26,20:30:00,126.16,126.21,126.055,126.099,14803,0
2017-04-26,20:35:00,126.1,126.21,126.04,126.1,15689,0
2017-04-26,20:40:00,126.06,126.105,125.86,125.92,19002,0
2017-04-26,20:45:00,125.92,125.94,125.78,125.905,20936,0
2017-04-26,20:50:00,125.89,125.89,125.64,125.77,46115,0
2017-04-26,20:55:00,125.77,125.96,125.44,125.4687,37646,0
2017-04-26,21:00:00,125.51,125.66,125.47,125.59,17488,0
2017-04-26,21:05:00,125.61,125.85,125.5,125.713,33660,0
2017-04-26,21:10:00,125.71,125.961,125.71,125.961,60318,0
2017-04-26,21:15:00,125.97,126.35,125.94,126.28,47206,0
2017-04-26,21:20:00,126.29,126.39,126.11,126.31,43515,0
2017-04-26,21:25:00,126.3,126.33,125.98,126.0972,25541,0
2017-04-26,21:30:00,126.06,126.06,125.8,125.8,35533,0
2017-04-26,21:35:00,125.85,125.85,125.54,125.56,48624,0
2017-04-26,21:40:00,125.58,125.75,125.45,125.525,37421,0
2017-04-26,21:45:00,125.51,125.95,125.51,125.765,50143,0
2017-04-26,21:50:00,125.762,125.77,125.61,125.69,64710,0
2017-04-26,21:55:00,125.68,125.71,125.0615,125.11,201616,0
2017-04-26,22:00:00,125.14,125.41,125,125.19,301692,0
