Date,Time,Open,High,Low,Close,Volume,OpenInt
2016-12-13,15:45:00,11.05,11.05,11.05,11.05,5000,0
2016-12-13,16:10:00,10.8,10.8,10.8,10.8,599,0
2016-12-13,16:35:00,10.4355,10.4355,10.4355,10.4355,120,0
2016-12-13,16:45:00,10.5403,10.5403,10.5403,10.5403,200,0
2016-12-13,18:05:00,10.5,10.5,10.49,10.49,500,0
2016-12-13,18:40:00,10.77,10.78,10.75,10.78,300,0
2016-12-13,18:45:00,10.8,10.8,10.8,10.8,1000,0
2016-12-13,19:10:00,10.75,10.808,10.51,10.78,4400,0
2016-12-13,19:15:00,10.8369,10.8369,10.8369,10.8369,1000,0
2016-12-13,20:40:00,10.77,10.77,10.77,10.77,100,0
2016-12-13,20:45:00,10.78,10.78,10.7,10.7009,1000,0
2016-12-13,20:50:00,10.8,10.806,10.79,10.806,1000,0
2016-12-13,21:15:00,10.75,10.75,10.72,10.73,2400,0
2016-12-13,21:20:00,10.76,10.76,10.73,10.74,1500,0
2016-12-13,21:50:00,10.9173,10.9173,10.9173,10.9173,100,0
2016-12-14,15:40:00,10.28,10.28,10.28,10.28,100,0
2016-12-14,15:45:00,10.23,10.23,10.21,10.21,400,0
2016-12-14,15:50:00,10.39,10.4,10.39,10.4,1200,0
2016-12-14,15:55:00,10.39,10.39,10.39,10.39,400,0
2016-12-14,16:00:00,10.4,10.4,10.4,10.4,200,0
2016-12-14,16:05:00,10.4,10.4,10.4,10.4,400,0
2016-12-14,16:10:00,10.39,10.39,10.39,10.39,300,0
2016-12-14,16:30:00,10.55,10.59,10.55,10.59,200,0
2016-12-14,16:55:00,10.56,10.56,10.56,10.56,200,0
2016-12-14,17:05:00,10.7,10.71,10.7,10.71,600,0
2016-12-14,17:10:00,10.75,10.75,10.75,10.75,996,0
2016-12-14,17:20:00,10.75,10.75,10.75,10.75,1204,0
2016-12-14,18:20:00,10.65,10.666,10.63,10.646,1200,0
2016-12-14,19:25:00,10.7239,10.7239,10.7239,10.7239,100,0
2016-12-14,19:30:00,10.72,10.7245,10.72,10.72,1300,0
2016-12-14,19:40:00,10.75,10.75,10.75,10.75,150,0
2016-12-14,20:05:00,10.72,11.1,10.72,11.1,2600,0
2016-12-14,20:10:00,11.1,11.34,11.1,11.34,2000,0
2016-12-14,20:25:00,11.3152,11.3152,11.3152,11.3152,170,0
2016-12-14,21:10:00,10.67,10.91,10.67,10.78,3000,0
2016-12-14,21:15:00,10.78,10.78,10.6,10.6,200,0
2016-12-14,21:30:00,10.6,10.6,10.6,10.6,200,0
2016-12-14,21:35:00,10.87,11.01,10.86,10.99,10000,0
2016-12-14,21:45:00,11.1,11.11,11.08,11.1,10000,0
2016-12-14,21:50:00,11.09,11.09,11.05,11.08,17100,0
2016-12-14,21:55:00,11.05,11.05,10.99,10.99,12600,0
2016-12-14,22:00:00,11.03,11.05,11,11,11800,0
2016-12-15,15:35:00,11.4379,11.4379,11.3101,11.3101,450,0
2016-12-15,15:50:00,11.45,11.45,11.45,11.45,900,0
2016-12-15,16:05:00,11.5,11.765,11.5,11.765,2785,0
2016-12-15,16:10:00,11.75,11.75,11.71,11.75,523,0
2016-12-15,17:40:00,11.8383,12.02,11.8383,12.02,1600,0
2016-12-15,17:50:00,12.02,12.18,12.02,12.18,2100,0
2016-12-15,18:15:00,11.8196,11.8196,11.8196,11.8196,450,0
2016-12-15,19:30:00,11.9653,11.9653,11.9653,11.9653,825,0
2016-12-15,20:40:00,11.7,11.76,11.6,11.76,5200,0
2016-12-15,20:55:00,11.73,11.75,11.72,11.7375,700,0
2016-12-15,21:00:00,11.51,11.51,11.5,11.5,3100,0
2016-12-15,21:30:00,11.44,11.44,11.44,11.44,100,0
2016-12-15,21:55:00,11.42,11.44,11.41,11.44,12700,0
2016-12-15,22:00:00,11.4,11.45,11.4,11.45,29200,0
2016-12-16,18:15:00,11.39,11.39,11.02,11.02,1800,0
2016-12-16,18:30:00,11.13,11.13,11.13,11.13,800,0
2016-12-16,19:25:00,11.07,11.07,11.01,11.03,2600,0
2016-12-16,20:25:00,11.05,11.05,11.05,11.05,100,0
2016-12-16,21:00:00,11.3,11.3,11.25,11.25,500,0
2016-12-16,21:05:00,11.25,11.25,11.24,11.25,900,0
2016-12-16,21:10:00,11.25,11.25,11.25,11.25,800,0
2016-12-16,21:15:00,11.25,11.25,11.25,11.25,600,0
2016-12-16,21:20:00,11.25,11.25,11.25,11.25,3000,0
2016-12-16,21:25:00,11.25,11.25,11.25,11.25,600,0
2016-12-16,21:30:00,11.25,11.25,11.24,11.24,600,0
2016-12-16,21:35:00,11.22,11.22,11.21,11.21,600,0
2016-12-16,21:40:00,11.21,11.21,11.21,11.21,600,0
2016-12-16,21:45:00,11.21,11.21,11.21,11.21,500,0
2016-12-16,21:50:00,11.21,11.21,11.21,11.21,600,0
2016-12-16,21:55:00,11.21,11.21,11.21,11.21,400,0
2016-12-16,22:00:00,11.21,11.21,11.08,11.09,400,0
2016-12-19,15:35:00,11.05,11.06,11.02,11.02,2069,0
2016-12-19,15:55:00,10.91,10.9264,10.8701,10.89,1600,0
2016-12-19,16:00:00,10.86,10.86,10.86,10.86,460,0
2016-12-19,16:10:00,10.8267,10.8267,10.8267,10.8267,100,0
2016-12-19,19:35:00,10.99,11,10.99,11,2059,0
2016-12-19,20:15:00,11.2616,11.2616,11.1501,11.1501,600,0
2016-12-19,20:20:00,11.2,11.2,11.18,11.18,400,0
2016-12-19,21:10:00,11.19,11.2,11.19,11.2,200,0
2016-12-19,21:25:00,11.2,11.2,11.2,11.2,2900,0
2016-12-19,21:55:00,11.21,11.3825,11.2,11.3625,1824,0
2016-12-19,22:00:00,11.29,11.3,11.28,11.28,300,0
2016-12-20,15:45:00,11.6,11.6,11.6,11.6,2900,0
2016-12-20,15:55:00,12.1632,12.1632,12.1632,12.1632,407,0
2016-12-20,16:25:00,11.98,11.9999,11.9623,11.9999,832,0
2016-12-20,16:35:00,11.81,11.81,11.78,11.78,500,0
2016-12-20,17:10:00,12,12.07,12,12.07,1200,0
2016-12-20,17:35:00,12.09,12.1,12.09,12.1,2400,0
2016-12-20,17:45:00,12.33,12.34,12.33,12.34,1000,0
2016-12-20,18:15:00,12.1166,12.1166,12.1166,12.1166,460,0
2016-12-20,19:50:00,12.3,12.3,12.3,12.3,4000,0
2016-12-20,20:35:00,12.32,12.32,12.23,12.25,14700,0
2016-12-20,20:40:00,12.25,12.42,12.25,12.42,2500,0
2016-12-20,21:20:00,12.25,12.25,12.25,12.25,400,0
2016-12-20,22:00:00,12.25,12.25,12.25,12.25,4200,0
2016-12-21,16:45:00,11.81,11.81,11.78,11.78,300,0
2016-12-21,16:50:00,11.78,11.78,11.78,11.78,100,0
2016-12-21,17:00:00,11.99,11.99,11.79,11.79,600,0
2016-12-21,17:55:00,11.85,11.9,11.85,11.9,200,0
2016-12-21,19:45:00,11.86,11.86,11.85,11.85,19975,0
2016-12-21,21:45:00,12.05,12.05,12.05,12.05,100,0
2016-12-21,21:50:00,11.96,11.96,11.95,11.95,1700,0
2016-12-21,22:00:00,11.9,11.9,11.9,11.9,100,0
2016-12-22,15:50:00,11.85,11.9,11.85,11.9,1600,0
2016-12-22,16:35:00,12.03,12.05,12.03,12.05,1100,0
2016-12-22,16:55:00,11.94,12.13,11.94,12.13,600,0
2016-12-22,17:00:00,11.8,11.8,11.8,11.8,100,0
2016-12-22,17:40:00,11.79,11.98,11.79,11.98,500,0
2016-12-22,17:50:00,11.75,11.93,11.75,11.93,600,0
2016-12-22,18:20:00,11.921,11.921,11.921,11.921,1303,0
2016-12-22,19:00:00,11.92,11.92,11.92,11.92,200,0
2016-12-22,19:35:00,11.95,12,11.95,12,400,0
2016-12-22,19:45:00,12,12,12,12,200,0
2016-12-22,20:20:00,12,12,12,12,100,0
2016-12-22,20:25:00,11.95,11.95,11.95,11.95,100,0
2016-12-22,20:35:00,12,12.22,12,12.22,200,0
2016-12-22,21:55:00,12.15,12.18,12.15,12.18,2100,0
2016-12-22,22:00:00,12.18,12.18,12.18,12.18,100,0
2016-12-23,16:35:00,12.05,12.05,12.05,12.05,100,0
2016-12-23,16:55:00,12.09,12.09,12.09,12.09,100,0
2016-12-23,18:10:00,12.08,12.08,12.08,12.08,100,0
2016-12-23,18:15:00,12.16,12.16,12.16,12.16,100,0
2016-12-23,18:20:00,12.17,12.17,12.17,12.17,200,0
2016-12-23,18:25:00,12.17,12.18,12.17,12.18,200,0
2016-12-23,18:30:00,12.16,12.17,12.16,12.17,200,0
2016-12-23,18:35:00,12.19,12.2,12.19,12.2,300,0
2016-12-23,18:40:00,12.18,12.18,12,12.17,2100,0
2016-12-23,18:45:00,12.17,12.17,12.17,12.17,200,0
2016-12-23,18:50:00,12.16,12.16,12.16,12.16,100,0
2016-12-23,18:55:00,12.13,12.14,12.13,12.14,300,0
2016-12-23,19:00:00,12.14,12.15,12.14,12.15,300,0
2016-12-23,19:05:00,12.06,12.15,12.06,12.15,500,0
2016-12-23,19:10:00,12.16,12.16,12.16,12.16,200,0
2016-12-23,19:15:00,12.16,12.17,12.16,12.17,200,0
2016-12-23,19:20:00,12.18,12.19,12.18,12.19,200,0
2016-12-23,19:25:00,12.17,12.18,12.17,12.18,200,0
2016-12-23,19:30:00,12.22,12.24,12.2,12.24,5200,0
2016-12-23,19:35:00,12.2,12.2,12.2,12.2,5300,0
2016-12-23,19:45:00,12.2,12.2,12.2,12.2,10400,0
2016-12-23,20:30:00,12.16,12.19,12,12.18,400,0
2016-12-23,20:35:00,12.19,12.2,12.19,12.2,700,0
2016-12-23,20:40:00,12.2,12.24,12.2,12.24,900,0
2016-12-23,21:15:00,12.13,12.13,12.13,12.13,100,0
2016-12-23,21:45:00,12.21,12.21,12.21,12.21,300,0
2016-12-23,21:55:00,12.22,12.24,12.22,12.24,3385,0
2016-12-23,22:00:00,12.24,12.3,12.24,12.3,3070,0
2016-12-27,15:35:00,12.3,12.3,12.3,12.3,1209,0
2016-12-27,17:00:00,12.24,12.24,12.24,12.24,100,0
2016-12-27,17:35:00,12.17,12.17,12.17,12.17,100,0
2016-12-27,21:00:00,12.18,12.18,12.18,12.18,150,0
2016-12-28,16:05:00,12.18,12.18,12.18,12.18,350,0
2016-12-28,19:25:00,11.95,11.95,11.95,11.95,100,0
2016-12-28,22:00:00,11.8,11.8,11.8,11.8,100,0
2016-12-29,20:10:00,11.3292,11.3292,11.3292,11.3292,700,0
2016-12-29,21:40:00,11.21,11.21,11.21,11.21,100,0
2016-12-29,22:00:00,11.51,11.57,11.51,11.57,8410,0
2016-12-30,16:25:00,11.6601,11.6601,11.6601,11.6601,100,0
2016-12-30,16:45:00,11.87,11.87,11.87,11.87,1000,0
2016-12-30,16:55:00,11.87,11.87,11.87,11.87,1000,0
2016-12-30,19:15:00,11.75,11.75,11.75,11.75,800,0
2017-01-03,15:35:00,11.79,11.79,11.79,11.79,419,0
2017-01-03,15:40:00,12.39,12.65,12.25,12.65,4200,0
2017-01-03,17:45:00,11.79,11.79,11.79,11.79,100,0
2017-01-03,19:05:00,11.25,11.25,11.25,11.25,100,0
2017-01-03,19:30:00,11.31,11.34,11.29,11.29,6500,0
2017-01-03,19:50:00,11.26,11.26,11.26,11.26,100,0
2017-01-03,20:00:00,11.31,11.31,11.31,11.31,100,0
2017-01-03,20:10:00,11.31,11.31,11.31,11.31,100,0
2017-01-03,20:20:00,11.5,11.5,11.5,11.5,500,0
2017-01-03,20:30:00,11.26,11.26,11.26,11.26,100,0
2017-01-03,20:45:00,11.26,11.26,11.26,11.26,100,0
2017-01-03,20:55:00,11.27,11.27,11.27,11.27,100,0
2017-01-03,21:00:00,11.47,11.5,11.47,11.5,800,0
2017-01-03,21:05:00,11.49,11.49,11.39,11.39,300,0
2017-01-03,21:40:00,11.5,11.73,11.32,11.32,4580,0
2017-01-03,21:45:00,11.35,11.41,11.34,11.41,16700,0
2017-01-03,21:50:00,11.39,11.41,11.39,11.41,9700,0
2017-01-03,22:00:00,11.6068,11.6068,11.49,11.49,425,0
2017-01-04,15:35:00,11.77,11.77,11.72,11.72,5180,0
2017-01-04,15:50:00,11.98,11.99,11.98,11.99,400,0
2017-01-04,16:00:00,11.99,11.99,11.99,11.99,100,0
2017-01-04,16:05:00,12,12.05,11.99,12.05,3100,0
2017-01-04,16:10:00,12.07,12.09,12.07,12.09,200,0
2017-01-04,16:25:00,12,12,11.99,12,6100,0
2017-01-04,16:55:00,11.82,11.82,11.82,11.82,100,0
2017-01-04,17:00:00,11.99,11.99,11.99,11.99,400,0
2017-01-04,17:05:00,12,12,12,12,1900,0
2017-01-04,17:15:00,12,12,12,12,2500,0
2017-01-04,17:25:00,12.15,12.1656,12,12,1092,0
2017-01-04,17:35:00,12.15,12.18,12.15,12.18,1400,0
2017-01-04,17:50:00,12.15,12.2,12.15,12.2,400,0
2017-01-04,18:10:00,12.2,12.2,12.2,12.2,1100,0
2017-01-04,18:15:00,12.22,12.22,12.22,12.22,1300,0
2017-01-04,18:25:00,12.24,12.24,12.24,12.24,2000,0
2017-01-04,18:30:00,12.15,12.15,12.15,12.15,2500,0
2017-01-04,18:35:00,12.15,12.15,12.15,12.15,500,0
2017-01-04,19:15:00,12.04,12.04,12.04,12.04,100,0
2017-01-04,19:30:00,12.03,12.03,12.03,12.03,100,0
2017-01-04,19:45:00,12.03,12.03,12.03,12.03,100,0
2017-01-04,19:55:00,12.14,12.3,12.14,12.3,400,0
2017-01-04,20:25:00,12.05,12.05,12.05,12.05,100,0
2017-01-04,20:40:00,12.05,12.05,12.05,12.05,100,0
2017-01-04,20:55:00,12.06,12.06,12.06,12.06,100,0
2017-01-04,21:10:00,12.03,12.03,12.03,12.03,100,0
2017-01-04,21:20:00,12.09,12.27,12.09,12.27,400,0
2017-01-04,21:45:00,12.15,12.15,12.15,12.15,300,0
2017-01-05,16:50:00,12.2,12.2,12.135,12.135,2100,0
2017-01-05,16:55:00,12.1,12.1,12.1,12.1,1000,0
2017-01-05,17:05:00,12,12,12,12,2000,0
2017-01-05,17:10:00,11.84,11.84,11.84,11.84,200,0
2017-01-05,17:15:00,11.8,11.8,11.8,11.8,823,0
2017-01-05,17:20:00,11.8,11.8,11.8,11.8,1100,0
2017-01-05,17:45:00,11.6,11.6,11.6,11.6,2000,0
2017-01-05,20:00:00,11.618,11.618,11.618,11.618,250,0
2017-01-05,21:05:00,11.6,11.6,11.6,11.6,300,0
2017-01-05,21:30:00,11.64,11.64,11.64,11.64,100,0
2017-01-05,21:40:00,11.55,11.55,11.55,11.55,100,0
2017-01-05,22:00:00,11.65,11.71,11.65,11.71,200,0
2017-01-06,21:05:00,11.92,11.92,11.92,11.92,100,0
2017-01-06,21:55:00,11.88,11.88,11.88,11.88,100,0
2017-01-06,22:00:00,11.85,11.85,11.85,11.85,100,0
2017-01-09,15:45:00,11.45,11.45,11.43,11.43,1000,0
2017-01-09,16:55:00,11.56,11.62,11.56,11.62,400,0
2017-01-09,18:25:00,11.494,11.494,11.494,11.494,100,0
2017-01-09,20:35:00,11.5671,11.5671,11.5671,11.5671,100,0
2017-01-09,21:00:00,11.53,11.53,11.52,11.52,790,0
2017-01-10,16:25:00,11.6938,11.6938,11.6938,11.6938,1500,0
2017-01-10,17:50:00,12.05,12.05,12.05,12.05,100,0
2017-01-10,18:10:00,12.09,12.09,12.09,12.09,100,0
2017-01-10,18:30:00,12.07,12.07,12.07,12.07,100,0
2017-01-11,17:50:00,11.78,11.78,11.78,11.78,100,0
2017-01-11,18:20:00,12,12,12,12,100,0
2017-01-11,18:40:00,11.81,11.81,11.81,11.81,100,0
2017-01-11,19:35:00,11.8,11.8,11.8,11.8,100,0
2017-01-11,20:40:00,11.95,11.95,11.95,11.95,200,0
2017-01-11,21:00:00,11.95,11.95,11.95,11.95,100,0
2017-01-12,16:10:00,11.99,12,11.99,12,400,0
2017-01-12,16:40:00,11.7908,11.7908,11.47,11.47,716,0
2017-01-12,17:15:00,11.5,11.5,11.5,11.5,200,0
2017-01-12,19:40:00,11.4,11.5,11.4,11.5,4076,0
2017-01-12,20:25:00,11.5847,11.5847,11.55,11.55,200,0
2017-01-12,20:35:00,11.64,11.64,11.64,11.64,300,0
2017-01-12,21:05:00,11.58,11.58,11.58,11.58,100,0
2017-01-12,21:10:00,11.53,11.53,11.53,11.53,200,0
2017-01-12,21:25:00,11.55,11.55,11.55,11.55,200,0
2017-01-12,21:55:00,11.7,11.7,11.7,11.7,2000,0
2017-01-12,22:00:00,11.82,11.82,11.82,11.82,128,0
2017-01-13,15:50:00,12.24,12.6,12.24,12.6,1472,0
2017-01-13,15:55:00,12.61,12.73,12.58,12.6,1900,0
2017-01-13,16:10:00,12.54,12.54,12.5,12.5,600,0
2017-01-13,16:25:00,12.55,12.55,12.55,12.55,200,0
2017-01-13,16:30:00,12.4,12.4,12.4,12.4,200,0
2017-01-13,16:35:00,12.44,12.5,12.44,12.5,2700,0
2017-01-13,16:50:00,12.56,12.56,12.56,12.56,3300,0
2017-01-13,17:05:00,12.5,12.56,12.5,12.56,1295,0
2017-01-13,17:20:00,12.56,12.56,12.55,12.55,14500,0
2017-01-13,17:25:00,12.56,12.56,12.56,12.56,27200,0
2017-01-13,17:30:00,12.56,12.56,12.56,12.56,12800,0
2017-01-13,17:35:00,12.62,12.65,12.62,12.63,3600,0
2017-01-13,17:40:00,12.63,12.63,12.63,12.63,11100,0
2017-01-13,17:50:00,12.55,12.55,12.55,12.55,100,0
2017-01-13,17:55:00,12.51,12.51,12.51,12.51,100,0
2017-01-13,18:20:00,12.429,12.49,12.429,12.49,200,0
2017-01-13,18:25:00,12.25,12.25,12.25,12.25,100,0
2017-01-13,18:45:00,12.3825,12.3825,12.3825,12.3825,158,0
2017-01-13,19:05:00,12.36,12.36,12.36,12.36,100,0
2017-01-13,19:40:00,12.48,12.48,12.48,12.48,2900,0
2017-01-13,20:25:00,12.33,12.33,12.33,12.33,100,0
2017-01-13,21:15:00,12.42,12.42,12.42,12.42,2000,0
2017-01-13,21:25:00,12.42,12.46,12.42,12.46,600,0
2017-01-13,21:55:00,12.5,12.5,12.5,12.5,1200,0
2017-01-17,15:35:00,12.5,12.5,12.18,12.18,1580,0
2017-01-17,16:10:00,11.31,11.485,11.29,11.485,11411,0
2017-01-17,16:20:00,11.65,11.65,11.65,11.65,1000,0
2017-01-17,17:05:00,11.23,11.23,11.23,11.23,10100,0
2017-01-17,17:10:00,11.23,11.23,11.215,11.215,20000,0
2017-01-17,17:15:00,11.29,11.29,11.29,11.29,60000,0
2017-01-17,17:20:00,11.22,11.22,11.22,11.22,3400,0
2017-01-17,17:25:00,11.21,11.21,11.21,11.21,200,0
2017-01-17,17:30:00,11.2001,11.25,11.2,11.2,791,0
2017-01-17,17:40:00,11.14,11.14,11.14,11.14,10000,0
2017-01-17,17:45:00,11.15,11.15,11.15,11.15,5000,0
2017-01-17,18:00:00,11.21,11.21,11.21,11.21,5000,0
2017-01-17,18:05:00,11.2625,11.2625,11.2625,11.2625,5346,0
2017-01-17,19:55:00,11.2,11.2,11.2,11.2,200,0
2017-01-17,20:20:00,11.01,11.01,11,11,1000,0
2017-01-17,20:25:00,11,11,11,11,400,0
2017-01-17,21:05:00,10.84,10.84,10.81,10.81,1300,0
2017-01-17,21:10:00,10.84,10.84,10.84,10.84,357,0
2017-01-17,21:25:00,10.98,11.04,10.98,11.04,600,0
2017-01-17,21:50:00,10.96,10.96,10.9003,10.9003,1987,0
2017-01-18,15:35:00,10.66,10.66,10.66,10.66,105,0
2017-01-18,16:00:00,11.21,11.3,11.125,11.2278,3060,0
2017-01-18,16:20:00,11.29,11.3,11.29,11.3,400,0
2017-01-18,17:15:00,11.2194,11.2194,11.2194,11.2194,200,0
2017-01-18,18:00:00,11.03,11.03,11.03,11.03,200,0
2017-01-18,18:05:00,11.1,11.1,11.09,11.09,200,0
2017-01-18,18:45:00,11.0599,11.0599,11.0599,11.0599,1158,0
2017-01-18,20:10:00,11.22,11.22,11.22,11.22,100,0
2017-01-18,20:55:00,11.3,11.3,11.3,11.3,600,0
2017-01-18,21:35:00,11.15,11.15,11.15,11.15,200,0
2017-01-19,16:40:00,11.62,11.62,11.62,11.62,100,0
2017-01-19,16:55:00,11.46,11.51,11.45,11.45,700,0
2017-01-19,17:15:00,11.383,11.42,11.29,11.29,4800,0
2017-01-19,17:25:00,11.33,11.35,11.33,11.35,600,0
2017-01-19,18:20:00,11.2535,11.2535,11.2532,11.2532,400,0
2017-01-19,19:00:00,11.25,11.2614,10.99,11.26,2200,0
2017-01-19,19:05:00,11.33,11.33,11.33,11.33,100,0
2017-01-19,19:20:00,11.3734,11.3734,11.3734,11.3734,500,0
2017-01-19,19:35:00,11.36,11.36,11.36,11.36,100,0
2017-01-19,19:45:00,11.43,11.43,11.41,11.41,600,0
2017-01-19,21:55:00,11.36,11.36,11.36,11.36,100,0
2017-01-20,15:40:00,11.8,11.8,11.59,11.59,300,0
2017-01-20,15:45:00,11.72,11.72,11.72,11.72,100,0
2017-01-20,16:20:00,11.74,11.74,11.69,11.74,1100,0
2017-01-20,17:05:00,11.69,11.6943,11.69,11.6943,200,0
2017-01-20,18:00:00,11.62,11.62,11.61,11.61,200,0
2017-01-20,18:35:00,11.5,11.5,11.5,11.5,500,0
2017-01-20,19:10:00,11.42,11.42,11.42,11.42,100,0
2017-01-20,20:00:00,11.45,11.45,11.45,11.45,200,0
2017-01-23,16:20:00,11.43,11.43,11.37,11.37,965,0
2017-01-23,16:55:00,11.28,11.28,11.25,11.25,400,0
2017-01-23,17:10:00,11.2446,11.2446,11.2305,11.2305,3000,0
2017-01-23,17:35:00,11.265,11.29,11.265,11.29,500,0
2017-01-23,17:50:00,11.21,11.21,11.21,11.21,300,0
2017-01-23,18:30:00,11.2099,11.2099,11.2099,11.2099,446,0
2017-01-23,18:40:00,11.2,11.2,11.2,11.2,446,0
2017-01-23,19:25:00,11.3,11.3,11.3,11.3,1000,0
2017-01-23,22:00:00,11.42,11.42,11.42,11.42,200,0
2017-01-24,15:35:00,10.99,10.99,10.87,10.87,5000,0
2017-01-24,15:50:00,11.3,11.3,11.3,11.3,2900,0
2017-01-24,15:55:00,11.3,11.3,11.3,11.3,1600,0
2017-01-24,16:15:00,11.15,11.15,11.15,11.15,3300,0
2017-01-24,16:25:00,11.18,11.18,11.17,11.17,1500,0
2017-01-24,16:40:00,11.2,11.2,11.2,11.2,100,0
2017-01-24,16:45:00,11.295,11.3,11.295,11.3,200,0
2017-01-24,16:55:00,11.3,11.3,11.3,11.3,2232,0
2017-01-24,17:00:00,11.36,11.36,11.33,11.33,200,0
2017-01-24,17:05:00,11.3,11.3,11.3,11.3,100,0
2017-01-24,17:10:00,11.26,11.5,11.26,11.4,2866,0
2017-01-24,17:15:00,11.45,11.45,11.41,11.41,200,0
2017-01-24,17:20:00,11.45,11.4721,11.45,11.45,2576,0
2017-01-24,17:25:00,11.47,11.47,11.45,11.45,200,0
2017-01-24,17:30:00,11.56,11.56,11.51,11.51,200,0
2017-01-24,17:35:00,11.51,11.51,11.51,11.51,100,0
2017-01-24,17:40:00,11.42,11.43,11.42,11.43,200,0
2017-01-24,17:45:00,11.48,11.48,11.37,11.37,200,0
2017-01-24,17:50:00,11.36,11.36,11.36,11.36,100,0
2017-01-24,17:55:00,11.25,11.25,11.24,11.24,200,0
2017-01-24,18:00:00,11.23,11.23,11.23,11.23,100,0
2017-01-24,18:05:00,11.28,11.34,11.28,11.34,200,0
2017-01-24,18:10:00,11.4,11.43,11.4,11.43,200,0
2017-01-24,18:15:00,11.41,11.41,11.41,11.41,100,0
2017-01-24,18:20:00,11.43,11.5449,11.43,11.45,2200,0
2017-01-24,18:25:00,11.42,11.44,11.42,11.44,200,0
2017-01-24,18:30:00,11.37,11.37,11.37,11.37,100,0
2017-01-24,18:35:00,11.4,11.42,11.4,11.42,200,0
2017-01-24,18:40:00,11.47,11.47,11.45,11.45,200,0
2017-01-24,18:45:00,11.43,11.43,11.4,11.4,200,0
2017-01-24,18:50:00,11.38,11.42,11.38,11.42,200,0
2017-01-24,18:55:00,11.42,11.42,11.42,11.42,100,0
2017-01-24,19:00:00,11.41,11.41,11.41,11.41,200,0
2017-01-24,19:05:00,11.37,11.41,11.37,11.41,200,0
2017-01-24,19:10:00,11.54,11.63,11.53,11.63,800,0
2017-01-24,19:15:00,11.51,11.56,11.49,11.49,700,0
2017-01-24,19:20:00,11.56,11.61,11.56,11.61,400,0
2017-01-24,19:25:00,11.65,11.65,11.62,11.62,200,0
2017-01-24,19:30:00,11.55,11.6,11.55,11.6,234,0
2017-01-24,19:35:00,11.67,11.67,11.67,11.67,200,0
2017-01-24,19:40:00,11.56,11.56,11.56,11.56,100,0
2017-01-24,19:45:00,11.54,11.55,11.54,11.55,500,0
2017-01-24,19:50:00,11.51,11.53,11.51,11.53,3100,0
2017-01-24,19:55:00,11.53,11.53,11.53,11.53,300,0
2017-01-24,20:00:00,11.49,11.49,11.47,11.47,200,0
2017-01-24,20:05:00,11.49,11.52,11.49,11.52,11913,0
2017-01-24,20:10:00,11.52,11.52,11.52,11.52,4260,0
2017-01-24,20:15:00,11.47,11.49,11.45,11.45,2367,0
2017-01-24,20:20:00,11.45,11.45,11.4,11.4,1267,0
2017-01-24,20:45:00,11.46,11.46,11.46,11.46,100,0
2017-01-24,21:00:00,11.5,11.5,11.5,11.5,1800,0
2017-01-24,21:05:00,11.53,11.53,11.51,11.51,2000,0
2017-01-24,22:00:00,11.45,11.45,11.45,11.45,267,0
2017-01-25,15:35:00,11.49,11.5,11.49,11.5,200,0
2017-01-25,15:45:00,12.07,12.09,12.04,12.04,300,0
2017-01-25,15:50:00,12.08,12.1,12.08,12.1,1400,0
2017-01-25,16:00:00,12.21,12.25,12.21,12.25,600,0
2017-01-25,16:20:00,12.1735,12.1735,12.1735,12.1735,1000,0
2017-01-25,16:40:00,12.11,12.13,12.1,12.1,2567,0
2017-01-25,16:50:00,12.11,12.11,12.07,12.07,2160,0
2017-01-25,16:55:00,12.0819,12.1,12.0819,12.1,1000,0
2017-01-25,17:00:00,12.0818,12.1,12.0818,12.0819,2380,0
2017-01-25,18:15:00,12.0375,12.0375,12.0375,12.0375,100,0
2017-01-25,18:40:00,12.0593,12.0593,12.0593,12.0593,249,0
2017-01-25,18:45:00,12.09,12.09,12.0543,12.0543,400,0
2017-01-25,19:05:00,11.87,12.05,11.87,11.98,3200,0
2017-01-25,20:15:00,12.01,12.15,12,12.07,7067,0
2017-01-25,20:30:00,12.06,12.07,12.06,12.07,2967,0
2017-01-25,20:35:00,12.04,12.062,12.03,12.062,782,0
2017-01-25,21:35:00,12.06,12.06,12.06,12.06,1600,0
2017-01-25,21:55:00,12.06,12.06,12.06,12.06,100,0
2017-01-25,22:00:00,12,12.05,12,12.05,200,0
2017-01-26,15:50:00,12.01,12.01,12.01,12.01,133,0
2017-01-26,15:55:00,12.1,12.1,12.1,12.1,100,0
2017-01-26,16:00:00,12.15,12.22,12.15,12.22,10764,0
2017-01-26,16:05:00,12.25,12.25,12.25,12.25,2451,0
2017-01-26,18:50:00,11.93,11.9479,11.93,11.9479,200,0
2017-01-26,22:00:00,12.3,12.3,12.3,12.3,100,0
2017-01-27,15:55:00,11.89,11.89,11.89,11.89,100,0
2017-01-27,17:50:00,11.83,11.83,11.83,11.83,900,0
2017-01-27,18:35:00,11.91,11.91,11.91,11.91,100,0
2017-01-27,19:25:00,11.93,12.05,11.91,12.05,1800,0
2017-01-27,19:50:00,12.05,12.05,12.05,12.05,200,0
2017-01-27,21:25:00,12,12,12,12,5600,0
2017-01-27,22:00:00,11.87,11.99,11.87,11.99,200,0
2017-01-30,15:35:00,11.5,11.5,11.5,11.5,10800,0
2017-01-30,15:45:00,11.51,11.51,11.51,11.51,100,0
2017-01-30,16:10:00,11.36,11.36,11.36,11.36,200,0
2017-01-30,16:15:00,11.3,11.3,11.3,11.3,100,0
2017-01-30,19:05:00,11.283,11.283,11.283,11.283,1303,0
2017-01-30,20:20:00,11.3,11.317,11.3,11.317,600,0
2017-01-30,22:00:00,11.3,11.3,11.3,11.3,100,0
2017-01-31,15:35:00,11.25,11.25,11.25,11.25,100,0
2017-01-31,16:20:00,11.32,11.32,11.32,11.32,100,0
2017-01-31,17:00:00,11.2,11.2,11.2,11.2,200,0
2017-01-31,17:15:00,11.2,11.2,11.2,11.2,2866,0
2017-01-31,18:25:00,11.33,11.33,11.33,11.33,1000,0
2017-02-01,15:40:00,12,12,12,12,300,0
2017-02-01,16:05:00,11.9326,11.9326,11.9326,11.9326,400,0
2017-02-01,16:45:00,11.58,11.6436,11.58,11.6436,700,0
2017-02-01,17:55:00,11.57,11.57,11.56,11.56,200,0
2017-02-01,21:50:00,11.4672,11.4672,11.4672,11.4672,100,0
2017-02-01,22:00:00,11.41,11.42,11.41,11.4183,1200,0
2017-02-02,15:40:00,11.11,11.11,11.11,11.11,100,0
2017-02-02,17:40:00,11.34,11.34,11.34,11.34,100,0
2017-02-02,18:45:00,11.24,11.25,11.23,11.25,3985,0
2017-02-02,19:05:00,11.26,11.26,11.26,11.26,300,0
2017-02-02,19:25:00,11.26,11.26,11.26,11.26,3100,0
2017-02-02,19:30:00,11.21,11.21,11.21,11.21,2000,0
2017-02-02,19:35:00,11.2,11.2,11.2,11.2,4000,0
2017-02-02,19:55:00,11.25,11.25,11.25,11.25,2000,0
2017-02-02,20:15:00,11.16,11.16,11.16,11.16,1000,0
2017-02-02,20:50:00,11.01,11.01,11.01,11.01,100,0
2017-02-02,21:10:00,11.09,11.09,11.09,11.09,100000,0
2017-02-02,21:45:00,11.1275,11.1275,11.1275,11.1275,700,0
2017-02-02,22:00:00,11.099,11.099,11.02,11.02,600,0
2017-02-03,15:35:00,11.43,11.6,11.43,11.6,3082,0
2017-02-03,15:45:00,11.65,11.66,11.65,11.66,1100,0
2017-02-03,15:55:00,11.2879,11.2879,11.2879,11.2879,100,0
2017-02-03,16:00:00,11.63,11.66,11.63,11.66,4600,0
2017-02-03,16:55:00,11.98,12,11.98,12,1900,0
2017-02-03,17:00:00,11.8713,11.93,11.8713,11.93,400,0
2017-02-03,17:15:00,12,12,12,12,1657,0
2017-02-03,17:20:00,12.12,12.13,12.12,12.13,4000,0
2017-02-03,17:25:00,12.04,12.04,12,12,1527,0
2017-02-03,17:45:00,12.12,12.12,12.12,12.12,2000,0
2017-02-03,18:05:00,12.16,12.16,12.16,12.16,2000,0
2017-02-03,18:10:00,12.2,12.2,12.2,12.2,600,0
2017-02-03,18:40:00,12.01,12.01,12,12,25000,0
2017-02-03,19:20:00,12.25,12.25,12.25,12.25,100,0
2017-02-03,19:25:00,12.25,12.26,12.25,12.26,6200,0
2017-02-03,20:10:00,12.26,12.3,12.26,12.27,7600,0
2017-02-03,20:25:00,12.2258,12.2258,12.2258,12.2258,1000,0
2017-02-03,20:40:00,12.2616,12.2799,12.2616,12.2799,568,0
2017-02-03,21:05:00,12.2001,12.2001,12.2001,12.2001,800,0
2017-02-03,21:10:00,12.25,12.27,12.25,12.27,700,0
2017-02-03,21:30:00,12.23,12.23,12.23,12.23,1100,0
2017-02-03,21:55:00,12.2599,12.2599,12.2599,12.2599,349,0
2017-02-03,22:00:00,12.26,12.27,12.26,12.27,300,0
2017-02-06,15:35:00,12.02,12.02,11.74,11.74,650,0
2017-02-06,15:40:00,11.8,11.8,11.8,11.8,100,0
2017-02-06,16:10:00,12.33,12.33,12.33,12.33,200,0
2017-02-06,16:15:00,12.26,12.26,12.26,12.26,100,0
2017-02-06,16:35:00,12.26,12.26,12.25,12.25,200,0
2017-02-06,19:40:00,12,12,12,12,3500,0
2017-02-06,21:50:00,11.94,11.9507,11.93,11.9507,700,0
2017-02-06,21:55:00,11.95,11.97,11.95,11.96,3897,0
2017-02-06,22:00:00,11.98,11.98,11.87,11.87,1573,0
2017-02-07,16:35:00,12.05,12.05,12.05,12.05,1100,0
2017-02-07,16:55:00,12,12,12,12,5000,0
2017-02-07,17:40:00,12,12,12,12,5000,0
2017-02-07,19:35:00,11.8,11.8,11.8,11.8,500,0
2017-02-07,22:00:00,11.82,11.85,11.71,11.71,1389,0
2017-02-08,15:35:00,11.16,11.16,11.16,11.16,199,0
2017-02-08,15:40:00,11.33,11.33,11.33,11.33,100,0
2017-02-08,17:40:00,11.2221,11.2221,11.2221,11.2221,284,0
2017-02-08,17:50:00,11.215,11.215,11.215,11.215,100,0
2017-02-08,17:55:00,11.15,11.15,11.15,11.15,199,0
2017-02-08,20:00:00,11.42,11.42,11.42,11.42,200,0
2017-02-08,22:00:00,11.42,11.43,11.42,11.43,300,0
2017-02-09,18:15:00,12.05,12.05,12.05,12.05,400,0
2017-02-09,19:20:00,12,12.0004,12,12.0004,2400,0
2017-02-09,19:55:00,12,12.1,12,12.1,4068,0
2017-02-09,20:30:00,12,12.0007,12,12,2300,0
2017-02-09,20:35:00,12,12,12,12,4300,0
2017-02-09,21:05:00,12.09,12.1,12.085,12.09,2376,0
2017-02-09,21:25:00,12.1,12.1,12.1,12.1,1200,0
2017-02-09,21:50:00,12.1,12.1,12.1,12.1,6548,0
2017-02-09,21:55:00,12.12,12.16,12.12,12.16,1700,0
2017-02-09,22:00:00,12.15,12.21,12.15,12.21,1500,0
2017-02-10,16:00:00,12.07,12.1,12.07,12.1,1200,0
2017-02-10,16:40:00,12.1,12.1,12.1,12.1,2900,0
2017-02-10,16:50:00,12.24,12.31,12.24,12.31,6400,0
2017-02-10,17:00:00,12.19,12.2,12.19,12.2,6300,0
2017-02-10,18:20:00,12.25,12.25,12.25,12.25,100,0
2017-02-10,18:35:00,12.2,12.2,12.2,12.2,100,0
2017-02-10,19:20:00,12.32,12.33,12.32,12.33,2700,0
2017-02-10,19:35:00,12.33,12.33,12.33,12.33,400,0
2017-02-10,20:05:00,12.25,12.34,12.25,12.31,2800,0
2017-02-10,20:10:00,12.35,12.38,12.35,12.38,1100,0
2017-02-10,21:15:00,12.38,12.5,12.38,12.5,8000,0
2017-02-10,21:20:00,12.5,12.5,12.5,12.5,200,0
2017-02-10,21:30:00,12.5,12.5,12.5,12.5,5000,0
2017-02-10,21:40:00,12.5,12.5,12.5,12.5,3700,0
2017-02-10,22:00:00,12.49,12.5,12.49,12.5,518,0
2017-02-13,15:35:00,11.56,12.69,11.56,12.69,6084,0
2017-02-13,15:40:00,12.72,12.72,12.72,12.72,4742,0
2017-02-13,15:50:00,12.94,12.98,12.89,12.98,2867,0
2017-02-13,16:00:00,12.865,12.865,12.865,12.865,100,0
2017-02-13,16:05:00,12.98,13.07,12.79,13.05,1400,0
2017-02-13,16:10:00,13.03,13.05,13.03,13.05,800,0
2017-02-13,16:15:00,13.05,13.19,13,13.12,1300,0
2017-02-13,16:45:00,12.98,13.1,12.9607,13.0807,800,0
2017-02-13,16:50:00,13.08,13.08,13.08,13.08,300,0
2017-02-13,17:30:00,13.09,13.09,13.09,13.09,100,0
2017-02-13,17:45:00,13.05,13.07,13.05,13.07,300,0
2017-02-13,18:20:00,12.98,12.98,12.98,12.98,100,0
2017-02-13,18:45:00,12.91,12.91,12.91,12.91,100,0
2017-02-13,19:05:00,12.95,13.05,12.95,13.05,4110,0
2017-02-13,19:20:00,13,13.14,13,13.1,8200,0
2017-02-13,19:25:00,13.14,13.14,13.14,13.14,3400,0
2017-02-13,19:45:00,13.22,13.22,13.22,13.22,100,0
2017-02-13,20:25:00,13.05,13.06,13.05,13.05,300,0
2017-02-13,20:55:00,12.95,13.02,12.95,13.02,700,0
2017-02-13,21:05:00,12.88,12.9307,12.88,12.9307,200,0
2017-02-13,21:45:00,12.76,12.76,12.76,12.76,1700,0
2017-02-14,17:00:00,13.2,13.2,13.19,13.19,5400,0
2017-02-14,17:15:00,13.24,13.25,13.24,13.25,10500,0
2017-02-14,17:55:00,13.25,13.2501,13.25,13.25,4200,0
2017-02-14,18:40:00,13.3,13.35,13.3,13.35,1298,0
2017-02-14,18:45:00,13.4,13.4,13.4,13.4,1100,0
2017-02-14,19:15:00,13.6,13.6,13.6,13.6,500,0
2017-02-14,19:35:00,13.4,13.4,13.4,13.4,7800,0
2017-02-14,19:40:00,13.31,13.31,13.31,13.31,17200,0
2017-02-14,19:45:00,13.31,13.31,13.31,13.31,25000,0
2017-02-14,20:10:00,13.59,13.6,13.59,13.6,300,0
2017-02-14,20:30:00,13.6,13.6,13.6,13.6,900,0
2017-02-14,21:00:00,13.5,13.6,13.5,13.6,8200,0
2017-02-14,21:10:00,13.6,13.6,13.6,13.6,1300,0
2017-02-14,21:15:00,13.6,13.65,13.6,13.65,300,0
2017-02-14,21:35:00,13.6218,13.6218,13.6218,13.6218,100,0
2017-02-14,21:40:00,13.6,13.7,13.6,13.7,7600,0
2017-02-14,21:55:00,13.6662,13.6662,13.6662,13.6662,100,0
2017-02-14,22:00:00,13.67,13.67,13.64,13.67,500,0
2017-02-15,15:35:00,13.4,13.9,13.4,13.8863,3215,0
2017-02-15,15:45:00,13.78,13.78,13.78,13.78,300,0
2017-02-15,15:50:00,13.67,13.67,13.62,13.62,4800,0
2017-02-15,16:35:00,13.84,13.85,13.84,13.85,3400,0
2017-02-15,16:40:00,13.85,13.87,13.85,13.87,2200,0
2017-02-15,17:25:00,13.85,13.9,13.85,13.88,5700,0
2017-02-15,17:40:00,13.88,13.88,13.86,13.862,5325,0
2017-02-15,17:45:00,13.8,13.8,13.8,13.8,3000,0
2017-02-15,17:50:00,13.76,13.77,13.76,13.77,2400,0
2017-02-15,17:55:00,13.77,13.83,13.77,13.83,8200,0
2017-02-15,18:15:00,13.78,13.82,13.78,13.82,9000,0
2017-02-15,18:25:00,13.79,13.8,13.79,13.8,6000,0
2017-02-15,18:35:00,13.78,13.78,13.78,13.78,3000,0
2017-02-15,18:40:00,13.78,13.83,13.78,13.79,7200,0
2017-02-15,19:10:00,13.8,13.8,13.8,13.8,100,0
2017-02-15,20:30:00,13.85,13.85,13.85,13.85,5000,0
2017-02-15,20:45:00,13.8,13.8,13.74,13.79,4000,0
2017-02-15,20:50:00,13.85,13.85,13.85,13.85,331,0
2017-02-15,20:55:00,13.85,13.85,13.85,13.85,4669,0
2017-02-15,21:15:00,13.8703,13.93,13.8703,13.93,2925,0
2017-02-15,21:25:00,13.93,13.93,13.93,13.93,800,0
2017-02-15,21:35:00,13.85,13.85,13.85,13.85,5100,0
2017-02-15,21:40:00,13.85,13.85,13.85,13.85,10000,0
2017-02-15,21:45:00,13.85,13.85,13.85,13.85,6300,0
2017-02-15,21:50:00,13.81,13.81,13.81,13.81,45100,0
2017-02-15,21:55:00,13.81,13.81,13.81,13.81,20000,0
2017-02-15,22:00:00,13.79,13.8,13.78,13.79,23400,0
2017-02-16,15:45:00,13.82,13.82,13.82,13.82,345,0
2017-02-16,15:55:00,13.6,13.6,13.6,13.6,200,0
2017-02-16,16:05:00,13.62,13.62,13.37,13.37,600,0
2017-02-16,16:10:00,13.55,13.55,13.55,13.55,1700,0
2017-02-16,16:20:00,13.282,13.282,13.282,13.282,100,0
2017-02-16,16:40:00,13.55,13.6,13.55,13.6,400,0
2017-02-16,16:50:00,13.55,13.55,13.48,13.48,400,0
2017-02-16,16:55:00,13.46,13.46,13.45,13.45,5078,0
2017-02-16,18:15:00,13.28,13.28,13.28,13.28,300,0
2017-02-16,20:00:00,13.28,13.28,13.28,13.28,300,0
2017-02-16,20:05:00,13.25,13.25,13.22,13.22,500,0
2017-02-16,20:15:00,13.17,13.17,13.16,13.16,5600,0
2017-02-16,20:30:00,13.06,13.135,13.05,13.0631,1400,0
2017-02-16,21:25:00,13.38,13.42,13.38,13.42,2600,0
2017-02-16,22:00:00,13.42,13.52,13.42,13.52,600,0
2017-02-17,15:40:00,13.01,13.01,12.91,12.98,1166,0
2017-02-17,15:45:00,12.98,12.98,12.98,12.98,100,0
2017-02-17,15:50:00,13.01,13.05,13.01,13.05,200,0
2017-02-17,18:30:00,13.18,13.2196,13.18,13.2196,200,0
2017-02-17,22:00:00,13.37,13.37,13.37,13.37,100,0
2017-02-21,17:30:00,13.35,13.35,13.34,13.34,200,0
2017-02-21,19:00:00,13.28,13.28,13.28,13.28,100,0
2017-02-21,20:00:00,13.19,13.19,13.19,13.19,100,0
2017-02-21,22:00:00,13.33,13.35,13.33,13.35,300,0
2017-02-22,15:35:00,13.14,13.14,13.14,13.14,100,0
2017-02-22,15:45:00,13.29,13.3,13.29,13.3,3200,0
2017-02-22,15:50:00,13.3,13.35,13.3,13.35,5100,0
2017-02-22,16:25:00,13.27,13.27,13.27,13.27,100,0
2017-02-22,17:15:00,13.27,13.27,13.27,13.27,2000,0
2017-02-22,19:30:00,13.33,13.33,13.32,13.32,400,0
2017-02-22,20:55:00,13.48,13.48,13.48,13.48,100,0
2017-02-23,19:25:00,13.27,13.3,13.27,13.3,4900,0
2017-02-23,22:00:00,13.46,13.47,13.46,13.47,200,0
2017-02-27,15:35:00,12.23,12.23,12.23,12.23,400,0
2017-02-27,17:20:00,13.65,13.66,13.65,13.66,1700,0
2017-02-27,18:55:00,13.69,13.69,13.69,13.69,2000,0
2017-02-27,19:20:00,13.66,13.66,13.66,13.66,100,0
2017-02-27,19:40:00,13.82,13.83,13.82,13.83,800,0
2017-02-27,19:50:00,13.7115,13.7115,13.7115,13.7115,1000,0
2017-02-27,20:45:00,13.78,13.78,13.74,13.74,200,0
2017-02-27,20:55:00,13.75,13.76,13.75,13.76,1900,0
2017-02-27,21:05:00,13.6235,13.77,13.47,13.49,7555,0
2017-02-27,21:40:00,13.78,13.79,13.78,13.79,300,0
2017-02-27,21:45:00,13.75,13.77,13.75,13.77,400,0
2017-02-27,21:50:00,13.75,13.75,13.75,13.75,200,0
2017-02-27,21:55:00,13.75,13.75,13.7,13.7,600,0
2017-02-27,22:00:00,13.7,13.7,13.69,13.7,1000,0
2017-02-28,17:30:00,13.4982,13.4982,13.4982,13.4982,100,0
2017-02-28,17:35:00,13.52,13.52,13.52,13.52,100,0
2017-02-28,18:10:00,13.55,13.55,13.55,13.55,950,0
2017-02-28,19:40:00,13.55,13.55,13.55,13.55,3400,0
2017-03-01,15:35:00,14.41,14.41,14.36,14.36,3500,0
2017-03-01,15:40:00,14.5,14.77,14.5,14.77,1600,0
2017-03-01,15:50:00,14.7,14.7,14.7,14.7,5000,0
2017-03-01,15:55:00,14.6264,14.6264,14.6264,14.6264,600,0
2017-03-01,16:10:00,14.65,14.7,14.65,14.68,6800,0
2017-03-01,16:25:00,14.88,15.03,14.88,14.9675,9000,0
2017-03-01,17:20:00,14.6,14.76,14.6,14.76,200,0
2017-03-01,17:50:00,14.75,14.75,14.7281,14.7281,270,0
2017-03-01,18:05:00,14.674,14.674,14.674,14.674,1000,0
2017-03-01,18:30:00,14.691,14.691,14.691,14.691,100,0
2017-03-01,18:35:00,14.65,14.79,14.54,14.7,39844,0
2017-03-01,18:55:00,14.6207,14.6207,14.6207,14.6207,500,0
2017-03-01,19:05:00,14.71,14.82,14.71,14.82,500,0
2017-03-01,19:35:00,14.7,14.7,14.7,14.7,100,0
2017-03-01,19:40:00,14.6,14.75,14.6,14.75,722,0
2017-03-01,20:25:00,14.801,14.801,14.801,14.801,200,0
2017-03-01,21:25:00,14.85,14.85,14.85,14.85,800,0
2017-03-01,21:30:00,14.85,14.92,14.85,14.92,1400,0
2017-03-01,21:55:00,14.71,14.71,14.7,14.7,3600,0
2017-03-01,22:00:00,14.6,14.6,14.6,14.6,300,0
2017-03-02,16:50:00,14.1,14.1,14.1,14.1,4682,0
2017-03-02,17:00:00,14.23,14.23,14.23,14.23,200,0
2017-03-02,17:30:00,14,14,13.75,13.9586,3520,0
2017-03-02,17:50:00,13.86,13.86,13.86,13.86,100,0
2017-03-02,18:00:00,13.76,13.77,13.76,13.765,600,0
2017-03-02,18:05:00,13.86,13.86,13.86,13.86,200,0
2017-03-02,19:55:00,13.88,13.88,13.88,13.88,939,0
2017-03-02,20:45:00,13.76,13.76,13.76,13.76,100,0
2017-03-02,21:00:00,13.78,13.79,13.78,13.78,650,0
2017-03-02,21:30:00,13.64,13.74,13.64,13.74,600,0
2017-03-02,21:45:00,13.7,13.7,13.68,13.68,200,0
2017-03-02,21:55:00,13.68,13.68,13.68,13.68,800,0
2017-03-02,22:00:00,13.6,13.6,13.6,13.6,200,0
2017-03-03,18:05:00,13.5201,13.5201,13.5201,13.5201,2100,0
2017-03-03,18:20:00,13.7287,13.7287,13.7287,13.7287,500,0
2017-03-03,19:00:00,13.7458,13.8,13.7399,13.7399,1000,0
2017-03-03,20:40:00,13.8203,13.8203,13.8203,13.8203,100,0
2017-03-03,20:50:00,13.75,13.75,13.75,13.75,100,0
2017-03-03,21:30:00,13.86,13.86,13.8393,13.8393,362,0
2017-03-03,21:40:00,13.86,13.86,13.86,13.86,200,0
2017-03-03,22:00:00,13.715,13.715,13.715,13.715,100,0
2017-03-06,17:25:00,13.43,13.4497,13.2299,13.2299,3123,0
2017-03-06,22:00:00,13.68,13.68,13.68,13.68,100,0
2017-03-07,15:35:00,15.03,15.03,15.03,15.03,100,0
2017-03-07,18:05:00,13.91,13.91,13.8,13.8,300,0
2017-03-07,18:15:00,13.8,13.8,13.8,13.8,1000,0
2017-03-07,18:45:00,13.82,13.82,13.82,13.82,200,0
2017-03-07,19:25:00,13.94,13.96,13.94,13.96,900,0
2017-03-07,20:35:00,13.98,13.98,13.98,13.98,2000,0
2017-03-07,20:40:00,13.99,13.99,13.99,13.99,2000,0
2017-03-07,20:45:00,14.01,14.01,14.01,14.01,1000,0
2017-03-07,21:00:00,13.97,13.97,13.97,13.97,100,0
2017-03-07,21:05:00,14.0119,14.0119,14.0119,14.0119,300,0
2017-03-07,21:30:00,13.95,13.95,13.95,13.95,1411,0
2017-03-07,21:35:00,13.95,13.9505,13.95,13.95,1000,0
2017-03-07,21:45:00,13.8,13.8,13.8,13.8,1911,0
2017-03-08,15:50:00,14.61,14.66,14.61,14.63,2200,0
2017-03-08,15:55:00,14.34,14.342,14.3201,14.33,960,0
2017-03-08,16:15:00,14.16,14.16,14.16,14.16,200,0
2017-03-08,18:15:00,14.1,14.1,14.1,14.1,1000,0
2017-03-08,18:30:00,14.24,14.25,14.24,14.25,5400,0
2017-03-08,19:10:00,14.2,14.21,14.2,14.21,1300,0
2017-03-08,21:10:00,14,14,14,14,3000,0
2017-03-08,21:35:00,13.89,13.89,13.89,13.89,100,0
2017-03-08,21:40:00,13.9194,13.9194,13.9194,13.9194,360,0
2017-03-08,21:45:00,13.86,13.86,13.86,13.86,1000,0
2017-03-08,21:55:00,13.83,13.83,13.66,13.66,1456,0
2017-03-08,22:00:00,13.61,13.61,13.61,13.61,100,0
2017-03-09,15:50:00,13.95,13.95,13.95,13.95,4994,0
2017-03-09,16:35:00,14.08,14.08,14.07,14.08,1000,0
2017-03-09,16:40:00,14.1,14.11,14.06,14.06,2900,0
2017-03-09,16:45:00,14.01,14.01,14.01,14.01,911,0
2017-03-09,16:50:00,13.97,13.98,13.97,13.98,800,0
2017-03-09,16:55:00,14.01,14.01,14.01,14.01,788,0
2017-03-09,17:00:00,13.99,13.99,13.99,13.99,400,0
2017-03-09,17:40:00,14,14,14,14,6000,0
2017-03-09,18:25:00,14.03,14.03,14.02,14.02,6000,0
2017-03-09,18:30:00,13.98,13.98,13.98,13.98,1000,0
2017-03-09,18:35:00,13.95,13.97,13.95,13.97,2779,0
2017-03-09,21:25:00,13.66,13.6675,13.65,13.6675,2500,0
2017-03-09,22:00:00,13.635,13.64,13.635,13.64,200,0
2017-03-10,15:35:00,13.63,13.64,13.54,13.64,47261,0
2017-03-10,15:55:00,13.66,13.66,13.66,13.66,100,0
2017-03-10,16:50:00,13.75,13.75,13.75,13.75,1000,0
2017-03-10,17:10:00,13.44,13.44,13.44,13.44,100,0
2017-03-10,17:20:00,13.25,13.25,13.25,13.25,4000,0
2017-03-10,19:35:00,13.03,13.03,13.03,13.03,100,0
2017-03-10,21:00:00,13.2419,13.2419,13.2419,13.2419,1600,0
2017-03-10,22:00:00,13.37,13.37,13.36,13.36,200,0
2017-03-14,15:35:00,12.57,12.58,12.56,12.58,300,0
2017-03-14,15:45:00,12.56,12.56,12.56,12.56,400,0
2017-03-14,16:50:00,12.894,12.894,12.894,12.894,1000,0
2017-03-14,17:40:00,12.83,12.83,12.83,12.83,1000,0
2017-03-14,18:00:00,12.87,12.91,12.87,12.9,5078,0
2017-03-14,18:35:00,13.055,13.055,13.055,13.055,1000,0
2017-03-14,20:40:00,13.12,13.12,13.12,13.12,2000,0
2017-03-15,15:00:00,13.32,13.32,13.23,13.23,300,0
2017-03-15,19:10:00,13.23,13.23,13.23,13.23,100,0
2017-03-15,20:05:00,12.89,12.89,12.89,12.89,100,0
2017-03-16,15:05:00,13.06,13.06,13.06,13.06,100,0
2017-03-16,15:20:00,13.2,13.2,13.2,13.2,100,0
2017-03-16,16:20:00,13.03,13.03,13.03,13.03,100,0
2017-03-16,21:00:00,12.92,12.93,12.92,12.93,200,0
2017-03-17,15:40:00,12.76,12.8,12.76,12.8,4978,0
2017-03-17,16:15:00,12.57,12.57,12.57,12.57,100,0
2017-03-17,17:25:00,12.63,12.6489,12.61,12.6289,600,0
2017-03-17,18:35:00,12.75,12.75,12.75,12.75,200,0
2017-03-17,19:30:00,12.73,12.74,12.73,12.74,300,0
2017-03-17,21:00:00,12.5,12.5,12.5,12.5,100,0
2017-03-20,19:05:00,12.3773,12.3773,12.3773,12.3773,1000,0
2017-03-20,19:20:00,12.37,12.3825,12.36,12.37,2000,0
2017-03-20,19:45:00,12.402,12.402,12.402,12.402,1000,0
2017-03-20,20:10:00,12.346,12.346,12.28,12.28,3000,0
2017-03-20,20:35:00,12.37,12.37,12.35,12.37,5700,0
2017-03-20,20:55:00,12.3,12.3,12.3,12.3,1200,0
2017-03-21,14:45:00,12.16,12.16,12,12,200,0
2017-03-21,15:00:00,11.938,11.938,11.938,11.938,200,0
2017-03-21,15:05:00,11.85,11.85,11.85,11.85,100,0
2017-03-21,15:10:00,11.8145,11.8145,11.74,11.7518,1600,0
2017-03-21,15:15:00,11.8899,11.8899,11.7799,11.7799,660,0
2017-03-21,15:30:00,11.64,11.64,11.64,11.64,100,0
2017-03-21,15:35:00,11.52,11.52,11.5,11.5,200,0
2017-03-21,15:40:00,11.55,11.55,11.55,11.55,100,0
2017-03-21,16:10:00,11.18,11.18,11.03,11.06,500,0
2017-03-21,16:15:00,11.05,11.06,10.97,10.98,6911,0
2017-03-21,16:20:00,10.86,10.86,10.45,10.45,5559,0
2017-03-21,16:25:00,10.46,10.72,10.37,10.53,12038,0
2017-03-21,16:40:00,10.47,10.47,10.47,10.47,100,0
2017-03-21,16:55:00,10.67,10.7,10.65,10.68,17102,0
2017-03-21,17:00:00,10.82,10.83,10.78,10.79,3300,0
2017-03-21,17:15:00,10.85,10.86,10.82,10.82,3333,0
2017-03-21,17:20:00,10.7,10.7,10.7,10.7,100,0
2017-03-21,17:50:00,10.51,10.51,10.49,10.4987,2000,0
2017-03-21,17:55:00,10.58,10.62,10.58,10.62,4100,0
2017-03-21,18:15:00,10.5203,10.5203,10.5,10.5,721,0
2017-03-21,18:20:00,10.42,10.42,10.42,10.42,100,0
2017-03-21,18:25:00,10.4,10.4,10.4,10.4,2623,0
2017-03-21,18:45:00,10.4,10.4,10.4,10.4,100,0
2017-03-21,18:50:00,10.33,10.34,10.33,10.34,3100,0
2017-03-21,18:55:00,10.32,10.32,10.32,10.32,3300,0
2017-03-21,19:10:00,10.34,10.34,10.34,10.34,100,0
2017-03-21,19:15:00,10.4,10.4,10.4,10.4,200,0
2017-03-21,19:20:00,10.44,10.51,10.4344,10.49,3246,0
2017-03-21,19:25:00,10.48,10.48,10.48,10.48,600,0
2017-03-21,19:40:00,10.5,10.5,10.5,10.5,1501,0
2017-03-21,20:05:00,10.42,10.42,10.42,10.42,100,0
2017-03-21,20:30:00,10.42,10.42,10.42,10.42,100,0
2017-03-21,20:45:00,10.4,10.5,10.4,10.5,15040,0
2017-03-21,20:55:00,10.4,10.4,10.4,10.4,200,0
2017-03-21,21:00:00,10.4,10.42,10.4,10.42,800,0
2017-03-22,14:35:00,9.73,9.73,9.73,9.73,100,0
2017-03-22,14:55:00,10.16,10.24,9.97,9.97,2044,0
2017-03-22,15:00:00,9.93,9.93,9.87,9.87,300,0
2017-03-22,15:45:00,10.351,10.3725,10.351,10.3725,2000,0
2017-03-22,15:50:00,10.4999,10.4999,10.4999,10.4999,250,0
2017-03-22,16:55:00,10.25,10.25,10.24,10.24,200,0
2017-03-22,17:00:00,10.37,10.49,10.3545,10.37,2046,0
2017-03-22,17:05:00,10.25,10.25,10.25,10.25,100,0
2017-03-22,17:15:00,10.2,10.2,10.2,10.2,100,0
2017-03-22,17:25:00,10.09,10.09,10.09,10.09,300,0
2017-03-22,17:45:00,10.025,10.03,10,10,2889,0
2017-03-22,18:10:00,9.97,9.97,9.97,9.97,100,0
2017-03-22,18:25:00,10.1226,10.1226,10.1226,10.1226,500,0
2017-03-22,18:30:00,10.11,10.11,10.11,10.11,500,0
2017-03-22,18:50:00,10.12,10.12,10.12,10.12,100,0
2017-03-22,20:35:00,10.32,10.34,10.3046,10.3246,600,0
2017-03-22,20:40:00,10.3,10.3,10.3,10.3,2600,0
2017-03-22,21:00:00,10.29,10.29,10.26,10.26,200,0
2017-03-23,14:35:00,9.29,10.23,9.29,9.98,1623,0
2017-03-23,14:40:00,10.21,10.36,10.2,10.3,3467,0
2017-03-23,14:45:00,10.37,10.48,10.3,10.47,5077,0
2017-03-23,14:50:00,10.42,10.42,10.35,10.35,2233,0
2017-03-23,14:55:00,10.4,10.4,10.4,10.4,300,0
2017-03-23,15:00:00,10.46,10.5,10.455,10.5,500,0
2017-03-23,15:20:00,10.55,10.55,10.5,10.5,589,0
2017-03-23,15:50:00,10.83,10.83,10.8011,10.8011,1200,0
2017-03-23,16:40:00,10.82,10.82,10.81,10.81,600,0
2017-03-23,17:05:00,10.57,10.57,10.57,10.57,100,0
2017-03-23,18:05:00,10.6,10.6,10.6,10.6,200,0
2017-03-23,18:15:00,10.5,10.5,10.5,10.5,200,0
2017-03-23,18:20:00,10.51,10.52,10.49,10.52,2600,0
2017-03-23,18:30:00,10.47,10.47,10.43,10.43,200,0
2017-03-23,18:45:00,10.46,10.46,10.46,10.46,100,0
2017-03-23,18:50:00,10.48,10.48,10.48,10.48,100,0
2017-03-23,19:10:00,10.44,10.44,10.44,10.44,100,0
2017-03-23,20:30:00,10.41,10.41,10.38,10.38,2100,0
2017-03-23,20:35:00,10.31,10.31,10.28,10.28,4744,0
2017-03-23,20:40:00,10.3,10.31,10.3,10.3,1500,0
2017-03-24,15:35:00,10.6032,10.6032,10.6032,10.6032,2500,0
2017-03-24,16:20:00,10.57,10.57,10.57,10.57,100,0
2017-03-24,16:55:00,10.6,10.6,10.6,10.6,200,0
2017-03-24,17:00:00,10.54,10.54,10.54,10.54,100,0
2017-03-24,17:15:00,10.41,10.41,10.41,10.41,100,0
2017-03-24,17:20:00,10.4,10.4,10.4,10.4,500,0
2017-03-24,17:25:00,10.33,10.36,10.31,10.36,1800,0
2017-03-24,17:30:00,10.35,10.44,10.35,10.41,1066,0
2017-03-24,18:00:00,10.42,10.42,10.39,10.39,400,0
2017-03-24,18:15:00,10.39,10.3901,10.39,10.3901,1000,0
2017-03-24,18:40:00,10.4,10.4,10.4,10.4,500,0
2017-03-24,18:50:00,10.39,10.39,10.39,10.39,422,0
2017-03-24,18:55:00,10.35,10.35,10.35,10.35,100,0
2017-03-24,19:00:00,10.31,10.31,10.23,10.27,4288,0
2017-03-24,19:05:00,10.31,10.31,10.31,10.31,1723,0
2017-03-24,19:10:00,10.31,10.32,10.3,10.3,2722,0
2017-03-24,19:15:00,10.3,10.3,10.3,10.3,900,0
2017-03-24,19:20:00,10.31,10.31,10.3,10.3,1410,0
2017-03-24,19:30:00,10.31,10.31,10.3,10.3,1722,0
2017-03-24,19:35:00,10.35,10.35,10.35,10.35,900,0
2017-03-24,19:45:00,10.31,10.31,10.3,10.3,800,0
2017-03-24,19:50:00,10.3,10.3,10.3,10.3,300,0
2017-03-24,20:15:00,10.16,10.16,10.13,10.13,200,0
2017-03-24,20:45:00,10.48,10.48,10.48,10.48,100,0
2017-03-27,15:35:00,9.59,9.59,9.06,9.22,10578,0
2017-03-27,15:40:00,9.22,9.24,9.1,9.1,7145,0
2017-03-27,15:45:00,9.32,9.44,9.2801,9.426,3000,0
2017-03-27,15:50:00,9.35,9.5238,9.3,9.5238,5800,0
2017-03-27,15:55:00,9.6,9.6,9.6,9.6,222,0
2017-03-27,16:20:00,9.63,9.63,9.63,9.63,800,0
2017-03-27,16:30:00,9.72,9.72,9.72,9.72,1644,0
2017-03-27,18:05:00,9.85,9.96,9.85,9.96,7065,0
2017-03-27,18:30:00,10.04,10.07,10.04,10.07,5900,0
2017-03-27,18:40:00,10.06,10.1,10.06,10.1,6925,0
2017-03-27,18:45:00,10.03,10.07,10.03,10.07,6385,0
2017-03-27,18:50:00,10.07,10.07,10.06,10.06,1100,0
2017-03-27,19:05:00,10.05,10.05,10.05,10.05,100,0
2017-03-27,19:40:00,10.3672,10.3672,10.3672,10.3672,100000,0
2017-03-27,20:10:00,10.18,10.18,10.18,10.18,100,0
2017-03-27,20:20:00,10.08,10.08,10.08,10.08,200,0
2017-03-27,21:15:00,10.25,10.25,10.25,10.25,100,0
2017-03-28,15:35:00,10.41,10.41,10.38,10.39,900,0
2017-03-28,16:05:00,10.32,10.32,10.32,10.32,100,0
2017-03-28,16:15:00,10.5,10.5,10.5,10.5,200,0
2017-03-28,18:05:00,10.52,10.52,10.51,10.51,967,0
2017-03-28,19:55:00,10.8462,10.8462,10.8462,10.8462,292444,0
2017-03-28,21:35:00,10.86,10.86,10.85,10.85,1000,0
2017-03-28,22:00:00,10.7,10.7,10.7,10.7,100,0
2017-03-29,20:20:00,10.76,10.76,10.76,10.76,100,0
2017-03-29,20:40:00,10.75,10.75,10.75,10.75,2500,0
2017-03-29,20:55:00,10.72,10.75,10.72,10.75,484,0
2017-03-29,21:00:00,10.75,10.83,10.75,10.83,2121,0
2017-03-30,16:20:00,11.51,11.53,11.51,11.53,500,0
2017-03-30,16:30:00,11.4,11.4,11.4,11.4,3798,0
2017-03-30,16:35:00,11.51,11.51,11.4928,11.4928,200,0
2017-03-30,16:40:00,11.48,11.48,11.48,11.48,100,0
2017-03-30,16:45:00,11.49,11.69,11.4785,11.58,5100,0
2017-03-30,16:50:00,11.519,11.519,11.519,11.519,168,0
2017-03-30,17:30:00,11.51,11.55,11.5,11.55,2300,0
2017-03-30,17:40:00,11.55,11.55,11.55,11.55,1000,0
2017-03-30,17:50:00,11.59,11.6,11.59,11.6,5181,0
2017-03-30,18:00:00,11.56,11.56,11.56,11.56,100,0
2017-03-30,18:05:00,11.57,11.57,11.57,11.57,1000,0
2017-03-30,18:30:00,11.636,11.636,11.636,11.636,299,0
2017-03-30,18:50:00,11.65,11.65,11.6328,11.6328,400,0
2017-03-30,21:40:00,11.7,11.7174,11.7,11.7174,1200,0
2017-03-30,22:00:00,11.69,11.69,11.69,11.69,400,0
2017-03-31,18:35:00,11.4078,11.4078,11.4078,11.4078,100,0
2017-03-31,19:30:00,11.53,11.53,11.53,11.53,100,0
2017-03-31,22:00:00,11.51,11.51,11.51,11.51,100,0
2017-04-03,15:45:00,11.36,11.36,11.14,11.14,5066,0
2017-04-03,15:50:00,11.25,11.25,11.25,11.25,100,0
2017-04-03,16:00:00,11.1835,11.1835,11.03,11.1476,3300,0
2017-04-03,17:50:00,10.68,10.72,10.67,10.72,2000,0
2017-04-03,17:55:00,10.68,10.6907,10.54,10.555,9940,0
2017-04-03,18:20:00,10.82,10.82,10.82,10.82,300,0
2017-04-03,18:45:00,11.03,11.03,11.03,11.03,400,0
2017-04-03,19:05:00,11.06,11.06,11.06,11.06,200,0
2017-04-03,19:10:00,11.09,11.09,11.09,11.09,100,0
2017-04-03,19:15:00,11.14,11.15,11.14,11.15,300,0
2017-04-03,19:55:00,11.17,11.18,11.17,11.18,1000,0
2017-04-03,22:00:00,11.09,11.09,11.09,11.09,233,0
2017-04-04,18:00:00,11.07,11.0966,11.02,11.055,6100,0
2017-04-04,18:35:00,11.03,11.03,11,11,4000,0
2017-04-04,18:40:00,11.01,11.01,11,11,3763,0
2017-04-04,19:20:00,10.99,10.99,10.99,10.99,100,0
2017-04-04,19:25:00,11,11,11,11,3933,0
2017-04-04,19:40:00,10.98,10.98,10.98,10.98,100,0
2017-04-04,19:45:00,10.99,10.99,10.99,10.99,100,0
2017-04-04,20:05:00,10.99,10.99,10.99,10.99,100,0
2017-04-04,20:10:00,11,11.1,11,11.1,11109,0
2017-04-05,16:05:00,11.72,11.72,11.72,11.72,100,0
2017-04-05,21:05:00,11,11,11,11,500,0
2017-04-05,21:25:00,10.8,10.8,10.8,10.8,300,0
2017-04-05,22:00:00,10.71,10.71,10.71,10.71,100,0
2017-04-06,16:30:00,10.77,10.8,10.5877,10.79,2118,0
2017-04-06,16:40:00,10.86,10.86,10.86,10.86,1000,0
2017-04-06,17:25:00,10.9,10.9,10.9,10.9,100,0
2017-04-06,18:15:00,10.9,10.9,10.9,10.9,957,0
2017-04-06,18:40:00,10.91,10.91,10.91,10.91,500,0
2017-04-07,16:25:00,10.812,10.812,10.812,10.812,600,0
2017-04-07,20:00:00,11.26,11.26,11.2233,11.2399,1000,0
2017-04-07,21:20:00,10.92,10.92,10.92,10.92,200,0
2017-04-07,21:25:00,10.94,10.94,10.94,10.94,200,0
2017-04-07,22:00:00,10.92,10.92,10.92,10.92,100,0
2017-04-10,16:55:00,10.9174,10.9174,10.9174,10.9174,500,0
2017-04-10,17:10:00,10.94,10.94,10.94,10.94,100,0
2017-04-10,17:35:00,10.92,10.92,10.92,10.92,100,0
2017-04-10,19:55:00,10.72,10.729,10.72,10.729,2500,0
2017-04-10,20:40:00,10.44,10.4409,10.44,10.4409,232,0
2017-04-10,20:55:00,10.699,10.7,10.67,10.699,2458,0
2017-04-11,16:10:00,10.43,10.43,10.43,10.43,800,0
2017-04-11,17:40:00,10.085,10.085,10.085,10.085,100,0
2017-04-11,18:15:00,10.18,10.18,10.18,10.18,500,0
2017-04-11,21:40:00,10.49,10.49,10.49,10.49,100,0
2017-04-11,22:00:00,10.69,10.69,10.69,10.69,200,0
2017-04-12,17:15:00,9.9201,9.9201,9.9201,9.9201,1000,0
2017-04-12,17:45:00,10.1015,10.1015,10.1015,10.1015,200,0
2017-04-12,17:50:00,9.94,9.94,9.9,9.9,10000,0
2017-04-12,19:05:00,10,10,10,10,200,0
2017-04-12,21:50:00,10.15,10.15,10.15,10.15,1000,0
2017-04-13,18:50:00,9.8,9.8,9.8,9.8,1100,0
2017-04-13,19:00:00,9.75,9.8,9.75,9.8,4373,0
2017-04-13,19:05:00,9.8,9.8,9.8,9.8,100,0
2017-04-13,19:10:00,9.75,9.75,9.75,9.75,801,0
2017-04-13,19:20:00,9.75,9.75,9.75,9.75,5088,0
2017-04-13,19:45:00,9.8,9.8,9.8,9.8,100,0
2017-04-13,21:40:00,9.8,9.8,9.8,9.8,100,0
2017-04-13,22:00:00,9.86,9.87,9.86,9.87,200,0
2017-04-17,15:35:00,9.14,9.99,9.14,9.58,5511,0
2017-04-17,15:40:00,9.44,9.69,9.44,9.68,2311,0
2017-04-17,15:45:00,9.71,9.71,9.71,9.71,3338,0
2017-04-17,19:05:00,9.75,9.75,9.75,9.75,200,0
2017-04-17,20:30:00,9.8,9.8,9.7743,9.7743,600,0
2017-04-17,21:20:00,9.9999,9.9999,9.9999,9.9999,150,0
2017-04-17,21:35:00,10,10,10,10,1000,0
2017-04-17,21:50:00,10,10,10,10,2000,0
2017-04-18,15:35:00,9.86,9.86,9.86,9.86,100,0
2017-04-18,15:45:00,9.99,10,9.99,10,200,0
2017-04-18,16:00:00,10.02,10.02,10,10,600,0
2017-04-18,16:05:00,10,10,10,10,466,0
2017-04-18,16:20:00,9.9,9.9,9.89,9.89,766,0
2017-04-18,19:40:00,9.75,9.75,9.75,9.75,2000,0
2017-04-18,20:25:00,9.86,9.86,9.86,9.86,100,0
2017-04-18,21:00:00,9.9,9.9,9.9,9.9,2000,0
2017-04-18,21:05:00,9.9,9.9,9.85,9.85,3972,0
2017-04-18,21:50:00,9.96,9.96,9.96,9.96,100,0
2017-04-18,22:00:00,9.87,9.87,9.87,9.87,100,0
2017-04-20,15:35:00,10.51,10.6,10.51,10.6,300,0
2017-04-20,16:55:00,10.3,10.3,10.3,10.3,2000,0
2017-04-20,20:00:00,10.5,10.5,10.5,10.5,2000,0
2017-04-21,20:25:00,10.55,10.55,10.55,10.55,1000,0
2017-04-24,15:40:00,11.4,11.4,11.4,11.4,400,0
2017-04-24,15:45:00,11.6,11.6,11.5432,11.5432,400,0
2017-04-24,16:55:00,11.35,11.35,11.35,11.35,100,0
2017-04-24,17:05:00,11.35,11.66,11.35,11.66,2982,0
2017-04-24,19:55:00,11.4084,11.4084,11.4084,11.4084,700,0
2017-04-24,21:25:00,11.35,11.35,11.35,11.35,200,0
2017-04-25,15:40:00,10.99,10.99,10.9125,10.9125,200,0
2017-04-25,17:45:00,10.28,10.28,10.27,10.27,1000,0
2017-04-25,18:00:00,10.27,10.27,10.24,10.24,8000,0
2017-04-25,18:05:00,10.25,10.25,10.22,10.22,15493,0
2017-04-25,18:10:00,10.22,10.46,10.22,10.3668,1641,0
2017-04-25,18:20:00,10.49,10.49,10.4745,10.4745,1000,0
2017-04-25,18:45:00,10.3955,10.3955,10.3955,10.3955,500,0
2017-04-25,20:35:00,10.48,10.57,10.48,10.57,5300,0
2017-04-25,20:40:00,10.57,10.57,10.57,10.57,1300,0
2017-04-25,20:50:00,10.53,10.54,10.51,10.51,6100,0
2017-04-25,22:00:00,10.42,10.42,10.4,10.4,5133,0
2017-04-26,17:25:00,10.9074,10.9074,10.9074,10.9074,200,0
2017-04-26,18:50:00,10.89,10.91,10.89,10.91,400,0
2017-04-26,19:10:00,11.0407,11.0407,11.0407,11.0407,500,0
2017-04-26,19:15:00,11.13,11.15,11.119,11.15,800,0
2017-04-26,19:30:00,10.93,10.93,10.93,10.93,100,0
2017-04-26,19:45:00,10.95,10.95,10.95,10.95,3000,0
2017-04-26,21:55:00,10.75,10.75,10.73,10.73,800,0
2017-04-26,22:00:00,10.7,10.7,10.7,10.7,4200,0
