Date,Time,Open,High,Low,Close,Volume,OpenInt
2017-04-07,15:35:00,13.81,13.81,13.75,13.75,1997,0
2017-04-07,15:40:00,13.7799,13.7799,13.63,13.63,4850,0
2017-04-07,15:45:00,13.62,13.62,13.6,13.6086,3510,0
2017-04-07,15:50:00,13.6759,13.7186,13.6759,13.71,800,0
2017-04-07,15:55:00,13.71,13.71,13.63,13.6399,3533,0
2017-04-07,16:00:00,13.642,13.7,13.642,13.7,400,0
2017-04-07,16:05:00,13.66,13.68,13.64,13.67,18631,0
2017-04-07,16:10:00,13.64,13.64,13.61,13.61,1436,0
2017-04-07,16:15:00,13.6237,13.6237,13.55,13.55,480,0
2017-04-07,16:25:00,13.55,13.552,13.55,13.552,380,0
2017-04-07,16:35:00,13.62,13.62,13.62,13.62,788,0
2017-04-07,16:40:00,13.61,13.61,13.602,13.602,330,0
2017-04-07,16:45:00,13.6,13.6,13.6,13.6,100,0
2017-04-07,16:50:00,13.545,13.55,13.545,13.55,700,0
2017-04-07,16:55:00,13.6,13.6267,13.6,13.62,3850,0
2017-04-07,17:00:00,13.64,13.67,13.64,13.641,2078,0
2017-04-07,17:05:00,13.669,13.669,13.669,13.669,368,0
2017-04-07,17:10:00,13.65,13.67,13.65,13.67,6700,0
2017-04-07,17:15:00,13.7,13.7,13.7,13.7,1000,0
2017-04-07,17:20:00,13.67,13.67,13.65,13.67,700,0
2017-04-07,17:25:00,13.63,13.63,13.6,13.6001,6600,0
2017-04-07,17:30:00,13.59,13.59,13.59,13.59,600,0
2017-04-07,17:35:00,13.57,13.57,13.54,13.54,5850,0
2017-04-07,17:40:00,13.54,13.54,13.51,13.51,5952,0
2017-04-07,17:45:00,13.54,13.54,13.534,13.54,4000,0
2017-04-07,17:50:00,13.53,13.53,13.51,13.52,3500,0
2017-04-07,17:55:00,13.49,13.49,13.47,13.47,19811,0
2017-04-07,18:00:00,13.46,13.46,13.43,13.43,1962,0
2017-04-07,18:05:00,13.44,13.44,13.38,13.39,3437,0
2017-04-07,18:10:00,13.4,13.41,13.4,13.41,300,0
2017-04-07,18:15:00,13.39,13.43,13.39,13.43,1540,0
2017-04-07,18:20:00,13.42,13.42,13.41,13.41,1697,0
2017-04-07,18:25:00,13.42,13.42,13.42,13.42,100,0
2017-04-07,18:30:00,13.44,13.48,13.44,13.48,1000,0
2017-04-07,18:35:00,13.44,13.44,13.37,13.38,700,0
2017-04-07,18:40:00,13.42,13.42,13.41,13.41,700,0
2017-04-07,18:45:00,13.43,13.43,13.43,13.43,200,0
2017-04-07,18:55:00,13.41,13.4602,13.41,13.4602,1400,0
2017-04-07,19:00:00,13.46,13.46,13.46,13.46,100,0
2017-04-07,19:05:00,13.58,13.62,13.58,13.62,4200,0
2017-04-07,19:15:00,13.54,13.54,13.54,13.54,100,0
2017-04-07,19:20:00,13.53,13.55,13.52,13.55,3000,0
2017-04-07,19:25:00,13.55,13.58,13.55,13.58,2600,0
2017-04-07,19:30:00,13.64,13.64,13.6,13.62,3100,0
2017-04-07,19:35:00,13.56,13.56,13.56,13.56,100,0
2017-04-07,19:40:00,13.59,13.62,13.59,13.62,2100,0
2017-04-07,19:45:00,13.62,13.63,13.62,13.63,500,0
2017-04-07,19:50:00,13.63,13.63,13.61,13.62,700,0
2017-04-07,19:55:00,13.65,13.65,13.58,13.65,1000,0
2017-04-07,20:00:00,13.72,13.7799,13.72,13.7799,4700,0
2017-04-07,20:05:00,13.7586,13.78,13.74,13.75,5368,0
2017-04-07,20:10:00,13.74,13.74,13.69,13.7,1600,0
2017-04-07,20:15:00,13.71,13.71,13.71,13.71,400,0
2017-04-07,20:20:00,13.73,13.76,13.73,13.76,11200,0
2017-04-07,20:25:00,13.75,13.75,13.71,13.72,8200,0
2017-04-07,20:30:00,13.77,13.78,13.75,13.77,2200,0
2017-04-07,20:35:00,13.8,13.86,13.8,13.82,3600,0
2017-04-07,20:40:00,13.85,13.89,13.85,13.86,2900,0
2017-04-07,20:45:00,13.91,13.9799,13.9099,13.97,5800,0
2017-04-07,20:50:00,14,14,13.9199,13.9199,3138,0
2017-04-07,20:55:00,13.9,13.97,13.89,13.94,2200,0
2017-04-07,21:00:00,13.95,13.99,13.94,13.99,3000,0
2017-04-07,21:05:00,13.97,14.01,13.96,14.01,500,0
2017-04-07,21:10:00,13.99,14.04,13.98,14.04,5600,0
2017-04-07,21:20:00,14.01,14.01,14.01,14.01,400,0
2017-04-07,21:25:00,14.01,14.01,13.93,13.93,7100,0
2017-04-07,21:30:00,13.9097,13.98,13.9097,13.98,2900,0
2017-04-07,21:35:00,13.98,14,13.93,13.93,5800,0
2017-04-07,21:40:00,13.9233,13.96,13.9233,13.95,4151,0
2017-04-07,21:45:00,13.93,13.94,13.92,13.92,3143,0
2017-04-07,21:50:00,13.9,13.9,13.86,13.88,2400,0
2017-04-07,21:55:00,13.87,13.93,13.87,13.92,4977,0
2017-04-07,22:00:00,13.9,13.91,13.8801,13.91,22992,0
2017-04-10,15:35:00,13.72,13.77,13.72,13.77,1000,0
2017-04-10,15:40:00,13.7621,13.7621,13.7599,13.7599,2800,0
2017-04-10,15:45:00,13.77,13.77,13.77,13.77,128,0
2017-04-10,15:50:00,13.8,13.8,13.7799,13.7811,9524,0
2017-04-10,15:55:00,13.81,13.81,13.7914,13.7914,2620,0
2017-04-10,16:00:00,13.84,13.84,13.8208,13.8208,3940,0
2017-04-10,16:05:00,13.84,13.84,13.79,13.79,8315,0
2017-04-10,16:10:00,13.7899,13.82,13.7899,13.82,1400,0
2017-04-10,16:15:00,13.77,13.77,13.76,13.77,3200,0
2017-04-10,16:20:00,13.81,13.84,13.81,13.84,1500,0
2017-04-10,16:30:00,13.93,13.94,13.93,13.94,380,0
2017-04-10,16:35:00,13.97,13.97,13.97,13.97,300,0
2017-04-10,16:40:00,13.93,13.93,13.93,13.93,900,0
2017-04-10,16:45:00,13.9399,13.9399,13.9399,13.9399,1000,0
2017-04-10,16:50:00,13.89,13.89,13.89,13.89,100,0
2017-04-10,16:55:00,13.9,13.9,13.87,13.87,13000,0
2017-04-10,17:00:00,13.87,13.91,13.85,13.91,4600,0
2017-04-10,17:05:00,13.94,13.94,13.92,13.92,15200,0
2017-04-10,17:10:00,13.97,14.01,13.96,13.98,72216,0
2017-04-10,17:15:00,13.98,13.98,13.94,13.95,7306,0
2017-04-10,17:20:00,13.95,13.95,13.9101,13.9101,12219,0
2017-04-10,17:25:00,13.9,13.92,13.87,13.89,4300,0
2017-04-10,17:30:00,13.86,13.86,13.8,13.8168,1850,0
2017-04-10,17:35:00,13.78,13.84,13.78,13.84,5067,0
2017-04-10,17:40:00,13.88,13.91,13.88,13.91,33600,0
2017-04-10,17:45:00,13.901,13.99,13.901,13.98,51865,0
2017-04-10,17:50:00,13.99,14.06,13.9533,14.02,10088,0
2017-04-10,17:55:00,14,14.05,14,14.02,8707,0
2017-04-10,18:00:00,14,14.01,13.97,13.98,6800,0
2017-04-10,18:05:00,13.99,14,13.95,13.95,2100,0
2017-04-10,18:10:00,13.94,13.96,13.94,13.96,1300,0
2017-04-10,18:15:00,13.98,14.02,13.98,14.001,12956,0
2017-04-10,18:20:00,13.97,13.97,13.96,13.96,700,0
2017-04-10,18:25:00,13.97,13.98,13.97,13.98,2400,0
2017-04-10,18:30:00,13.98,13.98,13.98,13.98,100,0
2017-04-10,18:35:00,13.97,13.97,13.92,13.92,2000,0
2017-04-10,18:45:00,13.96,13.96,13.92,13.92,1400,0
2017-04-10,18:55:00,13.87,13.87,13.86,13.87,7500,0
2017-04-10,19:00:00,13.89,13.89,13.89,13.89,100,0
2017-04-10,19:05:00,13.87,13.87,13.84,13.84,1400,0
2017-04-10,19:10:00,13.83,13.83,13.83,13.83,100,0
2017-04-10,19:15:00,13.86,13.86,13.86,13.86,100,0
2017-04-10,19:25:00,13.88,13.88,13.88,13.88,300,0
2017-04-10,19:30:00,13.87,13.87,13.87,13.87,200,0
2017-04-10,19:35:00,13.85,13.86,13.84,13.86,5657,0
2017-04-10,19:40:00,13.82,13.829,13.81,13.81,2200,0
2017-04-10,19:45:00,13.86,13.89,13.86,13.87,2300,0
2017-04-10,19:50:00,13.85,13.85,13.85,13.85,600,0
2017-04-10,19:55:00,13.83,13.83,13.83,13.83,1800,0
2017-04-10,20:05:00,13.83,13.83,13.79,13.8,6500,0
2017-04-10,20:10:00,13.76,13.76,13.76,13.76,100,0
2017-04-10,20:15:00,13.74,13.74,13.72,13.73,7023,0
2017-04-10,20:20:00,13.73,13.73,13.72,13.72,1900,0
2017-04-10,20:25:00,13.71,13.72,13.66,13.67,10463,0
2017-04-10,20:30:00,13.67,13.69,13.67,13.69,3800,0
2017-04-10,20:35:00,13.72,13.72,13.7,13.71,8000,0
2017-04-10,20:40:00,13.7,13.73,13.7,13.73,2200,0
2017-04-10,20:50:00,13.71,13.71,13.7,13.71,3200,0
2017-04-10,20:55:00,13.7366,13.75,13.7366,13.75,2795,0
2017-04-10,21:00:00,13.75,13.78,13.75,13.78,4200,0
2017-04-10,21:05:00,13.75,13.77,13.75,13.77,2437,0
2017-04-10,21:10:00,13.78,13.78,13.78,13.78,2200,0
2017-04-10,21:15:00,13.76,13.77,13.76,13.77,4835,0
2017-04-10,21:20:00,13.77,13.77,13.77,13.77,300,0
2017-04-10,21:25:00,13.76,13.78,13.76,13.78,5000,0
2017-04-10,21:30:00,13.76,13.77,13.76,13.77,5400,0
2017-04-10,21:35:00,13.75,13.77,13.75,13.763,5260,0
2017-04-10,21:40:00,13.76,13.8,13.76,13.8,4375,0
2017-04-10,21:45:00,13.82,13.86,13.82,13.86,8646,0
2017-04-10,21:50:00,13.86,13.87,13.84,13.84,14000,0
2017-04-10,21:55:00,13.84,13.85,13.83,13.83,1200,0
2017-04-10,22:00:00,13.81,13.83,13.8,13.83,6168,0
2017-04-11,15:35:00,13.8,13.83,13.79,13.79,1800,0
2017-04-11,15:40:00,13.8099,13.9,13.8099,13.9,1900,0
2017-04-11,15:45:00,13.9,13.91,13.89,13.89,11500,0
2017-04-11,15:50:00,13.89,13.89,13.86,13.86,8500,0
2017-04-11,15:55:00,13.9,13.9399,13.9,13.9366,3978,0
2017-04-11,16:00:00,14,14.02,13.98,14,3620,0
2017-04-11,16:05:00,13.99,14.01,13.95,13.95,3524,0
2017-04-11,16:10:00,13.92,13.95,13.92,13.95,1200,0
2017-04-11,16:20:00,14.03,14.0428,14.0056,14.0056,1475,0
2017-04-11,16:25:00,14.06,14.09,14.06,14.09,1200,0
2017-04-11,16:30:00,14.09,14.09,14.0414,14.07,2949,0
2017-04-11,16:35:00,14.11,14.25,14.11,14.25,9764,0
2017-04-11,16:40:00,14.27,14.31,14.25,14.2699,105805,0
2017-04-11,16:45:00,14.29,14.32,14.26,14.32,36298,0
2017-04-11,16:50:00,14.32,14.32,14.28,14.3,2800,0
2017-04-11,16:55:00,14.33,14.42,14.33,14.42,11225,0
2017-04-11,17:00:00,14.41,14.4199,14.37,14.37,4800,0
2017-04-11,17:05:00,14.37,14.38,14.31,14.31,7929,0
2017-04-11,17:10:00,14.32,14.32,14.28,14.3,800,0
2017-04-11,17:15:00,14.32,14.33,14.2905,14.32,14021,0
2017-04-11,17:20:00,14.35,14.35,14.2601,14.2601,2100,0
2017-04-11,17:25:00,14.2301,14.27,14.2,14.201,19999,0
2017-04-11,17:30:00,14.22,14.22,14.22,14.22,100,0
2017-04-11,17:35:00,14.19,14.19,14.138,14.149,1950,0
2017-04-11,17:40:00,14.1,14.11,14.06,14.06,8073,0
2017-04-11,17:45:00,14.09,14.09,14.09,14.09,400,0
2017-04-11,17:50:00,14.1,14.1,14.06,14.06,3942,0
2017-04-11,17:55:00,14.03,14.03,13.98,13.98,5560,0
2017-04-11,18:00:00,14,14.05,14,14.05,3139,0
2017-04-11,18:15:00,14,14,13.88,13.88,7757,0
2017-04-11,18:20:00,13.87,13.87,13.822,13.87,5308,0
2017-04-11,18:25:00,13.86,13.86,13.81,13.82,6640,0
2017-04-11,18:30:00,13.85,13.89,13.78,13.78,8310,0
2017-04-11,18:35:00,13.79,13.8153,13.78,13.8153,1590,0
2017-04-11,18:40:00,13.8215,13.84,13.79,13.84,2940,0
2017-04-11,18:45:00,13.8449,13.87,13.8449,13.87,1800,0
2017-04-11,18:50:00,13.86,13.86,13.8,13.8,700,0
2017-04-11,18:55:00,13.8,13.8,13.74,13.74,10252,0
2017-04-11,19:00:00,13.76,13.76,13.73,13.73,3100,0
2017-04-11,19:05:00,13.79,13.79,13.76,13.76,1000,0
2017-04-11,19:10:00,13.74,13.74,13.69,13.71,4020,0
2017-04-11,19:15:00,13.71,13.73,13.69,13.73,5200,0
2017-04-11,19:20:00,13.71,13.71,13.71,13.71,200,0
2017-04-11,19:30:00,13.75,13.75,13.74,13.74,4600,0
2017-04-11,19:35:00,13.73,13.73,13.71,13.71,2600,0
2017-04-11,19:40:00,13.69,13.7,13.69,13.69,600,0
2017-04-11,19:45:00,13.7,13.79,13.7,13.79,2000,0
2017-04-11,19:50:00,13.78,13.82,13.77,13.82,2100,0
2017-04-11,19:55:00,13.81,13.82,13.81,13.82,3400,0
2017-04-11,20:00:00,13.81,13.83,13.81,13.83,2300,0
2017-04-11,20:05:00,13.77,13.77,13.74,13.77,3100,0
2017-04-11,20:10:00,13.74,13.74,13.73,13.73,2300,0
2017-04-11,20:15:00,13.76,13.78,13.76,13.78,2000,0
2017-04-11,20:20:00,13.7899,13.79,13.7899,13.79,711,0
2017-04-11,20:25:00,13.77,13.77,13.77,13.77,1200,0
2017-04-11,20:30:00,13.7945,13.7945,13.7,13.7,4240,0
2017-04-11,20:35:00,13.729,13.729,13.72,13.72,2340,0
2017-04-11,20:45:00,13.68,13.68,13.68,13.68,277,0
2017-04-11,20:50:00,13.68,13.69,13.6768,13.69,4057,0
2017-04-11,20:55:00,13.71,13.71,13.69,13.69,7200,0
2017-04-11,21:00:00,13.67,13.6801,13.67,13.68,4800,0
2017-04-11,21:05:00,13.7,13.7,13.6699,13.6699,7009,0
2017-04-11,21:10:00,13.67,13.69,13.67,13.69,1609,0
2017-04-11,21:15:00,13.7,13.76,13.7,13.76,1181,0
2017-04-11,21:20:00,13.79,13.791,13.77,13.77,4740,0
2017-04-11,21:25:00,13.81,13.91,13.79,13.91,650,0
2017-04-11,21:30:00,13.94,14.01,13.9322,13.96,9520,0
2017-04-11,21:35:00,13.98,13.99,13.86,13.86,10570,0
2017-04-11,21:40:00,13.89,13.9,13.89,13.89,1100,0
2017-04-11,21:45:00,13.88,13.88,13.87,13.8799,2300,0
2017-04-11,21:50:00,13.9,13.9,13.9,13.9,100,0
2017-04-11,21:55:00,13.88,13.88,13.88,13.88,900,0
2017-04-11,22:00:00,13.9,13.94,13.85,13.88,6248,0
2017-04-12,15:35:00,13.94,14.06,13.92,14.02,11042,0
2017-04-12,15:40:00,14.01,14.03,13.98,13.98,5300,0
2017-04-12,15:45:00,13.979,14.01,13.9501,14.01,6315,0
2017-04-12,15:50:00,13.93,14.079,13.93,14.079,2800,0
2017-04-12,15:55:00,14.08,14.1,14.06,14.06,6093,0
2017-04-12,16:00:00,14.1,14.1,14.08,14.08,4480,0
2017-04-12,16:05:00,14.05,14.05,14,14.02,3300,0
2017-04-12,16:10:00,14.03,14.03,13.99,14.03,2636,0
2017-04-12,16:15:00,14.08,14.1,14.08,14.1,4730,0
2017-04-12,16:20:00,14.09,14.1,14.09,14.09,1842,0
2017-04-12,16:25:00,14.03,14.03,14.03,14.03,100,0
2017-04-12,16:30:00,14.07,14.12,14.07,14.12,900,0
2017-04-12,16:35:00,14.06,14.09,14.01,14.088,2300,0
2017-04-12,16:40:00,14.05,14.07,14.02,14.07,4261,0
2017-04-12,16:45:00,14.1,14.1,14.03,14.08,4100,0
2017-04-12,16:50:00,14.09,14.1,14.05,14.06,5600,0
2017-04-12,16:55:00,14.09,14.111,14.08,14.08,3500,0
2017-04-12,17:00:00,14.07,14.07,14.02,14.03,5882,0
2017-04-12,17:05:00,14.04,14.11,14.04,14.11,3900,0
2017-04-12,17:10:00,14.13,14.13,14.07,14.07,7215,0
2017-04-12,17:15:00,14.09,14.09,14.07,14.07,200,0
2017-04-12,17:20:00,14.08,14.08,14.02,14.03,4200,0
2017-04-12,17:25:00,14.02,14.04,14.01,14.04,1300,0
2017-04-12,17:30:00,14.04,14.07,14.04,14.06,3199,0
2017-04-12,17:35:00,14.1,14.1,14.08,14.08,600,0
2017-04-12,17:40:00,14.09,14.15,14.0899,14.13,8221,0
2017-04-12,17:45:00,14.13,14.13,14.1,14.11,4000,0
2017-04-12,17:50:00,14.15,14.161,14.15,14.16,500,0
2017-04-12,18:00:00,14.17,14.17,14.11,14.11,900,0
2017-04-12,18:10:00,14.08,14.08,14.08,14.08,300,0
2017-04-12,18:15:00,14.0872,14.1,14.07,14.08,5650,0
2017-04-12,18:20:00,14.09,14.11,14.09,14.1,3800,0
2017-04-12,18:25:00,14.1,14.13,14.09,14.13,6000,0
2017-04-12,18:30:00,14.14,14.15,14.12,14.12,5300,0
2017-04-12,18:35:00,14.12,14.12,14.09,14.1,4800,0
2017-04-12,18:40:00,14.1,14.13,14.09,14.11,4700,0
2017-04-12,18:45:00,14.08,14.09,14.04,14.04,1800,0
2017-04-12,18:50:00,14.03,14.04,14.0065,14.0065,4500,0
2017-04-12,18:55:00,14.0068,14.02,14.0068,14.02,3800,0
2017-04-12,19:00:00,14,14,13.98,13.98,3931,0
2017-04-12,19:05:00,13.97,13.97,13.92,13.92,5498,0
2017-04-12,19:10:00,13.9187,13.94,13.9187,13.93,4762,0
2017-04-12,19:15:00,13.931,14.02,13.93,14.02,4160,0
2017-04-12,19:20:00,14.05,14.06,14.05,14.06,200,0
2017-04-12,19:25:00,14.07,14.13,14.07,14.09,4000,0
2017-04-12,19:30:00,14.09,14.1,14.06,14.07,2200,0
2017-04-12,19:35:00,14.06,14.1,14.05,14.09,4714,0
2017-04-12,19:40:00,14.11,14.12,14.08,14.08,2300,0
2017-04-12,19:45:00,14.06,14.06,14.02,14.03,700,0
2017-04-12,19:50:00,14.04,14.05,14.01,14.02,4444,0
2017-04-12,19:55:00,14.01,14.01,13.9991,13.9991,2328,0
2017-04-12,20:00:00,13.99,14.025,13.99,13.99,4400,0
2017-04-12,20:05:00,13.98,14.01,13.98,14.01,1352,0
2017-04-12,20:10:00,14.01,14.03,13.99,14.01,2500,0
2017-04-12,20:15:00,14.02,14.02,13.99,13.99,2400,0
2017-04-12,20:20:00,13.99,14.01,13.97,13.97,1700,0
2017-04-12,20:25:00,13.96,13.98,13.96,13.98,600,0
2017-04-12,20:30:00,13.98,14.05,13.98,14.05,11200,0
2017-04-12,20:35:00,14.04,14.05,14.04,14.04,2400,0
2017-04-12,20:40:00,14.04,14.07,14,14.07,4811,0
2017-04-12,20:45:00,14.07,14.08,14.07,14.08,6404,0
2017-04-12,20:50:00,14.09,14.1,14.07,14.1,5400,0
2017-04-12,20:55:00,14.11,14.13,14.1,14.11,2784,0
2017-04-12,21:00:00,14.1,14.15,14.1,14.15,2926,0
2017-04-12,21:05:00,14.13,14.13,14.11,14.12,300,0
2017-04-12,21:10:00,14.12,14.14,14.08,14.11,6000,0
2017-04-12,21:15:00,14.07,14.08,14.04,14.05,5200,0
2017-04-12,21:20:00,14.02,14.02,13.98,14.01,7600,0
2017-04-12,21:25:00,14,14,13.96,13.96,1300,0
2017-04-12,21:30:00,13.97,14.02,13.97,14.02,1800,0
2017-04-12,21:35:00,14.01,14.01,13.97,13.98,5200,0
2017-04-12,21:40:00,13.975,14.01,13.97,14.006,5300,0
2017-04-12,21:45:00,13.99,14,13.96,13.9603,666,0
2017-04-12,21:50:00,13.96,13.96,13.96,13.96,700,0
2017-04-12,21:55:00,13.93,13.97,13.91,13.97,9558,0
2017-04-12,22:00:00,13.98,14,13.93,13.93,14207,0
2017-04-13,15:35:00,13.93,13.95,13.88,13.95,12190,0
2017-04-13,15:40:00,13.87,13.87,13.87,13.87,600,0
2017-04-13,15:45:00,13.95,13.96,13.95,13.9508,1100,0
2017-04-13,15:50:00,14.0399,14.0399,14.0399,14.0399,1500,0
2017-04-13,15:55:00,14.04,14.04,14,14,1800,0
2017-04-13,16:00:00,13.93,13.93,13.9272,13.9272,1600,0
2017-04-13,16:05:00,13.96,13.96,13.87,13.87,3700,0
2017-04-13,16:10:00,13.87,13.87,13.87,13.87,2200,0
2017-04-13,16:15:00,13.9109,13.9109,13.9109,13.9109,1000,0
2017-04-13,16:25:00,14,14,13.9674,13.98,2900,0
2017-04-13,16:30:00,13.99,13.99,13.985,13.99,30300,0
2017-04-13,16:35:00,13.99,14,13.98,14,33600,0
2017-04-13,16:40:00,13.98,13.98,13.93,13.93,2000,0
2017-04-13,16:45:00,13.94,13.94,13.93,13.93,1468,0
2017-04-13,16:50:00,13.919,13.95,13.9,13.95,1400,0
2017-04-13,16:55:00,13.92,13.92,13.88,13.89,700,0
2017-04-13,17:00:00,13.92,13.95,13.91,13.95,2000,0
2017-04-13,17:05:00,13.93,13.93,13.87,13.92,4100,0
2017-04-13,17:10:00,13.95,13.96,13.95,13.96,41529,0
2017-04-13,17:15:00,13.95,14,13.94,14,2500,0
2017-04-13,17:20:00,14.01,14.04,14.01,14.02,2000,0
2017-04-13,17:25:00,14.03,14.1,14.03,14.08,6600,0
2017-04-13,17:30:00,14.09,14.09,14.07,14.09,3500,0
2017-04-13,17:35:00,14.09,14.14,14.09,14.12,9800,0
2017-04-13,17:40:00,14.11,14.15,14.11,14.14,3500,0
2017-04-13,17:45:00,14.14,14.14,14.14,14.14,200,0
2017-04-13,17:50:00,14.11,14.11,14.08,14.09,3000,0
2017-04-13,17:55:00,14.1,14.1,14.07,14.07,300,0
2017-04-13,18:00:00,14.08,14.09,14.07,14.09,104537,0
2017-04-13,18:05:00,14.07,14.16,14.07,14.15,5307,0
2017-04-13,18:10:00,14.14,14.19,14.13,14.14,3600,0
2017-04-13,18:15:00,14.13,14.18,14.13,14.15,2126,0
2017-04-13,18:20:00,14.15,14.15,14.13,14.13,1700,0
2017-04-13,18:25:00,14.17,14.2,14.16,14.2,4536,0
2017-04-13,18:30:00,14.2399,14.24,14.19,14.19,9304,0
2017-04-13,18:35:00,14.2,14.2,14.18,14.18,632,0
2017-04-13,18:40:00,14.18,14.18,14.17,14.17,3700,0
2017-04-13,18:45:00,14.19,14.19,14.1876,14.19,2000,0
2017-04-13,18:50:00,14.2,14.2199,14.1911,14.2198,8100,0
2017-04-13,18:55:00,14.2199,14.25,14.2199,14.24,3200,0
2017-04-13,19:00:00,14.25,14.29,14.25,14.29,9200,0
2017-04-13,19:05:00,14.3,14.33,14.2999,14.32,9450,0
2017-04-13,19:10:00,14.33,14.4,14.33,14.4,84016,0
2017-04-13,19:15:00,14.39,14.42,14.38,14.39,11302,0
2017-04-13,19:20:00,14.4,14.44,14.39,14.42,5332,0
2017-04-13,19:25:00,14.43,14.449,14.41,14.41,3400,0
2017-04-13,19:30:00,14.4,14.4,14.3498,14.35,2832,0
2017-04-13,19:35:00,14.35,14.38,14.34,14.37,1986,0
2017-04-13,19:40:00,14.34,14.36,14.3399,14.35,19865,0
2017-04-13,19:45:00,14.35,14.43,14.35,14.43,5500,0
2017-04-13,19:50:00,14.47,14.47,14.43,14.43,5889,0
2017-04-13,19:55:00,14.44,14.45,14.42,14.45,4300,0
2017-04-13,20:00:00,14.44,14.46,14.44,14.45,5350,0
2017-04-13,20:05:00,14.43,14.48,14.41,14.41,1650,0
2017-04-13,20:10:00,14.4,14.4,14.38,14.3899,1600,0
2017-04-13,20:15:00,14.38,14.38,14.37,14.37,1002,0
2017-04-13,20:20:00,14.42,14.42,14.38,14.38,1400,0
2017-04-13,20:25:00,14.38,14.38,14.36,14.36,1900,0
2017-04-13,20:30:00,14.3413,14.36,14.3413,14.35,3800,0
2017-04-13,20:35:00,14.34,14.34,14.32,14.3286,420,0
2017-04-13,20:40:00,14.319,14.35,14.319,14.35,2210,0
2017-04-13,20:45:00,14.34,14.35,14.34,14.35,700,0
2017-04-13,20:50:00,14.35,14.35,14.35,14.35,100,0
2017-04-13,20:55:00,14.34,14.36,14.3286,14.36,3500,0
2017-04-13,21:00:00,14.33,14.35,14.33,14.35,500,0
2017-04-13,21:05:00,14.3213,14.3213,14.32,14.32,2327,0
2017-04-13,21:10:00,14.36,14.36,14.3401,14.35,6700,0
2017-04-13,21:15:00,14.38,14.38,14.35,14.38,2878,0
2017-04-13,21:20:00,14.41,14.43,14.4001,14.42,5700,0
2017-04-13,21:25:00,14.43,14.43,14.39,14.39,2100,0
2017-04-13,21:30:00,14.39,14.43,14.39,14.4223,3049,0
2017-04-13,21:35:00,14.41,14.46,14.39,14.46,4700,0
2017-04-13,21:40:00,14.46,14.48,14.45,14.48,2659,0
2017-04-13,21:45:00,14.48,14.54,14.48,14.52,6976,0
2017-04-13,21:50:00,14.51,14.51,14.45,14.46,15362,0
2017-04-13,21:55:00,14.46,14.51,14.46,14.51,12636,0
2017-04-13,22:00:00,14.51,14.59,14.51,14.56,14601,0
2017-04-17,15:35:00,14.1,14.1,13.99,14.03,43748,0
2017-04-17,15:40:00,14.01,14.07,14.01,14.06,7500,0
2017-04-17,15:45:00,14.07,14.0928,14.07,14.07,11800,0
2017-04-17,15:50:00,14.05,14.07,14.04,14.04,7700,0
2017-04-17,15:55:00,14.03,14.04,13.92,13.92,8900,0
2017-04-17,16:00:00,13.9,13.9,13.85,13.8724,3750,0
2017-04-17,16:05:00,13.87,13.8744,13.83,13.83,4876,0
2017-04-17,16:10:00,13.82,13.83,13.81,13.8128,1383,0
2017-04-17,16:15:00,13.8588,13.86,13.84,13.8545,3830,0
2017-04-17,16:20:00,13.8,13.8,13.78,13.8,6096,0
2017-04-17,16:25:00,13.82,13.82,13.82,13.82,1000,0
2017-04-17,16:30:00,13.833,13.85,13.83,13.85,1700,0
2017-04-17,16:35:00,13.87,13.87,13.79,13.8,12178,0
2017-04-17,16:40:00,13.81,13.94,13.8,13.94,12750,0
2017-04-17,16:45:00,13.95,13.97,13.94,13.96,2750,0
2017-04-17,16:50:00,13.95,13.9593,13.94,13.95,2450,0
2017-04-17,16:55:00,13.94,13.94,13.93,13.93,1300,0
2017-04-17,17:00:00,13.88,13.89,13.87,13.87,4600,0
2017-04-17,17:05:00,13.88,13.88,13.8243,13.8243,4100,0
2017-04-17,17:10:00,13.82,13.83,13.82,13.82,2366,0
2017-04-17,17:15:00,13.7986,13.8,13.72,13.7362,10700,0
2017-04-17,17:20:00,13.72,13.73,13.71,13.7202,6350,0
2017-04-17,17:25:00,13.749,13.75,13.7248,13.7248,2600,0
2017-04-17,17:30:00,13.71,13.71,13.6393,13.66,10600,0
2017-04-17,17:35:00,13.65,13.76,13.65,13.74,3100,0
2017-04-17,17:40:00,13.74,13.79,13.74,13.79,3080,0
2017-04-17,17:45:00,13.78,13.78,13.74,13.74,400,0
2017-04-17,17:50:00,13.75,13.77,13.75,13.77,5731,0
2017-04-17,17:55:00,13.79,13.81,13.76,13.78,6500,0
2017-04-17,18:00:00,13.77,13.78,13.77,13.78,1418,0
2017-04-17,18:05:00,13.7593,13.7593,13.73,13.75,1900,0
2017-04-17,18:10:00,13.74,13.74,13.67,13.69,2298,0
2017-04-17,18:15:00,13.69,13.69,13.65,13.66,4335,0
2017-04-17,18:20:00,13.64,13.69,13.64,13.68,2045,0
2017-04-17,18:25:00,13.71,13.72,13.71,13.72,1100,0
2017-04-17,18:30:00,13.7,13.71,13.69,13.71,600,0
2017-04-17,18:35:00,13.7,13.7,13.7,13.7,100,0
2017-04-17,18:45:00,13.69,13.69,13.68,13.68,1000,0
2017-04-17,18:50:00,13.71,13.71,13.71,13.71,6037,0
2017-04-17,18:55:00,13.72,13.72,13.7,13.7,2916,0
2017-04-17,19:00:00,13.7,13.73,13.7,13.73,2720,0
2017-04-17,19:05:00,13.72,13.72,13.72,13.72,400,0
2017-04-17,19:10:00,13.71,13.72,13.71,13.72,200,0
2017-04-17,19:15:00,13.7,13.7,13.65,13.66,2800,0
2017-04-17,19:20:00,13.65,13.67,13.65,13.67,1100,0
2017-04-17,19:25:00,13.68,13.7,13.68,13.7,1700,0
2017-04-17,19:30:00,13.67,13.67,13.61,13.63,7939,0
2017-04-17,19:35:00,13.64,13.65,13.6367,13.65,650,0
2017-04-17,19:40:00,13.63,13.63,13.58,13.58,16703,0
2017-04-17,19:45:00,13.5987,13.61,13.58,13.61,1600,0
2017-04-17,19:50:00,13.6,13.6,13.57,13.57,9400,0
2017-04-17,19:55:00,13.55,13.57,13.545,13.545,1908,0
2017-04-17,20:00:00,13.54,13.58,13.54,13.58,5212,0
2017-04-17,20:05:00,13.56,13.56,13.53,13.54,7386,0
2017-04-17,20:10:00,13.5583,13.6,13.54,13.592,6701,0
2017-04-17,20:15:00,13.588,13.588,13.58,13.58,400,0
2017-04-17,20:20:00,13.55,13.55,13.5,13.5,3600,0
2017-04-17,20:25:00,13.54,13.54,13.52,13.5228,600,0
2017-04-17,20:30:00,13.54,13.56,13.54,13.56,511,0
2017-04-17,20:35:00,13.54,13.57,13.54,13.56,2200,0
2017-04-17,20:40:00,13.56,13.57,13.53,13.54,3100,0
2017-04-17,20:45:00,13.52,13.52,13.51,13.51,931,0
2017-04-17,20:50:00,13.51,13.53,13.46,13.46,11498,0
2017-04-17,20:55:00,13.47,13.47,13.43,13.46,11750,0
2017-04-17,21:00:00,13.46,13.49,13.43,13.49,9456,0
2017-04-17,21:05:00,13.46,13.47,13.45,13.47,6198,0
2017-04-17,21:10:00,13.5,13.51,13.5,13.51,800,0
2017-04-17,21:15:00,13.48,13.5001,13.47,13.5001,800,0
2017-04-17,21:20:00,13.45,13.4533,13.45,13.4533,3782,0
2017-04-17,21:25:00,13.45,13.4598,13.44,13.44,3000,0
2017-04-17,21:30:00,13.4368,13.4468,13.43,13.4468,1900,0
2017-04-17,21:35:00,13.46,13.5,13.46,13.5,3100,0
2017-04-17,21:40:00,13.5,13.5,13.49,13.49,500,0
2017-04-17,21:45:00,13.47,13.47,13.44,13.45,5581,0
2017-04-17,21:50:00,13.46,13.4734,13.45,13.45,8660,0
2017-04-17,21:55:00,13.44,13.44,13.405,13.42,10700,0
2017-04-17,22:00:00,13.42,13.44,13.4,13.42,23792,0
2017-04-18,15:35:00,13.55,13.61,13.55,13.6,7140,0
2017-04-18,15:40:00,13.5786,13.58,13.46,13.46,10475,0
2017-04-18,15:45:00,13.45,13.49,13.45,13.4715,7275,0
2017-04-18,15:50:00,13.4523,13.48,13.45,13.45,3455,0
2017-04-18,15:55:00,13.43,13.43,13.329,13.3299,9000,0
2017-04-18,16:00:00,13.33,13.33,13.299,13.32,8150,0
2017-04-18,16:05:00,13.31,13.31,13.27,13.3,9504,0
2017-04-18,16:10:00,13.3196,13.34,13.31,13.34,1300,0
2017-04-18,16:20:00,13.35,13.39,13.35,13.39,4080,0
2017-04-18,16:25:00,13.4,13.4,13.32,13.32,3373,0
2017-04-18,16:30:00,13.3,13.3,13.29,13.29,5066,0
2017-04-18,16:35:00,13.2847,13.3,13.2847,13.29,4170,0
2017-04-18,16:40:00,13.29,13.29,13.25,13.25,5237,0
2017-04-18,16:45:00,13.25,13.28,13.25,13.2634,2440,0
2017-04-18,16:50:00,13.28,13.31,13.28,13.31,2300,0
2017-04-18,16:55:00,13.28,13.29,13.28,13.29,500,0
2017-04-18,17:00:00,13.278,13.31,13.278,13.28,5000,0
2017-04-18,17:05:00,13.26,13.26,13.21,13.21,7330,0
2017-04-18,17:10:00,13.2237,13.2428,13.17,13.18,4200,0
2017-04-18,17:15:00,13.18,13.21,13.18,13.2,5781,0
2017-04-18,17:20:00,13.19,13.24,13.19,13.2393,4490,0
2017-04-18,17:25:00,13.23,13.24,13.22,13.22,4181,0
2017-04-18,17:30:00,13.26,13.2699,13.26,13.2699,200,0
2017-04-18,17:35:00,13.29,13.3201,13.29,13.3201,1500,0
2017-04-18,17:40:00,13.3271,13.37,13.3271,13.3614,4547,0
2017-04-18,17:45:00,13.38,13.41,13.37,13.38,4830,0
2017-04-18,17:50:00,13.39,13.41,13.39,13.41,10198,0
2017-04-18,17:55:00,13.379,13.41,13.37,13.37,13400,0
2017-04-18,18:00:00,13.4,13.45,13.4,13.43,5200,0
2017-04-18,18:05:00,13.45,13.4937,13.43,13.43,18700,0
2017-04-18,18:10:00,13.44,13.5,13.44,13.5,1337,0
2017-04-18,18:15:00,13.51,13.51,13.4714,13.4714,200,0
2017-04-18,18:20:00,13.48,13.51,13.48,13.5,4127,0
2017-04-18,18:25:00,13.5,13.53,13.47,13.48,6136,0
2017-04-18,18:30:00,13.47,13.51,13.47,13.51,1400,0
2017-04-18,18:35:00,13.51,13.515,13.4986,13.5,3218,0
2017-04-18,18:40:00,13.5,13.55,13.5,13.55,2900,0
2017-04-18,18:45:00,13.58,13.58,13.54,13.5427,9932,0
2017-04-18,18:50:00,13.55,13.58,13.5401,13.58,9171,0
2017-04-18,18:55:00,13.58,13.58,13.52,13.53,4100,0
2017-04-18,19:00:00,13.55,13.55,13.54,13.55,500,0
2017-04-18,19:05:00,13.56,13.61,13.56,13.61,600,0
2017-04-18,19:10:00,13.62,13.65,13.62,13.64,7513,0
2017-04-18,19:15:00,13.63,13.65,13.61,13.61,3530,0
2017-04-18,19:20:00,13.61,13.64,13.61,13.62,10690,0
2017-04-18,19:25:00,13.61,13.61,13.59,13.59,2300,0
2017-04-18,19:30:00,13.58,13.58,13.56,13.56,2080,0
2017-04-18,19:35:00,13.55,13.55,13.5,13.5,3029,0
2017-04-18,19:40:00,13.48,13.5,13.47,13.5,3650,0
2017-04-18,19:45:00,13.49,13.51,13.47,13.49,2407,0
2017-04-18,19:50:00,13.49,13.55,13.49,13.53,3550,0
2017-04-18,19:55:00,13.53,13.53,13.53,13.53,100,0
2017-04-18,20:00:00,13.55,13.55,13.54,13.54,800,0
2017-04-18,20:05:00,13.51,13.51,13.44,13.44,6500,0
2017-04-18,20:10:00,13.42,13.46,13.42,13.46,3259,0
2017-04-18,20:15:00,13.47,13.48,13.45,13.48,1800,0
2017-04-18,20:20:00,13.46,13.46,13.45,13.45,300,0
2017-04-18,20:25:00,13.42,13.42,13.39,13.42,4400,0
2017-04-18,20:30:00,13.45,13.47,13.45,13.46,3200,0
2017-04-18,20:35:00,13.46,13.46,13.455,13.46,3000,0
2017-04-18,20:40:00,13.46,13.46,13.44,13.46,800,0
2017-04-18,20:45:00,13.47,13.48,13.47,13.47,5600,0
2017-04-18,20:50:00,13.48,13.48,13.46,13.46,1400,0
2017-04-18,20:55:00,13.49,13.5,13.49,13.5,200,0
2017-04-18,21:00:00,13.6,13.66,13.6,13.65,5900,0
2017-04-18,21:05:00,13.65,13.68,13.65,13.66,7100,0
2017-04-18,21:10:00,13.61,13.61,13.6,13.6,400,0
2017-04-18,21:15:00,13.62,13.62,13.62,13.62,300,0
2017-04-18,21:20:00,13.64,13.64,13.64,13.64,100,0
2017-04-18,21:25:00,13.66,13.66,13.6486,13.6486,1100,0
2017-04-18,21:30:00,13.68,13.71,13.66,13.7,4600,0
2017-04-18,21:35:00,13.694,13.694,13.6,13.6,3200,0
2017-04-18,21:40:00,13.58,13.58,13.56,13.58,1400,0
2017-04-18,21:45:00,13.56,13.57,13.5466,13.57,1900,0
2017-04-18,21:50:00,13.58,13.6,13.56,13.58,6300,0
2017-04-18,21:55:00,13.61,13.61,13.582,13.59,7639,0
2017-04-18,22:00:00,13.6,13.61,13.58,13.61,20595,0
2017-04-19,15:35:00,13.53,13.5799,13.53,13.57,4080,0
2017-04-19,15:40:00,13.56,13.59,13.56,13.59,6241,0
2017-04-19,15:50:00,13.59,13.59,13.59,13.59,500,0
2017-04-19,15:55:00,13.61,13.61,13.54,13.54,1700,0
2017-04-19,16:00:00,13.53,13.5796,13.53,13.5796,3084,0
2017-04-19,16:10:00,13.6,13.66,13.6,13.64,3500,0
2017-04-19,16:15:00,13.67,13.7,13.67,13.69,3956,0
2017-04-19,16:20:00,13.75,13.7799,13.73,13.73,1377,0
2017-04-19,16:25:00,13.73,13.77,13.73,13.77,1400,0
2017-04-19,16:30:00,13.77,13.77,13.73,13.73,2800,0
2017-04-19,16:35:00,13.73,13.74,13.72,13.73,2200,0
2017-04-19,16:40:00,13.74,13.79,13.73,13.78,1100,0
2017-04-19,16:45:00,13.79,13.84,13.79,13.84,2120,0
2017-04-19,16:50:00,13.8551,13.89,13.85,13.89,4700,0
2017-04-19,16:55:00,13.92,13.93,13.85,13.85,15100,0
2017-04-19,17:00:00,13.85,13.86,13.83,13.85,1200,0
2017-04-19,17:05:00,13.83,13.83,13.79,13.81,2457,0
2017-04-19,17:10:00,13.81,13.84,13.81,13.83,2100,0
2017-04-19,17:15:00,13.84,13.84,13.79,13.8,2900,0
2017-04-19,17:20:00,13.82,13.83,13.8,13.8,4120,0
2017-04-19,17:25:00,13.82,13.82,13.82,13.82,100,0
2017-04-19,17:30:00,13.83,13.85,13.83,13.85,700,0
2017-04-19,17:35:00,13.85,13.85,13.85,13.85,700,0
2017-04-19,17:40:00,13.81,13.82,13.81,13.81,2200,0
2017-04-19,17:45:00,13.82,13.86,13.81,13.86,1910,0
2017-04-19,17:50:00,13.88,13.88,13.88,13.88,1000,0
2017-04-19,17:55:00,13.9,13.94,13.88,13.94,6599,0
2017-04-19,18:00:00,13.94,14,13.94,13.99,1800,0
2017-04-19,18:05:00,14.01,14.02,14.0071,14.01,2750,0
2017-04-19,18:10:00,13.99,14,13.9708,14,5482,0
2017-04-19,18:15:00,14,14,13.96,13.96,1800,0
2017-04-19,18:20:00,13.98,13.99,13.96,13.99,2600,0
2017-04-19,18:25:00,13.96,13.969,13.95,13.969,300,0
2017-04-19,18:30:00,13.956,13.956,13.94,13.95,1200,0
2017-04-19,18:35:00,13.92,13.92,13.92,13.92,100,0
2017-04-19,18:40:00,13.8932,13.8932,13.8668,13.8668,1400,0
2017-04-19,18:45:00,13.86,13.87,13.86,13.87,1300,0
2017-04-19,18:50:00,13.8901,13.91,13.8901,13.9,1100,0
2017-04-19,18:55:00,13.88,13.89,13.88,13.89,200,0
2017-04-19,19:00:00,13.8836,13.91,13.88,13.9,15600,0
2017-04-19,19:05:00,13.9,13.95,13.9,13.95,9300,0
2017-04-19,19:10:00,13.97,13.97,13.96,13.96,2800,0
2017-04-19,19:15:00,13.97,14.02,13.96,14.01,3840,0
2017-04-19,19:20:00,14.03,14.04,14.02,14.02,42200,0
2017-04-19,19:25:00,14.01,14.01,14,14,300,0
2017-04-19,19:30:00,14,14.06,13.99,14.06,5517,0
2017-04-19,19:35:00,14.07,14.1,14.06,14.08,7450,0
2017-04-19,19:40:00,14.09,14.09,14.06,14.07,3937,0
2017-04-19,19:45:00,14.07,14.07,14.03,14.03,7450,0
2017-04-19,19:50:00,14.01,14.0107,13.99,13.99,300,0
2017-04-19,19:55:00,13.9801,13.99,13.94,13.97,2750,0
2017-04-19,20:00:00,13.97,13.98,13.93,13.93,4400,0
2017-04-19,20:05:00,13.93,13.96,13.9,13.95,2673,0
2017-04-19,20:10:00,13.96,13.98,13.95,13.96,4750,0
2017-04-19,20:15:00,13.96,13.99,13.95,13.99,2200,0
2017-04-19,20:20:00,14,14.03,14,14.02,1800,0
2017-04-19,20:25:00,14.01,14.02,13.99,13.99,700,0
2017-04-19,20:30:00,13.98,13.98,13.95,13.95,3400,0
2017-04-19,20:35:00,13.97,13.99,13.96,13.99,13613,0
2017-04-19,20:40:00,14.01,14.01,13.95,13.95,30192,0
2017-04-19,20:45:00,13.95,13.99,13.95,13.98,1158,0
2017-04-19,20:50:00,13.99,14.04,13.99,14.04,3372,0
2017-04-19,20:55:00,14.05,14.09,14.04,14.06,7500,0
2017-04-19,21:00:00,14.07,14.0731,14.04,14.04,3200,0
2017-04-19,21:05:00,14.07,14.07,14.03,14.03,4200,0
2017-04-19,21:10:00,14.04,14.07,14.04,14.05,2000,0
2017-04-19,21:15:00,14.07,14.1,14.05,14.1,8113,0
2017-04-19,21:20:00,14.1,14.1,14.09,14.09,1900,0
2017-04-19,21:25:00,14.09,14.09,14.061,14.08,1600,0
2017-04-19,21:30:00,14.08,14.12,14.08,14.12,2800,0
2017-04-19,21:35:00,14.15,14.18,14.15,14.18,1400,0
2017-04-19,21:40:00,14.15,14.1514,14.1,14.12,73900,0
2017-04-19,21:45:00,14.12,14.19,14.12,14.19,26550,0
2017-04-19,21:50:00,14.19,14.19,14.15,14.1684,12244,0
2017-04-19,21:55:00,14.16,14.17,14.15,14.17,6400,0
2017-04-19,22:00:00,14.17,14.2101,14.15,14.18,57721,0
2017-04-20,15:35:00,13.87,13.94,13.87,13.92,7618,0
2017-04-20,15:40:00,13.91,13.95,13.9,13.95,5095,0
2017-04-20,15:45:00,14,14.0652,14,14.0652,6500,0
2017-04-20,15:50:00,14.1399,14.15,14.12,14.12,3300,0
2017-04-20,15:55:00,14.14,14.14,14.08,14.0816,2575,0
2017-04-20,16:00:00,14.09,14.18,14.09,14.1688,9775,0
2017-04-20,16:05:00,14.15,14.15,14.08,14.08,5674,0
2017-04-20,16:10:00,14.1,14.1,14.01,14.01,6789,0
2017-04-20,16:15:00,14.01,14.02,13.99,14.02,2900,0
2017-04-20,16:20:00,14,14,13.99,13.99,4379,0
2017-04-20,16:25:00,13.92,13.925,13.92,13.9201,3400,0
2017-04-20,16:30:00,13.91,13.93,13.91,13.93,300,0
2017-04-20,16:35:00,13.94,13.94,13.88,13.88,13850,0
2017-04-20,16:40:00,13.92,13.94,13.91,13.91,1400,0
2017-04-20,16:45:00,13.94,13.96,13.91,13.91,7100,0
2017-04-20,16:50:00,13.89,13.9503,13.89,13.9503,1379,0
2017-04-20,16:55:00,13.94,13.94,13.9,13.91,11522,0
2017-04-20,17:00:00,13.9499,14,13.9499,14,1300,0
2017-04-20,17:05:00,13.98,13.99,13.98,13.99,2200,0
2017-04-20,17:10:00,14.03,14.05,14,14,6318,0
2017-04-20,17:15:00,13.99,13.99,13.97,13.98,1835,0
2017-04-20,17:20:00,14.03,14.07,14.03,14.06,900,0
2017-04-20,17:25:00,14.05,14.05,13.97,13.97,1400,0
2017-04-20,17:30:00,13.94,13.94,13.9,13.93,4400,0
2017-04-20,17:35:00,13.93,13.94,13.92,13.94,3609,0
2017-04-20,17:40:00,13.94,13.94,13.86,13.87,2450,0
2017-04-20,17:45:00,13.86,13.94,13.84,13.94,2200,0
2017-04-20,17:50:00,13.93,13.97,13.92,13.97,11800,0
2017-04-20,17:55:00,14.001,14.03,14.001,14.0047,1713,0
2017-04-20,18:00:00,14.01,14.05,14.01,14.02,3300,0
2017-04-20,18:05:00,14.04,14.12,14.03,14.12,6250,0
2017-04-20,18:10:00,14.11,14.18,14.11,14.18,7110,0
2017-04-20,18:15:00,14.17,14.17,14.13,14.16,2663,0
2017-04-20,18:20:00,14.15,14.15,14.13,14.15,1800,0
2017-04-20,18:25:00,14.1,14.12,14.08,14.11,5600,0
2017-04-20,18:30:00,14.13,14.17,14.12,14.17,3200,0
2017-04-20,18:35:00,14.19,14.25,14.17,14.25,11629,0
2017-04-20,18:40:00,14.25,14.32,14.25,14.32,12722,0
2017-04-20,18:45:00,14.32,14.35,14.27,14.27,5293,0
2017-04-20,18:50:00,14.2401,14.2401,14.24,14.24,200,0
2017-04-20,18:55:00,14.3,14.3,14.26,14.26,900,0
2017-04-20,19:00:00,14.29,14.34,14.29,14.32,3650,0
2017-04-20,19:05:00,14.29,14.29,14.25,14.25,1000,0
2017-04-20,19:10:00,14.27,14.34,14.27,14.3201,4864,0
2017-04-20,19:15:00,14.32,14.37,14.32,14.33,4925,0
2017-04-20,19:20:00,14.34,14.37,14.34,14.37,2300,0
2017-04-20,19:25:00,14.37,14.44,14.37,14.3901,5818,0
2017-04-20,19:30:00,14.38,14.38,14.3599,14.37,1018,0
2017-04-20,19:35:00,14.38,14.42,14.36,14.36,6400,0
2017-04-20,19:40:00,14.39,14.43,14.39,14.43,4100,0
2017-04-20,19:45:00,14.38,14.38,14.25,14.25,4068,0
2017-04-20,19:50:00,14.24,14.25,14.23,14.23,4609,0
2017-04-20,19:55:00,14.25,14.25,14.23,14.24,680,0
2017-04-20,20:00:00,14.25,14.26,14.25,14.25,3600,0
2017-04-20,20:05:00,14.23,14.25,14.21,14.22,3300,0
2017-04-20,20:10:00,14.21,14.23,14.21,14.21,3200,0
2017-04-20,20:15:00,14.26,14.27,14.26,14.27,1800,0
2017-04-20,20:20:00,14.28,14.2886,14.25,14.25,4250,0
2017-04-20,20:25:00,14.27,14.27,14.26,14.27,2600,0
2017-04-20,20:30:00,14.26,14.26,14.19,14.21,8300,0
2017-04-20,20:35:00,14.22,14.225,14.22,14.225,1500,0
2017-04-20,20:40:00,14.22,14.22,14.18,14.18,3300,0
2017-04-20,20:45:00,14.19,14.19,14.14,14.17,9200,0
2017-04-20,20:50:00,14.16,14.24,14.16,14.21,1100,0
2017-04-20,20:55:00,14.2,14.21,14.19,14.19,6860,0
2017-04-20,21:00:00,14.19,14.2,14.19,14.19,6600,0
2017-04-20,21:05:00,14.17,14.25,14.15,14.23,9600,0
2017-04-20,21:10:00,14.24,14.24,14.22,14.24,800,0
2017-04-20,21:15:00,14.24,14.24,14.21,14.22,5900,0
2017-04-20,21:20:00,14.21,14.21,14.18,14.2,4350,0
2017-04-20,21:25:00,14.2,14.21,14.2,14.2,3764,0
2017-04-20,21:30:00,14.22,14.22,14.17,14.18,4100,0
2017-04-20,21:35:00,14.19,14.2147,14.19,14.2,4718,0
2017-04-20,21:40:00,14.21,14.22,14.19,14.19,1300,0
2017-04-20,21:45:00,14.17,14.19,14.17,14.18,7229,0
2017-04-20,21:50:00,14.18,14.24,14.18,14.24,11180,0
2017-04-20,21:55:00,14.25,14.31,14.24,14.29,10760,0
2017-04-20,22:00:00,14.29,14.3,14.24,14.29,20158,0
2017-04-21,15:35:00,14.28,14.28,14.13,14.22,17081,0
2017-04-21,15:40:00,14.24,14.27,14.24,14.26,2782,0
2017-04-21,15:45:00,14.25,14.25,14.25,14.25,800,0
2017-04-21,15:50:00,14.22,14.22,14.2,14.21,3100,0
2017-04-21,15:55:00,14.21,14.25,14.16,14.2406,2700,0
2017-04-21,16:00:00,14.21,14.21,14.16,14.16,450,0
2017-04-21,16:05:00,14.14,14.16,14.12,14.16,2914,0
2017-04-21,16:10:00,14.18,14.18,14.18,14.18,2311,0
2017-04-21,16:15:00,14.19,14.2,14.16,14.1999,2768,0
2017-04-21,16:20:00,14.21,14.22,14.18,14.2,6314,0
2017-04-21,16:25:00,14.19,14.19,14.13,14.13,4514,0
2017-04-21,16:30:00,14.1198,14.13,14.11,14.11,2250,0
2017-04-21,16:35:00,14.1,14.13,14.1,14.13,4817,0
2017-04-21,16:40:00,14.14,14.14,14.14,14.14,550,0
2017-04-21,16:45:00,14.15,14.19,14.15,14.16,4050,0
2017-04-21,16:50:00,14.15,14.15,14.15,14.15,1300,0
2017-04-21,16:55:00,14.17,14.17,14.15,14.15,2300,0
2017-04-21,17:00:00,14.16,14.17,14.16,14.17,1413,0
2017-04-21,17:05:00,14.1601,14.19,14.1601,14.18,2750,0
2017-04-21,17:10:00,14.19,14.19,14.18,14.18,2663,0
2017-04-21,17:15:00,14.21,14.22,14.21,14.2178,650,0
2017-04-21,17:20:00,14.23,14.27,14.22,14.22,4687,0
2017-04-21,17:25:00,14.19,14.19,14.19,14.19,100,0
2017-04-21,17:30:00,14.2,14.2,14.16,14.16,2414,0
2017-04-21,17:35:00,14.15,14.15,14.15,14.15,1500,0
2017-04-21,17:40:00,14.1814,14.1814,14.1814,14.1814,704,0
2017-04-21,17:45:00,14.2,14.2,14.17,14.17,2900,0
2017-04-21,17:50:00,14.14,14.14,14.14,14.14,1200,0
2017-04-21,17:55:00,14.14,14.14,14.12,14.12,1400,0
2017-04-21,18:00:00,14.12,14.13,14.1,14.13,2906,0
2017-04-21,18:10:00,14.18,14.19,14.18,14.18,5200,0
2017-04-21,18:15:00,14.17,14.17,14.17,14.17,300,0
2017-04-21,18:20:00,14.14,14.14,14.14,14.14,1200,0
2017-04-21,18:25:00,14.14,14.14,14.13,14.13,1792,0
2017-04-21,18:30:00,14.14,14.14,14.14,14.14,100,0
2017-04-21,18:35:00,14.17,14.17,14.15,14.15,758,0
2017-04-21,18:40:00,14.15,14.17,14.14,14.15,1984,0
2017-04-21,18:45:00,14.18,14.18,14.1699,14.1699,2339,0
2017-04-21,18:50:00,14.17,14.19,14.17,14.18,5200,0
2017-04-21,18:55:00,14.17,14.18,14.16,14.18,8418,0
2017-04-21,19:05:00,14.19,14.24,14.19,14.23,9900,0
2017-04-21,19:10:00,14.23,14.25,14.2,14.25,4600,0
2017-04-21,19:15:00,14.24,14.27,14.21,14.25,4400,0
2017-04-21,19:20:00,14.27,14.27,14.27,14.27,600,0
2017-04-21,19:25:00,14.263,14.28,14.24,14.24,7519,0
2017-04-21,19:30:00,14.24,14.28,14.22,14.28,2409,0
2017-04-21,19:35:00,14.28,14.28,14.28,14.28,300,0
2017-04-21,19:40:00,14.29,14.32,14.29,14.31,4644,0
2017-04-21,19:45:00,14.32,14.32,14.32,14.32,300,0
2017-04-21,19:50:00,14.34,14.35,14.33,14.33,4480,0
2017-04-21,19:55:00,14.36,14.36,14.35,14.35,500,0
2017-04-21,20:00:00,14.36,14.36,14.28,14.29,2877,0
2017-04-21,20:05:00,14.33,14.33,14.33,14.33,350,0
2017-04-21,20:10:00,14.36,14.38,14.36,14.38,3400,0
2017-04-21,20:15:00,14.37,14.37,14.15,14.29,15492,0
2017-04-21,20:20:00,14.28,14.33,14.27,14.32,11150,0
2017-04-21,20:25:00,14.37,14.39,14.35,14.36,13775,0
2017-04-21,20:30:00,14.36,14.39,14.36,14.38,7900,0
2017-04-21,20:35:00,14.38,14.38,14.33,14.33,13900,0
2017-04-21,20:40:00,14.31,14.34,14.3,14.3,5500,0
2017-04-21,20:45:00,14.31,14.31,14.3,14.31,5100,0
2017-04-21,20:50:00,14.31,14.35,14.31,14.35,4100,0
2017-04-21,20:55:00,14.35,14.36,14.35,14.36,3050,0
2017-04-21,21:00:00,14.39,14.39,14.34,14.37,15819,0
2017-04-21,21:05:00,14.37,14.38,14.34,14.34,5200,0
2017-04-21,21:10:00,14.34,14.36,14.34,14.35,4589,0
2017-04-21,21:15:00,14.36,14.36,14.34,14.36,4600,0
2017-04-21,21:20:00,14.36,14.38,14.3,14.37,28867,0
2017-04-21,21:25:00,14.37,14.4,14.37,14.4,4530,0
2017-04-21,21:30:00,14.41,14.42,14.35,14.39,13426,0
2017-04-21,21:35:00,14.39,14.422,14.39,14.422,4600,0
2017-04-21,21:40:00,14.4136,14.47,14.4136,14.46,6363,0
2017-04-21,21:45:00,14.45,14.48,14.42,14.42,21105,0
2017-04-21,21:50:00,14.43,14.43,14.4,14.42,13432,0
2017-04-21,21:55:00,14.42,14.43,14.415,14.42,22245,0
2017-04-21,22:00:00,14.42,14.46,14.39,14.46,57236,0
2017-04-24,15:35:00,13.6,13.63,13.55,13.62,23105,0
2017-04-24,15:40:00,13.629,13.66,13.61,13.61,10100,0
2017-04-24,15:45:00,13.7,13.71,13.67,13.68,3300,0
2017-04-24,15:50:00,13.67,13.72,13.67,13.71,5600,0
2017-04-24,15:55:00,13.69,13.69,13.63,13.6586,6397,0
2017-04-24,16:00:00,13.63,13.6586,13.63,13.64,3289,0
2017-04-24,16:05:00,13.634,13.634,13.59,13.59,13325,0
2017-04-24,16:10:00,13.61,13.65,13.61,13.65,500,0
2017-04-24,16:15:00,13.67,13.67,13.6,13.6,2675,0
2017-04-24,16:20:00,13.6,13.6,13.5899,13.5899,3980,0
2017-04-24,16:25:00,13.57,13.58,13.54,13.55,2850,0
2017-04-24,16:30:00,13.58,13.58,13.53,13.53,1188,0
2017-04-24,16:35:00,13.5242,13.55,13.5242,13.5325,4700,0
2017-04-24,16:40:00,13.52,13.55,13.5,13.55,14381,0
2017-04-24,16:45:00,13.53,13.57,13.53,13.55,700,0
2017-04-24,16:50:00,13.54,13.6,13.52,13.55,3800,0
2017-04-24,16:55:00,13.52,13.52,13.48,13.4899,5305,0
2017-04-24,17:00:00,13.48,13.53,13.48,13.48,2945,0
2017-04-24,17:05:00,13.47,13.52,13.47,13.51,4200,0
2017-04-24,17:10:00,13.5,13.5,13.45,13.45,4900,0
2017-04-24,17:15:00,13.4399,13.4601,13.4399,13.45,7039,0
2017-04-24,17:20:00,13.46,13.51,13.46,13.51,3450,0
2017-04-24,17:25:00,13.5,13.55,13.49,13.5382,8050,0
2017-04-24,17:30:00,13.52,13.52,13.51,13.51,3100,0
2017-04-24,17:35:00,13.51,13.56,13.51,13.56,3450,0
2017-04-24,17:40:00,13.56,13.57,13.51,13.52,4400,0
2017-04-24,17:45:00,13.53,13.54,13.53,13.54,2100,0
2017-04-24,17:50:00,13.55,13.57,13.55,13.5634,1600,0
2017-04-24,17:55:00,13.55,13.58,13.53,13.58,1300,0
2017-04-24,18:00:00,13.58,13.58,13.54,13.55,1100,0
2017-04-24,18:05:00,13.56,13.57,13.48,13.48,3560,0
2017-04-24,18:15:00,13.48,13.49,13.48,13.49,800,0
2017-04-24,18:20:00,13.49,13.5,13.49,13.49,2878,0
2017-04-24,18:25:00,13.5,13.52,13.5,13.52,7500,0
2017-04-24,18:30:00,13.5272,13.53,13.51,13.51,4167,0
2017-04-24,18:35:00,13.53,13.552,13.53,13.53,1700,0
2017-04-24,18:40:00,13.57,13.61,13.57,13.61,3393,0
2017-04-24,18:45:00,13.6,13.61,13.59,13.61,1400,0
2017-04-24,18:50:00,13.62,13.63,13.6,13.61,4281,0
2017-04-24,18:55:00,13.62,13.62,13.62,13.62,900,0
2017-04-24,19:00:00,13.65,13.67,13.62,13.62,2300,0
2017-04-24,19:05:00,13.61,13.63,13.59,13.6,2000,0
2017-04-24,19:10:00,13.59,13.6,13.58,13.6,1000,0
2017-04-24,19:15:00,13.59,13.59,13.59,13.59,100,0
2017-04-24,19:20:00,13.62,13.6299,13.61,13.61,5200,0
2017-04-24,19:25:00,13.597,13.62,13.59,13.62,5200,0
2017-04-24,19:30:00,13.62,13.62,13.62,13.62,300,0
2017-04-24,19:35:00,13.63,13.63,13.63,13.63,600,0
2017-04-24,19:40:00,13.58,13.58,13.58,13.58,400,0
2017-04-24,19:45:00,13.56,13.58,13.56,13.58,2500,0
2017-04-24,19:50:00,13.6,13.6,13.58,13.5845,3500,0
2017-04-24,19:55:00,13.61,13.61,13.6,13.6,1300,0
2017-04-24,20:00:00,13.62,13.62,13.62,13.62,1800,0
2017-04-24,20:10:00,13.65,13.65,13.65,13.65,100,0
2017-04-24,20:15:00,13.68,13.71,13.68,13.71,1600,0
2017-04-24,20:20:00,13.6501,13.681,13.6501,13.66,6225,0
2017-04-24,20:25:00,13.64,13.64,13.64,13.64,3750,0
2017-04-24,20:30:00,13.65,13.68,13.65,13.68,7800,0
2017-04-24,20:35:00,13.66,13.67,13.65,13.65,500,0
2017-04-24,20:40:00,13.66,13.66,13.62,13.62,3666,0
2017-04-24,20:45:00,13.64,13.65,13.63,13.65,3500,0
2017-04-24,20:50:00,13.6764,13.6764,13.6764,13.6764,200,0
2017-04-24,21:00:00,13.67,13.67,13.67,13.67,800,0
2017-04-24,21:05:00,13.67,13.67,13.63,13.6399,10751,0
2017-04-24,21:10:00,13.63,13.65,13.62,13.65,8700,0
2017-04-24,21:15:00,13.65,13.66,13.64,13.64,1800,0
2017-04-24,21:20:00,13.63,13.64,13.63,13.64,600,0
2017-04-24,21:25:00,13.64,13.66,13.64,13.66,2600,0
2017-04-24,21:30:00,13.65,13.6904,13.65,13.68,7436,0
2017-04-24,21:35:00,13.67,13.69,13.66,13.68,5500,0
2017-04-24,21:40:00,13.68,13.68,13.65,13.65,2400,0
2017-04-24,21:45:00,13.65,13.65,13.6101,13.62,12069,0
2017-04-24,21:50:00,13.62,13.63,13.61,13.63,6603,0
2017-04-24,21:55:00,13.63,13.64,13.62,13.63,17671,0
2017-04-24,22:00:00,13.63,13.63,13.6,13.61,21843,0
2017-04-25,15:35:00,14.01,14.1,14.01,14.02,18825,0
2017-04-25,15:40:00,14.01,14.01,13.92,13.94,7720,0
2017-04-25,15:45:00,13.97,13.9701,13.94,13.94,5127,0
2017-04-25,15:50:00,13.93,13.99,13.92,13.99,4481,0
2017-04-25,15:55:00,13.96,13.96,13.92,13.93,2200,0
2017-04-25,16:00:00,13.93,13.93,13.87,13.87,1950,0
2017-04-25,16:05:00,13.8626,13.88,13.86,13.88,1004,0
2017-04-25,16:10:00,13.83,13.83,13.8099,13.8099,500,0
2017-04-25,16:15:00,13.81,13.8214,13.81,13.82,4263,0
2017-04-25,16:20:00,13.81,13.8299,13.81,13.8299,1450,0
2017-04-25,16:25:00,13.8613,13.8728,13.8613,13.8728,300,0
2017-04-25,16:30:00,13.89,13.91,13.89,13.9,600,0
2017-04-25,16:35:00,13.9,13.9013,13.9,13.9013,600,0
2017-04-25,16:40:00,13.92,13.93,13.91,13.93,2900,0
2017-04-25,16:45:00,13.94,13.94,13.8801,13.8801,3800,0
2017-04-25,16:50:00,13.91,13.91,13.9,13.9,700,0
2017-04-25,16:55:00,13.89,13.89,13.85,13.85,1400,0
2017-04-25,17:00:00,13.84,13.84,13.81,13.81,1900,0
2017-04-25,17:05:00,13.78,13.8,13.78,13.79,1600,0
2017-04-25,17:10:00,13.799,13.83,13.7874,13.83,7450,0
2017-04-25,17:15:00,13.82,13.82,13.81,13.8188,3370,0
2017-04-25,17:20:00,13.83,13.83,13.8,13.8,1100,0
2017-04-25,17:25:00,13.8,13.8,13.7699,13.77,7436,0
2017-04-25,17:30:00,13.78,13.83,13.77,13.83,9900,0
2017-04-25,17:35:00,13.84,13.86,13.82,13.83,4618,0
2017-04-25,17:40:00,13.85,13.89,13.85,13.88,2516,0
2017-04-25,17:45:00,13.9,13.94,13.9,13.93,3300,0
2017-04-25,17:50:00,13.92,13.96,13.9,13.96,6160,0
2017-04-25,17:55:00,13.95,13.9616,13.95,13.9616,4100,0
2017-04-25,18:00:00,13.95,13.97,13.95,13.96,1500,0
2017-04-25,18:05:00,13.92,13.92,13.91,13.91,2200,0
2017-04-25,18:10:00,13.9,13.9,13.86,13.86,1000,0
2017-04-25,18:15:00,13.87,13.89,13.87,13.89,400,0
2017-04-25,18:20:00,13.88,13.88,13.86,13.87,1000,0
2017-04-25,18:25:00,13.88,13.89,13.87,13.89,8900,0
2017-04-25,18:30:00,13.8851,13.8851,13.88,13.88,300,0
2017-04-25,18:35:00,13.88,13.88,13.88,13.88,500,0
2017-04-25,18:40:00,13.89,13.91,13.8889,13.9,5200,0
2017-04-25,18:45:00,13.9099,13.92,13.89,13.92,1772,0
2017-04-25,18:50:00,13.94,13.94,13.89,13.89,3200,0
2017-04-25,19:00:00,13.89,13.9,13.76,13.76,32191,0
2017-04-25,19:05:00,13.77,13.77,13.75,13.75,600,0
2017-04-25,19:10:00,13.72,13.72,13.69,13.71,15009,0
2017-04-25,19:15:00,13.72,13.75,13.72,13.74,3731,0
2017-04-25,19:20:00,13.76,13.76,13.74,13.74,2100,0
2017-04-25,19:25:00,13.72,13.75,13.72,13.75,4485,0
2017-04-25,19:30:00,13.75,13.76,13.75,13.76,2000,0
2017-04-25,19:35:00,13.78,13.789,13.76,13.76,11125,0
2017-04-25,19:40:00,13.77,13.78,13.76,13.77,10900,0
2017-04-25,19:45:00,13.78,13.78,13.74,13.75,2400,0
2017-04-25,19:50:00,13.75,13.75,13.73,13.73,2300,0
2017-04-25,19:55:00,13.73,13.73,13.73,13.73,100,0
2017-04-25,20:00:00,13.74,13.75,13.7001,13.7001,4300,0
2017-04-25,20:05:00,13.71,13.71,13.7,13.7,14250,0
2017-04-25,20:10:00,13.7,13.71,13.67,13.67,3500,0
2017-04-25,20:15:00,13.67,13.67,13.62,13.62,3412,0
2017-04-25,20:20:00,13.6275,13.63,13.61,13.6102,4500,0
2017-04-25,20:25:00,13.61,13.6299,13.58,13.58,15165,0
2017-04-25,20:30:00,13.59,13.6,13.59,13.59,1050,0
2017-04-25,20:35:00,13.6,13.6,13.6,13.6,400,0
2017-04-25,20:40:00,13.605,13.605,13.59,13.6,3300,0
2017-04-25,20:45:00,13.6,13.61,13.58,13.58,3500,0
2017-04-25,20:50:00,13.57,13.59,13.57,13.58,4986,0
2017-04-25,20:55:00,13.6,13.63,13.6,13.63,400,0
2017-04-25,21:00:00,13.6685,13.6685,13.66,13.66,350,0
2017-04-25,21:05:00,13.59,13.59,13.57,13.57,10381,0
2017-04-25,21:10:00,13.56,13.58,13.54,13.58,10950,0
2017-04-25,21:15:00,13.58,13.6,13.58,13.6,1100,0
2017-04-25,21:25:00,13.57,13.57,13.57,13.57,100,0
2017-04-25,21:30:00,13.57,13.57,13.57,13.57,300,0
2017-04-25,21:35:00,13.57,13.57,13.56,13.56,2685,0
2017-04-25,21:40:00,13.55,13.61,13.55,13.61,4436,0
2017-04-25,21:45:00,13.61,13.61,13.59,13.59,16900,0
2017-04-25,21:50:00,13.6,13.61,13.59,13.6,9670,0
2017-04-25,21:55:00,13.61,13.62,13.6,13.61,4085,0
2017-04-25,22:00:00,13.6,13.61,13.57,13.6,48313,0
2017-04-26,15:35:00,13.9681,13.9681,13.85,13.89,6564,0
2017-04-26,15:40:00,13.9,13.9,13.9,13.9,1500,0
2017-04-26,15:45:00,13.87,13.9,13.87,13.89,7148,0
2017-04-26,15:50:00,13.89,13.91,13.861,13.91,1000,0
2017-04-26,15:55:00,13.93,13.93,13.9,13.9,3150,0
2017-04-26,16:00:00,13.88,13.88,13.85,13.87,5256,0
2017-04-26,16:05:00,13.89,13.9,13.89,13.89,1000,0
2017-04-26,16:10:00,13.89,13.89,13.89,13.89,300,0
2017-04-26,16:15:00,13.86,13.86,13.86,13.86,500,0
2017-04-26,16:20:00,13.85,13.85,13.85,13.85,200,0
2017-04-26,16:25:00,13.91,13.93,13.91,13.93,4300,0
2017-04-26,16:30:00,13.92,13.92,13.91,13.92,1900,0
2017-04-26,16:35:00,13.87,13.87,13.82,13.84,2079,0
2017-04-26,16:40:00,13.83,13.87,13.82,13.86,1300,0
2017-04-26,16:45:00,13.84,13.86,13.8,13.8,9744,0
2017-04-26,16:50:00,13.79,13.79,13.74,13.74,11766,0
2017-04-26,16:55:00,13.73,13.73,13.67,13.69,5050,0
2017-04-26,17:00:00,13.72,13.72,13.68,13.69,5350,0
2017-04-26,17:05:00,13.7,13.72,13.68,13.7,7400,0
2017-04-26,17:10:00,13.67,13.74,13.67,13.74,731,0
2017-04-26,17:15:00,13.74,13.78,13.74,13.77,900,0
2017-04-26,17:20:00,13.77,13.77,13.75,13.75,1800,0
2017-04-26,17:25:00,13.72,13.75,13.71,13.75,2925,0
2017-04-26,17:30:00,13.71,13.71,13.671,13.671,2500,0
2017-04-26,17:35:00,13.72,13.72,13.7,13.7,400,0
2017-04-26,17:40:00,13.7537,13.7537,13.7537,13.7537,1700,0
2017-04-26,17:45:00,13.77,13.89,13.77,13.89,3550,0
2017-04-26,17:50:00,13.89,13.92,13.89,13.91,11450,0
2017-04-26,17:55:00,13.89,13.89,13.84,13.84,1100,0
2017-04-26,18:00:00,13.8951,13.9,13.88,13.89,7295,0
2017-04-26,18:05:00,13.92,13.93,13.88,13.88,9058,0
2017-04-26,18:10:00,13.85,13.85,13.82,13.84,1232,0
2017-04-26,18:15:00,13.82,13.89,13.8,13.87,2500,0
2017-04-26,18:20:00,13.89,13.94,13.89,13.89,8672,0
2017-04-26,18:25:00,13.9,13.92,13.9,13.91,2100,0
2017-04-26,18:30:00,13.89,13.89,13.88,13.89,1300,0
2017-04-26,18:35:00,13.89,13.92,13.89,13.92,2800,0
2017-04-26,18:40:00,13.93,14,13.93,14,10672,0
2017-04-26,18:45:00,14,14.03,14,14.0213,9980,0
2017-04-26,18:50:00,14.02,14.11,14,14.11,18486,0
2017-04-26,18:55:00,14.1,14.1,14.05,14.05,3600,0
2017-04-26,19:00:00,14.04,14.07,14.03,14.04,3610,0
2017-04-26,19:05:00,14.07,14.07,14.03,14.05,3503,0
2017-04-26,19:10:00,14.06,14.09,14.04,14.07,7277,0
2017-04-26,19:15:00,14.07,14.1,14.07,14.1,3700,0
2017-04-26,19:20:00,14.08,14.08,13.97,13.97,8495,0
2017-04-26,19:25:00,13.97,13.972,13.97,13.972,300,0
2017-04-26,19:30:00,13.97,13.97,13.954,13.97,1100,0
2017-04-26,19:35:00,13.96,14,13.96,13.99,3635,0
2017-04-26,19:40:00,13.97,13.98,13.96,13.97,2900,0
2017-04-26,19:45:00,13.97,13.97,13.94,13.94,6150,0
2017-04-26,19:50:00,13.92,14.03,13.92,13.97,1600,0
2017-04-26,19:55:00,13.92,13.93,13.8698,13.8698,14900,0
2017-04-26,20:00:00,13.84,13.879,13.8276,13.8789,7602,0
2017-04-26,20:05:00,13.92,13.92,13.84,13.86,5800,0
2017-04-26,20:10:00,13.86,13.86,13.84,13.84,1200,0
2017-04-26,20:15:00,13.8199,13.86,13.81,13.82,11500,0
2017-04-26,20:20:00,13.79,13.79,13.77,13.77,1700,0
2017-04-26,20:25:00,13.77,13.8,13.74,13.74,6200,0
2017-04-26,20:30:00,13.76,13.81,13.76,13.81,900,0
2017-04-26,20:35:00,13.81,13.82,13.78,13.8,3203,0
2017-04-26,20:40:00,13.81,13.82,13.79,13.79,1400,0
2017-04-26,20:45:00,13.78,13.79,13.77,13.77,2200,0
2017-04-26,20:50:00,13.78,13.81,13.78,13.81,800,0
2017-04-26,20:55:00,13.78,13.81,13.78,13.81,800,0
2017-04-26,21:00:00,13.79,13.82,13.79,13.81,9526,0
2017-04-26,21:05:00,13.83,13.83,13.81,13.82,2000,0
2017-04-26,21:10:00,13.79,13.79,13.78,13.79,5000,0
2017-04-26,21:15:00,13.82,13.85,13.81,13.81,1200,0
2017-04-26,21:20:00,13.81,13.81,13.78,13.79,1945,0
2017-04-26,21:25:00,13.8,13.8,13.77,13.77,300,0
2017-04-26,21:30:00,13.79,13.8,13.78,13.78,7450,0
2017-04-26,21:35:00,13.77,13.79,13.7402,13.79,10650,0
2017-04-26,21:40:00,13.78,13.81,13.78,13.8,1600,0
2017-04-26,21:45:00,13.81,13.83,13.81,13.82,15508,0
2017-04-26,21:50:00,13.82,13.83,13.81,13.82,22178,0
2017-04-26,21:55:00,13.81,13.83,13.78,13.83,10816,0
2017-04-26,22:00:00,13.83,13.84,13.81,13.82,49002,0
