Date,Time,Open,High,Low,Close,Volume,OpenInt
2016-12-07,15:35:00,31.52,31.52,31.52,31.52,100,0
2016-12-07,15:55:00,31.6,31.6,31.6,31.6,200,0
2016-12-07,16:00:00,31.58,31.6,31.58,31.6,2600,0
2016-12-07,16:20:00,31.5904,31.5904,31.5904,31.5904,300,0
2016-12-07,16:40:00,31.63,31.63,31.63,31.63,200,0
2016-12-07,18:50:00,31.6599,31.6599,31.6599,31.6599,300,0
2016-12-07,19:25:00,31.7,31.7,31.7,31.7,400,0
2016-12-07,19:45:00,31.71,31.71,31.71,31.71,100,0
2016-12-07,21:00:00,31.72,31.72,31.72,31.72,100,0
2016-12-07,21:25:00,31.74,31.75,31.74,31.75,250,0
2016-12-07,21:30:00,31.75,31.75,31.745,31.75,1600,0
2016-12-07,21:35:00,31.75,31.75,31.75,31.75,300,0
2016-12-07,21:55:00,31.757,31.757,31.757,31.757,210,0
2016-12-07,22:00:00,31.75,31.75,31.75,31.75,100,0
2016-12-08,15:35:00,31.53,31.53,31.5,31.5,240,0
2016-12-08,15:40:00,31.489,31.489,31.489,31.489,200,0
2016-12-08,15:45:00,31.4652,31.4652,31.4652,31.4652,100,0
2016-12-08,16:00:00,31.45,31.45,31.45,31.45,100,0
2016-12-08,16:05:00,31.48,31.48,31.48,31.48,100,0
2016-12-08,16:40:00,31.44,31.44,31.44,31.44,100,0
2016-12-08,17:50:00,31.4064,31.4064,31.4064,31.4064,800,0
2016-12-08,17:55:00,31.3901,31.3901,31.3901,31.3901,300,0
2016-12-08,18:00:00,31.39,31.459,31.39,31.459,1300,0
2016-12-08,18:50:00,31.414,31.414,31.414,31.414,210,0
2016-12-08,20:25:00,31.41,31.4379,31.41,31.4379,290,0
2016-12-08,22:00:00,31.4,31.4,31.4,31.4,100,0
2016-12-09,15:35:00,31.28,31.28,31.21,31.28,1100,0
2016-12-09,15:50:00,31.1796,31.1796,31.1796,31.1796,100,0
2016-12-09,16:15:00,31.1696,31.1696,31.14,31.14,720,0
2016-12-09,16:30:00,31.204,31.204,31.204,31.204,1200,0
2016-12-09,16:35:00,31.19,31.19,31.19,31.19,100,0
2016-12-09,16:55:00,31.14,31.14,31.14,31.14,200,0
2016-12-09,18:20:00,31.14,31.1599,31.14,31.1599,600,0
2016-12-09,19:15:00,31.15,31.15,31.15,31.15,200,0
2016-12-09,20:25:00,31.15,31.1721,31.14,31.14,2100,0
2016-12-09,20:30:00,31.15,31.1975,31.15,31.1975,400,0
2016-12-09,21:10:00,31.18,31.18,31.15,31.18,1300,0
2016-12-09,21:15:00,31.19,31.2,31.16,31.19,1700,0
2016-12-12,15:35:00,29.45,29.45,29.14,29.3463,15706,0
2016-12-12,15:45:00,29.4965,29.4965,29.464,29.464,700,0
2016-12-12,15:50:00,29.461,29.4756,29.461,29.4756,2000,0
2016-12-12,15:55:00,29.4999,29.4999,29.4999,29.4999,150,0
2016-12-12,16:00:00,29.4942,29.4942,29.45,29.4719,2450,0
2016-12-12,16:10:00,29.49,29.49,29.49,29.49,100,0
2016-12-12,16:15:00,29.475,29.475,29.475,29.475,100,0
2016-12-12,16:35:00,29.48,29.48,29.48,29.48,300,0
2016-12-12,16:45:00,29.445,29.445,29.445,29.445,500,0
2016-12-12,17:00:00,29.4652,29.4652,29.4652,29.4652,200,0
2016-12-12,17:15:00,29.45,29.45,29.45,29.45,150,0
2016-12-12,17:20:00,29.45,29.45,29.45,29.45,1000,0
2016-12-12,17:25:00,29.43,29.4852,29.42,29.42,900,0
2016-12-12,17:30:00,29.42,29.4277,29.42,29.42,500,0
2016-12-12,17:35:00,29.43,29.5,29.43,29.5,1100,0
2016-12-12,17:45:00,29.4572,29.4572,29.4572,29.4572,100,0
2016-12-12,18:05:00,29.45,29.45,29.43,29.43,500,0
2016-12-12,18:20:00,29.42,29.4256,29.42,29.4256,500,0
2016-12-12,18:25:00,29.42,29.42,29.41,29.41,600,0
2016-12-12,18:30:00,29.4,29.4,29.4,29.4,1200,0
2016-12-12,18:35:00,29.3501,29.3501,29.3501,29.3501,100,0
2016-12-12,18:40:00,29.397,29.3992,29.397,29.3992,200,0
2016-12-12,19:00:00,29.4,29.4,29.4,29.4,800,0
2016-12-12,19:10:00,29.375,29.375,29.375,29.375,100,0
2016-12-12,20:15:00,29.3852,29.3999,29.37,29.3999,535,0
2016-12-12,20:20:00,29.37,29.37,29.37,29.37,576,0
2016-12-12,20:45:00,29.39,29.39,29.39,29.39,300,0
2016-12-12,21:20:00,29.4161,29.42,29.415,29.415,300,0
2016-12-12,21:30:00,29.4131,29.4131,29.4131,29.4131,1000,0
2016-12-12,21:35:00,29.41,29.415,29.41,29.415,300,0
2016-12-12,21:45:00,29.42,29.42,29.42,29.42,1766,0
2016-12-12,21:50:00,29.4633,29.4633,29.4633,29.4633,212,0
2016-12-12,22:00:00,29.5,29.51,29.41,29.41,2600,0
2016-12-13,15:35:00,29.43,29.71,29.43,29.71,2140,0
2016-12-13,15:40:00,29.71,29.71,29.71,29.71,300,0
2016-12-13,15:50:00,29.71,29.7693,29.71,29.7693,1950,0
2016-12-13,15:55:00,29.74,29.74,29.74,29.74,700,0
2016-12-13,16:00:00,29.715,29.715,29.715,29.715,200,0
2016-12-13,16:10:00,29.71,29.71,29.68,29.6811,800,0
2016-12-13,16:15:00,29.68,29.681,29.68,29.68,1400,0
2016-12-13,16:20:00,29.68,29.68,29.66,29.66,1600,0
2016-12-13,16:25:00,29.6601,29.6601,29.66,29.66,200,0
2016-12-13,16:45:00,29.701,29.701,29.66,29.66,3500,0
2016-12-13,17:25:00,29.69,29.69,29.69,29.69,100,0
2016-12-13,18:05:00,29.695,29.695,29.695,29.695,100,0
2016-12-13,18:25:00,29.7,29.7,29.7,29.7,500,0
2016-12-13,18:30:00,29.69,29.695,29.69,29.695,800,0
2016-12-13,19:10:00,29.691,29.691,29.69,29.69,1500,0
2016-12-13,19:40:00,29.75,29.75,29.75,29.75,500,0
2016-12-13,21:00:00,29.7115,29.7115,29.7115,29.7115,190,0
2016-12-14,15:35:00,29.5,29.5,29.4,29.4,257,0
2016-12-14,15:50:00,29.41,29.41,29.41,29.41,1342,0
2016-12-14,16:15:00,29.4,29.4,29.3801,29.3805,850,0
2016-12-14,17:10:00,29.435,29.435,29.435,29.435,100,0
2016-12-14,17:40:00,29.4252,29.4252,29.4,29.4,700,0
2016-12-14,18:55:00,29.43,29.43,29.43,29.43,100,0
2016-12-14,19:05:00,29.47,29.47,29.47,29.47,700,0
2016-12-14,21:25:00,29.27,29.27,29.27,29.27,100,0
2016-12-14,21:45:00,29.251,29.251,29.251,29.251,200,0
2016-12-14,21:50:00,29.27,29.29,29.27,29.28,700,0
2016-12-15,15:35:00,29.22,29.326,29.22,29.326,1937,0
2016-12-15,15:45:00,29.342,29.342,29.342,29.342,200,0
2016-12-15,15:50:00,29.3249,29.3249,29.3249,29.3249,200,0
2016-12-15,16:00:00,29.3614,29.3614,29.3614,29.3614,500,0
2016-12-15,16:10:00,29.35,29.35,29.35,29.35,2100,0
2016-12-15,16:25:00,29.35,29.35,29.35,29.35,500,0
2016-12-15,16:30:00,29.3144,29.3144,29.3144,29.3144,500,0
2016-12-15,16:40:00,29.3548,29.3548,29.33,29.33,330,0
2016-12-15,17:00:00,29.35,29.3525,29.35,29.3525,730,0
2016-12-15,17:05:00,29.3617,29.3617,29.3617,29.3617,325,0
2016-12-15,17:15:00,29.3788,29.3788,29.3788,29.3788,110,0
2016-12-15,19:55:00,29.3,29.3,29.3,29.3,100,0
2016-12-15,20:00:00,29.3,29.3,29.3,29.3,400,0
2016-12-15,20:05:00,29.3,29.3,29.3,29.3,200,0
2016-12-15,20:10:00,29.3,29.3,29.3,29.3,200,0
2016-12-15,20:15:00,29.3,29.3,29.26,29.26,200,0
2016-12-15,20:20:00,29.26,29.26,29.25,29.25,200,0
2016-12-15,20:25:00,29.25,29.25,29.25,29.25,200,0
2016-12-15,20:30:00,29.24,29.25,29.24,29.25,200,0
2016-12-15,20:35:00,29.25,29.25,29.25,29.25,200,0
2016-12-15,20:40:00,29.25,29.25,29.25,29.25,200,0
2016-12-15,20:45:00,29.25,29.28,29.25,29.25,600,0
2016-12-15,20:50:00,29.25,29.26,29.25,29.25,300,0
2016-12-15,20:55:00,29.26,29.26,29.26,29.26,200,0
2016-12-15,21:00:00,29.26,29.26,29.26,29.26,200,0
2016-12-15,21:05:00,29.25,29.26,29.25,29.26,300,0
2016-12-15,21:10:00,29.25,29.25,29.25,29.25,200,0
2016-12-15,21:15:00,29.24,29.24,29.24,29.24,200,0
2016-12-15,21:20:00,29.24,29.27,29.24,29.27,300,0
2016-12-15,21:25:00,29.27,29.27,29.27,29.27,200,0
2016-12-15,21:30:00,29.27,29.28,29.27,29.27,400,0
2016-12-15,21:35:00,29.27,29.28,29.27,29.28,200,0
2016-12-15,21:40:00,29.28,29.28,29.24,29.24,300,0
2016-12-15,21:45:00,29.24,29.27,29.24,29.27,500,0
2016-12-15,21:50:00,29.25,29.27,29.24,29.27,600,0
2016-12-15,21:55:00,29.24,29.2797,29.24,29.24,1300,0
2016-12-15,22:00:00,29.24,29.27,29.23,29.23,1600,0
2016-12-16,15:35:00,29.51,29.51,29.51,29.51,140,0
2016-12-16,17:25:00,29.51,29.51,29.51,29.51,172,0
2016-12-16,17:30:00,29.468,29.468,29.45,29.45,2000,0
2016-12-16,17:35:00,29.45,29.45,29.45,29.45,100,0
2016-12-16,18:00:00,29.47,29.47,29.47,29.47,100,0
2016-12-16,18:05:00,29.4695,29.4695,29.4695,29.4695,200,0
2016-12-16,18:40:00,29.4488,29.4488,29.4488,29.4488,219,0
2016-12-16,19:45:00,29.4189,29.4189,29.4189,29.4189,100,0
2016-12-16,21:45:00,29.4,29.4001,29.37,29.4001,2690,0
2016-12-16,22:00:00,29.37,29.371,29.35,29.36,6818,0
2016-12-19,15:45:00,29.4,29.4,29.4,29.4,550,0
2016-12-19,16:00:00,29.35,29.35,29.35,29.35,300,0
2016-12-19,16:30:00,29.3697,29.3697,29.3697,29.3697,600,0
2016-12-19,16:35:00,29.3994,29.3994,29.3994,29.3994,200,0
2016-12-19,17:05:00,29.36,29.37,29.36,29.37,260,0
2016-12-19,17:30:00,29.37,29.4,29.37,29.4,700,0
2016-12-19,17:55:00,29.37,29.3839,29.37,29.3839,700,0
2016-12-19,18:15:00,29.37,29.37,29.37,29.37,2100,0
2016-12-19,18:20:00,29.37,29.37,29.36,29.37,3078,0
2016-12-19,18:25:00,29.4,29.4,29.37,29.4,1200,0
2016-12-19,18:30:00,29.36,29.36,29.36,29.36,100,0
2016-12-19,19:45:00,29.3763,29.3763,29.35,29.35,1220,0
2016-12-19,21:15:00,29.35,29.35,29.35,29.35,200,0
2016-12-19,21:35:00,29.38,29.42,29.34,29.34,900,0
2016-12-19,21:50:00,29.355,29.355,29.355,29.355,135,0
2016-12-20,15:35:00,29.22,29.22,29.22,29.22,200,0
2016-12-20,16:15:00,29.3012,29.3012,29.3012,29.3012,400,0
2016-12-20,16:45:00,29.301,29.3117,29.3,29.3,2100,0
2016-12-20,17:20:00,29.282,29.282,29.27,29.27,2500,0
2016-12-20,19:35:00,29.268,29.268,29.268,29.268,100,0
2016-12-20,19:50:00,29.278,29.278,29.278,29.278,500,0
2016-12-20,20:15:00,29.27,29.27,29.27,29.27,100,0
2016-12-20,20:45:00,29.27,29.27,29.27,29.27,200,0
2016-12-20,21:20:00,29.28,29.28,29.28,29.28,100,0
2016-12-20,21:35:00,29.2737,29.2737,29.27,29.27,314,0
2016-12-20,21:45:00,29.27,29.2724,29.27,29.2724,326,0
2016-12-21,15:35:00,29.6054,29.6054,29.6054,29.6054,100,0
2016-12-21,15:50:00,29.6111,29.6111,29.6111,29.6111,250,0
2016-12-21,16:10:00,29.5858,29.5858,29.5858,29.5858,300,0
2016-12-21,16:40:00,29.575,29.575,29.575,29.575,150,0
2016-12-21,17:35:00,29.56,29.585,29.56,29.585,200,0
2016-12-21,18:05:00,29.55,29.55,29.515,29.54,1800,0
2016-12-21,18:10:00,29.54,29.54,29.54,29.54,100,0
2016-12-21,18:30:00,29.58,29.58,29.58,29.58,100,0
2016-12-21,18:45:00,29.5749,29.5749,29.5749,29.5749,100,0
2016-12-21,20:25:00,29.54,29.54,29.53,29.53,1300,0
2016-12-21,21:50:00,29.5122,29.5122,29.5122,29.5122,267,0
2016-12-21,22:00:00,29.49,29.5007,29.49,29.49,300,0
2016-12-22,18:30:00,29.43,29.43,29.43,29.43,175,0
2016-12-22,18:55:00,29.4,29.4,29.38,29.38,5700,0
2016-12-22,19:25:00,29.37,29.371,29.37,29.37,6200,0
2016-12-22,19:45:00,29.38,29.38,29.37,29.37,950,0
2016-12-22,19:50:00,29.42,29.42,29.42,29.42,100,0
2016-12-22,20:45:00,29.41,29.41,29.36,29.36,200,0
2016-12-23,15:35:00,29.22,29.22,28.55,29.08,1435,0
2016-12-23,15:40:00,29.1289,29.1289,29.1289,29.1289,100,0
2016-12-23,15:45:00,29.1291,29.1291,29.1291,29.1291,600,0
2016-12-23,15:55:00,29.174,29.174,29.174,29.174,600,0
2016-12-23,16:00:00,29.1758,29.1758,29.1758,29.1758,100,0
2016-12-23,16:20:00,29.14,29.1452,29.14,29.1452,400,0
2016-12-23,16:45:00,29.14,29.1603,29.14,29.1603,3300,0
2016-12-23,19:15:00,29.12,29.16,29.12,29.12,2867,0
2016-12-23,21:35:00,29.11,29.11,29.11,29.11,100,0
2016-12-23,21:40:00,29.11,29.11,29.11,29.11,100,0
2016-12-23,21:50:00,29.12,29.12,29.12,29.12,100,0
2016-12-23,22:00:00,29.12,29.12,29.07,29.07,2400,0
2016-12-27,16:30:00,29.24,29.24,29.23,29.23,600,0
2016-12-27,16:35:00,29.24,29.24,29.24,29.24,100,0
2016-12-27,16:40:00,29.235,29.235,29.23,29.23,800,0
2016-12-27,17:20:00,29.2,29.2,29.2,29.2,200,0
2016-12-27,22:00:00,29.2,29.2,29.2,29.2,100,0
2016-12-28,15:55:00,29.02,29.02,29.02,29.02,500,0
2016-12-28,16:00:00,29.011,29.011,29.011,29.011,100,0
2016-12-28,16:15:00,28.99,28.992,28.99,28.992,400,0
2016-12-28,16:25:00,29.03,29.03,28.9501,28.9501,200,0
2016-12-28,16:30:00,28.9675,28.9675,28.9675,28.9675,100,0
2016-12-28,17:05:00,28.9572,28.98,28.95,28.951,2885,0
2016-12-28,17:10:00,28.9843,28.9843,28.9843,28.9843,174,0
2016-12-28,17:30:00,28.96,28.966,28.96,28.96,360,0
2016-12-28,18:00:00,28.95,28.95,28.95,28.95,100,0
2016-12-28,18:55:00,28.9472,28.9472,28.9472,28.9472,100,0
2016-12-28,19:00:00,28.92,28.96,28.92,28.96,1100,0
2016-12-28,19:15:00,28.945,28.9592,28.945,28.9592,400,0
2016-12-28,21:00:00,28.93,28.941,28.93,28.941,214,0
2016-12-28,21:50:00,28.9348,28.9348,28.9348,28.9348,105,0
2016-12-28,22:00:00,28.92,28.92,28.92,28.92,400,0
2016-12-29,16:40:00,29.02,29.04,29.02,29.04,2257,0
2016-12-29,16:45:00,29.04,29.1,29.03,29.1,9100,0
2016-12-29,16:50:00,29.1,29.12,29.1,29.11,3700,0
2016-12-29,16:55:00,29.1155,29.1578,29.1155,29.15,2000,0
2016-12-29,17:15:00,29.09,29.14,29.09,29.13,8965,0
2016-12-29,17:20:00,29.06,29.06,29.06,29.06,100,0
2016-12-29,17:50:00,29.04,29.04,29.04,29.04,100,0
2016-12-29,17:55:00,29.0612,29.0612,29.0612,29.0612,200,0
2016-12-29,18:10:00,29.02,29.02,29.02,29.02,133,0
2016-12-29,18:50:00,29.02,29.02,29.02,29.02,167,0
2016-12-29,20:05:00,29.0157,29.0157,29.0157,29.0157,192,0
2016-12-29,20:35:00,29.0345,29.0345,29.0345,29.0345,400,0
2016-12-29,22:00:00,29.02,29.02,29.02,29.02,100,0
2016-12-30,15:50:00,28.917,28.917,28.917,28.917,100,0
2016-12-30,17:00:00,28.91,28.91,28.91,28.91,400,0
2016-12-30,17:05:00,28.902,28.902,28.902,28.902,100,0
2016-12-30,17:10:00,28.915,28.915,28.9,28.9001,5600,0
2016-12-30,17:15:00,28.88,28.8866,28.88,28.8866,500,0
2016-12-30,17:25:00,28.8952,28.8952,28.8952,28.8952,300,0
2016-12-30,17:35:00,28.895,28.8999,28.895,28.8999,1000,0
2016-12-30,17:45:00,28.9,28.9,28.9,28.9,500,0
2016-12-30,19:35:00,28.8988,28.8988,28.8988,28.8988,100,0
2016-12-30,19:45:00,28.8711,28.8711,28.8711,28.8711,161,0
2016-12-30,21:00:00,28.8301,28.8301,28.8301,28.8301,250,0
2016-12-30,21:05:00,28.831,28.831,28.831,28.831,200,0
2016-12-30,21:15:00,28.84,28.84,28.84,28.84,400,0
2016-12-30,21:55:00,28.8411,28.8411,28.8411,28.8411,150,0
2017-01-03,15:35:00,29.28,29.28,29.18,29.18,500,0
2017-01-03,15:50:00,29.13,29.13,29.13,29.13,100,0
2017-01-03,16:05:00,29.1823,29.2,29.1823,29.2,300,0
2017-01-03,16:10:00,29.194,29.194,29.194,29.194,200,0
2017-01-03,16:25:00,29.21,29.21,29.21,29.21,450,0
2017-01-03,16:35:00,29.32,29.32,29.32,29.32,1500,0
2017-01-03,16:55:00,29.1808,29.21,29.1808,29.21,300,0
2017-01-03,17:00:00,29.21,29.21,29.21,29.21,1500,0
2017-01-03,17:05:00,29.19,29.19,29.19,29.19,5200,0
2017-01-03,17:15:00,29.2099,29.21,29.2099,29.21,300,0
2017-01-03,18:20:00,29.25,29.25,29.25,29.25,300,0
2017-01-03,18:35:00,29.2266,29.2266,29.2266,29.2266,361,0
2017-01-03,19:25:00,29.24,29.24,29.24,29.24,100,0
2017-01-03,19:40:00,29.25,29.25,29.25,29.25,100,0
2017-01-03,21:15:00,29.27,29.27,29.27,29.27,100,0
2017-01-03,21:35:00,29.2554,29.2554,29.2554,29.2554,134,0
2017-01-03,21:45:00,29.27,29.27,29.27,29.27,200,0
2017-01-04,15:35:00,30.0904,30.0904,30.0904,30.0904,500,0
2017-01-04,15:40:00,30.06,30.06,30.06,30.06,250,0
2017-01-04,16:25:00,30.0545,30.0545,30.0545,30.0545,150,0
2017-01-04,17:05:00,30.06,30.06,30.06,30.06,150,0
2017-01-04,17:20:00,30.0611,30.0611,30.0611,30.0611,100,0
2017-01-04,18:20:00,30.075,30.075,30.075,30.075,150,0
2017-01-04,18:40:00,30.08,30.08,30.0799,30.08,840,0
2017-01-04,18:45:00,30.08,30.1199,30.0765,30.1199,900,0
2017-01-04,19:00:00,30.1126,30.1126,30.1126,30.1126,500,0
2017-01-04,19:10:00,30.11,30.11,30.1086,30.1086,500,0
2017-01-04,19:40:00,30.11,30.11,30.1031,30.1031,1000,0
2017-01-04,20:20:00,30.11,30.11,30.11,30.11,200,0
2017-01-04,20:45:00,30.1329,30.1329,30.1329,30.1329,100,0
2017-01-04,20:50:00,30.15,30.19,30.15,30.19,3010,0
2017-01-04,20:55:00,30.2,30.23,30.19,30.23,2560,0
2017-01-04,21:00:00,30.23,30.3,30.23,30.3,1598,0
2017-01-04,21:05:00,30.25,30.27,30.25,30.27,1200,0
2017-01-04,21:10:00,30.27,30.27,30.26,30.26,1511,0
2017-01-04,21:15:00,30.11,30.12,30.11,30.12,300,0
2017-01-04,21:20:00,30.12,30.12,30.12,30.12,200,0
2017-01-04,22:00:00,30.23,30.23,30.23,30.23,300,0
2017-01-05,15:35:00,30.4025,30.4025,30.3701,30.3701,570,0
2017-01-05,15:40:00,30.39,30.414,30.385,30.408,1110,0
2017-01-05,15:50:00,30.39,30.41,30.39,30.41,400,0
2017-01-05,16:20:00,30.4,30.4,30.3901,30.3901,1000,0
2017-01-05,16:25:00,30.4,30.4,30.4,30.4,100,0
2017-01-05,16:35:00,30.42,30.42,30.42,30.42,100,0
2017-01-05,16:40:00,30.39,30.39,30.39,30.39,100,0
2017-01-05,16:45:00,30.4,30.42,30.36,30.41,4400,0
2017-01-05,17:00:00,30.41,30.41,30.41,30.41,500,0
2017-01-05,18:40:00,30.449,30.449,30.449,30.449,100,0
2017-01-05,22:00:00,30.5195,30.5195,30.5195,30.5195,200,0
2017-01-06,15:35:00,30.14,30.14,29.99,30.03,1897,0
2017-01-06,15:50:00,29.99,29.99,29.99,29.99,100,0
2017-01-06,16:20:00,29.9801,29.9801,29.9801,29.9801,1000,0
2017-01-06,16:55:00,29.98,29.98,29.98,29.98,100,0
2017-01-06,18:15:00,29.97,29.988,29.97,29.988,1800,0
2017-01-06,21:25:00,29.91,29.925,29.91,29.925,400,0
2017-01-06,21:30:00,29.91,29.9299,29.91,29.9299,400,0
2017-01-06,21:45:00,29.9091,29.9091,29.9091,29.9091,302,0
2017-01-09,15:35:00,29.77,29.87,29.77,29.87,1110,0
2017-01-09,15:40:00,29.85,29.85,29.85,29.85,100,0
2017-01-09,15:45:00,29.85,29.85,29.84,29.84,1000,0
2017-01-09,15:55:00,29.86,29.86,29.86,29.86,100,0
2017-01-09,16:00:00,29.83,29.83,29.83,29.83,1500,0
2017-01-09,16:40:00,29.808,29.808,29.8,29.8,600,0
2017-01-09,16:55:00,29.82,29.821,29.79,29.8,5100,0
2017-01-09,17:00:00,29.801,29.801,29.801,29.801,1500,0
2017-01-09,18:25:00,29.7797,29.7797,29.7797,29.7797,200,0
2017-01-09,18:40:00,29.76,29.7601,29.74,29.74,2100,0
2017-01-09,19:00:00,29.73,29.73,29.73,29.73,1000,0
2017-01-09,20:45:00,29.69,29.69,29.69,29.69,1300,0
2017-01-09,21:15:00,29.725,29.725,29.725,29.725,100,0
2017-01-09,21:30:00,29.7,29.7446,29.7,29.7446,200,0
2017-01-09,21:35:00,29.701,29.701,29.701,29.701,120,0
2017-01-10,17:40:00,29.7195,29.7195,29.7195,29.7195,300,0
2017-01-10,18:25:00,29.7174,29.7174,29.7174,29.7174,1000,0
2017-01-10,19:20:00,29.71,29.71,29.71,29.71,100,0
2017-01-10,20:00:00,29.7,29.7,29.7,29.7,660,0
2017-01-10,21:10:00,29.6564,29.6564,29.6564,29.6564,200,0
2017-01-10,21:15:00,29.6576,29.6576,29.6576,29.6576,200,0
2017-01-11,18:00:00,29.36,29.36,29.36,29.36,1000,0
2017-01-11,18:15:00,29.34,29.34,29.34,29.34,100,0
2017-01-11,18:25:00,29.34,29.34,29.34,29.34,100,0
2017-01-11,19:05:00,29.35,29.35,29.35,29.35,100,0
2017-01-11,19:10:00,29.36,29.36,29.34,29.34,1100,0
2017-01-11,19:40:00,29.33,29.33,29.33,29.33,100,0
2017-01-11,21:55:00,29.34,29.34,29.34,29.34,200,0
2017-01-11,22:00:00,29.34,29.35,29.34,29.35,300,0
2017-01-12,17:35:00,29.31,29.31,29.31,29.31,122,0
2017-01-12,17:55:00,29.32,29.32,29.29,29.29,2830,0
2017-01-12,18:05:00,29.29,29.29,29.28,29.28,600,0
2017-01-12,18:15:00,29.2801,29.2801,29.2801,29.2801,2400,0
2017-01-12,18:35:00,29.314,29.314,29.3,29.3,1400,0
2017-01-12,21:55:00,29.3,29.3,29.3,29.3,100,0
2017-01-13,15:35:00,29.14,29.14,29,29.1,4700,0
2017-01-13,15:40:00,29.16,29.17,29.16,29.16,4500,0
2017-01-13,16:00:00,29.0599,29.0599,29.0599,29.0599,1000,0
2017-01-13,16:15:00,29.06,29.06,29.06,29.06,450,0
2017-01-13,17:15:00,29.05,29.05,29.05,29.05,100,0
2017-01-13,18:25:00,29,29,29,29,200,0
2017-01-13,18:35:00,28.9405,28.9405,28.9405,28.9405,165,0
2017-01-13,19:05:00,28.9401,28.9401,28.9401,28.9401,100,0
2017-01-13,19:40:00,28.969,28.969,28.94,28.94,400,0
2017-01-13,20:00:00,28.9986,28.9986,28.9951,28.9951,300,0
2017-01-13,21:25:00,28.98,28.98,28.98,28.98,600,0
2017-01-13,21:35:00,28.99,28.99,28.98,28.99,500,0
2017-01-13,21:45:00,28.992,28.992,28.992,28.992,153,0
2017-01-13,21:50:00,29,29,28.9975,28.9975,500,0
2017-01-13,21:55:00,29.125,29.125,29.125,29.125,200,0
2017-01-17,15:35:00,28.78,28.817,28.75,28.817,600,0
2017-01-17,15:55:00,28.8,28.8,28.78,28.78,448,0
2017-01-17,16:00:00,28.8,28.8,28.8,28.8,1000,0
2017-01-17,16:05:00,28.8067,28.8067,28.8001,28.8001,350,0
2017-01-17,17:20:00,28.7802,28.7802,28.7802,28.7802,100,0
2017-01-17,20:40:00,28.779,28.779,28.779,28.779,100,0
2017-01-17,21:40:00,28.7999,28.7999,28.7999,28.7999,140,0
2017-01-17,21:50:00,28.78,28.78,28.75,28.76,824,0
2017-01-17,21:55:00,28.77,28.77,28.77,28.77,100,0
2017-01-17,22:00:00,28.77,28.77,28.77,28.77,100,0
2017-01-18,15:35:00,28.74,28.74,28.74,28.74,110,0
2017-01-18,17:10:00,28.62,28.62,28.62,28.62,200,0
2017-01-18,18:55:00,28.62,28.62,28.62,28.62,207,0
2017-01-18,19:25:00,28.59,28.59,28.59,28.59,200,0
2017-01-18,21:55:00,28.51,28.51,28.51,28.51,300,0
2017-01-19,15:35:00,28.51,28.51,28.5,28.5,300,0
2017-01-19,15:40:00,28.43,28.43,28.43,28.43,300,0
2017-01-19,15:45:00,28.3967,28.3967,28.3967,28.3967,300,0
2017-01-19,15:55:00,28.4,28.4,28.4,28.4,100,0
2017-01-19,17:10:00,28.35,28.35,28.3478,28.3478,360,0
2017-01-19,17:20:00,28.3669,28.3669,28.35,28.35,400,0
2017-01-19,17:55:00,28.4025,28.4025,28.4025,28.4025,300,0
2017-01-19,18:55:00,28.35,28.35,28.35,28.35,200,0
2017-01-19,19:40:00,28.3665,28.3665,28.3665,28.3665,300,0
2017-01-19,20:20:00,28.35,28.355,28.32,28.355,1000,0
2017-01-19,20:30:00,28.3295,28.3295,28.3295,28.3295,100,0
2017-01-19,21:20:00,28.3301,28.3301,28.3301,28.3301,263,0
2017-01-19,22:00:00,28.34,28.34,28.34,28.34,100,0
2017-01-20,15:55:00,28.8793,28.8793,28.8793,28.8793,100,0
2017-01-20,16:00:00,28.88,28.88,28.8453,28.8453,200,0
2017-01-20,17:10:00,28.85,28.85,28.84,28.84,300,0
2017-01-20,17:55:00,28.88,28.88,28.88,28.88,100,0
2017-01-20,18:05:00,28.89,28.89,28.89,28.89,800,0
2017-01-20,18:10:00,28.88,28.89,28.88,28.89,1100,0
2017-01-20,20:00:00,28.848,28.848,28.848,28.848,100,0
2017-01-20,20:50:00,28.8474,28.8474,28.8474,28.8474,175,0
2017-01-20,21:10:00,28.87,28.87,28.855,28.8685,500,0
2017-01-20,21:50:00,28.8525,28.8525,28.8525,28.8525,260,0
2017-01-23,15:35:00,28.92,28.92,28.85,28.85,440,0
2017-01-23,16:10:00,28.97,28.9998,28.97,28.9998,400,0
2017-01-23,16:15:00,28.979,28.979,28.979,28.979,200,0
2017-01-23,16:25:00,28.999,28.999,28.999,28.999,200,0
2017-01-23,16:30:00,28.9752,28.9752,28.9752,28.9752,300,0
2017-01-23,16:45:00,28.97,28.97,28.97,28.97,200,0
2017-01-23,16:50:00,28.97,28.97,28.97,28.97,100,0
2017-01-23,17:20:00,28.9899,28.9899,28.9866,28.9866,216,0
2017-01-23,19:25:00,28.99,28.99,28.99,28.99,100,0
2017-01-23,21:00:00,29,29,29,29,100,0
2017-01-23,21:20:00,29.0473,29.0473,29.0473,29.0473,300,0
2017-01-23,21:35:00,29.0531,29.0531,29.0531,29.0531,371,0
2017-01-23,22:00:00,29.02,29.02,29.02,29.02,858,0
2017-01-24,15:35:00,28.89,28.89,28.89,28.89,100,0
2017-01-24,16:10:00,28.8837,28.8837,28.8837,28.8837,920,0
2017-01-24,16:55:00,28.86,28.86,28.86,28.86,100,0
2017-01-24,19:30:00,28.88,28.88,28.88,28.88,200,0
2017-01-24,20:20:00,28.86,28.86,28.86,28.86,200,0
2017-01-24,21:45:00,28.85,28.85,28.79,28.79,5500,0
2017-01-24,21:50:00,28.78,28.78,28.78,28.78,808,0
2017-01-24,22:00:00,28.76,28.76,28.76,28.76,100,0
2017-01-25,15:40:00,28.7957,28.7957,28.7957,28.7957,200,0
2017-01-25,17:30:00,28.97,28.98,28.97,28.9792,2300,0
2017-01-25,18:20:00,28.96,28.96,28.89,28.9589,2099,0
2017-01-25,18:45:00,28.9489,28.9489,28.9489,28.9489,100,0
2017-01-25,20:05:00,28.9276,28.9276,28.9276,28.9276,300,0
2017-01-25,20:25:00,28.98,28.98,28.95,28.98,400,0
2017-01-25,20:35:00,28.9872,28.9872,28.9872,28.9872,300,0
2017-01-25,21:30:00,28.99,29,28.99,28.99,5300,0
2017-01-25,21:45:00,29,29,28.9975,28.9975,300,0
2017-01-25,22:00:00,29,29,29,29,100,0
2017-01-26,16:10:00,29.235,29.235,29.235,29.235,100,0
2017-01-26,16:45:00,29.11,29.11,29.11,29.11,100,0
2017-01-26,18:15:00,29.1923,29.1923,29.1923,29.1923,100,0
2017-01-26,19:10:00,29.1989,29.1989,29.1989,29.1989,100,0
2017-01-26,22:00:00,29.09,29.09,29.09,29.09,100,0
2017-01-27,16:35:00,29.1,29.1085,29.1,29.1085,750,0
2017-01-27,16:40:00,29.1699,29.1699,29.1699,29.1699,1000,0
2017-01-27,17:50:00,29.15,29.15,29.15,29.15,300,0
2017-01-27,18:25:00,29.15,29.15,29.15,29.15,600,0
2017-01-27,18:30:00,29.15,29.15,29.15,29.15,100,0
2017-01-27,21:20:00,29.1085,29.1085,29.1085,29.1085,100,0
2017-01-27,21:25:00,29.12,29.12,29.12,29.12,100,0
2017-01-30,17:15:00,29.12,29.12,29.12,29.12,500,0
2017-01-30,17:40:00,29.12,29.12,29.12,29.12,295,0
2017-01-30,17:50:00,29.11,29.11,29.11,29.11,100,0
2017-01-30,20:00:00,29.11,29.11,29.08,29.08,2600,0
2017-01-30,20:05:00,29.08,29.0801,29.08,29.08,1500,0
2017-01-30,21:10:00,29.1044,29.1044,29.1044,29.1044,134,0
2017-01-30,22:00:00,29.11,29.11,29.11,29.11,279,0
2017-01-31,15:35:00,29.05,29.05,29.05,29.05,100,0
2017-01-31,17:05:00,29.279,29.279,29.279,29.279,200,0
2017-01-31,17:15:00,29.2865,29.2865,29.2865,29.2865,100,0
2017-01-31,20:20:00,29.279,29.279,29.279,29.279,250,0
2017-01-31,21:15:00,29.25,29.25,29.24,29.24,200,0
2017-01-31,21:40:00,29.2537,29.2537,29.2537,29.2537,419,0
2017-01-31,21:45:00,29.25,29.25,29.25,29.25,300,0
2017-01-31,22:00:00,29.2316,29.2316,29.2316,29.2316,101,0
2017-02-01,17:50:00,29.195,29.195,29.195,29.195,500,0
2017-02-01,19:15:00,29.2244,29.2244,29.21,29.21,332,0
2017-02-01,21:20:00,29.2426,29.2426,29.2426,29.2426,105,0
2017-02-01,21:35:00,29.2407,29.2407,29.22,29.22,377,0
2017-02-01,22:00:00,29.22,29.2427,29.22,29.2427,372,0
2017-02-02,16:15:00,29.29,29.3296,29.29,29.3296,300,0
2017-02-02,16:45:00,29.29,29.29,29.23,29.23,4335,0
2017-02-02,18:00:00,29.22,29.22,29.22,29.22,100,0
2017-02-03,15:35:00,29.22,29.22,29.21,29.21,1600,0
2017-02-03,16:15:00,29.2184,29.2184,29.21,29.21,2000,0
2017-02-03,16:30:00,29.232,29.232,29.232,29.232,600,0
2017-02-03,16:50:00,29.22,29.22,29.22,29.22,100,0
2017-02-03,18:25:00,29.21,29.21,29.21,29.21,100,0
2017-02-03,20:35:00,29.19,29.2499,29.19,29.2499,1852,0
2017-02-03,21:50:00,29.1801,29.1801,29.1801,29.1801,279,0
2017-02-06,18:45:00,29.28,29.28,29.28,29.28,100,0
2017-02-06,20:50:00,29.32,29.32,29.32,29.32,400,0
2017-02-06,21:35:00,29.3,29.3,29.3,29.3,894,0
2017-02-06,21:55:00,29.3,29.3,29.3,29.3,491,0
2017-02-07,15:35:00,29.17,29.17,29.14,29.14,500,0
2017-02-07,15:40:00,29.06,29.06,29.06,29.06,100,0
2017-02-07,16:15:00,29.0999,29.0999,29.06,29.06,984,0
2017-02-07,16:30:00,29.0612,29.0612,29.03,29.03,300,0
2017-02-07,16:35:00,29.0653,29.0653,29.0653,29.0653,200,0
2017-02-07,18:20:00,29.0672,29.0689,29.0672,29.0689,200,0
2017-02-07,20:50:00,29.02,29.02,29.02,29.02,200,0
2017-02-07,21:15:00,29.0365,29.0365,29.0365,29.0365,180,0
2017-02-07,21:30:00,29.02,29.02,29.02,29.02,200,0
2017-02-07,21:45:00,29.01,29.01,29.01,29.01,403,0
2017-02-07,22:00:00,29.01,29.01,29.01,29.01,200,0
2017-02-08,16:00:00,29.2,29.2273,29.2,29.2273,340,0
2017-02-08,22:00:00,29.25,29.25,29.25,29.25,100,0
2017-02-09,15:40:00,29.41,29.41,29.41,29.41,500,0
2017-02-09,16:10:00,29.3999,29.3999,29.3999,29.3999,1000,0
2017-02-09,16:30:00,29.38,29.38,29.38,29.38,470,0
2017-02-09,16:45:00,29.4,29.4,29.4,29.4,500,0
2017-02-09,17:20:00,29.4,29.4,29.3958,29.3958,1000,0
2017-02-09,19:35:00,29.3594,29.3594,29.3594,29.3594,500,0
2017-02-09,21:15:00,29.3582,29.3582,29.3582,29.3582,200,0
2017-02-10,15:55:00,29.31,29.32,29.31,29.32,1000,0
2017-02-10,16:15:00,29.2511,29.2549,29.2511,29.2549,500,0
2017-02-10,17:25:00,29.3064,29.3064,29.3064,29.3064,100,0
2017-02-10,21:30:00,29.324,29.324,29.32,29.32,600,0
2017-02-10,21:55:00,29.32,29.32,29.32,29.32,100,0
2017-02-13,15:35:00,29.35,29.35,29.35,29.35,195,0
2017-02-13,15:45:00,29.41,29.41,29.41,29.41,500,0
2017-02-13,16:05:00,29.49,29.49,29.42,29.42,700,0
2017-02-13,16:15:00,29.437,29.437,29.437,29.437,350,0
2017-02-14,15:35:00,29.39,29.46,29.39,29.46,3500,0
2017-02-14,15:40:00,29.46,29.5,29.46,29.4909,700,0
2017-02-14,15:55:00,29.4999,29.4999,29.4999,29.4999,1000,0
2017-02-14,16:00:00,29.5,29.5,29.5,29.5,900,0
2017-02-14,16:05:00,29.5499,29.5499,29.5499,29.5499,600,0
2017-02-14,16:20:00,29.52,29.53,29.52,29.52,2100,0
2017-02-14,16:25:00,29.5013,29.5013,29.5013,29.5013,340,0
2017-02-14,16:45:00,29.5001,29.5001,29.5,29.5,200,0
2017-02-14,17:00:00,29.52,29.52,29.52,29.52,1500,0
2017-02-14,17:05:00,29.52,29.52,29.52,29.52,500,0
2017-02-14,17:30:00,29.52,29.52,29.52,29.52,3000,0
2017-02-14,18:05:00,29.5389,29.54,29.53,29.5392,1500,0
2017-02-14,20:10:00,29.5847,29.5847,29.5847,29.5847,200,0
2017-02-14,21:30:00,29.5616,29.5616,29.5616,29.5616,243,0
2017-02-14,21:40:00,29.5703,29.5703,29.5703,29.5703,100,0
2017-02-14,21:45:00,29.53,29.5602,29.53,29.5602,442,0
2017-02-14,21:50:00,29.5655,29.5655,29.5655,29.5655,269,0
2017-02-14,21:55:00,29.54,29.5802,29.54,29.5802,896,0
2017-02-14,22:00:00,29.54,29.5691,29.54,29.5691,460,0
2017-02-15,15:35:00,29.4,29.4,29.2999,29.2999,770,0
2017-02-15,15:55:00,29.24,29.24,29.24,29.24,1400,0
2017-02-15,16:00:00,29.22,29.2493,29.22,29.2493,400,0
2017-02-15,18:20:00,29.2895,29.2895,29.2895,29.2895,400,0
2017-02-15,18:55:00,29.29,29.29,29.29,29.29,200,0
2017-02-15,19:55:00,29.29,29.29,29.29,29.29,200,0
2017-02-15,20:50:00,29.3136,29.3136,29.3,29.3,200,0
2017-02-15,21:05:00,29.31,29.32,29.31,29.32,300,0
2017-02-15,21:55:00,29.33,29.33,29.33,29.33,118,0
2017-02-15,22:00:00,29.37,29.37,29.37,29.37,1000,0
2017-02-16,16:45:00,29.42,29.4445,29.42,29.4445,1000,0
2017-02-16,18:35:00,29.4,29.4177,29.4,29.417,940,0
2017-02-17,15:35:00,29.15,29.15,29.15,29.15,100,0
2017-02-17,16:15:00,29.23,29.23,29.23,29.23,200,0
2017-02-17,16:35:00,29.21,29.21,29.21,29.21,100,0
2017-02-17,17:20:00,29.211,29.211,29.211,29.211,100,0
2017-02-17,17:55:00,29.241,29.241,29.241,29.241,100,0
2017-02-17,18:25:00,29.28,29.28,29.2779,29.2789,1000,0
2017-02-17,18:55:00,29.25,29.25,29.25,29.25,300,0
2017-02-17,19:00:00,29.251,29.251,29.251,29.251,100,0
2017-02-17,20:20:00,29.25,29.25,29.25,29.25,100,0
2017-02-17,20:40:00,29.251,29.251,29.251,29.251,100,0
2017-02-17,21:30:00,29.269,29.269,29.269,29.269,100,0
2017-02-17,21:35:00,29.251,29.251,29.251,29.251,100,0
2017-02-17,21:45:00,29.255,29.255,29.25,29.25,1000,0
2017-02-17,22:00:00,29.251,29.251,29.251,29.251,100,0
2017-02-21,15:35:00,29.75,29.93,29.75,29.93,1700,0
2017-02-21,15:50:00,29.94,29.94,29.9399,29.94,3000,0
2017-02-21,15:55:00,29.935,29.935,29.935,29.935,200,0
2017-02-21,16:00:00,29.905,29.905,29.905,29.905,250,0
2017-02-21,16:30:00,29.9309,29.9309,29.9309,29.9309,500,0
2017-02-21,17:05:00,29.9201,29.9201,29.9201,29.9201,200,0
2017-02-21,17:25:00,29.9,29.9028,29.9,29.9028,1000,0
2017-02-21,19:15:00,29.9199,29.9199,29.9199,29.9199,300,0
2017-02-21,20:35:00,29.9199,29.9199,29.9199,29.9199,200,0
2017-02-21,21:00:00,29.91,29.92,29.91,29.9192,300,0
2017-02-21,21:10:00,29.9,29.9,29.9,29.9,1100,0
2017-02-21,21:30:00,29.9,29.9,29.9,29.9,500,0
2017-02-21,21:35:00,29.9,29.9,29.9,29.9,400,0
2017-02-21,21:45:00,29.94,29.99,29.94,29.99,750,0
2017-02-21,22:00:00,29.979,29.979,29.979,29.979,120,0
2017-02-22,15:35:00,29.79,29.89,29.79,29.89,438,0
2017-02-22,16:05:00,29.959,29.959,29.959,29.959,250,0
2017-02-22,16:55:00,29.96,29.96,29.9599,29.9599,300,0
2017-02-22,17:05:00,29.8912,29.899,29.8907,29.899,935,0
2017-02-22,18:00:00,29.938,29.95,29.938,29.95,400,0
2017-02-22,18:10:00,29.9201,29.9201,29.9201,29.9201,1000,0
2017-02-22,18:40:00,29.945,29.945,29.945,29.945,100,0
2017-02-22,20:00:00,29.96,29.96,29.96,29.96,570,0
2017-02-22,20:05:00,29.93,29.96,29.93,29.96,200,0
2017-02-22,20:10:00,29.96,29.96,29.96,29.96,200,0
2017-02-22,20:50:00,29.97,29.99,29.97,29.99,200,0
2017-02-22,20:55:00,29.975,29.9805,29.96,29.96,1100,0
2017-02-22,22:00:00,29.96,29.99,29.96,29.99,290,0
2017-02-23,15:45:00,29.98,30,29.98,30,1240,0
2017-02-23,16:30:00,30,30.0005,30,30.0005,400,0
2017-02-23,17:15:00,29.9847,29.9847,29.9847,29.9847,200,0
2017-02-23,17:40:00,29.9803,29.99,29.975,29.99,3200,0
2017-02-23,18:35:00,30.0186,30.0186,30.0186,30.0186,100,0
2017-02-23,19:05:00,30.02,30.02,30.02,30.02,500,0
2017-02-23,19:30:00,30.02,30.02,30.015,30.02,600,0
2017-02-23,19:55:00,30.02,30.02,30.02,30.02,2900,0
2017-02-23,20:00:00,30.03,30.03,30.03,30.03,600,0
2017-02-23,21:20:00,30.05,30.05,30.05,30.05,100,0
2017-02-24,15:35:00,29.85,29.85,29.85,29.85,451,0
2017-02-24,15:45:00,30.035,30.035,30.035,30.035,150,0
2017-02-24,15:50:00,30.0103,30.0103,30.0103,30.0103,125,0
2017-02-24,16:00:00,30.04,30.05,30.032,30.032,4835,0
2017-02-24,16:25:00,30.04,30.04,30.04,30.04,479,0
2017-02-24,19:15:00,30.0076,30.0076,30.0076,30.0076,400,0
2017-02-24,21:50:00,30.0201,30.0201,30.0201,30.0201,295,0
2017-02-24,21:55:00,30.04,30.05,30.0156,30.0156,400,0
2017-02-24,22:00:00,30.04,30.04,30.04,30.04,100,0
2017-02-27,16:15:00,29.8311,29.85,29.8311,29.85,1600,0
2017-02-27,16:20:00,29.85,29.85,29.85,29.85,500,0
2017-02-27,16:25:00,29.86,29.86,29.86,29.86,100,0
2017-02-27,16:50:00,29.88,29.88,29.88,29.88,500,0
2017-02-27,17:05:00,29.9035,29.9035,29.9,29.9,200,0
2017-02-27,17:25:00,29.9086,29.9086,29.9086,29.9086,100,0
2017-02-27,18:05:00,29.91,29.91,29.9019,29.9019,1500,0
2017-02-27,18:50:00,29.88,29.88,29.88,29.88,100,0
2017-02-27,21:25:00,29.8614,29.8614,29.8614,29.8614,200,0
2017-02-27,21:35:00,29.8601,29.8601,29.8601,29.8601,616,0
2017-02-27,22:00:00,29.86,29.87,29.86,29.87,504,0
2017-02-28,18:10:00,29.97,29.97,29.97,29.97,150,0
2017-02-28,20:00:00,29.93,29.931,29.9,29.9,900,0
2017-02-28,20:05:00,29.9028,29.9028,29.9028,29.9028,800,0
2017-02-28,20:10:00,29.9233,29.9233,29.9233,29.9233,150,0
2017-02-28,21:25:00,29.9299,29.9299,29.916,29.916,340,0
2017-02-28,21:35:00,29.9148,29.9148,29.9,29.9,1100,0
2017-02-28,21:40:00,29.9101,29.9101,29.9101,29.9101,299,0
2017-03-01,15:40:00,29.93,29.95,29.92,29.92,3742,0
2017-03-01,15:55:00,29.9499,29.9499,29.9499,29.9499,200,0
2017-03-01,16:05:00,29.9485,29.95,29.9485,29.9499,414,0
2017-03-01,16:25:00,29.9535,29.9535,29.95,29.95,500,0
2017-03-01,16:55:00,29.99,29.99,29.99,29.99,100,0
2017-03-01,17:00:00,30,30,30,30,200,0
2017-03-01,17:05:00,30.04,30.04,30.04,30.04,200,0
2017-03-01,17:10:00,30.04,30.05,30.04,30.05,200,0
2017-03-01,17:15:00,30.05,30.05,30.05,30.05,100,0
2017-03-01,17:20:00,30.05,30.05,30.05,30.05,200,0
2017-03-01,17:25:00,30.05,30.05,30.05,30.05,200,0
2017-03-01,17:30:00,30.05,30.05,30.05,30.05,100,0
2017-03-01,17:35:00,30.06,30.06,30.06,30.06,200,0
2017-03-01,17:40:00,30.06,30.06,30.06,30.06,100,0
2017-03-01,17:45:00,30.06,30.06,30.06,30.06,200,0
2017-03-01,17:50:00,30.07,30.07,30.07,30.07,100,0
2017-03-01,17:55:00,30.07,30.07,30.07,30.07,200,0
2017-03-01,18:00:00,30.07,30.07,30.07,30.07,100,0
2017-03-01,18:05:00,30.07,30.07,30.07,30.07,200,0
2017-03-01,18:15:00,30.09,30.09,30.09,30.09,100,0
2017-03-01,18:20:00,30.1,30.1,30.1,30.1,200,0
2017-03-01,18:25:00,30.1,30.1,30.1,30.1,100,0
2017-03-01,18:30:00,30.1,30.1,30.1,30.1,100,0
2017-03-01,18:35:00,30.1,30.1,30.1,30.1,100,0
2017-03-01,18:40:00,30.1,30.1,30.1,30.1,400,0
2017-03-01,18:45:00,30.1,30.1,30.1,30.1,100,0
2017-03-01,18:50:00,30.1,30.1,30.1,30.1,100,0
2017-03-01,18:55:00,30.1,30.1,30.1,30.1,100,0
2017-03-01,19:00:00,30.1,30.11,30.1,30.11,200,0
2017-03-01,19:05:00,30.11,30.11,30.11,30.11,100,0
2017-03-01,19:10:00,30.11,30.11,30.11,30.11,100,0
2017-03-01,19:15:00,30.11,30.11,30.11,30.11,100,0
2017-03-01,19:20:00,30.11,30.11,30.1,30.11,1300,0
2017-03-01,19:25:00,30.1,30.1,30.1,30.1,700,0
2017-03-01,19:35:00,30.1,30.1,30.1,30.1,100,0
2017-03-01,19:40:00,30.1,30.1,30.1,30.1,200,0
2017-03-01,19:45:00,30.1,30.12,30.1,30.12,200,0
2017-03-01,19:50:00,30.12,30.13,30.12,30.13,200,0
2017-03-01,19:55:00,30.13,30.13,30.13,30.13,100,0
2017-03-01,20:00:00,30.13,30.13,30.13,30.13,100,0
2017-03-01,20:05:00,30.13,30.13,30.13,30.13,200,0
2017-03-01,20:10:00,30.13,30.13,30.13,30.13,100,0
2017-03-01,20:15:00,30.13,30.13,30.13,30.13,200,0
2017-03-01,20:20:00,30.14,30.14,30.14,30.14,100,0
2017-03-01,20:25:00,30.15,30.15,30.1256,30.15,325,0
2017-03-01,20:30:00,30.15,30.15,30.1404,30.1404,200,0
2017-03-01,20:35:00,30.15,30.15,30.15,30.15,200,0
2017-03-01,20:40:00,30.15,30.15,30.15,30.15,200,0
2017-03-01,20:45:00,30.16,30.16,30.16,30.16,100,0
2017-03-01,20:50:00,30.16,30.16,30.14,30.16,1100,0
2017-03-01,20:55:00,30.19,30.19,30.19,30.19,200,0
2017-03-01,21:00:00,30.19,30.19,30.19,30.19,100,0
2017-03-01,21:05:00,30.19,30.19,30.19,30.19,200,0
2017-03-01,21:10:00,30.19,30.19,30.19,30.19,100,0
2017-03-01,21:15:00,30.185,30.19,30.185,30.19,300,0
2017-03-01,21:20:00,30.18,30.18,30.18,30.18,200,0
2017-03-01,21:25:00,30.18,30.18,30.18,30.18,200,0
2017-03-01,21:30:00,30.18,30.18,30.18,30.18,200,0
2017-03-01,21:35:00,30.18,30.18,30.18,30.18,200,0
2017-03-01,21:40:00,30.12,30.17,30.12,30.17,200,0
2017-03-01,21:45:00,30.17,30.18,30.17,30.18,200,0
2017-03-01,21:50:00,30.18,30.18,30.18,30.18,200,0
2017-03-01,21:55:00,30.18,30.18,30.18,30.18,400,0
2017-03-01,22:00:00,30.17,30.17,30.17,30.17,700,0
2017-03-02,15:35:00,29.82,29.82,29.69,29.72,4010,0
2017-03-02,15:55:00,29.63,29.64,29.63,29.64,200,0
2017-03-02,18:15:00,29.6908,29.6908,29.6908,29.6908,141,0
2017-03-02,18:25:00,29.663,29.663,29.663,29.663,150,0
2017-03-02,19:15:00,29.6499,29.6499,29.6499,29.6499,200,0
2017-03-02,19:50:00,29.6444,29.6444,29.6444,29.6444,100,0
2017-03-02,21:20:00,29.58,29.58,29.58,29.58,203,0
2017-03-02,21:25:00,29.59,29.59,29.59,29.59,100,0
2017-03-03,15:35:00,29.55,29.55,29.55,29.55,1003,0
2017-03-03,15:40:00,29.88,29.88,29.88,29.88,400,0
2017-03-03,15:55:00,29.85,29.8503,29.84,29.8503,750,0
2017-03-03,16:20:00,29.84,29.8536,29.84,29.8536,500,0
2017-03-03,17:15:00,29.9,29.92,29.9,29.92,9400,0
2017-03-03,17:20:00,29.93,29.94,29.93,29.94,1900,0
2017-03-03,17:30:00,29.8407,29.85,29.83,29.83,11300,0
2017-03-03,19:35:00,29.85,29.865,29.85,29.865,200,0
2017-03-03,19:55:00,29.85,29.85,29.85,29.85,200,0
2017-03-03,21:45:00,29.89,29.89,29.89,29.89,233,0
2017-03-06,15:35:00,30.15,30.15,30.15,30.15,599,0
2017-03-06,15:50:00,30.3,30.3,30.3,30.3,100,0
2017-03-06,15:55:00,30.26,30.3054,30.26,30.3054,210,0
2017-03-06,16:00:00,30.31,30.31,30.3065,30.31,2599,0
2017-03-06,16:05:00,30.3099,30.31,30.307,30.3092,2100,0
2017-03-06,16:25:00,30.26,30.26,30.26,30.26,100,0
2017-03-06,16:30:00,30.3054,30.3054,30.3054,30.3054,100,0
2017-03-06,17:15:00,30.2856,30.2856,30.2856,30.2856,270,0
2017-03-06,18:25:00,30.2859,30.2859,30.2859,30.2859,100,0
2017-03-06,19:55:00,30.2705,30.2705,30.25,30.25,610,0
2017-03-06,21:55:00,30.2751,30.2751,30.2601,30.2601,200,0
2017-03-07,15:35:00,30.56,30.56,30.56,30.56,420,0
2017-03-07,16:05:00,30.4099,30.4099,30.4099,30.4099,190,0
2017-03-07,16:20:00,30.4025,30.4025,30.4025,30.4025,200,0
2017-03-07,16:55:00,30.41,30.41,30.41,30.41,100,0
2017-03-07,19:15:00,30.41,30.41,30.41,30.41,100,0
2017-03-07,20:25:00,30.3728,30.3728,30.3728,30.3728,125,0
2017-03-07,22:00:00,30.36,30.36,30.36,30.36,100,0
2017-03-08,15:35:00,30.28,30.28,30.16,30.16,1039,0
2017-03-08,17:20:00,30.071,30.071,30.071,30.071,110,0
2017-03-08,19:20:00,30.0826,30.0826,30.0826,30.0826,150,0
2017-03-08,22:00:00,30,30,30,30,100,0
2017-03-09,15:35:00,29.86,29.86,29.86,29.86,200,0
2017-03-09,16:00:00,29.83,29.83,29.83,29.83,421,0
2017-03-09,17:55:00,29.82,29.82,29.82,29.82,200,0
2017-03-09,18:50:00,29.7774,29.7774,29.7774,29.7774,165,0
2017-03-09,19:10:00,29.7801,29.7801,29.7801,29.7801,120,0
2017-03-09,20:20:00,29.75,29.75,29.75,29.75,300,0
2017-03-09,21:00:00,29.7847,29.7847,29.74,29.74,300,0
2017-03-09,21:55:00,29.8,29.8,29.8,29.8,100,0
2017-03-10,15:35:00,29.91,30,29.91,30,800,0
2017-03-10,15:55:00,30,30,30,30,1200,0
2017-03-10,16:00:00,30,30.01,30,30,700,0
2017-03-10,17:25:00,29.9851,29.9851,29.9851,29.9851,100,0
2017-03-10,18:50:00,29.9812,29.9812,29.9812,29.9812,400,0
2017-03-10,20:00:00,29.98,29.9801,29.98,29.9801,812,0
2017-03-10,20:55:00,29.98,29.98,29.98,29.98,500,0
2017-03-10,22:00:00,30,30,30,30,174,0
2017-03-13,14:35:00,30.01,30.01,30,30,9705,0
2017-03-13,15:40:00,30.46,30.47,30.46,30.4692,2300,0
2017-03-13,15:45:00,30.48,30.48,30.47,30.47,1300,0
2017-03-13,16:00:00,30.4347,30.4347,30.4347,30.4347,100,0
2017-03-13,16:55:00,30.4268,30.4268,30.4268,30.4268,215,0
2017-03-13,17:15:00,30.42,30.42,30.42,30.42,100,0
2017-03-13,17:40:00,30.4189,30.4189,30.4,30.4,430,0
2017-03-13,18:15:00,30.41,30.41,30.41,30.41,100,0
2017-03-13,18:20:00,30.41,30.41,30.41,30.41,200,0
2017-03-13,18:45:00,30.4181,30.4181,30.4101,30.4101,200,0
2017-03-13,20:40:00,30.4265,30.4265,30.4265,30.4265,599,0
2017-03-13,20:50:00,30.4274,30.4274,30.4274,30.4274,117,0
2017-03-13,21:00:00,30.42,30.42,30.42,30.42,700,0
2017-03-14,14:35:00,30.28,30.28,30.28,30.28,100,0
2017-03-14,15:35:00,30.2,30.2,30.2,30.2,300,0
2017-03-14,16:30:00,30.204,30.204,30.204,30.204,125,0
2017-03-14,16:35:00,30.192,30.192,30.19,30.19,1100,0
2017-03-14,17:05:00,30.246,30.246,30.246,30.246,300,0
2017-03-14,20:05:00,30.21,30.21,30.21,30.21,500,0
2017-03-14,20:15:00,30.21,30.21,30.21,30.21,600,0
2017-03-14,20:20:00,30.21,30.21,30.21,30.21,1100,0
2017-03-14,21:00:00,30.2,30.2,30.2,30.2,500,0
2017-03-15,15:05:00,30.2,30.2396,30.2,30.2004,2400,0
2017-03-15,15:20:00,30.26,30.26,30.26,30.26,100,0
2017-03-15,16:30:00,30.2599,30.2599,30.2599,30.2599,600,0
2017-03-15,16:45:00,30.25,30.25,30.25,30.25,300,0
2017-03-15,17:15:00,30.26,30.26,30.26,30.26,500,0
2017-03-15,17:20:00,30.26,30.26,30.26,30.26,500,0
2017-03-15,17:25:00,30.26,30.26,30.26,30.26,200,0
2017-03-15,17:40:00,30.26,30.26,30.26,30.26,210,0
2017-03-15,20:00:00,30.4092,30.4092,30.4092,30.4092,100,0
2017-03-15,20:45:00,30.5923,30.595,30.5545,30.5545,800,0
2017-03-16,14:35:00,30.55,30.65,30.55,30.65,700,0
2017-03-16,14:40:00,30.71,30.73,30.71,30.73,1810,0
2017-03-16,14:45:00,30.7258,30.7258,30.7258,30.7258,1000,0
2017-03-16,15:00:00,30.7166,30.7166,30.7166,30.7166,1000,0
2017-03-16,15:20:00,30.7258,30.7258,30.7258,30.7258,1400,0
2017-03-16,15:40:00,30.72,30.7201,30.72,30.7201,200,0
2017-03-16,16:15:00,30.7051,30.7051,30.7051,30.7051,200,0
2017-03-16,16:40:00,30.7107,30.7107,30.7107,30.7107,500,0
2017-03-16,16:45:00,30.7199,30.7199,30.7199,30.7199,513,0
2017-03-16,17:50:00,30.7,30.7,30.7,30.7,150,0
2017-03-17,14:35:00,30.35,30.35,30.2,30.21,2101,0
2017-03-17,14:40:00,30.2,30.2144,30.2,30.2144,200,0
2017-03-17,14:50:00,30.21,30.21,30.21,30.21,150,0
2017-03-17,14:55:00,30.2,30.2,30.2,30.2,200,0
2017-03-17,15:20:00,30.201,30.21,30.201,30.21,3100,0
2017-03-17,15:25:00,30.22,30.23,30.22,30.23,1100,0
2017-03-17,15:40:00,30.23,30.23,30.23,30.23,200,0
2017-03-17,15:55:00,30.2214,30.2214,30.2211,30.2211,500,0
2017-03-17,16:55:00,30.2297,30.2297,30.2297,30.2297,410,0
2017-03-17,18:10:00,30.22,30.22,30.22,30.22,100,0
2017-03-17,20:25:00,30.23,30.23,30.23,30.23,100,0
2017-03-17,20:40:00,30.25,30.25,30.22,30.22,400,0
2017-03-20,14:35:00,30.22,30.2293,30.22,30.22,3000,0
2017-03-20,16:55:00,30.223,30.223,30.2208,30.2208,200,0
2017-03-20,21:00:00,30.23,30.23,30.23,30.23,100,0
2017-03-21,14:45:00,30.37,30.4156,30.37,30.4156,200,0
2017-03-21,15:30:00,30.4099,30.4099,30.4099,30.4099,312,0
2017-03-21,15:55:00,30.37,30.37,30.37,30.37,500,0
2017-03-21,16:40:00,30.33,30.33,30.33,30.33,500,0
2017-03-21,18:15:00,30.3,30.3,30.3,30.3,100,0
2017-03-21,19:05:00,30.3,30.3,30.28,30.28,200,0
2017-03-21,19:40:00,30.32,30.32,30.32,30.32,100,0
2017-03-21,20:30:00,30.2801,30.2801,30.2801,30.2801,300,0
2017-03-21,20:45:00,30.29,30.29,30.29,30.29,500,0
2017-03-21,20:50:00,30.2599,30.2599,30.2599,30.2599,500,0
2017-03-22,14:35:00,30.26,30.3,30.26,30.3,690,0
2017-03-22,14:40:00,30.36,30.37,30.36,30.37,1600,0
2017-03-22,15:25:00,30.3206,30.3206,30.3206,30.3206,285,0
2017-03-22,16:55:00,30.37,30.37,30.37,30.37,143,0
2017-03-22,18:50:00,30.37,30.37,30.37,30.37,100,0
2017-03-22,19:05:00,30.389,30.389,30.389,30.389,100,0
2017-03-22,19:25:00,30.37,30.37,30.37,30.37,200,0
2017-03-22,20:20:00,30.38,30.38,30.38,30.38,200,0
2017-03-22,20:35:00,30.39,30.39,30.38,30.38,826,0
2017-03-23,14:35:00,30.38,30.38,30.38,30.38,165,0
2017-03-23,18:05:00,30.38,30.38,30.38,30.38,300,0
2017-03-23,18:10:00,30.4079,30.4079,30.4079,30.4079,100,0
2017-03-23,18:30:00,30.395,30.395,30.395,30.395,435,0
2017-03-23,20:20:00,30.38,30.38,30.38,30.38,200,0
2017-03-23,20:55:00,30.3833,30.3833,30.37,30.37,812,0
2017-03-24,14:35:00,30.62,30.62,30.62,30.62,200,0
2017-03-24,15:10:00,30.6401,30.6401,30.64,30.6401,600,0
2017-03-24,15:15:00,30.7,30.7,30.7,30.7,500,0
2017-03-24,17:25:00,30.71,30.72,30.7099,30.72,1500,0
2017-03-24,17:55:00,30.72,30.72,30.72,30.72,100,0
2017-03-24,18:20:00,30.7101,30.7101,30.7101,30.7101,100,0
2017-03-24,18:55:00,30.72,30.72,30.72,30.72,200,0
2017-03-24,19:40:00,30.71,30.71,30.71,30.71,300,0
2017-03-24,19:45:00,30.71,30.71,30.71,30.71,489,0
2017-03-24,20:10:00,30.6899,30.6899,30.66,30.66,500,0
2017-03-24,20:15:00,30.6815,30.6815,30.6815,30.6815,263,0
2017-03-24,20:50:00,30.71,30.71,30.71,30.71,600,0
2017-03-24,20:55:00,30.7101,30.73,30.7101,30.73,1263,0
2017-03-27,15:35:00,30.25,30.25,30.25,30.25,115,0
2017-03-27,16:00:00,30.55,30.55,30.55,30.55,300,0
2017-03-27,16:20:00,30.56,30.56,30.56,30.56,300,0
2017-03-27,17:35:00,30.5948,30.5948,30.5948,30.5948,600,0
2017-03-27,21:30:00,30.62,30.62,30.62,30.62,100,0
2017-03-27,21:55:00,30.6256,30.6256,30.6256,30.6256,120,0
2017-03-27,22:00:00,30.61,30.61,30.61,30.61,500,0
2017-03-28,15:35:00,30.73,30.73,30.42,30.43,5525,0
2017-03-28,18:10:00,30.43,30.44,30.43,30.44,300,0
2017-03-28,18:50:00,30.4599,30.4599,30.4599,30.4599,200,0
2017-03-28,19:20:00,30.4799,30.4799,30.4799,30.4799,200,0
2017-03-28,19:40:00,30.47,30.4799,30.47,30.4799,200,0
2017-03-28,19:55:00,30.4799,30.4799,30.4799,30.4799,200,0
2017-03-28,20:10:00,30.4799,30.4799,30.4799,30.4799,200,0
2017-03-28,20:25:00,30.4899,30.4899,30.4899,30.4899,200,0
2017-03-28,20:35:00,30.4699,30.4699,30.4699,30.4699,200,0
2017-03-28,20:45:00,30.4699,30.4699,30.4699,30.4699,200,0
2017-03-28,20:55:00,30.4699,30.4699,30.4699,30.4699,200,0
2017-03-28,21:05:00,30.4799,30.4799,30.4799,30.4799,200,0
2017-03-28,21:15:00,30.48,30.48,30.48,30.48,200,0
2017-03-28,21:25:00,30.48,30.48,30.4799,30.48,350,0
2017-03-28,21:30:00,30.455,30.48,30.455,30.48,200,0
2017-03-28,21:40:00,30.47,30.47,30.47,30.47,200,0
2017-03-28,21:50:00,30.48,30.48,30.48,30.48,504,0
2017-03-29,15:35:00,30.45,30.45,30.41,30.41,500,0
2017-03-29,16:20:00,30.3065,30.3065,30.3065,30.3065,100,0
2017-03-29,16:45:00,30.32,30.32,30.3125,30.3125,1200,0
2017-03-29,19:35:00,30.28,30.28,30.28,30.28,200,0
2017-03-29,19:40:00,30.2814,30.2814,30.2814,30.2814,435,0
2017-03-29,20:05:00,30.3067,30.3067,30.28,30.28,200,0
2017-03-29,20:50:00,30.299,30.299,30.299,30.299,486,0
2017-03-29,21:15:00,30.32,30.32,30.32,30.32,100,0
2017-03-29,21:40:00,30.31,30.31,30.31,30.31,100,0
2017-03-29,21:50:00,30.3244,30.3244,30.3244,30.3244,400,0
2017-03-30,15:35:00,30.07,30.07,29.87,29.87,835,0
2017-03-30,15:50:00,29.68,29.68,29.68,29.68,1000,0
2017-03-30,15:55:00,29.68,29.68,29.68,29.68,300,0
2017-03-30,16:05:00,29.6915,29.6915,29.681,29.681,210,0
2017-03-30,16:45:00,29.7128,29.7128,29.7128,29.7128,200,0
2017-03-30,17:15:00,29.711,29.711,29.711,29.711,100,0
2017-03-30,17:40:00,29.7279,29.7279,29.7279,29.7279,100,0
2017-03-30,20:25:00,29.7067,29.7067,29.7067,29.7067,303,0
2017-03-30,20:50:00,29.709,29.709,29.709,29.709,130,0
2017-03-30,21:10:00,29.7,29.71,29.7,29.71,200,0
2017-03-30,22:00:00,29.71,29.71,29.7,29.7,900,0
2017-03-31,16:25:00,30.0865,30.0865,30.0865,30.0865,100,0
2017-03-31,16:35:00,30.03,30.03,30.03,30.03,1000,0
2017-03-31,16:40:00,30.04,30.04,30.04,30.04,200,0
2017-03-31,19:15:00,30.1,30.1,30.06,30.06,700,0
2017-04-03,15:35:00,29.64,29.64,29.64,29.64,222,0
2017-04-03,15:55:00,30.09,30.129,30.09,30.1165,2500,0
2017-04-03,16:30:00,30.0853,30.0853,30.0853,30.0853,200,0
2017-04-03,17:30:00,30.1165,30.1165,30.1165,30.1165,100,0
2017-04-03,19:15:00,30.12,30.12,30.12,30.12,300,0
2017-04-03,22:00:00,30.12,30.12,30.12,30.12,200,0
2017-04-04,20:20:00,30.1752,30.1752,30.1752,30.1752,200,0
2017-04-04,22:00:00,30.13,30.13,30.13,30.13,100,0
2017-04-05,16:00:00,30.64,30.64,30.64,30.64,1000,0
2017-04-05,16:15:00,30.64,30.64,30.64,30.64,1000,0
2017-04-05,16:35:00,30.6501,30.6501,30.6501,30.6501,1000,0
2017-04-05,16:50:00,30.6799,30.6799,30.6799,30.6799,250,0
2017-04-05,18:20:00,30.65,30.66,30.65,30.66,700,0
2017-04-05,20:55:00,30.68,30.68,30.68,30.68,100,0
2017-04-05,21:00:00,30.6775,30.6775,30.6775,30.6775,100,0
2017-04-05,21:20:00,30.67,30.67,30.66,30.67,525,0
2017-04-05,21:25:00,30.66,30.66,30.66,30.66,200,0
2017-04-06,16:35:00,30.521,30.5659,30.52,30.52,1100,0
2017-04-06,17:55:00,30.5658,30.5658,30.5658,30.5658,100,0
2017-04-07,15:35:00,30.68,30.68,30.68,30.68,400,0
2017-04-07,15:55:00,30.66,30.66,30.66,30.66,100,0
2017-04-07,17:45:00,30.65,30.65,30.64,30.6401,600,0
2017-04-07,17:55:00,30.6624,30.6624,30.6624,30.6624,100,0
2017-04-07,20:40:00,30.66,30.66,30.66,30.66,100,0
2017-04-07,22:00:00,30.67,30.67,30.67,30.67,100,0
2017-04-10,15:50:00,30.22,30.22,30.22,30.22,300,0
2017-04-10,15:55:00,30.2,30.2,30.2,30.2,300,0
2017-04-10,16:00:00,30.2049,30.2049,30.2049,30.2049,300,0
2017-04-10,16:05:00,30.21,30.21,30.21,30.21,500,0
2017-04-10,16:10:00,30.21,30.21,30.2,30.2,1500,0
2017-04-10,16:15:00,30.2,30.2007,30.2,30.2007,220,0
2017-04-10,16:20:00,30.2,30.2,30.2,30.2,2000,0
2017-04-10,17:30:00,30.188,30.188,30.188,30.188,200,0
2017-04-10,17:50:00,30.18,30.18,30.18,30.18,100,0
2017-04-10,18:10:00,30.165,30.18,30.15,30.15,1488,0
2017-04-10,18:25:00,30.12,30.12,30.12,30.12,100,0
2017-04-10,18:55:00,30.15,30.15,30.15,30.15,200,0
2017-04-10,21:30:00,30.134,30.134,30.134,30.134,400,0
2017-04-10,21:45:00,30.1097,30.1097,30.1097,30.1097,200,0
2017-04-11,15:50:00,30.28,30.28,30.28,30.28,1000,0
2017-04-11,16:10:00,30.27,30.27,30.27,30.27,150,0
2017-04-11,17:05:00,30.25,30.25,30.25,30.25,500,0
2017-04-11,17:10:00,30.25,30.25,30.25,30.25,500,0
2017-04-11,20:10:00,30.2768,30.2768,30.2768,30.2768,100,0
2017-04-11,20:45:00,30.25,30.2675,30.25,30.2675,500,0
2017-04-11,21:55:00,30.2764,30.2764,30.2764,30.2764,527,0
2017-04-11,22:00:00,30.26,30.26,30.26,30.26,100,0
2017-04-12,16:00:00,30.14,30.14,30.14,30.14,200,0
2017-04-12,18:30:00,30.12,30.12,30.12,30.12,100,0
2017-04-12,20:35:00,30.086,30.086,30.086,30.086,300,0
2017-04-12,21:25:00,30.09,30.09,30.09,30.09,100,0
2017-04-12,21:45:00,30.13,30.13,30.11,30.11,200,0
2017-04-13,15:35:00,28.7,28.7,28.7,28.7,100,0
2017-04-13,16:00:00,30.405,30.405,30.405,30.405,100,0
2017-04-13,16:20:00,30.38,30.38,30.38,30.38,1000,0
2017-04-13,16:25:00,30.38,30.4,30.38,30.4,1100,0
2017-04-13,16:50:00,30.3814,30.3814,30.3814,30.3814,100,0
2017-04-13,17:05:00,30.4,30.4,30.4,30.4,500,0
2017-04-13,18:10:00,30.4169,30.4169,30.4,30.4,1100,0
2017-04-13,18:35:00,30.42,30.42,30.42,30.42,300,0
2017-04-13,19:10:00,30.4045,30.4045,30.4045,30.4045,100,0
2017-04-13,20:40:00,30.37,30.37,30.37,30.37,300,0
2017-04-13,21:25:00,30.38,30.44,30.35,30.36,49558,0
2017-04-13,21:45:00,30.39,30.39,30.39,30.39,500,0
2017-04-17,15:35:00,29.98,29.98,29.97,29.97,3000,0
2017-04-17,15:40:00,29.995,29.995,29.995,29.995,100,0
2017-04-17,15:50:00,29.9435,29.99,29.9435,29.99,700,0
2017-04-17,16:10:00,29.9575,29.9575,29.9575,29.9575,500,0
2017-04-17,16:20:00,29.96,29.96,29.96,29.96,500,0
2017-04-17,16:30:00,29.95,29.95,29.95,29.95,100,0
2017-04-17,16:45:00,29.95,29.95,29.95,29.95,300,0
2017-04-17,17:00:00,29.9403,29.9404,29.9403,29.9404,250,0
2017-04-17,19:10:00,29.9667,29.9667,29.9667,29.9667,100,0
2017-04-17,20:05:00,29.9579,29.9579,29.9579,29.9579,100,0
2017-04-17,21:05:00,29.96,29.97,29.96,29.97,700,0
2017-04-17,21:45:00,29.95,29.95,29.95,29.95,100,0
2017-04-18,15:35:00,29.775,29.7945,29.7401,29.7526,500,0
2017-04-18,15:40:00,29.75,29.75,29.73,29.73,2700,0
2017-04-18,15:45:00,29.7747,29.7747,29.7349,29.7349,300,0
2017-04-18,16:15:00,29.75,29.76,29.75,29.76,200,0
2017-04-18,17:40:00,29.73,29.73,29.73,29.73,340,0
2017-04-18,18:05:00,29.701,29.701,29.701,29.701,221,0
2017-04-18,18:35:00,29.701,29.701,29.701,29.701,100,0
2017-04-18,19:05:00,29.7093,29.7093,29.7093,29.7093,100,0
2017-04-18,19:55:00,29.7077,29.7077,29.7077,29.7077,500,0
2017-04-18,21:10:00,29.71,29.73,29.71,29.73,5400,0
2017-04-18,22:00:00,29.74,29.76,29.74,29.76,886,0
2017-04-19,15:35:00,29.88,29.88,29.83,29.83,1575,0
2017-04-19,17:30:00,29.742,29.742,29.742,29.742,148,0
2017-04-19,20:30:00,29.71,29.71,29.6812,29.71,300,0
2017-04-19,21:50:00,29.7094,29.7094,29.67,29.67,600,0
2017-04-20,17:50:00,29.95,29.95,29.95,29.95,400,0
2017-04-20,18:55:00,29.98,29.98,29.98,29.98,500,0
2017-04-20,19:00:00,30.0234,30.0234,30.0234,30.0234,550,0
2017-04-20,19:05:00,30.07,30.08,30.07,30.08,1100,0
2017-04-20,19:25:00,30.08,30.08,30.08,30.08,2000,0
2017-04-20,20:15:00,30.07,30.08,30.06,30.06,800,0
2017-04-20,20:20:00,30.06,30.06,30.06,30.06,500,0
2017-04-20,20:40:00,30.0412,30.0412,30.03,30.03,200,0
2017-04-20,20:45:00,30.06,30.09,30.06,30.09,200,0
2017-04-20,21:10:00,30.055,30.055,30.03,30.03,500,0
2017-04-20,21:45:00,30.045,30.045,30.045,30.045,100,0
2017-04-21,16:40:00,29.73,29.73,29.72,29.7201,300,0
2017-04-21,16:50:00,29.71,29.7101,29.71,29.7101,2360,0
2017-04-21,16:55:00,29.773,29.773,29.7,29.7,540,0
2017-04-21,17:10:00,29.8199,29.8199,29.8199,29.8199,315,0
2017-04-21,21:45:00,29.805,29.805,29.805,29.805,300,0
2017-04-21,21:50:00,29.84,29.84,29.76,29.76,1100,0
2017-04-21,21:55:00,29.77,29.77,29.77,29.77,500,0
2017-04-21,22:00:00,29.77,29.77,29.7,29.7,20114,0
2017-04-24,18:20:00,29.2203,29.2203,29.2203,29.2203,100,0
2017-04-24,18:25:00,29.2308,29.2308,29.2308,29.2308,1000,0
2017-04-24,20:40:00,29.2066,29.21,29.2066,29.21,200,0
2017-04-24,20:45:00,29.21,29.225,29.21,29.22,300,0
2017-04-25,15:40:00,29.4599,29.4599,29.4599,29.4599,500,0
2017-04-25,15:50:00,29.4699,29.4699,29.4699,29.4699,500,0
2017-04-25,16:10:00,29.48,29.48,29.4799,29.48,2600,0
2017-04-25,20:40:00,29.4441,29.4441,29.4441,29.4441,200,0
2017-04-25,21:40:00,29.4111,29.4111,29.4111,29.4111,124,0
2017-04-26,15:35:00,29.5,29.54,29.5,29.54,1201,0
2017-04-26,19:00:00,29.57,29.57,29.57,29.57,303,0
2017-04-26,21:10:00,29.5727,29.5727,29.5701,29.5704,2500,0
2017-04-26,21:55:00,29.6001,29.6001,29.6001,29.6001,230,0
