Date,Time,Open,High,Low,Close,Volume,OpenInt
2017-02-23,15:35:00,34.101,34.101,34.101,34.101,943,0
2017-02-23,16:10:00,33.732,33.732,33.722,33.722,512,0
2017-02-23,16:25:00,33.656,33.656,33.622,33.655,401,0
2017-02-23,16:30:00,33.654,33.654,33.622,33.622,447,0
2017-02-23,16:55:00,33.558,33.558,33.558,33.558,182,0
2017-02-23,17:10:00,33.512,33.512,33.502,33.502,351,0
2017-02-23,17:15:00,33.492,33.492,33.432,33.432,596,0
2017-02-23,17:30:00,33.472,33.472,33.472,33.472,104,0
2017-02-23,17:35:00,33.525,33.525,33.525,33.525,301,0
2017-02-23,17:50:00,33.512,33.512,33.512,33.512,160,0
2017-02-23,18:00:00,33.463,33.463,33.463,33.463,466,0
2017-02-23,18:10:00,33.522,33.522,33.512,33.517,4215,0
2017-02-23,18:15:00,33.58,33.58,33.58,33.58,200,0
2017-02-23,18:20:00,33.616,33.616,33.616,33.616,371,0
2017-02-23,18:30:00,33.588,33.588,33.588,33.588,736,0
2017-02-23,18:50:00,33.63,33.63,33.63,33.63,100,0
2017-02-23,19:15:00,33.627,33.627,33.627,33.627,120,0
2017-02-23,19:25:00,33.57,33.57,33.57,33.57,301,0
2017-02-23,19:30:00,33.592,33.592,33.592,33.592,200,0
2017-02-23,19:45:00,33.615,33.615,33.615,33.615,100,0
2017-02-23,20:15:00,33.598,33.598,33.598,33.598,163,0
2017-02-23,20:25:00,33.573,33.573,33.573,33.573,106,0
2017-02-23,21:30:00,33.622,33.622,33.622,33.622,125,0
2017-02-24,15:35:00,33.273,33.668,33.273,33.668,1707,0
2017-02-24,16:45:00,33.447,33.447,33.447,33.447,743,0
2017-02-24,17:10:00,33.492,33.492,33.492,33.492,300,0
2017-02-24,17:15:00,33.494,33.494,33.494,33.494,105,0
2017-02-24,18:05:00,33.482,33.482,33.482,33.482,390,0
2017-02-24,18:40:00,33.58,33.58,33.58,33.58,743,0
2017-02-24,18:55:00,33.598,33.598,33.598,33.598,214,0
2017-02-24,19:00:00,33.557,33.557,33.557,33.557,150,0
2017-02-24,19:05:00,33.562,33.562,33.541,33.541,1203,0
2017-02-24,19:35:00,33.481,33.481,33.481,33.481,200,0
2017-02-24,19:50:00,33.562,33.562,33.562,33.562,119,0
2017-02-24,20:05:00,33.592,33.592,33.592,33.592,1402,0
2017-02-24,20:15:00,33.558,33.558,33.558,33.558,148,0
2017-02-24,20:25:00,33.572,33.572,33.572,33.572,100,0
2017-02-24,20:55:00,33.585,33.585,33.585,33.585,281,0
2017-02-24,21:00:00,33.602,33.602,33.602,33.602,501,0
2017-02-24,21:05:00,33.617,33.617,33.617,33.617,200,0
2017-02-27,15:35:00,33.652,33.652,33.652,33.652,879,0
2017-02-27,15:50:00,33.562,33.642,33.562,33.642,3417,0
2017-02-27,16:05:00,33.711,33.711,33.711,33.711,107,0
2017-02-27,16:10:00,33.746,33.746,33.746,33.746,155,0
2017-02-27,16:50:00,33.796,33.796,33.796,33.796,501,0
2017-02-27,17:10:00,33.741,33.741,33.741,33.741,301,0
2017-02-27,18:05:00,33.7,33.7,33.7,33.7,301,0
2017-02-27,18:10:00,33.671,33.671,33.671,33.671,142,0
2017-02-27,20:00:00,33.795,33.795,33.787,33.787,2005,0
2017-02-27,20:20:00,33.795,33.795,33.795,33.795,171,0
2017-02-27,20:25:00,33.811,33.811,33.811,33.811,401,0
2017-02-27,20:30:00,33.811,33.811,33.811,33.811,102,0
2017-02-27,20:40:00,33.799,33.833,33.799,33.833,332,0
2017-02-27,20:55:00,33.849,33.855,33.841,33.855,518,0
2017-02-27,21:00:00,33.864,33.864,33.864,33.864,288,0
2017-02-27,21:10:00,33.809,33.809,33.809,33.809,105,0
2017-02-27,21:20:00,33.841,33.841,33.841,33.841,1371,0
2017-02-27,21:30:00,33.864,33.867,33.864,33.867,1071,0
2017-02-27,21:40:00,33.882,33.882,33.831,33.831,1124,0
2017-02-28,15:35:00,33.781,33.781,33.781,33.781,318,0
2017-02-28,15:40:00,33.672,33.672,33.672,33.672,251,0
2017-02-28,15:50:00,33.651,33.651,33.651,33.651,742,0
2017-02-28,15:55:00,33.592,33.592,33.592,33.592,100,0
2017-02-28,16:00:00,33.534,33.534,33.534,33.534,150,0
2017-02-28,16:10:00,33.6,33.6,33.6,33.6,100,0
2017-02-28,16:20:00,33.552,33.552,33.552,33.552,100,0
2017-02-28,16:35:00,33.522,33.522,33.522,33.522,1002,0
2017-02-28,16:45:00,33.511,33.511,33.511,33.511,1002,0
2017-02-28,17:05:00,33.552,33.552,33.552,33.552,1034,0
2017-02-28,17:10:00,33.532,33.532,33.532,33.532,185,0
2017-02-28,17:15:00,33.522,33.522,33.522,33.522,401,0
2017-02-28,17:20:00,33.532,33.538,33.532,33.538,214,0
2017-02-28,17:30:00,33.524,33.524,33.524,33.524,369,0
2017-02-28,17:45:00,33.502,33.502,33.502,33.502,200,0
2017-02-28,18:05:00,33.467,33.467,33.467,33.467,158,0
2017-02-28,18:15:00,33.415,33.422,33.415,33.422,404,0
2017-02-28,18:20:00,33.392,33.392,33.392,33.392,200,0
2017-02-28,18:30:00,33.3,33.3,33.3,33.3,501,0
2017-02-28,18:35:00,33.327,33.327,33.327,33.327,2250,0
2017-02-28,18:45:00,33.323,33.323,33.323,33.323,100,0
2017-02-28,20:05:00,33.322,33.322,33.303,33.303,350,0
2017-02-28,20:25:00,33.198,33.198,33.198,33.198,197,0
2017-02-28,20:35:00,33.28,33.28,33.263,33.263,323,0
2017-02-28,20:40:00,33.216,33.283,33.216,33.283,3072,0
2017-02-28,20:45:00,33.278,33.278,33.278,33.278,150,0
2017-02-28,21:15:00,33.233,33.273,33.233,33.273,1335,0
2017-02-28,21:20:00,33.278,33.278,33.272,33.272,301,0
2017-02-28,21:50:00,33.214,33.214,33.214,33.214,601,0
2017-02-28,21:55:00,33.253,33.253,33.253,33.253,100,0
2017-02-28,22:00:00,33.283,33.283,33.283,33.283,100,0
2017-03-01,15:35:00,33.642,33.642,33.642,33.642,1655,0
2017-03-01,15:50:00,33.68,33.714,33.68,33.714,788,0
2017-03-01,16:00:00,33.732,33.732,33.732,33.732,179,0
2017-03-01,16:10:00,33.757,33.821,33.757,33.804,2247,0
2017-03-01,16:25:00,33.806,33.806,33.806,33.806,100,0
2017-03-01,16:40:00,33.752,33.752,33.752,33.752,301,0
2017-03-01,16:55:00,33.73,33.73,33.73,33.73,291,0
2017-03-01,17:10:00,33.737,33.737,33.737,33.737,301,0
2017-03-01,17:20:00,33.763,33.763,33.763,33.763,150,0
2017-03-01,17:25:00,33.726,33.732,33.726,33.732,601,0
2017-03-01,17:45:00,33.727,33.727,33.727,33.727,600,0
2017-03-01,17:50:00,33.682,33.682,33.682,33.682,125,0
2017-03-01,18:00:00,33.752,33.752,33.752,33.752,301,0
2017-03-01,18:20:00,33.831,33.831,33.831,33.831,100,0
2017-03-01,18:35:00,33.85,33.85,33.837,33.837,1903,0
2017-03-01,18:40:00,33.84,33.84,33.84,33.84,326,0
2017-03-01,18:45:00,33.779,33.831,33.779,33.831,426,0
2017-03-01,19:05:00,33.825,33.825,33.825,33.825,501,0
2017-03-01,19:10:00,33.807,33.807,33.807,33.807,600,0
2017-03-01,19:15:00,33.803,33.803,33.803,33.803,100,0
2017-03-01,19:20:00,33.782,33.782,33.776,33.776,200,0
2017-03-01,19:30:00,33.732,33.732,33.732,33.732,501,0
2017-03-01,19:45:00,33.788,33.788,33.788,33.788,200,0
2017-03-01,20:05:00,33.801,33.801,33.801,33.801,100,0
2017-03-01,20:10:00,33.774,33.774,33.774,33.774,601,0
2017-03-01,20:50:00,33.77,33.77,33.752,33.752,261,0
2017-03-01,21:15:00,33.742,33.771,33.727,33.771,2295,0
2017-03-01,21:35:00,33.771,33.771,33.771,33.771,1578,0
2017-03-01,21:50:00,33.781,33.801,33.781,33.801,1103,0
2017-03-01,22:00:00,33.798,33.811,33.791,33.791,952,0
2017-03-02,15:35:00,33.841,33.841,33.791,33.791,1528,0
2017-03-02,15:50:00,33.751,33.751,33.751,33.751,100,0
2017-03-02,16:00:00,33.732,33.732,33.732,33.732,138,0
2017-03-02,16:25:00,33.655,33.655,33.655,33.655,151,0
2017-03-02,16:40:00,33.678,33.678,33.678,33.678,401,0
2017-03-02,17:00:00,33.662,33.662,33.662,33.662,443,0
2017-03-02,17:15:00,33.612,33.612,33.612,33.612,301,0
2017-03-02,18:00:00,33.548,33.548,33.548,33.548,150,0
2017-03-02,18:20:00,33.521,33.521,33.521,33.521,340,0
2017-03-02,18:25:00,33.492,33.492,33.492,33.492,100,0
2017-03-02,18:55:00,33.502,33.502,33.502,33.502,200,0
2017-03-02,19:40:00,33.522,33.53,33.522,33.53,415,0
2017-03-02,20:20:00,33.572,33.572,33.552,33.552,2441,0
2017-03-02,20:35:00,33.542,33.542,33.542,33.542,296,0
2017-03-02,20:50:00,33.582,33.582,33.582,33.582,290,0
2017-03-02,20:55:00,33.592,33.592,33.592,33.592,1002,0
2017-03-02,21:00:00,33.582,33.582,33.582,33.582,501,0
2017-03-02,21:05:00,33.585,33.585,33.585,33.585,110,0
2017-03-02,21:10:00,33.562,33.562,33.562,33.562,200,0
2017-03-02,21:15:00,33.562,33.574,33.562,33.574,702,0
2017-03-02,21:20:00,33.489,33.489,33.489,33.489,301,0
2017-03-02,21:35:00,33.541,33.541,33.51,33.51,794,0
2017-03-02,21:55:00,33.472,33.472,33.393,33.393,1100,0
2017-03-03,15:35:00,33.512,33.512,33.512,33.512,569,0
2017-03-03,16:00:00,33.386,33.386,33.386,33.386,100,0
2017-03-03,16:05:00,33.347,33.347,33.347,33.347,301,0
2017-03-03,16:10:00,33.379,33.379,33.379,33.379,175,0
2017-03-03,16:20:00,33.323,33.332,33.313,33.332,7486,0
2017-03-03,16:25:00,33.246,33.246,33.246,33.246,501,0
2017-03-03,16:40:00,33.233,33.233,33.233,33.233,964,0
2017-03-03,16:50:00,33.301,33.323,33.301,33.323,626,0
2017-03-03,16:55:00,33.412,33.412,33.412,33.412,144,0
2017-03-03,17:00:00,33.323,33.323,33.323,33.323,100,0
2017-03-03,17:10:00,33.28,33.28,33.28,33.28,389,0
2017-03-03,17:30:00,33.299,33.299,33.299,33.299,215,0
2017-03-03,17:40:00,33.204,33.204,33.204,33.204,193,0
2017-03-03,17:45:00,33.193,33.193,33.193,33.193,150,0
2017-03-03,18:05:00,33.283,33.283,33.273,33.273,722,0
2017-03-03,18:15:00,33.293,33.293,33.293,33.293,100,0
2017-03-03,18:40:00,33.267,33.303,33.267,33.303,1213,0
2017-03-03,19:00:00,33.276,33.276,33.276,33.276,268,0
2017-03-03,19:20:00,33.243,33.243,33.243,33.243,120,0
2017-03-03,19:45:00,33.174,33.174,33.174,33.174,118,0
2017-03-03,19:50:00,33.18,33.18,33.18,33.18,200,0
2017-03-03,20:25:00,33.215,33.215,33.215,33.215,591,0
2017-03-03,20:30:00,33.228,33.23,33.228,33.23,200,0
2017-03-03,21:00:00,33.283,33.283,33.28,33.28,200,0
2017-03-03,21:25:00,33.273,33.273,33.273,33.273,401,0
2017-03-03,21:30:00,33.309,33.309,33.309,33.309,135,0
2017-03-03,21:35:00,33.325,33.342,33.325,33.342,2606,0
2017-03-03,21:40:00,33.349,33.349,33.349,33.349,1198,0
2017-03-03,21:50:00,33.315,33.315,33.315,33.315,176,0
2017-03-03,22:00:00,33.352,33.352,33.332,33.332,200,0
2017-03-06,15:35:00,33.173,33.173,33.12,33.12,1217,0
2017-03-06,15:55:00,33.11,33.11,33.11,33.11,200,0
2017-03-06,16:20:00,33.146,33.146,33.123,33.133,749,0
2017-03-06,16:30:00,33.125,33.125,33.125,33.125,742,0
2017-03-06,16:35:00,33.053,33.073,33.053,33.073,601,0
2017-03-06,16:40:00,32.983,32.983,32.983,32.983,501,0
2017-03-06,16:50:00,32.983,32.983,32.983,32.983,476,0
2017-03-06,16:55:00,33.053,33.053,33.014,33.014,942,0
2017-03-06,17:25:00,33.044,33.044,33.044,33.044,125,0
2017-03-06,17:30:00,33.053,33.053,33.053,33.053,2005,0
2017-03-06,17:40:00,33.023,33.023,33.023,33.023,200,0
2017-03-06,17:45:00,33.026,33.026,33.026,33.026,756,0
2017-03-06,17:55:00,33.003,33.003,33.003,33.003,100,0
2017-03-06,18:30:00,33.024,33.024,33.024,33.024,301,0
2017-03-06,19:05:00,33.025,33.025,33.025,33.025,488,0
2017-03-06,19:45:00,33.07,33.07,33.07,33.07,752,0
2017-03-06,20:00:00,33.088,33.088,33.072,33.072,599,0
2017-03-06,20:10:00,33.067,33.093,33.067,33.093,739,0
2017-03-06,20:40:00,33.055,33.055,33.035,33.035,451,0
2017-03-06,20:55:00,33.029,33.029,33.029,33.029,200,0
2017-03-06,21:00:00,33.046,33.063,33.036,33.036,706,0
2017-03-06,21:05:00,33.013,33.013,33.013,33.013,200,0
2017-03-06,21:20:00,33.094,33.094,33.094,33.094,120,0
2017-03-06,21:25:00,33.084,33.103,33.084,33.101,1000,0
2017-03-06,21:40:00,33.093,33.093,33.093,33.093,200,0
2017-03-06,21:50:00,33.093,33.093,33.093,33.093,174,0
2017-03-06,22:00:00,33.083,33.083,33.083,33.083,200,0
2017-03-07,15:35:00,32.923,32.923,32.923,32.923,2468,0
2017-03-07,15:45:00,32.913,32.913,32.913,32.913,100,0
2017-03-07,15:50:00,32.91,32.91,32.91,32.91,576,0
2017-03-07,17:05:00,32.953,32.953,32.953,32.953,100,0
2017-03-07,17:15:00,32.983,32.983,32.982,32.982,401,0
2017-03-07,17:25:00,32.962,32.962,32.962,32.962,1253,0
2017-03-07,17:30:00,32.933,32.933,32.933,32.933,100,0
2017-03-07,17:45:00,32.902,32.913,32.894,32.903,1953,0
2017-03-07,18:10:00,32.923,32.923,32.923,32.923,200,0
2017-03-07,18:15:00,32.844,32.854,32.834,32.844,5432,0
2017-03-07,18:35:00,32.933,32.933,32.932,32.932,200,0
2017-03-07,18:55:00,32.935,32.935,32.935,32.935,302,0
2017-03-07,19:05:00,32.963,32.963,32.963,32.963,125,0
2017-03-07,20:20:00,32.844,32.844,32.844,32.844,200,0
2017-03-07,20:30:00,32.844,32.886,32.844,32.886,593,0
2017-03-07,20:40:00,32.844,32.879,32.844,32.879,212,0
2017-03-07,21:30:00,32.874,32.874,32.874,32.874,100,0
2017-03-07,21:35:00,32.903,32.903,32.854,32.854,802,0
2017-03-07,21:45:00,32.811,32.811,32.811,32.811,151,0
2017-03-08,15:35:00,32.814,32.814,32.814,32.814,347,0
2017-03-08,15:40:00,32.908,32.908,32.908,32.908,100,0
2017-03-08,15:55:00,32.923,32.938,32.923,32.938,401,0
2017-03-08,16:00:00,32.902,32.902,32.902,32.902,1153,0
2017-03-08,16:05:00,32.874,32.874,32.874,32.874,100,0
2017-03-08,17:10:00,32.814,32.814,32.814,32.814,100,0
2017-03-08,17:25:00,32.8,32.8,32.8,32.8,1511,0
2017-03-08,17:35:00,32.774,32.774,32.774,32.774,100,0
2017-03-08,17:45:00,32.744,32.744,32.744,32.744,150,0
2017-03-08,17:50:00,32.744,32.744,32.744,32.744,200,0
2017-03-08,18:15:00,32.754,32.754,32.754,32.754,401,0
2017-03-08,18:20:00,32.764,32.764,32.764,32.764,117,0
2017-03-08,18:25:00,32.83,32.859,32.794,32.804,2732,0
2017-03-08,18:30:00,32.804,32.804,32.804,32.804,100,0
2017-03-08,18:35:00,32.864,32.864,32.864,32.864,48488,0
2017-03-08,18:40:00,32.814,32.814,32.814,32.814,100,0
2017-03-08,19:05:00,32.79,32.79,32.759,32.759,2167,0
2017-03-08,19:10:00,32.795,32.795,32.795,32.795,802,0
2017-03-08,19:50:00,32.844,32.864,32.844,32.864,200,0
2017-03-08,20:10:00,32.844,32.844,32.844,32.844,100,0
2017-03-08,20:50:00,32.829,32.831,32.783,32.831,672,0
2017-03-08,20:55:00,32.864,32.864,32.842,32.842,290,0
2017-03-08,21:00:00,32.817,32.817,32.817,32.817,150,0
2017-03-08,21:25:00,32.834,32.863,32.834,32.863,411,0
2017-03-08,21:30:00,32.804,32.807,32.804,32.807,450,0
2017-03-08,21:35:00,32.784,32.784,32.784,32.784,501,0
2017-03-08,21:50:00,32.753,32.753,32.753,32.753,150,0
2017-03-08,21:55:00,32.724,32.729,32.724,32.729,1676,0
2017-03-08,22:00:00,32.724,32.724,32.684,32.684,1203,0
2017-03-09,15:35:00,32.594,32.594,32.594,32.594,657,0
2017-03-09,15:40:00,32.627,32.627,32.627,32.627,100,0
2017-03-09,15:50:00,32.719,32.719,32.719,32.719,301,0
2017-03-09,16:00:00,32.744,32.744,32.744,32.744,100,0
2017-03-09,16:25:00,32.748,32.748,32.714,32.714,339,0
2017-03-09,16:35:00,32.694,32.694,32.694,32.694,100,0
2017-03-09,16:45:00,32.664,32.664,32.664,32.664,100,0
2017-03-09,16:50:00,32.694,32.694,32.694,32.694,200,0
2017-03-09,16:55:00,32.656,32.656,32.656,32.656,298,0
2017-03-09,17:00:00,32.704,32.704,32.704,32.704,678,0
2017-03-09,17:20:00,32.734,32.734,32.734,32.734,301,0
2017-03-09,17:55:00,32.721,32.721,32.714,32.715,898,0
2017-03-09,18:05:00,32.684,32.704,32.684,32.694,702,0
2017-03-09,18:25:00,32.664,32.664,32.664,32.664,100,0
2017-03-09,18:45:00,32.634,32.634,32.634,32.634,100,0
2017-03-09,19:05:00,32.624,32.624,32.624,32.624,100,0
2017-03-09,19:15:00,32.644,32.644,32.644,32.644,100,0
2017-03-09,19:25:00,32.684,32.684,32.684,32.684,200,0
2017-03-09,19:30:00,32.604,32.604,32.604,32.604,100,0
2017-03-09,19:35:00,32.604,32.604,32.604,32.604,100,0
2017-03-09,20:00:00,32.594,32.594,32.584,32.584,301,0
2017-03-09,20:20:00,32.504,32.514,32.504,32.514,401,0
2017-03-09,20:45:00,32.484,32.484,32.474,32.474,235,0
2017-03-09,20:55:00,32.477,32.477,32.477,32.477,251,0
2017-03-09,21:00:00,32.493,32.504,32.493,32.504,273,0
2017-03-09,21:10:00,32.495,32.495,32.495,32.495,316,0
2017-03-09,21:50:00,32.493,32.494,32.493,32.494,301,0
2017-03-09,22:00:00,32.425,32.425,32.425,32.425,311,0
2017-03-10,15:45:00,32.614,32.614,32.614,32.614,194,0
2017-03-10,16:10:00,32.736,32.736,32.736,32.736,501,0
2017-03-10,16:25:00,32.773,32.773,32.773,32.773,200,0
2017-03-10,16:35:00,32.659,32.659,32.659,32.659,100,0
2017-03-10,16:40:00,32.654,32.654,32.654,32.654,100,0
2017-03-10,16:45:00,32.614,32.614,32.614,32.614,100,0
2017-03-10,16:50:00,32.624,32.624,32.624,32.624,1743,0
2017-03-10,17:10:00,32.483,32.5,32.483,32.5,1920,0
2017-03-10,17:35:00,32.588,32.588,32.588,32.588,175,0
2017-03-10,17:40:00,32.561,32.561,32.561,32.561,590,0
2017-03-10,17:45:00,32.594,32.594,32.594,32.594,105,0
2017-03-10,17:50:00,32.62,32.62,32.62,32.62,100,0
2017-03-10,18:05:00,32.618,32.618,32.618,32.618,100,0
2017-03-10,18:15:00,32.618,32.618,32.618,32.618,100,0
2017-03-10,18:50:00,32.53,32.53,32.53,32.53,200,0
2017-03-10,18:55:00,32.514,32.522,32.514,32.522,401,0
2017-03-10,19:05:00,32.528,32.528,32.528,32.528,200,0
2017-03-10,19:10:00,32.485,32.507,32.485,32.507,386,0
2017-03-10,20:30:00,32.573,32.573,32.573,32.573,1002,0
2017-03-10,21:05:00,32.612,32.612,32.612,32.612,187,0
2017-03-10,21:20:00,32.674,32.674,32.674,32.674,2036,0
2017-03-10,21:25:00,32.664,32.664,32.664,32.664,270,0
2017-03-10,21:30:00,32.664,32.664,32.664,32.664,200,0
2017-03-10,21:35:00,32.694,32.694,32.694,32.694,200,0
2017-03-10,21:40:00,32.674,32.674,32.664,32.664,301,0
2017-03-10,21:55:00,32.65,32.664,32.65,32.664,536,0
2017-03-10,22:00:00,32.674,32.674,32.654,32.664,1002,0
2017-03-13,14:45:00,32.708,32.708,32.708,32.708,1743,0
2017-03-13,14:50:00,32.654,32.654,32.616,32.616,5120,0
2017-03-13,16:05:00,32.704,32.704,32.704,32.704,100,0
2017-03-13,16:15:00,32.68,32.68,32.67,32.67,590,0
2017-03-13,16:25:00,32.654,32.654,32.654,32.654,200,0
2017-03-13,16:40:00,32.605,32.605,32.605,32.605,107,0
2017-03-13,16:45:00,32.604,32.628,32.604,32.628,6114,0
2017-03-13,17:05:00,32.724,32.724,32.714,32.714,401,0
2017-03-13,17:15:00,32.705,32.705,32.705,32.705,1039,0
2017-03-13,17:35:00,32.703,32.703,32.703,32.703,328,0
2017-03-13,17:50:00,32.616,32.674,32.616,32.635,1246,0
2017-03-13,18:05:00,32.636,32.636,32.636,32.636,267,0
2017-03-13,18:15:00,32.624,32.644,32.624,32.644,301,0
2017-03-13,18:40:00,32.604,32.604,32.604,32.604,200,0
2017-03-13,19:40:00,32.65,32.65,32.65,32.65,245,0
2017-03-13,19:55:00,32.634,32.634,32.634,32.634,230,0
2017-03-13,20:00:00,32.603,32.603,32.603,32.603,125,0
2017-03-13,20:05:00,32.634,32.634,32.634,32.634,236,0
2017-03-13,20:25:00,32.638,32.638,32.638,32.638,124,0
2017-03-13,20:30:00,32.641,32.641,32.641,32.641,175,0
2017-03-13,20:40:00,32.646,32.646,32.646,32.646,150,0
2017-03-14,14:40:00,32.49,32.49,32.49,32.49,100,0
2017-03-14,14:50:00,32.494,32.494,32.494,32.494,100,0
2017-03-14,15:10:00,32.455,32.455,32.455,32.455,401,0
2017-03-14,15:40:00,32.464,32.464,32.426,32.426,384,0
2017-03-14,15:45:00,32.385,32.433,32.385,32.433,880,0
2017-03-14,15:55:00,32.408,32.408,32.408,32.408,2842,0
2017-03-14,16:20:00,32.594,32.594,32.594,32.594,125,0
2017-03-14,16:40:00,32.57,32.57,32.57,32.57,652,0
2017-03-14,16:45:00,32.53,32.53,32.53,32.53,489,0
2017-03-14,16:55:00,32.54,32.54,32.54,32.54,230,0
2017-03-14,17:00:00,32.597,32.597,32.597,32.597,218,0
2017-03-14,17:10:00,32.565,32.565,32.554,32.554,295,0
2017-03-14,17:35:00,32.547,32.547,32.547,32.547,172,0
2017-03-14,18:15:00,32.526,32.526,32.526,32.526,802,0
2017-03-14,18:30:00,32.638,32.638,32.638,32.638,309,0
2017-03-14,18:40:00,32.598,32.598,32.598,32.598,625,0
2017-03-14,18:50:00,32.644,32.644,32.644,32.644,162,0
2017-03-14,18:55:00,32.614,32.614,32.584,32.584,501,0
2017-03-14,19:05:00,32.55,32.55,32.55,32.55,148,0
2017-03-14,19:40:00,32.634,32.634,32.599,32.634,2506,0
2017-03-14,20:00:00,32.619,32.619,32.619,32.619,765,0
2017-03-14,20:05:00,32.624,32.624,32.624,32.624,200,0
2017-03-14,20:40:00,32.695,32.695,32.695,32.695,102,0
2017-03-14,20:45:00,32.686,32.686,32.686,32.686,222,0
2017-03-14,21:00:00,32.644,32.644,32.644,32.644,200,0
2017-03-15,14:35:00,32.824,32.824,32.824,32.824,351,0
2017-03-15,15:00:00,32.824,32.824,32.824,32.824,998,0
2017-03-15,15:05:00,32.832,32.832,32.832,32.832,251,0
2017-03-15,15:20:00,32.922,32.922,32.922,32.922,766,0
2017-03-15,15:35:00,32.874,32.874,32.874,32.874,1002,0
2017-03-15,16:35:00,32.888,32.888,32.88,32.88,341,0
2017-03-15,18:20:00,32.854,32.854,32.854,32.854,100,0
2017-03-15,18:25:00,32.84,32.84,32.84,32.84,236,0
2017-03-15,19:20:00,33.017,33.017,33.017,33.017,200,0
2017-03-15,19:30:00,33.054,33.054,33.054,33.054,100,0
2017-03-15,19:50:00,33.003,33.003,33.003,33.003,236,0
2017-03-15,20:00:00,33.035,33.035,33.035,33.035,150,0
2017-03-15,20:05:00,33.076,33.076,33.066,33.066,461,0
2017-03-15,20:50:00,33.133,33.133,33.113,33.113,301,0
2017-03-15,21:00:00,33.133,33.133,33.133,33.133,132,0
2017-03-16,14:35:00,33.273,33.273,33.273,33.273,1755,0
2017-03-16,14:55:00,33.243,33.243,33.243,33.243,301,0
2017-03-16,15:15:00,33.233,33.233,33.213,33.213,802,0
2017-03-16,15:45:00,33.223,33.223,33.213,33.213,1002,0
2017-03-16,15:50:00,33.223,33.223,33.223,33.223,100,0
2017-03-16,16:05:00,33.153,33.153,33.153,33.153,100,0
2017-03-16,16:25:00,33.114,33.114,33.093,33.093,954,0
2017-03-16,16:35:00,33.093,33.093,33.093,33.093,100,0
2017-03-16,16:45:00,33.04,33.04,33.04,33.04,501,0
2017-03-16,16:50:00,33.084,33.084,33.084,33.084,100,0
2017-03-16,17:00:00,33.073,33.073,33.073,33.073,150,0
2017-03-16,17:10:00,33.092,33.092,33.092,33.092,116,0
2017-03-16,17:30:00,33.197,33.197,33.197,33.197,107,0
2017-03-16,17:45:00,33.199,33.199,33.199,33.199,107,0
2017-03-16,18:15:00,33.147,33.147,33.147,33.147,548,0
2017-03-16,18:20:00,33.153,33.153,33.153,33.153,100,0
2017-03-16,18:45:00,33.173,33.173,33.173,33.173,603,0
2017-03-16,19:15:00,33.164,33.164,33.114,33.114,558,0
2017-03-16,20:00:00,33.083,33.141,33.083,33.141,4239,0
2017-03-16,20:05:00,33.113,33.113,33.113,33.113,100,0
2017-03-16,20:10:00,33.132,33.132,33.132,33.132,159,0
2017-03-16,20:30:00,33.143,33.154,33.143,33.154,640,0
2017-03-16,21:00:00,33.103,33.103,33.103,33.103,200,0
2017-03-17,14:35:00,33.293,33.293,33.293,33.293,1032,0
2017-03-17,15:05:00,33.17,33.17,33.17,33.17,755,0
2017-03-17,15:10:00,33.173,33.173,33.173,33.173,100,0
2017-03-17,15:20:00,33.193,33.198,33.193,33.198,932,0
2017-03-17,15:25:00,33.173,33.173,33.173,33.173,251,0
2017-03-17,15:40:00,33.195,33.195,33.173,33.173,451,0
2017-03-17,16:15:00,33.063,33.063,33.063,33.063,386,0
2017-03-17,16:25:00,33.094,33.094,33.094,33.094,154,0
2017-03-17,16:40:00,33.073,33.073,33.073,33.073,100,0
2017-03-17,16:50:00,33.094,33.133,33.094,33.123,1356,0
2017-03-17,17:00:00,33.123,33.123,33.123,33.123,100,0
2017-03-17,17:05:00,33.153,33.153,33.153,33.153,138,0
2017-03-17,17:35:00,33.195,33.195,33.195,33.195,124,0
2017-03-17,17:50:00,33.223,33.229,33.223,33.229,802,0
2017-03-17,17:55:00,33.22,33.22,33.22,33.22,251,0
2017-03-17,18:00:00,33.253,33.253,33.253,33.253,150,0
2017-03-17,18:10:00,33.213,33.213,33.213,33.213,145,0
2017-03-17,18:25:00,33.241,33.241,33.241,33.241,453,0
2017-03-17,18:35:00,33.223,33.223,33.223,33.223,861,0
2017-03-17,18:50:00,33.203,33.203,33.203,33.203,100,0
2017-03-17,18:55:00,33.213,33.213,33.213,33.213,200,0
2017-03-17,19:25:00,33.231,33.231,33.231,33.231,130,0
2017-03-17,19:45:00,33.271,33.292,33.253,33.253,1428,0
2017-03-17,20:15:00,33.233,33.233,33.193,33.213,811,0
2017-03-17,20:25:00,33.208,33.208,33.208,33.208,311,0
2017-03-17,20:50:00,33.314,33.314,33.28,33.28,3033,0
2017-03-17,21:00:00,33.336,33.372,33.332,33.332,904,0
2017-03-20,14:35:00,33.382,33.382,33.382,33.382,4418,0
2017-03-20,15:10:00,33.173,33.173,33.133,33.133,301,0
2017-03-20,15:15:00,33.173,33.193,33.173,33.193,301,0
2017-03-20,15:25:00,33.243,33.243,33.243,33.243,100,0
2017-03-20,15:30:00,33.213,33.213,33.213,33.213,100,0
2017-03-20,15:35:00,33.183,33.233,33.153,33.153,802,0
2017-03-20,15:50:00,33.183,33.203,33.183,33.203,200,0
2017-03-20,15:55:00,33.203,33.203,33.193,33.193,218,0
2017-03-20,16:00:00,33.163,33.163,33.153,33.153,200,0
2017-03-20,16:10:00,33.153,33.153,33.153,33.153,135,0
2017-03-20,16:25:00,33.153,33.153,33.153,33.153,480,0
2017-03-20,17:05:00,33.143,33.143,33.133,33.133,386,0
2017-03-20,18:30:00,33.126,33.126,33.126,33.126,100,0
2017-03-20,18:40:00,33.057,33.057,33.057,33.057,303,0
2017-03-20,18:45:00,33.024,33.024,33.024,33.024,150,0
2017-03-20,18:50:00,33.002,33.002,33.002,33.002,200,0
2017-03-20,19:00:00,32.991,32.991,32.991,32.991,125,0
2017-03-20,19:10:00,32.989,32.989,32.989,32.989,100,0
2017-03-20,19:55:00,32.985,32.985,32.985,32.985,110,0
2017-03-20,20:00:00,32.983,32.983,32.983,32.983,100,0
2017-03-20,20:45:00,33.043,33.043,33.043,33.043,100,0
2017-03-20,20:55:00,33.023,33.023,33.023,33.023,301,0
2017-03-21,14:45:00,33.053,33.053,33.053,33.053,100,0
2017-03-21,15:00:00,32.983,32.983,32.983,32.983,401,0
2017-03-21,15:05:00,32.923,32.923,32.923,32.923,152,0
2017-03-21,15:15:00,32.913,32.913,32.854,32.854,601,0
2017-03-21,15:20:00,32.824,32.824,32.824,32.824,100,0
2017-03-21,15:35:00,32.744,32.764,32.744,32.764,200,0
2017-03-21,15:50:00,32.694,32.694,32.694,32.694,100,0
2017-03-21,16:10:00,32.531,32.531,32.531,32.531,752,0
2017-03-21,16:40:00,32.418,32.418,32.418,32.418,100,0
2017-03-21,16:50:00,32.444,32.504,32.395,32.504,44915,0
2017-03-21,17:20:00,32.514,32.514,32.504,32.504,401,0
2017-03-21,17:25:00,32.54,32.54,32.54,32.54,151,0
2017-03-21,18:10:00,32.484,32.484,32.484,32.484,112,0
2017-03-21,18:15:00,32.483,32.483,32.483,32.483,1002,0
2017-03-21,19:05:00,32.425,32.425,32.425,32.425,460,0
2017-03-21,19:15:00,32.504,32.504,32.504,32.504,125,0
2017-03-21,19:35:00,32.499,32.499,32.499,32.499,372,0
2017-03-21,20:00:00,32.505,32.505,32.505,32.505,301,0
2017-03-21,20:10:00,32.494,32.494,32.494,32.494,196,0
2017-03-21,20:15:00,32.534,32.534,32.534,32.534,1002,0
2017-03-21,20:20:00,32.504,32.504,32.504,32.504,150,0
2017-03-21,20:35:00,32.445,32.489,32.445,32.489,1423,0
2017-03-21,20:45:00,32.395,32.415,32.395,32.415,509,0
2017-03-21,20:50:00,32.375,32.375,32.375,32.375,140,0
2017-03-21,20:55:00,32.375,32.375,32.296,32.318,752,0
2017-03-21,21:00:00,32.343,32.343,32.325,32.325,1604,0
2017-03-22,14:35:00,32.315,32.315,32.205,32.205,2682,0
2017-03-22,14:45:00,32.295,32.295,32.295,32.295,100,0
2017-03-22,14:55:00,32.342,32.342,32.342,32.342,110,0
2017-03-22,15:15:00,32.205,32.205,32.205,32.205,200,0
2017-03-22,15:20:00,32.185,32.185,32.185,32.185,100,0
2017-03-22,15:40:00,32.095,32.15,32.095,32.095,1904,0
2017-03-22,15:50:00,32.175,32.175,32.175,32.175,100,0
2017-03-22,16:15:00,32.095,32.095,32.095,32.095,100,0
2017-03-22,16:25:00,32.125,32.172,32.125,32.172,501,0
2017-03-22,16:40:00,32.135,32.145,32.123,32.123,401,0
2017-03-22,16:50:00,32.134,32.134,32.134,32.134,463,0
2017-03-22,17:10:00,32.076,32.079,32.075,32.075,601,0
2017-03-22,17:20:00,32.075,32.075,32.075,32.075,100,0
2017-03-22,17:30:00,32.055,32.055,32.016,32.016,501,0
2017-03-22,17:45:00,32.041,32.041,32.041,32.041,732,0
2017-03-22,17:50:00,32.035,32.075,32.016,32.026,6716,0
2017-03-22,18:05:00,32.036,32.036,32.036,32.036,100,0
2017-03-22,18:10:00,32.016,32.016,32.016,32.016,100,0
2017-03-22,18:15:00,31.996,31.996,31.996,31.996,100,0
2017-03-22,18:30:00,32.043,32.043,32.043,32.043,100,0
2017-03-22,18:40:00,32.065,32.075,32.065,32.075,798,0
2017-03-22,18:45:00,32.117,32.117,32.117,32.117,100,0
2017-03-22,18:50:00,32.063,32.063,32.063,32.063,140,0
2017-03-22,18:55:00,32.024,32.024,32.024,32.024,288,0
2017-03-22,19:50:00,32.097,32.097,32.097,32.097,2085,0
2017-03-22,20:00:00,32.125,32.125,32.125,32.125,100,0
2017-03-22,20:05:00,32.115,32.115,32.115,32.115,100,0
2017-03-22,20:20:00,32.155,32.155,32.155,32.155,100,0
2017-03-22,20:30:00,32.214,32.214,32.214,32.214,136,0
2017-03-22,20:35:00,32.185,32.185,32.185,32.185,181,0
2017-03-22,20:40:00,32.175,32.178,32.175,32.178,401,0
2017-03-22,20:55:00,32.225,32.225,32.225,32.225,200,0
2017-03-23,14:35:00,32.177,32.177,32.177,32.177,100,0
2017-03-23,14:40:00,32.25,32.296,32.25,32.296,601,0
2017-03-23,15:00:00,32.335,32.335,32.335,32.335,100,0
2017-03-23,15:05:00,32.345,32.345,32.345,32.345,100,0
2017-03-23,15:35:00,32.455,32.455,32.455,32.455,100,0
2017-03-23,16:00:00,32.558,32.558,32.558,32.558,323,0
2017-03-23,16:10:00,32.543,32.543,32.543,32.543,188,0
2017-03-23,16:15:00,32.564,32.564,32.564,32.564,100,0
2017-03-23,16:20:00,32.644,32.644,32.624,32.624,599,0
2017-03-23,16:55:00,32.586,32.586,32.586,32.586,749,0
2017-03-23,17:00:00,32.544,32.592,32.544,32.592,200,0
2017-03-23,17:15:00,32.596,32.596,32.596,32.596,120,0
2017-03-23,17:55:00,32.574,32.582,32.574,32.574,401,0
2017-03-23,18:00:00,32.618,32.618,32.618,32.618,363,0
2017-03-23,18:25:00,32.593,32.6,32.593,32.6,541,0
2017-03-23,18:30:00,32.568,32.568,32.568,32.568,131,0
2017-03-23,19:30:00,32.554,32.614,32.554,32.614,660,0
2017-03-23,19:35:00,32.573,32.594,32.573,32.594,1276,0
2017-03-23,19:40:00,32.564,32.564,32.563,32.563,1041,0
2017-03-23,20:20:00,32.504,32.504,32.504,32.504,301,0
2017-03-23,21:00:00,32.494,32.494,32.484,32.484,200,0
2017-03-24,14:35:00,32.435,32.435,32.435,32.435,401,0
2017-03-24,15:15:00,32.487,32.498,32.455,32.498,7579,0
2017-03-24,15:45:00,32.552,32.552,32.552,32.552,1563,0
2017-03-24,16:15:00,32.506,32.506,32.506,32.506,271,0
2017-03-24,16:25:00,32.45,32.45,32.45,32.45,423,0
2017-03-24,16:55:00,32.445,32.47,32.445,32.47,341,0
2017-03-24,17:40:00,32.422,32.422,32.422,32.422,301,0
2017-03-24,17:45:00,32.425,32.435,32.415,32.415,401,0
2017-03-24,17:55:00,32.383,32.407,32.383,32.407,1665,0
2017-03-24,18:10:00,32.365,32.4,32.365,32.4,2004,0
2017-03-24,18:55:00,32.352,32.352,32.352,32.352,180,0
2017-03-24,19:10:00,32.28,32.28,32.28,32.28,153,0
2017-03-24,19:25:00,32.327,32.334,32.327,32.334,356,0
2017-03-24,19:30:00,32.314,32.314,32.314,32.314,123,0
2017-03-24,19:55:00,32.289,32.289,32.289,32.289,240,0
2017-03-24,20:00:00,32.236,32.236,32.236,32.236,251,0
2017-03-24,20:05:00,32.221,32.221,32.221,32.221,211,0
2017-03-24,20:50:00,32.305,32.365,32.305,32.365,401,0
2017-03-24,21:00:00,32.265,32.265,32.255,32.255,214,0
2017-03-27,15:35:00,31.99,31.99,31.97,31.97,880,0
2017-03-27,15:45:00,31.91,31.91,31.89,31.89,300,0
2017-03-27,15:55:00,31.91,31.91,31.91,31.91,200,0
2017-03-27,16:15:00,31.9313,31.9313,31.9313,31.9313,194,0
2017-03-27,16:30:00,31.95,31.95,31.95,31.95,100,0
2017-03-27,17:30:00,31.9924,31.9924,31.9924,31.9924,250,0
2017-03-27,17:45:00,32.07,32.07,32.07,32.07,100,0
2017-03-27,17:55:00,32.06,32.06,32.06,32.06,200,0
2017-03-27,18:20:00,32.0928,32.12,32.0928,32.108,3868,0
2017-03-27,18:30:00,32.11,32.11,32.11,32.11,100,0
2017-03-27,18:35:00,32.1132,32.1132,32.1132,32.1132,829,0
2017-03-27,18:45:00,32.0795,32.0795,32.0795,32.0795,175,0
2017-03-27,18:50:00,32.0619,32.0619,32.0619,32.0619,165,0
2017-03-27,19:05:00,32.1303,32.17,32.1303,32.17,610,0
2017-03-27,19:25:00,32.1496,32.1496,32.1496,32.1496,125,0
2017-03-27,20:10:00,32.1,32.1,32.1,32.1,104,0
2017-03-27,20:20:00,32.1,32.1,32.1,32.1,110,0
2017-03-27,20:25:00,32.119,32.119,32.119,32.119,248,0
2017-03-27,20:35:00,32.095,32.095,32.095,32.095,189,0
2017-03-27,21:15:00,32.2291,32.2291,32.2291,32.2291,227,0
2017-03-27,21:25:00,32.2629,32.2629,32.2629,32.2629,150,0
2017-03-27,21:35:00,32.2664,32.2664,32.2664,32.2664,309,0
2017-03-27,21:40:00,32.2462,32.2462,32.2462,32.2462,300,0
2017-03-27,21:45:00,32.234,32.234,32.234,32.234,287,0
2017-03-27,22:00:00,32.24,32.25,32.24,32.25,1312,0
2017-03-28,15:35:00,32.03,32.03,32.03,32.03,1377,0
2017-03-28,15:40:00,32.17,32.17,32.17,32.17,100,0
2017-03-28,15:45:00,32.2,32.2,32.2,32.2,200,0
2017-03-28,16:00:00,32.16,32.16,32.16,32.16,100,0
2017-03-28,16:05:00,32.2,32.2,32.2,32.2,100,0
2017-03-28,16:10:00,32.16,32.16,32.16,32.16,150,0
2017-03-28,16:15:00,32.2166,32.2277,32.2166,32.2277,775,0
2017-03-28,16:40:00,32.18,32.18,32.18,32.18,200,0
2017-03-28,17:05:00,32.21,32.21,32.21,32.21,200,0
2017-03-28,17:10:00,32.2768,32.31,32.2768,32.31,220,0
2017-03-28,17:50:00,32.307,32.307,32.307,32.307,100,0
2017-03-28,17:55:00,32.3796,32.3796,32.3796,32.3796,100,0
2017-03-28,18:25:00,32.3699,32.3699,32.3699,32.3699,177,0
2017-03-28,19:40:00,32.4512,32.4512,32.4466,32.4466,218,0
2017-03-28,19:45:00,32.4471,32.4471,32.4471,32.4471,300,0
2017-03-28,20:05:00,32.4835,32.4835,32.4835,32.4835,100,0
2017-03-28,20:15:00,32.509,32.53,32.4984,32.53,615,0
2017-03-28,20:20:00,32.5253,32.5253,32.5253,32.5253,100,0
2017-03-28,20:40:00,32.514,32.514,32.514,32.514,270,0
2017-03-28,20:50:00,32.5499,32.5499,32.5457,32.5457,551,0
2017-03-28,20:55:00,32.5517,32.5517,32.5517,32.5517,350,0
2017-03-28,21:00:00,32.53,32.5301,32.49,32.515,1600,0
2017-03-28,21:15:00,32.5108,32.5108,32.5108,32.5108,1102,0
2017-03-28,21:25:00,32.5,32.5,32.5,32.5,200,0
2017-03-28,21:35:00,32.5064,32.5064,32.5064,32.5064,100,0
2017-03-28,21:50:00,32.5,32.5,32.5,32.5,100,0
2017-03-28,22:00:00,32.5,32.5,32.5,32.5,100,0
2017-03-29,15:35:00,32.52,32.52,32.52,32.52,627,0
2017-03-29,16:35:00,32.56,32.6,32.56,32.6,200,0
2017-03-29,17:45:00,32.5288,32.5288,32.5288,32.5288,1699,0
2017-03-29,17:55:00,32.549,32.5499,32.5,32.5,1981,0
2017-03-29,18:05:00,32.5497,32.5497,32.5497,32.5497,268,0
2017-03-29,18:25:00,32.5674,32.5674,32.5674,32.5674,380,0
2017-03-29,18:30:00,32.5715,32.5715,32.55,32.55,800,0
2017-03-29,18:35:00,32.575,32.575,32.575,32.575,256,0
2017-03-29,18:55:00,32.5212,32.5212,32.5212,32.5212,107,0
2017-03-29,19:00:00,32.533,32.533,32.533,32.533,299,0
2017-03-29,19:30:00,32.53,32.54,32.53,32.54,9662,0
2017-03-29,19:40:00,32.5532,32.5532,32.5532,32.5532,100,0
2017-03-29,19:50:00,32.5935,32.5935,32.5935,32.5935,334,0
2017-03-29,19:55:00,32.57,32.57,32.57,32.57,206,0
2017-03-29,20:10:00,32.5885,32.5885,32.5885,32.5885,120,0
2017-03-29,20:25:00,32.61,32.61,32.61,32.61,100,0
2017-03-29,20:40:00,32.654,32.654,32.654,32.654,404,0
2017-03-29,20:55:00,32.64,32.65,32.64,32.65,200,0
2017-03-29,21:15:00,32.668,32.668,32.65,32.65,660,0
2017-03-29,21:25:00,32.65,32.65,32.65,32.65,200,0
2017-03-29,21:30:00,32.635,32.635,32.635,32.635,343,0
2017-03-30,15:35:00,32.67,32.67,32.67,32.67,265,0
2017-03-30,15:55:00,32.7651,32.7651,32.7651,32.7651,420,0
2017-03-30,16:55:00,32.815,32.815,32.815,32.815,230,0
2017-03-30,17:05:00,32.79,32.795,32.79,32.795,200,0
2017-03-30,17:15:00,32.82,32.82,32.82,32.82,100,0
2017-03-30,17:55:00,32.8207,32.8207,32.8207,32.8207,325,0
2017-03-30,18:20:00,32.8198,32.8198,32.8198,32.8198,100,0
2017-03-30,18:25:00,32.8001,32.8001,32.8,32.8,700,0
2017-03-30,18:30:00,32.7948,32.7948,32.7948,32.7948,200,0
2017-03-30,19:30:00,32.853,32.853,32.853,32.853,225,0
2017-03-30,19:55:00,32.8562,32.8562,32.8562,32.8562,100,0
2017-03-30,20:10:00,32.853,32.853,32.853,32.853,230,0
2017-03-30,20:20:00,32.847,32.847,32.847,32.847,235,0
2017-03-30,20:25:00,32.8746,32.8746,32.8746,32.8746,1350,0
2017-03-30,20:30:00,32.89,32.89,32.8899,32.89,600,0
2017-03-30,20:35:00,32.8781,32.8781,32.8781,32.8781,100,0
2017-03-30,20:40:00,32.8496,32.8496,32.8496,32.8496,100,0
2017-03-30,21:35:00,32.91,32.91,32.91,32.91,250,0
2017-03-30,21:40:00,32.96,32.96,32.9201,32.9201,350,0
2017-03-30,21:45:00,32.947,32.9492,32.947,32.9492,200,0
2017-03-30,22:00:00,32.92,32.92,32.92,32.92,100,0
2017-03-31,15:35:00,32.98,32.98,32.98,32.98,159,0
2017-03-31,16:00:00,32.9176,32.9177,32.9176,32.9177,200,0
2017-03-31,17:00:00,32.9797,32.9797,32.9797,32.9797,100,0
2017-03-31,17:05:00,32.9996,32.9996,32.9996,32.9996,600,0
2017-03-31,17:30:00,33.046,33.054,33.046,33.054,606,0
2017-03-31,17:35:00,33.05,33.05,33.05,33.05,100,0
2017-03-31,18:55:00,33.1264,33.1264,33.1264,33.1264,400,0
2017-03-31,19:30:00,33.1599,33.1599,33.1599,33.1599,200,0
2017-03-31,20:00:00,33.1228,33.1228,33.1228,33.1228,452,0
2017-03-31,20:15:00,33.07,33.07,33.07,33.07,100,0
2017-03-31,21:45:00,33.14,33.14,33.1382,33.1382,856,0
2017-03-31,22:00:00,33.11,33.11,33.07,33.07,592,0
2017-04-03,15:50:00,33.07,33.07,33.06,33.06,200,0
2017-04-03,15:55:00,32.945,32.945,32.94,32.94,200,0
2017-04-03,16:00:00,32.89,32.89,32.89,32.89,100,0
2017-04-03,16:05:00,32.927,32.927,32.927,32.927,1068,0
2017-04-03,16:10:00,32.864,32.864,32.864,32.864,151,0
2017-04-03,16:15:00,32.86,32.86,32.86,32.86,457,0
2017-04-03,16:40:00,32.8429,32.8429,32.8429,32.8429,100,0
2017-04-03,16:55:00,32.82,32.82,32.76,32.76,3645,0
2017-04-03,17:05:00,32.72,32.72,32.72,32.72,200,0
2017-04-03,17:10:00,32.7,32.7,32.7,32.7,200,0
2017-04-03,19:35:00,32.5898,32.5898,32.5898,32.5898,382,0
2017-04-03,19:50:00,32.5462,32.5462,32.5462,32.5462,300,0
2017-04-03,20:00:00,32.5607,32.5607,32.5607,32.5607,1000,0
2017-04-03,20:15:00,32.5204,32.5204,32.5204,32.5204,276,0
2017-04-03,21:45:00,32.5344,32.5344,32.5344,32.5344,300,0
2017-04-04,15:35:00,32.44,32.44,32.44,32.44,101,0
2017-04-04,15:50:00,32.5668,32.5668,32.5668,32.5668,326,0
2017-04-04,16:30:00,32.5231,32.5231,32.5231,32.5231,2175,0
2017-04-04,17:10:00,32.5261,32.5261,32.5261,32.5261,200,0
2017-04-04,17:45:00,32.5999,32.5999,32.5999,32.5999,137,0
2017-04-04,18:00:00,32.576,32.576,32.576,32.576,500,0
2017-04-04,18:10:00,32.573,32.573,32.573,32.573,410,0
2017-04-04,18:20:00,32.5348,32.5348,32.5348,32.5348,200,0
2017-04-04,18:30:00,32.5202,32.5202,32.5202,32.5202,205,0
2017-04-04,18:40:00,32.5171,32.5171,32.5171,32.5171,192,0
2017-04-04,18:45:00,32.5186,32.5186,32.5186,32.5186,300,0
2017-04-04,18:50:00,32.5,32.5,32.41,32.46,1675,0
2017-04-04,18:55:00,32.39,32.39,32.39,32.39,199,0
2017-04-04,19:15:00,32.36,32.36,32.36,32.36,119,0
2017-04-04,19:20:00,32.4035,32.4035,32.4035,32.4035,697,0
2017-04-04,19:25:00,32.4272,32.4272,32.4272,32.4272,380,0
2017-04-04,19:55:00,32.4233,32.44,32.4233,32.44,345,0
2017-04-04,20:00:00,32.4385,32.4385,32.4385,32.4385,155,0
2017-04-04,20:05:00,32.4799,32.4799,32.4625,32.4625,310,0
2017-04-04,20:10:00,32.4745,32.4745,32.4579,32.4579,583,0
2017-04-04,20:20:00,32.5199,32.5199,32.5075,32.5075,300,0
2017-04-04,21:00:00,32.4787,32.4787,32.4787,32.4787,175,0
2017-04-04,21:25:00,32.42,32.42,32.42,32.42,100,0
2017-04-04,21:35:00,32.3988,32.406,32.3988,32.406,200,0
2017-04-05,15:35:00,32.77,32.77,32.77,32.77,350,0
2017-04-05,15:50:00,32.76,32.76,32.76,32.76,200,0
2017-04-05,15:55:00,32.79,32.79,32.78,32.78,200,0
2017-04-05,16:05:00,32.8,32.8,32.8,32.8,100,0
2017-04-05,16:10:00,32.82,32.82,32.82,32.82,100,0
2017-04-05,16:35:00,32.76,32.76,32.76,32.76,100,0
2017-04-05,16:40:00,32.71,32.71,32.71,32.71,200,0
2017-04-05,17:10:00,32.57,32.57,32.57,32.57,200,0
2017-04-05,18:30:00,32.585,32.585,32.585,32.585,797,0
2017-04-05,20:05:00,32.6155,32.679,32.6155,32.679,564,0
2017-04-05,20:20:00,32.6002,32.6002,32.6002,32.6002,1000,0
2017-04-05,21:50:00,32.2196,32.2196,32.2196,32.2196,250,0
2017-04-05,21:55:00,32.2628,32.2628,32.2628,32.2628,300,0
2017-04-06,15:35:00,32.19,32.334,32.19,32.334,812,0
2017-04-06,15:45:00,32.29,32.29,32.29,32.29,100,0
2017-04-06,16:15:00,32.28,32.28,32.28,32.28,100,0
2017-04-06,16:20:00,32.31,32.31,32.28,32.28,400,0
2017-04-06,16:30:00,32.2337,32.25,32.2199,32.25,1028,0
2017-04-06,17:10:00,32.281,32.328,32.281,32.328,1300,0
2017-04-06,17:20:00,32.35,32.35,32.35,32.35,100,0
2017-04-06,17:30:00,32.45,32.45,32.45,32.45,250,0
2017-04-06,17:40:00,32.43,32.43,32.43,32.43,100,0
2017-04-06,17:50:00,32.4098,32.4098,32.4098,32.4098,176,0
2017-04-06,17:55:00,32.4144,32.4144,32.4144,32.4144,120,0
2017-04-06,18:10:00,32.4359,32.47,32.4359,32.47,1100,0
2017-04-06,18:15:00,32.4101,32.4101,32.4101,32.4101,700,0
2017-04-06,18:40:00,32.43,32.43,32.41,32.41,300,0
2017-04-06,18:50:00,32.3628,32.3628,32.3628,32.3628,200,0
2017-04-06,19:30:00,32.5498,32.5498,32.5498,32.5498,486,0
2017-04-06,20:15:00,32.53,32.53,32.53,32.53,100,0
2017-04-06,20:25:00,32.5103,32.5103,32.5103,32.5103,1788,0
2017-04-06,20:30:00,32.53,32.53,32.4846,32.4846,1093,0
2017-04-06,20:35:00,32.5146,32.5146,32.5146,32.5146,300,0
2017-04-06,21:05:00,32.43,32.43,32.43,32.43,100,0
2017-04-06,21:10:00,32.41,32.41,32.41,32.41,300,0
2017-04-06,21:30:00,32.436,32.436,32.436,32.436,562,0
2017-04-06,21:35:00,32.42,32.42,32.42,32.42,293,0
2017-04-06,21:55:00,32.45,32.45,32.45,32.45,100,0
2017-04-07,15:40:00,32.4273,32.4645,32.4273,32.4645,800,0
2017-04-07,16:00:00,32.3524,32.3524,32.3524,32.3524,450,0
2017-04-07,16:50:00,32.56,32.56,32.56,32.56,100,0
2017-04-07,17:05:00,32.476,32.5392,32.476,32.5392,307,0
2017-04-07,17:20:00,32.4562,32.503,32.4562,32.503,281,0
2017-04-07,17:50:00,32.4502,32.484,32.4112,32.4525,4597,0
2017-04-07,20:15:00,32.5264,32.548,32.51,32.51,3790,0
2017-04-07,20:35:00,32.4517,32.514,32.45,32.45,3521,0
2017-04-07,21:05:00,32.43,32.432,32.43,32.432,467,0
2017-04-07,21:25:00,32.48,32.48,32.48,32.48,100,0
2017-04-07,21:40:00,32.4996,32.4996,32.4996,32.4996,100,0
2017-04-07,22:00:00,32.5132,32.52,32.5,32.52,900,0
2017-04-10,15:35:00,32.59,32.59,32.5,32.5,1985,0
2017-04-10,17:50:00,32.49,32.49,32.49,32.49,100,0
2017-04-10,18:00:00,32.5162,32.5162,32.5048,32.5048,1300,0
2017-04-10,18:10:00,32.5299,32.5299,32.5299,32.5299,636,0
2017-04-10,18:20:00,32.43,32.45,32.43,32.45,539,0
2017-04-10,18:25:00,32.4224,32.4224,32.4224,32.4224,100,0
2017-04-10,18:30:00,32.4131,32.4131,32.4131,32.4131,100,0
2017-04-10,18:45:00,32.5165,32.5165,32.5165,32.5165,443,0
2017-04-10,18:55:00,32.56,32.56,32.56,32.56,100,0
2017-04-10,19:00:00,32.56,32.56,32.56,32.56,100,0
2017-04-10,19:35:00,32.6063,32.6063,32.6063,32.6063,410,0
2017-04-10,19:40:00,32.6284,32.6696,32.6284,32.6696,423,0
2017-04-10,19:55:00,32.6502,32.6502,32.6502,32.6502,429,0
2017-04-10,20:45:00,32.5884,32.5884,32.5884,32.5884,108,0
2017-04-10,21:10:00,32.6885,32.6885,32.6885,32.6885,135,0
2017-04-10,21:30:00,32.63,32.63,32.63,32.63,2446,0
2017-04-10,21:55:00,32.63,32.67,32.63,32.67,3000,0
2017-04-11,15:45:00,32.5399,32.5399,32.5399,32.5399,249,0
2017-04-11,16:05:00,32.6,32.64,32.6,32.6311,601,0
2017-04-11,17:05:00,32.548,32.5794,32.548,32.5794,605,0
2017-04-11,17:50:00,32.7096,32.7096,32.7096,32.7096,250,0
2017-04-11,18:30:00,32.7684,32.7684,32.7684,32.7684,229,0
2017-04-11,18:50:00,32.7525,32.7525,32.7525,32.7525,423,0
2017-04-11,20:15:00,32.8198,32.8198,32.8198,32.8198,443,0
2017-04-11,20:35:00,32.84,32.84,32.84,32.84,18432,0
2017-04-11,20:40:00,32.8748,32.8748,32.8748,32.8748,147,0
2017-04-11,20:45:00,32.873,32.873,32.873,32.873,349,0
2017-04-11,21:15:00,32.8851,32.8851,32.8851,32.8851,150,0
2017-04-11,21:50:00,32.866,32.866,32.866,32.866,117,0
2017-04-11,22:00:00,32.95,32.95,32.95,32.95,200,0
2017-04-12,15:35:00,32.92,32.92,32.92,32.92,329,0
2017-04-12,16:05:00,32.77,32.77,32.77,32.77,200,0
2017-04-12,16:20:00,32.7342,32.76,32.7342,32.76,474,0
2017-04-12,16:40:00,32.724,32.724,32.724,32.724,360,0
2017-04-12,16:50:00,32.49,32.49,32.49,32.49,200,0
2017-04-12,17:10:00,32.5294,32.5294,32.5294,32.5294,100,0
2017-04-12,17:25:00,32.5365,32.5365,32.5365,32.5365,1000,0
2017-04-12,17:30:00,32.5285,32.5285,32.5285,32.5285,100,0
2017-04-12,18:10:00,32.5192,32.5192,32.5192,32.5192,250,0
2017-04-12,18:30:00,32.5799,32.5799,32.53,32.57,1036,0
2017-04-12,19:10:00,32.543,32.56,32.543,32.56,450,0
2017-04-12,19:25:00,32.5662,32.5662,32.5662,32.5662,100,0
2017-04-12,19:30:00,32.563,32.563,32.563,32.563,100,0
2017-04-12,19:35:00,32.5596,32.5596,32.5596,32.5596,300,0
2017-04-12,19:40:00,32.57,32.6,32.57,32.6,1000,0
2017-04-12,19:50:00,32.6362,32.6362,32.6362,32.6362,200,0
2017-04-12,20:05:00,32.6563,32.6563,32.6563,32.6563,165,0
2017-04-12,20:15:00,32.6396,32.6396,32.6396,32.6396,300,0
2017-04-12,20:25:00,32.6162,32.6162,32.6162,32.6162,100,0
2017-04-12,20:35:00,32.6245,32.6245,32.6245,32.6245,400,0
2017-04-12,20:50:00,32.5446,32.5446,32.5446,32.5446,110,0
2017-04-12,20:55:00,32.55,32.5501,32.5082,32.5082,1350,0
2017-04-12,21:00:00,32.6,32.6,32.6,32.6,300,0
2017-04-12,21:15:00,32.555,32.56,32.555,32.56,582,0
2017-04-12,21:50:00,32.49,32.49,32.49,32.49,200,0
2017-04-12,22:00:00,32.57,32.57,32.49,32.54,550,0
2017-04-13,15:35:00,32.4,32.43,32.4,32.43,1188,0
2017-04-13,15:50:00,32.4,32.4,32.3598,32.3598,300,0
2017-04-13,16:50:00,32.3984,32.3984,32.3984,32.3984,231,0
2017-04-13,17:30:00,32.359,32.359,32.359,32.359,1300,0
2017-04-13,17:40:00,32.34,32.34,32.3099,32.3099,1700,0
2017-04-13,17:45:00,32.2783,32.2783,32.2783,32.2783,186,0
2017-04-13,17:50:00,32.2901,32.2901,32.2901,32.2901,612,0
2017-04-13,17:55:00,32.258,32.258,32.258,32.258,461,0
2017-04-13,18:20:00,32.1969,32.1969,32.1969,32.1969,500,0
2017-04-13,18:25:00,32.2,32.2,32.2,32.2,100,0
2017-04-13,18:40:00,32.18,32.18,32.18,32.18,100,0
2017-04-13,18:45:00,32.18,32.18,32.18,32.18,100,0
2017-04-13,19:00:00,32.16,32.16,32.15,32.1514,5960,0
2017-04-13,19:10:00,32.11,32.11,32.11,32.11,100,0
2017-04-13,19:20:00,32.1653,32.1653,32.1653,32.1653,120,0
2017-04-13,19:35:00,32.1659,32.1659,32.1659,32.1659,300,0
2017-04-13,19:40:00,32.222,32.222,32.222,32.222,150,0
2017-04-13,19:45:00,32.1854,32.1854,32.1854,32.1854,522,0
2017-04-13,19:55:00,32.1148,32.1148,32.0901,32.1025,500,0
2017-04-13,20:05:00,32.15,32.15,32.15,32.15,136,0
2017-04-13,20:35:00,32.2638,32.2638,32.2572,32.2572,1000,0
2017-04-13,21:25:00,32.1701,32.1701,32.1701,32.1701,126,0
2017-04-13,21:35:00,32.1101,32.1101,32.1101,32.1101,660,0
2017-04-13,21:50:00,32.161,32.161,32.161,32.161,460,0
2017-04-13,22:00:00,32.11,32.11,32.11,32.11,100,0
2017-04-17,15:35:00,32.29,32.29,32.29,32.29,2078,0
2017-04-17,15:45:00,32.21,32.21,32.21,32.21,100,0
2017-04-17,16:00:00,32.23,32.23,32.23,32.23,100,0
2017-04-17,16:05:00,32.28,32.28,32.28,32.28,300,0
2017-04-17,16:50:00,32.1813,32.22,32.1813,32.2199,1697,0
2017-04-17,16:55:00,32.22,32.22,32.22,32.22,100,0
2017-04-17,17:20:00,32.296,32.296,32.29,32.29,305,0
2017-04-17,17:25:00,32.3347,32.3347,32.3347,32.3347,155,0
2017-04-17,17:40:00,32.3,32.3,32.3,32.3,100,0
2017-04-17,18:30:00,32.2957,32.2957,32.2957,32.2957,130,0
2017-04-17,18:50:00,32.3199,32.3199,32.305,32.305,560,0
2017-04-17,19:45:00,32.2789,32.2789,32.2789,32.2789,300,0
2017-04-17,19:50:00,32.2611,32.2611,32.2611,32.2611,162,0
2017-04-17,20:15:00,32.246,32.246,32.246,32.246,298,0
2017-04-17,20:45:00,32.3,32.33,32.3,32.33,460,0
2017-04-17,21:45:00,32.4,32.4,32.4,32.4,100,0
2017-04-17,21:50:00,32.46,32.46,32.46,32.46,100,0
2017-04-18,15:35:00,32.39,32.39,32.39,32.39,200,0
2017-04-18,16:00:00,32.44,32.44,32.43,32.43,200,0
2017-04-18,16:05:00,32.5,32.5,32.5,32.5,400,0
2017-04-18,16:25:00,32.3771,32.3771,32.3771,32.3771,400,0
2017-04-18,17:40:00,32.398,32.398,32.398,32.398,140,0
2017-04-18,17:55:00,32.4007,32.4366,32.4007,32.4366,1004,0
2017-04-18,18:00:00,32.4599,32.4599,32.4056,32.4056,1239,0
2017-04-18,18:10:00,32.3738,32.3738,32.3738,32.3738,389,0
2017-04-18,18:25:00,32.4,32.4,32.4,32.4,100,0
2017-04-18,18:45:00,32.3872,32.3872,32.3872,32.3872,200,0
2017-04-18,19:00:00,32.3601,32.3601,32.3601,32.3601,2855,0
2017-04-18,19:15:00,32.4096,32.4096,32.4096,32.4096,711,0
2017-04-18,19:45:00,32.49,32.49,32.49,32.49,100,0
2017-04-18,20:10:00,32.51,32.53,32.51,32.53,200,0
2017-04-18,20:35:00,32.51,32.5511,32.51,32.5511,560,0
2017-04-18,20:40:00,32.57,32.57,32.57,32.57,183,0
2017-04-18,21:25:00,32.5297,32.5297,32.5297,32.5297,148,0
2017-04-18,21:30:00,32.582,32.582,32.582,32.582,165,0
2017-04-18,21:50:00,32.6096,32.6096,32.6096,32.6096,100,0
2017-04-18,21:55:00,32.6299,32.6299,32.6299,32.6299,200,0
2017-04-18,22:00:00,32.62,32.62,32.62,32.62,200,0
2017-04-19,15:35:00,32.8463,32.8463,32.8463,32.8463,100,0
2017-04-19,15:45:00,32.75,32.75,32.75,32.75,100,0
2017-04-19,16:55:00,32.8376,32.8376,32.8376,32.8376,276,0
2017-04-19,17:25:00,32.8407,32.8407,32.8407,32.8407,249,0
2017-04-19,17:30:00,32.8407,32.8626,32.8407,32.8626,547,0
2017-04-19,17:50:00,32.89,32.89,32.89,32.89,100,0
2017-04-19,17:55:00,32.87,32.87,32.8592,32.8592,400,0
2017-04-19,18:00:00,32.85,32.85,32.85,32.85,200,0
2017-04-19,18:05:00,32.8401,32.9056,32.8401,32.9056,318,0
2017-04-19,18:10:00,32.82,32.82,32.82,32.82,200,0
2017-04-19,18:20:00,32.8,32.8,32.8,32.8,200,0
2017-04-19,18:30:00,32.83,32.83,32.83,32.83,200,0
2017-04-19,18:35:00,32.82,32.82,32.82,32.82,200,0
2017-04-19,18:45:00,32.81,32.81,32.81,32.81,100,0
2017-04-19,18:55:00,32.78,32.78,32.78,32.78,100,0
2017-04-19,19:00:00,32.79,32.79,32.79,32.79,275,0
2017-04-19,19:15:00,32.7762,32.7762,32.7762,32.7762,153,0
2017-04-19,19:20:00,32.79,32.79,32.79,32.79,200,0
2017-04-19,19:25:00,32.7999,32.7999,32.7875,32.79,2950,0
2017-04-19,19:50:00,32.8,32.8,32.8,32.8,100,0
2017-04-19,20:00:00,32.8428,32.8428,32.8428,32.8428,182,0
2017-04-19,20:10:00,32.78,32.8244,32.78,32.8244,1645,0
2017-04-19,20:20:00,32.7896,32.7896,32.7896,32.7896,122,0
2017-04-19,20:25:00,32.7708,32.7708,32.7708,32.7708,1000,0
2017-04-19,20:50:00,32.78,32.799,32.7408,32.7408,4504,0
2017-04-19,21:30:00,32.74,32.74,32.74,32.74,106,0
2017-04-19,21:35:00,32.73,32.73,32.6974,32.6974,242,0
2017-04-19,21:40:00,32.7186,32.7186,32.7186,32.7186,625,0
2017-04-20,15:50:00,32.95,32.95,32.95,32.95,100,0
2017-04-20,16:15:00,32.9237,32.9237,32.9237,32.9237,350,0
2017-04-20,16:40:00,32.904,32.904,32.904,32.904,2503,0
2017-04-20,16:55:00,32.9499,32.9499,32.935,32.935,220,0
2017-04-20,17:15:00,33.022,33.022,32.9995,32.9995,800,0
2017-04-20,17:25:00,33.0299,33.0299,33.0175,33.0175,500,0
2017-04-20,17:30:00,33.03,33.03,33.03,33.03,100,0
2017-04-20,17:35:00,33.0102,33.0102,33.0102,33.0102,110,0
2017-04-20,17:45:00,33.05,33.05,33.05,33.05,100,0
2017-04-20,18:40:00,33.1077,33.1077,33.1077,33.1077,648,0
2017-04-20,19:30:00,33.1045,33.1045,33.1045,33.1045,377,0
2017-04-20,19:45:00,33.15,33.15,33.15,33.15,200,0
2017-04-20,19:50:00,33.15,33.18,33.15,33.18,300,0
2017-04-20,20:50:00,33.1782,33.1782,33.1782,33.1782,611,0
2017-04-20,21:05:00,33.1671,33.1671,33.15,33.15,387,0
2017-04-20,21:25:00,33.163,33.163,33.163,33.163,100,0
2017-04-20,21:45:00,33.131,33.17,33.131,33.17,430,0
2017-04-20,21:55:00,33.2307,33.2307,33.2307,33.2307,452,0
2017-04-20,22:00:00,33.22,33.22,33.16,33.16,491,0
2017-04-21,15:35:00,33.06,33.06,33.03,33.03,961,0
2017-04-21,16:05:00,33.115,33.115,33.115,33.115,603,0
2017-04-21,16:15:00,33.0905,33.0905,33.0905,33.0905,287,0
2017-04-21,16:20:00,33.1062,33.1062,33.1062,33.1062,271,0
2017-04-21,16:45:00,33.083,33.083,33.083,33.083,240,0
2017-04-21,16:50:00,33.0974,33.0974,33.0974,33.0974,342,0
2017-04-21,17:20:00,33.05,33.0501,33.05,33.0501,2656,0
2017-04-21,17:50:00,33.1,33.16,33.1,33.16,479,0
2017-04-21,18:30:00,33.106,33.106,33.106,33.106,191,0
2017-04-21,18:50:00,33.1196,33.1196,33.1196,33.1196,150,0
2017-04-21,19:00:00,33.1385,33.1385,33.1385,33.1385,465,0
2017-04-21,19:05:00,33.12,33.12,33.12,33.12,100,0
2017-04-21,19:10:00,33.11,33.11,33.11,33.11,100,0
2017-04-21,19:40:00,33.1128,33.1128,33.1128,33.1128,453,0
2017-04-21,19:45:00,33.113,33.113,33.113,33.113,180,0
2017-04-21,20:10:00,33.1648,33.1648,33.1648,33.1648,350,0
2017-04-21,20:20:00,33.16,33.16,33.16,33.16,600,0
2017-04-21,20:25:00,33.17,33.24,33.17,33.24,555,0
2017-04-21,20:30:00,33.25,33.25,33.25,33.25,100,0
2017-04-21,20:35:00,33.2,33.2599,33.2,33.2599,465,0
2017-04-21,20:45:00,33.16,33.202,33.16,33.202,2270,0
2017-04-21,21:00:00,33.1796,33.1796,33.1796,33.1796,190,0
2017-04-21,21:25:00,33.1403,33.1403,33.1403,33.1403,100,0
2017-04-21,21:40:00,33.19,33.19,33.19,33.19,100,0
2017-04-21,21:55:00,33.19,33.19,33.19,33.19,200,0
2017-04-24,15:35:00,33.58,33.58,33.58,33.58,1633,0
2017-04-24,15:50:00,33.61,33.61,33.61,33.61,100,0
2017-04-24,16:10:00,33.63,33.63,33.63,33.63,400,0
2017-04-24,16:30:00,33.5814,33.5814,33.5814,33.5814,302,0
2017-04-24,16:50:00,33.52,33.52,33.52,33.52,100,0
2017-04-24,17:10:00,33.4855,33.49,33.4855,33.49,2100,0
2017-04-24,17:15:00,33.49,33.49,33.49,33.49,100,0
2017-04-24,18:20:00,33.4856,33.4856,33.4856,33.4856,183,0
2017-04-24,18:45:00,33.49,33.49,33.49,33.49,100,0
2017-04-24,19:55:00,33.506,33.513,33.506,33.513,660,0
2017-04-24,20:45:00,33.537,33.537,33.537,33.537,300,0
2017-04-24,21:00:00,33.523,33.523,33.523,33.523,127,0
2017-04-24,21:20:00,33.5517,33.5517,33.5517,33.5517,1279,0
2017-04-24,21:25:00,33.57,33.57,33.57,33.57,100,0
2017-04-24,21:45:00,33.5699,33.5699,33.5699,33.5699,200,0
2017-04-24,22:00:00,33.5242,33.5242,33.49,33.5184,358,0
2017-04-25,15:50:00,33.8796,33.8796,33.8796,33.8796,120,0
2017-04-25,17:05:00,33.7794,33.7962,33.7794,33.7962,620,0
2017-04-25,17:25:00,33.85,33.85,33.85,33.85,100,0
2017-04-25,17:35:00,33.82,33.82,33.82,33.82,100,0
2017-04-25,17:45:00,33.83,33.83,33.83,33.83,200,0
2017-04-25,17:55:00,33.85,33.85,33.8498,33.8498,200,0
2017-04-25,18:15:00,33.8699,33.8699,33.86,33.866,998,0
2017-04-25,18:55:00,33.87,33.87,33.87,33.87,100,0
2017-04-25,19:15:00,33.8511,33.8511,33.8511,33.8511,150,0
2017-04-25,19:20:00,33.8571,33.8571,33.8571,33.8571,1110,0
2017-04-25,20:25:00,33.8928,33.8928,33.8928,33.8928,378,0
2017-04-25,20:40:00,33.8963,33.8963,33.8822,33.8822,1478,0
2017-04-25,21:05:00,33.858,33.858,33.858,33.858,248,0
2017-04-25,21:10:00,33.9042,33.9042,33.9042,33.9042,350,0
2017-04-25,21:15:00,33.94,33.94,33.94,33.94,100,0
2017-04-25,21:20:00,33.9064,33.9064,33.9,33.9,400,0
2017-04-25,21:30:00,33.922,33.922,33.91,33.91,550,0
2017-04-25,21:35:00,33.8668,33.8668,33.8668,33.8668,300,0
2017-04-25,21:40:00,33.8438,33.8438,33.8438,33.8438,714,0
2017-04-25,21:45:00,33.8499,33.8499,33.8499,33.8499,596,0
2017-04-26,15:35:00,33.84,33.84,33.84,33.84,811,0
2017-04-26,16:30:00,33.905,33.91,33.905,33.91,200,0
2017-04-26,16:40:00,33.93,33.93,33.93,33.93,100,0
2017-04-26,16:45:00,33.9434,33.9434,33.9434,33.9434,100,0
2017-04-26,16:55:00,34,34,34,34,100,0
2017-04-26,17:00:00,34.05,34.05,34.05,34.05,100,0
2017-04-26,17:10:00,34.0299,34.0299,34.0299,34.0299,100,0
2017-04-26,17:30:00,34.1596,34.1596,34.1596,34.1596,440,0
2017-04-26,17:35:00,34.1852,34.1852,34.1852,34.1852,220,0
2017-04-26,17:50:00,34.13,34.13,34.13,34.13,100,0
2017-04-26,18:15:00,34.12,34.12,34.12,34.12,342,0
2017-04-26,18:35:00,34.112,34.112,34.112,34.112,300,0
2017-04-26,18:45:00,34.12,34.12,34.11,34.11,200,0
2017-04-26,18:50:00,34.12,34.1656,34.12,34.1656,200,0
2017-04-26,19:15:00,34.2094,34.2094,34.2094,34.2094,330,0
2017-04-26,19:30:00,34.212,34.212,34.2096,34.2096,370,0
2017-04-26,19:50:00,34.1952,34.1952,34.1952,34.1952,730,0
2017-04-26,20:00:00,34.1646,34.1646,34.1646,34.1646,220,0
2017-04-26,20:10:00,34.13,34.15,34.13,34.15,785,0
2017-04-26,20:25:00,34.15,34.15,34.15,34.15,100,0
2017-04-26,20:30:00,34.1923,34.1923,34.1923,34.1923,300,0
2017-04-26,20:50:00,34.23,34.23,34.23,34.23,399,0
2017-04-26,21:20:00,34.2544,34.2544,34.2544,34.2544,200,0
2017-04-26,21:25:00,34.2552,34.2552,34.2552,34.2552,500,0
2017-04-26,21:35:00,34.23,34.23,34.23,34.23,100,0
2017-04-26,21:40:00,34.219,34.219,34.219,34.219,145,0
