Date,Time,Open,High,Low,Close,Volume,OpenInt
2016-11-15,16:05:00,64.617,64.617,64.617,64.617,239,0
2016-11-15,17:45:00,64.916,64.916,64.874,64.916,9901,0
2016-11-15,18:10:00,64.882,64.882,64.882,64.882,1310,0
2016-11-15,18:55:00,64.883,64.89,64.883,64.89,254,0
2016-11-15,19:15:00,64.816,64.816,64.816,64.816,202,0
2016-11-15,19:35:00,64.844,64.844,64.844,64.844,792,0
2016-11-15,20:50:00,64.955,65.008,64.912,64.927,1410,0
2016-11-15,21:05:00,65.046,65.046,64.976,64.976,884,0
2016-11-16,17:25:00,64.903,64.903,64.903,64.903,110,0
2016-11-16,17:30:00,64.894,64.894,64.894,64.894,139,0
2016-11-16,17:50:00,64.876,64.876,64.876,64.876,100,0
2016-11-16,18:20:00,64.876,64.876,64.876,64.876,100,0
2016-11-16,20:15:00,64.912,64.912,64.912,64.912,209,0
2016-11-16,20:30:00,64.903,64.903,64.827,64.827,535,0
2016-11-16,20:55:00,64.916,64.979,64.916,64.979,313,0
2016-11-16,21:05:00,64.984,64.984,64.984,64.984,174,0
2016-11-16,21:10:00,65.024,65.024,65.024,65.024,135,0
2016-11-16,21:40:00,64.926,64.926,64.926,64.926,159,0
2016-11-16,22:00:00,64.926,64.926,64.926,64.926,167,0
2016-11-17,16:00:00,65.19,65.19,65.19,65.19,123,0
2016-11-17,16:10:00,65.179,65.181,65.179,65.181,1209,0
2016-11-17,17:10:00,65.213,65.213,65.213,65.213,282,0
2016-11-17,17:20:00,65.102,65.102,65.102,65.102,352,0
2016-11-17,17:45:00,65.138,65.138,65.138,65.138,232,0
2016-11-17,18:50:00,65.334,65.334,65.334,65.334,458,0
2016-11-17,18:55:00,65.21,65.221,65.21,65.221,395,0
2016-11-17,19:05:00,65.273,65.334,65.273,65.334,280,0
2016-11-17,19:30:00,65.21,65.21,65.21,65.21,118,0
2016-11-17,19:55:00,65.306,65.307,65.306,65.307,504,0
2016-11-17,20:30:00,65.209,65.209,65.209,65.209,154,0
2016-11-17,20:45:00,65.225,65.285,65.225,65.285,512,0
2016-11-17,20:55:00,65.252,65.252,65.222,65.222,335,0
2016-11-17,21:50:00,65.363,65.403,65.363,65.403,3932,0
2016-11-18,16:10:00,65.442,65.442,65.422,65.44,7648,0
2016-11-18,16:15:00,65.309,65.309,65.309,65.309,259,0
2016-11-18,16:30:00,65.307,65.307,65.307,65.307,117,0
2016-11-18,17:35:00,65.257,65.257,65.257,65.257,144,0
2016-11-18,18:15:00,65.19,65.19,65.19,65.19,247,0
2016-11-18,18:25:00,65.186,65.186,65.186,65.186,295,0
2016-11-18,18:35:00,65.184,65.184,65.184,65.184,369,0
2016-11-18,19:55:00,65.213,65.228,65.213,65.228,425,0
2016-11-18,20:05:00,65.329,65.329,65.329,65.329,272,0
2016-11-18,20:20:00,65.269,65.316,65.269,65.316,621,0
2016-11-18,20:30:00,65.322,65.322,65.322,65.322,1144,0
2016-11-18,21:40:00,65.4,65.4,65.4,65.4,137,0
2016-11-18,22:00:00,65.203,65.203,65.203,65.203,119,0
2016-11-21,16:10:00,65.408,65.408,65.408,65.408,202,0
2016-11-21,17:10:00,65.433,65.433,65.433,65.433,131,0
2016-11-21,17:35:00,65.315,65.315,65.315,65.315,605,0
2016-11-21,18:30:00,65.372,65.372,65.372,65.372,763,0
2016-11-21,19:05:00,65.57,65.57,65.57,65.57,202,0
2016-11-21,19:15:00,65.65,65.65,65.65,65.65,181,0
2016-11-21,21:10:00,65.532,65.532,65.532,65.532,119,0
2016-11-21,21:20:00,65.52,65.52,65.52,65.52,298,0
2016-11-21,21:35:00,65.577,65.577,65.577,65.577,224,0
2016-11-21,21:45:00,65.624,65.624,65.615,65.615,661,0
2016-11-21,21:50:00,65.533,65.671,65.533,65.671,4122,0
2016-11-21,21:55:00,65.519,65.519,65.519,65.519,107,0
2016-11-22,16:00:00,65.841,65.841,65.841,65.841,364,0
2016-11-22,16:30:00,66.136,66.136,66.136,66.136,105,0
2016-11-22,18:40:00,65.924,65.924,65.924,65.924,233,0
2016-11-22,20:10:00,65.928,65.928,65.928,65.928,2022,0
2016-11-22,20:25:00,66.018,66.018,65.945,65.945,448,0
2016-11-22,20:40:00,65.999,65.999,65.981,65.999,644,0
2016-11-22,21:15:00,65.985,65.985,65.985,65.985,223,0
2016-11-22,21:20:00,66.086,66.086,66.086,66.086,108,0
2016-11-22,21:25:00,66.091,66.091,66.091,66.091,183,0
2016-11-22,21:45:00,66.146,66.146,66.146,66.146,2720,0
2016-11-22,21:55:00,66.146,66.156,66.121,66.156,3474,0
2016-11-23,16:40:00,66.189,66.189,66.189,66.189,115,0
2016-11-23,17:10:00,66.263,66.263,66.263,66.263,202,0
2016-11-23,17:20:00,66.263,66.263,66.263,66.263,418,0
2016-11-23,18:25:00,66.145,66.145,66.145,66.145,134,0
2016-11-23,18:30:00,66.157,66.157,66.157,66.157,403,0
2016-11-23,18:50:00,66.208,66.208,66.208,66.208,117,0
2016-11-23,19:15:00,66.34,66.34,66.34,66.34,262,0
2016-11-23,19:55:00,66.199,66.264,66.146,66.146,639,0
2016-11-23,20:10:00,66.256,66.334,66.256,66.334,252,0
2016-11-23,20:15:00,66.325,66.325,66.236,66.25,2116,0
2016-11-23,20:30:00,66.127,66.127,66.127,66.127,109,0
2016-11-23,20:35:00,66.14,66.28,66.14,66.28,700,0
2016-11-23,21:30:00,66.127,66.127,66.127,66.127,119,0
2016-11-23,21:55:00,66.413,66.413,66.413,66.413,310,0
2016-11-23,22:00:00,66.345,66.345,66.345,66.345,100,0
2016-11-25,15:35:00,66.484,66.484,66.484,66.484,302,0
2016-11-25,16:30:00,66.631,66.631,66.631,66.631,202,0
2016-11-25,16:40:00,66.456,66.456,66.456,66.456,220,0
2016-11-25,17:20:00,66.461,66.461,66.461,66.461,111,0
2016-11-25,17:30:00,66.445,66.445,66.445,66.445,188,0
2016-11-25,17:50:00,66.562,66.562,66.562,66.562,136,0
2016-11-25,17:55:00,66.565,66.565,66.565,66.565,145,0
2016-11-25,18:45:00,66.659,66.659,66.659,66.659,192,0
2016-11-25,18:50:00,66.483,66.483,66.464,66.464,823,0
2016-11-28,15:55:00,66.494,66.494,66.494,66.494,100,0
2016-11-28,16:05:00,66.434,66.434,66.434,66.434,100,0
2016-11-28,16:20:00,66.434,66.434,66.434,66.434,100,0
2016-11-28,16:30:00,66.395,66.395,66.395,66.395,202,0
2016-11-28,16:35:00,66.292,66.292,66.292,66.292,1350,0
2016-11-28,16:45:00,66.256,66.256,66.256,66.256,100,0
2016-11-28,17:15:00,66.176,66.176,66.176,66.176,100,0
2016-11-28,17:50:00,66.236,66.236,66.236,66.236,100,0
2016-11-28,18:05:00,66.375,66.375,66.375,66.375,100,0
2016-11-28,18:15:00,66.371,66.371,66.371,66.371,202,0
2016-11-28,18:25:00,66.305,66.305,66.305,66.305,100,0
2016-11-28,18:35:00,66.273,66.273,66.273,66.273,109,0
2016-11-28,18:50:00,66.345,66.345,66.345,66.345,100,0
2016-11-28,19:10:00,66.325,66.325,66.325,66.325,100,0
2016-11-28,19:30:00,66.335,66.335,66.27,66.27,257,0
2016-11-28,19:45:00,66.345,66.345,66.345,66.345,100,0
2016-11-28,20:15:00,66.43,66.43,66.43,66.43,575,0
2016-11-28,20:20:00,66.481,66.481,66.481,66.481,354,0
2016-11-28,20:50:00,66.36,66.36,66.36,66.36,151,0
2016-11-28,21:15:00,66.379,66.379,66.379,66.379,303,0
2016-11-28,21:30:00,66.282,66.282,66.282,66.282,181,0
2016-11-28,21:35:00,66.167,66.167,66.167,66.167,181,0
2016-11-28,22:00:00,66.028,66.028,66.028,66.028,302,0
2016-11-29,15:35:00,66.236,66.236,66.236,66.236,100,0
2016-11-29,17:20:00,66.472,66.472,66.472,66.472,175,0
2016-11-29,19:25:00,66.491,66.582,66.491,66.582,774,0
2016-11-29,19:30:00,66.464,66.464,66.464,66.464,363,0
2016-11-29,20:45:00,66.62,66.62,66.62,66.62,192,0
2016-11-29,21:00:00,66.464,66.464,66.464,66.464,213,0
2016-11-29,21:50:00,66.325,66.325,66.325,66.325,193,0
2016-11-30,18:40:00,66.227,66.363,66.227,66.363,227,0
2016-11-30,20:10:00,66.166,66.236,66.166,66.231,952,0
2016-11-30,20:30:00,66.182,66.183,66.126,66.126,1112,0
2016-11-30,20:45:00,66.04,66.157,66.04,66.157,1034,0
2016-11-30,21:20:00,66.051,66.051,66.051,66.051,194,0
2016-12-01,16:35:00,66.436,66.436,66.436,66.436,179,0
2016-12-01,17:25:00,66.23,66.23,66.23,66.23,397,0
2016-12-01,17:55:00,66.261,66.261,66.261,66.261,705,0
2016-12-01,18:40:00,66.247,66.247,66.247,66.247,126,0
2016-12-01,18:45:00,66.325,66.325,66.277,66.277,870,0
2016-12-01,18:50:00,66.201,66.201,66.201,66.201,206,0
2016-12-01,19:25:00,66.108,66.108,66.108,66.108,142,0
2016-12-01,20:10:00,66.16,66.16,66.16,66.16,210,0
2016-12-01,20:20:00,66.035,66.035,66.035,66.035,121,0
2016-12-01,20:25:00,66.092,66.184,66.092,66.181,592,0
2016-12-01,20:40:00,66.19,66.19,66.19,66.19,202,0
2016-12-01,20:45:00,66.155,66.155,66.155,66.155,427,0
2016-12-01,20:55:00,66.055,66.055,66.055,66.055,204,0
2016-12-01,21:30:00,66.141,66.141,66.141,66.141,163,0
2016-12-01,21:55:00,66.021,66.021,66.021,66.021,138,0
2016-12-02,16:05:00,66.383,66.383,66.383,66.383,130,0
2016-12-02,16:30:00,66.337,66.337,66.194,66.194,349,0
2016-12-02,17:30:00,66.315,66.315,66.315,66.315,1223,0
2016-12-02,17:45:00,66.318,66.318,66.318,66.318,368,0
2016-12-02,18:10:00,66.235,66.235,66.235,66.235,131,0
2016-12-02,18:30:00,66.243,66.27,66.243,66.27,351,0
2016-12-02,20:10:00,66.164,66.164,66.164,66.164,380,0
2016-12-02,20:15:00,66.157,66.217,66.157,66.217,760,0
2016-12-02,20:40:00,66.21,66.21,66.21,66.21,479,0
2016-12-02,20:55:00,66.189,66.223,66.129,66.223,720,0
2016-12-02,21:30:00,66.135,66.135,66.135,66.135,100,0
2016-12-02,21:50:00,66.161,66.161,66.161,66.161,145,0
2016-12-05,16:55:00,66.397,66.397,66.397,66.397,172,0
2016-12-05,18:15:00,66.393,66.393,66.393,66.393,129,0
2016-12-05,19:25:00,66.41,66.41,66.41,66.41,100,0
2016-12-05,20:05:00,66.286,66.286,66.286,66.286,310,0
2016-12-05,20:40:00,66.378,66.378,66.233,66.332,620,0
2016-12-05,20:50:00,66.351,66.413,66.351,66.413,539,0
2016-12-05,21:00:00,66.34,66.424,66.34,66.424,612,0
2016-12-05,21:45:00,66.347,66.347,66.347,66.347,321,0
2016-12-05,21:55:00,66.444,66.553,66.444,66.534,1386,0
2016-12-05,22:00:00,66.365,66.444,66.365,66.444,708,0
2016-12-06,18:05:00,66.481,66.481,66.481,66.481,109,0
2016-12-06,18:50:00,66.464,66.464,66.464,66.464,144,0
2016-12-06,19:15:00,66.495,66.495,66.495,66.495,269,0
2016-12-06,19:35:00,66.588,66.588,66.588,66.588,137,0
2016-12-06,19:40:00,66.52,66.52,66.52,66.52,192,0
2016-12-06,19:50:00,66.626,66.626,66.626,66.626,315,0
2016-12-06,20:25:00,66.712,66.712,66.608,66.608,1997,0
2016-12-06,20:30:00,66.667,66.668,66.667,66.668,605,0
2016-12-06,20:45:00,66.643,66.643,66.643,66.643,269,0
2016-12-06,21:00:00,66.623,66.623,66.623,66.623,539,0
2016-12-06,21:20:00,66.751,66.751,66.555,66.555,674,0
2016-12-06,21:25:00,66.553,66.553,66.553,66.553,100,0
2016-12-06,21:30:00,66.725,66.725,66.534,66.534,311,0
2016-12-06,21:40:00,66.554,66.749,66.554,66.749,271,0
2016-12-06,21:45:00,66.534,66.534,66.534,66.534,284,0
2016-12-06,21:50:00,66.534,66.534,66.534,66.534,323,0
2016-12-07,15:35:00,66.761,66.761,66.761,66.761,504,0
2016-12-07,15:45:00,66.791,66.791,66.791,66.791,105,0
2016-12-07,17:00:00,66.892,66.892,66.892,66.892,100,0
2016-12-07,17:10:00,67.099,67.099,67.099,67.099,435,0
2016-12-07,17:25:00,66.995,66.995,66.995,66.995,100,0
2016-12-07,17:30:00,66.943,66.943,66.943,66.943,966,0
2016-12-07,17:35:00,67.119,67.119,67.119,67.119,166,0
2016-12-07,17:45:00,67.145,67.145,67.145,67.145,264,0
2016-12-07,17:50:00,67.238,67.238,67.238,67.238,504,0
2016-12-07,18:30:00,67.339,67.383,67.339,67.383,907,0
2016-12-07,18:35:00,67.406,67.406,67.406,67.406,202,0
2016-12-07,18:55:00,67.327,67.327,67.327,67.327,145,0
2016-12-07,19:05:00,67.383,67.446,67.383,67.388,504,0
2016-12-07,19:25:00,67.451,67.486,67.451,67.486,652,0
2016-12-07,20:05:00,67.675,67.675,67.675,67.675,100,0
2016-12-07,20:15:00,67.566,67.566,67.566,67.566,229,0
2016-12-07,20:30:00,67.774,67.774,67.774,67.774,358,0
2016-12-07,20:45:00,67.665,67.675,67.616,67.616,2015,0
2016-12-07,21:10:00,67.736,67.752,67.736,67.752,671,0
2016-12-07,21:30:00,67.814,67.814,67.814,67.814,100,0
2016-12-08,16:35:00,67.901,67.901,67.901,67.901,366,0
2016-12-08,17:20:00,67.933,67.933,67.933,67.933,202,0
2016-12-08,17:40:00,67.915,67.915,67.915,67.915,173,0
2016-12-08,18:50:00,68.231,68.231,68.231,68.231,186,0
2016-12-08,20:30:00,68.058,68.058,68.058,68.058,1372,0
2016-12-08,20:40:00,67.923,67.923,67.923,67.923,100,0
2016-12-08,20:50:00,68.007,68.01,68.007,68.01,463,0
2016-12-08,21:00:00,67.895,67.895,67.862,67.862,2363,0
2016-12-08,21:15:00,67.87,67.87,67.87,67.87,274,0
2016-12-08,21:35:00,67.993,67.993,67.993,67.993,103,0
2016-12-08,21:45:00,67.943,68.01,67.91,67.993,738,0
2016-12-08,21:55:00,67.943,67.943,67.903,67.903,302,0
2016-12-08,22:00:00,67.877,67.893,67.877,67.893,707,0
2016-12-09,16:55:00,67.843,67.843,67.843,67.843,100,0
2016-12-09,17:35:00,68.011,68.011,68.011,68.011,111,0
2016-12-09,18:10:00,67.903,67.903,67.868,67.868,302,0
2016-12-09,18:30:00,67.872,67.872,67.872,67.872,223,0
2016-12-09,18:35:00,67.903,67.903,67.903,67.903,100,0
2016-12-09,19:00:00,67.894,67.894,67.894,67.894,457,0
2016-12-09,19:35:00,67.907,67.933,67.907,67.908,449,0
2016-12-09,20:05:00,67.991,67.991,67.991,67.991,183,0
2016-12-09,20:20:00,67.964,68.052,67.964,68.008,403,0
2016-12-09,20:40:00,68.013,68.013,68.013,68.013,1209,0
2016-12-09,20:45:00,68.083,68.083,67.973,67.973,406,0
2016-12-09,21:10:00,68.023,68.042,68.023,68.042,202,0
2016-12-09,21:35:00,68.136,68.136,68.113,68.113,806,0
2016-12-09,21:40:00,68.113,68.113,68.113,68.113,639,0
2016-12-09,21:50:00,68.127,68.127,68.127,68.127,135,0
2016-12-12,19:50:00,67.863,67.863,67.863,67.863,123,0
2016-12-12,20:00:00,67.746,67.746,67.746,67.746,102,0
2016-12-12,20:25:00,67.883,67.883,67.883,67.883,485,0
2016-12-12,20:45:00,67.824,67.933,67.824,67.929,997,0
2016-12-12,20:50:00,67.812,67.933,67.812,67.933,707,0
2016-12-12,21:05:00,67.968,67.968,67.968,67.968,153,0
2016-12-12,21:10:00,67.94,67.94,67.94,67.94,263,0
2016-12-12,21:25:00,67.831,67.831,67.831,67.831,273,0
2016-12-12,21:30:00,67.871,67.871,67.871,67.871,282,0
2016-12-12,21:55:00,67.848,67.848,67.848,67.848,136,0
2016-12-13,16:25:00,68.171,68.171,68.171,68.171,130,0
2016-12-13,17:35:00,68.186,68.323,68.186,68.323,334,0
2016-12-13,18:45:00,68.251,68.251,68.251,68.251,501,0
2016-12-13,19:00:00,68.391,68.391,68.391,68.391,139,0
2016-12-13,19:10:00,68.318,68.466,68.318,68.466,931,0
2016-12-13,19:20:00,68.35,68.35,68.35,68.35,100,0
2016-12-13,19:35:00,68.355,68.355,68.355,68.355,184,0
2016-12-13,20:00:00,68.457,68.457,68.457,68.457,504,0
2016-12-13,20:15:00,68.34,68.34,68.34,68.34,302,0
2016-12-13,20:25:00,68.281,68.281,68.281,68.281,202,0
2016-12-13,20:45:00,68.295,68.33,68.295,68.33,588,0
2016-12-13,20:50:00,68.254,68.254,68.254,68.254,705,0
2016-12-13,21:35:00,68.208,68.208,68.208,68.208,202,0
2016-12-13,21:50:00,68.418,68.418,68.418,68.418,155,0
2016-12-13,21:55:00,68.335,68.414,68.335,68.414,202,0
2016-12-14,16:10:00,67.983,67.983,67.983,67.983,202,0
2016-12-14,16:15:00,68.181,68.181,67.963,67.963,260,0
2016-12-14,17:15:00,67.927,67.927,67.927,67.927,166,0
2016-12-14,18:50:00,67.973,68.006,67.973,68.006,203,0
2016-12-14,19:00:00,68.042,68.042,68.042,68.042,504,0
2016-12-14,19:35:00,68.152,68.152,68.152,68.152,100,0
2016-12-14,19:40:00,68.088,68.088,68.088,68.088,105,0
2016-12-14,20:40:00,67.953,67.964,67.851,67.863,1404,0
2016-12-14,20:45:00,68.019,68.037,68.019,68.037,458,0
2016-12-14,20:50:00,67.863,67.863,67.863,67.863,100,0
2016-12-14,20:55:00,67.865,67.865,67.865,67.865,171,0
2016-12-14,21:05:00,67.843,67.843,67.843,67.843,100,0
2016-12-14,21:25:00,67.593,67.593,67.593,67.593,104,0
2016-12-14,21:45:00,67.832,67.986,67.814,67.814,492,0
2016-12-15,16:15:00,68.091,68.091,68.091,68.091,123,0
2016-12-15,16:45:00,68.119,68.119,68.103,68.103,2002,0
2016-12-15,17:45:00,68.266,68.266,68.266,68.266,118,0
2016-12-15,18:55:00,68.061,68.061,68.061,68.061,202,0
2016-12-15,19:05:00,68.131,68.131,68.131,68.131,403,0
2016-12-15,19:20:00,68.09,68.09,68.09,68.09,202,0
2016-12-15,19:25:00,68.106,68.106,68.106,68.106,605,0
2016-12-15,19:40:00,68.071,68.071,68.071,68.071,202,0
2016-12-15,20:40:00,68.084,68.096,68.084,68.096,406,0
2016-12-15,20:45:00,68.134,68.134,68.134,68.134,343,0
2016-12-15,21:35:00,68.101,68.101,68.093,68.093,427,0
2016-12-15,21:40:00,68.023,68.023,68.023,68.023,202,0
2016-12-15,21:45:00,67.955,67.955,67.955,67.955,142,0
2016-12-16,16:10:00,68.161,68.171,68.161,68.171,403,0
2016-12-16,16:20:00,68.221,68.221,68.221,68.221,202,0
2016-12-16,18:20:00,68.161,68.161,68.161,68.161,307,0
2016-12-16,20:25:00,68.187,68.187,68.187,68.187,263,0
2016-12-16,20:30:00,68.136,68.15,68.136,68.15,337,0
2016-12-16,20:40:00,68.035,68.035,68.035,68.035,253,0
2016-12-16,20:45:00,68.13,68.13,68.13,68.13,227,0
2016-12-16,21:00:00,68.072,68.072,68.072,68.072,211,0
2016-12-16,21:05:00,68.044,68.044,68.044,68.044,100,0
2016-12-16,21:20:00,68.042,68.042,68.042,68.042,100,0
2016-12-16,21:45:00,67.923,67.923,67.923,67.923,133,0
2016-12-16,21:50:00,67.891,67.891,67.891,67.891,202,0
2016-12-19,15:35:00,68.081,68.099,68.081,68.099,202,0
2016-12-19,16:50:00,68.291,68.291,68.291,68.291,1008,0
2016-12-19,17:15:00,68.154,68.154,68.154,68.154,666,0
2016-12-19,17:35:00,68.123,68.123,68.123,68.123,100,0
2016-12-19,18:25:00,68.171,68.171,68.171,68.171,202,0
2016-12-19,19:10:00,68.223,68.223,68.223,68.223,387,0
2016-12-19,19:15:00,68.278,68.278,68.278,68.278,337,0
2016-12-19,19:25:00,68.261,68.261,68.261,68.261,140,0
2016-12-19,19:50:00,68.241,68.241,68.211,68.211,982,0
2016-12-19,20:50:00,68.351,68.351,68.351,68.351,116,0
2016-12-19,20:55:00,68.326,68.326,68.29,68.29,423,0
2016-12-20,17:40:00,68.538,68.538,68.538,68.538,128,0
2016-12-20,18:00:00,68.554,68.7,68.554,68.7,672,0
2016-12-20,19:30:00,68.65,68.65,68.65,68.65,186,0
2016-12-20,20:25:00,68.588,68.588,68.588,68.588,156,0
2016-12-20,20:40:00,68.688,68.688,68.632,68.632,731,0
2016-12-20,20:45:00,68.686,68.688,68.686,68.688,389,0
2016-12-20,21:35:00,68.687,68.687,68.687,68.687,100,0
2016-12-20,22:00:00,68.726,68.726,68.726,68.726,202,0
2016-12-21,16:00:00,68.509,68.509,68.509,68.509,450,0
2016-12-21,16:05:00,68.687,68.687,68.687,68.687,100,0
2016-12-21,16:25:00,68.723,68.723,68.723,68.723,191,0
2016-12-21,16:30:00,68.572,68.572,68.572,68.572,136,0
2016-12-21,17:00:00,68.518,68.518,68.518,68.518,170,0
2016-12-21,17:20:00,68.677,68.677,68.677,68.677,173,0
2016-12-21,17:25:00,68.718,68.718,68.718,68.718,169,0
2016-12-21,18:40:00,68.647,68.647,68.647,68.647,164,0
2016-12-21,18:50:00,68.711,68.711,68.711,68.711,202,0
2016-12-21,19:30:00,68.57,68.57,68.57,68.57,236,0
2016-12-21,20:20:00,68.552,68.552,68.552,68.552,101,0
2016-12-21,20:35:00,68.634,68.634,68.634,68.634,137,0
2016-12-21,20:45:00,68.683,68.683,68.683,68.683,133,0
2016-12-21,20:55:00,68.655,68.681,68.655,68.681,510,0
2016-12-21,21:40:00,68.66,68.66,68.66,68.66,583,0
2016-12-21,21:50:00,68.568,68.568,68.568,68.568,100,0
2016-12-21,22:00:00,68.528,68.528,68.528,68.528,100,0
2016-12-22,15:35:00,68.281,68.281,68.281,68.281,403,0
2016-12-22,15:40:00,68.42,68.42,68.42,68.42,172,0
2016-12-22,17:25:00,68.19,68.19,68.19,68.19,146,0
2016-12-22,18:00:00,68.059,68.203,68.059,68.203,355,0
2016-12-22,19:40:00,68.179,68.179,68.179,68.179,135,0
2016-12-22,19:50:00,68.271,68.271,68.271,68.271,100,0
2016-12-22,19:55:00,68.222,68.222,68.222,68.222,266,0
2016-12-22,20:00:00,68.205,68.205,68.205,68.205,102,0
2016-12-22,20:45:00,68.205,68.205,68.205,68.205,205,0
2016-12-22,20:55:00,68.255,68.337,68.255,68.335,1132,0
2016-12-22,21:05:00,68.201,68.221,68.201,68.221,363,0
2016-12-22,21:25:00,68.108,68.108,68.108,68.108,185,0
2016-12-22,21:50:00,68.101,68.101,68.101,68.101,192,0
2016-12-22,21:55:00,68.307,68.307,68.201,68.201,202,0
2016-12-22,22:00:00,68.29,68.29,68.281,68.281,793,0
2016-12-23,15:35:00,68.249,68.249,68.162,68.162,1089,0
2016-12-23,16:10:00,68.219,68.219,68.12,68.12,201,0
2016-12-23,16:25:00,68.153,68.162,68.153,68.162,254,0
2016-12-23,16:30:00,68.189,68.189,68.189,68.189,375,0
2016-12-23,17:50:00,68.18,68.18,68.18,68.18,301,0
2016-12-23,18:30:00,68.316,68.316,68.316,68.316,312,0
2016-12-23,18:35:00,68.16,68.16,68.16,68.16,357,0
2016-12-23,18:45:00,68.305,68.305,68.305,68.305,213,0
2016-12-23,19:10:00,68.161,68.161,68.161,68.161,211,0
2016-12-23,19:40:00,68.205,68.205,68.205,68.205,440,0
2016-12-23,19:50:00,68.16,68.16,68.16,68.16,191,0
2016-12-23,19:55:00,68.348,68.348,68.348,68.348,1502,0
2016-12-23,20:15:00,68.287,68.287,68.287,68.287,168,0
2016-12-23,20:40:00,68.337,68.337,68.337,68.337,183,0
2016-12-23,20:55:00,68.18,68.18,68.18,68.18,253,0
2016-12-23,21:15:00,68.166,68.166,68.166,68.166,146,0
2016-12-27,15:35:00,68.408,68.408,68.408,68.408,100,0
2016-12-27,16:45:00,68.655,68.655,68.655,68.655,161,0
2016-12-27,16:50:00,68.62,68.62,68.62,68.62,199,0
2016-12-27,16:55:00,68.46,68.46,68.46,68.46,102,0
2016-12-27,17:15:00,68.468,68.468,68.468,68.468,100,0
2016-12-27,18:35:00,68.462,68.462,68.462,68.462,110,0
2016-12-27,18:45:00,68.529,68.529,68.529,68.529,259,0
2016-12-27,19:00:00,68.562,68.573,68.562,68.573,689,0
2016-12-27,19:30:00,68.464,68.464,68.464,68.464,107,0
2016-12-27,20:00:00,68.523,68.523,68.523,68.523,175,0
2016-12-27,20:40:00,68.6,68.6,68.6,68.6,201,0
2016-12-27,21:45:00,68.489,68.489,68.489,68.489,196,0
2016-12-28,16:00:00,68.341,68.478,68.341,68.478,219,0
2016-12-28,17:25:00,68.258,68.258,68.258,68.258,324,0
2016-12-28,17:45:00,68.313,68.313,68.313,68.313,102,0
2016-12-28,18:05:00,68.219,68.376,68.151,68.376,989,0
2016-12-28,20:15:00,67.925,67.925,67.925,67.925,100,0
2016-12-28,20:35:00,67.836,67.956,67.836,67.956,236,0
2016-12-28,20:55:00,67.87,67.87,67.87,67.87,100,0
2016-12-28,21:10:00,67.94,67.94,67.89,67.89,401,0
2016-12-28,21:20:00,67.89,67.89,67.89,67.89,100,0
2016-12-28,21:25:00,67.9,67.9,67.9,67.9,100,0
2016-12-28,21:35:00,67.9,67.98,67.88,67.98,793,0
2016-12-28,21:45:00,67.886,67.886,67.886,67.886,502,0
2016-12-28,21:50:00,67.799,67.799,67.799,67.799,402,0
2016-12-28,22:00:00,67.85,67.85,67.84,67.85,702,0
2016-12-29,16:00:00,67.757,67.757,67.757,67.757,141,0
2016-12-29,16:40:00,67.816,67.816,67.816,67.816,132,0
2016-12-29,17:15:00,67.81,67.81,67.81,67.81,101,0
2016-12-29,17:45:00,67.72,67.72,67.72,67.72,100,0
2016-12-29,19:55:00,67.62,67.62,67.62,67.62,101,0
2016-12-29,20:05:00,67.75,67.75,67.75,67.75,100,0
2016-12-29,20:15:00,67.752,67.752,67.752,67.752,130,0
2016-12-29,20:20:00,67.882,67.882,67.882,67.882,306,0
2016-12-29,20:40:00,67.653,67.74,67.653,67.74,226,0
2016-12-29,20:45:00,67.649,67.649,67.649,67.649,190,0
2016-12-29,21:25:00,67.74,67.74,67.72,67.72,401,0
2016-12-29,21:30:00,67.75,67.75,67.75,67.75,201,0
2016-12-29,21:35:00,67.75,67.75,67.75,67.75,301,0
2016-12-29,21:40:00,67.72,67.72,67.681,67.681,401,0
2016-12-29,21:45:00,67.72,67.72,67.701,67.701,401,0
2016-12-29,21:50:00,67.641,67.73,67.641,67.73,783,0
2016-12-30,16:45:00,67.504,67.504,67.504,67.504,113,0
2016-12-30,17:05:00,67.714,67.81,67.714,67.81,439,0
2016-12-30,17:10:00,67.585,67.585,67.585,67.585,118,0
2016-12-30,17:15:00,67.597,67.597,67.597,67.597,126,0
2016-12-30,18:35:00,67.603,67.603,67.603,67.603,299,0
2016-12-30,19:45:00,67.58,67.58,67.58,67.58,315,0
2016-12-30,20:15:00,67.589,67.589,67.589,67.589,530,0
2016-12-30,21:35:00,67.435,67.435,67.392,67.418,370,0
2017-01-03,15:55:00,67.769,67.769,67.769,67.769,155,0
2017-01-03,16:20:00,68.139,68.139,68.139,68.139,108,0
2017-01-03,17:35:00,67.569,67.569,67.569,67.569,171,0
2017-01-03,18:45:00,67.471,67.471,67.382,67.382,4514,0
2017-01-03,18:50:00,67.312,67.401,67.302,67.401,5015,0
2017-01-03,18:55:00,67.401,67.401,67.302,67.302,3812,0
2017-01-03,19:00:00,67.302,67.392,67.302,67.302,4514,0
2017-01-03,19:05:00,67.302,67.392,67.302,67.302,4514,0
2017-01-03,19:10:00,67.302,67.332,67.302,67.332,4485,0
2017-01-03,19:25:00,67.417,67.417,67.417,67.417,217,0
2017-01-03,19:30:00,67.541,67.541,67.541,67.541,752,0
2017-01-03,20:35:00,67.461,67.461,67.447,67.447,210,0
2017-01-03,20:45:00,67.519,67.519,67.519,67.519,264,0
2017-01-03,21:05:00,67.576,67.576,67.576,67.576,1003,0
2017-01-03,21:10:00,67.586,67.586,67.586,67.586,213,0
2017-01-04,15:35:00,67.94,67.94,67.94,67.94,100,0
2017-01-04,15:50:00,68.219,68.219,68.069,68.079,3511,0
2017-01-04,15:55:00,68.079,68.159,68.079,68.079,11776,0
2017-01-04,16:00:00,68.079,68.119,68.049,68.049,7022,0
2017-01-04,16:05:00,68.049,68.179,68.049,68.179,7423,0
2017-01-04,16:10:00,68.179,68.209,68.099,68.099,5818,0
2017-01-04,16:15:00,68.099,68.149,68.049,68.114,9329,0
2017-01-04,16:20:00,68.119,68.129,68.049,68.129,5182,0
2017-01-04,16:25:00,68.064,68.064,68.064,68.064,903,0
2017-01-04,16:35:00,68.089,68.089,68.059,68.059,20062,0
2017-01-04,16:40:00,68.059,68.109,68.059,68.059,15548,0
2017-01-04,16:45:00,68.059,68.059,68.059,68.059,9073,0
2017-01-04,16:50:00,68.279,68.279,68.279,68.279,4915,0
2017-01-04,17:10:00,68.269,68.269,68.239,68.249,401,0
2017-01-04,17:15:00,68.176,68.176,68.176,68.176,147,0
2017-01-04,17:20:00,68.234,68.234,68.141,68.141,495,0
2017-01-04,17:25:00,68.159,68.159,68.159,68.159,340049,0
2017-01-04,17:40:00,68.378,68.378,68.368,68.378,1003,0
2017-01-04,17:45:00,68.159,68.159,68.159,68.159,2172,0
2017-01-04,18:00:00,68.254,68.254,68.254,68.254,401,0
2017-01-04,18:10:00,68.31,68.31,68.31,68.31,137,0
2017-01-04,18:30:00,68.201,68.201,68.201,68.201,578,0
2017-01-04,18:35:00,68.201,68.201,68.201,68.201,4619,0
2017-01-04,18:45:00,68.269,68.339,68.189,68.235,41761,0
2017-01-04,18:55:00,68.269,68.289,68.239,68.279,13628,0
2017-01-04,19:00:00,68.311,68.311,68.299,68.299,40660,0
2017-01-04,19:05:00,68.456,68.456,68.21,68.21,3523,0
2017-01-04,19:10:00,68.279,68.289,68.279,68.289,3681,0
2017-01-04,19:20:00,68.289,68.289,68.266,68.266,1495,0
2017-01-04,19:45:00,68.261,68.261,68.261,68.261,194,0
2017-01-04,19:55:00,68.2,68.289,68.2,68.289,8434,0
2017-01-04,20:00:00,68.289,68.289,68.199,68.289,565,0
2017-01-04,20:05:00,68.226,68.289,68.179,68.199,14404,0
2017-01-04,20:10:00,68.269,68.269,68.259,68.259,502,0
2017-01-04,20:15:00,68.299,68.309,68.299,68.309,1003,0
2017-01-04,20:25:00,68.314,68.314,68.291,68.291,446,0
2017-01-04,20:45:00,68.335,68.335,68.279,68.289,2206,0
2017-01-04,20:50:00,68.337,68.337,68.337,68.337,1736,0
2017-01-04,20:55:00,68.261,68.316,68.259,68.279,26692,0
2017-01-04,21:00:00,68.299,68.299,68.269,68.299,22068,0
2017-01-04,21:05:00,68.294,68.309,68.294,68.309,702,0
2017-01-04,21:25:00,68.303,68.362,68.303,68.362,1706,0
2017-01-04,21:30:00,68.289,68.289,68.289,68.289,3008,0
2017-01-04,21:35:00,68.297,68.349,68.289,68.349,32385,0
2017-01-04,21:40:00,68.339,68.378,68.289,68.378,90278,0
2017-01-04,21:50:00,68.329,68.349,68.329,68.349,2608,0
2017-01-04,21:55:00,68.349,68.349,68.26,68.339,5190,0
2017-01-04,22:00:00,68.339,68.339,68.339,68.339,401,0
2017-01-05,15:35:00,68.049,68.049,68.049,68.049,2066,0
2017-01-05,15:40:00,68.169,68.169,68.159,68.159,301,0
2017-01-05,15:55:00,68.196,68.196,68.196,68.196,710,0
2017-01-05,16:00:00,68.319,68.319,68.319,68.319,301,0
2017-01-05,16:15:00,68.339,68.339,68.251,68.251,1200,0
2017-01-05,16:50:00,68.122,68.122,68.122,68.122,251,0
2017-01-05,17:10:00,68.109,68.109,68.089,68.109,301,0
2017-01-05,17:25:00,68,68,68,68,211,0
2017-01-05,17:30:00,68,68,68,68,150,0
2017-01-05,17:40:00,67.808,67.877,67.808,67.877,245,0
2017-01-05,18:00:00,67.777,67.777,67.777,67.777,201,0
2017-01-05,18:15:00,67.82,67.82,67.82,67.82,201,0
2017-01-05,19:05:00,67.82,67.858,67.82,67.858,259,0
2017-01-05,19:10:00,67.94,67.94,67.94,67.94,100,0
2017-01-05,19:15:00,67.928,67.928,67.928,67.928,301,0
2017-01-05,19:30:00,67.879,67.879,67.879,67.879,578,0
2017-01-05,20:20:00,67.92,67.92,67.92,67.92,187,0
2017-01-05,20:55:00,67.929,67.943,67.929,67.943,433,0
2017-01-05,21:40:00,67.928,67.941,67.928,67.941,992,0
2017-01-05,22:00:00,67.99,68.03,67.99,68.03,602,0
2017-01-06,15:35:00,67.88,67.88,67.88,67.88,115,0
2017-01-06,15:50:00,67.91,67.91,67.91,67.91,100,0
2017-01-06,16:40:00,67.928,67.928,67.928,67.928,301,0
2017-01-06,17:40:00,67.97,67.97,67.89,67.89,903,0
2017-01-06,17:45:00,67.99,67.99,67.99,67.99,100,0
2017-01-06,18:00:00,68.01,68.039,68.01,68.039,1942,0
2017-01-06,18:30:00,67.989,67.989,67.989,67.989,1059,0
2017-01-06,18:35:00,68.064,68.064,68.064,68.064,301,0
2017-01-06,19:45:00,67.991,67.991,67.991,67.991,276,0
2017-01-06,20:30:00,68.03,68.03,68.02,68.02,424,0
2017-01-06,20:40:00,68.049,68.049,68.049,68.049,100,0
2017-01-06,20:45:00,68.01,68.01,68.01,68.01,100,0
2017-01-06,21:05:00,67.962,67.979,67.962,67.979,712,0
2017-01-06,21:45:00,68.01,68.01,68.01,68.01,234,0
2017-01-09,16:35:00,67.681,67.681,67.681,67.681,100,0
2017-01-09,18:45:00,67.736,67.736,67.736,67.736,1489,0
2017-01-09,19:05:00,67.79,67.79,67.79,67.79,282,0
2017-01-09,20:25:00,67.649,67.734,67.649,67.734,382,0
2017-01-09,21:20:00,67.591,67.591,67.591,67.591,100,0
2017-01-09,21:40:00,67.631,67.631,67.631,67.631,100,0
2017-01-10,16:05:00,67.681,67.691,67.681,67.691,201,0
2017-01-10,16:35:00,67.713,67.713,67.713,67.713,616,0
2017-01-10,17:30:00,68.027,68.027,68.027,68.027,141,0
2017-01-10,18:40:00,68.094,68.094,68.094,68.094,116,0
2017-01-10,18:45:00,68.085,68.085,68.085,68.085,1003,0
2017-01-10,18:55:00,68.03,68.03,68.03,68.03,100,0
2017-01-10,19:00:00,68.053,68.053,68.053,68.053,545,0
2017-01-10,19:15:00,68.128,68.128,68.128,68.128,362,0
2017-01-10,20:00:00,67.94,67.95,67.94,67.94,502,0
2017-01-10,20:10:00,67.737,67.737,67.737,67.737,445,0
2017-01-10,20:55:00,67.683,67.683,67.683,67.683,287,0
2017-01-10,21:40:00,67.94,67.95,67.94,67.95,301,0
2017-01-11,16:40:00,67.821,67.821,67.821,67.821,206,0
2017-01-11,17:00:00,67.81,67.81,67.81,67.81,100,0
2017-01-11,17:25:00,67.96,67.96,67.96,67.96,100,0
2017-01-11,17:35:00,67.79,67.79,67.72,67.72,301,0
2017-01-11,18:00:00,67.9,67.9,67.9,67.9,100,0
2017-01-11,19:15:00,67.86,67.86,67.86,67.86,596,0
2017-01-11,19:40:00,67.787,67.787,67.787,67.787,150,0
2017-01-11,20:35:00,67.9,67.9,67.9,67.9,201,0
2017-01-11,22:00:00,68.04,68.04,67.98,67.98,201,0
2017-01-12,15:35:00,68.02,68.02,68.02,68.02,326,0
2017-01-12,15:55:00,67.77,67.77,67.631,67.631,401,0
2017-01-12,16:35:00,67.424,67.424,67.424,67.424,119,0
2017-01-12,18:20:00,67.431,67.451,67.431,67.451,401,0
2017-01-12,18:45:00,67.529,67.529,67.529,67.529,201,0
2017-01-12,18:50:00,67.525,67.525,67.525,67.525,100,0
2017-01-12,21:45:00,67.789,67.789,67.789,67.789,109,0
2017-01-12,21:50:00,67.848,67.848,67.848,67.848,351,0
2017-01-12,22:00:00,67.82,67.82,67.82,67.82,201,0
2017-01-13,15:35:00,67.86,67.86,67.86,67.86,100,0
2017-01-13,15:45:00,68.128,68.128,68.128,68.128,145,0
2017-01-13,16:25:00,68.188,68.188,68.188,68.188,123,0
2017-01-13,20:00:00,67.904,67.982,67.9,67.9,3647,0
2017-01-13,20:25:00,67.901,67.937,67.901,67.937,329,0
2017-01-13,20:35:00,67.86,67.893,67.86,67.893,460,0
2017-01-17,15:35:00,67.88,67.88,67.88,67.88,100,0
2017-01-17,15:45:00,67.73,67.73,67.73,67.73,100,0
2017-01-17,16:20:00,67.765,67.765,67.765,67.765,210,0
2017-01-17,20:35:00,67.408,67.408,67.354,67.354,276,0
2017-01-17,22:00:00,67.392,67.392,67.392,67.392,401,0
2017-01-18,15:35:00,67.312,67.312,67.312,67.312,245,0
2017-01-18,15:40:00,67.327,67.327,67.327,67.327,301,0
2017-01-18,15:50:00,67.573,67.573,67.573,67.573,301,0
2017-01-18,16:05:00,67.362,67.362,67.362,67.362,100,0
2017-01-18,16:20:00,67.521,67.521,67.521,67.521,107,0
2017-01-18,20:50:00,67.413,67.413,67.413,67.413,593,0
2017-01-18,21:40:00,67.568,67.568,67.568,67.568,238,0
2017-01-18,21:50:00,67.526,67.526,67.526,67.526,100,0
2017-01-18,21:55:00,67.581,67.581,67.581,67.581,401,0
2017-01-18,22:00:00,67.621,67.621,67.621,67.621,100,0
2017-01-19,15:35:00,67.85,67.85,67.85,67.85,301,0
2017-01-19,15:50:00,67.736,67.736,67.736,67.736,201,0
2017-01-19,16:15:00,67.72,67.72,67.72,67.72,301,0
2017-01-19,17:15:00,67.671,67.671,67.671,67.671,301,0
2017-01-19,18:35:00,67.551,67.551,67.551,67.551,301,0
2017-01-19,19:00:00,67.598,67.598,67.598,67.598,108,0
2017-01-19,20:20:00,67.422,67.422,67.422,67.422,1765,0
2017-01-19,20:40:00,67.342,67.342,67.342,67.342,140,0
2017-01-19,20:45:00,67.431,67.431,67.431,67.431,301,0
2017-01-19,21:05:00,67.525,67.525,67.525,67.525,120,0
2017-01-20,16:10:00,67.773,67.773,67.773,67.773,620,0
2017-01-20,17:25:00,67.93,67.93,67.93,67.93,263,0
2017-01-20,18:10:00,67.593,67.79,67.593,67.79,2364,0
2017-01-20,21:05:00,67.639,67.639,67.639,67.639,131,0
2017-01-20,21:50:00,67.596,67.596,67.596,67.596,117,0
2017-01-23,17:25:00,67.282,67.282,67.25,67.25,740,0
2017-01-23,17:35:00,67.149,67.149,67.149,67.149,487,0
2017-01-23,18:05:00,67.08,67.08,67.08,67.08,112,0
2017-01-23,19:40:00,67.332,67.332,67.332,67.332,100,0
2017-01-23,20:15:00,67.142,67.142,67.142,67.142,186,0
2017-01-23,20:25:00,67.155,67.155,67.155,67.155,361,0
2017-01-24,17:05:00,67.533,67.533,67.533,67.533,120,0
2017-01-24,17:55:00,67.72,67.72,67.72,67.72,100,0
2017-01-24,18:50:00,67.912,67.912,67.912,67.912,100,0
2017-01-24,19:10:00,67.97,67.97,67.97,67.97,100,0
2017-01-24,19:25:00,67.973,67.973,67.9,67.9,401,0
2017-01-24,19:40:00,68.109,68.109,68.109,68.109,4534,0
2017-01-24,20:05:00,68.092,68.092,68.092,68.092,305,0
2017-01-24,20:35:00,67.94,67.94,67.94,67.94,100,0
2017-01-24,21:20:00,67.97,67.97,67.97,67.97,251,0
2017-01-24,21:30:00,68,68,68,68,100,0
2017-01-24,21:40:00,67.97,67.97,67.97,67.97,201,0
2017-01-25,16:55:00,68.508,68.508,68.508,68.508,100,0
2017-01-25,17:00:00,68.386,68.386,68.386,68.386,773,0
2017-01-25,17:30:00,68.38,68.38,68.38,68.38,209,0
2017-01-25,18:10:00,68.33,68.33,68.33,68.33,609,0
2017-01-25,18:55:00,68.321,68.321,68.321,68.321,242,0
2017-01-25,19:50:00,68.508,68.508,68.508,68.508,167,0
2017-01-25,20:00:00,68.576,68.576,68.576,68.576,382,0
2017-01-25,20:05:00,68.518,68.518,68.518,68.518,117,0
2017-01-25,20:15:00,68.539,68.539,68.539,68.539,233,0
2017-01-25,20:55:00,68.594,68.594,68.594,68.594,100,0
2017-01-25,21:20:00,68.497,68.497,68.497,68.497,100,0
2017-01-25,21:25:00,68.448,68.448,68.448,68.448,100,0
2017-01-25,21:40:00,68.518,68.518,68.518,68.518,301,0
2017-01-25,22:00:00,68.588,68.588,68.588,68.588,201,0
2017-01-26,15:50:00,68.638,68.638,68.638,68.638,100,0
2017-01-26,16:00:00,68.509,68.588,68.509,68.588,281,0
2017-01-26,16:40:00,68.723,68.723,68.723,68.723,301,0
2017-01-26,21:25:00,68.55,68.55,68.55,68.55,203,0
2017-01-26,22:00:00,68.588,68.588,68.588,68.588,201,0
2017-01-27,16:35:00,68.587,68.587,68.587,68.587,161,0
2017-01-30,16:35:00,67.836,67.836,67.836,67.836,132,0
2017-01-30,18:15:00,67.938,67.938,67.938,67.938,152,0
2017-01-30,18:20:00,67.78,67.78,67.78,67.78,126,0
2017-01-30,20:25:00,67.869,67.869,67.869,67.869,131,0
2017-01-30,20:45:00,68.003,68.006,68.003,68.006,1131,0
2017-01-30,21:30:00,67.88,67.915,67.88,67.915,201,0
2017-01-30,22:00:00,68.169,68.169,68.169,68.169,101,0
2017-01-31,17:20:00,67.77,67.77,67.735,67.735,390,0
2017-01-31,17:40:00,67.721,67.721,67.721,67.721,146,0
2017-01-31,19:35:00,67.9,67.9,67.9,67.9,145,0
2017-01-31,20:05:00,67.705,67.705,67.705,67.705,400,0
2017-01-31,20:55:00,67.91,67.91,67.91,67.91,105,0
2017-01-31,22:00:00,68.124,68.124,68.124,68.124,311,0
2017-02-01,15:35:00,68.299,68.299,68.299,68.299,100,0
2017-02-01,16:30:00,68.288,68.288,68.288,68.288,347,0
2017-02-01,17:05:00,68.056,68.079,68.056,68.079,206,0
2017-02-01,17:30:00,68.03,68.03,68.03,68.03,100,0
2017-02-01,17:45:00,67.97,67.97,67.86,67.87,9544,0
2017-02-01,18:25:00,67.95,67.95,67.95,67.95,100,0
2017-02-01,20:00:00,67.965,67.97,67.965,67.97,1003,0
2017-02-01,20:10:00,68.069,68.069,67.98,67.98,401,0
2017-02-01,21:15:00,68.045,68.045,68.045,68.045,301,0
2017-02-02,16:20:00,68.023,68.023,68.023,68.023,216,0
2017-02-02,17:00:00,68.04,68.04,68.01,68.01,301,0
2017-02-02,18:10:00,67.86,67.86,67.86,67.86,150,0
2017-02-03,17:35:00,68.597,68.597,68.597,68.597,301,0
2017-02-03,18:30:00,68.528,68.528,68.528,68.528,100,0
2017-02-03,18:40:00,68.581,68.581,68.581,68.581,170,0
2017-02-03,19:35:00,68.488,68.558,68.488,68.545,1455,0
2017-02-03,19:55:00,68.508,68.508,68.508,68.508,201,0
2017-02-03,20:10:00,68.468,68.468,68.468,68.468,488,0
2017-02-03,20:15:00,68.518,68.518,68.518,68.518,100,0
2017-02-03,21:25:00,68.528,68.528,68.528,68.528,100,0
2017-02-03,22:00:00,68.578,68.578,68.578,68.578,100,0
2017-02-06,16:10:00,68.518,68.518,68.518,68.518,1760,0
2017-02-06,16:25:00,68.628,68.628,68.628,68.628,201,0
2017-02-06,16:55:00,68.468,68.468,68.468,68.468,100,0
2017-02-06,18:35:00,68.388,68.513,68.388,68.513,342,0
2017-02-06,19:40:00,68.269,68.269,68.269,68.269,100,0
2017-02-06,19:50:00,68.279,68.279,68.279,68.279,129,0
2017-02-06,20:05:00,68.279,68.279,68.279,68.279,401,0
2017-02-06,20:35:00,68.259,68.259,68.239,68.259,401,0
2017-02-06,21:05:00,68.259,68.259,68.199,68.199,519,0
2017-02-07,17:45:00,68.339,68.339,68.339,68.339,136,0
2017-02-07,19:10:00,68.259,68.259,68.259,68.259,100,0
2017-02-07,20:30:00,68.259,68.259,68.259,68.259,134,0
2017-02-07,20:50:00,68.329,68.329,68.329,68.329,270,0
2017-02-07,21:10:00,68.368,68.368,68.368,68.368,401,0
2017-02-07,21:20:00,68.323,68.323,68.323,68.323,152,0
2017-02-08,17:25:00,68.321,68.321,68.321,68.321,145,0
2017-02-08,17:35:00,68.209,68.209,68.189,68.189,201,0
2017-02-08,17:40:00,68.199,68.199,68.199,68.199,100,0
2017-02-08,17:45:00,68.111,68.111,68.111,68.111,131,0
2017-02-08,17:55:00,68.119,68.119,68.119,68.119,100,0
2017-02-08,18:05:00,68.139,68.139,68.139,68.139,100,0
2017-02-08,20:15:00,68.219,68.219,68.219,68.219,100,0
2017-02-08,21:00:00,68.269,68.269,68.269,68.269,100,0
2017-02-08,21:30:00,68.269,68.269,68.269,68.269,201,0
2017-02-08,21:45:00,68.359,68.359,68.339,68.339,301,0
2017-02-08,21:55:00,68.339,68.339,68.339,68.339,100,0
2017-02-09,17:00:00,68.941,68.941,68.941,68.941,126,0
2017-02-09,19:20:00,68.927,68.927,68.927,68.927,100,0
2017-02-09,21:30:00,68.957,68.957,68.927,68.927,201,0
2017-02-09,21:50:00,68.932,68.932,68.932,68.932,100,0
2017-02-09,22:00:00,68.907,68.907,68.907,68.907,100,0
2017-02-10,15:35:00,69.196,69.196,69.196,69.196,331,0
2017-02-10,17:50:00,69.068,69.068,69.068,69.068,107,0
2017-02-10,19:45:00,69.096,69.096,69.096,69.096,100,0
2017-02-10,20:20:00,69.123,69.123,69.123,69.123,100,0
2017-02-10,20:30:00,69.075,69.075,69.075,69.075,216,0
2017-02-10,21:00:00,69.12,69.12,69.12,69.12,109,0
2017-02-10,21:50:00,69.096,69.096,69.096,69.096,100,0
2017-02-13,15:35:00,69.515,69.515,69.515,69.515,385,0
2017-02-13,17:30:00,69.404,69.404,69.404,69.404,197,0
2017-02-13,19:35:00,69.515,69.515,69.515,69.515,301,0
2017-02-13,19:50:00,69.624,69.624,69.624,69.624,251,0
2017-02-13,21:20:00,69.471,69.471,69.471,69.471,564,0
2017-02-13,21:50:00,69.415,69.415,69.415,69.415,100,0
2017-02-14,16:45:00,69.385,69.385,69.385,69.385,100,0
2017-02-14,17:15:00,69.36,69.36,69.36,69.36,230,0
2017-02-14,20:10:00,69.694,69.694,69.694,69.694,201,0
2017-02-14,20:40:00,69.655,69.655,69.655,69.655,100,0
2017-02-14,21:05:00,69.76,69.76,69.76,69.76,150,0
2017-02-14,21:10:00,69.69,69.69,69.69,69.69,191,0
2017-02-14,21:35:00,69.584,69.584,69.584,69.584,160,0
2017-02-14,22:00:00,69.784,69.784,69.784,69.784,401,0
2017-02-15,15:35:00,69.694,69.694,69.694,69.694,109,0
2017-02-15,16:25:00,69.928,69.928,69.928,69.928,126,0
2017-02-15,16:30:00,69.778,69.778,69.778,69.778,201,0
2017-02-15,16:40:00,69.797,69.797,69.797,69.797,3122,0
2017-02-15,19:35:00,69.983,69.983,69.983,69.983,100,0
2017-02-15,19:55:00,70.053,70.053,70.053,70.053,201,0
2017-02-15,20:40:00,70.016,70.016,70.016,70.016,126,0
2017-02-15,21:15:00,70.133,70.133,70.133,70.133,100,0
2017-02-15,21:25:00,70.15,70.15,70.15,70.15,201,0
2017-02-15,21:55:00,70.173,70.173,70.173,70.173,100,0
2017-02-16,15:35:00,70.033,70.033,70.033,70.033,440,0
2017-02-16,15:55:00,70.033,70.053,70.033,70.033,301,0
2017-02-16,18:20:00,70.008,70.008,70.008,70.008,114,0
2017-02-16,18:35:00,69.844,69.883,69.844,69.883,497,0
2017-02-16,18:55:00,70.096,70.096,70.023,70.023,241,0
2017-02-16,19:25:00,69.934,69.934,69.934,69.934,100,0
2017-02-16,20:25:00,69.904,69.904,69.904,69.904,100,0
2017-02-16,20:35:00,69.914,69.914,69.914,69.914,100,0
2017-02-16,21:35:00,70.023,70.023,70.023,70.023,100,0
2017-02-16,22:00:00,70.083,70.093,70.083,70.093,201,0
2017-02-17,15:50:00,69.655,69.655,69.655,69.655,100,0
2017-02-17,16:05:00,69.693,69.693,69.693,69.693,124,0
2017-02-17,16:55:00,69.665,69.665,69.665,69.665,100,0
2017-02-17,17:00:00,69.724,69.724,69.724,69.724,120,0
2017-02-17,18:10:00,69.633,69.719,69.633,69.719,301,0
2017-02-17,18:30:00,69.853,69.853,69.853,69.853,251,0
2017-02-17,18:40:00,69.764,69.764,69.764,69.764,100,0
2017-02-17,19:00:00,69.684,69.684,69.684,69.684,100,0
2017-02-17,20:30:00,69.814,69.814,69.814,69.814,201,0
2017-02-17,20:35:00,69.884,69.884,69.884,69.884,100,0
2017-02-17,20:55:00,69.964,69.964,69.964,69.964,1003,0
2017-02-17,21:05:00,69.974,69.974,69.904,69.948,1003,0
2017-02-17,21:15:00,69.927,69.927,69.927,69.927,136,0
2017-02-17,22:00:00,69.979,70.043,69.979,70.043,201,0
2017-02-21,15:35:00,70.432,70.432,70.432,70.432,140,0
2017-02-21,21:00:00,70.582,70.582,70.582,70.582,1001,0
2017-02-21,21:20:00,70.661,70.661,70.661,70.661,201,0
2017-02-21,21:55:00,70.612,70.612,70.612,70.612,100,0
2017-02-22,15:55:00,70.614,70.614,70.614,70.614,651,0
2017-02-22,18:15:00,70.638,70.638,70.638,70.638,285,0
2017-02-22,20:35:00,70.602,70.602,70.602,70.602,100,0
2017-02-22,22:00:00,70.631,70.631,70.631,70.631,100,0
2017-02-23,17:20:00,70.253,70.253,70.253,70.253,100,0
2017-02-24,20:35:00,70.332,70.332,70.233,70.332,10633,0
2017-02-24,21:05:00,70.412,70.412,70.412,70.412,210,0
2017-02-24,21:40:00,70.382,70.382,70.382,70.382,100,0
2017-02-24,22:00:00,70.462,70.552,70.462,70.552,301,0
2017-02-27,19:15:00,70.681,70.681,70.681,70.681,100,0
2017-02-27,21:40:00,70.741,70.741,70.741,70.741,201,0
2017-02-28,16:20:00,70.578,70.578,70.578,70.578,182,0
2017-02-28,17:05:00,70.572,70.572,70.572,70.572,100,0
2017-02-28,18:05:00,70.472,70.472,70.472,70.472,213,0
2017-02-28,18:15:00,70.548,70.548,70.548,70.548,283,0
2017-02-28,20:00:00,70.594,70.611,70.594,70.611,783,0
2017-02-28,20:05:00,70.522,70.522,70.522,70.522,100,0
2017-02-28,20:10:00,70.575,70.575,70.575,70.575,579,0
2017-02-28,20:30:00,70.502,70.502,70.502,70.502,100,0
2017-02-28,20:50:00,70.402,70.535,70.402,70.535,716,0
2017-03-01,16:05:00,71.648,71.648,71.648,71.648,100,0
2017-03-01,20:15:00,71.728,71.728,71.728,71.728,208,0
2017-03-01,20:40:00,71.733,71.768,71.733,71.768,246,0
2017-03-01,22:00:00,71.688,71.688,71.688,71.688,201,0
2017-03-02,16:45:00,71.376,71.376,71.376,71.376,602,0
2017-03-02,20:10:00,71.24,71.24,71.24,71.24,100,0
2017-03-02,20:20:00,71.16,71.16,71.16,71.16,100,0
2017-03-02,21:05:00,71.202,71.202,71.202,71.202,100,0
2017-03-02,21:40:00,71.028,71.028,71.028,71.028,331,0
2017-03-03,15:35:00,71,71,71,71,100,0
2017-03-03,17:30:00,70.941,70.941,70.941,70.941,201,0
2017-03-03,18:00:00,70.95,70.95,70.95,70.95,100,0
2017-03-03,19:20:00,70.98,70.98,70.98,70.98,331,0
2017-03-03,20:05:00,70.999,70.999,70.999,70.999,298,0
2017-03-03,20:35:00,71.148,71.148,71.148,71.148,130,0
2017-03-06,19:20:00,70.775,70.815,70.741,70.741,3387,0
2017-03-06,20:20:00,70.841,70.841,70.841,70.841,100,0
2017-03-06,21:55:00,70.98,70.98,70.98,70.98,100,0
2017-03-07,17:30:00,70.841,70.841,70.741,70.741,1204,0
2017-03-07,18:00:00,70.944,70.944,70.944,70.944,100,0
2017-03-07,18:45:00,70.753,70.753,70.753,70.753,201,0
2017-03-07,19:45:00,70.751,70.751,70.751,70.751,201,0
2017-03-07,21:25:00,70.791,70.791,70.791,70.791,564,0
2017-03-08,18:10:00,70.781,70.781,70.771,70.771,401,0
2017-03-08,20:25:00,70.791,70.791,70.791,70.791,100,0
2017-03-09,16:00:00,70.883,70.883,70.883,70.883,626,0
2017-03-09,16:25:00,70.794,70.794,70.794,70.794,100,0
2017-03-09,21:05:00,70.437,70.437,70.437,70.437,213,0
2017-03-09,21:45:00,70.612,70.612,70.582,70.599,301,0
2017-03-10,16:00:00,70.871,70.871,70.871,70.871,100,0
2017-03-10,17:00:00,70.841,70.851,70.841,70.851,201,0
2017-03-10,17:05:00,70.741,70.741,70.741,70.741,100,0
2017-03-10,20:15:00,70.75,70.75,70.75,70.75,160,0
2017-03-10,21:00:00,70.741,70.741,70.741,70.741,100,0
2017-03-13,15:05:00,71.01,71.01,71.01,71.01,100,0
2017-03-13,15:10:00,70.931,70.931,70.931,70.931,100,0
2017-03-13,18:05:00,70.921,70.921,70.841,70.841,1003,0
2017-03-13,18:15:00,70.891,70.891,70.891,70.891,100,0
2017-03-14,17:25:00,70.578,70.578,70.578,70.578,211,0
2017-03-14,18:30:00,70.557,70.557,70.557,70.557,127,0
2017-03-14,18:45:00,70.602,70.602,70.602,70.602,100,0
2017-03-14,19:00:00,70.602,70.602,70.602,70.602,100,0
2017-03-14,19:05:00,70.567,70.567,70.567,70.567,761,0
2017-03-14,19:55:00,70.658,70.658,70.552,70.552,1404,0
2017-03-14,20:30:00,70.641,70.641,70.641,70.641,100,0
2017-03-15,15:15:00,71.015,71.015,71.015,71.015,232,0
2017-03-15,16:55:00,70.963,70.963,70.963,70.963,766,0
2017-03-15,17:40:00,71.12,71.12,71.12,71.12,100,0
2017-03-15,19:10:00,71.11,71.11,71.09,71.11,301,0
2017-03-15,20:35:00,71.274,71.274,71.274,71.274,118,0
2017-03-16,19:05:00,71.114,71.114,71.114,71.114,431,0
2017-03-17,14:35:00,71.03,71.03,71.03,71.03,100,0
2017-03-17,15:20:00,71.24,71.24,71.24,71.24,100,0
2017-03-17,16:40:00,71.128,71.128,71.128,71.128,154,0
2017-03-17,17:50:00,71.041,71.041,71.041,71.041,140,0
2017-03-17,19:55:00,71.158,71.158,71.158,71.158,141,0
2017-03-20,20:00:00,70.766,70.766,70.766,70.766,133,0
2017-03-21,15:20:00,70.438,70.438,70.438,70.438,179,0
2017-03-21,16:20:00,69.834,69.834,69.824,69.824,201,0
2017-03-21,17:15:00,69.949,69.949,69.949,69.949,145,0
2017-03-21,17:25:00,69.854,69.854,69.854,69.854,100,0
2017-03-21,17:35:00,69.85,69.85,69.85,69.85,140,0
2017-03-21,18:00:00,69.635,69.635,69.635,69.635,46923,0
2017-03-21,19:25:00,69.66,69.66,69.658,69.658,367,0
2017-03-21,19:30:00,69.643,69.643,69.643,69.643,237,0
2017-03-21,19:50:00,69.684,69.684,69.655,69.655,3210,0
2017-03-21,20:00:00,69.704,69.704,69.704,69.704,100,0
2017-03-21,20:45:00,69.614,69.614,69.614,69.614,150,0
2017-03-22,14:35:00,69.316,69.316,69.316,69.316,290,0
2017-03-22,14:50:00,69.475,69.495,69.46,69.495,3210,0
2017-03-22,15:15:00,69.425,69.425,69.425,69.425,120,0
2017-03-22,15:20:00,69.246,69.246,69.226,69.226,373,0
2017-03-22,15:30:00,69.236,69.311,69.236,69.311,1204,0
2017-03-22,15:35:00,69.176,69.276,69.176,69.276,1465,0
2017-03-22,15:40:00,69.316,69.405,69.316,69.395,5316,0
2017-03-22,15:45:00,69.336,69.475,69.336,69.475,3996,0
2017-03-22,16:00:00,69.425,69.425,69.385,69.385,2308,0
2017-03-22,16:15:00,69.415,69.415,69.415,69.415,32452,0
2017-03-22,16:20:00,69.485,69.605,69.485,69.605,8225,0
2017-03-22,16:25:00,69.595,69.645,69.585,69.645,3611,0
2017-03-22,16:45:00,69.605,69.605,69.605,69.605,100,0
2017-03-22,16:50:00,69.545,69.565,69.525,69.53,11084,0
2017-03-22,17:30:00,69.445,69.445,69.445,69.445,100,0
2017-03-22,19:15:00,69.422,69.422,69.422,69.422,165,0
2017-03-22,19:25:00,69.415,69.415,69.407,69.413,508,0
2017-03-22,19:35:00,69.435,69.435,69.417,69.425,1003,0
2017-03-22,19:40:00,69.486,69.486,69.486,69.486,109,0
2017-03-22,19:45:00,69.415,69.525,69.415,69.525,9429,0
2017-03-22,19:50:00,69.535,69.535,69.506,69.535,709,0
2017-03-22,19:55:00,69.505,69.505,69.505,69.505,155,0
2017-03-22,20:00:00,69.645,69.655,69.635,69.655,1167,0
2017-03-22,20:10:00,69.585,69.585,69.585,69.585,602,0
2017-03-22,20:30:00,69.684,69.684,69.684,69.684,301,0
2017-03-22,20:35:00,69.625,69.625,69.575,69.575,4669,0
2017-03-22,20:40:00,69.615,69.627,69.591,69.627,1404,0
2017-03-22,20:45:00,69.556,69.556,69.556,69.556,284,0
2017-03-23,15:05:00,69.774,69.784,69.774,69.784,301,0
2017-03-23,15:15:00,69.824,69.824,69.824,69.824,401,0
2017-03-23,15:25:00,69.864,69.894,69.864,69.894,401,0
2017-03-23,16:00:00,70.023,70.023,70.023,70.023,100,0
2017-03-23,16:20:00,70.103,70.103,70.103,70.103,100,0
2017-03-23,17:35:00,70.033,70.033,70.033,70.033,100,0
2017-03-23,18:50:00,69.819,69.819,69.814,69.814,296,0
2017-03-23,20:20:00,69.804,69.804,69.804,69.804,100,0
2017-03-23,21:00:00,69.605,69.605,69.605,69.605,100,0
2017-03-24,16:00:00,69.934,69.934,69.934,69.934,100,0
2017-03-24,17:10:00,69.884,69.884,69.884,69.884,100,0
2017-03-24,17:15:00,69.794,69.794,69.794,69.794,100,0
2017-03-24,17:45:00,69.794,69.794,69.794,69.794,100,0
2017-03-24,18:20:00,69.684,69.684,69.684,69.684,100,0
2017-03-24,18:50:00,69.684,69.684,69.684,69.684,100,0
2017-03-24,19:20:00,69.585,69.585,69.585,69.585,100,0
2017-03-24,19:50:00,69.515,69.515,69.505,69.505,201,0
2017-03-24,20:15:00,69.286,69.286,69.286,69.286,100,0
2017-03-24,20:35:00,69.385,69.395,69.385,69.395,201,0
2017-03-24,21:00:00,69.575,69.575,69.495,69.495,599,0
2017-03-27,15:55:00,68.8,68.8,68.8,68.8,100,0
2017-03-27,17:35:00,69,69,69,69,100,0
2017-03-27,21:05:00,69.32,69.32,69.32,69.32,373,0
2017-03-27,21:30:00,69.3652,69.3652,69.3652,69.3652,200,0
2017-03-27,21:50:00,69.3089,69.436,69.3089,69.436,477,0
2017-03-27,22:00:00,69.42,69.42,69.42,69.42,100,0
2017-03-28,15:40:00,69.1101,69.1101,69.1101,69.1101,195,0
2017-03-28,15:50:00,69.29,69.29,69.29,69.29,100,0
2017-03-28,16:05:00,69.26,69.26,69.26,69.26,200,0
2017-03-28,17:05:00,69.47,69.48,69.47,69.48,200,0
2017-03-28,21:00:00,70.0318,70.062,70.0318,70.062,266,0
2017-03-28,21:50:00,70.0084,70.0084,70.0084,70.0084,170,0
2017-03-28,22:00:00,70.12,70.12,70.12,70.12,200,0
2017-03-29,15:55:00,69.853,69.853,69.853,69.853,113,0
2017-03-29,16:35:00,69.92,69.93,69.92,69.93,200,0
2017-03-29,17:20:00,69.9001,69.9001,69.9001,69.9001,141,0
2017-03-29,18:20:00,69.8348,69.8348,69.8348,69.8348,211,0
2017-03-29,21:05:00,69.93,69.93,69.93,69.93,100,0
2017-03-29,21:15:00,69.9586,69.9586,69.9586,69.9586,114,0
2017-03-29,21:35:00,69.9086,69.9086,69.9086,69.9086,114,0
2017-03-29,22:00:00,69.83,69.9335,69.81,69.81,3472,0
2017-03-30,15:55:00,70.126,70.126,70.1258,70.1258,495,0
2017-03-30,16:05:00,70.2464,70.2464,70.2464,70.2464,118,0
2017-03-30,16:55:00,70.2801,70.2801,70.2801,70.2801,155,0
2017-03-30,20:35:00,70.4424,70.4424,70.4424,70.4424,390,0
2017-03-30,21:35:00,70.46,70.46,70.381,70.381,200,0
2017-03-31,18:40:00,70.35,70.35,70.35,70.35,100,0
2017-03-31,19:40:00,70.548,70.548,70.548,70.548,108,0
2017-03-31,19:50:00,70.42,70.42,70.42,70.42,100,0
2017-03-31,21:25:00,70.3512,70.3512,70.3512,70.3512,430,0
2017-03-31,21:50:00,70.35,70.35,70.35,70.35,300,0
2017-03-31,22:00:00,70.26,70.26,70.26,70.26,200,0
2017-04-03,15:35:00,70.21,70.21,70.21,70.21,107,0
2017-04-03,16:35:00,70.1689,70.1689,70.1689,70.1689,156,0
2017-04-03,20:35:00,69.8201,69.8201,69.8201,69.8201,150,0
2017-04-04,16:20:00,69.9724,69.9724,69.9724,69.9724,110,0
2017-04-04,21:45:00,70,70,70,70,100,0
2017-04-04,21:55:00,70,70,70,70,100,0
2017-04-04,22:00:00,70.03,70.03,70.03,70.03,100,0
2017-04-05,18:30:00,70.4,70.4,70.4,70.4,200,0
2017-04-05,19:15:00,70.56,70.56,70.56,70.56,229,0
2017-04-05,20:25:00,70.31,70.31,70.31,70.31,200,0
2017-04-06,15:35:00,69.56,69.56,69.56,69.56,39296,0
2017-04-06,16:10:00,69.733,69.733,69.733,69.733,1108,0
2017-04-06,16:50:00,69.82,69.82,69.7501,69.8,46700,0
2017-04-06,16:55:00,69.9,69.91,69.9,69.91,8200,0
2017-04-06,17:00:00,69.91,69.91,69.91,69.91,1700,0
2017-04-06,17:20:00,69.96,69.97,69.96,69.97,620,0
2017-04-06,20:15:00,70.01,70.0567,69.98,69.985,4000,0
2017-04-06,20:30:00,70.01,70.04,69.9401,69.97,1892,0
2017-04-06,20:35:00,69.96,69.96,69.96,69.96,300,0
2017-04-06,20:40:00,70.0016,70.0016,70.0016,70.0016,143,0
2017-04-06,20:45:00,69.97,70.0141,69.93,69.942,5892,0
2017-04-06,21:05:00,69.83,69.83,69.83,69.83,200,0
2017-04-06,21:10:00,69.8243,69.8243,69.8243,69.8243,368,0
2017-04-06,21:15:00,69.8251,69.87,69.8251,69.87,237,0
2017-04-06,21:20:00,69.7901,69.9,69.7901,69.84,8651,0
2017-04-07,15:55:00,69.99,69.99,69.99,69.99,100,0
2017-04-07,16:05:00,69.81,69.81,69.77,69.81,500,0
2017-04-07,16:25:00,70.0456,70.0456,70.0456,70.0456,285,0
2017-04-07,16:40:00,70.06,70.07,70.06,70.07,300,0
2017-04-07,21:30:00,70.0788,70.0788,70.0788,70.0788,190,0
2017-04-07,22:00:00,70.08,70.09,70.08,70.09,200,0
2017-04-10,15:50:00,70.25,70.26,70.25,70.26,300,0
2017-04-10,16:35:00,70.2001,70.2001,70.2001,70.2001,162,0
2017-04-10,16:55:00,70.24,70.24,70.2,70.2,300,0
2017-04-10,19:35:00,70.11,70.11,70.05,70.05,2700,0
2017-04-10,20:20:00,70.0782,70.22,70.0782,70.22,939,0
2017-04-10,21:25:00,70.08,70.08,70.08,70.08,200,0
2017-04-10,21:45:00,70.08,70.08,70.08,70.08,100,0
2017-04-10,22:00:00,70.02,70.02,70.02,70.02,100,0
2017-04-11,16:35:00,69.66,69.66,69.66,69.66,100,0
2017-04-11,17:50:00,69.6654,69.6654,69.6654,69.6654,269,0
2017-04-11,18:15:00,69.7,69.7,69.7,69.7,200,0
2017-04-11,18:25:00,69.87,69.87,69.87,69.87,100,0
2017-04-11,21:30:00,69.88,69.88,69.81,69.81,1000,0
2017-04-11,21:35:00,69.94,69.94,69.94,69.94,1000,0
2017-04-11,21:45:00,69.93,69.93,69.93,69.93,100,0
2017-04-12,16:45:00,69.74,69.74,69.62,69.62,400,0
2017-04-12,20:00:00,69.69,69.69,69.69,69.69,200,0
2017-04-12,20:55:00,69.62,69.62,69.62,69.62,100,0
2017-04-12,22:00:00,69.51,69.51,69.51,69.51,100,0
2017-04-13,15:55:00,69.5,69.52,69.5,69.52,200,0
2017-04-13,17:25:00,69.5756,69.5756,69.5756,69.5756,116,0
2017-04-13,18:10:00,69.53,69.53,69.51,69.51,200,0
2017-04-13,21:35:00,69.14,69.14,69.14,69.14,100,0
2017-04-17,15:40:00,69.02,69.0643,69.02,69.025,6112,0
2017-04-17,15:45:00,69.01,69.01,69.01,69.01,400,0
2017-04-17,16:20:00,69.2355,69.2355,69.2355,69.2355,145,0
2017-04-17,16:45:00,69.15,69.16,69.13,69.13,600,0
2017-04-17,17:30:00,69.39,69.39,69.39,69.39,246,0
2017-04-17,19:25:00,69.4433,69.4433,69.4433,69.4433,275,0
2017-04-17,20:15:00,69.3857,69.3857,69.3857,69.3857,354,0
2017-04-17,20:25:00,69.38,69.38,69.35,69.36,4317,0
2017-04-17,20:30:00,69.4541,69.4541,69.4541,69.4541,427,0
2017-04-18,17:00:00,69.5183,69.5183,69.5183,69.5183,200,0
2017-04-18,17:35:00,69.45,69.45,69.43,69.43,200,0
2017-04-18,19:10:00,69.3419,69.3419,69.3419,69.3419,129,0
2017-04-18,21:45:00,69.52,69.52,69.46,69.46,1300,0
2017-04-18,22:00:00,69.4995,69.5,69.47,69.47,517,0
2017-04-19,17:40:00,69.8846,69.8846,69.8846,69.8846,255,0
2017-04-19,18:10:00,69.8,69.8,69.8,69.8,100,0
2017-04-20,21:45:00,70.44,70.44,70.39,70.39,1000,0
2017-04-21,16:10:00,70.2,70.2,70.2,70.2,100,0
2017-04-24,19:35:00,71.0642,71.0642,71.0642,71.0642,100,0
2017-04-24,20:35:00,71.02,71.04,70.9901,71.015,3100,0
2017-04-24,21:30:00,71.09,71.09,71.082,71.085,1200,0
2017-04-25,16:25:00,71.6994,71.6994,71.6994,71.6994,350,0
2017-04-25,19:50:00,71.55,71.55,71.55,71.55,200,0
2017-04-25,21:55:00,71.54,71.54,71.54,71.54,100,0
