Date,Time,Open,High,Low,Close,Volume,OpenInt
2017-04-07,15:35:00,87.61,87.61,87.5,87.5,4112,0
2017-04-07,15:40:00,87.66,87.75,87.66,87.6971,1763,0
2017-04-07,15:45:00,87.54,87.54,87.53,87.53,500,0
2017-04-07,15:50:00,87.544,87.544,87.44,87.48,948,0
2017-04-07,15:55:00,87.38,87.38,87.33,87.36,1730,0
2017-04-07,16:00:00,87.25,87.25,87.2,87.21,1064,0
2017-04-07,16:05:00,87.218,87.4,87.218,87.4,2052,0
2017-04-07,16:10:00,87.38,87.48,87.38,87.428,2142,0
2017-04-07,16:15:00,87.5,87.56,87.4901,87.54,855,0
2017-04-07,16:20:00,87.4528,87.465,87.44,87.465,754,0
2017-04-07,16:25:00,87.48,87.48,87.48,87.48,100,0
2017-04-07,16:30:00,87.51,87.515,87.51,87.5103,746,0
2017-04-07,16:35:00,87.52,87.52,87.46,87.48,1224,0
2017-04-07,16:40:00,87.53,87.65,87.53,87.65,300,0
2017-04-07,16:45:00,87.66,87.66,87.6401,87.6401,200,0
2017-04-07,16:50:00,87.615,87.65,87.615,87.65,975,0
2017-04-07,16:55:00,87.5981,87.5981,87.585,87.5928,655,0
2017-04-07,17:00:00,87.55,87.55,87.5,87.5,971,0
2017-04-07,17:05:00,87.55,87.55,87.47,87.497,558,0
2017-04-07,17:10:00,87.5,87.5,87.43,87.45,1046,0
2017-04-07,17:15:00,87.42,87.47,87.4,87.454,1993,0
2017-04-07,17:20:00,87.4977,87.4977,87.4977,87.4977,192,0
2017-04-07,17:25:00,87.5074,87.5596,87.4977,87.5596,845,0
2017-04-07,17:30:00,87.5635,87.5635,87.4956,87.4956,1019,0
2017-04-07,17:35:00,87.434,87.47,87.434,87.47,580,0
2017-04-07,17:40:00,87.4683,87.4683,87.4683,87.4683,175,0
2017-04-07,17:45:00,87.4399,87.44,87.4093,87.44,1584,0
2017-04-07,17:55:00,87.495,87.495,87.48,87.48,411,0
2017-04-07,18:00:00,87.485,87.5,87.464,87.464,9218,0
2017-04-07,18:05:00,87.44,87.5,87.44,87.5,1863,0
2017-04-07,18:15:00,87.5553,87.5553,87.5553,87.5553,150,0
2017-04-07,18:20:00,87.5371,87.5371,87.5371,87.5371,1000,0
2017-04-07,18:25:00,87.55,87.56,87.53,87.53,525,0
2017-04-07,18:35:00,87.58,87.6,87.575,87.6,770,0
2017-04-07,18:40:00,87.611,87.63,87.59,87.59,1414,0
2017-04-07,18:45:00,87.611,87.611,87.6025,87.6025,1114,0
2017-04-07,18:55:00,87.6081,87.64,87.6,87.64,1675,0
2017-04-07,19:00:00,87.635,87.66,87.635,87.66,1453,0
2017-04-07,19:05:00,87.6403,87.655,87.6,87.6,570,0
2017-04-07,19:10:00,87.6,87.6264,87.584,87.6264,2135,0
2017-04-07,19:15:00,87.62,87.62,87.61,87.62,444,0
2017-04-07,19:25:00,87.6,87.6,87.6,87.6,100,0
2017-04-07,19:30:00,87.6,87.67,87.6,87.67,400,0
2017-04-07,19:35:00,87.685,87.71,87.685,87.71,592,0
2017-04-07,19:40:00,87.64,87.6402,87.614,87.6402,797,0
2017-04-07,19:50:00,87.63,87.63,87.63,87.63,400,0
2017-04-07,19:55:00,87.58,87.6,87.58,87.598,468,0
2017-04-07,20:00:00,87.61,87.625,87.61,87.61,937,0
2017-04-07,20:05:00,87.63,87.67,87.63,87.653,1000,0
2017-04-07,20:10:00,87.6786,87.6786,87.6548,87.66,4219,0
2017-04-07,20:15:00,87.655,87.7,87.65,87.6575,4220,0
2017-04-07,20:20:00,87.667,87.667,87.667,87.667,200,0
2017-04-07,20:25:00,87.6599,87.67,87.6483,87.6661,1285,0
2017-04-07,20:30:00,87.64,87.64,87.64,87.64,130,0
2017-04-07,20:35:00,87.6,87.6,87.6,87.6,100,0
2017-04-07,20:40:00,87.62,87.62,87.615,87.615,231,0
2017-04-07,20:45:00,87.6098,87.62,87.59,87.62,587,0
2017-04-07,20:50:00,87.61,87.61,87.58,87.58,873,0
2017-04-07,20:55:00,87.59,87.59,87.55,87.5711,3052,0
2017-04-07,21:00:00,87.58,87.58,87.54,87.54,1730,0
2017-04-07,21:05:00,87.53,87.53,87.53,87.53,228,0
2017-04-07,21:10:00,87.568,87.58,87.5398,87.5398,824,0
2017-04-07,21:15:00,87.57,87.61,87.57,87.61,505,0
2017-04-07,21:20:00,87.6042,87.6042,87.6042,87.6042,225,0
2017-04-07,21:25:00,87.58,87.6083,87.58,87.6083,300,0
2017-04-07,21:30:00,87.56,87.56,87.56,87.56,1112,0
2017-04-07,21:35:00,87.56,87.56,87.48,87.48,1763,0
2017-04-07,21:40:00,87.4801,87.55,87.4774,87.55,31474,0
2017-04-07,21:45:00,87.5552,87.5552,87.545,87.55,1036,0
2017-04-07,21:50:00,87.53,87.53,87.52,87.52,780,0
2017-04-07,21:55:00,87.56,87.56,87.53,87.53,670,0
2017-04-07,22:00:00,87.56,87.6,87.51,87.53,12006,0
2017-04-10,15:35:00,87.61,87.77,87.61,87.64,8550,0
2017-04-10,15:40:00,87.702,87.702,87.702,87.702,120,0
2017-04-10,15:45:00,87.8,87.8804,87.8,87.84,1005,0
2017-04-10,15:50:00,87.88,87.924,87.88,87.88,583,0
2017-04-10,15:55:00,87.89,87.89,87.89,87.89,463,0
2017-04-10,16:00:00,87.91,87.96,87.9064,87.94,4404,0
2017-04-10,16:05:00,87.8997,87.8997,87.8997,87.8997,200,0
2017-04-10,16:10:00,88,88,87.96,87.96,1514,0
2017-04-10,16:15:00,87.92,87.94,87.92,87.94,211,0
2017-04-10,16:20:00,87.93,87.955,87.93,87.955,900,0
2017-04-10,16:25:00,87.95,87.99,87.95,87.99,200,0
2017-04-10,16:30:00,87.9828,87.985,87.97,87.97,406,0
2017-04-10,16:35:00,88.03,88.0892,88.03,88.0892,600,0
2017-04-10,16:40:00,88.09,88.1111,88.06,88.06,600,0
2017-04-10,16:45:00,87.9848,88.01,87.983,88,1069,0
2017-04-10,16:50:00,88.0302,88.05,87.9995,87.9995,1184,0
2017-04-10,16:55:00,87.995,87.995,87.987,87.987,825,0
2017-04-10,17:00:00,87.96,87.96,87.89,87.89,2200,0
2017-04-10,17:05:00,87.86,87.86,87.86,87.86,600,0
2017-04-10,17:10:00,87.85,87.8501,87.83,87.84,864,0
2017-04-10,17:15:00,87.8799,87.89,87.8799,87.89,382,0
2017-04-10,17:20:00,87.9132,87.9276,87.9,87.9,1370,0
2017-04-10,17:25:00,87.9062,87.93,87.9062,87.9227,1082,0
2017-04-10,17:30:00,87.91,87.9367,87.91,87.926,2417,0
2017-04-10,17:35:00,87.9,87.9,87.73,87.74,2039,0
2017-04-10,17:40:00,87.74,87.75,87.73,87.75,2350,0
2017-04-10,17:45:00,87.68,87.68,87.6,87.6484,1563,0
2017-04-10,17:50:00,87.6353,87.65,87.6353,87.65,535,0
2017-04-10,17:55:00,87.6995,87.7373,87.68,87.7373,1324,0
2017-04-10,18:00:00,87.69,87.7,87.69,87.7,200,0
2017-04-10,18:05:00,87.71,87.711,87.67,87.711,1509,0
2017-04-10,18:10:00,87.7,87.71,87.683,87.683,552,0
2017-04-10,18:15:00,87.63,87.63,87.5,87.51,7582,0
2017-04-10,18:20:00,87.49,87.52,87.49,87.52,815,0
2017-04-10,18:25:00,87.51,87.53,87.4968,87.53,773,0
2017-04-10,18:30:00,87.5,87.5732,87.487,87.57,2674,0
2017-04-10,18:35:00,87.56,87.63,87.54,87.63,1841,0
2017-04-10,18:40:00,87.61,87.62,87.61,87.62,300,0
2017-04-10,18:45:00,87.67,87.684,87.67,87.684,2953,0
2017-04-10,18:50:00,87.66,87.75,87.66,87.75,1081,0
2017-04-10,18:55:00,87.78,87.8295,87.78,87.8295,784,0
2017-04-10,19:00:00,87.82,87.82,87.81,87.82,1400,0
2017-04-10,19:05:00,87.83,87.83,87.8,87.8035,1175,0
2017-04-10,19:10:00,87.81,87.8603,87.81,87.85,1225,0
2017-04-10,19:15:00,87.82,87.84,87.82,87.8395,693,0
2017-04-10,19:20:00,87.8,87.82,87.8,87.82,200,0
2017-04-10,19:25:00,87.8252,87.83,87.8252,87.83,713,0
2017-04-10,19:30:00,87.84,87.84,87.81,87.82,1721,0
2017-04-10,19:35:00,87.8221,87.85,87.8221,87.84,7834,0
2017-04-10,19:40:00,87.85,87.92,87.85,87.9028,4232,0
2017-04-10,19:45:00,87.9,87.92,87.9,87.9,2300,0
2017-04-10,19:50:00,87.9104,87.9104,87.89,87.8932,1485,0
2017-04-10,19:55:00,87.88,87.88,87.865,87.865,644,0
2017-04-10,20:00:00,87.88,87.8932,87.88,87.88,3084,0
2017-04-10,20:05:00,87.907,87.907,87.77,87.775,2609,0
2017-04-10,20:10:00,87.7677,87.7901,87.7677,87.77,1369,0
2017-04-10,20:15:00,87.7602,87.83,87.7602,87.83,5858,0
2017-04-10,20:20:00,87.82,87.82,87.813,87.82,2033,0
2017-04-10,20:25:00,87.8233,87.8233,87.8233,87.8233,200,0
2017-04-10,20:30:00,87.78,87.79,87.723,87.723,897,0
2017-04-10,20:35:00,87.7401,87.75,87.7401,87.75,1517,0
2017-04-10,20:40:00,87.75,87.75,87.72,87.72,7257,0
2017-04-10,20:45:00,87.7464,87.78,87.7464,87.78,397,0
2017-04-10,20:50:00,87.81,87.8221,87.81,87.8221,350,0
2017-04-10,20:55:00,87.83,87.83,87.82,87.82,300,0
2017-04-10,21:00:00,87.8399,87.8399,87.8256,87.8256,850,0
2017-04-10,21:05:00,87.86,87.86,87.81,87.81,241,0
2017-04-10,21:10:00,87.85,87.897,87.85,87.8783,922,0
2017-04-10,21:15:00,87.8239,87.8254,87.8209,87.8254,502,0
2017-04-10,21:20:00,87.83,87.84,87.79,87.79,657,0
2017-04-10,21:25:00,87.78,87.78,87.68,87.7,3175,0
2017-04-10,21:35:00,87.7,87.71,87.67,87.71,25490,0
2017-04-10,21:40:00,87.75,87.76,87.73,87.76,25809,0
2017-04-10,21:45:00,87.74,87.74,87.6872,87.7023,1271,0
2017-04-10,21:50:00,87.6799,87.7,87.6799,87.69,697,0
2017-04-10,21:55:00,87.68,87.685,87.64,87.64,1078,0
2017-04-10,22:00:00,87.64,87.7,87.6368,87.66,18020,0
2017-04-11,15:35:00,87.55,87.55,87.55,87.55,2653,0
2017-04-11,15:40:00,87.77,87.77,87.59,87.59,1224,0
2017-04-11,15:45:00,87.5,87.513,87.49,87.49,715,0
2017-04-11,15:50:00,87.25,87.31,87.25,87.31,1514,0
2017-04-11,15:55:00,87.27,87.38,87.22,87.33,2172,0
2017-04-11,16:00:00,87.308,87.308,87.2,87.2,1542,0
2017-04-11,16:05:00,87.4,87.52,87.4,87.51,5300,0
2017-04-11,16:10:00,87.5684,87.5684,87.44,87.44,1500,0
2017-04-11,16:15:00,87.46,87.46,87.39,87.43,2502,0
2017-04-11,16:20:00,87.4039,87.42,87.34,87.42,2147,0
2017-04-11,16:25:00,87.36,87.36,87.22,87.22,540,0
2017-04-11,16:30:00,87.2,87.33,87.2,87.33,601,0
2017-04-11,16:35:00,87.3175,87.3175,87.07,87.07,4197,0
2017-04-11,16:40:00,87.12,87.15,87.0935,87.15,1256,0
2017-04-11,16:45:00,87.0222,87.05,86.9364,86.97,3124,0
2017-04-11,16:50:00,87.05,87.08,87.018,87.018,3200,0
2017-04-11,16:55:00,87.05,87.05,86.95,86.99,1088,0
2017-04-11,17:00:00,87.02,87.02,86.9683,87.01,2823,0
2017-04-11,17:05:00,87.03,87.0609,86.94,87.0609,23057,0
2017-04-11,17:10:00,87.1,87.1,87.1,87.1,200,0
2017-04-11,17:15:00,87.02,87.02,86.94,86.94,500,0
2017-04-11,17:20:00,86.96,86.9883,86.96,86.9609,432,0
2017-04-11,17:25:00,87.01,87.019,86.99,86.99,808,0
2017-04-11,17:30:00,86.96,86.97,86.91,86.97,4337,0
2017-04-11,17:35:00,86.99,87.1,86.963,87.08,2564,0
2017-04-11,17:40:00,87.119,87.18,87.119,87.1758,2380,0
2017-04-11,17:45:00,87.14,87.14,87.094,87.12,1588,0
2017-04-11,17:50:00,87.07,87.2,87.07,87.16,1390,0
2017-04-11,17:55:00,87.132,87.22,87.132,87.22,794,0
2017-04-11,18:00:00,87.22,87.24,87.19,87.19,1748,0
2017-04-11,18:05:00,87.1681,87.1681,87.1681,87.1681,137,0
2017-04-11,18:10:00,87.17,87.19,87.17,87.19,480,0
2017-04-11,18:15:00,87.19,87.27,87.19,87.27,600,0
2017-04-11,18:20:00,87.3344,87.37,87.3344,87.36,3845,0
2017-04-11,18:25:00,87.475,87.475,87.42,87.42,1914,0
2017-04-11,18:30:00,87.42,87.42,87.42,87.42,200,0
2017-04-11,18:35:00,87.45,87.48,87.45,87.48,350,0
2017-04-11,18:40:00,87.45,87.46,87.45,87.46,200,0
2017-04-11,18:45:00,87.414,87.414,87.414,87.414,300,0
2017-04-11,18:50:00,87.43,87.43,87.43,87.43,300,0
2017-04-11,18:55:00,87.4766,87.4968,87.4766,87.4968,909,0
2017-04-11,19:00:00,87.5192,87.5192,87.5192,87.5192,200,0
2017-04-11,19:05:00,87.522,87.568,87.522,87.568,1116,0
2017-04-11,19:10:00,87.58,87.58,87.56,87.5728,601,0
2017-04-11,19:15:00,87.569,87.569,87.521,87.5298,400,0
2017-04-11,19:20:00,87.4974,87.4974,87.46,87.46,453,0
2017-04-11,19:25:00,87.4847,87.53,87.4847,87.5,669,0
2017-04-11,19:30:00,87.49,87.49,87.4865,87.4865,379,0
2017-04-11,19:35:00,87.4739,87.4869,87.466,87.4869,787,0
2017-04-11,19:40:00,87.5,87.5,87.5,87.5,677,0
2017-04-11,19:45:00,87.4468,87.4482,87.4,87.4,952,0
2017-04-11,19:50:00,87.43,87.4301,87.43,87.4301,747,0
2017-04-11,19:55:00,87.399,87.43,87.399,87.43,1376,0
2017-04-11,20:00:00,87.4136,87.4166,87.38,87.4166,929,0
2017-04-11,20:05:00,87.4618,87.4703,87.4453,87.4703,1692,0
2017-04-11,20:10:00,87.46,87.4665,87.4528,87.4528,656,0
2017-04-11,20:15:00,87.42,87.42,87.325,87.36,1405,0
2017-04-11,20:20:00,87.37,87.4,87.3511,87.39,4234,0
2017-04-11,20:25:00,87.414,87.414,87.414,87.414,125,0
2017-04-11,20:30:00,87.42,87.4399,87.4,87.42,708,0
2017-04-11,20:35:00,87.43,87.4768,87.413,87.43,3237,0
2017-04-11,20:40:00,87.46,87.47,87.44,87.4468,2047,0
2017-04-11,20:45:00,87.39,87.39,87.39,87.39,200,0
2017-04-11,20:50:00,87.39,87.408,87.39,87.408,239,0
2017-04-11,20:55:00,87.402,87.53,87.3932,87.53,3168,0
2017-04-11,21:00:00,87.54,87.54,87.48,87.488,1321,0
2017-04-11,21:05:00,87.48,87.48,87.43,87.47,1244,0
2017-04-11,21:10:00,87.43,87.43,87.38,87.38,2828,0
2017-04-11,21:15:00,87.43,87.43,87.36,87.36,1627,0
2017-04-11,21:20:00,87.35,87.35,87.3,87.3297,1955,0
2017-04-11,21:25:00,87.34,87.38,87.33,87.33,2952,0
2017-04-11,21:30:00,87.36,87.38,87.36,87.38,710,0
2017-04-11,21:35:00,87.38,87.4657,87.38,87.4657,2892,0
2017-04-11,21:40:00,87.45,87.48,87.4326,87.46,2534,0
2017-04-11,21:45:00,87.47,87.47,87.4,87.4,10059,0
2017-04-11,21:50:00,87.3922,87.45,87.3922,87.42,7546,0
2017-04-11,21:55:00,87.4628,87.4731,87.44,87.46,1673,0
2017-04-11,22:00:00,87.46,87.62,87.46,87.62,16979,0
2017-04-12,15:35:00,87.55,87.55,87.36,87.53,6496,0
2017-04-12,15:40:00,87.5,87.71,87.49,87.65,2400,0
2017-04-12,15:45:00,87.69,87.7197,87.61,87.64,4550,0
2017-04-12,15:50:00,87.72,87.72,87.67,87.72,1620,0
2017-04-12,15:55:00,87.71,87.75,87.63,87.75,3114,0
2017-04-12,16:00:00,87.69,87.73,87.66,87.73,2639,0
2017-04-12,16:05:00,87.8,87.8,87.7,87.7,1450,0
2017-04-12,16:15:00,87.7,87.7,87.63,87.64,1116,0
2017-04-12,16:20:00,87.7,87.77,87.69,87.77,891,0
2017-04-12,16:25:00,87.75,87.78,87.75,87.7799,635,0
2017-04-12,16:30:00,87.7001,87.7001,87.68,87.7,578,0
2017-04-12,16:35:00,87.64,87.69,87.63,87.63,1240,0
2017-04-12,16:40:00,87.65,87.68,87.5905,87.61,890,0
2017-04-12,16:45:00,87.6337,87.6337,87.574,87.574,1099,0
2017-04-12,16:50:00,87.5,87.537,87.48,87.5,2737,0
2017-04-12,16:55:00,87.5003,87.54,87.5003,87.52,541,0
2017-04-12,17:00:00,87.56,87.56,87.45,87.45,200,0
2017-04-12,17:05:00,87.4671,87.4671,87.3999,87.4083,920,0
2017-04-12,17:10:00,87.384,87.53,87.384,87.53,1447,0
2017-04-12,17:15:00,87.5199,87.5199,87.51,87.51,300,0
2017-04-12,17:20:00,87.51,87.51,87.47,87.49,513,0
2017-04-12,17:25:00,87.5173,87.52,87.4861,87.4861,427,0
2017-04-12,17:30:00,87.4468,87.45,87.4245,87.4245,580,0
2017-04-12,17:35:00,87.35,87.3595,87.35,87.3595,400,0
2017-04-12,17:40:00,87.3,87.3001,87.2301,87.25,1147,0
2017-04-12,17:45:00,87.245,87.2999,87.245,87.29,1215,0
2017-04-12,17:50:00,87.2504,87.2504,87.2504,87.2504,100,0
2017-04-12,17:55:00,87.2599,87.2599,87.2,87.22,520,0
2017-04-12,18:00:00,87.22,87.29,87.22,87.29,400,0
2017-04-12,18:05:00,87.2702,87.2702,87.2702,87.2702,123,0
2017-04-12,18:10:00,87.26,87.26,87.26,87.26,100,0
2017-04-12,18:15:00,87.3032,87.33,87.3032,87.33,375,0
2017-04-12,18:20:00,87.34,87.3739,87.34,87.3739,457,0
2017-04-12,18:25:00,87.3497,87.36,87.32,87.3298,1391,0
2017-04-12,18:30:00,87.32,87.34,87.3,87.315,1181,0
2017-04-12,18:35:00,87.336,87.336,87.33,87.33,202,0
2017-04-12,18:40:00,87.34,87.35,87.3,87.3,1344,0
2017-04-12,18:45:00,87.301,87.32,87.301,87.32,327,0
2017-04-12,18:50:00,87.3305,87.36,87.3305,87.34,1670,0
2017-04-12,18:55:00,87.3067,87.31,87.24,87.254,3276,0
2017-04-12,19:00:00,87.24,87.283,87.2382,87.283,529,0
2017-04-12,19:05:00,87.29,87.353,87.29,87.353,450,0
2017-04-12,19:10:00,87.329,87.39,87.329,87.39,900,0
2017-04-12,19:15:00,87.37,87.39,87.3653,87.39,2651,0
2017-04-12,19:20:00,87.38,87.38,87.38,87.38,100,0
2017-04-12,19:25:00,87.34,87.3439,87.3,87.32,2142,0
2017-04-12,19:30:00,87.31,87.32,87.305,87.32,783,0
2017-04-12,19:35:00,87.29,87.29,87.28,87.28,600,0
2017-04-12,19:40:00,87.3114,87.39,87.293,87.39,2205,0
2017-04-12,19:45:00,87.3891,87.468,87.3891,87.468,2217,0
2017-04-12,19:50:00,87.46,87.46,87.4202,87.4398,655,0
2017-04-12,19:55:00,87.46,87.46,87.44,87.44,320,0
2017-04-12,20:00:00,87.44,87.54,87.44,87.54,1630,0
2017-04-12,20:05:00,87.535,87.535,87.5044,87.5044,4448,0
2017-04-12,20:10:00,87.5,87.53,87.5,87.5,1361,0
2017-04-12,20:15:00,87.48,87.5,87.48,87.49,756,0
2017-04-12,20:20:00,87.444,87.4605,87.444,87.46,548,0
2017-04-12,20:25:00,87.4485,87.4485,87.43,87.44,456,0
2017-04-12,20:30:00,87.43,87.44,87.4278,87.44,1332,0
2017-04-12,20:35:00,87.48,87.48,87.48,87.48,100,0
2017-04-12,20:40:00,87.465,87.465,87.405,87.405,4161,0
2017-04-12,20:45:00,87.33,87.34,87.3265,87.3265,1250,0
2017-04-12,20:50:00,87.3,87.323,87.3,87.323,907,0
2017-04-12,20:55:00,87.26,87.36,87.26,87.36,3185,0
2017-04-12,21:00:00,87.36,87.3732,87.36,87.3732,2250,0
2017-04-12,21:05:00,87.37,87.37,87.35,87.35,300,0
2017-04-12,21:10:00,87.32,87.34,87.3,87.3,1718,0
2017-04-12,21:15:00,87.32,87.32,87.25,87.26,2296,0
2017-04-12,21:20:00,87.23,87.24,87.16,87.16,2006,0
2017-04-12,21:25:00,87.18,87.32,87.18,87.295,5015,0
2017-04-12,21:30:00,87.25,87.27,87.24,87.27,1307,0
2017-04-12,21:35:00,87.31,87.31,87.31,87.31,100,0
2017-04-12,21:40:00,87.313,87.313,87.27,87.27,2041,0
2017-04-12,21:45:00,87.24,87.24,87.19,87.19,1174,0
2017-04-12,21:50:00,87.2,87.22,87.18,87.18,1744,0
2017-04-12,21:55:00,87.19,87.23,87.19,87.22,1700,0
2017-04-12,22:00:00,87.23,87.26,87.22,87.25,7925,0
2017-04-13,15:35:00,87.13,87.13,86.96,87.08,5176,0
2017-04-13,15:40:00,87.1,87.1848,87.09,87.1848,1081,0
2017-04-13,15:45:00,87.1633,87.1633,87.14,87.1624,500,0
2017-04-13,15:50:00,87.1753,87.1753,87.13,87.165,771,0
2017-04-13,15:55:00,87.25,87.29,87.25,87.26,680,0
2017-04-13,16:00:00,87.33,87.3599,87.33,87.3599,200,0
2017-04-13,16:05:00,87.385,87.48,87.385,87.4306,854,0
2017-04-13,16:10:00,87.36,87.4,87.36,87.4,734,0
2017-04-13,16:15:00,87.46,87.46,87.44,87.44,304,0
2017-04-13,16:20:00,87.4803,87.51,87.48,87.49,1137,0
2017-04-13,16:25:00,87.42,87.4799,87.4,87.47,602,0
2017-04-13,16:30:00,87.45,87.45,87.38,87.38,925,0
2017-04-13,16:35:00,87.405,87.42,87.4,87.42,795,0
2017-04-13,16:40:00,87.4,87.46,87.3975,87.46,953,0
2017-04-13,16:45:00,87.45,87.45,87.45,87.45,100,0
2017-04-13,16:50:00,87.45,87.45,87.41,87.44,1775,0
2017-04-13,16:55:00,87.5,87.51,87.495,87.51,426,0
2017-04-13,17:00:00,87.53,87.55,87.5299,87.55,1000,0
2017-04-13,17:05:00,87.55,87.55,87.53,87.53,200,0
2017-04-13,17:10:00,87.5,87.5,87.49,87.49,200,0
2017-04-13,17:15:00,87.51,87.525,87.48,87.48,638,0
2017-04-13,17:20:00,87.49,87.49,87.45,87.4814,503,0
2017-04-13,17:25:00,87.47,87.51,87.47,87.51,370,0
2017-04-13,17:30:00,87.545,87.545,87.52,87.53,2272,0
2017-04-13,17:35:00,87.52,87.5464,87.52,87.54,316,0
2017-04-13,17:40:00,87.535,87.55,87.523,87.535,2488,0
2017-04-13,17:45:00,87.5159,87.5159,87.48,87.485,742,0
2017-04-13,17:50:00,87.485,87.51,87.47,87.485,612,0
2017-04-13,17:55:00,87.5,87.5008,87.5,87.5008,465,0
2017-04-13,18:00:00,87.525,87.525,87.4908,87.5,466,0
2017-04-13,18:05:00,87.47,87.4764,87.47,87.4764,200,0
2017-04-13,18:10:00,87.3902,87.3902,87.28,87.28,831,0
2017-04-13,18:15:00,87.3488,87.3488,87.3488,87.3488,493,0
2017-04-13,18:20:00,87.34,87.34,87.34,87.34,100,0
2017-04-13,18:25:00,87.3198,87.3198,87.3198,87.3198,160,0
2017-04-13,18:35:00,87.31,87.3361,87.31,87.3361,325,0
2017-04-13,18:40:00,87.33,87.33,87.3098,87.3098,300,0
2017-04-13,18:45:00,87.2729,87.29,87.256,87.29,3091,0
2017-04-13,18:50:00,87.24,87.25,87.213,87.2223,2465,0
2017-04-13,18:55:00,87.255,87.255,87.255,87.255,104,0
2017-04-13,19:00:00,87.23,87.24,87.23,87.24,1000,0
2017-04-13,19:05:00,87.1301,87.1301,87.12,87.12,200,0
2017-04-13,19:10:00,87.1,87.1,87.08,87.08,1000,0
2017-04-13,19:15:00,87.0759,87.1,87.0741,87.0995,4315,0
2017-04-13,19:20:00,87.0659,87.1,87.0659,87.1,2847,0
2017-04-13,19:25:00,87.0786,87.0786,87.0678,87.0678,600,0
2017-04-13,19:30:00,87.06,87.15,87.0594,87.12,2656,0
2017-04-13,19:35:00,87.187,87.187,87.187,87.187,142,0
2017-04-13,19:40:00,87.1578,87.1578,87.1365,87.1365,400,0
2017-04-13,19:45:00,87.1196,87.1196,87.052,87.052,225,0
2017-04-13,19:50:00,86.9544,87,86.9544,87,700,0
2017-04-13,19:55:00,86.97,87.0199,86.97,87.0072,1334,0
2017-04-13,20:00:00,87.035,87.036,86.99,86.99,1227,0
2017-04-13,20:05:00,87.0195,87.0195,87.0039,87.0039,2326,0
2017-04-13,20:10:00,87.07,87.1183,87.07,87.1,3546,0
2017-04-13,20:15:00,87.12,87.12,87.0687,87.0687,1083,0
2017-04-13,20:20:00,87.085,87.085,87.085,87.085,300,0
2017-04-13,20:25:00,87.137,87.137,87.0903,87.115,2451,0
2017-04-13,20:30:00,87.1348,87.166,87.1348,87.1405,2063,0
2017-04-13,20:35:00,87.1305,87.16,87.1305,87.16,892,0
2017-04-13,20:40:00,87.124,87.124,87.1012,87.1012,1521,0
2017-04-13,20:45:00,87.13,87.16,87.13,87.13,3296,0
2017-04-13,20:50:00,87.14,87.14,87.14,87.14,154,0
2017-04-13,20:55:00,87.11,87.1252,87.105,87.1216,2346,0
2017-04-13,21:00:00,87.094,87.14,87.094,87.13,793,0
2017-04-13,21:10:00,87.167,87.167,87.11,87.11,859,0
2017-04-13,21:15:00,87.0829,87.0829,87.0771,87.0771,802,0
2017-04-13,21:20:00,87.03,87.05,86.99,87.04,2480,0
2017-04-13,21:25:00,87.05,87.075,87.04,87.075,9838,0
2017-04-13,21:30:00,87.045,87.0598,87.045,87.0598,659,0
2017-04-13,21:35:00,87.052,87.052,86.99,86.99,1290,0
2017-04-13,21:40:00,86.98,86.98,86.9348,86.9348,575,0
2017-04-13,21:45:00,86.92,86.92,86.8801,86.9,1731,0
2017-04-13,21:50:00,86.89,87.0102,86.89,87,7946,0
2017-04-13,21:55:00,87,87,86.91,86.95,9581,0
2017-04-13,22:00:00,86.95,86.95,86.84,86.86,21245,0
2017-04-17,15:35:00,87.11,87.3,86.995,87.3,5844,0
2017-04-17,15:40:00,87.2905,87.3214,87.16,87.16,2700,0
2017-04-17,15:45:00,87.16,87.16,87.16,87.16,120,0
2017-04-17,15:55:00,87.1333,87.219,87.1333,87.178,891,0
2017-04-17,16:00:00,87.29,87.29,87.29,87.29,286,0
2017-04-17,16:05:00,87.295,87.34,87.295,87.34,400,0
2017-04-17,16:15:00,87.4301,87.44,87.4301,87.44,321,0
2017-04-17,16:20:00,87.51,87.5473,87.5,87.5473,750,0
2017-04-17,16:25:00,87.5558,87.58,87.5064,87.5064,3936,0
2017-04-17,16:30:00,87.47,87.47,87.44,87.44,500,0
2017-04-17,16:35:00,87.4509,87.526,87.4509,87.526,1871,0
2017-04-17,16:40:00,87.4536,87.4536,87.4003,87.42,1649,0
2017-04-17,16:45:00,87.4103,87.43,87.3976,87.42,1714,0
2017-04-17,16:50:00,87.42,87.4864,87.42,87.4767,1285,0
2017-04-17,16:55:00,87.4657,87.5,87.4657,87.4991,1235,0
2017-04-17,17:00:00,87.51,87.51,87.4864,87.51,1983,0
2017-04-17,17:05:00,87.53,87.55,87.52,87.54,1022,0
2017-04-17,17:10:00,87.55,87.5644,87.54,87.54,526,0
2017-04-17,17:15:00,87.53,87.5781,87.53,87.57,1677,0
2017-04-17,17:20:00,87.59,87.61,87.59,87.61,414,0
2017-04-17,17:25:00,87.63,87.63,87.5692,87.5692,335,0
2017-04-17,17:30:00,87.59,87.62,87.59,87.62,848,0
2017-04-17,17:35:00,87.626,87.626,87.626,87.626,211,0
2017-04-17,17:40:00,87.63,87.63,87.63,87.63,100,0
2017-04-17,17:45:00,87.66,87.67,87.634,87.64,713,0
2017-04-17,17:50:00,87.59,87.59,87.59,87.59,300,0
2017-04-17,17:55:00,87.6,87.62,87.6,87.61,500,0
2017-04-17,18:00:00,87.554,87.554,87.545,87.5476,1219,0
2017-04-17,18:05:00,87.53,87.57,87.52,87.57,695,0
2017-04-17,18:10:00,87.57,87.57,87.5583,87.5583,290,0
2017-04-17,18:15:00,87.546,87.546,87.546,87.546,200,0
2017-04-17,18:20:00,87.56,87.5697,87.56,87.5697,200,0
2017-04-17,18:25:00,87.59,87.64,87.59,87.64,200,0
2017-04-17,18:30:00,87.6,87.611,87.6,87.611,642,0
2017-04-17,18:35:00,87.607,87.607,87.607,87.607,184,0
2017-04-17,18:40:00,87.55,87.565,87.54,87.544,955,0
2017-04-17,18:45:00,87.5655,87.6093,87.5655,87.6093,1237,0
2017-04-17,18:50:00,87.62,87.62,87.62,87.62,370,0
2017-04-17,18:55:00,87.57,87.5795,87.56,87.5795,1146,0
2017-04-17,19:00:00,87.58,87.6099,87.58,87.6099,1118,0
2017-04-17,19:05:00,87.6,87.62,87.6,87.61,21612,0
2017-04-17,19:10:00,87.62,87.623,87.6,87.6,9050,0
2017-04-17,19:15:00,87.61,87.61,87.61,87.61,172,0
2017-04-17,19:20:00,87.59,87.6098,87.59,87.6098,545,0
2017-04-17,19:30:00,87.592,87.635,87.592,87.635,414,0
2017-04-17,19:35:00,87.65,87.65,87.65,87.65,100,0
2017-04-17,19:40:00,87.5941,87.61,87.5941,87.61,782,0
2017-04-17,19:45:00,87.6292,87.6292,87.583,87.583,931,0
2017-04-17,19:50:00,87.59,87.6009,87.59,87.6009,6579,0
2017-04-17,20:00:00,87.585,87.585,87.5828,87.5828,320,0
2017-04-17,20:05:00,87.57,87.59,87.57,87.59,400,0
2017-04-17,20:10:00,87.6252,87.6252,87.56,87.56,1510,0
2017-04-17,20:15:00,87.56,87.585,87.56,87.585,944,0
2017-04-17,20:20:00,87.595,87.595,87.595,87.595,100,0
2017-04-17,20:25:00,87.5798,87.61,87.56,87.58,2553,0
2017-04-17,20:30:00,87.6129,87.6129,87.6064,87.6064,255,0
2017-04-17,20:35:00,87.585,87.63,87.5766,87.625,5044,0
2017-04-17,20:40:00,87.63,87.63,87.615,87.63,2234,0
2017-04-17,20:45:00,87.6376,87.6451,87.6376,87.6398,2055,0
2017-04-17,20:50:00,87.65,87.6644,87.641,87.6644,412,0
2017-04-17,20:55:00,87.63,87.66,87.63,87.6405,1788,0
2017-04-17,21:00:00,87.62,87.62,87.59,87.59,2395,0
2017-04-17,21:05:00,87.5848,87.595,87.57,87.57,524,0
2017-04-17,21:10:00,87.6001,87.62,87.6001,87.61,340,0
2017-04-17,21:15:00,87.62,87.67,87.62,87.67,1085,0
2017-04-17,21:20:00,87.68,87.68,87.68,87.68,100,0
2017-04-17,21:25:00,87.76,87.76,87.755,87.755,200,0
2017-04-17,21:30:00,87.76,87.83,87.76,87.83,1280,0
2017-04-17,21:35:00,87.8164,87.8164,87.76,87.7753,2993,0
2017-04-17,21:40:00,87.775,87.8011,87.76,87.79,5262,0
2017-04-17,21:45:00,87.81,87.825,87.8,87.8099,9955,0
2017-04-17,21:50:00,87.81,87.87,87.81,87.87,8658,0
2017-04-17,21:55:00,87.8921,87.93,87.88,87.923,2482,0
2017-04-17,22:00:00,87.93,87.94,87.87,87.92,9730,0
2017-04-18,15:35:00,87.67,87.73,87.56,87.72,5675,0
2017-04-18,15:40:00,87.73,87.88,87.73,87.861,509,0
2017-04-18,15:45:00,87.84,87.84,87.82,87.825,600,0
2017-04-18,15:50:00,87.9099,87.92,87.85,87.88,600,0
2017-04-18,15:55:00,87.89,87.9,87.82,87.85,10920,0
2017-04-18,16:00:00,87.86,88,87.86,88,904,0
2017-04-18,16:05:00,88,88,87.91,87.91,3039,0
2017-04-18,16:10:00,87.82,87.82,87.81,87.81,500,0
2017-04-18,16:15:00,87.82,87.82,87.77,87.77,916,0
2017-04-18,16:20:00,87.78,87.78,87.7,87.7,1012,0
2017-04-18,16:25:00,87.6,87.6287,87.6,87.61,600,0
2017-04-18,16:30:00,87.62,87.64,87.59,87.59,1600,0
2017-04-18,16:35:00,87.5793,87.64,87.5793,87.64,300,0
2017-04-18,16:40:00,87.7,87.7572,87.7,87.751,579,0
2017-04-18,16:45:00,87.7956,87.85,87.77,87.8498,1739,0
2017-04-18,16:50:00,87.8398,87.8398,87.8,87.8,700,0
2017-04-18,16:55:00,87.7632,87.7664,87.75,87.76,1135,0
2017-04-18,17:00:00,87.755,87.8,87.755,87.8,740,0
2017-04-18,17:05:00,87.83,87.8308,87.76,87.76,1472,0
2017-04-18,17:10:00,87.76,87.796,87.76,87.79,537,0
2017-04-18,17:15:00,87.828,87.92,87.828,87.92,1199,0
2017-04-18,17:20:00,87.9164,87.9599,87.883,87.883,1166,0
2017-04-18,17:25:00,87.85,87.8789,87.834,87.86,1271,0
2017-04-18,17:30:00,87.86,87.945,87.86,87.93,900,0
2017-04-18,17:35:00,87.91,87.92,87.79,87.79,1086,0
2017-04-18,17:40:00,87.72,87.7322,87.66,87.66,2236,0
2017-04-18,17:45:00,87.705,87.7101,87.68,87.69,2075,0
2017-04-18,17:50:00,87.66,87.7,87.66,87.66,1377,0
2017-04-18,17:55:00,87.72,87.74,87.666,87.74,2921,0
2017-04-18,18:00:00,87.68,87.69,87.638,87.638,1749,0
2017-04-18,18:05:00,87.59,87.59,87.5129,87.575,1572,0
2017-04-18,18:10:00,87.66,87.66,87.56,87.56,700,0
2017-04-18,18:15:00,87.565,87.5712,87.529,87.56,1697,0
2017-04-18,18:20:00,87.58,87.58,87.52,87.5232,638,0
2017-04-18,18:25:00,87.55,87.57,87.55,87.57,700,0
2017-04-18,18:30:00,87.57,87.57,87.55,87.5648,2234,0
2017-04-18,18:35:00,87.55,87.56,87.53,87.53,2554,0
2017-04-18,18:40:00,87.49,87.53,87.49,87.53,805,0
2017-04-18,18:45:00,87.54,87.558,87.5337,87.558,1422,0
2017-04-18,18:50:00,87.53,87.535,87.473,87.473,2369,0
2017-04-18,18:55:00,87.49,87.5409,87.49,87.52,2365,0
2017-04-18,19:00:00,87.52,87.52,87.47,87.47,1300,0
2017-04-18,19:05:00,87.425,87.425,87.4196,87.4196,1489,0
2017-04-18,19:10:00,87.41,87.45,87.41,87.45,2042,0
2017-04-18,19:15:00,87.44,87.49,87.43,87.4746,6757,0
2017-04-18,19:20:00,87.48,87.5,87.4568,87.48,1003,0
2017-04-18,19:25:00,87.48,87.49,87.48,87.48,1400,0
2017-04-18,19:30:00,87.51,87.5347,87.5098,87.53,1152,0
2017-04-18,19:35:00,87.53,87.5847,87.5,87.5847,21361,0
2017-04-18,19:40:00,87.59,87.6077,87.58,87.59,1975,0
2017-04-18,19:45:00,87.6,87.64,87.6,87.64,590,0
2017-04-18,19:50:00,87.6,87.62,87.6,87.62,978,0
2017-04-18,19:55:00,87.6434,87.6434,87.6378,87.6378,1158,0
2017-04-18,20:00:00,87.6498,87.66,87.62,87.62,1050,0
2017-04-18,20:05:00,87.6498,87.7,87.6498,87.68,1570,0
2017-04-18,20:10:00,87.695,87.7,87.65,87.66,6454,0
2017-04-18,20:15:00,87.66,87.67,87.64,87.64,2858,0
2017-04-18,20:20:00,87.66,87.7,87.66,87.68,1100,0
2017-04-18,20:25:00,87.7,87.7,87.64,87.64,1139,0
2017-04-18,20:30:00,87.63,87.67,87.6273,87.65,3723,0
2017-04-18,20:35:00,87.67,87.68,87.67,87.68,220,0
2017-04-18,20:40:00,87.71,87.74,87.67,87.67,3541,0
2017-04-18,20:45:00,87.673,87.673,87.62,87.62,704,0
2017-04-18,20:50:00,87.56,87.56,87.54,87.55,2619,0
2017-04-18,20:55:00,87.5932,87.5932,87.58,87.58,446,0
2017-04-18,21:00:00,87.58,87.5884,87.55,87.5884,420,0
2017-04-18,21:05:00,87.62,87.62,87.53,87.53,1922,0
2017-04-18,21:10:00,87.56,87.57,87.5428,87.57,1420,0
2017-04-18,21:15:00,87.5661,87.5661,87.54,87.55,1235,0
2017-04-18,21:20:00,87.56,87.62,87.5568,87.6199,2648,0
2017-04-18,21:25:00,87.63,87.65,87.6132,87.6414,2121,0
2017-04-18,21:30:00,87.6699,87.69,87.66,87.66,500,0
2017-04-18,21:35:00,87.66,87.67,87.635,87.66,3910,0
2017-04-18,21:40:00,87.66,87.72,87.66,87.71,8771,0
2017-04-18,21:45:00,87.71,87.77,87.71,87.71,3945,0
2017-04-18,21:50:00,87.715,87.77,87.71,87.77,5122,0
2017-04-18,21:55:00,87.77,87.79,87.7366,87.7366,8955,0
2017-04-18,22:00:00,87.74,87.77,87.69,87.7,65363,0
2017-04-19,15:35:00,87.99,88.14,87.99,88.109,10835,0
2017-04-19,15:40:00,88.17,88.2,88.17,88.2,700,0
2017-04-19,15:45:00,88.236,88.27,88.1459,88.165,22318,0
2017-04-19,15:50:00,88.1759,88.1759,88.15,88.15,369,0
2017-04-19,15:55:00,88.1372,88.22,88.1372,88.22,3965,0
2017-04-19,16:00:00,88.3096,88.359,88.29,88.359,1407,0
2017-04-19,16:05:00,88.338,88.338,88.27,88.27,1443,0
2017-04-19,16:10:00,88.245,88.25,88.234,88.234,3720,0
2017-04-19,16:15:00,88.2528,88.265,88.25,88.25,838,0
2017-04-19,16:20:00,88.26,88.26,88.21,88.21,400,0
2017-04-19,16:25:00,88.22,88.22,88.18,88.2,759,0
2017-04-19,16:30:00,88.25,88.27,88.25,88.27,1363,0
2017-04-19,16:35:00,88.26,88.35,88.235,88.34,1699,0
2017-04-19,16:40:00,88.36,88.37,88.333,88.36,2791,0
2017-04-19,16:45:00,88.32,88.38,88.3171,88.33,814,0
2017-04-19,16:50:00,88.35,88.35,88.27,88.27,3505,0
2017-04-19,16:55:00,88.27,88.31,88.27,88.31,1582,0
2017-04-19,17:00:00,88.32,88.355,88.3,88.355,4033,0
2017-04-19,17:05:00,88.3698,88.3761,88.3698,88.37,1806,0
2017-04-19,17:10:00,88.4,88.4,88.37,88.3733,1361,0
2017-04-19,17:15:00,88.39,88.4268,88.36,88.42,2156,0
2017-04-19,17:20:00,88.44,88.4405,88.4276,88.4276,1821,0
2017-04-19,17:25:00,88.45,88.48,88.435,88.48,1127,0
2017-04-19,17:30:00,88.47,88.5387,88.4563,88.5387,1923,0
2017-04-19,17:35:00,88.51,88.55,88.51,88.53,2730,0
2017-04-19,17:40:00,88.53,88.54,88.52,88.52,1647,0
2017-04-19,17:45:00,88.5235,88.543,88.5235,88.541,2401,0
2017-04-19,17:50:00,88.52,88.52,88.4808,88.4808,1665,0
2017-04-19,17:55:00,88.48,88.4896,88.4554,88.46,2328,0
2017-04-19,18:00:00,88.46,88.46,88.41,88.41,4462,0
2017-04-19,18:05:00,88.425,88.425,88.4,88.4,1500,0
2017-04-19,18:10:00,88.355,88.355,88.3,88.3299,4172,0
2017-04-19,18:15:00,88.31,88.31,88.26,88.26,445,0
2017-04-19,18:20:00,88.2998,88.3335,88.2998,88.3335,3296,0
2017-04-19,18:25:00,88.32,88.38,88.31,88.3699,3532,0
2017-04-19,18:30:00,88.35,88.35,88.32,88.32,1693,0
2017-04-19,18:35:00,88.32,88.325,88.305,88.32,5591,0
2017-04-19,18:40:00,88.34,88.34,88.2847,88.2847,1028,0
2017-04-19,18:45:00,88.346,88.346,88.29,88.29,2180,0
2017-04-19,18:50:00,88.2868,88.2868,88.2868,88.2868,115,0
2017-04-19,18:55:00,88.26,88.27,88.26,88.27,325,0
2017-04-19,19:00:00,88.315,88.318,88.284,88.284,542,0
2017-04-19,19:05:00,88.27,88.27,88.23,88.23,220,0
2017-04-19,19:10:00,88.2125,88.2125,88.16,88.16,1105,0
2017-04-19,19:15:00,88.14,88.14,88.08,88.1338,1087,0
2017-04-19,19:20:00,88.18,88.18,88.18,88.18,2900,0
2017-04-19,19:25:00,88.18,88.24,88.18,88.24,500,0
2017-04-19,19:35:00,88.19,88.208,88.19,88.208,1138,0
2017-04-19,19:40:00,88.19,88.204,88.19,88.204,600,0
2017-04-19,19:45:00,88.2,88.2,88.2,88.2,300,0
2017-04-19,19:50:00,88.2,88.245,88.2,88.245,3184,0
2017-04-19,19:55:00,88.242,88.2798,88.242,88.2798,3045,0
2017-04-19,20:00:00,88.26,88.26,88.225,88.225,3464,0
2017-04-19,20:05:00,88.24,88.2451,88.21,88.22,1995,0
2017-04-19,20:10:00,88.2,88.2,88.1555,88.1555,2852,0
2017-04-19,20:15:00,88.1679,88.1679,88.11,88.11,1592,0
2017-04-19,20:20:00,88.08,88.08,87.99,88.0348,3520,0
2017-04-19,20:25:00,88.03,88.087,88.03,88.04,1577,0
2017-04-19,20:30:00,88.02,88.1386,88.02,88.1386,4823,0
2017-04-19,20:35:00,88.115,88.115,88.115,88.115,100,0
2017-04-19,20:40:00,88.132,88.1322,88.13,88.1313,1188,0
2017-04-19,20:45:00,88.13,88.13,88.1148,88.1148,2413,0
2017-04-19,20:50:00,88.11,88.1229,88.08,88.08,2617,0
2017-04-19,20:55:00,88.04,88.07,87.97,87.99,5426,0
2017-04-19,21:00:00,88.015,88.0232,87.9978,87.9978,646,0
2017-04-19,21:05:00,87.98,88.04,87.96,88.04,4670,0
2017-04-19,21:10:00,88.0227,88.03,87.9761,88.03,1987,0
2017-04-19,21:15:00,88.05,88.06,88.029,88.045,5760,0
2017-04-19,21:20:00,88.05,88.07,88.05,88.07,700,0
2017-04-19,21:25:00,88.08,88.08,88.048,88.048,200,0
2017-04-19,21:30:00,88.02,88.02,87.9632,87.97,4180,0
2017-04-19,21:35:00,87.948,87.948,87.88,87.9,2041,0
2017-04-19,21:40:00,87.9,87.94,87.9,87.9316,1348,0
2017-04-19,21:45:00,87.93,87.94,87.917,87.9369,813,0
2017-04-19,21:50:00,87.9296,87.938,87.9,87.91,15690,0
2017-04-19,21:55:00,87.89,87.9,87.8843,87.9,2424,0
2017-04-19,22:00:00,87.95,88.04,87.95,88.03,10891,0
2017-04-20,15:35:00,88.27,88.37,88.13,88.37,4310,0
2017-04-20,15:40:00,88.35,88.35,88.31,88.3199,356,0
2017-04-20,15:45:00,88.19,88.2,88.15,88.1788,3678,0
2017-04-20,15:50:00,88.2196,88.2196,88.1,88.1,1176,0
2017-04-20,15:55:00,88.113,88.18,88.1048,88.1048,412,0
2017-04-20,16:00:00,88.14,88.14,87.95,87.95,636,0
2017-04-20,16:05:00,88.0042,88.1,88.0042,88.1,399,0
2017-04-20,16:10:00,88.15,88.23,88.13,88.23,5100,0
2017-04-20,16:15:00,88.27,88.29,88.26,88.26,1833,0
2017-04-20,16:20:00,88.28,88.2899,88.25,88.25,1663,0
2017-04-20,16:25:00,88.2547,88.31,88.2547,88.2899,2752,0
2017-04-20,16:30:00,88.276,88.28,88.25,88.25,330,0
2017-04-20,16:35:00,88.26,88.26,88.17,88.17,1124,0
2017-04-20,16:40:00,88.1902,88.1902,88.1583,88.17,1597,0
2017-04-20,16:45:00,88.22,88.22,88.22,88.22,100,0
2017-04-20,16:50:00,88.24,88.255,88.24,88.24,718,0
2017-04-20,16:55:00,88.25,88.2999,88.25,88.2999,1750,0
2017-04-20,17:00:00,88.28,88.317,88.28,88.317,540,0
2017-04-20,17:05:00,88.29,88.29,88.2684,88.2684,987,0
2017-04-20,17:10:00,88.26,88.28,88.26,88.28,1200,0
2017-04-20,17:15:00,88.3383,88.3383,88.3056,88.32,681,0
2017-04-20,17:20:00,88.31,88.35,88.296,88.335,967,0
2017-04-20,17:25:00,88.346,88.38,88.32,88.37,1424,0
2017-04-20,17:30:00,88.38,88.4144,88.38,88.4144,836,0
2017-04-20,17:35:00,88.43,88.43,88.43,88.43,100,0
2017-04-20,17:40:00,88.4064,88.42,88.4056,88.4056,1170,0
2017-04-20,17:45:00,88.41,88.4101,88.41,88.4101,740,0
2017-04-20,17:50:00,88.47,88.5,88.4383,88.5,1138,0
2017-04-20,17:55:00,88.54,88.5499,88.52,88.52,677,0
2017-04-20,18:00:00,88.541,88.541,88.528,88.528,1275,0
2017-04-20,18:05:00,88.52,88.58,88.52,88.58,650,0
2017-04-20,18:10:00,88.5895,88.61,88.5895,88.595,1295,0
2017-04-20,18:15:00,88.66,88.68,88.6496,88.6496,958,0
2017-04-20,18:20:00,88.64,88.64,88.64,88.64,100,0
2017-04-20,18:25:00,88.69,88.69,88.64,88.64,790,0
2017-04-20,18:30:00,88.65,88.65,88.617,88.617,765,0
2017-04-20,18:35:00,88.637,88.645,88.637,88.645,798,0
2017-04-20,18:40:00,88.65,88.665,88.6362,88.665,1345,0
2017-04-20,18:45:00,88.6762,88.7,88.6762,88.7,775,0
2017-04-20,18:50:00,88.72,88.73,88.72,88.73,200,0
2017-04-20,18:55:00,88.72,88.75,88.72,88.7432,920,0
2017-04-20,19:00:00,88.725,88.725,88.68,88.68,535,0
2017-04-20,19:05:00,88.7,88.72,88.685,88.72,704,0
2017-04-20,19:10:00,88.6895,88.69,88.6808,88.683,515,0
2017-04-20,19:15:00,88.68,88.68,88.68,88.68,2249,0
2017-04-20,19:20:00,88.68,88.68,88.6202,88.6202,2138,0
2017-04-20,19:25:00,88.597,88.62,88.597,88.62,300,0
2017-04-20,19:30:00,88.63,88.63,88.63,88.63,351,0
2017-04-20,19:35:00,88.665,88.665,88.665,88.665,155,0
2017-04-20,19:40:00,88.7,88.7,88.62,88.68,6600,0
2017-04-20,19:45:00,88.71,88.71,88.71,88.71,400,0
2017-04-20,19:50:00,88.705,88.7462,88.705,88.7111,7503,0
2017-04-20,19:55:00,88.76,88.76,88.73,88.73,935,0
2017-04-20,20:00:00,88.79,88.79,88.7402,88.75,951,0
2017-04-20,20:05:00,88.7401,88.7498,88.72,88.72,1502,0
2017-04-20,20:10:00,88.74,88.76,88.72,88.72,1770,0
2017-04-20,20:15:00,88.73,88.75,88.7195,88.75,1493,0
2017-04-20,20:20:00,88.7232,88.7298,88.7232,88.7298,244,0
2017-04-20,20:25:00,88.72,88.75,88.72,88.7383,573,0
2017-04-20,20:30:00,88.7531,88.768,88.7484,88.75,2767,0
2017-04-20,20:35:00,88.73,88.74,88.692,88.73,1852,0
2017-04-20,20:40:00,88.722,88.7528,88.722,88.75,2551,0
2017-04-20,20:45:00,88.7217,88.7217,88.6851,88.6851,836,0
2017-04-20,20:50:00,88.68,88.7,88.68,88.7,877,0
2017-04-20,20:55:00,88.712,88.7436,88.71,88.71,1985,0
2017-04-20,21:00:00,88.748,88.748,88.74,88.745,358,0
2017-04-20,21:05:00,88.71,88.71,88.665,88.6859,713,0
2017-04-20,21:10:00,88.7001,88.72,88.7001,88.71,1454,0
2017-04-20,21:15:00,88.71,88.74,88.71,88.74,512,0
2017-04-20,21:20:00,88.734,88.734,88.7,88.7,700,0
2017-04-20,21:25:00,88.6799,88.6799,88.61,88.62,1702,0
2017-04-20,21:30:00,88.6399,88.67,88.6399,88.67,500,0
2017-04-20,21:35:00,88.71,88.71,88.7,88.7,500,0
2017-04-20,21:40:00,88.69,88.71,88.65,88.71,4194,0
2017-04-20,21:45:00,88.68,88.74,88.68,88.73,3504,0
2017-04-20,21:50:00,88.73,88.74,88.7,88.72,6006,0
2017-04-20,21:55:00,88.73,88.77,88.71,88.74,5480,0
2017-04-20,22:00:00,88.73,88.77,88.63,88.63,14360,0
2017-04-21,15:35:00,88.78,88.78,88.6599,88.6599,10030,0
2017-04-21,15:40:00,88.51,88.55,88.5032,88.535,1271,0
2017-04-21,15:45:00,88.636,88.636,88.6,88.6353,670,0
2017-04-21,15:50:00,88.631,88.631,88.6,88.6,425,0
2017-04-21,15:55:00,88.545,88.545,88.545,88.545,100,0
2017-04-21,16:00:00,88.5534,88.56,88.5534,88.56,300,0
2017-04-21,16:05:00,88.6,88.6,88.5,88.5,1523,0
2017-04-21,16:10:00,88.55,88.55,88.5,88.5,940,0
2017-04-21,16:15:00,88.557,88.58,88.54,88.58,1750,0
2017-04-21,16:20:00,88.586,88.6,88.5617,88.57,1633,0
2017-04-21,16:25:00,88.595,88.65,88.595,88.635,1074,0
2017-04-21,16:30:00,88.62,88.62,88.575,88.61,915,0
2017-04-21,16:35:00,88.55,88.55,88.51,88.51,200,0
2017-04-21,16:40:00,88.5,88.5,88.47,88.47,398,0
2017-04-21,16:45:00,88.48,88.51,88.46,88.49,760,0
2017-04-21,16:50:00,88.5,88.5,88.4402,88.4402,2035,0
2017-04-21,16:55:00,88.437,88.44,88.4235,88.4344,1430,0
2017-04-21,17:00:00,88.39,88.4,88.37,88.39,19581,0
2017-04-21,17:05:00,88.39,88.4,88.37,88.37,865,0
2017-04-21,17:10:00,88.38,88.4,88.38,88.4,845,0
2017-04-21,17:15:00,88.3453,88.36,88.293,88.293,4208,0
2017-04-21,17:20:00,88.33,88.45,88.33,88.43,2878,0
2017-04-21,17:25:00,88.4401,88.46,88.404,88.404,3435,0
2017-04-21,17:30:00,88.425,88.5,88.425,88.486,1704,0
2017-04-21,17:35:00,88.47,88.5,88.47,88.4817,800,0
2017-04-21,17:40:00,88.51,88.51,88.485,88.5,571,0
2017-04-21,17:45:00,88.4708,88.55,88.4708,88.55,1650,0
2017-04-21,17:50:00,88.54,88.56,88.53,88.53,4900,0
2017-04-21,17:55:00,88.52,88.52,88.52,88.52,100,0
2017-04-21,18:00:00,88.59,88.59,88.59,88.59,200,0
2017-04-21,18:05:00,88.5999,88.6104,88.5999,88.6001,2585,0
2017-04-21,18:10:00,88.57,88.5998,88.56,88.5998,400,0
2017-04-21,18:15:00,88.6,88.61,88.55,88.55,1388,0
2017-04-21,18:25:00,88.52,88.52,88.5,88.5153,300,0
2017-04-21,18:30:00,88.54,88.55,88.54,88.54,554,0
2017-04-21,18:35:00,88.5032,88.577,88.5032,88.577,894,0
2017-04-21,18:40:00,88.5595,88.5595,88.54,88.5429,1104,0
2017-04-21,18:45:00,88.5599,88.57,88.5447,88.57,1312,0
2017-04-21,18:50:00,88.54,88.54,88.51,88.5105,371,0
2017-04-21,18:55:00,88.53,88.53,88.53,88.53,500,0
2017-04-21,19:00:00,88.5,88.5,88.5,88.5,100,0
2017-04-21,19:05:00,88.51,88.51,88.51,88.51,100,0
2017-04-21,19:10:00,88.5171,88.5171,88.47,88.49,1771,0
2017-04-21,19:15:00,88.46,88.46,88.355,88.385,2328,0
2017-04-21,19:20:00,88.37,88.37,88.37,88.37,100,0
2017-04-21,19:25:00,88.37,88.4,88.37,88.4,500,0
2017-04-21,19:30:00,88.387,88.4,88.387,88.3938,824,0
2017-04-21,19:35:00,88.41,88.41,88.38,88.38,425,0
2017-04-21,19:40:00,88.3491,88.37,88.325,88.325,1979,0
2017-04-21,19:45:00,88.33,88.33,88.33,88.33,100,0
2017-04-21,19:50:00,88.38,88.41,88.3695,88.41,2623,0
2017-04-21,19:55:00,88.41,88.43,88.4057,88.4057,850,0
2017-04-21,20:00:00,88.44,88.55,88.44,88.522,3314,0
2017-04-21,20:05:00,88.52,88.52,88.51,88.51,450,0
2017-04-21,20:10:00,88.5205,88.5304,88.51,88.51,715,0
2017-04-21,20:15:00,88.53,88.54,88.5202,88.54,1020,0
2017-04-21,20:20:00,88.5283,88.5283,88.5136,88.5153,1439,0
2017-04-21,20:25:00,88.5,88.53,88.4805,88.51,989,0
2017-04-21,20:30:00,88.5772,88.5899,88.55,88.55,2696,0
2017-04-21,20:35:00,88.55,88.567,88.5479,88.5479,340,0
2017-04-21,20:40:00,88.53,88.55,88.53,88.53,5200,0
2017-04-21,20:45:00,88.52,88.52,88.47,88.4898,1278,0
2017-04-21,20:50:00,88.487,88.49,88.47,88.47,700,0
2017-04-21,20:55:00,88.4458,88.47,88.433,88.47,1290,0
2017-04-21,21:00:00,88.46,88.49,88.46,88.4798,300,0
2017-04-21,21:05:00,88.475,88.475,88.4371,88.4371,752,0
2017-04-21,21:10:00,88.45,88.45,88.4,88.4,1100,0
2017-04-21,21:15:00,88.42,88.46,88.42,88.46,700,0
2017-04-21,21:20:00,88.48,88.48,88.4641,88.4685,1563,0
2017-04-21,21:25:00,88.45,88.46,88.44,88.46,1095,0
2017-04-21,21:30:00,88.46,88.49,88.45,88.49,1105,0
2017-04-21,21:35:00,88.49,88.51,88.46,88.48,3202,0
2017-04-21,21:40:00,88.46,88.51,88.46,88.5,3663,0
2017-04-21,21:45:00,88.51,88.55,88.5,88.5,4576,0
2017-04-21,21:50:00,88.54,88.56,88.53,88.55,3911,0
2017-04-21,21:55:00,88.55,88.56,88.54,88.55,5666,0
2017-04-21,22:00:00,88.55,88.56,88.51,88.52,17669,0
2017-04-24,15:35:00,89.35,89.49,89.35,89.375,14407,0
2017-04-24,15:40:00,89.47,89.5,89.31,89.5,5491,0
2017-04-24,15:45:00,89.5,89.5,89.405,89.4225,2450,0
2017-04-24,15:50:00,89.462,89.462,89.38,89.38,1500,0
2017-04-24,15:55:00,89.394,89.465,89.394,89.4442,3620,0
2017-04-24,16:00:00,89.474,89.48,89.45,89.48,1369,0
2017-04-24,16:05:00,89.5,89.53,89.47,89.53,1349,0
2017-04-24,16:10:00,89.54,89.54,89.485,89.4899,638,0
2017-04-24,16:15:00,89.47,89.486,89.47,89.486,225,0
2017-04-24,16:20:00,89.49,89.5,89.4695,89.5,1684,0
2017-04-24,16:25:00,89.51,89.5353,89.496,89.51,2643,0
2017-04-24,16:30:00,89.47,89.4853,89.46,89.4853,2990,0
2017-04-24,16:35:00,89.53,89.53,89.47,89.47,501,0
2017-04-24,16:40:00,89.41,89.459,89.41,89.459,6539,0
2017-04-24,16:45:00,89.457,89.4736,89.457,89.46,2130,0
2017-04-24,16:50:00,89.44,89.4961,89.4293,89.4961,1833,0
2017-04-24,16:55:00,89.47,89.52,89.47,89.51,5391,0
2017-04-24,17:00:00,89.535,89.535,89.535,89.535,100,0
2017-04-24,17:05:00,89.5295,89.53,89.485,89.5099,2213,0
2017-04-24,17:10:00,89.53,89.53,89.48,89.5,925,0
2017-04-24,17:15:00,89.54,89.54,89.48,89.48,2371,0
2017-04-24,17:20:00,89.45,89.47,89.424,89.44,1604,0
2017-04-24,17:25:00,89.4535,89.4535,89.4372,89.44,844,0
2017-04-24,17:30:00,89.441,89.441,89.441,89.441,500,0
2017-04-24,17:35:00,89.4398,89.4634,89.4398,89.4634,1700,0
2017-04-24,17:40:00,89.4547,89.5,89.4547,89.48,4773,0
2017-04-24,17:45:00,89.4857,89.4857,89.4368,89.4368,665,0
2017-04-24,17:50:00,89.49,89.509,89.48,89.48,929,0
2017-04-24,17:55:00,89.505,89.505,89.4589,89.4589,725,0
2017-04-24,18:00:00,89.4412,89.47,89.435,89.435,1287,0
2017-04-24,18:05:00,89.46,89.53,89.45,89.53,1650,0
2017-04-24,18:10:00,89.52,89.52,89.47,89.47,700,0
2017-04-24,18:15:00,89.52,89.565,89.52,89.54,724,0
2017-04-24,18:20:00,89.5362,89.55,89.53,89.53,603,0
2017-04-24,18:25:00,89.55,89.55,89.535,89.5405,701,0
2017-04-24,18:30:00,89.5797,89.5798,89.5797,89.5798,1175,0
2017-04-24,18:35:00,89.55,89.5629,89.54,89.5466,1484,0
2017-04-24,18:40:00,89.58,89.6,89.58,89.595,1059,0
2017-04-24,18:45:00,89.58,89.58,89.58,89.58,100,0
2017-04-24,18:50:00,89.57,89.59,89.565,89.565,775,0
2017-04-24,18:55:00,89.58,89.58,89.5683,89.57,886,0
2017-04-24,19:00:00,89.5398,89.55,89.5015,89.55,1222,0
2017-04-24,19:15:00,89.57,89.57,89.549,89.57,1152,0
2017-04-24,19:20:00,89.55,89.5595,89.541,89.5595,2849,0
2017-04-24,19:25:00,89.565,89.565,89.528,89.56,1692,0
2017-04-24,19:30:00,89.565,89.586,89.565,89.586,400,0
2017-04-24,19:35:00,89.56,89.56,89.55,89.55,200,0
2017-04-24,19:40:00,89.568,89.568,89.53,89.545,532,0
2017-04-24,19:45:00,89.53,89.53,89.515,89.527,505,0
2017-04-24,19:50:00,89.5002,89.5126,89.5002,89.5126,2297,0
2017-04-24,19:55:00,89.5233,89.5233,89.4858,89.4858,778,0
2017-04-24,20:00:00,89.4864,89.52,89.4864,89.52,770,0
2017-04-24,20:05:00,89.52,89.52,89.5,89.5,260,0
2017-04-24,20:10:00,89.5101,89.52,89.505,89.51,950,0
2017-04-24,20:15:00,89.5,89.5,89.4554,89.4554,1130,0
2017-04-24,20:20:00,89.49,89.55,89.49,89.55,4247,0
2017-04-24,20:25:00,89.5495,89.5495,89.5495,89.5495,150,0
2017-04-24,20:30:00,89.56,89.56,89.5302,89.5302,538,0
2017-04-24,20:35:00,89.5573,89.5573,89.54,89.55,467,0
2017-04-24,20:40:00,89.5247,89.53,89.5247,89.53,478,0
2017-04-24,20:45:00,89.5378,89.5378,89.5378,89.5378,161,0
2017-04-24,20:50:00,89.55,89.55,89.53,89.55,600,0
2017-04-24,20:55:00,89.54,89.58,89.54,89.5527,6686,0
2017-04-24,21:00:00,89.557,89.57,89.53,89.57,1100,0
2017-04-24,21:05:00,89.58,89.6,89.57,89.5916,2291,0
2017-04-24,21:10:00,89.61,89.655,89.61,89.655,3717,0
2017-04-24,21:15:00,89.6567,89.67,89.6567,89.67,2700,0
2017-04-24,21:20:00,89.68,89.68,89.615,89.615,3471,0
2017-04-24,21:25:00,89.62,89.65,89.6105,89.6315,1403,0
2017-04-24,21:30:00,89.6391,89.6682,89.63,89.6682,911,0
2017-04-24,21:35:00,89.67,89.68,89.64,89.64,5566,0
2017-04-24,21:40:00,89.63,89.7,89.63,89.69,2705,0
2017-04-24,21:45:00,89.69,89.7,89.66,89.6808,4049,0
2017-04-24,21:50:00,89.68,89.7,89.65,89.66,6215,0
2017-04-24,21:55:00,89.67,89.6807,89.62,89.62,4811,0
2017-04-24,22:00:00,89.63,89.6599,89.61,89.65,12519,0
2017-04-25,15:35:00,90.11,90.22,90.03,90.22,31431,0
2017-04-25,15:40:00,90.23,90.24,90.08,90.22,3999,0
2017-04-25,15:45:00,90.26,90.26,90.18,90.18,4862,0
2017-04-25,15:50:00,90.21,90.28,90.21,90.26,13800,0
2017-04-25,15:55:00,90.2499,90.26,90.15,90.2,7786,0
2017-04-25,16:00:00,90.21,90.24,90.19,90.21,5058,0
2017-04-25,16:05:00,90.19,90.2696,90.1847,90.2666,2796,0
2017-04-25,16:10:00,90.28,90.3495,90.27,90.3495,3097,0
2017-04-25,16:15:00,90.35,90.39,90.3423,90.39,900,0
2017-04-25,16:20:00,90.335,90.35,90.3,90.3,1350,0
2017-04-25,16:25:00,90.305,90.305,90.27,90.2918,2381,0
2017-04-25,16:30:00,90.3,90.34,90.2868,90.3264,4797,0
2017-04-25,16:35:00,90.32,90.34,90.29,90.34,715,0
2017-04-25,16:40:00,90.3298,90.37,90.3298,90.3328,2363,0
2017-04-25,16:45:00,90.305,90.305,90.2463,90.26,3160,0
2017-04-25,16:50:00,90.2586,90.2586,90.2292,90.2292,2600,0
2017-04-25,16:55:00,90.227,90.227,90.2,90.2032,2100,0
2017-04-25,17:00:00,90.23,90.249,90.22,90.22,3560,0
2017-04-25,17:05:00,90.2,90.23,90.19,90.21,2587,0
2017-04-25,17:10:00,90.21,90.3,90.21,90.28,847,0
2017-04-25,17:15:00,90.33,90.34,90.3216,90.3216,376,0
2017-04-25,17:20:00,90.34,90.395,90.34,90.395,1036,0
2017-04-25,17:25:00,90.4,90.4,90.3601,90.3868,1542,0
2017-04-25,17:30:00,90.386,90.386,90.33,90.3563,1551,0
2017-04-25,17:35:00,90.375,90.43,90.35,90.43,951,0
2017-04-25,17:40:00,90.43,90.45,90.4166,90.445,1814,0
2017-04-25,17:45:00,90.4411,90.5,90.4411,90.5,786,0
2017-04-25,17:50:00,90.5003,90.53,90.478,90.497,3758,0
2017-04-25,17:55:00,90.52,90.52,90.5,90.5,693,0
2017-04-25,18:00:00,90.56,90.5633,90.56,90.5633,200,0
2017-04-25,18:05:00,90.6,90.6198,90.59,90.59,1213,0
2017-04-25,18:10:00,90.6,90.6,90.5867,90.5906,986,0
2017-04-25,18:15:00,90.61,90.6257,90.6012,90.6112,2395,0
2017-04-25,18:20:00,90.62,90.66,90.62,90.66,1200,0
2017-04-25,18:25:00,90.66,90.677,90.6512,90.66,1252,0
2017-04-25,18:30:00,90.6701,90.6701,90.64,90.64,800,0
2017-04-25,18:35:00,90.625,90.64,90.61,90.61,899,0
2017-04-25,18:40:00,90.56,90.6032,90.56,90.59,915,0
2017-04-25,18:45:00,90.63,90.63,90.6,90.6,439,0
2017-04-25,18:50:00,90.61,90.61,90.61,90.61,200,0
2017-04-25,18:55:00,90.61,90.61,90.58,90.605,974,0
2017-04-25,19:00:00,90.6,90.62,90.59,90.59,2085,0
2017-04-25,19:05:00,90.5847,90.64,90.5847,90.6335,571,0
2017-04-25,19:10:00,90.6436,90.69,90.6436,90.6899,2685,0
2017-04-25,19:15:00,90.6967,90.7,90.69,90.69,700,0
2017-04-25,19:20:00,90.71,90.71,90.71,90.71,300,0
2017-04-25,19:25:00,90.717,90.72,90.68,90.695,36224,0
2017-04-25,19:30:00,90.69,90.704,90.69,90.695,665,0
2017-04-25,19:35:00,90.68,90.68,90.64,90.68,4723,0
2017-04-25,19:40:00,90.65,90.7,90.65,90.681,32720,0
2017-04-25,19:45:00,90.6999,90.71,90.68,90.68,1386,0
2017-04-25,19:50:00,90.71,90.71,90.6889,90.6943,5330,0
2017-04-25,19:55:00,90.6928,90.7,90.6928,90.695,916,0
2017-04-25,20:00:00,90.7,90.7,90.68,90.68,714,0
2017-04-25,20:05:00,90.65,90.67,90.65,90.67,300,0
2017-04-25,20:10:00,90.69,90.71,90.6853,90.7,2279,0
2017-04-25,20:15:00,90.7,90.74,90.7,90.74,935,0
2017-04-25,20:20:00,90.75,90.76,90.74,90.74,700,0
2017-04-25,20:25:00,90.749,90.749,90.69,90.691,998,0
2017-04-25,20:30:00,90.6845,90.7,90.66,90.66,886,0
2017-04-25,20:35:00,90.6371,90.6595,90.6371,90.65,1239,0
2017-04-25,20:40:00,90.6533,90.677,90.65,90.677,1544,0
2017-04-25,20:45:00,90.6453,90.6453,90.6453,90.6453,204,0
2017-04-25,20:50:00,90.653,90.67,90.635,90.635,600,0
2017-04-25,20:55:00,90.635,90.635,90.635,90.635,511,0
2017-04-25,21:00:00,90.62,90.62,90.6064,90.6199,1448,0
2017-04-25,21:05:00,90.62,90.6378,90.59,90.6378,2902,0
2017-04-25,21:10:00,90.6329,90.6999,90.6329,90.6899,600,0
2017-04-25,21:15:00,90.68,90.68,90.65,90.65,810,0
2017-04-25,21:20:00,90.667,90.68,90.665,90.68,881,0
2017-04-25,21:25:00,90.66,90.69,90.66,90.69,1711,0
2017-04-25,21:30:00,90.68,90.69,90.66,90.67,1189,0
2017-04-25,21:35:00,90.65,90.65,90.6299,90.632,1650,0
2017-04-25,21:40:00,90.64,90.64,90.59,90.594,1835,0
2017-04-25,21:45:00,90.59,90.6252,90.58,90.592,4062,0
2017-04-25,21:50:00,90.5911,90.5914,90.566,90.59,2631,0
2017-04-25,21:55:00,90.57,90.57,90.51,90.54,13200,0
2017-04-25,22:00:00,90.53,90.55,90.51,90.51,9484,0
2017-04-26,15:35:00,90.76,91.02,90.76,91.02,11758,0
2017-04-26,15:40:00,90.99,91,90.89,90.91,10565,0
2017-04-26,15:45:00,90.89,90.89,90.76,90.82,12748,0
2017-04-26,15:50:00,90.767,90.9,90.767,90.9,1550,0
2017-04-26,15:55:00,90.89,90.9097,90.8399,90.8399,2117,0
2017-04-26,16:00:00,90.8499,90.8499,90.7485,90.77,5566,0
2017-04-26,16:05:00,90.7633,90.7999,90.74,90.76,2471,0
2017-04-26,16:10:00,90.77,90.85,90.7662,90.85,2540,0
2017-04-26,16:15:00,90.84,90.87,90.81,90.87,2339,0
2017-04-26,16:20:00,90.8647,90.905,90.8499,90.86,1685,0
2017-04-26,16:25:00,90.8299,90.84,90.815,90.83,1900,0
2017-04-26,16:30:00,90.88,90.91,90.8599,90.91,1366,0
2017-04-26,16:35:00,90.9,90.9099,90.827,90.827,1544,0
2017-04-26,16:40:00,90.81,90.9232,90.81,90.9232,4320,0
2017-04-26,16:45:00,90.9,90.9,90.8399,90.85,3815,0
2017-04-26,16:50:00,90.84,90.87,90.839,90.84,2300,0
2017-04-26,16:55:00,90.8883,90.9452,90.8883,90.94,3250,0
2017-04-26,17:00:00,90.91,90.9799,90.91,90.97,1040,0
2017-04-26,17:05:00,90.95,91.0058,90.95,91,2834,0
2017-04-26,17:10:00,91.02,91.02,90.87,90.87,5566,0
2017-04-26,17:15:00,90.87,90.91,90.8599,90.9,1975,0
2017-04-26,17:20:00,90.92,90.97,90.92,90.95,484841,0
2017-04-26,17:25:00,90.9501,91.07,90.95,91.07,73096,0
2017-04-26,17:30:00,91.06,91.07,91.04,91.05,18862,0
2017-04-26,17:35:00,91.0467,91.0467,91.01,91.0399,1779,0
2017-04-26,17:40:00,91.02,91.03,91.02,91.0205,1885,0
2017-04-26,17:45:00,91.02,91.02,90.84,90.84,14631,0
2017-04-26,17:50:00,90.83,90.86,90.71,90.71,19004,0
2017-04-26,17:55:00,90.7356,90.81,90.7356,90.7999,2306,0
2017-04-26,18:00:00,90.8,90.84,90.8,90.84,1000,0
2017-04-26,18:05:00,90.8299,90.876,90.79,90.8599,1330,0
2017-04-26,18:10:00,90.858,90.9,90.85,90.9,2039,0
2017-04-26,18:15:00,90.91,90.93,90.9099,90.93,600,0
2017-04-26,18:20:00,90.98,91.02,90.96,91.0199,3411,0
2017-04-26,18:25:00,91,91,90.96,90.9673,5199,0
2017-04-26,18:30:00,90.955,90.96,90.94,90.9414,1568,0
2017-04-26,18:35:00,90.96,90.967,90.9373,90.9412,1066,0
2017-04-26,18:40:00,90.93,90.9502,90.8999,90.9502,3250,0
2017-04-26,18:45:00,90.96,90.976,90.926,90.926,1405,0
2017-04-26,18:50:00,90.94,90.99,90.91,90.91,1614,0
2017-04-26,18:55:00,90.915,90.99,90.915,90.99,1288,0
2017-04-26,19:00:00,90.99,90.99,90.9768,90.9768,490,0
2017-04-26,19:05:00,91,91.04,90.9905,91,2566,0
2017-04-26,19:10:00,90.9942,91.08,90.9942,91.08,5632,0
2017-04-26,19:15:00,91.0798,91.08,91.0474,91.0474,1113,0
2017-04-26,19:20:00,91.088,91.09,91.07,91.08,610,0
2017-04-26,19:25:00,91.05,91.09,91.05,91.09,250,0
2017-04-26,19:30:00,91.09,91.09,91.0299,91.055,2199,0
2017-04-26,19:35:00,91.0324,91.0324,90.99,90.9999,970,0
2017-04-26,19:40:00,91.0395,91.0524,91.03,91.0524,565,0
2017-04-26,19:45:00,91.06,91.1014,91,91.1,4894,0
2017-04-26,19:50:00,91.1095,91.1095,90.9,90.93,6153,0
2017-04-26,19:55:00,90.9201,91.015,90.92,90.97,3376,0
2017-04-26,20:00:00,90.9599,90.9599,90.89,90.9006,1285,0
2017-04-26,20:05:00,90.8899,90.9124,90.82,90.9,6974,0
2017-04-26,20:10:00,90.8999,90.9,90.845,90.8641,1622,0
2017-04-26,20:15:00,90.872,90.91,90.872,90.895,1689,0
2017-04-26,20:20:00,90.9448,90.96,90.94,90.94,844,0
2017-04-26,20:25:00,90.9399,91.0199,90.9202,90.99,3568,0
2017-04-26,20:30:00,91,91.04,90.965,90.983,6465,0
2017-04-26,20:35:00,90.9815,91.0538,90.9815,91.0358,2149,0
2017-04-26,20:40:00,91.0699,91.0699,91.0294,91.03,3953,0
2017-04-26,20:45:00,91.08,91.0899,91.03,91.07,3183,0
2017-04-26,20:50:00,91.07,91.085,91.07,91.085,541,0
2017-04-26,20:55:00,91.0894,91.0898,91.055,91.055,2101,0
2017-04-26,21:00:00,91.1,91.1,91.05,91.05,2230,0
2017-04-26,21:05:00,91.04,91.09,91.04,91.09,1258,0
2017-04-26,21:10:00,91.08,91.1106,91.06,91.1,2092,0
2017-04-26,21:15:00,91.1124,91.14,91.1,91.14,2918,0
2017-04-26,21:20:00,91.131,91.19,91.13,91.15,5942,0
2017-04-26,21:25:00,91.135,91.135,91.0968,91.0968,2160,0
2017-04-26,21:30:00,91.1065,91.12,91.1,91.11,2050,0
2017-04-26,21:35:00,91.1122,91.13,91.03,91.05,7206,0
2017-04-26,21:40:00,91.06,91.07,91,91.018,7805,0
2017-04-26,21:45:00,91,91,90.97,90.99,5814,0
2017-04-26,21:50:00,90.97,91,90.95,90.97,9001,0
2017-04-26,21:55:00,90.98,91,90.91,90.91,11608,0
2017-04-26,22:00:00,90.91,90.99,90.91,90.95,19892,0
