Date,Time,Open,High,Low,Close,Volume,OpenInt
2016-12-09,15:35:00,18.726,18.726,18.726,18.726,208,0
2016-12-09,15:40:00,18.755,18.755,18.736,18.736,8817,0
2016-12-09,15:50:00,18.784,18.784,18.784,18.784,518,0
2016-12-09,16:15:00,18.803,18.803,18.803,18.803,104,0
2016-12-09,16:40:00,18.842,18.842,18.842,18.842,311,0
2016-12-09,17:05:00,18.857,18.857,18.857,18.857,317,0
2016-12-09,20:45:00,18.894,18.894,18.894,18.894,110,0
2016-12-09,20:50:00,18.88,18.88,18.88,18.88,830,0
2016-12-09,21:20:00,18.919,18.919,18.919,18.919,623,0
2016-12-09,21:30:00,18.919,18.919,18.919,18.919,623,0
2016-12-09,21:35:00,18.928,18.928,18.928,18.928,519,0
2016-12-09,21:40:00,18.909,18.922,18.909,18.909,3270,0
2016-12-09,22:00:00,18.909,18.919,18.909,18.919,830,0
2016-12-12,15:35:00,18.9,18.9,18.9,18.9,178,0
2016-12-12,17:05:00,18.928,18.928,18.928,18.928,104,0
2016-12-12,17:45:00,18.919,18.938,18.919,18.938,4152,0
2016-12-12,18:05:00,18.9,18.9,18.9,18.9,519,0
2016-12-12,18:50:00,18.919,18.919,18.919,18.919,1389,0
2016-12-12,20:00:00,18.924,18.924,18.909,18.909,1142,0
2016-12-12,20:05:00,18.909,18.919,18.909,18.909,1350,0
2016-12-12,20:10:00,18.919,18.957,18.919,18.919,1577,0
2016-12-12,20:15:00,18.909,18.918,18.909,18.918,467,0
2016-12-12,20:20:00,18.919,18.924,18.919,18.924,1142,0
2016-12-12,20:25:00,18.924,18.924,18.919,18.919,623,0
2016-12-12,20:40:00,18.907,18.907,18.907,18.907,208,0
2016-12-12,20:45:00,18.916,18.916,18.916,18.916,135,0
2016-12-12,20:50:00,18.913,18.913,18.913,18.913,266,0
2016-12-12,21:10:00,18.89,18.89,18.89,18.89,519,0
2016-12-12,21:25:00,18.89,18.89,18.89,18.89,1453,0
2016-12-12,21:30:00,18.895,18.906,18.895,18.906,451,0
2016-12-12,22:00:00,18.9,18.9,18.9,18.9,519,0
2016-12-13,15:35:00,19.005,19.005,19.005,19.005,104,0
2016-12-13,15:40:00,19.054,19.063,19.054,19.063,208,0
2016-12-13,15:55:00,19.073,19.073,19.073,19.073,623,0
2016-12-13,17:00:00,19.121,19.121,19.121,19.121,104,0
2016-12-13,17:05:00,19.121,19.121,19.121,19.121,104,0
2016-12-13,17:10:00,19.111,19.111,19.111,19.111,104,0
2016-12-13,17:25:00,19.14,19.14,19.14,19.14,311,0
2016-12-13,17:45:00,19.111,19.111,19.111,19.111,311,0
2016-12-13,18:45:00,19.105,19.105,19.105,19.105,232,0
2016-12-13,19:05:00,19.121,19.121,19.121,19.121,114,0
2016-12-13,19:15:00,19.119,19.119,19.119,19.119,168,0
2016-12-13,19:20:00,19.121,19.121,19.121,19.121,519,0
2016-12-13,21:00:00,19.111,19.111,19.111,19.111,104,0
2016-12-13,21:50:00,19.111,19.111,19.111,19.111,104,0
2016-12-13,22:00:00,19.092,19.092,19.092,19.092,104,0
2016-12-14,15:50:00,19.044,19.044,19.044,19.044,104,0
2016-12-14,16:25:00,19.044,19.044,19.044,19.044,104,0
2016-12-14,16:40:00,19.079,19.079,19.079,19.079,156,0
2016-12-14,17:30:00,19.044,19.044,19.044,19.044,250238,0
2016-12-14,17:35:00,19.044,19.044,19.044,19.044,519,0
2016-12-14,17:45:00,19.025,19.025,19.015,19.015,623,0
2016-12-14,18:55:00,19.039,19.039,19.039,19.039,151,0
2016-12-14,19:10:00,19.034,19.034,19.034,19.034,208,0
2016-12-14,19:25:00,19.054,19.054,19.034,19.034,1350,0
2016-12-14,19:55:00,19.034,19.034,19.034,19.034,311,0
2016-12-14,20:05:00,18.919,18.919,18.919,18.919,104,0
2016-12-14,20:15:00,18.938,18.938,18.938,18.938,104,0
2016-12-14,20:40:00,18.91,18.938,18.91,18.938,433,0
2016-12-14,21:00:00,18.889,18.889,18.889,18.889,415,0
2016-12-14,21:25:00,18.822,18.822,18.822,18.822,109,0
2016-12-14,22:00:00,18.726,18.755,18.707,18.755,4372,0
2016-12-15,15:35:00,18.717,18.717,18.717,18.717,534,0
2016-12-15,15:50:00,18.659,18.659,18.639,18.639,519,0
2016-12-15,15:55:00,18.649,18.652,18.611,18.649,44622,0
2016-12-15,16:05:00,18.639,18.649,18.639,18.649,13668,0
2016-12-15,16:10:00,18.682,18.682,18.659,18.659,1616,0
2016-12-15,16:15:00,18.659,18.659,18.639,18.654,14711,0
2016-12-15,16:30:00,18.659,18.659,18.659,18.659,2284,0
2016-12-15,16:45:00,18.698,18.698,18.698,18.698,671,0
2016-12-15,16:50:00,18.717,18.717,18.707,18.716,1223,0
2016-12-15,17:05:00,18.707,18.707,18.707,18.707,208,0
2016-12-15,17:30:00,18.717,18.717,18.717,18.717,112910,0
2016-12-15,17:45:00,18.697,18.697,18.697,18.697,311,0
2016-12-15,18:05:00,18.698,18.698,18.698,18.698,311,0
2016-12-15,18:15:00,18.707,18.707,18.707,18.707,120,0
2016-12-15,18:25:00,18.716,18.717,18.716,18.717,1350,0
2016-12-15,18:30:00,18.726,18.726,18.726,18.726,6021,0
2016-12-15,18:40:00,18.736,18.736,18.736,18.736,415,0
2016-12-15,18:50:00,18.714,18.714,18.714,18.714,519,0
2016-12-15,19:00:00,18.709,18.709,18.709,18.709,3015,0
2016-12-15,19:20:00,18.741,18.741,18.741,18.741,133,0
2016-12-15,19:30:00,18.732,18.732,18.732,18.732,222,0
2016-12-15,19:45:00,18.697,18.713,18.697,18.713,208,0
2016-12-15,19:50:00,18.736,18.736,18.736,18.736,311,0
2016-12-15,20:10:00,18.692,18.692,18.691,18.691,1205,0
2016-12-15,20:15:00,18.669,18.669,18.669,18.669,3074,0
2016-12-15,20:20:00,18.688,18.688,18.688,18.688,208,0
2016-12-15,20:30:00,18.704,18.704,18.704,18.704,104,0
2016-12-15,20:35:00,18.693,18.693,18.693,18.693,282,0
2016-12-15,20:50:00,18.708,18.708,18.708,18.708,107,0
2016-12-15,20:55:00,18.717,18.717,18.688,18.688,13517,0
2016-12-15,21:00:00,18.699,18.699,18.697,18.697,775,0
2016-12-15,21:05:00,18.697,18.697,18.697,18.697,189,0
2016-12-15,21:10:00,18.693,18.693,18.693,18.693,3114,0
2016-12-15,21:25:00,18.684,18.684,18.684,18.684,387,0
2016-12-15,21:30:00,18.661,18.661,18.661,18.661,223,0
2016-12-15,21:40:00,18.673,18.678,18.668,18.673,16195,0
2016-12-15,21:45:00,18.668,18.697,18.668,18.695,4601,0
2016-12-15,21:50:00,18.678,18.697,18.678,18.697,419,0
2016-12-15,21:55:00,18.683,18.697,18.678,18.697,1897,0
2016-12-15,22:00:00,18.688,18.688,18.688,18.688,208,0
2016-12-16,15:40:00,18.707,18.745,18.707,18.717,1246,0
2016-12-16,16:05:00,18.741,18.741,18.741,18.741,415,0
2016-12-16,17:20:00,18.803,18.803,18.794,18.794,311,0
2016-12-16,18:05:00,18.832,18.832,18.832,18.832,104,0
2016-12-16,19:50:00,18.765,18.765,18.765,18.765,104,0
2016-12-16,20:15:00,18.765,18.765,18.765,18.765,311,0
2016-12-16,20:30:00,18.745,18.745,18.745,18.745,104,0
2016-12-16,20:55:00,18.762,18.762,18.762,18.762,256,0
2016-12-16,21:00:00,18.774,18.803,18.774,18.784,5929,0
2016-12-16,21:05:00,18.774,18.774,18.745,18.745,311,0
2016-12-16,22:00:00,18.765,18.765,18.765,18.765,208,0
2016-12-19,15:35:00,18.765,18.784,18.765,18.784,339,0
2016-12-19,15:45:00,18.794,18.794,18.794,18.794,311,0
2016-12-19,15:50:00,18.812,18.812,18.812,18.812,467,0
2016-12-19,16:30:00,18.794,18.803,18.794,18.794,519,0
2016-12-19,16:35:00,18.794,18.794,18.784,18.784,208,0
2016-12-19,16:45:00,18.803,18.822,18.803,18.822,8201,0
2016-12-19,16:50:00,18.794,18.794,18.789,18.789,623,0
2016-12-19,17:25:00,18.784,18.784,18.784,18.784,208,0
2016-12-19,17:35:00,18.779,18.779,18.779,18.779,225,0
2016-12-19,18:25:00,18.768,18.768,18.768,18.768,156,0
2016-12-19,19:05:00,18.784,18.784,18.784,18.784,104,0
2016-12-19,20:00:00,18.726,18.726,18.726,18.726,519,0
2016-12-19,20:15:00,18.725,18.725,18.725,18.725,267,0
2016-12-19,20:20:00,18.726,18.726,18.726,18.726,104,0
2016-12-19,20:25:00,18.726,18.726,18.717,18.717,830,0
2016-12-19,21:00:00,18.707,18.707,18.707,18.707,104,0
2016-12-20,15:35:00,18.639,18.639,18.639,18.639,1003,0
2016-12-20,15:50:00,18.659,18.659,18.645,18.645,759,0
2016-12-20,16:00:00,18.659,18.659,18.659,18.659,321,0
2016-12-20,16:35:00,18.659,18.659,18.659,18.659,430,0
2016-12-20,16:40:00,18.649,18.649,18.649,18.649,217,0
2016-12-20,17:30:00,18.688,18.688,18.688,18.688,1350,0
2016-12-20,17:55:00,18.678,18.678,18.678,18.678,208,0
2016-12-20,19:15:00,18.706,18.706,18.706,18.706,133,0
2016-12-20,22:00:00,18.697,18.697,18.697,18.697,104,0
2016-12-21,15:35:00,18.755,18.755,18.755,18.755,728,0
2016-12-21,15:45:00,18.794,18.794,18.785,18.785,3986,0
2016-12-21,16:00:00,18.822,18.822,18.822,18.822,104,0
2016-12-21,16:25:00,18.813,18.822,18.813,18.822,415,0
2016-12-21,17:05:00,18.804,18.822,18.803,18.803,596,0
2016-12-21,17:15:00,18.803,18.803,18.803,18.803,1142,0
2016-12-21,20:45:00,18.774,18.774,18.774,18.774,5969,0
2016-12-21,21:00:00,18.779,18.779,18.779,18.779,1557,0
2016-12-21,21:55:00,18.759,18.759,18.759,18.759,362,0
2016-12-21,22:00:00,18.765,18.765,18.765,18.765,104,0
2016-12-22,15:35:00,18.755,18.755,18.755,18.755,838,0
2016-12-22,16:00:00,18.762,18.762,18.762,18.762,208,0
2016-12-22,16:10:00,18.813,18.813,18.813,18.813,104,0
2016-12-22,17:20:00,18.765,18.765,18.765,18.765,208,0
2016-12-22,20:00:00,18.784,18.784,18.765,18.765,1765,0
2016-12-22,21:50:00,18.731,18.731,18.731,18.731,385,0
2016-12-22,21:55:00,18.726,18.728,18.726,18.728,623,0
2016-12-23,16:20:00,18.813,18.813,18.813,18.813,104,0
2016-12-23,16:30:00,18.822,18.822,18.822,18.822,1246,0
2016-12-23,16:40:00,18.842,18.842,18.842,18.842,311,0
2016-12-23,17:05:00,18.871,18.871,18.871,18.871,175,0
2016-12-23,17:10:00,18.871,18.88,18.851,18.851,623,0
2016-12-23,18:10:00,18.889,18.889,18.889,18.889,266,0
2016-12-23,18:45:00,18.856,18.856,18.856,18.856,104,0
2016-12-23,19:20:00,18.842,18.856,18.842,18.856,1694,0
2016-12-23,19:55:00,18.842,18.847,18.842,18.842,1989,0
2016-12-23,21:05:00,18.842,18.842,18.842,18.842,519,0
2016-12-23,22:00:00,18.832,18.861,18.832,18.861,208,0
2016-12-27,15:35:00,18.842,18.842,18.842,18.842,584,0
2016-12-27,15:55:00,18.874,18.874,18.874,18.874,208,0
2016-12-27,16:20:00,18.9,18.9,18.9,18.9,208,0
2016-12-27,17:05:00,18.895,18.895,18.895,18.895,104,0
2016-12-27,17:10:00,18.895,18.895,18.895,18.895,139,0
2016-12-27,17:30:00,18.871,18.882,18.871,18.882,214,0
2016-12-27,17:35:00,18.88,18.88,18.88,18.88,208,0
2016-12-27,18:40:00,18.876,18.876,18.876,18.876,311,0
2016-12-27,19:30:00,18.861,18.866,18.861,18.866,208,0
2016-12-27,19:55:00,18.851,18.851,18.851,18.851,263,0
2016-12-27,20:20:00,18.842,18.842,18.842,18.842,104,0
2016-12-27,21:05:00,18.87,18.871,18.87,18.871,2103,0
2016-12-27,21:45:00,18.855,18.855,18.855,18.855,200,0
2016-12-27,22:00:00,18.851,18.851,18.842,18.842,208,0
2016-12-28,15:35:00,18.87,18.87,18.87,18.87,300,0
2016-12-28,15:40:00,18.88,18.88,18.88,18.88,1000,0
2016-12-28,16:00:00,18.83,18.83,18.83,18.83,100,0
2016-12-28,16:05:00,18.829,18.829,18.829,18.829,100,0
2016-12-28,16:15:00,18.84,18.84,18.84,18.84,200,0
2016-12-28,16:30:00,18.8399,18.8399,18.831,18.831,525,0
2016-12-28,16:35:00,18.8264,18.8264,18.8264,18.8264,100,0
2016-12-28,16:55:00,18.8244,18.8244,18.8244,18.8244,1099,0
2016-12-28,17:05:00,18.84,18.84,18.84,18.84,200,0
2016-12-28,19:40:00,18.765,18.7707,18.765,18.7707,400,0
2016-12-28,20:00:00,18.753,18.753,18.75,18.75,500,0
2016-12-28,20:35:00,18.7804,18.7804,18.76,18.76,9700,0
2016-12-28,21:50:00,18.7662,18.7662,18.7662,18.7662,1200,0
2016-12-28,22:00:00,18.765,18.765,18.765,18.765,181,0
2016-12-29,16:05:00,18.93,18.93,18.93,18.93,1300,0
2016-12-29,16:20:00,18.9335,18.9335,18.9335,18.9335,100,0
2016-12-29,17:40:00,18.95,18.95,18.95,18.95,600,0
2016-12-29,18:00:00,18.93,18.93,18.93,18.93,1200,0
2016-12-29,18:20:00,18.9,18.9,18.9,18.9,130,0
2016-12-29,18:55:00,18.91,18.91,18.91,18.91,100,0
2016-12-29,19:40:00,18.9,18.9,18.9,18.9,772,0
2016-12-29,19:45:00,18.9063,18.9063,18.9063,18.9063,902,0
2016-12-29,20:20:00,18.9201,18.9201,18.92,18.92,1054,0
2016-12-29,21:35:00,18.929,18.929,18.929,18.929,376,0
2016-12-29,21:55:00,18.9168,18.9168,18.9168,18.9168,175,0
2016-12-29,22:00:00,18.91,18.91,18.91,18.91,200,0
2016-12-30,15:35:00,19.03,19.03,19.03,19.03,173,0
2016-12-30,16:00:00,19.01,19.01,19.01,19.01,500,0
2016-12-30,16:10:00,19.03,19.03,19.025,19.03,648,0
2016-12-30,17:00:00,19.01,19.01,19.01,19.01,100,0
2016-12-30,17:05:00,19.02,19.02,19.02,19.02,100,0
2016-12-30,18:45:00,18.98,18.99,18.98,18.99,3200,0
2016-12-30,18:55:00,18.97,18.97,18.97,18.97,100,0
2016-12-30,19:25:00,18.951,18.96,18.951,18.96,2350,0
2016-12-30,20:10:00,18.94,18.94,18.94,18.94,1200,0
2016-12-30,20:25:00,18.93,18.93,18.93,18.93,500,0
2016-12-30,20:30:00,18.92,18.93,18.92,18.93,200,0
2016-12-30,20:45:00,18.936,18.936,18.936,18.936,700,0
2016-12-30,20:50:00,18.9599,18.9599,18.9599,18.9599,453,0
2016-12-30,21:15:00,18.9184,18.9184,18.9184,18.9184,215,0
2016-12-30,21:20:00,18.93,18.9306,18.93,18.9306,771,0
2016-12-30,21:55:00,18.9457,18.9457,18.9457,18.9457,264,0
2016-12-30,22:00:00,18.97,18.97,18.97,18.97,100,0
2017-01-03,15:35:00,19.1,19.1,19.1,19.1,618,0
2017-01-03,15:40:00,19.09,19.09,19.09,19.09,100,0
2017-01-03,16:00:00,19.095,19.095,19.09,19.09,400,0
2017-01-03,16:20:00,19.07,19.07,19.07,19.07,100,0
2017-01-03,16:35:00,19.07,19.07,19.07,19.07,157,0
2017-01-03,16:45:00,19.0401,19.0463,19.0401,19.0463,2000,0
2017-01-03,16:50:00,19.05,19.05,19.05,19.05,100,0
2017-01-03,16:55:00,19.0589,19.0589,19.0589,19.0589,200,0
2017-01-03,17:20:00,19.069,19.069,19.069,19.069,100,0
2017-01-03,17:25:00,19.07,19.07,19.07,19.07,100,0
2017-01-03,17:40:00,19.08,19.08,19.08,19.08,100,0
2017-01-03,18:00:00,19.04,19.04,19.031,19.031,600,0
2017-01-03,18:10:00,19.03,19.03,19.03,19.03,100,0
2017-01-03,18:35:00,19.03,19.03,19.03,19.03,100,0
2017-01-03,19:15:00,19.06,19.06,19.06,19.06,100,0
2017-01-03,19:40:00,19.07,19.07,19.07,19.07,100,0
2017-01-03,20:00:00,19.04,19.04,19.04,19.04,100,0
2017-01-03,20:20:00,19.05,19.05,19.05,19.05,100,0
2017-01-03,20:35:00,19.04,19.04,19.04,19.04,100,0
2017-01-03,20:45:00,19.04,19.04,19.04,19.04,100,0
2017-01-03,20:55:00,19.05,19.05,19.05,19.05,100,0
2017-01-03,21:00:00,19.05,19.05,19.05,19.05,100,0
2017-01-03,21:05:00,19.05,19.05,19.05,19.05,100,0
2017-01-03,21:10:00,19.05,19.06,19.05,19.06,232,0
2017-01-04,15:55:00,19.1016,19.1016,19.1016,19.1016,300,0
2017-01-04,16:05:00,19.11,19.11,19.11,19.11,100,0
2017-01-04,16:45:00,19.11,19.11,19.11,19.11,464,0
2017-01-04,17:30:00,19.16,19.16,19.16,19.16,100,0
2017-01-04,17:55:00,19.1899,19.1899,19.1899,19.1899,361,0
2017-01-04,18:00:00,19.1856,19.1856,19.1856,19.1856,209,0
2017-01-04,18:25:00,19.1871,19.1871,19.1871,19.1871,157,0
2017-01-04,19:05:00,19.1801,19.1801,19.1801,19.1801,206,0
2017-01-04,19:55:00,19.18,19.18,19.18,19.18,300,0
2017-01-04,20:05:00,19.17,19.17,19.17,19.17,100,0
2017-01-04,20:15:00,19.21,19.21,19.21,19.21,1200,0
2017-01-04,21:05:00,19.18,19.18,19.18,19.18,100,0
2017-01-04,22:00:00,19.22,19.23,19.21,19.23,3200,0
2017-01-05,15:35:00,19.29,19.29,19.29,19.29,863,0
2017-01-05,16:20:00,19.3,19.3,19.3,19.3,200,0
2017-01-05,16:35:00,19.4,19.4,19.36,19.36,300,0
2017-01-05,17:00:00,19.38,19.38,19.38,19.38,112,0
2017-01-05,17:35:00,19.39,19.4,19.39,19.4,600,0
2017-01-05,18:00:00,19.39,19.41,19.39,19.41,1800,0
2017-01-05,18:10:00,19.4,19.4,19.4,19.4,900,0
2017-01-05,18:20:00,19.41,19.41,19.41,19.41,600,0
2017-01-05,19:10:00,19.4194,19.4194,19.4194,19.4194,106,0
2017-01-05,20:30:00,19.43,19.43,19.43,19.43,500,0
2017-01-05,20:45:00,19.43,19.4339,19.43,19.4339,600,0
2017-01-05,20:50:00,19.43,19.43,19.43,19.43,2000,0
2017-01-05,20:55:00,19.43,19.43,19.43,19.43,300,0
2017-01-05,21:35:00,19.4337,19.4337,19.4337,19.4337,312,0
2017-01-05,21:50:00,19.42,19.42,19.42,19.42,565,0
2017-01-05,22:00:00,19.43,19.43,19.43,19.43,200,0
2017-01-06,15:35:00,19.36,19.3601,19.36,19.3601,1095,0
2017-01-06,17:45:00,19.3899,19.3971,19.3899,19.3971,2087,0
2017-01-06,18:00:00,19.3886,19.3886,19.3886,19.3886,1720,0
2017-01-06,19:10:00,19.38,19.39,19.38,19.39,400,0
2017-01-06,19:20:00,19.39,19.39,19.38,19.38,200,0
2017-01-06,19:35:00,19.3918,19.3918,19.3918,19.3918,500,0
2017-01-06,20:00:00,19.38,19.38,19.38,19.38,1616,0
2017-01-06,21:25:00,19.37,19.38,19.37,19.38,335,0
2017-01-06,21:45:00,19.38,19.38,19.38,19.38,600,0
2017-01-06,22:00:00,19.3826,19.3826,19.37,19.37,400,0
2017-01-09,15:35:00,19.14,19.14,19.14,19.14,205,0
2017-01-09,16:05:00,19.14,19.15,19.1289,19.1485,8600,0
2017-01-09,16:10:00,19.14,19.14,19.14,19.14,200,0
2017-01-09,16:20:00,19.1225,19.1225,19.1225,19.1225,216,0
2017-01-09,16:30:00,19.12,19.12,19.12,19.12,1500,0
2017-01-09,16:40:00,19.13,19.13,19.13,19.13,400,0
2017-01-09,17:05:00,19.15,19.15,19.15,19.15,160,0
2017-01-09,17:10:00,19.16,19.16,19.16,19.16,100,0
2017-01-09,17:20:00,19.175,19.175,19.175,19.175,600,0
2017-01-09,17:45:00,19.2024,19.2024,19.2024,19.2024,157,0
2017-01-09,17:55:00,19.2158,19.2158,19.2158,19.2158,359,0
2017-01-09,18:05:00,19.2,19.2,19.2,19.2,100,0
2017-01-09,18:20:00,19.2,19.2,19.2,19.2,200,0
2017-01-09,18:25:00,19.2,19.2,19.2,19.2,400,0
2017-01-09,18:30:00,19.2,19.2099,19.18,19.1911,3049,0
2017-01-09,18:50:00,19.1807,19.185,19.1807,19.185,880,0
2017-01-09,19:25:00,19.21,19.2112,19.21,19.2112,741,0
2017-01-09,19:35:00,19.21,19.21,19.21,19.21,600,0
2017-01-09,20:00:00,19.2,19.2,19.2,19.2,100,0
2017-01-09,21:25:00,19.19,19.19,19.19,19.19,800,0
2017-01-09,21:45:00,19.19,19.19,19.19,19.19,100,0
2017-01-09,22:00:00,19.19,19.19,19.19,19.19,127,0
2017-01-10,17:35:00,19.12,19.12,19.12,19.12,200,0
2017-01-10,20:50:00,19.07,19.07,19.07,19.07,1100,0
2017-01-11,15:35:00,18.97,18.97,18.97,18.97,5251,0
2017-01-11,16:00:00,19,19,18.99,18.99,500,0
2017-01-11,19:30:00,19.07,19.07,19.07,19.07,2500,0
2017-01-11,19:40:00,19.1,19.1,19.09,19.09,1700,0
2017-01-11,19:55:00,19.095,19.11,19.095,19.1075,2100,0
2017-01-11,20:05:00,19.12,19.12,19.12,19.12,100,0
2017-01-11,20:25:00,19.1287,19.1287,19.1287,19.1287,103,0
2017-01-11,21:35:00,19.11,19.11,19.11,19.11,100,0
2017-01-11,21:40:00,19.11,19.11,19.11,19.11,272,0
2017-01-11,22:00:00,19.13,19.13,19.13,19.13,300,0
2017-01-12,15:35:00,19.18,19.2199,19.18,19.2199,400,0
2017-01-12,15:45:00,19.21,19.21,19.21,19.21,1700,0
2017-01-12,15:50:00,19.21,19.21,19.21,19.21,100,0
2017-01-12,15:55:00,19.185,19.185,19.185,19.185,100,0
2017-01-12,16:25:00,19.2,19.2125,19.199,19.2,3300,0
2017-01-12,16:55:00,19.16,19.16,19.16,19.16,100,0
2017-01-12,17:00:00,19.1512,19.1512,19.1512,19.1512,156,0
2017-01-12,18:50:00,19.1802,19.2,19.1802,19.2,1100,0
2017-01-12,21:55:00,19.229,19.229,19.229,19.229,1041,0
2017-01-12,22:00:00,19.23,19.23,19.23,19.23,100,0
2017-01-13,15:35:00,19.34,19.34,19.34,19.34,100,0
2017-01-13,16:55:00,19.3917,19.3917,19.36,19.3891,4002,0
2017-01-13,21:45:00,19.405,19.42,19.3928,19.4077,2339,0
2017-01-13,21:50:00,19.42,19.42,19.42,19.42,900,0
2017-01-13,22:00:00,19.39,19.39,19.39,19.39,100,0
2017-01-17,15:35:00,19.36,19.36,19.36,19.36,1346,0
2017-01-17,15:50:00,19.3691,19.3691,19.3691,19.3691,103,0
2017-01-17,16:55:00,19.369,19.369,19.369,19.369,413,0
2017-01-17,17:00:00,19.3662,19.3662,19.3662,19.3662,800,0
2017-01-17,17:25:00,19.325,19.325,19.325,19.325,100,0
2017-01-17,17:45:00,19.3174,19.3174,19.3174,19.3174,1000,0
2017-01-17,18:10:00,19.3437,19.3437,19.3437,19.3437,361,0
2017-01-17,18:30:00,19.34,19.34,19.34,19.34,265,0
2017-01-17,19:30:00,19.3601,19.3601,19.3601,19.3601,100,0
2017-01-17,19:35:00,19.3771,19.3771,19.3771,19.3771,148,0
2017-01-17,19:45:00,19.385,19.385,19.385,19.385,152,0
2017-01-17,21:55:00,19.35,19.35,19.35,19.35,1500,0
2017-01-19,15:35:00,19.25,19.25,19.25,19.25,1420,0
2017-01-19,15:45:00,19.26,19.26,19.26,19.26,200,0
2017-01-19,15:50:00,19.25,19.25,19.25,19.25,100,0
2017-01-19,16:55:00,19.21,19.21,19.21,19.21,200,0
2017-01-19,17:05:00,19.2,19.2,19.2,19.2,120,0
2017-01-19,17:10:00,19.2299,19.2299,19.2299,19.2299,110,0
2017-01-19,20:25:00,19.24,19.24,19.22,19.22,7539,0
2017-01-19,20:40:00,19.24,19.24,19.24,19.24,300,0
2017-01-19,20:45:00,19.24,19.25,19.24,19.25,3700,0
2017-01-19,20:55:00,19.26,19.2921,19.26,19.2921,1300,0
2017-01-19,21:40:00,19.275,19.29,19.275,19.29,845,0
2017-01-19,21:50:00,19.2862,19.2862,19.2862,19.2862,200,0
2017-01-20,16:35:00,19.45,19.46,19.45,19.46,800,0
2017-01-20,16:40:00,19.46,19.46,19.45,19.45,1300,0
2017-01-20,16:50:00,19.44,19.44,19.44,19.44,100,0
2017-01-20,19:55:00,19.4509,19.4509,19.4509,19.4509,250,0
2017-01-20,20:05:00,19.463,19.463,19.463,19.463,705,0
2017-01-20,20:50:00,19.46,19.46,19.46,19.46,100,0
2017-01-20,21:50:00,19.47,19.4701,19.47,19.4701,1200,0
2017-01-20,22:00:00,19.5226,19.5226,19.5226,19.5226,181,0
2017-01-23,15:40:00,19.3938,19.3938,19.3938,19.3938,200,0
2017-01-23,16:20:00,19.361,19.361,19.361,19.361,300,0
2017-01-23,16:35:00,19.37,19.37,19.36,19.36,200,0
2017-01-23,18:20:00,19.362,19.362,19.3501,19.3501,458,0
2017-01-23,19:10:00,19.36,19.3867,19.35,19.35,1900,0
2017-01-23,20:00:00,19.405,19.405,19.39,19.39,2400,0
2017-01-23,20:15:00,19.4259,19.4259,19.4259,19.4259,312,0
2017-01-23,20:45:00,19.4209,19.4209,19.4209,19.4209,100,0
2017-01-23,22:00:00,19.43,19.43,19.43,19.43,100,0
2017-01-24,16:20:00,19.4748,19.4748,19.4748,19.4748,800,0
2017-01-24,16:45:00,19.4699,19.4699,19.4699,19.4699,440,0
2017-01-24,18:55:00,19.5422,19.5422,19.5422,19.5422,500,0
2017-01-24,19:30:00,19.5298,19.5298,19.5298,19.5298,200,0
2017-01-24,19:35:00,19.5312,19.5312,19.5312,19.5312,2000,0
2017-01-24,21:45:00,19.54,19.57,19.54,19.57,590,0
2017-01-25,15:35:00,19.64,19.6528,19.6204,19.64,2400,0
2017-01-25,16:00:00,19.641,19.641,19.641,19.641,200,0
2017-01-25,16:10:00,19.69,19.69,19.69,19.69,1100,0
2017-01-25,17:00:00,19.73,19.73,19.73,19.73,100,0
2017-01-25,17:05:00,19.75,19.75,19.75,19.75,1800,0
2017-01-25,17:10:00,19.71,19.71,19.71,19.71,300,0
2017-01-25,17:15:00,19.71,19.71,19.7,19.7,600,0
2017-01-25,17:20:00,19.72,19.72,19.72,19.72,100,0
2017-01-25,17:25:00,19.7105,19.7105,19.7105,19.7105,130,0
2017-01-25,17:40:00,19.7351,19.7351,19.7351,19.7351,300,0
2017-01-25,18:05:00,19.7228,19.7228,19.7228,19.7228,240,0
2017-01-25,19:00:00,19.74,19.74,19.74,19.74,100,0
2017-01-25,19:15:00,19.75,19.75,19.75,19.75,200,0
2017-01-25,20:05:00,19.74,19.743,19.74,19.743,1000,0
2017-01-25,21:25:00,19.77,19.78,19.76,19.78,2300,0
2017-01-25,21:35:00,19.78,19.78,19.78,19.78,200,0
2017-01-25,21:45:00,19.8,19.8,19.8,19.8,6834,0
2017-01-25,22:00:00,19.81,19.82,19.81,19.82,900,0
2017-01-26,15:35:00,19.84,19.84,19.84,19.84,950,0
2017-01-26,16:40:00,19.8092,19.8092,19.8092,19.8092,255,0
2017-01-26,16:45:00,19.7997,19.7997,19.78,19.78,400,0
2017-01-26,18:00:00,19.771,19.78,19.771,19.78,1367,0
2017-01-26,18:30:00,19.7851,19.7851,19.7851,19.7851,447,0
2017-01-26,20:20:00,19.79,19.79,19.78,19.79,1900,0
2017-01-26,21:15:00,19.826,19.826,19.826,19.826,325,0
2017-01-26,21:30:00,19.8094,19.8094,19.8094,19.8094,380,0
2017-01-26,21:55:00,19.78,19.7946,19.77,19.7946,9882,0
2017-01-26,22:00:00,19.76,19.76,19.76,19.76,100,0
2017-01-27,15:35:00,19.74,19.74,19.74,19.74,362,0
2017-01-27,17:05:00,19.74,19.7401,19.74,19.7401,300,0
2017-01-27,17:15:00,19.74,19.74,19.74,19.74,600,0
2017-01-27,17:50:00,19.7396,19.7396,19.7396,19.7396,200,0
2017-01-27,17:55:00,19.7101,19.7102,19.69,19.695,1824,0
2017-01-27,18:10:00,19.7004,19.7237,19.7004,19.7237,753,0
2017-01-27,18:30:00,19.7147,19.7147,19.7147,19.7147,300,0
2017-01-27,18:40:00,19.7,19.7,19.7,19.7,100,0
2017-01-27,18:45:00,19.72,19.72,19.72,19.72,349,0
2017-01-27,20:45:00,19.731,19.731,19.731,19.731,153,0
2017-01-27,21:00:00,19.749,19.79,19.74,19.77,11593,0
2017-01-27,21:10:00,19.77,19.77,19.77,19.77,400,0
2017-01-27,21:35:00,19.74,19.74,19.74,19.74,200,0
2017-01-27,22:00:00,19.7446,19.7446,19.7446,19.7446,660,0
2017-01-30,15:35:00,19.56,19.56,19.56,19.56,150,0
2017-01-30,15:50:00,19.57,19.57,19.57,19.57,200,0
2017-01-30,16:20:00,19.5401,19.5492,19.5401,19.5492,200,0
2017-01-30,17:00:00,19.57,19.57,19.57,19.57,110,0
2017-01-30,17:35:00,19.61,19.61,19.61,19.61,300,0
2017-01-30,17:40:00,19.6499,19.6499,19.6499,19.6499,100,0
2017-01-30,18:20:00,19.6464,19.6464,19.6464,19.6464,785,0
2017-01-30,19:20:00,19.63,19.6347,19.63,19.6347,400,0
2017-01-30,19:55:00,19.635,19.6369,19.63,19.63,2954,0
2017-01-30,20:20:00,19.6297,19.6297,19.6297,19.6297,200,0
2017-01-30,20:50:00,19.6202,19.6202,19.6202,19.6202,528,0
2017-01-30,22:00:00,19.65,19.66,19.65,19.65,300,0
2017-01-31,16:15:00,19.85,19.85,19.85,19.85,100,0
2017-01-31,17:10:00,19.86,19.86,19.836,19.836,3760,0
2017-01-31,17:25:00,19.83,19.83,19.83,19.83,100,0
2017-01-31,17:35:00,19.8,19.8,19.8,19.8,100,0
2017-01-31,17:45:00,19.7903,19.7903,19.7903,19.7903,100,0
2017-01-31,18:15:00,19.7703,19.7703,19.77,19.77,320,0
2017-01-31,18:25:00,19.77,19.77,19.77,19.77,100,0
2017-01-31,22:00:00,19.85,19.85,19.85,19.85,300,0
2017-02-01,15:35:00,19.98,19.98,19.98,19.98,202,0
2017-02-01,16:35:00,19.92,19.93,19.92,19.93,782,0
2017-02-01,17:50:00,19.969,19.969,19.969,19.969,226,0
2017-02-01,20:05:00,19.96,19.96,19.96,19.96,100,0
2017-02-01,21:25:00,20,20,20,20,200,0
2017-02-01,21:40:00,20,20,20,20,1709,0
2017-02-01,22:00:00,20.0316,20.0316,20.001,20.001,1727,0
2017-02-02,15:35:00,19.96,20,19.96,20,2010,0
2017-02-02,15:45:00,20,20,20,20,102,0
2017-02-02,16:15:00,19.9518,19.9518,19.9518,19.9518,295,0
2017-02-02,16:25:00,19.98,20.0048,19.98,20.0048,705,0
2017-02-02,16:35:00,19.98,19.98,19.98,19.98,1100,0
2017-02-02,17:10:00,19.96,19.96,19.96,19.96,200,0
2017-02-02,17:15:00,19.99,19.99,19.99,19.99,200,0
2017-02-02,17:35:00,19.95,19.95,19.95,19.95,100,0
2017-02-02,19:25:00,19.95,19.95,19.95,19.95,300,0
2017-02-02,20:30:00,19.93,19.93,19.93,19.93,100,0
2017-02-02,20:35:00,19.91,19.91,19.91,19.91,405,0
2017-02-03,16:20:00,19.98,19.98,19.98,19.98,100,0
2017-02-03,16:25:00,20,20,20,20,100,0
2017-02-03,17:45:00,20,20,20,20,2600,0
2017-02-03,17:50:00,19.995,20,19.995,20,1100,0
2017-02-03,17:55:00,19.9744,19.9744,19.9744,19.9744,228,0
2017-02-03,18:05:00,19.96,19.99,19.96,19.99,200,0
2017-02-03,18:15:00,19.9787,19.9787,19.9787,19.9787,1000,0
2017-02-03,19:05:00,20.029,20.029,20.029,20.029,250,0
2017-02-03,19:35:00,19.9801,19.99,19.9801,19.99,378,0
2017-02-03,21:15:00,19.98,20.0121,19.97,19.9934,49890,0
2017-02-03,21:20:00,19.98,19.9934,19.98,19.9934,3550,0
2017-02-03,21:25:00,19.9701,19.9701,19.9701,19.9701,1566,0
2017-02-03,22:00:00,20.02,20.02,20.02,20.02,200,0
2017-02-06,15:50:00,19.8199,19.8199,19.8199,19.8199,140,0
2017-02-06,15:55:00,19.77,19.77,19.77,19.77,100,0
2017-02-06,16:05:00,19.75,19.75,19.75,19.75,300,0
2017-02-06,16:35:00,19.77,19.77,19.77,19.77,100,0
2017-02-06,17:25:00,19.76,19.76,19.76,19.76,100,0
2017-02-06,17:55:00,19.759,19.759,19.759,19.759,908,0
2017-02-06,18:05:00,19.73,19.73,19.7257,19.7257,400,0
2017-02-06,18:25:00,19.74,19.74,19.74,19.74,100,0
2017-02-06,19:10:00,19.693,19.693,19.693,19.693,200,0
2017-02-06,19:30:00,19.68,19.68,19.68,19.68,200,0
2017-02-06,20:55:00,19.749,19.749,19.749,19.749,350,0
2017-02-06,21:15:00,19.7204,19.7204,19.7204,19.7204,107,0
2017-02-06,22:00:00,19.77,19.79,19.77,19.78,3796,0
2017-02-07,15:35:00,19.74,19.74,19.74,19.74,1539,0
2017-02-07,16:35:00,19.7196,19.7196,19.7196,19.7196,200,0
2017-02-07,17:25:00,19.69,19.69,19.69,19.69,25355,0
2017-02-07,19:00:00,19.6397,19.6397,19.6397,19.6397,100,0
2017-02-07,20:15:00,19.665,19.665,19.665,19.665,500,0
2017-02-07,21:50:00,19.658,19.658,19.6501,19.658,2523,0
2017-02-07,22:00:00,19.665,19.665,19.665,19.665,100,0
2017-02-08,15:35:00,19.59,19.59,19.59,19.59,262,0
2017-02-08,16:55:00,19.65,19.65,19.65,19.65,100,0
2017-02-08,17:05:00,19.67,19.67,19.67,19.67,180,0
2017-02-08,17:30:00,19.729,19.729,19.729,19.729,255,0
2017-02-08,20:00:00,19.688,19.688,19.688,19.688,1525,0
2017-02-08,20:30:00,19.7099,19.7099,19.7099,19.7099,723,0
2017-02-08,20:40:00,19.6997,19.7044,19.6997,19.7044,525,0
2017-02-08,21:40:00,19.71,19.71,19.71,19.71,115,0
2017-02-09,18:25:00,19.7354,19.7354,19.7354,19.7354,284,0
2017-02-09,18:45:00,19.7229,19.7229,19.7229,19.7229,1363,0
2017-02-09,19:40:00,19.7,19.7,19.7,19.7,100,0
2017-02-09,20:40:00,19.73,19.73,19.73,19.73,100,0
2017-02-09,20:45:00,19.73,19.73,19.73,19.73,100,0
2017-02-09,22:00:00,19.73,19.73,19.73,19.73,100,0
2017-02-10,15:35:00,19.68,19.68,19.68,19.68,100,0
2017-02-10,16:00:00,19.6969,19.6969,19.6969,19.6969,127,0
2017-02-10,16:35:00,19.68,19.69,19.68,19.69,400,0
2017-02-10,18:00:00,19.75,19.75,19.75,19.75,600,0
2017-02-13,15:35:00,19.79,19.79,19.79,19.79,422,0
2017-02-13,15:55:00,19.78,19.78,19.78,19.78,100,0
2017-02-13,16:40:00,19.77,19.77,19.77,19.77,100,0
2017-02-13,18:05:00,19.77,19.77,19.77,19.77,100,0
2017-02-13,19:05:00,19.7801,19.7844,19.78,19.7817,1788,0
2017-02-13,19:35:00,19.8,19.8,19.79,19.79,6600,0
2017-02-13,19:45:00,19.8,19.8297,19.8,19.8297,912,0
2017-02-13,20:05:00,19.82,19.83,19.82,19.83,1200,0
2017-02-13,20:20:00,19.8396,19.8396,19.8396,19.8396,106,0
2017-02-13,20:30:00,19.84,19.84,19.84,19.84,600,0
2017-02-13,20:55:00,19.791,19.791,19.79,19.79,1918,0
2017-02-13,21:05:00,19.8097,19.8097,19.8097,19.8097,200,0
2017-02-13,21:20:00,19.83,19.83,19.815,19.83,1300,0
2017-02-13,21:35:00,19.83,19.83,19.82,19.83,3219,0
2017-02-13,21:40:00,19.83,19.83,19.79,19.79,1700,0
2017-02-13,22:00:00,19.82,19.82,19.82,19.82,100,0
2017-02-14,15:55:00,19.8203,19.8203,19.8203,19.8203,252,0
2017-02-14,16:35:00,19.78,19.78,19.7501,19.7652,11776,0
2017-02-14,16:40:00,19.76,19.76,19.755,19.755,600,0
2017-02-14,16:45:00,19.75,19.75,19.75,19.75,400,0
2017-02-14,18:25:00,19.7501,19.7501,19.7501,19.7501,200,0
2017-02-14,19:10:00,19.79,19.79,19.79,19.79,1100,0
2017-02-14,19:45:00,19.81,19.83,19.81,19.83,3000,0
2017-02-14,20:00:00,19.82,19.82,19.82,19.82,300,0
2017-02-14,20:20:00,19.82,19.82,19.82,19.82,1200,0
2017-02-14,20:40:00,19.83,19.83,19.83,19.83,430,0
2017-02-14,21:50:00,19.8201,19.8498,19.82,19.8202,2175,0
2017-02-14,22:00:00,19.84,19.85,19.84,19.85,305,0
2017-02-15,15:35:00,19.72,19.72,19.72,19.72,1710,0
2017-02-15,16:00:00,19.7756,19.7756,19.7756,19.7756,300,0
2017-02-15,18:05:00,19.88,19.88,19.88,19.88,100,0
2017-02-15,20:45:00,19.89,19.89,19.89,19.89,472,0
2017-02-15,21:00:00,19.9,19.9,19.9,19.9,100,0
2017-02-15,21:25:00,19.92,19.92,19.92,19.92,200,0
2017-02-15,21:30:00,19.9,19.9,19.9,19.9,204,0
2017-02-16,15:35:00,20,20,20,20,510,0
2017-02-16,16:45:00,20.11,20.1137,20.11,20.1137,400,0
2017-02-16,17:20:00,20.1094,20.1094,20.1094,20.1094,259,0
2017-02-16,18:25:00,20.1207,20.1207,20.1207,20.1207,149,0
2017-02-16,20:25:00,20.13,20.13,20.1182,20.1182,1325,0
2017-02-16,21:05:00,20.11,20.11,20.11,20.11,100,0
2017-02-16,21:40:00,20.11,20.11,20.11,20.11,200,0
2017-02-16,22:00:00,20.12,20.12,20.12,20.12,1114,0
2017-02-17,15:35:00,19.99,19.99,19.99,19.99,101,0
2017-02-17,16:15:00,19.96,19.96,19.96,19.96,100,0
2017-02-17,16:30:00,19.95,19.95,19.95,19.95,100,0
2017-02-17,17:10:00,19.96,19.9798,19.96,19.9798,309,0
2017-02-17,17:35:00,19.9601,19.9601,19.9601,19.9601,247,0
2017-02-17,18:00:00,19.98,19.98,19.98,19.98,100,0
2017-02-17,18:50:00,19.98,19.98,19.98,19.98,1000,0
2017-02-17,19:40:00,19.99,19.99,19.99,19.99,500,0
2017-02-17,20:00:00,19.99,19.99,19.99,19.99,400,0
2017-02-17,20:35:00,20.01,20.01,20.01,20.01,1200,0
2017-02-17,21:05:00,20.0097,20.01,20.0097,20.01,356,0
2017-02-17,21:35:00,20.01,20.01,20.01,20.01,1200,0
2017-02-21,15:35:00,19.87,19.87,19.87,19.87,918,0
2017-02-21,15:55:00,19.97,19.97,19.97,19.97,230,0
2017-02-21,16:20:00,19.98,19.98,19.98,19.98,300,0
2017-02-21,16:35:00,19.9622,19.9622,19.9622,19.9622,100,0
2017-02-21,17:00:00,19.98,19.98,19.98,19.98,100,0
2017-02-21,17:15:00,19.961,19.961,19.961,19.961,100,0
2017-02-21,17:20:00,19.98,19.98,19.98,19.98,500,0
2017-02-21,17:30:00,19.98,19.98,19.98,19.98,200,0
2017-02-21,17:45:00,19.99,19.99,19.99,19.99,600,0
2017-02-21,18:05:00,20,20,20,20,300,0
2017-02-21,18:30:00,20.0133,20.0133,20.0133,20.0133,515,0
2017-02-21,19:15:00,19.99,19.9901,19.99,19.9901,4600,0
2017-02-21,20:10:00,19.9963,19.9963,19.9963,19.9963,148,0
2017-02-21,21:10:00,20.01,20.01,20.01,20.01,100,0
2017-02-21,21:35:00,20.02,20.02,20.02,20.02,369,0
2017-02-22,15:35:00,19.86,19.86,19.86,19.86,200,0
2017-02-22,16:40:00,19.8,19.8,19.8,19.8,500,0
2017-02-22,16:55:00,19.87,19.87,19.87,19.87,100,0
2017-02-22,18:25:00,19.9001,19.9001,19.9001,19.9001,177,0
2017-02-22,19:30:00,19.9023,19.9023,19.9023,19.9023,270,0
2017-02-22,20:05:00,19.91,19.91,19.86,19.91,4000,0
2017-02-22,20:10:00,19.91,19.91,19.91,19.91,2200,0
2017-02-22,20:30:00,19.95,19.95,19.95,19.95,255,0
2017-02-22,21:00:00,19.94,19.94,19.94,19.94,300,0
2017-02-22,22:00:00,19.9623,19.9623,19.96,19.96,216,0
2017-02-23,16:00:00,20.0699,20.0699,20.0699,20.0699,3750,0
2017-02-23,16:10:00,20.03,20.03,20.03,20.03,100,0
2017-02-23,16:20:00,20.03,20.03,20.03,20.03,200,0
2017-02-23,16:55:00,20.0259,20.0259,20.0259,20.0259,400,0
2017-02-23,17:20:00,19.9555,19.9555,19.9555,19.9555,215,0
2017-02-23,17:25:00,19.96,19.96,19.96,19.96,100,0
2017-02-23,17:35:00,19.95,19.9645,19.95,19.9645,1940,0
2017-02-23,17:45:00,19.99,19.99,19.99,19.99,300,0
2017-02-23,17:50:00,19.9984,19.9984,19.9984,19.9984,300,0
2017-02-23,18:20:00,20.01,20.01,20.01,20.01,500,0
2017-02-23,20:00:00,20.01,20.01,20.01,20.01,100,0
2017-02-23,20:25:00,20.03,20.03,20.03,20.03,1800,0
2017-02-24,15:35:00,19.76,19.76,19.76,19.76,100,0
2017-02-24,16:05:00,19.81,19.82,19.81,19.82,2189,0
2017-02-24,16:15:00,19.76,19.76,19.76,19.76,200,0
2017-02-24,16:50:00,19.7897,19.7897,19.76,19.76,400,0
2017-02-24,17:30:00,19.8,19.8,19.8,19.8,100,0
2017-02-24,18:20:00,19.834,19.834,19.834,19.834,176,0
2017-02-24,19:30:00,19.7905,19.7905,19.7905,19.7905,900,0
2017-02-24,21:30:00,19.7875,19.7875,19.7875,19.7875,125,0
2017-02-24,21:50:00,19.79,19.79,19.79,19.79,400,0
2017-02-24,21:55:00,19.7834,19.7834,19.7834,19.7834,202,0
2017-02-27,15:35:00,19.71,19.71,19.71,19.71,1402,0
2017-02-27,17:40:00,19.77,19.77,19.75,19.76,3112,0
2017-02-27,17:45:00,19.76,19.76,19.76,19.76,1937,0
2017-02-27,18:10:00,19.78,19.78,19.78,19.78,444,0
2017-02-27,18:55:00,19.76,19.76,19.76,19.76,200,0
2017-02-27,19:35:00,19.75,19.75,19.75,19.75,700,0
2017-02-27,19:50:00,19.74,19.74,19.74,19.74,600,0
2017-02-27,20:00:00,19.74,19.74,19.74,19.74,600,0
2017-02-27,20:25:00,19.71,19.71,19.71,19.71,100,0
2017-02-27,20:30:00,19.73,19.73,19.73,19.73,4500,0
2017-02-27,20:35:00,19.74,19.74,19.74,19.74,1300,0
2017-02-27,20:40:00,19.73,19.73,19.73,19.73,100,0
2017-02-27,20:45:00,19.7398,19.7398,19.73,19.73,200,0
2017-02-27,20:50:00,19.73,19.73,19.73,19.73,100,0
2017-02-27,21:05:00,19.74,19.74,19.74,19.74,600,0
2017-02-27,21:10:00,19.73,19.74,19.73,19.74,200,0
2017-02-27,21:55:00,19.75,19.75,19.73,19.73,1400,0
2017-02-27,22:00:00,19.74,19.74,19.74,19.74,130,0
2017-02-28,15:35:00,19.7,19.7,19.7,19.7,2022,0
2017-02-28,16:40:00,19.77,19.77,19.77,19.77,700,0
2017-02-28,16:45:00,19.77,19.77,19.77,19.77,100,0
2017-02-28,16:50:00,19.77,19.77,19.76,19.76,1300,0
2017-02-28,17:00:00,19.79,19.81,19.79,19.81,1000,0
2017-02-28,17:20:00,19.79,19.79,19.79,19.79,400,0
2017-02-28,18:30:00,19.789,19.789,19.789,19.789,202,0
2017-02-28,18:50:00,19.75,19.75,19.75,19.75,100,0
2017-02-28,19:45:00,19.7558,19.7558,19.74,19.74,1366,0
2017-02-28,20:30:00,19.74,19.74,19.74,19.74,200,0
2017-02-28,20:45:00,19.72,19.72,19.701,19.701,329,0
2017-02-28,20:50:00,19.74,19.74,19.74,19.74,370,0
2017-02-28,21:00:00,19.7342,19.7342,19.7342,19.7342,1520,0
2017-02-28,22:00:00,19.7,19.73,19.7,19.73,200,0
2017-03-01,15:35:00,19.9303,19.9303,19.9303,19.9303,400,0
2017-03-01,16:05:00,19.8926,19.8926,19.88,19.88,3181,0
2017-03-01,16:30:00,19.9,19.9,19.9,19.9,300,0
2017-03-01,16:35:00,19.91,19.91,19.91,19.91,1800,0
2017-03-01,16:40:00,19.91,19.91,19.91,19.91,300,0
2017-03-01,17:10:00,19.92,19.92,19.92,19.92,600,0
2017-03-01,17:15:00,19.94,19.94,19.94,19.94,100,0
2017-03-01,21:05:00,19.955,19.955,19.955,19.955,100,0
2017-03-01,21:20:00,19.97,19.97,19.97,19.97,275,0
2017-03-02,18:50:00,19.74,19.74,19.74,19.74,100,0
2017-03-02,20:00:00,19.75,19.75,19.75,19.75,300,0
2017-03-02,21:55:00,19.712,19.712,19.712,19.712,200,0
2017-03-02,22:00:00,19.73,19.73,19.73,19.73,1200,0
2017-03-03,15:35:00,19.86,19.86,19.86,19.86,998,0
2017-03-03,16:25:00,19.81,19.81,19.81,19.81,200,0
2017-03-03,16:30:00,19.7876,19.7876,19.7876,19.7876,300,0
2017-03-03,21:00:00,19.875,19.875,19.875,19.875,111,0
2017-03-03,21:35:00,19.92,19.92,19.92,19.92,100,0
2017-03-03,21:50:00,19.94,19.94,19.94,19.94,276,0
2017-03-06,16:05:00,19.8162,19.8162,19.8162,19.8162,701,0
2017-03-06,16:20:00,19.82,19.82,19.82,19.82,300,0
2017-03-06,17:00:00,19.8071,19.8071,19.8071,19.8071,212,0
2017-03-06,18:25:00,19.8097,19.8097,19.8097,19.8097,200,0
2017-03-06,18:55:00,19.7827,19.7827,19.7827,19.7827,230,0
2017-03-06,22:00:00,19.8082,19.8082,19.8082,19.8082,200,0
2017-03-07,15:35:00,19.74,19.74,19.74,19.74,200,0
2017-03-07,15:55:00,19.66,19.6797,19.66,19.6758,1139,0
2017-03-07,16:15:00,19.6941,19.6941,19.6941,19.6941,100,0
2017-03-07,16:35:00,19.7389,19.7389,19.7389,19.7389,100,0
2017-03-07,16:40:00,19.72,19.72,19.72,19.72,100,0
2017-03-07,17:35:00,19.749,19.749,19.749,19.749,177,0
2017-03-07,17:50:00,19.7318,19.7318,19.7318,19.7318,185,0
2017-03-07,17:55:00,19.75,19.75,19.75,19.75,300,0
2017-03-07,20:25:00,19.7456,19.7456,19.7456,19.7456,454,0
2017-03-08,15:35:00,19.7,19.7,19.7,19.7,252,0
2017-03-08,16:20:00,19.64,19.64,19.64,19.64,100,0
2017-03-08,19:50:00,19.62,19.62,19.62,19.62,237,0
2017-03-08,21:35:00,19.6,19.6,19.6,19.6,500,0
2017-03-09,15:35:00,19.68,19.68,19.68,19.68,300,0
2017-03-09,20:10:00,19.72,19.72,19.72,19.72,100,0
2017-03-09,20:30:00,19.7,19.7,19.7,19.7,100,0
2017-03-09,21:20:00,19.74,19.74,19.74,19.74,240,0
2017-03-09,21:25:00,19.741,19.741,19.741,19.741,100,0
2017-03-09,21:30:00,19.75,19.75,19.75,19.75,1300,0
2017-03-09,22:00:00,19.76,19.76,19.76,19.76,100,0
2017-03-10,15:55:00,19.8802,19.8802,19.8802,19.8802,689,0
2017-03-10,16:25:00,19.9265,19.9265,19.9265,19.9265,435,0
2017-03-10,17:35:00,19.93,19.93,19.93,19.93,500,0
2017-03-10,18:30:00,19.901,19.901,19.901,19.901,246,0
2017-03-10,21:35:00,19.951,19.951,19.951,19.951,100,0
2017-03-10,21:40:00,19.975,19.975,19.975,19.975,400,0
2017-03-13,14:35:00,20,20,20,20,103,0
2017-03-13,16:00:00,20.0654,20.0654,20.0654,20.0654,1776,0
2017-03-13,18:05:00,20.0634,20.0634,20.0634,20.0634,113,0
2017-03-13,18:10:00,20.09,20.09,20.0858,20.0858,3675,0
2017-03-13,18:20:00,20.0615,20.0615,20.0615,20.0615,820,0
2017-03-13,19:05:00,20.0565,20.0565,20.0565,20.0565,100,0
2017-03-13,19:20:00,20.0634,20.0634,20.05,20.05,612,0
2017-03-13,20:20:00,20.0601,20.0601,20.0601,20.0601,322,0
2017-03-13,21:00:00,20.1,20.1,20.1,20.1,100,0
2017-03-14,14:35:00,19.98,19.98,19.98,19.98,500,0
2017-03-14,14:40:00,19.97,19.98,19.97,19.98,5900,0
2017-03-14,15:20:00,19.92,19.92,19.92,19.92,800,0
2017-03-14,15:50:00,19.91,19.91,19.91,19.91,100,0
2017-03-14,16:00:00,19.9364,19.9364,19.9364,19.9364,278,0
2017-03-14,16:15:00,19.93,19.93,19.93,19.93,100,0
2017-03-14,19:05:00,19.93,19.93,19.93,19.93,100,0
2017-03-14,21:00:00,19.92,19.92,19.92,19.92,300,0
2017-03-15,16:20:00,19.9196,19.9196,19.9196,19.9196,172,0
2017-03-15,17:30:00,19.9626,19.9626,19.9626,19.9626,100,0
2017-03-15,17:55:00,19.9622,19.9622,19.9622,19.9622,298,0
2017-03-15,20:10:00,20.1272,20.1272,20.1272,20.1272,300,0
2017-03-15,21:00:00,20.135,20.135,20.135,20.135,100,0
2017-03-16,14:35:00,20.26,20.26,20.26,20.26,6000,0
2017-03-16,14:40:00,20.275,20.275,20.275,20.275,100,0
2017-03-16,15:15:00,20.27,20.27,20.27,20.27,100,0
2017-03-16,16:00:00,20.27,20.27,20.27,20.27,100,0
2017-03-16,16:10:00,20.25,20.2644,20.25,20.2644,1000,0
2017-03-16,16:25:00,20.23,20.2364,20.23,20.2364,260,0
2017-03-16,16:40:00,20.23,20.23,20.23,20.23,100,0
2017-03-16,17:45:00,20.277,20.277,20.27,20.27,431,0
2017-03-16,17:50:00,20.29,20.29,20.29,20.29,100,0
2017-03-16,19:05:00,20.2557,20.2557,20.2557,20.2557,150,0
2017-03-16,19:15:00,20.25,20.25,20.25,20.25,231,0
2017-03-16,19:20:00,20.274,20.274,20.274,20.274,175,0
2017-03-16,21:00:00,20.31,20.31,20.31,20.31,400,0
2017-03-17,15:05:00,20.3796,20.3796,20.3796,20.3796,100,0
2017-03-17,15:20:00,20.37,20.37,20.37,20.37,100,0
2017-03-17,15:25:00,20.37,20.37,20.37,20.37,425,0
2017-03-17,16:15:00,20.34,20.34,20.34,20.34,100,0
2017-03-17,17:25:00,20.37,20.37,20.3698,20.3698,400,0
2017-03-17,18:20:00,20.37,20.37,20.37,20.37,100,0
2017-03-17,19:00:00,20.37,20.37,20.37,20.37,100,0
2017-03-17,19:45:00,20.3856,20.3856,20.3856,20.3856,150,0
2017-03-17,20:15:00,20.3884,20.3884,20.3884,20.3884,150,0
2017-03-17,20:40:00,20.35,20.37,20.34,20.37,673,0
2017-03-17,21:00:00,20.33,20.3458,20.33,20.33,2180,0
2017-03-20,14:35:00,20.36,20.36,20.36,20.36,100,0
2017-03-20,15:40:00,20.35,20.35,20.35,20.35,800,0
2017-03-20,16:55:00,20.3832,20.3832,20.3832,20.3832,275,0
2017-03-20,18:40:00,20.34,20.34,20.34,20.34,500,0
2017-03-20,20:00:00,20.29,20.29,20.29,20.29,372,0
2017-03-20,20:30:00,20.3298,20.3298,20.3298,20.3298,278,0
2017-03-20,20:50:00,20.325,20.325,20.325,20.325,100,0
2017-03-21,14:35:00,20.5,20.5,20.5,20.5,101,0
2017-03-21,15:15:00,20.5,20.5,20.5,20.5,2100,0
2017-03-21,15:40:00,20.4776,20.4776,20.4776,20.4776,100,0
2017-03-21,16:00:00,20.44,20.44,20.44,20.44,100,0
2017-03-21,16:20:00,20.34,20.34,20.34,20.34,100,0
2017-03-21,16:50:00,20.27,20.27,20.27,20.27,200,0
2017-03-21,17:10:00,20.29,20.29,20.29,20.29,200,0
2017-03-21,17:15:00,20.29,20.29,20.29,20.29,100,0
2017-03-21,17:35:00,20.27,20.27,20.27,20.27,600,0
2017-03-21,18:20:00,20.24,20.24,20.24,20.24,100,0
2017-03-21,18:35:00,20.2496,20.2496,20.2496,20.2496,100,0
2017-03-21,21:00:00,20.16,20.16,20.16,20.16,400,0
2017-03-22,14:35:00,20.09,20.09,20.084,20.084,1221,0
2017-03-22,15:05:00,20.1048,20.1048,20.1048,20.1048,250,0
2017-03-22,16:45:00,20.14,20.14,20.14,20.14,100,0
2017-03-22,17:50:00,20.12,20.12,20.12,20.12,1000,0
2017-03-22,18:05:00,20.11,20.11,20.11,20.11,200,0
2017-03-22,20:55:00,20.1601,20.1601,20.1601,20.1601,354,0
2017-03-22,21:00:00,20.16,20.16,20.15,20.15,1000,0
2017-03-23,14:35:00,20.21,20.21,20.21,20.21,1545,0
2017-03-23,14:40:00,20.17,20.17,20.17,20.17,300,0
2017-03-23,15:35:00,20.2,20.2,20.2,20.2,100,0
2017-03-23,17:20:00,20.278,20.278,20.278,20.278,215,0
2017-03-23,21:00:00,20.1996,20.2,20.1996,20.2,378,0
2017-03-24,14:35:00,20.27,20.27,20.27,20.27,100,0
2017-03-24,15:25:00,20.2729,20.2729,20.2729,20.2729,940,0
2017-03-24,15:55:00,20.32,20.3399,20.32,20.3399,420,0
2017-03-24,16:30:00,20.33,20.33,20.318,20.318,1500,0
2017-03-24,16:35:00,20.3295,20.3295,20.3295,20.3295,244,0
2017-03-24,18:25:00,20.32,20.32,20.32,20.32,100,0
2017-03-27,15:35:00,20.22,20.22,20.22,20.22,277,0
2017-03-27,15:40:00,20.29,20.32,20.29,20.31,536,0
2017-03-27,17:30:00,20.43,20.43,20.4298,20.4298,1068,0
2017-03-27,18:30:00,20.424,20.424,20.424,20.424,100,0
2017-03-27,19:10:00,20.42,20.42,20.42,20.42,139,0
2017-03-27,20:20:00,20.4342,20.4342,20.4342,20.4342,156,0
2017-03-27,20:40:00,20.418,20.418,20.418,20.418,135,0
2017-03-27,21:55:00,20.44,20.48,20.44,20.4423,1000,0
2017-03-27,22:00:00,20.46,20.46,20.46,20.46,100,0
2017-03-28,15:45:00,20.445,20.445,20.43,20.44,2000,0
2017-03-28,16:45:00,20.42,20.42,20.42,20.42,100,0
2017-03-28,18:00:00,20.46,20.46,20.46,20.46,200,0
2017-03-28,20:05:00,20.43,20.43,20.43,20.43,1000,0
2017-03-28,21:35:00,20.39,20.39,20.385,20.385,400,0
2017-03-28,21:45:00,20.38,20.3801,20.38,20.3801,3400,0
2017-03-28,21:50:00,20.413,20.413,20.413,20.413,278,0
2017-03-28,22:00:00,20.42,20.42,20.42,20.42,100,0
2017-03-29,15:35:00,20.3,20.3,20.3,20.3,100,0
2017-03-29,16:15:00,20.2799,20.2896,20.2799,20.2896,566,0
2017-03-29,17:25:00,20.3286,20.34,20.3286,20.34,2016,0
2017-03-29,17:40:00,20.34,20.34,20.34,20.34,200,0
2017-03-29,18:45:00,20.3324,20.3324,20.3324,20.3324,149,0
2017-03-29,18:55:00,20.32,20.32,20.31,20.31,1900,0
2017-03-29,19:50:00,20.36,20.36,20.36,20.36,100,0
2017-03-29,21:45:00,20.37,20.385,20.36,20.36,3000,0
2017-03-29,22:00:00,20.37,20.37,20.35,20.3644,1069,0
2017-03-30,15:35:00,20.3,20.3,20.3,20.3,100,0
2017-03-30,15:40:00,20.3499,20.3499,20.3499,20.3499,200,0
2017-03-30,16:00:00,20.28,20.28,20.28,20.28,500,0
2017-03-30,16:35:00,20.28,20.28,20.28,20.28,600,0
2017-03-30,16:55:00,20.298,20.298,20.298,20.298,100,0
2017-03-30,17:00:00,20.3051,20.3051,20.3051,20.3051,500,0
2017-03-30,19:10:00,20.28,20.28,20.28,20.28,100,0
2017-03-30,20:30:00,20.26,20.26,20.2599,20.2599,400,0
2017-03-30,22:00:00,20.26,20.26,20.26,20.26,200,0
2017-03-31,17:20:00,20.44,20.44,20.4196,20.4196,277,0
2017-03-31,17:35:00,20.42,20.42,20.42,20.42,100,0
2017-03-31,18:25:00,20.43,20.43,20.43,20.43,100,0
2017-03-31,18:45:00,20.44,20.44,20.43,20.43,200,0
2017-03-31,18:55:00,20.43,20.43,20.43,20.43,600,0
2017-03-31,22:00:00,20.38,20.38,20.37,20.37,200,0
2017-04-03,15:35:00,20.38,20.38,20.38,20.38,250,0
2017-04-03,16:40:00,20.3,20.3,20.3,20.3,100,0
2017-04-03,17:05:00,20.2,20.2,20.18,20.18,450,0
2017-04-03,17:10:00,20.22,20.22,20.22,20.22,1000,0
2017-04-03,17:40:00,20.17,20.17,20.17,20.17,100,0
2017-04-03,17:50:00,20.16,20.16,20.16,20.16,200,0
2017-04-03,18:05:00,20.12,20.12,20.12,20.12,100,0
2017-04-03,19:35:00,20.22,20.22,20.22,20.22,100,0
2017-04-03,19:40:00,20.2107,20.2107,20.2107,20.2107,100,0
2017-04-03,20:45:00,20.205,20.205,20.205,20.205,1000,0
2017-04-03,20:50:00,20.2,20.201,20.1901,20.201,2000,0
2017-04-03,20:55:00,20.19,20.19,20.19,20.19,100,0
2017-04-03,21:50:00,20.22,20.22,20.22,20.22,100,0
2017-04-03,22:00:00,20.23,20.23,20.23,20.23,400,0
2017-04-04,16:00:00,20.18,20.19,20.17,20.17,1616,0
2017-04-04,16:40:00,20.23,20.268,20.2298,20.265,1800,0
2017-04-04,17:40:00,20.24,20.24,20.24,20.24,2096,0
2017-04-04,20:40:00,20.25,20.25,20.25,20.25,100,0
2017-04-04,20:50:00,20.251,20.251,20.251,20.251,100,0
2017-04-04,21:20:00,20.2506,20.28,20.2506,20.28,1200,0
2017-04-04,21:25:00,20.24,20.24,20.24,20.24,446,0
2017-04-04,21:45:00,20.26,20.26,20.24,20.25,4056,0
2017-04-04,22:00:00,20.28,20.29,20.28,20.29,350,0
2017-04-05,15:35:00,20.29,20.29,20.29,20.29,398,0
2017-04-05,16:20:00,20.3,20.3,20.2997,20.2998,4400,0
2017-04-05,16:55:00,20.26,20.26,20.26,20.26,300,0
2017-04-05,17:00:00,20.25,20.25,20.25,20.25,200,0
2017-04-05,17:15:00,20.23,20.25,20.23,20.25,700,0
2017-04-05,17:25:00,20.21,20.21,20.21,20.21,200,0
2017-04-05,17:35:00,20.18,20.18,20.18,20.18,200,0
2017-04-05,17:40:00,20.1701,20.185,20.1701,20.185,2280,0
2017-04-05,20:45:00,20.172,20.172,20.172,20.172,247,0
2017-04-05,21:50:00,20.1302,20.1302,20.1302,20.1302,100,0
2017-04-06,15:35:00,20.22,20.22,20.22,20.22,250,0
2017-04-06,17:15:00,20.23,20.23,20.2298,20.2298,400,0
2017-04-06,17:25:00,20.25,20.25,20.25,20.25,200,0
2017-04-06,18:40:00,20.21,20.21,20.21,20.21,600,0
2017-04-06,19:35:00,20.2108,20.2108,20.2108,20.2108,300,0
2017-04-06,21:40:00,20.1799,20.1799,20.1797,20.1797,1000,0
2017-04-07,18:50:00,20.18,20.18,20.18,20.18,100,0
2017-04-07,19:30:00,20.14,20.14,20.14,20.14,200,0
2017-04-07,20:35:00,20.1875,20.1875,20.1875,20.1875,125,0
2017-04-07,21:55:00,20.15,20.15,20.15,20.15,120,0
2017-04-10,15:35:00,20.2,20.2,20.2,20.2,100,0
2017-04-10,15:50:00,20.2,20.2,20.2,20.2,500,0
2017-04-10,15:55:00,20.22,20.22,20.22,20.22,500,0
2017-04-10,16:20:00,20.17,20.17,20.17,20.17,300,0
2017-04-10,16:25:00,20.17,20.17,20.17,20.17,600,0
2017-04-10,17:00:00,20.22,20.22,20.22,20.22,100,0
2017-04-10,20:50:00,20.181,20.181,20.181,20.181,148,0
2017-04-10,21:35:00,20.1934,20.1934,20.1934,20.1934,100,0
2017-04-10,22:00:00,20.17,20.17,20.15,20.15,700,0
2017-04-11,16:40:00,20.24,20.24,20.24,20.24,200,0
2017-04-11,16:45:00,20.22,20.22,20.22,20.22,200,0
2017-04-11,16:55:00,20.21,20.21,20.21,20.21,200,0
2017-04-11,22:00:00,20.31,20.32,20.27,20.27,3100,0
2017-04-12,15:35:00,20.3895,20.3895,20.3895,20.3895,361,0
2017-04-12,16:45:00,20.395,20.395,20.395,20.395,137,0
2017-04-12,17:35:00,20.37,20.37,20.37,20.37,200,0
2017-04-12,17:40:00,20.35,20.35,20.35,20.35,700,0
2017-04-12,18:40:00,20.385,20.385,20.385,20.385,100,0
2017-04-12,19:30:00,20.33,20.33,20.33,20.33,200,0
2017-04-12,19:55:00,20.3569,20.3569,20.3569,20.3569,500,0
2017-04-12,20:05:00,20.3574,20.3574,20.3574,20.3574,221,0
2017-04-12,21:15:00,20.35,20.36,20.35,20.36,1153,0
2017-04-12,21:25:00,20.415,20.415,20.415,20.415,490,0
2017-04-12,21:45:00,20.39,20.39,20.39,20.39,100,0
2017-04-12,22:00:00,20.4,20.4,20.4,20.4,600,0
2017-04-13,15:40:00,20.3123,20.3123,20.3123,20.3123,1619,0
2017-04-13,17:30:00,20.34,20.34,20.3286,20.34,817,0
2017-04-13,18:45:00,20.338,20.338,20.338,20.338,100,0
2017-04-13,19:50:00,20.299,20.299,20.299,20.299,196,0
2017-04-13,20:15:00,20.2819,20.2819,20.2819,20.2819,393,0
2017-04-13,20:30:00,20.25,20.25,20.25,20.25,1000,0
2017-04-13,21:00:00,20.2752,20.2752,20.2752,20.2752,100,0
2017-04-13,21:20:00,20.3,20.3,20.3,20.3,219,0
2017-04-17,15:35:00,20.45,20.45,20.45,20.45,1000,0
2017-04-17,16:35:00,20.43,20.43,20.43,20.43,100,0
2017-04-17,17:45:00,20.43,20.43,20.4299,20.4299,1272,0
2017-04-17,18:00:00,20.3901,20.3901,20.3901,20.3901,569,0
2017-04-17,19:35:00,20.4209,20.4209,20.4209,20.4209,318,0
2017-04-17,21:00:00,20.3901,20.3901,20.3901,20.3901,192,0
2017-04-17,21:10:00,20.3999,20.3999,20.3999,20.3999,200,0
2017-04-18,17:00:00,20.22,20.22,20.22,20.22,600,0
2017-04-18,17:35:00,20.22,20.22,20.22,20.22,100,0
2017-04-18,17:40:00,20.2,20.2,20.2,20.2,700,0
2017-04-18,18:05:00,20.17,20.17,20.17,20.17,500,0
2017-04-18,18:35:00,20.1529,20.1529,20.1529,20.1529,374,0
2017-04-18,20:00:00,20.2097,20.2097,20.2096,20.2096,750,0
2017-04-18,22:00:00,20.25,20.25,20.2,20.2,968,0
2017-04-19,16:05:00,20.4,20.4,20.4,20.4,300,0
2017-04-19,16:20:00,20.33,20.33,20.33,20.33,200,0
2017-04-19,16:35:00,20.321,20.321,20.321,20.321,213,0
2017-04-19,18:05:00,20.3,20.3,20.3,20.3,200,0
2017-04-19,18:10:00,20.29,20.29,20.29,20.29,200,0
2017-04-19,18:25:00,20.3,20.3,20.3,20.3,100,0
2017-04-19,20:40:00,20.31,20.31,20.2896,20.2896,984,0
2017-04-19,22:00:00,20.22,20.22,20.21,20.21,600,0
2017-04-20,15:55:00,20.48,20.48,20.48,20.48,200,0
2017-04-20,16:10:00,20.49,20.49,20.49,20.49,300,0
2017-04-20,17:05:00,20.46,20.46,20.46,20.46,200,0
2017-04-20,17:25:00,20.45,20.45,20.45,20.45,2200,0
2017-04-20,18:10:00,20.43,20.43,20.43,20.43,200,0
2017-04-20,19:15:00,20.41,20.41,20.41,20.41,500,0
2017-04-20,21:00:00,20.44,20.44,20.4257,20.426,2800,0
2017-04-20,21:05:00,20.4213,20.4213,20.4213,20.4213,1192,0
2017-04-20,21:10:00,20.4257,20.44,20.4257,20.44,2400,0
2017-04-20,21:15:00,20.4235,20.4235,20.4235,20.4235,1306,0
2017-04-20,21:25:00,20.39,20.39,20.39,20.39,500,0
2017-04-20,21:35:00,20.413,20.43,20.4129,20.43,2400,0
2017-04-20,21:40:00,20.4105,20.43,20.4105,20.43,930,0
2017-04-20,22:00:00,20.37,20.37,20.37,20.37,473,0
2017-04-21,15:35:00,20.35,20.35,20.35,20.35,200,0
2017-04-21,16:20:00,20.36,20.36,20.3401,20.3401,430,0
2017-04-21,16:30:00,20.3437,20.3437,20.3437,20.3437,343,0
2017-04-21,16:35:00,20.31,20.332,20.31,20.332,524,0
2017-04-21,16:40:00,20.3,20.3,20.3,20.3,200,0
2017-04-21,16:45:00,20.29,20.3262,20.29,20.324,613,0
2017-04-21,17:10:00,20.33,20.33,20.3105,20.3105,842,0
2017-04-21,17:15:00,20.27,20.31,20.26,20.31,2062,0
2017-04-21,17:35:00,20.2985,20.2985,20.2809,20.2809,367,0
2017-04-21,19:15:00,20.25,20.25,20.25,20.25,300,0
2017-04-21,20:55:00,20.25,20.25,20.25,20.25,100,0
2017-04-21,22:00:00,20.28,20.29,20.27,20.29,1100,0
2017-04-24,15:35:00,21,21,21,21,227,0
2017-04-24,15:55:00,20.97,20.97,20.97,20.97,1500,0
2017-04-24,16:00:00,20.99,20.99,20.99,20.99,1200,0
2017-04-24,16:10:00,21.0173,21.0173,21.011,21.011,1135,0
2017-04-24,16:40:00,21,21,21,21,600,0
2017-04-24,17:15:00,21,21,21,21,100,0
2017-04-24,17:50:00,20.985,20.985,20.985,20.985,220,0
2017-04-24,18:30:00,20.99,21,20.99,21,2600,0
2017-04-24,18:35:00,21.0001,21.0001,21.0001,21.0001,1000,0
2017-04-24,19:00:00,21,21,21,21,1000,0
2017-04-24,20:20:00,21.01,21.01,21.01,21.01,600,0
2017-04-24,20:25:00,21.01,21.01,21.01,21.01,1000,0
2017-04-24,20:30:00,21.0009,21.0009,21.0009,21.0009,100,0
2017-04-24,20:40:00,21.01,21.04,21.01,21.04,1276,0
2017-04-24,21:05:00,21.04,21.04,21.04,21.04,100,0
2017-04-24,21:20:00,21.001,21.001,21.001,21.001,183,0
2017-04-24,22:00:00,21.05,21.06,21.05,21.05,500,0
2017-04-25,15:35:00,21.2,21.2,21.2,21.2,647,0
2017-04-25,16:55:00,21.24,21.28,21.24,21.28,1100,0
2017-04-25,18:25:00,21.2801,21.2801,21.2801,21.2801,350,0
2017-04-25,18:35:00,21.2963,21.2963,21.2963,21.2963,200,0
2017-04-25,19:05:00,21.2979,21.2979,21.2979,21.2979,100,0
2017-04-25,19:20:00,21.315,21.315,21.3,21.3,600,0
2017-04-25,20:45:00,21.3001,21.3001,21.3001,21.3001,290,0
2017-04-25,21:10:00,21.3264,21.3264,21.3264,21.3264,200,0
2017-04-25,22:00:00,21.34,21.34,21.34,21.34,100,0
2017-04-26,16:25:00,21.27,21.27,21.26,21.26,6400,0
2017-04-26,17:50:00,21.28,21.28,21.28,21.28,500,0
2017-04-26,19:45:00,21.25,21.25,21.25,21.25,325,0
2017-04-26,20:25:00,21.3,21.3,21.3,21.3,455,0
2017-04-26,20:50:00,21.33,21.33,21.33,21.33,200,0
2017-04-26,21:15:00,21.3216,21.3216,21.3216,21.3216,100,0
2017-04-26,21:50:00,21.315,21.315,21.3138,21.3138,554,0
2017-04-26,22:00:00,21.26,21.28,21.26,21.28,200,0
