Date,Time,Open,High,Low,Close,Volume,OpenInt
2017-02-16,15:35:00,46.641,46.861,46.641,46.861,1458,0
2017-02-16,15:40:00,46.911,46.911,46.911,46.911,126,0
2017-02-16,15:45:00,46.961,46.961,46.961,46.961,401,0
2017-02-16,15:50:00,46.936,46.936,46.936,46.936,100,0
2017-02-16,16:15:00,46.811,46.811,46.811,46.811,100,0
2017-02-16,16:25:00,46.771,46.771,46.771,46.771,100,0
2017-02-16,17:05:00,46.541,46.541,46.541,46.541,401,0
2017-02-16,17:10:00,46.531,46.531,46.531,46.531,170,0
2017-02-16,17:15:00,46.441,46.441,46.431,46.431,200,0
2017-02-16,17:50:00,46.581,46.581,46.581,46.581,611,0
2017-02-16,17:55:00,46.588,46.588,46.588,46.588,108,0
2017-02-16,18:10:00,46.571,46.571,46.541,46.541,401,0
2017-02-16,18:55:00,46.596,46.621,46.596,46.621,200,0
2017-02-16,19:05:00,46.561,46.561,46.551,46.551,200,0
2017-02-16,19:10:00,46.541,46.551,46.541,46.551,200,0
2017-02-16,19:20:00,46.541,46.541,46.541,46.541,200,0
2017-02-16,19:25:00,46.541,46.541,46.541,46.541,200,0
2017-02-16,19:30:00,46.531,46.531,46.531,46.531,100,0
2017-02-16,19:50:00,46.53,46.53,46.53,46.53,1001,0
2017-02-16,19:55:00,46.516,46.516,46.511,46.511,601,0
2017-02-16,20:10:00,46.518,46.521,46.518,46.521,200,0
2017-02-16,20:20:00,46.511,46.511,46.511,46.511,200,0
2017-02-16,20:40:00,46.461,46.461,46.461,46.461,100,0
2017-02-16,21:00:00,46.521,46.521,46.521,46.521,300,0
2017-02-16,21:05:00,46.541,46.561,46.541,46.561,401,0
2017-02-16,21:10:00,46.561,46.561,46.551,46.551,1202,0
2017-02-16,21:15:00,46.581,46.581,46.581,46.581,200,0
2017-02-16,21:20:00,46.581,46.586,46.581,46.581,401,0
2017-02-16,21:25:00,46.581,46.611,46.581,46.611,401,0
2017-02-16,21:30:00,46.611,46.621,46.611,46.611,1770,0
2017-02-16,21:35:00,46.621,46.641,46.621,46.641,501,0
2017-02-16,21:40:00,46.651,46.651,46.641,46.646,2503,0
2017-02-16,21:45:00,46.631,46.631,46.631,46.631,300,0
2017-02-16,21:50:00,46.631,46.631,46.621,46.626,601,0
2017-02-16,21:55:00,46.611,46.626,46.611,46.626,1053,0
2017-02-16,22:00:00,46.631,46.661,46.631,46.651,1774,0
2017-02-17,15:35:00,46.521,46.531,46.521,46.531,517,0
2017-02-17,15:50:00,46.711,46.711,46.711,46.711,601,0
2017-02-17,16:20:00,46.711,46.731,46.711,46.731,312,0
2017-02-17,16:25:00,46.781,46.781,46.781,46.781,135,0
2017-02-17,16:45:00,46.836,46.836,46.831,46.831,200,0
2017-02-17,17:45:00,46.961,46.961,46.961,46.961,154,0
2017-02-17,17:50:00,46.991,46.991,46.991,46.991,180,0
2017-02-17,17:55:00,47.021,47.021,47.021,47.021,149,0
2017-02-17,18:00:00,47.041,47.041,47.041,47.041,142,0
2017-02-17,18:05:00,47.011,47.011,47.011,47.011,200,0
2017-02-17,18:10:00,46.991,46.991,46.991,46.991,486,0
2017-02-17,18:25:00,47.041,47.041,47.041,47.041,426,0
2017-02-17,18:35:00,47.011,47.011,47.011,47.011,100,0
2017-02-17,18:50:00,46.994,46.994,46.994,46.994,160,0
2017-02-17,19:10:00,47.041,47.041,47.041,47.041,100,0
2017-02-17,19:20:00,47.061,47.061,47.061,47.061,100,0
2017-02-17,19:25:00,47.081,47.081,47.081,47.081,100,0
2017-02-17,19:30:00,47.11,47.11,47.1,47.1,358,0
2017-02-17,19:35:00,47.12,47.15,47.12,47.15,523,0
2017-02-17,19:40:00,47.13,47.13,47.13,47.13,100,0
2017-02-17,20:05:00,47.149,47.149,47.149,47.149,200,0
2017-02-17,20:10:00,47.149,47.149,47.149,47.149,300,0
2017-02-17,20:15:00,47.18,47.2,47.17,47.17,784,0
2017-02-17,20:20:00,47.161,47.161,47.161,47.161,121,0
2017-02-17,21:05:00,47.135,47.14,47.135,47.135,1101,0
2017-02-17,21:15:00,47.18,47.18,47.18,47.18,100,0
2017-02-17,21:20:00,47.16,47.16,47.16,47.16,100,0
2017-02-17,21:25:00,47.145,47.145,47.14,47.14,501,0
2017-02-17,21:30:00,47.13,47.13,47.13,47.13,801,0
2017-02-17,21:35:00,47.116,47.116,47.116,47.116,100,0
2017-02-17,21:45:00,47.129,47.129,47.129,47.129,100,0
2017-02-17,22:00:00,47.16,47.16,47.16,47.16,100,0
2017-02-21,15:35:00,47.29,47.29,47.29,47.29,1163,0
2017-02-21,15:40:00,47.51,47.51,47.49,47.49,501,0
2017-02-21,15:50:00,47.58,47.58,47.58,47.58,200,0
2017-02-21,15:55:00,47.57,47.6,47.57,47.6,1502,0
2017-02-21,16:10:00,47.62,47.65,47.62,47.65,236,0
2017-02-21,16:15:00,47.59,47.59,47.59,47.59,501,0
2017-02-21,16:25:00,47.68,47.68,47.68,47.68,176,0
2017-02-21,16:30:00,47.64,47.64,47.64,47.64,345,0
2017-02-21,16:50:00,47.66,47.66,47.66,47.66,100,0
2017-02-21,17:00:00,47.58,47.58,47.54,47.54,1844,0
2017-02-21,17:05:00,47.54,47.54,47.52,47.54,501,0
2017-02-21,17:30:00,47.466,47.466,47.466,47.466,210,0
2017-02-21,17:35:00,47.44,47.44,47.44,47.44,200,0
2017-02-21,18:55:00,47.6,47.6,47.6,47.6,100,0
2017-02-21,19:00:00,47.586,47.59,47.586,47.59,573,0
2017-02-21,19:50:00,47.571,47.571,47.571,47.571,147,0
2017-02-21,19:55:00,47.579,47.59,47.579,47.59,705,0
2017-02-21,20:00:00,47.61,47.61,47.61,47.61,901,0
2017-02-21,20:25:00,47.66,47.69,47.66,47.69,224,0
2017-02-21,20:45:00,47.72,47.72,47.72,47.72,271,0
2017-02-21,20:55:00,47.74,47.74,47.731,47.731,426,0
2017-02-21,21:05:00,47.72,47.73,47.72,47.73,1252,0
2017-02-21,21:10:00,47.726,47.726,47.726,47.726,155,0
2017-02-21,21:15:00,47.77,47.77,47.77,47.77,139,0
2017-02-21,21:25:00,47.76,47.79,47.76,47.79,722,0
2017-02-21,21:35:00,47.76,47.76,47.76,47.76,100,0
2017-02-21,21:45:00,47.757,47.757,47.757,47.757,501,0
2017-02-21,21:55:00,47.77,47.77,47.77,47.77,300,0
2017-02-21,22:00:00,47.742,47.76,47.742,47.75,1702,0
2017-02-22,15:35:00,47.64,47.85,47.55,47.55,2456,0
2017-02-22,15:40:00,47.625,47.625,47.55,47.55,200,0
2017-02-22,15:45:00,47.55,47.55,47.51,47.51,300,0
2017-02-22,15:50:00,47.53,47.55,47.51,47.55,300,0
2017-02-22,15:55:00,47.55,47.58,47.55,47.58,200,0
2017-02-22,16:00:00,47.57,47.6,47.57,47.6,200,0
2017-02-22,16:05:00,47.62,47.62,47.62,47.62,100,0
2017-02-22,16:10:00,47.6,47.6,47.56,47.56,401,0
2017-02-22,16:15:00,47.54,47.58,47.54,47.58,300,0
2017-02-22,16:20:00,47.6,47.6,47.6,47.6,100,0
2017-02-22,16:25:00,47.57,47.57,47.55,47.55,300,0
2017-02-22,16:30:00,47.53,47.53,47.53,47.53,100,0
2017-02-22,16:35:00,47.52,47.52,47.46,47.47,401,0
2017-02-22,16:40:00,47.47,47.48,47.47,47.48,300,0
2017-02-22,16:45:00,47.488,47.488,47.48,47.48,200,0
2017-02-22,16:50:00,47.43,47.44,47.43,47.44,200,0
2017-02-22,16:55:00,47.43,47.43,47.43,47.43,100,0
2017-02-22,17:00:00,47.45,47.45,47.44,47.44,401,0
2017-02-22,17:05:00,47.43,47.45,47.43,47.45,200,0
2017-02-22,17:10:00,47.39,47.39,47.39,47.39,300,0
2017-02-22,17:15:00,47.36,47.4,47.36,47.4,300,0
2017-02-22,17:25:00,47.37,47.38,47.37,47.38,200,0
2017-02-22,17:30:00,47.37,47.4,47.37,47.4,300,0
2017-02-22,17:35:00,47.41,47.41,47.41,47.41,100,0
2017-02-22,17:40:00,47.4,47.4,47.4,47.4,100,0
2017-02-22,17:45:00,47.38,47.38,47.38,47.38,100,0
2017-02-22,17:50:00,47.38,47.4,47.38,47.4,401,0
2017-02-22,17:55:00,47.39,47.39,47.35,47.35,200,0
2017-02-22,18:00:00,47.37,47.39,47.37,47.39,200,0
2017-02-22,18:05:00,47.38,47.38,47.38,47.38,1254,0
2017-02-22,18:10:00,47.36,47.36,47.36,47.36,100,0
2017-02-22,18:15:00,47.38,47.4,47.37,47.39,579,0
2017-02-22,18:25:00,47.42,47.42,47.42,47.42,100,0
2017-02-22,18:30:00,47.41,47.41,47.37,47.381,601,0
2017-02-22,18:35:00,47.4,47.41,47.39,47.41,601,0
2017-02-22,18:45:00,47.44,47.45,47.44,47.45,200,0
2017-02-22,18:55:00,47.45,47.47,47.45,47.47,200,0
2017-02-22,19:00:00,47.48,47.48,47.48,47.48,100,0
2017-02-22,19:05:00,47.48,47.51,47.48,47.51,5247,0
2017-02-22,19:10:00,47.51,47.51,47.51,47.51,100,0
2017-02-22,19:15:00,47.5,47.5,47.5,47.5,100,0
2017-02-22,19:20:00,47.48,47.48,47.48,47.48,100,0
2017-02-22,19:25:00,47.48,47.51,47.48,47.51,200,0
2017-02-22,19:30:00,47.52,47.52,47.52,47.52,100,0
2017-02-22,19:40:00,47.52,47.53,47.52,47.53,200,0
2017-02-22,19:45:00,47.52,47.52,47.52,47.52,100,0
2017-02-22,19:55:00,47.52,47.52,47.52,47.52,100,0
2017-02-22,20:05:00,47.52,47.52,47.49,47.5,601,0
2017-02-22,20:10:00,47.49,47.49,47.44,47.44,200,0
2017-02-22,20:15:00,47.42,47.43,47.42,47.43,200,0
2017-02-22,20:25:00,47.42,47.42,47.41,47.41,200,0
2017-02-22,20:30:00,47.41,47.43,47.41,47.43,200,0
2017-02-22,20:40:00,47.33,47.34,47.33,47.34,200,0
2017-02-22,20:45:00,47.36,47.36,47.36,47.36,100,0
2017-02-22,20:50:00,47.38,47.4,47.38,47.4,200,0
2017-02-22,20:55:00,47.36,47.36,47.36,47.36,100,0
2017-02-22,21:00:00,47.35,47.35,47.35,47.35,200,0
2017-02-22,21:05:00,47.33,47.35,47.33,47.35,200,0
2017-02-22,21:10:00,47.34,47.34,47.34,47.34,100,0
2017-02-22,21:15:00,47.35,47.36,47.35,47.36,200,0
2017-02-22,21:20:00,47.35,47.35,47.35,47.35,100,0
2017-02-22,21:25:00,47.34,47.37,47.34,47.37,200,0
2017-02-22,21:30:00,47.36,47.38,47.36,47.38,200,0
2017-02-22,21:35:00,47.37,47.39,47.37,47.39,200,0
2017-02-22,21:40:00,47.39,47.4,47.39,47.4,300,0
2017-02-22,21:45:00,47.37,47.37,47.37,47.37,100,0
2017-02-22,21:50:00,47.4,47.42,47.4,47.42,401,0
2017-02-22,21:55:00,47.415,47.42,47.415,47.42,300,0
2017-02-22,22:00:00,47.435,47.435,47.39,47.39,901,0
2017-02-23,15:35:00,47.12,47.12,47.12,47.12,200,0
2017-02-23,15:40:00,46.933,46.961,46.933,46.961,501,0
2017-02-23,15:50:00,46.601,46.601,46.591,46.591,401,0
2017-02-23,16:10:00,46.551,46.581,46.501,46.501,598,0
2017-02-23,16:15:00,46.461,46.461,46.441,46.441,257,0
2017-02-23,16:20:00,46.471,46.471,46.408,46.471,2075,0
2017-02-23,16:30:00,46.391,46.391,46.361,46.361,606,0
2017-02-23,16:45:00,46.321,46.351,46.321,46.351,654,0
2017-02-23,16:50:00,46.301,46.301,46.301,46.301,131,0
2017-02-23,16:55:00,46.262,46.262,46.202,46.202,1181,0
2017-02-23,17:00:00,46.192,46.192,46.142,46.142,419,0
2017-02-23,17:05:00,46.132,46.132,46.132,46.132,108,0
2017-02-23,17:15:00,46.102,46.102,46.102,46.102,166,0
2017-02-23,17:20:00,46.148,46.148,46.148,46.148,100,0
2017-02-23,18:15:00,46.296,46.296,46.296,46.296,402,0
2017-02-23,18:35:00,46.431,46.431,46.431,46.431,200,0
2017-02-23,19:10:00,46.381,46.381,46.361,46.361,225,0
2017-02-23,19:30:00,46.349,46.349,46.349,46.349,120,0
2017-02-23,19:40:00,46.361,46.361,46.361,46.361,100,0
2017-02-23,19:55:00,46.401,46.401,46.391,46.391,866,0
2017-02-23,20:40:00,46.445,46.445,46.445,46.445,100,0
2017-02-23,21:10:00,46.475,46.475,46.475,46.475,431,0
2017-02-23,21:45:00,46.435,46.435,46.435,46.435,103,0
2017-02-23,21:50:00,46.431,46.431,46.431,46.431,100,0
2017-02-23,22:00:00,46.401,46.401,46.401,46.401,200,0
2017-02-24,15:35:00,46.102,46.102,45.934,45.982,3653,0
2017-02-24,15:40:00,45.982,46.012,45.982,46.012,601,0
2017-02-24,16:10:00,46.291,46.291,46.282,46.282,501,0
2017-02-24,16:15:00,46.301,46.301,46.301,46.301,647,0
2017-02-24,16:25:00,46.381,46.381,46.381,46.381,100,0
2017-02-24,17:00:00,46.411,46.411,46.411,46.411,100,0
2017-02-24,17:20:00,46.461,46.461,46.461,46.461,166,0
2017-02-24,17:35:00,46.481,46.481,46.481,46.481,4864,0
2017-02-24,17:45:00,46.402,46.402,46.402,46.402,200,0
2017-02-24,18:00:00,46.351,46.351,46.351,46.351,100,0
2017-02-24,18:05:00,46.361,46.361,46.361,46.361,200,0
2017-02-24,18:40:00,46.441,46.441,46.441,46.441,601,0
2017-02-24,18:55:00,46.446,46.446,46.446,46.446,145,0
2017-02-24,19:10:00,46.371,46.371,46.371,46.371,100,0
2017-02-24,19:15:00,46.361,46.361,46.361,46.361,100,0
2017-02-24,19:45:00,46.381,46.381,46.381,46.381,424,0
2017-02-24,19:55:00,46.421,46.429,46.421,46.429,300,0
2017-02-24,20:00:00,46.441,46.441,46.441,46.441,100,0
2017-02-24,20:05:00,46.421,46.421,46.401,46.401,661,0
2017-02-24,20:15:00,46.371,46.371,46.371,46.371,100,0
2017-02-24,20:25:00,46.431,46.441,46.431,46.441,1054,0
2017-02-24,20:40:00,46.451,46.451,46.451,46.451,100,0
2017-02-24,21:40:00,46.507,46.507,46.507,46.507,100,0
2017-02-24,21:55:00,46.561,46.561,46.561,46.561,100,0
2017-02-24,22:00:00,46.571,46.571,46.571,46.571,100,0
2017-02-27,15:35:00,46.581,46.581,46.581,46.581,101,0
2017-02-27,15:45:00,46.461,46.461,46.461,46.461,100,0
2017-02-27,15:55:00,46.641,46.641,46.641,46.641,1802,0
2017-02-27,16:30:00,46.771,46.771,46.753,46.753,501,0
2017-02-27,16:35:00,46.761,46.761,46.761,46.761,227,0
2017-02-27,16:40:00,46.721,46.721,46.721,46.721,100,0
2017-02-27,16:50:00,46.654,46.654,46.654,46.654,1001,0
2017-02-27,17:10:00,46.621,46.621,46.621,46.621,100,0
2017-02-27,17:35:00,46.474,46.474,46.474,46.474,200,0
2017-02-27,17:40:00,46.461,46.461,46.461,46.461,300,0
2017-02-27,18:15:00,46.451,46.451,46.451,46.451,100,0
2017-02-27,18:45:00,46.451,46.451,46.451,46.451,100,0
2017-02-27,19:20:00,46.441,46.441,46.441,46.441,1101,0
2017-02-27,22:00:00,46.561,46.561,46.561,46.561,100,0
2017-02-28,15:35:00,46.481,46.481,46.481,46.481,342,0
2017-02-28,15:55:00,46.381,46.381,46.381,46.381,2234,0
2017-02-28,16:15:00,46.311,46.311,46.311,46.311,100,0
2017-02-28,16:30:00,46.293,46.293,46.293,46.293,776,0
2017-02-28,16:50:00,46.296,46.321,46.296,46.321,401,0
2017-02-28,17:10:00,46.371,46.371,46.371,46.371,179,0
2017-02-28,17:25:00,46.391,46.391,46.391,46.391,100,0
2017-02-28,17:30:00,46.381,46.381,46.381,46.381,100,0
2017-02-28,17:45:00,46.362,46.381,46.362,46.381,51709,0
2017-02-28,17:50:00,46.351,46.351,46.351,46.351,100,0
2017-02-28,17:55:00,46.381,46.381,46.381,46.381,801,0
2017-02-28,18:00:00,46.391,46.391,46.391,46.391,200,0
2017-02-28,18:15:00,46.282,46.282,46.282,46.282,200,0
2017-02-28,18:20:00,46.262,46.262,46.252,46.252,701,0
2017-02-28,19:00:00,46.132,46.132,46.132,46.132,169,0
2017-02-28,19:10:00,46.195,46.195,46.195,46.195,731,0
2017-02-28,19:15:00,46.213,46.213,46.213,46.213,100,0
2017-02-28,19:25:00,46.172,46.172,46.172,46.172,300,0
2017-02-28,19:30:00,46.152,46.152,46.152,46.152,100,0
2017-02-28,19:40:00,46.182,46.182,46.182,46.182,601,0
2017-02-28,20:25:00,46.102,46.102,46.102,46.102,401,0
2017-02-28,20:35:00,46.082,46.082,46.082,46.082,100,0
2017-02-28,20:40:00,46.072,46.082,46.071,46.072,11811,0
2017-02-28,20:45:00,46.052,46.052,46.052,46.052,244,0
2017-02-28,20:50:00,46.1,46.1,46.1,46.1,393,0
2017-02-28,20:55:00,46.102,46.122,46.082,46.122,2743,0
2017-02-28,21:10:00,46.101,46.101,46.101,46.101,701,0
2017-02-28,21:30:00,46.112,46.112,46.112,46.112,461,0
2017-02-28,21:45:00,46.042,46.042,46.042,46.042,100,0
2017-02-28,21:50:00,46.052,46.052,46.052,46.052,100,0
2017-02-28,21:55:00,46.082,46.082,46.082,46.082,812,0
2017-02-28,22:00:00,46.062,46.062,46.062,46.062,223,0
2017-03-01,15:35:00,45.333,45.512,45.333,45.512,2684,0
2017-03-01,15:40:00,45.473,45.473,45.443,45.443,740,0
2017-03-01,15:45:00,45.443,45.443,45.443,45.443,100,0
2017-03-01,15:50:00,45.363,45.383,45.333,45.373,3404,0
2017-03-01,15:55:00,45.423,45.423,45.423,45.423,200,0
2017-03-01,16:05:00,45.532,45.532,45.532,45.532,200,0
2017-03-01,16:10:00,45.562,45.572,45.562,45.572,200,0
2017-03-01,16:15:00,45.532,45.542,45.522,45.542,1302,0
2017-03-01,16:20:00,45.532,45.532,45.502,45.502,1199,0
2017-03-01,16:25:00,45.532,45.532,45.532,45.532,200,0
2017-03-01,16:30:00,45.534,45.534,45.483,45.483,2224,0
2017-03-01,16:35:00,45.502,45.502,45.483,45.483,200,0
2017-03-01,16:40:00,45.502,45.502,45.443,45.443,200,0
2017-03-01,16:45:00,45.463,45.463,45.463,45.463,100,0
2017-03-01,16:50:00,45.493,45.522,45.493,45.522,300,0
2017-03-01,16:55:00,45.453,45.453,45.453,45.453,188,0
2017-03-01,17:00:00,45.453,45.483,45.453,45.483,200,0
2017-03-01,17:10:00,45.512,45.512,45.512,45.512,100,0
2017-03-01,17:25:00,45.562,45.562,45.562,45.562,100,0
2017-03-01,17:40:00,45.562,45.562,45.552,45.552,245,0
2017-03-01,17:55:00,45.562,45.572,45.54,45.54,5467,0
2017-03-01,18:00:00,45.552,45.562,45.552,45.562,2434,0
2017-03-01,18:15:00,45.632,45.632,45.632,45.632,100,0
2017-03-01,18:30:00,45.632,45.632,45.632,45.632,100,0
2017-03-01,18:45:00,45.612,45.612,45.612,45.612,100,0
2017-03-01,18:50:00,45.602,45.602,45.602,45.602,155,0
2017-03-01,19:05:00,45.612,45.612,45.612,45.612,100,0
2017-03-01,19:15:00,45.562,45.562,45.562,45.562,601,0
2017-03-01,19:20:00,45.592,45.592,45.592,45.592,100,0
2017-03-01,19:40:00,45.592,45.592,45.592,45.592,200,0
2017-03-01,19:50:00,45.595,45.595,45.595,45.595,239,0
2017-03-01,19:55:00,45.587,45.587,45.587,45.587,2003,0
2017-03-01,20:05:00,45.572,45.572,45.572,45.572,200,0
2017-03-01,20:15:00,45.504,45.504,45.504,45.504,300,0
2017-03-01,20:20:00,45.562,45.58,45.562,45.58,2016,0
2017-03-01,20:30:00,45.592,45.592,45.592,45.592,2843,0
2017-03-01,20:35:00,45.592,45.592,45.572,45.572,1571,0
2017-03-01,20:40:00,45.542,45.542,45.542,45.542,291,0
2017-03-01,20:45:00,45.493,45.493,45.493,45.493,100,0
2017-03-01,21:00:00,45.541,45.541,45.541,45.541,100,0
2017-03-01,21:20:00,45.533,45.533,45.533,45.533,401,0
2017-03-01,21:25:00,45.572,45.572,45.572,45.572,200,0
2017-03-01,21:45:00,45.552,45.572,45.552,45.572,520,0
2017-03-01,22:00:00,45.542,45.542,45.542,45.542,100,0
2017-03-02,15:35:00,45.453,45.453,45.453,45.453,166,0
2017-03-02,15:50:00,45.413,45.413,45.413,45.413,108,0
2017-03-02,16:10:00,45.373,45.373,45.313,45.313,527,0
2017-03-02,16:15:00,45.283,45.283,45.253,45.257,648,0
2017-03-02,16:25:00,45.263,45.263,45.233,45.233,371,0
2017-03-02,16:35:00,45.213,45.224,45.213,45.224,418,0
2017-03-02,16:40:00,45.193,45.193,45.143,45.143,1037,0
2017-03-02,17:10:00,45.103,45.103,45.103,45.103,318,0
2017-03-02,17:15:00,45.103,45.103,45.033,45.033,654,0
2017-03-02,17:35:00,45.023,45.023,45.023,45.023,149,0
2017-03-02,18:25:00,45.133,45.133,45.133,45.133,401,0
2017-03-02,18:55:00,45.183,45.183,45.183,45.183,364,0
2017-03-02,19:15:00,45.203,45.203,45.203,45.203,200,0
2017-03-02,19:55:00,45.253,45.253,45.238,45.238,2416,0
2017-03-02,20:20:00,45.274,45.274,45.274,45.274,117,0
2017-03-02,20:25:00,45.273,45.273,45.273,45.273,100,0
2017-03-02,20:45:00,45.347,45.347,45.347,45.347,190,0
2017-03-02,20:50:00,45.338,45.383,45.338,45.359,2197,0
2017-03-02,21:25:00,45.223,45.223,45.223,45.223,100,0
2017-03-02,21:30:00,45.243,45.243,45.243,45.243,100,0
2017-03-02,21:35:00,45.263,45.263,45.263,45.263,100,0
2017-03-02,21:40:00,45.273,45.273,45.273,45.273,100,0
2017-03-02,21:55:00,45.193,45.193,45.193,45.193,100,0
2017-03-02,22:00:00,45.183,45.183,45.173,45.173,300,0
2017-03-03,15:35:00,45.173,45.173,45.173,45.173,200,0
2017-03-03,15:55:00,45.093,45.093,45.093,45.093,100,0
2017-03-03,16:10:00,45.093,45.093,45.093,45.093,100,0
2017-03-03,16:25:00,44.973,45.013,44.973,45.013,1275,0
2017-03-03,19:10:00,45.223,45.223,45.223,45.223,100,0
2017-03-03,20:40:00,45.24,45.24,45.24,45.24,150,0
2017-03-03,20:55:00,45.263,45.263,45.243,45.26,350,0
2017-03-03,21:55:00,45.293,45.293,45.293,45.293,100,0
2017-03-03,22:00:00,45.303,45.303,45.303,45.303,124,0
2017-03-06,15:35:00,45.193,45.193,45.193,45.193,2691,0
2017-03-06,16:00:00,45.211,45.211,45.211,45.211,401,0
2017-03-06,16:40:00,45.013,45.013,45.013,45.013,100,0
2017-03-06,16:50:00,45.038,45.038,45.038,45.038,100,0
2017-03-06,17:00:00,44.973,44.973,44.973,44.973,100,0
2017-03-06,17:05:00,44.953,44.963,44.934,44.963,2307,0
2017-03-06,17:10:00,44.923,44.923,44.923,44.923,117,0
2017-03-06,17:20:00,44.938,44.983,44.938,44.983,200,0
2017-03-06,17:45:00,44.953,44.984,44.953,44.984,320,0
2017-03-06,18:10:00,44.963,44.963,44.963,44.963,100,0
2017-03-06,18:25:00,44.933,44.933,44.933,44.933,4606,0
2017-03-06,18:30:00,44.963,44.963,44.963,44.963,100,0
2017-03-06,18:50:00,44.983,44.983,44.983,44.983,100,0
2017-03-06,18:55:00,45.003,45.003,45.003,45.003,200,0
2017-03-06,19:15:00,45.093,45.093,45.093,45.093,100,0
2017-03-06,19:35:00,45.143,45.143,45.143,45.143,100,0
2017-03-06,20:00:00,45.103,45.103,45.103,45.103,100,0
2017-03-06,20:20:00,45.103,45.103,45.103,45.103,100,0
2017-03-06,20:45:00,45.113,45.113,45.113,45.113,100,0
2017-03-06,21:00:00,45.106,45.106,45.106,45.106,926,0
2017-03-06,21:05:00,45.103,45.103,45.093,45.093,300,0
2017-03-06,21:20:00,45.123,45.143,45.123,45.143,801,0
2017-03-06,21:35:00,45.143,45.143,45.143,45.143,200,0
2017-03-06,21:50:00,45.193,45.193,45.193,45.193,2003,0
2017-03-07,15:35:00,45.053,45.053,45.053,45.053,9149,0
2017-03-07,15:45:00,44.973,44.983,44.973,44.983,1226,0
2017-03-07,15:50:00,44.903,44.903,44.903,44.903,108,0
2017-03-07,15:55:00,44.863,44.908,44.833,44.833,1032,0
2017-03-07,16:20:00,44.953,45.044,44.953,45.044,300,0
2017-03-07,16:35:00,45.143,45.143,45.143,45.143,100,0
2017-03-07,16:50:00,45.153,45.153,45.143,45.143,3094,0
2017-03-07,17:10:00,45.153,45.153,45.153,45.153,100,0
2017-03-07,17:15:00,45.153,45.153,45.153,45.153,451,0
2017-03-07,17:20:00,45.158,45.183,45.158,45.183,401,0
2017-03-07,17:30:00,45.183,45.183,45.183,45.183,100,0
2017-03-07,17:40:00,45.113,45.113,45.113,45.113,100,0
2017-03-07,17:50:00,45.173,45.173,45.173,45.173,100,0
2017-03-07,18:00:00,45.133,45.133,45.133,45.133,100,0
2017-03-07,18:25:00,45.143,45.183,45.143,45.183,200,0
2017-03-07,18:45:00,45.133,45.133,45.133,45.133,200,0
2017-03-07,19:00:00,45.223,45.223,45.208,45.223,2643,0
2017-03-07,19:05:00,45.213,45.213,45.193,45.193,501,0
2017-03-07,19:10:00,45.183,45.183,45.183,45.183,100,0
2017-03-07,19:15:00,45.233,45.233,45.233,45.233,100,0
2017-03-07,19:20:00,45.233,45.253,45.233,45.253,200,0
2017-03-07,19:25:00,45.243,45.243,45.213,45.233,957,0
2017-03-07,19:30:00,45.203,45.213,45.203,45.213,364,0
2017-03-07,19:35:00,45.183,45.203,45.163,45.163,501,0
2017-03-07,19:50:00,45.113,45.113,45.113,45.113,100,0
2017-03-07,19:55:00,45.063,45.063,45.063,45.063,100,0
2017-03-07,20:05:00,45.093,45.093,45.093,45.093,100,0
2017-03-07,20:15:00,45.063,45.083,45.063,45.083,300,0
2017-03-07,20:20:00,45.093,45.093,45.063,45.092,2571,0
2017-03-07,20:25:00,45.093,45.093,45.093,45.093,100,0
2017-03-07,20:30:00,45.093,45.093,45.083,45.083,200,0
2017-03-07,20:35:00,45.093,45.093,45.093,45.093,200,0
2017-03-07,20:40:00,45.083,45.083,45.073,45.073,200,0
2017-03-07,20:45:00,45.073,45.093,45.063,45.093,401,0
2017-03-07,20:50:00,45.083,45.083,45.083,45.083,100,0
2017-03-07,20:55:00,45.083,45.083,45.083,45.083,100,0
2017-03-07,21:00:00,45.093,45.093,45.093,45.093,1402,0
2017-03-07,21:10:00,45.103,45.103,45.103,45.103,100,0
2017-03-07,21:15:00,45.103,45.123,45.103,45.123,300,0
2017-03-07,21:20:00,45.103,45.103,45.103,45.103,501,0
2017-03-07,21:30:00,45.133,45.133,45.113,45.113,300,0
2017-03-07,21:40:00,45.063,45.063,45.063,45.063,100,0
2017-03-07,21:45:00,45.023,45.023,45.023,45.023,200,0
2017-03-07,21:50:00,45.013,45.023,45.003,45.004,7507,0
2017-03-07,22:00:00,45.043,45.053,45.023,45.023,925,0
2017-03-08,15:35:00,45.013,45.013,45.013,45.013,2603,0
2017-03-08,16:05:00,44.943,44.943,44.943,44.943,377,0
2017-03-08,16:10:00,44.893,44.893,44.893,44.893,200,0
2017-03-08,16:25:00,44.873,44.873,44.873,44.873,300,0
2017-03-08,16:35:00,44.943,44.943,44.943,44.943,250,0
2017-03-08,16:50:00,44.913,44.913,44.913,44.913,200,0
2017-03-08,17:05:00,44.973,44.983,44.973,44.983,2804,0
2017-03-08,17:10:00,44.963,44.963,44.963,44.963,100,0
2017-03-08,17:15:00,44.943,44.943,44.943,44.943,100,0
2017-03-08,17:25:00,44.893,44.893,44.893,44.893,401,0
2017-03-08,17:30:00,44.863,44.863,44.863,44.863,250,0
2017-03-08,17:35:00,44.833,44.836,44.803,44.803,1809,0
2017-03-08,17:50:00,44.773,44.773,44.763,44.763,792,0
2017-03-08,18:00:00,44.813,44.813,44.813,44.813,200,0
2017-03-08,18:25:00,44.823,44.823,44.823,44.823,100,0
2017-03-08,18:40:00,44.843,44.843,44.843,44.843,200,0
2017-03-08,18:50:00,44.863,44.863,44.863,44.863,100,0
2017-03-08,19:15:00,44.883,44.883,44.863,44.863,2503,0
2017-03-08,19:40:00,44.943,44.943,44.943,44.943,100,0
2017-03-08,20:00:00,44.933,44.933,44.933,44.933,426,0
2017-03-08,20:10:00,44.903,44.903,44.863,44.863,237,0
2017-03-08,20:35:00,44.863,44.863,44.863,44.863,100,0
2017-03-08,20:40:00,44.873,44.873,44.87,44.87,659,0
2017-03-08,21:00:00,44.883,44.903,44.873,44.903,2713,0
2017-03-08,21:05:00,44.873,44.873,44.873,44.873,100,0
2017-03-08,21:15:00,44.872,44.872,44.872,44.872,236,0
2017-03-08,21:25:00,44.873,44.873,44.873,44.873,265,0
2017-03-08,21:40:00,44.743,44.743,44.743,44.743,151,0
2017-03-08,21:45:00,44.723,44.723,44.723,44.723,155,0
2017-03-08,21:50:00,44.763,44.773,44.763,44.773,300,0
2017-03-08,21:55:00,44.793,44.793,44.793,44.793,701,0
2017-03-08,22:00:00,44.813,44.813,44.813,44.813,1360,0
2017-03-09,15:35:00,44.873,44.873,44.849,44.849,573,0
2017-03-09,15:40:00,44.704,44.704,44.654,44.664,583,0
2017-03-09,16:15:00,45.013,45.013,45.003,45.003,1163,0
2017-03-09,16:25:00,44.923,44.923,44.923,44.923,200,0
2017-03-09,16:30:00,44.923,44.923,44.923,44.923,1101,0
2017-03-09,16:50:00,44.883,44.883,44.883,44.883,100,0
2017-03-09,17:15:00,44.963,44.963,44.963,44.963,100,0
2017-03-09,18:00:00,44.929,44.929,44.929,44.929,601,0
2017-03-09,19:05:00,44.927,44.927,44.927,44.927,102,0
2017-03-09,19:25:00,44.953,44.953,44.953,44.953,200,0
2017-03-09,19:30:00,44.913,44.913,44.913,44.913,100,0
2017-03-09,19:35:00,44.913,44.913,44.913,44.913,100,0
2017-03-09,20:55:00,44.773,44.773,44.773,44.773,200,0
2017-03-09,21:05:00,44.853,44.853,44.853,44.853,200,0
2017-03-09,21:25:00,44.933,44.933,44.933,44.933,401,0
2017-03-09,21:35:00,44.973,44.973,44.973,44.973,100,0
2017-03-09,22:00:00,44.923,44.923,44.913,44.923,1702,0
2017-03-10,15:35:00,44.644,44.704,44.574,44.604,3583,0
2017-03-10,15:50:00,44.773,44.773,44.773,44.773,2003,0
2017-03-10,16:00:00,44.921,44.921,44.921,44.921,395,0
2017-03-10,16:10:00,44.832,44.832,44.832,44.832,2691,0
2017-03-10,16:15:00,44.783,44.783,44.783,44.783,100,0
2017-03-10,16:25:00,44.783,44.783,44.783,44.783,100,0
2017-03-10,16:35:00,44.793,44.793,44.793,44.793,100,0
2017-03-10,16:40:00,44.793,44.793,44.793,44.793,100,0
2017-03-10,16:45:00,44.743,44.743,44.743,44.743,100,0
2017-03-10,16:50:00,44.833,44.833,44.833,44.833,100,0
2017-03-10,17:00:00,44.853,44.853,44.853,44.853,100,0
2017-03-10,17:15:00,44.783,44.783,44.783,44.783,100,0
2017-03-10,17:30:00,44.813,44.813,44.813,44.813,100,0
2017-03-10,17:45:00,44.743,44.743,44.743,44.743,100,0
2017-03-10,18:05:00,44.783,44.783,44.783,44.783,100,0
2017-03-10,18:20:00,44.783,44.783,44.783,44.783,100,0
2017-03-10,18:35:00,44.803,44.803,44.803,44.803,100,0
2017-03-10,18:55:00,44.723,44.723,44.723,44.723,100,0
2017-03-10,19:05:00,44.713,44.713,44.713,44.713,200,0
2017-03-10,19:10:00,44.644,44.644,44.644,44.644,100,0
2017-03-10,19:25:00,44.684,44.684,44.684,44.684,100,0
2017-03-10,19:40:00,44.653,44.653,44.653,44.653,451,0
2017-03-10,19:45:00,44.684,44.684,44.684,44.684,100,0
2017-03-10,20:00:00,44.773,44.773,44.773,44.773,100,0
2017-03-10,20:15:00,44.773,44.793,44.773,44.793,300,0
2017-03-10,20:35:00,44.833,44.833,44.833,44.833,100,0
2017-03-10,20:50:00,44.833,44.833,44.833,44.833,100,0
2017-03-10,21:05:00,44.823,44.823,44.823,44.823,100,0
2017-03-10,21:35:00,44.853,44.853,44.839,44.839,1502,0
2017-03-10,21:50:00,44.783,44.803,44.776,44.776,390,0
2017-03-10,21:55:00,44.795,44.795,44.795,44.795,100,0
2017-03-13,14:35:00,44.833,45.002,44.833,45.002,3323,0
2017-03-13,14:40:00,44.953,44.953,44.953,44.953,100,0
2017-03-13,14:55:00,44.823,44.823,44.823,44.823,4033,0
2017-03-13,15:15:00,44.843,44.843,44.843,44.843,100,0
2017-03-13,15:35:00,44.933,44.933,44.933,44.933,200,0
2017-03-13,15:50:00,44.913,44.943,44.903,44.943,1202,0
2017-03-13,16:35:00,44.759,44.759,44.759,44.759,275,0
2017-03-13,17:45:00,44.723,44.723,44.723,44.723,200,0
2017-03-13,18:35:00,44.644,44.644,44.644,44.644,231,0
2017-03-13,19:10:00,44.614,44.614,44.614,44.614,197,0
2017-03-13,20:25:00,44.672,44.672,44.672,44.672,161,0
2017-03-13,20:30:00,44.674,44.704,44.674,44.704,300,0
2017-03-13,20:50:00,44.753,44.753,44.753,44.753,100,0
2017-03-13,20:55:00,44.745,44.745,44.733,44.733,617,0
2017-03-13,21:00:00,44.743,44.753,44.743,44.753,1128,0
2017-03-14,14:40:00,44.665,44.665,44.665,44.665,169,0
2017-03-14,14:45:00,44.684,44.783,44.684,44.783,2203,0
2017-03-14,15:05:00,44.634,44.634,44.634,44.634,200,0
2017-03-14,15:10:00,44.606,44.644,44.574,44.574,1299,0
2017-03-14,15:25:00,44.554,44.584,44.544,44.584,2103,0
2017-03-14,15:35:00,44.524,44.524,44.524,44.524,163,0
2017-03-14,15:40:00,44.555,44.561,44.555,44.561,767,0
2017-03-14,15:45:00,44.554,44.554,44.504,44.504,247,0
2017-03-14,15:50:00,44.474,44.474,44.474,44.474,184,0
2017-03-14,16:05:00,44.604,44.604,44.604,44.604,210,0
2017-03-14,16:15:00,44.564,44.564,44.564,44.564,100,0
2017-03-14,17:05:00,44.644,44.644,44.644,44.644,47941,0
2017-03-14,17:20:00,44.586,44.586,44.586,44.586,200,0
2017-03-14,18:35:00,44.743,44.743,44.743,44.743,100,0
2017-03-14,18:50:00,44.723,44.723,44.723,44.723,369,0
2017-03-14,18:55:00,44.713,44.713,44.713,44.713,100,0
2017-03-14,19:25:00,44.69,44.69,44.69,44.69,884,0
2017-03-14,19:35:00,44.689,44.713,44.684,44.713,1493,0
2017-03-14,19:55:00,44.644,44.657,44.644,44.654,3420,0
2017-03-14,20:05:00,44.664,44.664,44.664,44.664,100,0
2017-03-14,20:30:00,44.758,44.758,44.758,44.758,841,0
2017-03-14,20:35:00,44.773,44.773,44.773,44.773,100,0
2017-03-14,20:55:00,44.743,44.743,44.743,44.743,100,0
2017-03-14,21:00:00,44.757,44.763,44.757,44.763,200,0
2017-03-15,14:35:00,44.913,44.913,44.913,44.913,1001,0
2017-03-15,14:50:00,44.943,44.943,44.903,44.903,240,0
2017-03-15,15:05:00,44.893,44.893,44.893,44.893,100,0
2017-03-15,15:10:00,44.893,44.912,44.863,44.863,2447,0
2017-03-15,15:15:00,44.873,44.873,44.843,44.843,200,0
2017-03-15,15:25:00,44.793,44.843,44.793,44.843,200,0
2017-03-15,15:35:00,44.903,44.903,44.903,44.903,100,0
2017-03-15,15:45:00,44.883,44.953,44.883,44.953,200,0
2017-03-15,15:50:00,44.933,44.933,44.933,44.933,401,0
2017-03-15,15:55:00,44.983,44.983,44.983,44.983,100,0
2017-03-15,16:00:00,44.993,44.993,44.993,44.993,100,0
2017-03-15,16:10:00,45.083,45.083,45.083,45.083,100,0
2017-03-15,16:25:00,45.103,45.133,45.103,45.133,501,0
2017-03-15,16:35:00,45.183,45.183,45.183,45.183,100,0
2017-03-15,16:50:00,45.163,45.163,45.163,45.163,100,0
2017-03-15,17:00:00,45.143,45.143,45.143,45.143,100,0
2017-03-15,17:05:00,45.163,45.163,45.163,45.163,100,0
2017-03-15,17:20:00,45.163,45.163,45.163,45.163,100,0
2017-03-15,17:25:00,45.183,45.183,45.183,45.183,100,0
2017-03-15,17:30:00,45.219,45.219,45.219,45.219,441,0
2017-03-15,17:40:00,45.213,45.213,45.213,45.213,100,0
2017-03-15,17:45:00,45.233,45.233,45.233,45.233,100,0
2017-03-15,18:00:00,45.173,45.173,45.173,45.173,100,0
2017-03-15,18:10:00,45.203,45.203,45.203,45.203,100,0
2017-03-15,18:20:00,45.163,45.163,45.163,45.163,200,0
2017-03-15,18:25:00,45.153,45.153,45.153,45.153,200,0
2017-03-15,18:30:00,45.143,45.143,45.143,45.143,399,0
2017-03-15,18:45:00,45.159,45.159,45.159,45.159,1702,0
2017-03-15,19:05:00,45.153,45.203,45.153,45.203,200,0
2017-03-15,19:15:00,45.283,45.283,45.283,45.283,100,0
2017-03-15,19:50:00,45.276,45.323,45.276,45.323,2090,0
2017-03-15,20:00:00,45.313,45.313,45.313,45.313,100,0
2017-03-15,20:05:00,45.323,45.323,45.323,45.323,300,0
2017-03-15,20:30:00,45.373,45.373,45.373,45.373,100,0
2017-03-15,20:50:00,45.293,45.293,45.293,45.293,113,0
2017-03-15,20:55:00,45.333,45.353,45.333,45.353,200,0
2017-03-15,21:00:00,45.333,45.333,45.313,45.313,463,0
2017-03-16,14:35:00,45.433,45.552,45.423,45.552,6993,0
2017-03-16,14:55:00,45.672,45.692,45.672,45.692,401,0
2017-03-16,15:10:00,45.732,45.732,45.732,45.732,100,0
2017-03-16,15:30:00,45.512,45.512,45.512,45.512,100,0
2017-03-16,15:45:00,45.592,45.592,45.592,45.592,100,0
2017-03-16,16:05:00,45.552,45.552,45.522,45.522,200,0
2017-03-16,16:20:00,45.512,45.512,45.512,45.512,100,0
2017-03-16,16:35:00,45.463,45.463,45.463,45.463,100,0
2017-03-16,16:55:00,45.483,45.483,45.483,45.483,100,0
2017-03-16,17:10:00,45.542,45.559,45.542,45.559,319,0
2017-03-16,17:25:00,45.562,45.562,45.562,45.562,100,0
2017-03-16,17:40:00,45.621,45.621,45.621,45.621,661,0
2017-03-16,17:45:00,45.572,45.572,45.572,45.572,100,0
2017-03-16,18:00:00,45.602,45.602,45.602,45.602,100,0
2017-03-16,18:15:00,45.572,45.572,45.572,45.572,100,0
2017-03-16,18:30:00,45.562,45.562,45.562,45.562,100,0
2017-03-16,18:50:00,45.592,45.612,45.592,45.612,200,0
2017-03-16,19:00:00,45.602,45.602,45.602,45.602,100,0
2017-03-16,19:05:00,45.602,45.634,45.602,45.634,2033,0
2017-03-16,19:20:00,45.642,45.642,45.642,45.642,100,0
2017-03-16,19:35:00,45.662,45.662,45.662,45.662,100,0
2017-03-16,19:40:00,45.662,45.662,45.662,45.662,100,0
2017-03-16,19:55:00,45.562,45.562,45.562,45.562,100,0
2017-03-16,20:20:00,45.552,45.562,45.552,45.562,401,0
2017-03-16,20:55:00,45.562,45.562,45.562,45.562,100,0
2017-03-16,21:00:00,45.552,45.552,45.542,45.542,340,0
2017-03-17,14:35:00,45.572,45.572,45.572,45.572,571,0
2017-03-17,15:00:00,45.642,45.642,45.626,45.626,280,0
2017-03-17,15:10:00,45.652,45.652,45.652,45.652,100,0
2017-03-17,15:35:00,45.614,45.632,45.614,45.632,1602,0
2017-03-17,17:15:00,45.602,45.602,45.602,45.602,100,0
2017-03-17,18:15:00,45.742,45.742,45.703,45.703,280,0
2017-03-17,20:10:00,45.752,45.752,45.732,45.732,1590,0
2017-03-17,20:15:00,45.742,45.742,45.742,45.742,100,0
2017-03-17,21:00:00,45.702,45.702,45.672,45.672,300,0
2017-03-20,14:35:00,45.582,45.682,45.582,45.662,1682,0
2017-03-20,15:05:00,45.632,45.642,45.582,45.642,45658,0
2017-03-20,16:15:00,45.682,45.682,45.682,45.682,100,0
2017-03-20,18:05:00,45.662,45.662,45.662,45.662,300,0
2017-03-20,18:10:00,45.652,45.652,45.648,45.648,1297,0
2017-03-20,18:20:00,45.642,45.642,45.642,45.642,100,0
2017-03-20,19:15:00,45.552,45.552,45.552,45.552,267,0
2017-03-20,19:20:00,45.561,45.561,45.561,45.561,210,0
2017-03-20,20:50:00,45.632,45.632,45.632,45.632,294,0
2017-03-20,21:00:00,45.632,45.632,45.602,45.602,1001,0
2017-03-21,14:35:00,45.782,45.992,45.782,45.992,973,0
2017-03-21,14:40:00,46.022,46.022,46.022,46.022,100,0
2017-03-21,14:45:00,45.96,45.96,45.96,45.96,175,0
2017-03-21,14:55:00,45.872,45.872,45.872,45.872,200,0
2017-03-21,15:25:00,45.812,45.812,45.812,45.812,401,0
2017-03-21,16:05:00,45.542,45.542,45.542,45.542,300,0
2017-03-21,16:10:00,45.456,45.456,45.453,45.453,2203,0
2017-03-21,16:15:00,45.473,45.473,45.443,45.443,200,0
2017-03-21,16:20:00,45.437,45.437,45.437,45.437,451,0
2017-03-21,16:30:00,45.361,45.361,45.346,45.346,1718,0
2017-03-21,16:35:00,45.303,45.303,45.286,45.286,360,0
2017-03-21,16:40:00,45.249,45.267,45.233,45.263,1067,0
2017-03-21,16:45:00,45.253,45.257,45.238,45.257,961,0
2017-03-21,16:50:00,45.247,45.293,45.246,45.283,1282,0
2017-03-21,16:55:00,45.343,45.343,45.343,45.343,100,0
2017-03-21,17:35:00,45.313,45.313,45.313,45.313,100,0
2017-03-21,17:50:00,45.263,45.263,45.263,45.263,100,0
2017-03-21,18:10:00,45.193,45.232,45.193,45.232,567,0
2017-03-21,18:15:00,45.157,45.157,45.143,45.143,1171,0
2017-03-21,18:20:00,45.157,45.157,45.153,45.153,1302,0
2017-03-21,18:30:00,45.213,45.213,45.213,45.213,100,0
2017-03-21,18:50:00,45.183,45.183,45.183,45.183,100,0
2017-03-21,19:00:00,45.113,45.113,45.113,45.113,104,0
2017-03-21,19:10:00,45.063,45.103,45.063,45.103,300,0
2017-03-21,19:20:00,45.163,45.163,45.163,45.163,1001,0
2017-03-21,19:30:00,45.164,45.164,45.164,45.164,249,0
2017-03-21,19:35:00,45.153,45.153,45.153,45.153,200,0
2017-03-21,19:55:00,45.174,45.193,45.174,45.193,278,0
2017-03-21,20:00:00,45.196,45.196,45.196,45.196,756,0
2017-03-21,20:10:00,45.176,45.176,45.173,45.173,300,0
2017-03-21,20:40:00,45.113,45.113,45.113,45.113,200,0
2017-03-21,20:45:00,45.063,45.063,44.963,44.963,1005,0
2017-03-21,20:55:00,44.953,44.953,44.913,44.913,280,0
2017-03-21,21:00:00,44.943,44.943,44.923,44.943,5928,0
2017-03-22,14:35:00,44.943,44.943,44.833,44.923,1096,0
2017-03-22,14:40:00,45.014,45.014,45.014,45.014,601,0
2017-03-22,14:50:00,45.193,45.193,45.193,45.193,202,0
2017-03-22,14:55:00,45.103,45.103,45.103,45.103,200,0
2017-03-22,15:00:00,45.023,45.023,45.023,45.023,300,0
2017-03-22,15:15:00,44.963,44.963,44.963,44.963,100,0
2017-03-22,15:35:00,44.773,44.843,44.773,44.843,268,0
2017-03-22,15:45:00,44.983,44.983,44.983,44.983,200,0
2017-03-22,16:35:00,45.123,45.123,45.123,45.123,100,0
2017-03-22,16:55:00,45.172,45.172,45.172,45.172,771,0
2017-03-22,17:10:00,45.163,45.163,45.163,45.163,131,0
2017-03-22,19:50:00,45.093,45.093,45.093,45.093,100,0
2017-03-22,20:45:00,45.143,45.143,45.143,45.143,200,0
2017-03-22,20:55:00,45.213,45.213,45.213,45.213,100,0
2017-03-22,21:00:00,45.213,45.213,45.213,45.213,350,0
2017-03-23,14:35:00,45.243,45.243,45.233,45.243,150399,0
2017-03-23,14:40:00,45.263,45.263,45.263,45.263,100,0
2017-03-23,15:10:00,45.263,45.263,45.243,45.243,300,0
2017-03-23,15:20:00,45.283,45.283,45.233,45.273,150089,0
2017-03-23,15:30:00,45.323,45.323,45.323,45.323,100,0
2017-03-23,15:40:00,45.373,45.373,45.363,45.373,18624,0
2017-03-23,15:45:00,45.471,45.471,45.471,45.471,501,0
2017-03-23,15:50:00,45.434,45.434,45.434,45.434,502,0
2017-03-23,16:25:00,45.473,45.473,45.473,45.473,200,0
2017-03-23,16:30:00,45.453,45.453,45.453,45.453,100,0
2017-03-23,18:05:00,45.483,45.483,45.483,45.483,451,0
2017-03-23,19:25:00,45.393,45.403,45.393,45.403,401,0
2017-03-23,19:30:00,45.383,45.383,45.383,45.383,135,0
2017-03-23,19:35:00,45.429,45.429,45.429,45.429,273,0
2017-03-23,20:20:00,45.363,45.363,45.363,45.363,100,0
2017-03-23,21:00:00,45.323,45.383,45.323,45.383,801,0
2017-03-24,14:35:00,45.39,45.55,45.39,45.55,2691,0
2017-03-24,14:40:00,45.65,45.65,45.65,45.65,230,0
2017-03-24,14:50:00,45.69,45.69,45.69,45.69,100,0
2017-03-24,15:05:00,45.66,45.7,45.66,45.7,600,0
2017-03-24,15:20:00,45.72,45.76,45.72,45.76,215,0
2017-03-24,15:25:00,45.69,45.69,45.69,45.69,100,0
2017-03-24,15:30:00,45.67,45.67,45.64,45.64,350,0
2017-03-24,15:45:00,45.75,45.75,45.7499,45.7499,200,0
2017-03-24,15:50:00,45.71,45.71,45.71,45.71,100,0
2017-03-24,15:55:00,45.7089,45.7089,45.7089,45.7089,100,0
2017-03-24,16:10:00,45.705,45.705,45.705,45.705,100,0
2017-03-24,16:40:00,45.68,45.68,45.68,45.68,200,0
2017-03-24,17:10:00,45.75,45.75,45.75,45.75,100,0
2017-03-24,17:15:00,45.6636,45.6636,45.6636,45.6636,150,0
2017-03-24,17:25:00,45.6,45.6,45.6,45.6,100,0
2017-03-24,18:05:00,45.62,45.62,45.62,45.62,200,0
2017-03-24,18:10:00,45.56,45.56,45.56,45.56,150,0
2017-03-24,18:40:00,45.58,45.58,45.58,45.58,100,0
2017-03-24,19:15:00,45.52,45.52,45.52,45.52,100,0
2017-03-24,19:50:00,45.45,45.45,45.45,45.45,100,0
2017-03-24,20:25:00,45.35,45.35,45.35,45.35,183,0
2017-03-24,20:40:00,45.5664,45.59,45.55,45.56,8640,0
2017-03-24,20:45:00,45.62,45.64,45.62,45.64,1870,0
2017-03-24,21:00:00,45.52,45.52,45.52,45.52,141,0
2017-03-27,15:35:00,44.98,45.09,44.98,45.09,551,0
2017-03-27,15:45:00,44.92,44.9206,44.92,44.9206,500,0
2017-03-27,16:15:00,45.04,45.04,45.04,45.04,100,0
2017-03-27,16:20:00,45.05,45.05,45.05,45.05,100,0
2017-03-27,16:40:00,45.07,45.07,45.06,45.06,4800,0
2017-03-27,16:45:00,45.15,45.15,45.15,45.15,100,0
2017-03-27,16:50:00,45.2,45.2,45.2,45.2,100,0
2017-03-27,18:05:00,45.29,45.29,45.29,45.29,150,0
2017-03-27,18:25:00,45.38,45.38,45.38,45.38,300,0
2017-03-27,18:30:00,45.38,45.38,45.38,45.38,200,0
2017-03-27,19:05:00,45.51,45.51,45.5,45.51,600,0
2017-03-27,19:20:00,45.53,45.53,45.53,45.53,100,0
2017-03-27,19:45:00,45.51,45.51,45.51,45.51,100,0
2017-03-27,20:05:00,45.52,45.52,45.52,45.52,100,0
2017-03-27,20:10:00,45.54,45.5537,45.54,45.5537,200,0
2017-03-27,20:25:00,45.48,45.48,45.48,45.48,100,0
2017-03-27,20:45:00,45.5,45.5,45.5,45.5,100,0
2017-03-27,20:50:00,45.56,45.56,45.56,45.56,200,0
2017-03-27,21:15:00,45.59,45.59,45.59,45.59,200,0
2017-03-27,21:30:00,45.57,45.57,45.57,45.57,145,0
2017-03-27,21:35:00,45.5737,45.5737,45.5737,45.5737,793,0
2017-03-27,21:45:00,45.59,45.59,45.59,45.59,859,0
2017-03-27,22:00:00,45.52,45.52,45.5,45.5,1059,0
2017-03-28,15:40:00,45.6,45.6,45.6,45.6,100,0
2017-03-28,15:45:00,45.58,45.58,45.58,45.58,100,0
2017-03-28,15:55:00,45.4,45.4,45.4,45.4,355,0
2017-03-28,16:00:00,45.43,45.43,45.43,45.43,100,0
2017-03-28,16:05:00,45.43,45.43,45.43,45.43,100,0
2017-03-28,16:25:00,45.46,45.46,45.46,45.46,100,0
2017-03-28,16:50:00,45.541,45.541,45.541,45.541,100,0
2017-03-28,17:30:00,45.62,45.62,45.62,45.62,100,0
2017-03-28,17:40:00,45.6199,45.6199,45.6199,45.6199,100,0
2017-03-28,18:10:00,45.59,45.59,45.59,45.59,100,0
2017-03-28,18:15:00,45.59,45.59,45.59,45.59,100,0
2017-03-28,18:20:00,45.58,45.58,45.58,45.58,100,0
2017-03-28,18:25:00,45.57,45.57,45.56,45.56,200,0
2017-03-28,18:35:00,45.58,45.59,45.58,45.59,300,0
2017-03-28,18:45:00,45.61,45.61,45.59,45.59,300,0
2017-03-28,18:50:00,45.59,45.6064,45.59,45.6064,200,0
2017-03-28,18:55:00,45.59,45.59,45.59,45.59,100,0
2017-03-28,19:00:00,45.61,45.643,45.61,45.61,500,0
2017-03-28,19:20:00,45.6601,45.69,45.6601,45.6885,983,0
2017-03-28,19:25:00,45.675,45.675,45.675,45.675,200,0
2017-03-28,19:40:00,45.6699,45.6699,45.6699,45.6699,150,0
2017-03-28,20:40:00,45.7472,45.7472,45.7472,45.7472,100,0
2017-03-28,20:55:00,45.7628,45.7628,45.7628,45.7628,195,0
2017-03-28,21:25:00,45.65,45.65,45.65,45.65,100,0
2017-03-28,21:30:00,45.62,45.6511,45.62,45.65,2702,0
2017-03-28,21:55:00,45.62,45.62,45.62,45.62,645,0
2017-03-28,22:00:00,45.62,45.62,45.62,45.62,343,0
2017-03-29,16:35:00,45.45,45.45,45.45,45.45,100,0
2017-03-29,16:45:00,45.47,45.47,45.47,45.47,100,0
2017-03-29,19:05:00,45.34,45.34,45.34,45.34,100,0
2017-03-29,19:15:00,45.3278,45.3278,45.3278,45.3278,108,0
2017-03-29,19:45:00,45.419,45.419,45.419,45.419,120,0
2017-03-29,20:55:00,45.3723,45.3723,45.3723,45.3723,400,0
2017-03-29,21:00:00,45.41,45.41,45.41,45.41,100,0
2017-03-30,15:35:00,45.44,45.44,45.44,45.44,218,0
2017-03-30,15:40:00,45.57,45.57,45.57,45.57,100,0
2017-03-30,15:50:00,45.59,45.6,45.59,45.6,200,0
2017-03-30,16:20:00,45.65,45.65,45.65,45.65,100,0
2017-03-30,16:25:00,45.59,45.5982,45.55,45.55,305,0
2017-03-30,16:40:00,45.6,45.6,45.6,45.6,100,0
2017-03-30,17:45:00,45.565,45.565,45.5281,45.55,1193,0
2017-03-30,19:05:00,45.52,45.52,45.52,45.52,100,0
2017-03-30,19:50:00,45.6397,45.6397,45.6397,45.6397,295,0
2017-03-30,21:10:00,45.5944,45.5944,45.5944,45.5944,2000,0
2017-03-30,21:15:00,45.5999,45.5999,45.5999,45.5999,100,0
2017-03-30,22:00:00,45.58,45.58,45.57,45.57,300,0
2017-03-31,15:35:00,45.52,45.52,45.52,45.52,176,0
2017-03-31,16:15:00,45.49,45.49,45.49,45.49,100,0
2017-03-31,16:35:00,45.44,45.44,45.4323,45.4323,220,0
2017-03-31,17:25:00,45.39,45.39,45.39,45.39,500,0
2017-03-31,18:45:00,45.39,45.39,45.39,45.39,100,0
2017-03-31,19:55:00,45.4704,45.4704,45.4704,45.4704,237,0
2017-03-31,21:00:00,45.49,45.49,45.487,45.4892,2600,0
2017-03-31,21:45:00,45.5688,45.5688,45.56,45.56,358,0
2017-03-31,22:00:00,45.57,45.57,45.5,45.5,400,0
2017-04-03,15:35:00,45.51,45.51,45.51,45.51,125,0
2017-04-03,16:15:00,45.31,45.34,45.3,45.34,2200,0
2017-04-03,16:35:00,45.32,45.32,45.32,45.32,346,0
2017-04-03,17:10:00,45.06,45.06,44.92,44.92,500,0
2017-04-03,17:50:00,44.94,44.94,44.94,44.94,500,0
2017-04-03,18:00:00,44.84,44.84,44.84,44.84,144,0
2017-04-03,18:05:00,44.79,44.82,44.79,44.82,200,0
2017-04-03,18:25:00,44.91,44.91,44.91,44.91,100,0
2017-04-03,19:10:00,45.0202,45.0202,45.0202,45.0202,400,0
2017-04-03,19:40:00,44.9,44.9,44.9,44.9,100,0
2017-04-03,19:55:00,44.9222,44.9222,44.9222,44.9222,112,0
2017-04-03,21:25:00,45.01,45.01,44.99,44.99,423,0
2017-04-03,21:45:00,45,45,45,45,230,0
2017-04-03,22:00:00,45,45,45,45,200,0
2017-04-04,15:35:00,44.9,44.9,44.9,44.9,534,0
2017-04-04,17:05:00,44.91,44.91,44.91,44.91,100,0
2017-04-04,18:15:00,44.9,44.9,44.9,44.9,100,0
2017-04-04,20:15:00,44.9296,44.9296,44.9296,44.9296,200,0
2017-04-04,20:30:00,44.9335,44.9335,44.9335,44.9335,134,0
2017-04-04,20:35:00,44.9101,44.9101,44.9101,44.9101,114,0
2017-04-04,20:50:00,44.891,44.904,44.891,44.904,300,0
2017-04-04,21:45:00,44.8075,44.8075,44.8075,44.8075,100,0
2017-04-04,21:55:00,44.88,44.89,44.88,44.89,200,0
2017-04-04,22:00:00,44.92,44.92,44.92,44.92,200,0
2017-04-05,15:35:00,45,45,45,45,663,0
2017-04-05,15:40:00,44.931,44.931,44.931,44.931,500,0
2017-04-05,15:45:00,45.02,45.02,45.02,45.02,100,0
2017-04-05,16:50:00,44.86,44.86,44.86,44.86,100,0
2017-04-05,16:55:00,44.91,44.91,44.91,44.91,100,0
2017-04-05,17:30:00,44.75,44.79,44.75,44.79,1581,0
2017-04-05,17:45:00,44.8776,44.8776,44.8776,44.8776,219,0
2017-04-05,18:00:00,44.84,44.84,44.84,44.84,101,0
2017-04-05,18:20:00,44.87,44.87,44.87,44.87,100,0
2017-04-05,18:25:00,44.8701,44.8844,44.87,44.87,900,0
2017-04-05,19:30:00,44.869,44.869,44.8505,44.8505,235,0
2017-04-05,20:40:00,44.71,44.71,44.71,44.71,128,0
2017-04-05,20:50:00,44.66,44.66,44.66,44.66,100,0
2017-04-05,20:55:00,44.61,44.61,44.56,44.56,289,0
2017-04-05,21:15:00,44.51,44.51,44.51,44.51,302,0
2017-04-05,21:20:00,44.47,44.47,44.47,44.47,235,0
2017-04-05,21:25:00,44.42,44.42,44.38,44.38,749,0
2017-04-05,21:30:00,44.32,44.32,44.32,44.32,100,0
2017-04-05,21:35:00,44.27,44.27,44.21,44.23,744,0
2017-04-05,21:50:00,44.34,44.34,44.34,44.34,233,0
2017-04-05,22:00:00,44.24,44.24,44.24,44.24,308,0
2017-04-06,15:35:00,44.31,44.31,44.31,44.31,119,0
2017-04-06,15:55:00,44.35,44.35,44.35,44.35,100,0
2017-04-06,16:15:00,44.46,44.46,44.46,44.46,100,0
2017-04-06,16:50:00,44.4427,44.4427,44.4427,44.4427,1232,0
2017-04-06,17:15:00,44.53,44.53,44.53,44.53,100,0
2017-04-06,17:30:00,44.69,44.69,44.69,44.69,200,0
2017-04-06,17:50:00,44.615,44.615,44.615,44.615,730,0
2017-04-06,18:00:00,44.6449,44.6449,44.6449,44.6449,281,0
2017-04-06,18:45:00,44.63,44.63,44.63,44.63,100,0
2017-04-06,19:05:00,44.68,44.68,44.68,44.68,100,0
2017-04-06,19:55:00,44.8299,44.8299,44.8299,44.8299,100,0
2017-04-06,20:40:00,44.74,44.74,44.74,44.74,200,0
2017-04-06,21:20:00,44.6484,44.6484,44.6484,44.6484,104,0
2017-04-07,16:10:00,44.74,44.74,44.74,44.74,1100,0
2017-04-07,16:25:00,44.7,44.7,44.7,44.7,220,0
2017-04-07,16:30:00,44.74,44.74,44.74,44.74,100,0
2017-04-07,16:40:00,44.78,44.78,44.78,44.78,1100,0
2017-04-07,17:00:00,44.72,44.72,44.72,44.72,100,0
2017-04-07,21:20:00,44.7,44.7,44.7,44.7,200,0
2017-04-07,21:25:00,44.7028,44.7028,44.7028,44.7028,1036,0
2017-04-07,22:00:00,44.59,44.59,44.59,44.59,100,0
2017-04-10,15:35:00,44.59,44.59,44.59,44.59,132,0
2017-04-10,16:10:00,44.78,44.78,44.77,44.77,231,0
2017-04-10,17:05:00,44.67,44.67,44.6562,44.67,1910,0
2017-04-10,17:10:00,44.67,44.67,44.66,44.66,2820,0
2017-04-10,20:55:00,44.59,44.59,44.59,44.59,200,0
2017-04-10,21:55:00,44.54,44.54,44.54,44.54,100,0
2017-04-10,22:00:00,44.57,44.57,44.54,44.54,634,0
2017-04-11,16:20:00,44.41,44.41,44.41,44.41,177,0
2017-04-11,16:25:00,44.3,44.3,44.27,44.27,296,0
2017-04-11,16:35:00,44.21,44.21,44.16,44.16,259,0
2017-04-11,17:10:00,44.28,44.28,44.28,44.28,100,0
2017-04-11,17:40:00,44.2746,44.2746,44.2746,44.2746,200,0
2017-04-11,18:40:00,44.42,44.42,44.42,44.42,100,0
2017-04-11,20:25:00,44.3501,44.364,44.35,44.364,400,0
2017-04-11,22:00:00,44.44,44.44,44.44,44.44,201,0
2017-04-12,16:35:00,44.25,44.25,44.25,44.25,100,0
2017-04-12,16:50:00,44.12,44.12,44.12,44.12,119,0
2017-04-12,17:25:00,44.09,44.09,44.09,44.09,122,0
2017-04-12,17:40:00,44.04,44.04,44.04,44.04,150,0
2017-04-12,17:55:00,43.97,43.97,43.96,43.9601,1195,0
2017-04-12,18:10:00,44.11,44.12,44.11,44.12,2200,0
2017-04-12,20:00:00,44.12,44.1343,44.12,44.1343,2470,0
2017-04-12,21:50:00,44.0311,44.0311,44.0311,44.0311,250,0
2017-04-12,21:55:00,44.02,44.03,44.02,44.03,200,0
2017-04-12,22:00:00,44.02,44.02,44.02,44.02,700,0
2017-04-13,15:35:00,44.16,44.16,44.16,44.16,152,0
2017-04-13,15:40:00,44.1762,44.19,44.1762,44.19,300,0
2017-04-13,16:30:00,44.29,44.29,44.24,44.24,400,0
2017-04-13,16:50:00,44.2736,44.2736,44.2736,44.2736,178,0
2017-04-13,16:55:00,44.29,44.29,44.29,44.29,100,0
2017-04-13,17:45:00,44.295,44.295,44.295,44.295,1347,0
2017-04-13,18:05:00,44.24,44.24,44.24,44.24,100,0
2017-04-13,18:10:00,44.16,44.16,44.16,44.16,400,0
2017-04-13,18:15:00,44.19,44.19,44.19,44.19,160,0
2017-04-13,18:20:00,44.19,44.19,44.15,44.15,450,0
2017-04-13,18:35:00,44.17,44.19,44.17,44.173,410,0
2017-04-13,20:15:00,44.07,44.07,44.07,44.07,100,0
2017-04-13,20:25:00,44.043,44.043,44.043,44.043,207,0
2017-04-13,21:05:00,44.0199,44.0199,44.0199,44.0199,136,0
2017-04-13,21:15:00,43.94,43.94,43.94,43.94,135,0
2017-04-13,21:35:00,43.91,43.91,43.9,43.901,417,0
2017-04-13,21:40:00,43.84,43.84,43.8301,43.8301,626,0
2017-04-13,21:45:00,43.83,43.83,43.83,43.83,100,0
2017-04-13,22:00:00,43.78,43.78,43.78,43.78,982,0
2017-04-17,15:35:00,43.7,43.7,43.7,43.7,272,0
2017-04-17,16:05:00,43.86,43.86,43.86,43.86,3700,0
2017-04-17,16:10:00,43.93,43.93,43.93,43.93,100,0
2017-04-17,16:20:00,43.97,43.97,43.97,43.97,100,0
2017-04-17,16:30:00,43.94,43.94,43.94,43.94,100,0
2017-04-17,16:35:00,43.96,43.96,43.96,43.96,200,0
2017-04-17,16:45:00,43.95,43.95,43.95,43.95,100,0
2017-04-17,16:50:00,43.95,43.95,43.95,43.95,100,0
2017-04-17,18:25:00,43.945,43.95,43.945,43.95,200,0
2017-04-17,19:55:00,43.9299,43.9299,43.9299,43.9299,100,0
2017-04-17,20:35:00,43.95,43.95,43.95,43.95,200,0
2017-04-17,21:10:00,43.92,43.92,43.92,43.92,3491,0
2017-04-17,22:00:00,44.05,44.05,44.05,44.05,100,0
2017-04-18,16:45:00,44.01,44.01,44.01,44.01,100,0
2017-04-18,17:55:00,44.036,44.036,44.036,44.036,300,0
2017-04-18,18:05:00,43.98,43.98,43.98,43.98,6300,0
2017-04-18,18:55:00,43.98,43.98,43.98,43.98,200,0
2017-04-18,21:40:00,44.0201,44.0201,44.0201,44.0201,200,0
2017-04-18,21:45:00,44.01,44.01,44.01,44.01,500,0
2017-04-18,22:00:00,43.98,44,43.98,43.99,1200,0
2017-04-19,15:50:00,44,44,44,44,1601,0
2017-04-19,15:55:00,44.03,44.03,44.03,44.03,100,0
2017-04-19,16:00:00,44.074,44.074,44.074,44.074,333,0
2017-04-19,16:10:00,44.03,44.03,44.03,44.03,100,0
2017-04-19,16:30:00,43.98,43.98,43.98,43.98,200,0
2017-04-19,17:50:00,44.1699,44.1699,44.1699,44.1699,108,0
2017-04-19,18:20:00,44.05,44.05,44.05,44.05,100,0
2017-04-19,18:50:00,44.01,44.01,44.01,44.01,300,0
2017-04-19,19:00:00,44.03,44.03,44.03,44.03,150,0
2017-04-19,19:05:00,43.98,43.98,43.98,43.98,100,0
2017-04-19,19:10:00,43.99,43.99,43.99,43.99,105,0
2017-04-19,20:05:00,43.9701,43.9701,43.97,43.9701,1000,0
2017-04-19,21:20:00,43.92,43.92,43.92,43.92,400,0
2017-04-19,22:00:00,43.93,43.93,43.93,43.93,100,0
2017-04-20,16:00:00,43.97,43.9808,43.97,43.9804,1300,0
2017-04-20,16:35:00,44,44,44,44,100,0
2017-04-20,17:00:00,44.1,44.1,44.1,44.1,100,0
2017-04-20,17:05:00,44.1,44.1,44.1,44.1,500,0
2017-04-20,17:15:00,44.15,44.15,44.15,44.15,100,0
2017-04-20,18:45:00,44.25,44.25,44.25,44.25,500,0
2017-04-20,19:50:00,44.2941,44.2941,44.2941,44.2941,2125,0
2017-04-20,19:55:00,44.28,44.28,44.28,44.28,160,0
2017-04-20,20:15:00,44.29,44.29,44.29,44.29,100,0
2017-04-20,21:45:00,44.25,44.25,44.25,44.25,2000,0
2017-04-20,21:50:00,44.2839,44.2839,44.2734,44.2734,1446,0
2017-04-20,21:55:00,44.29,44.29,44.29,44.29,1500,0
2017-04-20,22:00:00,44.27,44.29,44.21,44.21,903,0
2017-04-21,16:15:00,44.31,44.31,44.31,44.31,186,0
2017-04-21,16:45:00,44.25,44.25,44.25,44.25,100,0
2017-04-21,17:05:00,44.19,44.19,44.19,44.19,100,0
2017-04-21,17:10:00,44.17,44.1848,44.17,44.1848,200,0
2017-04-21,17:20:00,44.1905,44.1905,44.1905,44.1905,350,0
2017-04-21,17:25:00,44.2453,44.2453,44.2453,44.2453,100,0
2017-04-21,17:30:00,44.28,44.28,44.28,44.28,100,0
2017-04-21,17:35:00,44.29,44.29,44.29,44.29,100,0
2017-04-21,17:55:00,44.27,44.27,44.25,44.25,3700,0
2017-04-21,18:10:00,44.22,44.23,44.22,44.23,2100,0
2017-04-21,22:00:00,44.15,44.15,44.15,44.15,200,0
2017-04-24,15:45:00,44.66,44.66,44.64,44.64,300,0
2017-04-24,15:50:00,44.67,44.67,44.67,44.67,1100,0
2017-04-24,16:10:00,44.66,44.66,44.66,44.66,100,0
2017-04-24,16:15:00,44.62,44.62,44.62,44.62,1100,0
2017-04-24,16:35:00,44.6301,44.66,44.6301,44.66,300,0
2017-04-24,17:00:00,44.6701,44.6701,44.6701,44.6701,204,0
2017-04-24,17:55:00,44.71,44.71,44.71,44.71,100,0
2017-04-24,18:10:00,44.76,44.76,44.76,44.76,300,0
2017-04-24,19:00:00,44.86,44.86,44.86,44.86,357,0
2017-04-24,19:50:00,44.88,44.88,44.88,44.88,158,0
2017-04-24,21:05:00,44.9248,44.9248,44.9248,44.9248,141,0
2017-04-24,21:25:00,44.95,44.95,44.95,44.95,156,0
2017-04-25,15:40:00,45.19,45.19,45.19,45.19,245,0
2017-04-25,15:50:00,45.25,45.25,45.25,45.25,100,0
2017-04-25,16:15:00,45.2832,45.2832,45.28,45.28,1804,0
2017-04-25,16:20:00,45.25,45.25,45.25,45.25,534,0
2017-04-25,16:45:00,45.23,45.23,45.23,45.23,489,0
2017-04-25,16:55:00,45.1955,45.1955,45.1955,45.1955,100,0
2017-04-25,17:25:00,45.25,45.25,45.25,45.25,100,0
2017-04-25,19:45:00,45.19,45.19,45.19,45.19,300,0
2017-04-25,20:25:00,45.22,45.22,45.22,45.22,300,0
2017-04-25,21:40:00,45.2,45.2,45.2,45.2,100,0
2017-04-25,21:45:00,45.1801,45.1801,45.1801,45.1801,563,0
2017-04-25,21:50:00,45.16,45.16,45.16,45.16,100,0
2017-04-25,22:00:00,45.15,45.15,45.15,45.15,100,0
2017-04-26,16:15:00,45.01,45.01,45.01,45.01,268,0
2017-04-26,17:30:00,45.23,45.23,45.23,45.23,100,0
2017-04-26,18:15:00,45.2822,45.2822,45.2822,45.2822,237,0
2017-04-26,18:20:00,45.28,45.28,45.28,45.28,100,0
2017-04-26,19:30:00,45.32,45.32,45.32,45.32,100,0
2017-04-26,19:45:00,45.29,45.29,45.29,45.29,100,0
2017-04-26,20:05:00,45.18,45.18,45.18,45.18,403,0
2017-04-26,21:20:00,45.18,45.18,45.18,45.18,2228,0
2017-04-26,21:35:00,45.12,45.12,45.12,45.12,300,0
2017-04-26,22:00:00,45.02,45.02,45.02,45.02,100,0
