Date,Time,Open,High,Low,Close,Volume,OpenInt
2017-04-03,15:35:00,50.12,50.12,50.0699,50.07,28399,0
2017-04-03,15:40:00,50.07,50.07,50.05,50.0501,1224,0
2017-04-03,15:45:00,50.069,50.069,50.069,50.069,167,0
2017-04-03,16:00:00,50.08,50.08,50.0798,50.0798,400,0
2017-04-03,16:10:00,50.05,50.08,50.05,50.08,1144,0
2017-04-03,16:15:00,50.08,50.08,50.07,50.08,3866,0
2017-04-03,16:20:00,50.09,50.1,50.09,50.1,8328,0
2017-04-03,16:25:00,50.0999,50.0999,50.09,50.09,211,0
2017-04-03,16:30:00,50.1,50.1,50.07,50.1,4500,0
2017-04-03,16:35:00,50.1,50.1,50.08,50.1,1711,0
2017-04-03,16:40:00,50.0944,50.1,50.0944,50.1,300,0
2017-04-03,16:45:00,50.1,50.11,50.1,50.11,1400,0
2017-04-03,16:55:00,50.11,50.11,50.0995,50.11,800,0
2017-04-03,17:05:00,50.095,50.095,50.095,50.095,299,0
2017-04-03,17:10:00,50.095,50.11,50.095,50.1098,300,0
2017-04-03,17:20:00,50.084,50.084,50.084,50.084,457,0
2017-04-03,17:25:00,50.108,50.12,50.107,50.107,507,0
2017-04-03,17:45:00,50.1064,50.1064,50.1064,50.1064,175,0
2017-04-03,18:05:00,50.1064,50.1064,50.092,50.092,220,0
2017-04-03,18:10:00,50.08,50.12,50.08,50.12,304,0
2017-04-03,18:15:00,50.0884,50.12,50.0884,50.12,1519,0
2017-04-03,18:20:00,50.12,50.12,50.09,50.12,825,0
2017-04-03,18:30:00,50.12,50.12,50.09,50.09,1110,0
2017-04-03,18:35:00,50.105,50.105,50.105,50.105,900,0
2017-04-03,18:45:00,50.1073,50.1073,50.105,50.105,1738,0
2017-04-03,18:50:00,50.11,50.11,50.105,50.11,1330,0
2017-04-03,18:55:00,50.11,50.11,50.096,50.105,941,0
2017-04-03,19:00:00,50.11,50.12,50.11,50.115,2668,0
2017-04-03,19:05:00,50.12,50.12,50.12,50.12,192,0
2017-04-03,19:10:00,50.12,50.12,50.115,50.115,801,0
2017-04-03,19:15:00,50.115,50.115,50.1,50.1,2547,0
2017-04-03,19:20:00,50.104,50.104,50.0978,50.0978,550,0
2017-04-03,19:25:00,50.1062,50.1062,50.1,50.1,985,0
2017-04-03,19:30:00,50.09,50.09,50.09,50.09,336,0
2017-04-03,19:45:00,50.1,50.1,50.1,50.1,207,0
2017-04-03,19:55:00,50.11,50.11,50.11,50.11,500,0
2017-04-03,20:05:00,50.11,50.11,50.11,50.11,478,0
2017-04-03,20:10:00,50.104,50.11,50.1,50.11,3625,0
2017-04-03,20:15:00,50.1022,50.104,50.1022,50.104,351,0
2017-04-03,20:20:00,50.1,50.1,50.0968,50.1,956,0
2017-04-03,20:30:00,50.105,50.105,50.105,50.105,253,0
2017-04-03,20:40:00,50.12,50.12,50.1199,50.1199,214,0
2017-04-03,20:50:00,50.11,50.11,50.11,50.11,200,0
2017-04-03,20:55:00,50.12,50.12,50.1,50.11,3039,0
2017-04-03,21:00:00,50.1106,50.1106,50.1106,50.1106,276,0
2017-04-03,21:15:00,50.11,50.11,50.11,50.11,392,0
2017-04-03,21:20:00,50.1199,50.1199,50.105,50.105,644,0
2017-04-03,21:25:00,50.11,50.12,50.105,50.105,721,0
2017-04-03,21:30:00,50.12,50.12,50.1,50.12,12314,0
2017-04-03,21:35:00,50.1,50.12,50.1,50.11,1159,0
2017-04-03,21:40:00,50.12,50.12,50.115,50.115,3425,0
2017-04-03,21:45:00,50.115,50.12,50.11,50.115,12384,0
2017-04-03,21:55:00,50.115,50.13,50.115,50.13,2999,0
2017-04-04,15:35:00,50.11,50.11,50.11,50.11,5579,0
2017-04-04,15:40:00,50.07,50.07,50.07,50.07,427,0
2017-04-04,16:00:00,50.07,50.11,50.07,50.11,3962,0
2017-04-04,16:05:00,50.1161,50.12,50.0932,50.0932,4430,0
2017-04-04,16:10:00,50.0928,50.12,50.0928,50.12,828,0
2017-04-04,16:15:00,50.12,50.12,50.12,50.12,400,0
2017-04-04,16:20:00,50.1117,50.1117,50.1117,50.1117,122,0
2017-04-04,16:30:00,50.1016,50.1016,50.1016,50.1016,120,0
2017-04-04,16:35:00,50.1092,50.1092,50.1005,50.1005,827,0
2017-04-04,16:50:00,50.1038,50.1038,50.1038,50.1038,194,0
2017-04-04,16:55:00,50.105,50.105,50.0902,50.0902,530,0
2017-04-04,17:05:00,50.1054,50.1054,50.09,50.09,3190,0
2017-04-04,17:15:00,50.0948,50.0948,50.08,50.08,335,0
2017-04-04,17:25:00,50.1,50.1,50.1,50.1,600,0
2017-04-04,17:30:00,50.095,50.095,50.095,50.095,100,0
2017-04-04,17:40:00,50.1,50.1,50.09,50.1,2500,0
2017-04-04,17:45:00,50.0934,50.0934,50.09,50.09,1956,0
2017-04-04,17:50:00,50.1,50.1,50.1,50.1,1700,0
2017-04-04,17:55:00,50.09,50.1,50.09,50.1,759,0
2017-04-04,18:00:00,50.1036,50.1036,50.09,50.1,2959,0
2017-04-04,18:05:00,50.1049,50.105,50.1049,50.105,949,0
2017-04-04,18:10:00,50.1043,50.1051,50.1,50.1,761,0
2017-04-04,18:15:00,50.105,50.1061,50.105,50.1061,541,0
2017-04-04,18:20:00,50.1099,50.1099,50.1099,50.1099,300,0
2017-04-04,18:25:00,50.105,50.105,50.105,50.105,1300,0
2017-04-04,18:30:00,50.105,50.105,50.105,50.105,1200,0
2017-04-04,18:35:00,50.1016,50.1016,50.1016,50.1016,100,0
2017-04-04,18:45:00,50.1099,50.1099,50.1052,50.1052,465,0
2017-04-04,18:55:00,50.1008,50.1008,50.1008,50.1008,479,0
2017-04-04,19:05:00,50.1061,50.11,50.1,50.11,3390,0
2017-04-04,19:10:00,50.11,50.11,50.105,50.105,42190,0
2017-04-04,19:15:00,50.1052,50.1052,50.1052,50.1052,800,0
2017-04-04,19:30:00,50.1052,50.1052,50.1052,50.1052,200,0
2017-04-04,19:35:00,50.11,50.11,50.11,50.11,100,0
2017-04-04,19:40:00,50.11,50.11,50.11,50.11,500,0
2017-04-04,19:45:00,50.11,50.11,50.11,50.11,600,0
2017-04-04,19:50:00,50.11,50.11,50.1,50.11,14916,0
2017-04-04,19:55:00,50.11,50.11,50.1052,50.11,1330,0
2017-04-04,20:00:00,50.11,50.11,50.11,50.11,600,0
2017-04-04,20:05:00,50.11,50.11,50.11,50.11,600,0
2017-04-04,20:10:00,50.11,50.11,50.11,50.11,1211,0
2017-04-04,20:15:00,50.11,50.11,50.105,50.105,1366,0
2017-04-04,20:20:00,50.11,50.11,50.105,50.11,1039,0
2017-04-04,20:25:00,50.17,50.18,50.12,50.13,4400,0
2017-04-04,20:30:00,50.124,50.124,50.124,50.124,174,0
2017-04-04,20:35:00,50.125,50.125,50.125,50.125,500,0
2017-04-04,20:40:00,50.13,50.13,50.125,50.125,691,0
2017-04-04,20:45:00,50.125,50.125,50.1246,50.125,2101,0
2017-04-04,20:50:00,50.125,50.1252,50.125,50.125,2500,0
2017-04-04,20:55:00,50.125,50.125,50.12,50.125,2900,0
2017-04-04,21:00:00,50.125,50.125,50.12,50.125,1015,0
2017-04-04,21:05:00,50.125,50.13,50.12,50.12,9210,0
2017-04-04,21:10:00,50.12,50.12,50.12,50.12,4700,0
2017-04-04,21:15:00,50.115,50.115,50.11,50.11,1186,0
2017-04-04,21:20:00,50.12,50.12,50.12,50.12,595,0
2017-04-04,21:25:00,50.12,50.12,50.115,50.12,1269,0
2017-04-04,21:30:00,50.1152,50.12,50.1152,50.119,1858,0
2017-04-04,21:35:00,50.12,50.12,50.1152,50.12,17376,0
2017-04-04,21:40:00,50.12,50.12,50.1152,50.12,1608,0
2017-04-04,21:45:00,50.12,50.12,50.1101,50.12,1899,0
2017-04-04,21:50:00,50.12,50.12,50.12,50.12,908,0
2017-04-04,21:55:00,50.12,50.12,50.115,50.12,2630,0
2017-04-04,22:00:00,50.12,50.12,50.11,50.12,2168,0
2017-04-05,15:35:00,50.12,50.12,50.1,50.11,16578,0
2017-04-05,15:45:00,50.125,50.125,50.12,50.12,303,0
2017-04-05,15:50:00,50.1255,50.1268,50.1059,50.1059,3943,0
2017-04-05,16:00:00,50.1098,50.1098,50.1098,50.1098,243,0
2017-04-05,16:05:00,50.105,50.105,50.105,50.105,211,0
2017-04-05,16:15:00,50.1038,50.1038,50.1038,50.1038,858,0
2017-04-05,16:20:00,50.1083,50.11,50.09,50.11,332,0
2017-04-05,16:30:00,50.1,50.1,50.1,50.1,159,0
2017-04-05,16:35:00,50.09,50.09,50.09,50.09,100,0
2017-04-05,16:40:00,50.1078,50.11,50.09,50.105,3514,0
2017-04-05,16:50:00,50.0966,50.0966,50.0966,50.0966,100,0
2017-04-05,16:55:00,50.0978,50.11,50.0978,50.105,607,0
2017-04-05,17:00:00,50.0996,50.105,50.09,50.09,2558,0
2017-04-05,17:05:00,50.1062,50.1087,50.1029,50.1029,1304,0
2017-04-05,17:10:00,50.11,50.11,50.11,50.11,200,0
2017-04-05,17:25:00,50.095,50.095,50.095,50.095,200,0
2017-04-05,17:30:00,50.095,50.107,50.095,50.107,1147,0
2017-04-05,17:40:00,50.1,50.1,50.1,50.1,100,0
2017-04-05,17:45:00,50.11,50.11,50.1,50.1,350,0
2017-04-05,17:50:00,50.11,50.11,50.11,50.11,400,0
2017-04-05,17:55:00,50.11,50.11,50.11,50.11,120,0
2017-04-05,18:05:00,50.11,50.11,50.11,50.11,130,0
2017-04-05,18:10:00,50.11,50.11,50.1,50.1,964,0
2017-04-05,18:15:00,50.1122,50.1122,50.1,50.1,375,0
2017-04-05,18:20:00,50.1016,50.1199,50.1016,50.1199,338,0
2017-04-05,18:25:00,50.0926,50.0926,50.0926,50.0926,175,0
2017-04-05,18:35:00,50.1,50.1,50.1,50.1,284,0
2017-04-05,18:45:00,50.1,50.1,50.1,50.1,1200,0
2017-04-05,18:50:00,50.0917,50.0917,50.08,50.08,784,0
2017-04-05,18:55:00,50.0995,50.0995,50.095,50.095,566,0
2017-04-05,19:05:00,50.107,50.107,50.107,50.107,300,0
2017-04-05,19:10:00,50.0957,50.11,50.0957,50.11,960,0
2017-04-05,19:30:00,50.102,50.102,50.102,50.102,358,0
2017-04-05,19:35:00,50.098,50.098,50.098,50.098,400,0
2017-04-05,19:45:00,50.12,50.12,50.08,50.08,1213,0
2017-04-05,19:50:00,50.095,50.095,50.095,50.095,116,0
2017-04-05,19:55:00,50.0863,50.095,50.0863,50.0903,1503,0
2017-04-05,20:00:00,50.11,50.11,50.08,50.08,451,0
2017-04-05,20:05:00,50.1,50.1,50.1,50.1,107,0
2017-04-05,20:15:00,50.106,50.106,50.094,50.094,643,0
2017-04-05,20:20:00,50.0988,50.11,50.06,50.07,83594,0
2017-04-05,20:30:00,50.08,50.08,50.07,50.07,300,0
2017-04-05,20:35:00,50.06,50.0999,50.06,50.09,864,0
2017-04-05,20:45:00,50.08,50.08,50.08,50.08,200,0
2017-04-05,20:55:00,50.09,50.09,50.06,50.075,2027,0
2017-04-05,21:00:00,50.075,50.08,50.06,50.08,996,0
2017-04-05,21:05:00,50.08,50.08,50.08,50.08,100,0
2017-04-05,21:10:00,50.07,50.07,50.07,50.07,500,0
2017-04-05,21:15:00,50.07,50.08,50.07,50.08,2481,0
2017-04-05,21:20:00,50.08,50.08,50.08,50.08,580,0
2017-04-05,21:25:00,50.0735,50.08,50.0735,50.08,400,0
2017-04-05,21:30:00,50.08,50.08,50.08,50.08,9161,0
2017-04-05,21:35:00,50.108,50.1394,50.108,50.1394,1767,0
2017-04-05,21:40:00,50.08,50.08,50.08,50.08,200,0
2017-04-05,21:50:00,50.1186,50.1186,50.1161,50.1161,2638,0
2017-04-05,21:55:00,50.115,50.1162,50.115,50.1162,241,0
2017-04-05,22:00:00,50.14,50.14,50.1296,50.1296,685,0
2017-04-06,15:35:00,50.14,50.14,50.09,50.14,8358,0
2017-04-06,15:40:00,50.14,50.14,50.11,50.11,1111,0
2017-04-06,15:45:00,50.13,50.14,50.11,50.11,400,0
2017-04-06,15:50:00,50.14,50.14,50.14,50.14,600,0
2017-04-06,16:05:00,50.13,50.13,50.13,50.13,100,0
2017-04-06,16:10:00,50.13,50.1311,50.13,50.1311,371,0
2017-04-06,16:15:00,50.1201,50.126,50.1201,50.125,954,0
2017-04-06,16:25:00,50.13,50.13,50.13,50.13,700,0
2017-04-06,16:30:00,50.1337,50.1337,50.1337,50.1337,194,0
2017-04-06,16:35:00,50.125,50.125,50.125,50.125,1966,0
2017-04-06,16:40:00,50.1332,50.1332,50.125,50.125,848,0
2017-04-06,16:50:00,50.1265,50.1265,50.1265,50.1265,100,0
2017-04-06,17:05:00,50.13,50.13,50.13,50.13,1450,0
2017-04-06,17:10:00,50.1265,50.1265,50.1265,50.1265,543,0
2017-04-06,17:15:00,50.115,50.13,50.115,50.13,2100,0
2017-04-06,17:20:00,50.13,50.13,50.1271,50.1271,275,0
2017-04-06,17:30:00,50.11,50.11,50.11,50.11,692,0
2017-04-06,17:35:00,50.13,50.13,50.13,50.13,200,0
2017-04-06,17:40:00,50.1273,50.1273,50.1273,50.1273,458,0
2017-04-06,17:45:00,50.1262,50.1262,50.1183,50.1183,2440,0
2017-04-06,17:50:00,50.13,50.13,50.13,50.13,100,0
2017-04-06,17:55:00,50.13,50.13,50.13,50.13,999,0
2017-04-06,18:00:00,50.1333,50.1333,50.12,50.1324,1848,0
2017-04-06,18:05:00,50.13,50.13,50.13,50.13,300,0
2017-04-06,18:10:00,50.13,50.13,50.12,50.12,602,0
2017-04-06,18:15:00,50.1336,50.1336,50.12,50.12,3167,0
2017-04-06,18:20:00,50.12,50.13,50.12,50.13,2910,0
2017-04-06,18:30:00,50.13,50.13,50.12,50.12,1547,0
2017-04-06,18:50:00,50.1201,50.1278,50.12,50.12,2340,0
2017-04-06,18:55:00,50.12,50.12,50.11,50.11,1300,0
2017-04-06,19:05:00,50.13,50.1311,50.13,50.13,951,0
2017-04-06,19:15:00,50.138,50.138,50.11,50.11,3270,0
2017-04-06,19:25:00,50.12,50.12,50.11,50.12,1309,0
2017-04-06,19:30:00,50.1236,50.1236,50.11,50.11,3519,0
2017-04-06,19:40:00,50.1193,50.1193,50.11,50.11,1142,0
2017-04-06,19:45:00,50.12,50.12,50.115,50.115,700,0
2017-04-06,19:50:00,50.13,50.13,50.125,50.125,209,0
2017-04-06,20:00:00,50.135,50.135,50.11,50.11,1001,0
2017-04-06,20:05:00,50.12,50.13,50.11,50.11,2500,0
2017-04-06,20:10:00,50.1286,50.1286,50.1286,50.1286,100,0
2017-04-06,20:20:00,50.1176,50.1207,50.1176,50.1207,600,0
2017-04-06,20:30:00,50.125,50.125,50.12,50.12,200,0
2017-04-06,20:35:00,50.12,50.12,50.12,50.12,297,0
2017-04-06,20:40:00,50.125,50.125,50.12,50.12,1703,0
2017-04-06,20:50:00,50.12,50.12,50.12,50.12,100,0
2017-04-06,20:55:00,50.12,50.12,50.12,50.12,400,0
2017-04-06,21:00:00,50.13,50.13,50.13,50.13,100,0
2017-04-06,21:05:00,50.1201,50.13,50.1201,50.13,200,0
2017-04-06,21:10:00,50.12,50.13,50.12,50.13,600,0
2017-04-06,21:15:00,50.12,50.1207,50.12,50.1207,299,0
2017-04-06,21:20:00,50.123,50.123,50.12,50.12,2004,0
2017-04-06,21:30:00,50.1254,50.1254,50.125,50.125,409,0
2017-04-06,21:35:00,50.125,50.125,50.125,50.125,200,0
2017-04-06,21:40:00,50.13,50.13,50.13,50.13,279,0
2017-04-06,21:45:00,50.1317,50.135,50.1317,50.135,421,0
2017-04-06,21:55:00,50.1389,50.1389,50.135,50.135,434,0
2017-04-06,22:00:00,50.1367,50.1367,50.135,50.135,900,0
2017-04-07,15:35:00,50.15,50.15,50.15,50.15,6071,0
2017-04-07,15:45:00,50.135,50.135,50.135,50.135,102,0
2017-04-07,15:50:00,50.138,50.138,50.138,50.138,145,0
2017-04-07,15:55:00,50.13,50.13,50.13,50.13,400,0
2017-04-07,16:05:00,50.13,50.16,50.12,50.12,3996,0
2017-04-07,16:15:00,50.1378,50.1378,50.1378,50.1378,241,0
2017-04-07,16:35:00,50.145,50.145,50.145,50.145,319,0
2017-04-07,16:50:00,50.1442,50.16,50.12,50.145,3098,0
2017-04-07,17:05:00,50.16,50.16,50.15,50.15,1406,0
2017-04-07,17:10:00,50.1489,50.16,50.12,50.16,3200,0
2017-04-07,17:15:00,50.145,50.145,50.145,50.145,300,0
2017-04-07,17:20:00,50.145,50.145,50.145,50.145,103,0
2017-04-07,17:45:00,50.141,50.141,50.135,50.135,1207,0
2017-04-07,17:50:00,50.12,50.1201,50.12,50.12,1920,0
2017-04-07,17:55:00,50.1101,50.13,50.11,50.11,2768,0
2017-04-07,18:00:00,50.125,50.15,50.12,50.12,2100,0
2017-04-07,18:10:00,50.141,50.141,50.141,50.141,658,0
2017-04-07,18:15:00,50.1383,50.1383,50.1383,50.1383,200,0
2017-04-07,18:20:00,50.1369,50.141,50.1369,50.1383,440,0
2017-04-07,18:25:00,50.135,50.1499,50.135,50.135,3730,0
2017-04-07,18:35:00,50.13,50.13,50.13,50.13,100,0
2017-04-07,18:45:00,50.1236,50.145,50.12,50.145,620,0
2017-04-07,18:50:00,50.1323,50.1323,50.1236,50.1236,546,0
2017-04-07,19:00:00,50.12,50.12,50.11,50.11,1500,0
2017-04-07,19:05:00,50.11,50.125,50.11,50.11,2678,0
2017-04-07,19:10:00,50.1207,50.1207,50.1207,50.1207,189,0
2017-04-07,19:15:00,50.1202,50.125,50.1202,50.125,759,0
2017-04-07,19:20:00,50.125,50.125,50.11,50.11,539,0
2017-04-07,19:25:00,50.11,50.125,50.11,50.125,200,0
2017-04-07,19:30:00,50.1295,50.1295,50.1295,50.1295,670,0
2017-04-07,19:35:00,50.1364,50.1364,50.11,50.1101,1671,0
2017-04-07,19:45:00,50.11,50.11,50.11,50.11,100,0
2017-04-07,19:55:00,50.125,50.125,50.11,50.11,700,0
2017-04-07,20:00:00,50.1101,50.1496,50.11,50.13,2190,0
2017-04-07,20:15:00,50.1101,50.14,50.11,50.13,2830,0
2017-04-07,20:20:00,50.1,50.12,50.1,50.12,300,0
2017-04-07,20:35:00,50.1,50.13,50.1,50.12,6600,0
2017-04-07,20:40:00,50.11,50.12,50.11,50.12,1000,0
2017-04-07,20:45:00,50.12,50.12,50.12,50.12,100,0
2017-04-07,20:50:00,50.1209,50.1264,50.1,50.1,2690,0
2017-04-07,20:55:00,50.12,50.12,50.12,50.12,399,0
2017-04-07,21:00:00,50.115,50.115,50.115,50.115,100,0
2017-04-07,21:05:00,50.115,50.115,50.1,50.115,453,0
2017-04-07,21:10:00,50.115,50.1244,50.115,50.1244,455,0
2017-04-07,21:20:00,50.12,50.12,50.1,50.12,1700,0
2017-04-07,21:35:00,50.115,50.115,50.1,50.1,245,0
2017-04-07,21:40:00,50.12,50.12,50.11,50.11,200,0
2017-04-07,21:45:00,50.115,50.115,50.115,50.115,170,0
2017-04-07,21:50:00,50.11,50.118,50.1,50.113,3367,0
2017-04-07,21:55:00,50.11,50.11,50.1,50.105,6784,0
2017-04-07,22:00:00,50.11,50.11,50.1,50.1052,800,0
2017-04-10,15:35:00,50.09,50.09,50.09,50.09,5808,0
2017-04-10,15:40:00,50.09,50.09,50.09,50.09,213,0
2017-04-10,15:45:00,50.07,50.07,50.07,50.07,100,0
2017-04-10,16:00:00,50.0663,50.0744,50.0663,50.0744,1217,0
2017-04-10,16:05:00,50.06,50.06,50.06,50.06,337,0
2017-04-10,16:10:00,50.0792,50.0792,50.0792,50.0792,559,0
2017-04-10,16:15:00,50.09,50.1,50.0829,50.0999,868,0
2017-04-10,16:25:00,50.085,50.1,50.085,50.085,1647,0
2017-04-10,16:30:00,50.1,50.1,50.1,50.1,100,0
2017-04-10,16:40:00,50.085,50.085,50.085,50.085,399,0
2017-04-10,16:50:00,50.091,50.091,50.091,50.091,333,0
2017-04-10,16:55:00,50.085,50.085,50.0847,50.0847,1200,0
2017-04-10,17:00:00,50.1,50.1,50.085,50.1,1576,0
2017-04-10,17:05:00,50.1,50.1,50.091,50.091,439,0
2017-04-10,17:10:00,50.0861,50.1,50.0861,50.1,850,0
2017-04-10,17:25:00,50.086,50.086,50.086,50.086,125,0
2017-04-10,17:30:00,50.0881,50.0881,50.0881,50.0881,587,0
2017-04-10,17:35:00,50.085,50.1,50.085,50.0898,374,0
2017-04-10,17:40:00,50.091,50.091,50.085,50.085,942,0
2017-04-10,17:50:00,50.08,50.08,50.08,50.08,100,0
2017-04-10,17:55:00,50.07,50.07,50.07,50.07,100,0
2017-04-10,18:00:00,50.09,50.11,50.09,50.095,4722,0
2017-04-10,18:05:00,50.095,50.095,50.0949,50.0949,1342,0
2017-04-10,18:15:00,50.101,50.101,50.101,50.101,225,0
2017-04-10,18:25:00,50.08,50.095,50.08,50.095,200,0
2017-04-10,18:30:00,50.095,50.095,50.095,50.095,1100,0
2017-04-10,18:35:00,50.095,50.095,50.095,50.095,119,0
2017-04-10,18:40:00,50.09,50.09,50.09,50.09,1100,0
2017-04-10,18:45:00,50.085,50.085,50.0733,50.079,859,0
2017-04-10,18:55:00,50.091,50.091,50.091,50.091,159,0
2017-04-10,19:00:00,50.095,50.095,50.095,50.095,200,0
2017-04-10,19:20:00,50.097,50.097,50.097,50.097,399,0
2017-04-10,19:25:00,50.0943,50.0943,50.0943,50.0943,200,0
2017-04-10,19:30:00,50.0806,50.0806,50.07,50.07,1335,0
2017-04-10,19:40:00,50.06,50.06,50.06,50.06,406,0
2017-04-10,19:55:00,50.0839,50.0839,50.0839,50.0839,235,0
2017-04-10,20:00:00,50.0826,50.0826,50.0826,50.0826,303,0
2017-04-10,20:05:00,50.0803,50.0803,50.0803,50.0803,120,0
2017-04-10,20:10:00,50.0803,50.0803,50.07,50.0752,2379,0
2017-04-10,20:20:00,50.08,50.08,50.08,50.08,100,0
2017-04-10,20:25:00,50.075,50.075,50.07,50.07,300,0
2017-04-10,20:30:00,50.08,50.08,50.0761,50.0761,807,0
2017-04-10,20:35:00,50.0799,50.08,50.07,50.08,1300,0
2017-04-10,20:40:00,50.08,50.08,50.08,50.08,200,0
2017-04-10,20:50:00,50.09,50.09,50.09,50.09,200,0
2017-04-10,21:05:00,50.098,50.098,50.0851,50.0896,1164,0
2017-04-10,21:10:00,50.09,50.09,50.09,50.09,118,0
2017-04-10,21:15:00,50.09,50.09,50.0897,50.0897,837,0
2017-04-10,21:20:00,50.09,50.098,50.09,50.09,502,0
2017-04-10,21:25:00,50.1,50.1,50.09,50.1,1500,0
2017-04-10,21:30:00,50.0917,50.0917,50.0917,50.0917,216,0
2017-04-10,21:35:00,50.0905,50.1,50.09,50.1,1288,0
2017-04-10,21:40:00,50.0999,50.0999,50.0999,50.0999,100,0
2017-04-10,21:45:00,50.1,50.11,50.1,50.1,3600,0
2017-04-10,21:50:00,50.09,50.11,50.09,50.1,7435,0
2017-04-10,21:55:00,50.09,50.09,50.08,50.08,350,0
2017-04-10,22:00:00,50.08,50.1,50.07,50.085,5350,0
2017-04-11,15:35:00,50.15,50.15,50.15,50.15,4818,0
2017-04-11,15:40:00,50.1484,50.1484,50.1484,50.1484,2388,0
2017-04-11,15:45:00,50.135,50.15,50.129,50.129,9019,0
2017-04-11,15:55:00,50.13,50.13,50.13,50.13,100,0
2017-04-11,16:00:00,50.1253,50.1253,50.1253,50.1253,120,0
2017-04-11,16:05:00,50.1252,50.1252,50.1252,50.1252,239,0
2017-04-11,16:15:00,50.125,50.13,50.12,50.13,31487,0
2017-04-11,16:20:00,50.13,50.13,50.1252,50.1252,606,0
2017-04-11,16:25:00,50.125,50.125,50.125,50.125,388,0
2017-04-11,16:30:00,50.125,50.125,50.125,50.125,478,0
2017-04-11,16:35:00,50.1265,50.1265,50.12,50.12,1752,0
2017-04-11,16:40:00,50.13,50.13,50.13,50.13,128,0
2017-04-11,16:45:00,50.129,50.1343,50.129,50.1343,1450,0
2017-04-11,17:05:00,50.1432,50.1432,50.1432,50.1432,1275,0
2017-04-11,17:15:00,50.16,50.16,50.1547,50.1547,333,0
2017-04-11,17:25:00,50.146,50.17,50.146,50.1557,931,0
2017-04-11,17:30:00,50.1557,50.1795,50.1557,50.1795,918,0
2017-04-11,17:40:00,50.17,50.17,50.1633,50.1633,1200,0
2017-04-11,17:45:00,50.1721,50.1721,50.1721,50.1721,233,0
2017-04-11,17:50:00,50.165,50.165,50.165,50.165,433,0
2017-04-11,18:00:00,50.161,50.161,50.161,50.161,123,0
2017-04-11,18:05:00,50.17,50.17,50.17,50.17,309,0
2017-04-11,18:10:00,50.18,50.18,50.1601,50.1601,3978,0
2017-04-11,18:15:00,50.17,50.1799,50.16,50.17,11417,0
2017-04-11,18:20:00,50.1601,50.17,50.16,50.16,3188,0
2017-04-11,18:25:00,50.17,50.18,50.17,50.174,1317,0
2017-04-11,18:30:00,50.169,50.174,50.169,50.1705,904,0
2017-04-11,18:35:00,50.1678,50.1678,50.1678,50.1678,200,0
2017-04-11,18:40:00,50.1694,50.1694,50.1694,50.1694,1537,0
2017-04-11,18:45:00,50.17,50.17,50.17,50.17,100,0
2017-04-11,18:50:00,50.165,50.165,50.165,50.165,300,0
2017-04-11,18:55:00,50.165,50.165,50.165,50.165,100,0
2017-04-11,19:05:00,50.1621,50.1621,50.1621,50.1621,401,0
2017-04-11,19:20:00,50.1654,50.17,50.165,50.168,2998,0
2017-04-11,19:25:00,50.168,50.168,50.168,50.168,145,0
2017-04-11,19:30:00,50.16,50.16,50.16,50.16,320,0
2017-04-11,19:35:00,50.165,50.17,50.165,50.17,300,0
2017-04-11,19:40:00,50.1654,50.168,50.1654,50.168,237,0
2017-04-11,19:45:00,50.1644,50.1644,50.1644,50.1644,400,0
2017-04-11,19:50:00,50.165,50.165,50.165,50.165,176,0
2017-04-11,19:55:00,50.165,50.17,50.16,50.16,1221,0
2017-04-11,20:00:00,50.165,50.165,50.165,50.165,560,0
2017-04-11,20:05:00,50.16,50.165,50.16,50.165,426,0
2017-04-11,20:20:00,50.1767,50.1767,50.1554,50.1554,4865,0
2017-04-11,20:25:00,50.1556,50.1556,50.154,50.154,598,0
2017-04-11,20:40:00,50.1501,50.155,50.1501,50.1507,1300,0
2017-04-11,20:45:00,50.15,50.16,50.15,50.16,2975,0
2017-04-11,20:50:00,50.16,50.16,50.16,50.16,580,0
2017-04-11,20:55:00,50.1601,50.1601,50.1572,50.1572,2414,0
2017-04-11,21:00:00,50.15,50.17,50.15,50.17,79519,0
2017-04-11,21:05:00,50.17,50.1701,50.121,50.1301,16725,0
2017-04-11,21:10:00,50.145,50.145,50.145,50.145,525,0
2017-04-11,21:15:00,50.1388,50.1388,50.13,50.13,1707,0
2017-04-11,21:25:00,50.16,50.16,50.1599,50.16,585,0
2017-04-11,21:30:00,50.1502,50.1502,50.1502,50.1502,100,0
2017-04-11,21:50:00,50.15,50.15,50.15,50.15,475,0
2017-04-11,21:55:00,50.165,50.165,50.165,50.165,350,0
2017-04-11,22:00:00,50.165,50.166,50.15,50.15,1487,0
2017-04-12,15:35:00,50.19,50.19,50.1712,50.18,20086,0
2017-04-12,15:50:00,50.175,50.1825,50.175,50.1825,1176,0
2017-04-12,16:00:00,50.185,50.195,50.15,50.15,493,0
2017-04-12,16:05:00,50.151,50.151,50.151,50.151,200,0
2017-04-12,16:15:00,50.154,50.154,50.154,50.154,105,0
2017-04-12,16:20:00,50.154,50.154,50.154,50.154,374,0
2017-04-12,16:25:00,50.162,50.1728,50.162,50.1728,467,0
2017-04-12,16:30:00,50.17,50.17,50.17,50.17,174,0
2017-04-12,16:35:00,50.1662,50.17,50.1662,50.17,286,0
2017-04-12,16:40:00,50.163,50.163,50.163,50.163,244,0
2017-04-12,16:45:00,50.17,50.17,50.15,50.15,1900,0
2017-04-12,16:50:00,50.17,50.17,50.15,50.15,1004,0
2017-04-12,16:55:00,50.16,50.17,50.15,50.17,4969,0
2017-04-12,17:00:00,50.17,50.18,50.1638,50.18,416,0
2017-04-12,17:05:00,50.165,50.18,50.15,50.15,3315,0
2017-04-12,17:10:00,50.1638,50.18,50.1638,50.18,206,0
2017-04-12,17:15:00,50.18,50.2,50.16,50.19,3125,0
2017-04-12,17:20:00,50.19,50.19,50.19,50.19,200,0
2017-04-12,17:25:00,50.19,50.19,50.19,50.19,200,0
2017-04-12,17:30:00,50.172,50.19,50.172,50.19,310,0
2017-04-12,17:35:00,50.19,50.19,50.19,50.19,200,0
2017-04-12,17:40:00,50.19,50.19,50.19,50.19,100,0
2017-04-12,17:45:00,50.18,50.2,50.1698,50.2,900,0
2017-04-12,17:50:00,50.2,50.2,50.17,50.17,625,0
2017-04-12,17:55:00,50.17,50.18,50.16,50.18,653,0
2017-04-12,18:00:00,50.18,50.18,50.18,50.18,200,0
2017-04-12,18:05:00,50.18,50.18,50.18,50.18,200,0
2017-04-12,18:10:00,50.1799,50.18,50.16,50.18,538,0
2017-04-12,18:15:00,50.18,50.18,50.18,50.18,100,0
2017-04-12,18:20:00,50.18,50.18,50.16,50.17,778,0
2017-04-12,18:25:00,50.18,50.18,50.18,50.18,425,0
2017-04-12,18:30:00,50.165,50.18,50.16,50.16,1022,0
2017-04-12,18:35:00,50.16,50.16,50.16,50.16,200,0
2017-04-12,18:40:00,50.16,50.16,50.16,50.16,200,0
2017-04-12,18:45:00,50.155,50.16,50.15,50.16,610,0
2017-04-12,18:50:00,50.16,50.16,50.15,50.15,987,0
2017-04-12,18:55:00,50.16,50.16,50.16,50.16,200,0
2017-04-12,19:00:00,50.16,50.16,50.15,50.1553,1373,0
2017-04-12,19:05:00,50.16,50.16,50.15,50.16,599,0
2017-04-12,19:10:00,50.16,50.16,50.16,50.16,200,0
2017-04-12,19:15:00,50.1588,50.16,50.15,50.15,950,0
2017-04-12,19:20:00,50.16,50.16,50.16,50.16,200,0
2017-04-12,19:25:00,50.16,50.16,50.16,50.16,200,0
2017-04-12,19:30:00,50.16,50.16,50.1599,50.1599,200,0
2017-04-12,19:35:00,50.1599,50.1799,50.15,50.1799,1500,0
2017-04-12,19:40:00,50.1799,50.1799,50.1799,50.1799,200,0
2017-04-12,19:45:00,50.172,50.1799,50.16,50.1799,7080,0
2017-04-12,19:50:00,50.1662,50.1799,50.15,50.1662,2570,0
2017-04-12,19:55:00,50.18,50.18,50.15,50.16,672,0
2017-04-12,20:00:00,50.15,50.1699,50.15,50.164,350,0
2017-04-12,20:05:00,50.18,50.18,50.1799,50.1799,200,0
2017-04-12,20:10:00,50.18,50.18,50.16,50.18,400,0
2017-04-12,20:15:00,50.18,50.18,50.1799,50.18,450,0
2017-04-12,20:25:00,50.1899,50.19,50.15,50.15,5982,0
2017-04-12,20:30:00,50.17,50.18,50.17,50.18,500,0
2017-04-12,20:35:00,50.17,50.17,50.17,50.17,100,0
2017-04-12,20:40:00,50.17,50.1799,50.1614,50.1799,725,0
2017-04-12,20:45:00,50.17,50.17,50.1699,50.1699,200,0
2017-04-12,20:50:00,50.1699,50.1699,50.1542,50.1558,1260,0
2017-04-12,20:55:00,50.1548,50.16,50.14,50.1506,5336,0
2017-04-12,21:00:00,50.1502,50.16,50.1502,50.16,305,0
2017-04-12,21:05:00,50.1498,50.16,50.1486,50.16,547,0
2017-04-12,21:10:00,50.16,50.1699,50.16,50.1699,200,0
2017-04-12,21:15:00,50.14,50.17,50.14,50.17,6320,0
2017-04-12,21:20:00,50.1899,50.2,50.17,50.1999,785,0
2017-04-12,21:25:00,50.182,50.1999,50.1723,50.1755,5286,0
2017-04-12,21:30:00,50.1999,50.1999,50.1999,50.1999,200,0
2017-04-12,21:35:00,50.16,50.1999,50.16,50.1718,923,0
2017-04-12,21:40:00,50.1999,50.1999,50.17,50.1999,300,0
2017-04-12,21:45:00,50.1999,50.2,50.1673,50.1999,522,0
2017-04-12,21:50:00,50.1999,50.1999,50.17,50.1999,306,0
2017-04-12,21:55:00,50.18,50.2,50.18,50.2,1085,0
2017-04-12,22:00:00,50.2,50.22,50.2,50.22,3636,0
2017-04-13,15:35:00,50.25,50.26,50.248,50.26,7834,0
2017-04-13,15:40:00,50.241,50.241,50.241,50.241,500,0
2017-04-13,15:55:00,50.2366,50.2366,50.2366,50.2366,220,0
2017-04-13,16:00:00,50.221,50.221,50.221,50.221,707,0
2017-04-13,16:05:00,50.2,50.2248,50.2,50.2248,1800,0
2017-04-13,16:25:00,50.22,50.23,50.22,50.2262,659,0
2017-04-13,16:35:00,50.24,50.24,50.24,50.24,168,0
2017-04-13,16:40:00,50.23,50.23,50.2264,50.2264,569,0
2017-04-13,16:45:00,50.23,50.25,50.23,50.24,513,0
2017-04-13,16:50:00,50.2456,50.2456,50.24,50.24,1164,0
2017-04-13,16:55:00,50.25,50.25,50.24,50.24,239,0
2017-04-13,17:00:00,50.23,50.23,50.23,50.23,100,0
2017-04-13,17:15:00,50.2414,50.26,50.2414,50.26,2182,0
2017-04-13,17:20:00,50.2492,50.2492,50.2492,50.2492,500,0
2017-04-13,17:25:00,50.24,50.26,50.24,50.2498,1458,0
2017-04-13,17:30:00,50.245,50.245,50.245,50.245,995,0
2017-04-13,17:35:00,50.2463,50.2463,50.2463,50.2463,280,0
2017-04-13,17:45:00,50.25,50.25,50.2403,50.2403,346,0
2017-04-13,17:50:00,50.259,50.259,50.259,50.259,455,0
2017-04-13,18:00:00,50.245,50.245,50.245,50.245,200,0
2017-04-13,18:05:00,50.231,50.24,50.231,50.24,1000,0
2017-04-13,18:15:00,50.24,50.25,50.24,50.245,955,0
2017-04-13,18:20:00,50.2599,50.2599,50.245,50.245,598,0
2017-04-13,18:25:00,50.246,50.246,50.246,50.246,222,0
2017-04-13,18:30:00,50.2433,50.245,50.2433,50.245,498,0
2017-04-13,18:40:00,50.2366,50.2366,50.2366,50.2366,155,0
2017-04-13,18:45:00,50.251,50.26,50.251,50.2532,1233,0
2017-04-13,18:55:00,50.246,50.26,50.2439,50.26,820,0
2017-04-13,19:00:00,50.26,50.28,50.26,50.28,7461,0
2017-04-13,19:05:00,50.2509,50.27,50.2509,50.2567,1401,0
2017-04-13,19:15:00,50.26,50.26,50.26,50.26,200,0
2017-04-13,19:25:00,50.26,50.26,50.26,50.26,1369,0
2017-04-13,19:30:00,50.2528,50.2528,50.2528,50.2528,969,0
2017-04-13,19:35:00,50.26,50.2612,50.26,50.2612,766,0
2017-04-13,19:45:00,50.26,50.26,50.26,50.26,120,0
2017-04-13,19:50:00,50.28,50.28,50.28,50.28,578,0
2017-04-13,19:55:00,50.24,50.259,50.24,50.2482,2100,0
2017-04-13,20:00:00,50.24,50.24,50.2344,50.2344,1020,0
2017-04-13,20:05:00,50.235,50.2354,50.235,50.2354,217,0
2017-04-13,20:10:00,50.2316,50.2316,50.23,50.23,1227,0
2017-04-13,20:15:00,50.2487,50.258,50.2487,50.258,525,0
2017-04-13,20:20:00,50.2513,50.2513,50.2513,50.2513,444,0
2017-04-13,20:30:00,50.2636,50.2636,50.2636,50.2636,900,0
2017-04-13,20:35:00,50.2622,50.2622,50.2622,50.2622,200,0
2017-04-13,20:40:00,50.2601,50.2601,50.26,50.26,527,0
2017-04-13,20:50:00,50.25,50.255,50.25,50.255,800,0
2017-04-13,20:55:00,50.255,50.255,50.255,50.255,161,0
2017-04-13,21:00:00,50.25,50.2542,50.25,50.2542,430,0
2017-04-13,21:05:00,50.2625,50.2795,50.2625,50.2795,519,0
2017-04-13,21:10:00,50.255,50.255,50.25,50.25,300,0
2017-04-13,21:25:00,50.249,50.2571,50.249,50.2571,800,0
2017-04-13,21:30:00,50.249,50.25,50.249,50.25,790,0
2017-04-13,21:35:00,50.2699,50.2699,50.245,50.2458,1484,0
2017-04-13,21:40:00,50.245,50.245,50.245,50.245,297,0
2017-04-13,21:45:00,50.25,50.25,50.25,50.25,100,0
2017-04-13,21:50:00,50.25,50.255,50.25,50.255,2600,0
2017-04-13,21:55:00,50.255,50.255,50.25,50.25,400,0
2017-04-13,22:00:00,50.2557,50.2578,50.25,50.25,2448,0
2017-04-17,15:35:00,50.27,50.27,50.2622,50.2622,8058,0
2017-04-17,15:40:00,50.27,50.27,50.27,50.27,1836,0
2017-04-17,15:50:00,50.2605,50.27,50.2605,50.27,460,0
2017-04-17,15:55:00,50.27,50.27,50.2632,50.2632,308,0
2017-04-17,16:00:00,50.2605,50.2605,50.2584,50.2605,863,0
2017-04-17,16:05:00,50.27,50.27,50.27,50.27,180,0
2017-04-17,16:10:00,50.27,50.27,50.25,50.25,400,0
2017-04-17,16:20:00,50.2602,50.27,50.2602,50.27,1294,0
2017-04-17,16:30:00,50.25,50.25,50.25,50.25,872,0
2017-04-17,16:35:00,50.26,50.26,50.26,50.26,336,0
2017-04-17,16:40:00,50.2656,50.27,50.2566,50.2566,669,0
2017-04-17,16:45:00,50.2699,50.2699,50.2699,50.2699,100,0
2017-04-17,16:55:00,50.2628,50.2628,50.2628,50.2628,110,0
2017-04-17,17:00:00,50.2614,50.2614,50.2614,50.2614,100,0
2017-04-17,17:05:00,50.2604,50.2604,50.2604,50.2604,392,0
2017-04-17,17:25:00,50.27,50.28,50.27,50.27,3735,0
2017-04-17,17:35:00,50.26,50.27,50.25,50.27,1040,0
2017-04-17,17:40:00,50.27,50.27,50.27,50.27,100,0
2017-04-17,17:50:00,50.27,50.271,50.27,50.271,513,0
2017-04-17,17:55:00,50.2646,50.28,50.2646,50.28,1020,0
2017-04-17,18:00:00,50.27,50.27,50.27,50.27,100,0
2017-04-17,18:05:00,50.271,50.271,50.271,50.271,100,0
2017-04-17,18:10:00,50.27,50.276,50.27,50.271,1830,0
2017-04-17,18:15:00,50.274,50.274,50.274,50.274,338,0
2017-04-17,18:20:00,50.27,50.27,50.27,50.27,700,0
2017-04-17,18:25:00,50.27,50.27,50.27,50.27,116,0
2017-04-17,18:30:00,50.27,50.27,50.27,50.27,300,0
2017-04-17,18:35:00,50.2665,50.2665,50.2665,50.2665,800,0
2017-04-17,18:45:00,50.2799,50.2799,50.2647,50.265,677,0
2017-04-17,18:50:00,50.2676,50.2676,50.2676,50.2676,109,0
2017-04-17,18:55:00,50.26,50.26,50.26,50.26,100,0
2017-04-17,19:00:00,50.27,50.27,50.27,50.27,530,0
2017-04-17,19:20:00,50.279,50.279,50.279,50.279,500,0
2017-04-17,19:30:00,50.2769,50.2769,50.2769,50.2769,200,0
2017-04-17,19:35:00,50.26,50.26,50.26,50.26,200,0
2017-04-17,19:40:00,50.2707,50.2707,50.27,50.27,2189,0
2017-04-17,19:45:00,50.2678,50.2678,50.2678,50.2678,295,0
2017-04-17,19:55:00,50.27,50.27,50.27,50.27,2998,0
2017-04-17,20:15:00,50.275,50.275,50.27,50.27,616,0
2017-04-17,20:20:00,50.27,50.275,50.27,50.2728,1720,0
2017-04-17,20:25:00,50.27,50.27,50.27,50.27,100,0
2017-04-17,20:40:00,50.274,50.274,50.27,50.27,1217,0
2017-04-17,20:45:00,50.27,50.27,50.27,50.27,400,0
2017-04-17,20:50:00,50.27,50.27,50.2699,50.2699,400,0
2017-04-17,20:55:00,50.2668,50.2668,50.2668,50.2668,386,0
2017-04-17,21:00:00,50.27,50.27,50.27,50.27,600,0
2017-04-17,21:05:00,50.2661,50.2697,50.2661,50.2697,375,0
2017-04-17,21:15:00,50.2639,50.2639,50.2639,50.2639,214,0
2017-04-17,21:25:00,50.261,50.261,50.261,50.261,102,0
2017-04-17,21:30:00,50.265,50.2663,50.265,50.2661,1430,0
2017-04-17,21:40:00,50.265,50.265,50.265,50.265,196,0
2017-04-17,21:50:00,50.27,50.27,50.265,50.265,886,0
2017-04-17,21:55:00,50.265,50.265,50.265,50.265,653,0
2017-04-17,22:00:00,50.2649,50.2684,50.255,50.255,2710,0
2017-04-18,15:35:00,50.3,50.3,50.27,50.27,4875,0
2017-04-18,15:40:00,50.285,50.285,50.27,50.27,400,0
2017-04-18,15:45:00,50.285,50.29,50.285,50.29,265,0
2017-04-18,15:50:00,50.2943,50.2943,50.2943,50.2943,145,0
2017-04-18,15:55:00,50.2967,50.2967,50.2967,50.2967,320,0
2017-04-18,16:00:00,50.2984,50.2984,50.29,50.295,4330,0
2017-04-18,16:05:00,50.295,50.295,50.295,50.295,200,0
2017-04-18,16:15:00,50.3,50.3,50.3,50.3,126,0
2017-04-18,16:20:00,50.3,50.3,50.299,50.3,2200,0
2017-04-18,16:25:00,50.295,50.2983,50.295,50.2952,725,0
2017-04-18,16:30:00,50.295,50.3,50.2948,50.3,1438,0
2017-04-18,16:35:00,50.305,50.3077,50.305,50.3077,321,0
2017-04-18,16:50:00,50.3057,50.3057,50.3057,50.3057,113,0
2017-04-18,16:55:00,50.305,50.31,50.2952,50.3019,4036,0
2017-04-18,17:00:00,50.3,50.3,50.3,50.3,601,0
2017-04-18,17:05:00,50.2978,50.31,50.2978,50.31,1735,0
2017-04-18,17:10:00,50.305,50.305,50.3039,50.305,641,0
2017-04-18,17:25:00,50.3052,50.3052,50.3052,50.3052,259,0
2017-04-18,17:30:00,50.31,50.31,50.301,50.301,200,0
2017-04-18,17:45:00,50.314,50.314,50.314,50.314,370,0
2017-04-18,17:50:00,50.301,50.301,50.301,50.301,100,0
2017-04-18,17:55:00,50.3,50.3,50.3,50.3,228,0
2017-04-18,18:00:00,50.314,50.314,50.31,50.31,1397,0
2017-04-18,18:05:00,50.301,50.314,50.301,50.314,372,0
2017-04-18,18:10:00,50.3199,50.3199,50.31,50.31,1586,0
2017-04-18,18:15:00,50.3105,50.3105,50.302,50.302,2232,0
2017-04-18,18:20:00,50.301,50.301,50.301,50.301,100,0
2017-04-18,18:30:00,50.32,50.32,50.301,50.301,4876,0
2017-04-18,18:35:00,50.3105,50.3105,50.3105,50.3105,100,0
2017-04-18,18:45:00,50.3097,50.32,50.3097,50.32,824,0
2017-04-18,18:50:00,50.31,50.31,50.301,50.301,900,0
2017-04-18,18:55:00,50.3105,50.3105,50.301,50.301,2292,0
2017-04-18,19:00:00,50.31,50.31,50.301,50.3093,4188,0
2017-04-18,19:05:00,50.3,50.3,50.3,50.3,300,0
2017-04-18,19:10:00,50.3126,50.3126,50.31,50.31,3034,0
2017-04-18,19:15:00,50.3,50.31,50.3,50.31,400,0
2017-04-18,19:20:00,50.314,50.314,50.31,50.31,1493,0
2017-04-18,19:25:00,50.302,50.32,50.302,50.314,2082,0
2017-04-18,19:30:00,50.3,50.314,50.3,50.314,693,0
2017-04-18,19:35:00,50.314,50.314,50.314,50.314,326,0
2017-04-18,19:40:00,50.3194,50.3194,50.3194,50.3194,200,0
2017-04-18,19:45:00,50.314,50.314,50.314,50.314,131,0
2017-04-18,19:55:00,50.31,50.31,50.31,50.31,515,0
2017-04-18,20:00:00,50.3072,50.3122,50.3072,50.3122,342,0
2017-04-18,20:05:00,50.31,50.32,50.31,50.3127,1790,0
2017-04-18,20:10:00,50.31,50.3106,50.31,50.3106,1232,0
2017-04-18,20:15:00,50.3106,50.3106,50.3106,50.3106,200,0
2017-04-18,20:25:00,50.32,50.32,50.315,50.315,1403,0
2017-04-18,20:30:00,50.315,50.315,50.315,50.315,300,0
2017-04-18,20:35:00,50.32,50.32,50.32,50.32,100,0
2017-04-18,20:40:00,50.31,50.317,50.31,50.317,395,0
2017-04-18,20:50:00,50.32,50.32,50.32,50.32,69525,0
2017-04-18,20:55:00,50.31,50.31,50.31,50.31,470,0
2017-04-18,21:00:00,50.315,50.315,50.315,50.315,200,0
2017-04-18,21:05:00,50.31,50.31,50.31,50.31,200,0
2017-04-18,21:10:00,50.3282,50.3296,50.3206,50.3296,1090,0
2017-04-18,21:15:00,50.32,50.33,50.32,50.3253,3070,0
2017-04-18,21:20:00,50.323,50.33,50.323,50.33,4625,0
2017-04-18,21:25:00,50.33,50.33,50.325,50.325,685,0
2017-04-18,21:30:00,50.32,50.32,50.32,50.32,782,0
2017-04-18,21:35:00,50.3199,50.32,50.3166,50.3178,4059,0
2017-04-18,21:40:00,50.32,50.3244,50.32,50.32,770,0
2017-04-18,21:45:00,50.315,50.315,50.315,50.315,200,0
2017-04-18,21:50:00,50.32,50.3299,50.32,50.3207,889,0
2017-04-18,21:55:00,50.3291,50.3291,50.312,50.315,7348,0
2017-04-18,22:00:00,50.315,50.3153,50.28,50.28,4369,0
2017-04-19,15:35:00,50.31,50.31,50.27,50.31,1372,0
2017-04-19,15:40:00,50.27,50.31,50.27,50.31,8711,0
2017-04-19,15:45:00,50.28,50.31,50.28,50.31,300,0
2017-04-19,15:50:00,50.295,50.295,50.28,50.28,635,0
2017-04-19,16:00:00,50.3062,50.3062,50.28,50.28,267,0
2017-04-19,16:10:00,50.3057,50.3057,50.3057,50.3057,299,0
2017-04-19,16:25:00,50.2964,50.2964,50.2964,50.2964,252,0
2017-04-19,16:30:00,50.3,50.3,50.3,50.3,330,0
2017-04-19,16:35:00,50.3,50.3,50.3,50.3,501,0
2017-04-19,16:40:00,50.303,50.303,50.295,50.295,2170,0
2017-04-19,16:50:00,50.295,50.3,50.28,50.28,2166,0
2017-04-19,16:55:00,50.2995,50.2995,50.2995,50.2995,100,0
2017-04-19,17:05:00,50.3,50.31,50.29,50.2995,693,0
2017-04-19,17:10:00,50.295,50.31,50.28,50.28,600,0
2017-04-19,17:15:00,50.31,50.31,50.2995,50.2995,1387,0
2017-04-19,17:20:00,50.31,50.31,50.297,50.297,645,0
2017-04-19,17:30:00,50.31,50.31,50.31,50.31,371,0
2017-04-19,17:35:00,50.2941,50.3,50.2941,50.3,780,0
2017-04-19,17:40:00,50.3,50.31,50.3,50.31,598,0
2017-04-19,17:45:00,50.31,50.31,50.31,50.31,223,0
2017-04-19,17:50:00,50.2992,50.2992,50.2992,50.2992,114,0
2017-04-19,17:55:00,50.3,50.304,50.2939,50.304,2603,0
2017-04-19,18:00:00,50.3,50.3,50.3,50.3,100,0
2017-04-19,18:05:00,50.2914,50.2914,50.2914,50.2914,1542,0
2017-04-19,18:10:00,50.3,50.304,50.3,50.304,1442,0
2017-04-19,18:15:00,50.3,50.3,50.3,50.3,555,0
2017-04-19,18:20:00,50.3,50.31,50.3,50.3055,2744,0
2017-04-19,18:25:00,50.31,50.31,50.3099,50.3099,200,0
2017-04-19,18:35:00,50.31,50.31,50.3099,50.31,1892,0
2017-04-19,18:40:00,50.31,50.31,50.29,50.2938,1800,0
2017-04-19,18:45:00,50.32,50.32,50.305,50.305,915,0
2017-04-19,18:50:00,50.31,50.31,50.3083,50.3083,444,0
2017-04-19,18:55:00,50.3061,50.31,50.3061,50.31,1089,0
2017-04-19,19:00:00,50.303,50.303,50.303,50.303,164,0
2017-04-19,19:05:00,50.3075,50.3075,50.3075,50.3075,108,0
2017-04-19,19:10:00,50.317,50.3199,50.29,50.29,810,0
2017-04-19,19:20:00,50.29,50.31,50.29,50.31,925,0
2017-04-19,19:35:00,50.3012,50.31,50.3012,50.31,4058,0
2017-04-19,19:45:00,50.31,50.31,50.31,50.31,1000,0
2017-04-19,19:50:00,50.31,50.31,50.3099,50.31,4100,0
2017-04-19,19:55:00,50.32,50.32,50.32,50.32,135,0
2017-04-19,20:00:00,50.32,50.32,50.32,50.32,1700,0
2017-04-19,20:10:00,50.32,50.32,50.3,50.3,419,0
2017-04-19,20:15:00,50.31,50.31,50.31,50.31,718,0
2017-04-19,20:20:00,50.32,50.32,50.315,50.32,1794,0
2017-04-19,20:25:00,50.315,50.315,50.315,50.315,298,0
2017-04-19,20:45:00,50.32,50.32,50.32,50.32,1615,0
2017-04-19,20:50:00,50.3102,50.32,50.3102,50.32,1890,0
2017-04-19,20:55:00,50.315,50.315,50.315,50.315,264,0
2017-04-19,21:05:00,50.32,50.32,50.32,50.32,900,0
2017-04-19,21:15:00,50.315,50.315,50.315,50.315,750,0
2017-04-19,21:20:00,50.315,50.315,50.315,50.315,100,0
2017-04-19,21:25:00,50.3153,50.3153,50.31,50.315,1194,0
2017-04-19,21:30:00,50.315,50.3173,50.315,50.3173,1423,0
2017-04-19,21:35:00,50.32,50.32,50.315,50.315,246,0
2017-04-19,21:40:00,50.315,50.3199,50.315,50.315,5779,0
2017-04-19,21:50:00,50.315,50.315,50.3125,50.315,3500,0
2017-04-19,22:00:00,50.2958,50.2958,50.28,50.28,299,0
2017-04-20,15:35:00,50.28,50.28,50.2763,50.2763,6847,0
2017-04-20,15:40:00,50.2804,50.284,50.2804,50.284,388,0
2017-04-20,15:45:00,50.284,50.284,50.284,50.284,120,0
2017-04-20,15:50:00,50.281,50.29,50.26,50.26,2190,0
2017-04-20,16:00:00,50.29,50.29,50.275,50.275,300,0
2017-04-20,16:10:00,50.2801,50.2801,50.2801,50.2801,1989,0
2017-04-20,16:20:00,50.28,50.28,50.28,50.28,395,0
2017-04-20,16:25:00,50.2748,50.275,50.27,50.27,1128,0
2017-04-20,16:30:00,50.2748,50.2748,50.2748,50.2748,400,0
2017-04-20,16:40:00,50.27,50.2758,50.265,50.275,660,0
2017-04-20,16:45:00,50.2895,50.2895,50.2895,50.2895,459,0
2017-04-20,16:50:00,50.275,50.275,50.275,50.275,200,0
2017-04-20,16:55:00,50.28,50.2838,50.28,50.2838,796,0
2017-04-20,17:00:00,50.2899,50.2899,50.2758,50.2758,300,0
2017-04-20,17:05:00,50.28,50.28,50.2773,50.2773,2438,0
2017-04-20,17:15:00,50.2757,50.281,50.2757,50.281,1193,0
2017-04-20,17:20:00,50.2743,50.2743,50.2743,50.2743,400,0
2017-04-20,18:00:00,50.29,50.29,50.2729,50.2729,1734,0
2017-04-20,18:10:00,50.275,50.275,50.275,50.275,200,0
2017-04-20,18:15:00,50.2795,50.2795,50.275,50.275,683,0
2017-04-20,18:30:00,50.281,50.281,50.2783,50.2783,796,0
2017-04-20,18:35:00,50.29,50.29,50.2601,50.2601,869,0
2017-04-20,18:40:00,50.2677,50.2677,50.2677,50.2677,300,0
2017-04-20,18:45:00,50.26,50.27,50.26,50.2605,734,0
2017-04-20,18:55:00,50.2703,50.2703,50.2703,50.2703,470,0
2017-04-20,19:10:00,50.27,50.27,50.27,50.27,156,0
2017-04-20,19:15:00,50.2704,50.2704,50.2704,50.2704,200,0
2017-04-20,19:25:00,50.2722,50.2722,50.2696,50.2696,2526,0
2017-04-20,19:30:00,50.28,50.28,50.2775,50.2775,500,0
2017-04-20,19:40:00,50.275,50.275,50.275,50.275,200,0
2017-04-20,19:45:00,50.277,50.277,50.277,50.277,597,0
2017-04-20,19:50:00,50.275,50.28,50.275,50.28,260,0
2017-04-20,19:55:00,50.28,50.28,50.27,50.2725,4659,0
2017-04-20,20:05:00,50.2753,50.28,50.2734,50.275,2325,0
2017-04-20,20:15:00,50.27,50.28,50.27,50.2799,1562,0
2017-04-20,20:20:00,50.2701,50.2701,50.2701,50.2701,135,0
2017-04-20,20:25:00,50.277,50.28,50.277,50.28,276,0
2017-04-20,20:35:00,50.275,50.275,50.275,50.275,842,0
2017-04-20,20:40:00,50.2753,50.2753,50.2753,50.2753,321,0
2017-04-20,20:50:00,50.275,50.28,50.2743,50.28,3632,0
2017-04-20,20:55:00,50.27,50.27,50.27,50.27,477,0
2017-04-20,21:00:00,50.28,50.29,50.279,50.28,8826,0
2017-04-20,21:05:00,50.28,50.28,50.28,50.28,100,0
2017-04-20,21:10:00,50.28,50.29,50.28,50.2899,847,0
2017-04-20,21:15:00,50.29,50.29,50.28,50.28,535,0
2017-04-20,21:20:00,50.28,50.28,50.265,50.265,999,0
2017-04-20,21:25:00,50.2587,50.2762,50.2587,50.2762,3745,0
2017-04-20,21:30:00,50.2659,50.28,50.2597,50.2597,3240,0
2017-04-20,21:35:00,50.25,50.25,50.25,50.25,1432,0
2017-04-20,21:40:00,50.27,50.27,50.269,50.269,270,0
2017-04-20,22:00:00,50.28,50.28,50.25,50.25,1118,0
2017-04-21,15:35:00,50.3,50.3,50.25,50.25,4846,0
2017-04-21,15:40:00,50.3,50.3,50.3,50.3,522,0
2017-04-21,15:45:00,50.3,50.3,50.3,50.3,2700,0
2017-04-21,15:50:00,50.2898,50.2898,50.2898,50.2898,184,0
2017-04-21,15:55:00,50.285,50.285,50.28,50.28,209,0
2017-04-21,16:15:00,50.28,50.28,50.2737,50.2737,840,0
2017-04-21,16:30:00,50.2699,50.2699,50.2665,50.2666,447,0
2017-04-21,16:35:00,50.26,50.26,50.26,50.26,141,0
2017-04-21,16:40:00,50.2699,50.2699,50.2699,50.2699,200,0
2017-04-21,16:50:00,50.27,50.29,50.2699,50.2783,1495,0
2017-04-21,16:55:00,50.2715,50.289,50.269,50.269,1477,0
2017-04-21,17:00:00,50.29,50.29,50.29,50.29,100,0
2017-04-21,17:10:00,50.3,50.3,50.26,50.2804,1195,0
2017-04-21,17:15:00,50.296,50.296,50.296,50.296,151,0
2017-04-21,17:20:00,50.3,50.3,50.27,50.3,1617,0
2017-04-21,17:25:00,50.3,50.3,50.2853,50.3,800,0
2017-04-21,17:30:00,50.285,50.285,50.285,50.285,178,0
2017-04-21,17:40:00,50.3,50.3,50.2976,50.3,2300,0
2017-04-21,17:50:00,50.29,50.29,50.29,50.29,339,0
2017-04-21,17:55:00,50.27,50.285,50.27,50.285,497,0
2017-04-21,18:15:00,50.29,50.29,50.29,50.29,350,0
2017-04-21,18:25:00,50.29,50.29,50.29,50.29,1000,0
2017-04-21,18:35:00,50.2909,50.2909,50.2909,50.2909,1074,0
2017-04-21,18:40:00,50.29,50.29,50.29,50.29,200,0
2017-04-21,18:45:00,50.28,50.2968,50.28,50.2968,1318,0
2017-04-21,18:50:00,50.3,50.31,50.295,50.295,15485,0
2017-04-21,18:55:00,50.31,50.31,50.305,50.305,1094,0
2017-04-21,19:05:00,50.2827,50.2827,50.2827,50.2827,900,0
2017-04-21,19:15:00,50.2986,50.2986,50.2986,50.2986,100,0
2017-04-21,19:25:00,50.31,50.31,50.3,50.3,400,0
2017-04-21,19:30:00,50.305,50.305,50.3,50.3,962,0
2017-04-21,19:35:00,50.305,50.31,50.305,50.305,1442,0
2017-04-21,19:40:00,50.305,50.305,50.305,50.305,113,0
2017-04-21,19:45:00,50.3,50.305,50.3,50.3,873,0
2017-04-21,19:55:00,50.3,50.305,50.3,50.305,900,0
2017-04-21,20:00:00,50.3,50.3,50.295,50.295,1169,0
2017-04-21,20:15:00,50.3022,50.3022,50.29,50.29,600,0
2017-04-21,20:20:00,50.295,50.295,50.295,50.295,500,0
2017-04-21,20:25:00,50.29,50.29,50.29,50.29,300,0
2017-04-21,20:30:00,50.2969,50.2969,50.2969,50.2969,561,0
2017-04-21,20:35:00,50.29,50.29,50.29,50.29,300,0
2017-04-21,20:40:00,50.295,50.295,50.29,50.29,2644,0
2017-04-21,20:45:00,50.29,50.29,50.29,50.29,300,0
2017-04-21,21:00:00,50.3,50.3,50.29,50.29,955,0
2017-04-21,21:05:00,50.29,50.29,50.2814,50.2814,1458,0
2017-04-21,21:25:00,50.29,50.2938,50.29,50.2938,811,0
2017-04-21,21:30:00,50.2999,50.3,50.29,50.29,2256,0
2017-04-21,21:35:00,50.2979,50.2979,50.29,50.29,213,0
2017-04-21,21:40:00,50.2906,50.2906,50.28,50.282,2005,0
2017-04-21,21:50:00,50.2922,50.2922,50.2906,50.2906,305,0
2017-04-21,21:55:00,50.28,50.28,50.28,50.28,399,0
2017-04-21,22:00:00,50.29,50.29,50.29,50.29,700,0
2017-04-24,15:35:00,50.24,50.24,50.2358,50.2358,7697,0
2017-04-24,15:45:00,50.23,50.23,50.23,50.23,300,0
2017-04-24,15:50:00,50.235,50.24,50.235,50.235,598,0
2017-04-24,15:55:00,50.231,50.2363,50.231,50.2352,1775,0
2017-04-24,16:00:00,50.235,50.2363,50.23,50.23,3671,0
2017-04-24,16:05:00,50.235,50.235,50.235,50.235,200,0
2017-04-24,16:10:00,50.23,50.23,50.23,50.23,186,0
2017-04-24,16:15:00,50.24,50.24,50.23,50.23,1600,0
2017-04-24,16:25:00,50.24,50.24,50.23,50.235,1434,0
2017-04-24,16:35:00,50.2365,50.2365,50.2365,50.2365,344,0
2017-04-24,16:40:00,50.24,50.24,50.2358,50.2358,779,0
2017-04-24,16:45:00,50.24,50.24,50.24,50.24,150,0
2017-04-24,16:50:00,50.23,50.24,50.23,50.24,12351,0
2017-04-24,17:00:00,50.2399,50.2399,50.2384,50.2384,820,0
2017-04-24,17:05:00,50.24,50.24,50.2359,50.2382,545,0
2017-04-24,17:10:00,50.24,50.24,50.24,50.24,498,0
2017-04-24,17:15:00,50.24,50.24,50.24,50.24,140,0
2017-04-24,17:25:00,50.25,50.25,50.24,50.25,1669,0
2017-04-24,17:30:00,50.2499,50.2499,50.245,50.245,1225,0
2017-04-24,17:40:00,50.25,50.25,50.245,50.25,1000,0
2017-04-24,17:45:00,50.2499,50.25,50.2499,50.25,5786,0
2017-04-24,18:00:00,50.254,50.254,50.254,50.254,688,0
2017-04-24,18:10:00,50.255,50.255,50.255,50.255,200,0
2017-04-24,18:20:00,50.2599,50.26,50.2541,50.26,10833,0
2017-04-24,18:25:00,50.258,50.258,50.258,50.258,1450,0
2017-04-24,18:35:00,50.25,50.25,50.25,50.25,47673,0
2017-04-24,18:50:00,50.2487,50.25,50.2487,50.25,1304,0
2017-04-24,18:55:00,50.25,50.25,50.25,50.25,290,0
2017-04-24,19:00:00,50.25,50.25,50.25,50.25,497,0
2017-04-24,19:05:00,50.25,50.255,50.25,50.255,311,0
2017-04-24,19:15:00,50.24,50.25,50.24,50.25,640,0
2017-04-24,19:20:00,50.2401,50.26,50.2401,50.26,322,0
2017-04-24,19:30:00,50.259,50.26,50.25,50.25,800,0
2017-04-24,19:40:00,50.25,50.25,50.25,50.25,505,0
2017-04-24,19:50:00,50.255,50.255,50.255,50.255,103,0
2017-04-24,19:55:00,50.25,50.25,50.25,50.25,2000,0
2017-04-24,20:05:00,50.251,50.251,50.25,50.25,1297,0
2017-04-24,20:10:00,50.24,50.24,50.24,50.24,5397,0
2017-04-24,20:20:00,50.25,50.25,50.25,50.25,300,0
2017-04-24,20:25:00,50.25,50.255,50.25,50.25,2268,0
2017-04-24,20:30:00,50.25,50.25,50.25,50.25,100,0
2017-04-24,20:35:00,50.2554,50.26,50.2554,50.26,1568,0
2017-04-24,20:40:00,50.2554,50.2574,50.255,50.2574,595,0
2017-04-24,20:50:00,50.26,50.26,50.255,50.255,587,0
2017-04-24,20:55:00,50.25,50.25,50.25,50.25,181,0
2017-04-24,21:00:00,50.2599,50.2599,50.2599,50.2599,200,0
2017-04-24,21:05:00,50.26,50.26,50.254,50.26,445,0
2017-04-24,21:10:00,50.2588,50.26,50.2565,50.26,2478,0
2017-04-24,21:15:00,50.26,50.26,50.251,50.255,3596,0
2017-04-24,21:25:00,50.255,50.255,50.255,50.255,324,0
2017-04-24,21:30:00,50.259,50.26,50.255,50.2599,838,0
2017-04-24,21:35:00,50.257,50.26,50.257,50.2599,8008,0
2017-04-24,21:40:00,50.2546,50.26,50.2542,50.26,7849,0
2017-04-24,21:45:00,50.26,50.26,50.26,50.26,1067,0
2017-04-24,21:50:00,50.259,50.27,50.255,50.27,4121,0
2017-04-24,21:55:00,50.27,50.27,50.265,50.265,365,0
2017-04-24,22:00:00,50.2699,50.2699,50.26,50.26,771,0
2017-04-25,15:35:00,50.23,50.23,50.22,50.23,6087,0
2017-04-25,15:40:00,50.245,50.245,50.245,50.245,1300,0
2017-04-25,15:55:00,50.22,50.22,50.22,50.22,278,0
2017-04-25,16:00:00,50.2336,50.2336,50.2336,50.2336,1150,0
2017-04-25,16:05:00,50.24,50.24,50.234,50.2399,1050,0
2017-04-25,16:10:00,50.234,50.235,50.234,50.235,456,0
2017-04-25,16:15:00,50.23,50.235,50.22,50.22,1108,0
2017-04-25,16:20:00,50.2399,50.24,50.2317,50.24,1100,0
2017-04-25,16:25:00,50.24,50.24,50.237,50.237,399,0
2017-04-25,16:30:00,50.239,50.24,50.2341,50.2341,2414,0
2017-04-25,16:35:00,50.24,50.24,50.235,50.235,4590,0
2017-04-25,16:45:00,50.235,50.24,50.235,50.235,1197,0
2017-04-25,16:50:00,50.237,50.237,50.235,50.235,1140,0
2017-04-25,16:55:00,50.2361,50.24,50.23,50.24,1399,0
2017-04-25,17:00:00,50.23,50.235,50.23,50.23,800,0
2017-04-25,17:10:00,50.2357,50.237,50.2357,50.237,500,0
2017-04-25,17:15:00,50.24,50.24,50.232,50.232,2941,0
2017-04-25,17:20:00,50.2357,50.2357,50.235,50.235,2572,0
2017-04-25,17:25:00,50.2333,50.2333,50.2333,50.2333,500,0
2017-04-25,17:30:00,50.235,50.235,50.23,50.235,1429,0
2017-04-25,17:35:00,50.23,50.23,50.23,50.23,449,0
2017-04-25,17:45:00,50.23,50.23,50.23,50.23,206,0
2017-04-25,17:50:00,50.23,50.2334,50.23,50.23,1982,0
2017-04-25,17:55:00,50.24,50.24,50.24,50.24,137,0
2017-04-25,18:00:00,50.23,50.23,50.23,50.23,2494,0
2017-04-25,18:05:00,50.23,50.236,50.2286,50.236,1214,0
2017-04-25,18:15:00,50.24,50.24,50.23,50.23,227,0
2017-04-25,18:20:00,50.23,50.23,50.23,50.23,167,0
2017-04-25,18:25:00,50.23,50.24,50.2278,50.235,1591,0
2017-04-25,18:30:00,50.235,50.235,50.235,50.235,100,0
2017-04-25,18:35:00,50.235,50.235,50.235,50.235,800,0
2017-04-25,18:40:00,50.235,50.25,50.235,50.25,6025,0
2017-04-25,18:45:00,50.24,50.2599,50.24,50.245,855,0
2017-04-25,18:50:00,50.2434,50.2434,50.2434,50.2434,230,0
2017-04-25,18:55:00,50.2435,50.2435,50.2435,50.2435,679,0
2017-04-25,19:00:00,50.245,50.258,50.245,50.258,4000,0
2017-04-25,19:05:00,50.23,50.235,50.23,50.235,1823,0
2017-04-25,19:15:00,50.2366,50.2366,50.2366,50.2366,100,0
2017-04-25,19:25:00,50.2328,50.2399,50.23,50.23,2690,0
2017-04-25,19:30:00,50.2201,50.2285,50.22,50.2285,3044,0
2017-04-25,19:40:00,50.2256,50.2256,50.221,50.221,415,0
2017-04-25,19:45:00,50.225,50.23,50.22,50.22,994,0
2017-04-25,19:50:00,50.22,50.23,50.21,50.23,1700,0
2017-04-25,19:55:00,50.201,50.201,50.201,50.201,100,0
2017-04-25,20:00:00,50.22,50.2309,50.2,50.2,1456,0
2017-04-25,20:05:00,50.201,50.201,50.201,50.201,100,0
2017-04-25,20:10:00,50.22,50.2222,50.201,50.201,2970,0
2017-04-25,20:15:00,50.201,50.226,50.201,50.226,284,0
2017-04-25,20:20:00,50.22,50.235,50.201,50.235,1278,0
2017-04-25,20:25:00,50.2399,50.2399,50.201,50.2113,9227,0
2017-04-25,20:30:00,50.201,50.2305,50.201,50.2223,1212,0
2017-04-25,20:35:00,50.2223,50.2223,50.201,50.201,1249,0
2017-04-25,20:40:00,50.2,50.24,50.2,50.24,1372,0
2017-04-25,20:45:00,50.22,50.23,50.201,50.23,535,0
2017-04-25,20:50:00,50.23,50.23,50.23,50.23,100,0
2017-04-25,20:55:00,50.201,50.201,50.201,50.201,100,0
2017-04-25,21:00:00,50.22,50.2244,50.201,50.201,1141,0
2017-04-25,21:05:00,50.23,50.23,50.221,50.23,1300,0
2017-04-25,21:10:00,50.22,50.22,50.201,50.201,400,0
2017-04-25,21:15:00,50.201,50.201,50.201,50.201,100,0
2017-04-25,21:20:00,50.221,50.23,50.221,50.23,648,0
2017-04-25,21:25:00,50.23,50.234,50.221,50.221,399,0
2017-04-25,21:30:00,50.23,50.23,50.221,50.221,200,0
2017-04-25,21:35:00,50.221,50.2399,50.221,50.23,475,0
2017-04-25,21:40:00,50.221,50.221,50.221,50.221,100,0
2017-04-25,21:45:00,50.221,50.23,50.221,50.23,1300,0
2017-04-25,21:50:00,50.23,50.23,50.225,50.225,594,0
2017-04-25,21:55:00,50.2266,50.2266,50.2266,50.2266,406,0
2017-04-25,22:00:00,50.225,50.23,50.225,50.23,408,0
2017-04-26,15:35:00,50.22,50.22,50.2146,50.2146,4313,0
2017-04-26,15:40:00,50.214,50.22,50.214,50.2199,549,0
2017-04-26,15:45:00,50.22,50.22,50.2199,50.2199,1000,0
2017-04-26,15:55:00,50.21,50.21,50.21,50.21,149,0
2017-04-26,16:10:00,50.22,50.22,50.22,50.22,253,0
2017-04-26,16:15:00,50.21,50.21,50.21,50.21,220,0
2017-04-26,16:25:00,50.215,50.221,50.215,50.221,328,0
2017-04-26,16:30:00,50.2,50.2,50.2,50.2,500,0
2017-04-26,16:40:00,50.227,50.227,50.227,50.227,100,0
2017-04-26,16:45:00,50.229,50.229,50.22,50.22,1582,0
2017-04-26,16:50:00,50.23,50.23,50.2278,50.23,20757,0
2017-04-26,17:00:00,50.23,50.23,50.23,50.23,250,0
2017-04-26,17:05:00,50.22,50.22,50.2,50.2,2618,0
2017-04-26,17:15:00,50.23,50.23,50.22,50.22,1300,0
2017-04-26,17:35:00,50.234,50.234,50.23,50.2311,5696,0
2017-04-26,17:40:00,50.23,50.23,50.23,50.23,212,0
2017-04-26,17:45:00,50.23,50.23,50.2297,50.2297,272,0
2017-04-26,17:55:00,50.2236,50.227,50.2236,50.227,1101,0
2017-04-26,18:10:00,50.22,50.22,50.22,50.22,300,0
2017-04-26,18:15:00,50.23,50.23,50.23,50.23,410,0
2017-04-26,18:25:00,50.2322,50.2322,50.2322,50.2322,224,0
2017-04-26,18:30:00,50.2304,50.2322,50.23,50.2322,912,0
2017-04-26,18:50:00,50.23,50.23,50.23,50.23,2006,0
2017-04-26,18:55:00,50.2338,50.2338,50.23,50.23,1452,0
2017-04-26,19:00:00,50.23,50.2399,50.23,50.23,1500,0
2017-04-26,19:05:00,50.24,50.24,50.24,50.24,159,0
2017-04-26,19:10:00,50.234,50.25,50.22,50.22,7540,0
2017-04-26,19:15:00,50.22,50.2205,50.21,50.21,701,0
2017-04-26,19:20:00,50.213,50.224,50.213,50.224,334,0
2017-04-26,19:25:00,50.223,50.223,50.223,50.223,253,0
2017-04-26,19:30:00,50.21,50.21,50.21,50.21,753,0
2017-04-26,19:35:00,50.2212,50.2212,50.2212,50.2212,200,0
2017-04-26,19:40:00,50.21,50.21,50.21,50.21,100,0
2017-04-26,19:45:00,50.22,50.2205,50.217,50.2205,1197,0
2017-04-26,19:50:00,50.2207,50.2207,50.2207,50.2207,640,0
2017-04-26,19:55:00,50.22,50.22,50.22,50.22,400,0
2017-04-26,20:00:00,50.2197,50.2206,50.2197,50.2206,326,0
2017-04-26,20:10:00,50.216,50.23,50.216,50.23,509,0
2017-04-26,20:15:00,50.2236,50.24,50.2236,50.24,996,0
2017-04-26,20:25:00,50.2241,50.2241,50.2241,50.2241,500,0
2017-04-26,20:40:00,50.24,50.24,50.2399,50.24,3200,0
2017-04-26,20:45:00,50.23,50.247,50.2294,50.247,929,0
2017-04-26,20:55:00,50.24,50.24,50.24,50.24,129,0
2017-04-26,21:10:00,50.24,50.24,50.234,50.24,712,0
2017-04-26,21:20:00,50.2294,50.2306,50.22,50.2306,1999,0
2017-04-26,21:25:00,50.22,50.25,50.22,50.2359,6240,0
2017-04-26,21:30:00,50.241,50.241,50.2398,50.2398,608,0
2017-04-26,21:40:00,50.2359,50.2359,50.2359,50.2359,200,0
2017-04-26,21:55:00,50.25,50.25,50.25,50.25,4600,0
2017-04-26,22:00:00,50.25,50.25,50.25,50.25,100,0
