Date,Time,Open,High,Low,Close,Volume,OpenInt
2017-02-24,15:40:00,38.6356,38.6999,38.6356,38.6999,200,0
2017-02-24,16:00:00,38.4999,38.4999,38.4999,38.4999,100,0
2017-02-24,16:20:00,38.5,38.5,38.5,38.5,400,0
2017-02-24,16:30:00,38.2182,38.2182,38.2182,38.2182,1120,0
2017-02-24,17:00:00,38.3,38.3,38.3,38.3,150,0
2017-02-24,17:05:00,38.4015,38.4214,38.2852,38.2852,800,0
2017-02-24,17:10:00,38.48,38.48,38.38,38.38,400,0
2017-02-24,17:15:00,38.21,38.21,38.21,38.21,722,0
2017-02-24,17:30:00,38.4194,38.4194,38.38,38.38,320,0
2017-02-24,18:20:00,38.46,38.46,37.99,37.99,5600,0
2017-02-24,18:25:00,38,38,37.975,38,8230,0
2017-02-24,18:35:00,38.11,38.11,38.1,38.1,400,0
2017-02-24,19:10:00,38.6,38.66,38.38,38.38,2900,0
2017-02-24,19:35:00,38.25,38.25,38.25,38.25,400,0
2017-02-24,19:55:00,37.92,37.92,37.92,37.92,500,0
2017-02-24,20:05:00,37.96,37.96,37.96,37.96,400,0
2017-02-24,20:25:00,37.65,37.66,37.4799,37.56,4425,0
2017-02-24,20:30:00,37.3,37.3,37.3,37.3,100,0
2017-02-24,20:50:00,37.9,37.9,37.9,37.9,100,0
2017-02-24,21:05:00,37.8001,37.8001,37.8001,37.8001,200,0
2017-02-24,21:10:00,37.9,37.9,37.9,37.9,100,0
2017-02-24,21:50:00,37.22,37.22,37.22,37.22,160,0
2017-02-24,22:00:00,37.25,37.3,37.25,37.3,200,0
2017-02-27,15:35:00,39.77,39.77,39.77,39.77,379,0
2017-02-27,15:40:00,39.75,39.75,39.75,39.75,3000,0
2017-02-27,15:45:00,39.8,39.9,39.8,39.9,4000,0
2017-02-27,15:50:00,39.7801,39.7801,39.7801,39.7801,100,0
2017-02-27,15:55:00,39.8,39.895,39.8,39.8692,1171,0
2017-02-27,16:10:00,39.81,39.81,39.81,39.81,300,0
2017-02-27,16:15:00,39.6805,39.6805,39.6805,39.6805,750,0
2017-02-27,16:20:00,39.4591,39.4591,39.4591,39.4591,100,0
2017-02-27,16:35:00,39.6,39.6,39.6,39.6,100,0
2017-02-27,16:40:00,39.7,39.7,39.7,39.7,300,0
2017-02-27,17:40:00,39.8,39.8,39.75,39.75,1300,0
2017-02-27,19:50:00,39.8851,39.8851,39.8851,39.8851,750,0
2017-02-27,19:55:00,40,40,40,40,500,0
2017-02-27,20:30:00,39.5893,39.5893,39.5893,39.5893,100,0
2017-02-27,20:35:00,39.5,39.5,39.5,39.5,500,0
2017-02-27,20:55:00,39.4549,39.4549,39.4549,39.4549,200,0
2017-02-27,21:00:00,39.4936,39.4936,39.4936,39.4936,300,0
2017-02-27,21:25:00,39.5,39.5,39.5,39.5,125,0
2017-02-27,21:35:00,39.29,39.29,39.29,39.29,100,0
2017-02-27,21:45:00,39.5009,39.5009,39.5009,39.5009,118,0
2017-02-27,22:00:00,39.5687,39.5687,39.5,39.5,500,0
2017-02-28,15:45:00,38,38,38,38,1800,0
2017-02-28,15:50:00,38.099,38.1,38.0766,38.094,945,0
2017-02-28,16:35:00,38,38,37.37,37.37,2100,0
2017-02-28,16:45:00,37,37,36.96,36.96,836,0
2017-02-28,16:50:00,37.29,37.39,37.29,37.39,1200,0
2017-02-28,17:00:00,37.3,37.3,37.2,37.2,220,0
2017-02-28,17:05:00,37,37,36.9,36.9,700,0
2017-02-28,17:20:00,36.9,36.9,36.9,36.9,250,0
2017-02-28,17:30:00,36.9098,37.03,36.6767,37.03,1200,0
2017-02-28,17:35:00,37.0603,37.2,37.0603,37.1666,6600,0
2017-02-28,17:40:00,37.3,37.3,37.1767,37.1767,800,0
2017-02-28,18:00:00,37.38,37.38,37.38,37.38,100,0
2017-02-28,18:05:00,37.306,37.306,37.306,37.306,100,0
2017-02-28,18:35:00,37.33,37.33,37.33,37.33,500,0
2017-02-28,19:35:00,36.9,37.038,36.9,37.038,672,0
2017-02-28,19:40:00,36.9,36.92,36.9,36.9,1000,0
2017-02-28,20:20:00,37.3,37.3,37.3,37.3,500,0
2017-02-28,20:25:00,37.19,37.19,37.19,37.19,134,0
2017-02-28,20:30:00,36.98,36.98,36.98,36.98,250,0
2017-02-28,21:05:00,37.25,37.25,37.25,37.25,100,0
2017-02-28,21:30:00,37.085,37.085,37.085,37.085,800,0
2017-02-28,21:55:00,37.1487,37.1487,37.1487,37.1487,100,0
2017-02-28,22:00:00,37.18,37.18,37.18,37.18,100,0
2017-03-01,15:35:00,36.48,36.48,36.2944,36.41,1631,0
2017-03-01,15:40:00,36.4898,36.4898,36.4898,36.4898,200,0
2017-03-01,15:50:00,36.4,36.4,36.35,36.35,1100,0
2017-03-01,15:55:00,36.1341,36.1341,36.1,36.1,225,0
2017-03-01,16:05:00,36.26,36.37,36.26,36.37,500,0
2017-03-01,16:35:00,36.15,36.15,36.15,36.15,2600,0
2017-03-01,16:40:00,36.106,36.106,36.106,36.106,130,0
2017-03-01,16:45:00,36,36,36,36,300,0
2017-03-01,16:50:00,36.246,36.246,36.246,36.246,125,0
2017-03-01,17:00:00,36.2248,36.2248,36.2248,36.2248,110,0
2017-03-01,17:10:00,36,36,36,36,300,0
2017-03-01,17:20:00,35.66,35.6697,35.66,35.6697,600,0
2017-03-01,18:20:00,36,36,36,36,1400,0
2017-03-01,18:30:00,36,36,36,36,1820,0
2017-03-01,18:50:00,36.18,36.18,36.18,36.18,100,0
2017-03-01,18:55:00,36.3,36.3,36.3,36.3,500,0
2017-03-01,19:55:00,36.15,36.15,36.15,36.15,1250,0
2017-03-01,20:25:00,36,36,36,36,600,0
2017-03-01,21:35:00,36.1178,36.1178,36.1178,36.1178,500,0
2017-03-01,21:40:00,36.1234,36.1234,36.1234,36.1234,100,0
2017-03-02,15:50:00,36.5514,36.5514,36.5514,36.5514,1200,0
2017-03-02,16:35:00,37,37,36.85,36.85,1755,0
2017-03-02,16:40:00,36.8,36.8,36.7994,36.7994,400,0
2017-03-02,16:45:00,36.7925,36.7925,36.7925,36.7925,100,0
2017-03-02,17:05:00,36.37,36.4,36.2,36.32,4373,0
2017-03-02,17:10:00,36.3678,36.3678,36.3678,36.3678,100,0
2017-03-02,17:30:00,35.8136,35.8136,35.8136,35.8136,931,0
2017-03-02,17:35:00,35.9,35.9,35.9,35.9,1697,0
2017-03-02,17:40:00,36.018,36.018,35.9999,36,700,0
2017-03-02,17:45:00,35.9116,35.9116,35.9116,35.9116,100,0
2017-03-02,17:55:00,36.021,36.021,36.021,36.021,250,0
2017-03-02,18:05:00,36.09,36.09,36.09,36.09,400,0
2017-03-02,18:10:00,35.97,35.97,35.95,35.95,500,0
2017-03-02,19:00:00,35.7727,35.7727,35.7727,35.7727,100,0
2017-03-02,19:50:00,35.94,35.94,35.94,35.94,300,0
2017-03-02,20:00:00,35.8147,35.8147,35.8147,35.8147,279,0
2017-03-02,20:05:00,35.84,35.84,35.84,35.84,300,0
2017-03-02,21:20:00,35.89,35.89,35.89,35.89,1000,0
2017-03-02,21:25:00,35.84,35.84,35.84,35.84,1000,0
2017-03-02,22:00:00,35.8,35.82,35.7536,35.82,920,0
2017-03-03,15:35:00,35.85,36,35.85,36,1100,0
2017-03-03,15:40:00,35.77,35.77,35.53,35.53,500,0
2017-03-03,15:45:00,35.6653,35.6653,35.6653,35.6653,600,0
2017-03-03,16:10:00,35.58,35.8,35.58,35.8,3200,0
2017-03-03,16:15:00,35.89,36.1,35.89,35.9672,1500,0
2017-03-03,16:20:00,35.8699,35.8699,35.8699,35.8699,100,0
2017-03-03,16:30:00,35.7863,35.7863,35.7863,35.7863,100,0
2017-03-03,16:35:00,35.75,35.75,35.75,35.75,400,0
2017-03-03,16:50:00,35.7942,35.7942,35.7942,35.7942,100,0
2017-03-03,17:05:00,35.86,35.86,35.86,35.86,100,0
2017-03-03,17:20:00,35.9361,36.12,35.9361,36.12,1071,0
2017-03-03,17:25:00,36.06,36.06,36.06,36.06,300,0
2017-03-03,17:40:00,36.1131,36.1131,36.1131,36.1131,100,0
2017-03-03,17:50:00,36.066,36.066,36.066,36.066,100,0
2017-03-03,18:25:00,36.25,36.25,36.25,36.25,500,0
2017-03-03,18:30:00,36.258,36.258,36.258,36.258,2000,0
2017-03-03,18:35:00,36.2,36.2,36.2,36.2,1617,0
2017-03-03,19:15:00,36.02,36.02,36.02,36.02,1800,0
2017-03-03,19:30:00,36,36,36,36,400,0
2017-03-03,22:00:00,35.2886,35.44,35.2001,35.22,1967,0
2017-03-06,15:35:00,33.38,33.77,33.2999,33.77,9335,0
2017-03-06,15:40:00,33.4318,33.4318,33.4318,33.4318,300,0
2017-03-06,15:45:00,33.33,33.33,33.33,33.33,100,0
2017-03-06,15:50:00,33.2,33.2,33.02,33.02,1300,0
2017-03-06,15:55:00,33.0658,33.0658,33.01,33.01,971,0
2017-03-06,16:00:00,33.1164,33.155,33.1164,33.155,200,0
2017-03-06,16:05:00,33,33,33,33,300,0
2017-03-06,16:15:00,33.1622,33.1622,33.1622,33.1622,805,0
2017-03-06,16:30:00,33.1077,33.1077,33.1077,33.1077,150,0
2017-03-06,16:35:00,32.96,32.96,32.96,32.96,100,0
2017-03-06,16:55:00,32.88,32.88,32.761,32.761,600,0
2017-03-06,17:10:00,32.8872,32.8872,32.8872,32.8872,1000,0
2017-03-06,17:35:00,32.93,32.95,32.93,32.95,1381,0
2017-03-06,18:05:00,33,33,33,33,100,0
2017-03-06,18:20:00,33.22,33.22,33.22,33.22,300,0
2017-03-06,18:40:00,33.02,33.1112,33.02,33.1112,1517,0
2017-03-06,18:50:00,33.01,33.01,33.01,33.01,400,0
2017-03-06,19:15:00,32.9403,32.9403,32.82,32.82,600,0
2017-03-06,19:20:00,32.8,32.8,32.7999,32.7999,982,0
2017-03-06,19:25:00,32.94,33,32.94,33,900,0
2017-03-06,19:30:00,33.08,33.08,33.08,33.08,800,0
2017-03-06,19:35:00,33.08,33.08,33.08,33.08,476,0
2017-03-06,19:40:00,33.05,33.05,33.05,33.05,300,0
2017-03-06,19:50:00,33.3302,33.3302,33.3302,33.3302,259,0
2017-03-06,20:05:00,33.4,33.59,33.4,33.54,5800,0
2017-03-06,20:10:00,33.7,34,33.7,34,1000,0
2017-03-06,21:20:00,34.65,34.65,34.65,34.65,500,0
2017-03-06,21:35:00,34.8158,34.8306,34.77,34.8306,2600,0
2017-03-06,21:45:00,34.781,34.98,34.781,34.98,750,0
2017-03-06,22:00:00,35,35,35,35,770,0
2017-03-07,15:40:00,35.3148,35.4692,35.3148,35.4054,500,0
2017-03-07,15:45:00,35.2,35.2,35.2,35.2,400,0
2017-03-07,15:50:00,35.2,35.2,35.2,35.2,300,0
2017-03-07,16:40:00,35.2,35.2,35.15,35.16,2750,0
2017-03-07,16:45:00,35,35,35,35,450,0
2017-03-07,16:50:00,34.98,34.98,34.98,34.98,100,0
2017-03-07,17:00:00,35.0675,35.0675,35.0333,35.0333,250,0
2017-03-07,18:35:00,35.45,35.45,35.45,35.45,100,0
2017-03-07,18:45:00,35.5269,35.5269,35.44,35.44,200,0
2017-03-07,19:20:00,35.61,35.61,35.61,35.61,200,0
2017-03-07,20:20:00,35.5,35.5,35.5,35.5,120,0
2017-03-07,21:45:00,35.5342,35.5342,35.4814,35.4814,500,0
2017-03-07,21:55:00,35.519,35.519,35.519,35.519,400,0
2017-03-07,22:00:00,35.58,35.58,35.58,35.58,115,0
2017-03-08,15:35:00,33.28,33.28,33.28,33.28,140,0
2017-03-08,15:40:00,33.4196,33.5,33.4,33.5,1000,0
2017-03-08,15:45:00,33.549,33.549,33.549,33.549,200,0
2017-03-08,15:50:00,33.6136,33.6136,33.6136,33.6136,400,0
2017-03-08,16:00:00,33.78,33.78,33.78,33.78,150,0
2017-03-08,16:05:00,33.98,34,33.98,34,800,0
2017-03-08,16:10:00,34,34,34,34,2000,0
2017-03-08,16:35:00,33.7897,33.7897,33.7897,33.7897,200,0
2017-03-08,16:40:00,33.8462,33.8462,33.68,33.771,2550,0
2017-03-08,16:45:00,33.6705,33.6705,33.6705,33.6705,248,0
2017-03-08,16:50:00,33.7826,33.7826,33.698,33.698,1233,0
2017-03-08,16:55:00,33.7856,33.7856,33.7856,33.7856,137,0
2017-03-08,17:40:00,33.536,33.536,33.536,33.536,100,0
2017-03-08,17:50:00,33.65,33.65,33.64,33.65,1065,0
2017-03-08,17:55:00,33.65,33.65,33.65,33.65,400,0
2017-03-08,18:10:00,33.34,33.34,33.34,33.34,100,0
2017-03-08,18:40:00,33.45,33.45,33.45,33.45,1000,0
2017-03-08,19:10:00,33.28,33.28,33.28,33.28,100,0
2017-03-08,19:20:00,33.1401,33.1401,33.1401,33.1401,147,0
2017-03-08,19:30:00,33.3,33.3,33.3,33.3,375,0
2017-03-08,19:45:00,33.88,33.88,33.88,33.88,100,0
2017-03-08,19:50:00,33.57,33.57,33.57,33.57,300,0
2017-03-08,20:05:00,33.605,33.605,33.605,33.605,200,0
2017-03-08,20:20:00,33.78,33.78,33.76,33.76,2100,0
2017-03-08,21:00:00,34.468,34.468,34.468,34.468,115,0
2017-03-09,15:35:00,33.5,33.5,33.5,33.5,1000,0
2017-03-09,15:50:00,33.25,33.25,33.2382,33.25,1000,0
2017-03-09,16:05:00,33.0088,33.0088,33,33,897,0
2017-03-09,16:15:00,33.0134,33.0134,32.975,32.975,1200,0
2017-03-09,16:30:00,33.1801,33.2,33.1801,33.2,1400,0
2017-03-09,16:35:00,32.75,33.02,32.62,33.02,1050,0
2017-03-09,16:45:00,33,33,33,33,100,0
2017-03-09,17:00:00,33.1,33.1,32.9895,32.9895,800,0
2017-03-09,17:05:00,33.0053,33.0053,33.0053,33.0053,100,0
2017-03-09,17:20:00,32.5,32.5,32.5,32.5,2100,0
2017-03-09,17:25:00,32.55,32.55,32.5201,32.53,550,0
2017-03-09,17:30:00,32.75,32.75,32.75,32.75,200,0
2017-03-09,17:35:00,32.8662,32.8662,32.8662,32.8662,1800,0
2017-03-09,18:25:00,33.396,33.396,33.396,33.396,2000,0
2017-03-09,18:50:00,33.3,33.4,33.3,33.4,400,0
2017-03-09,19:55:00,33.25,33.25,33.25,33.25,800,0
2017-03-09,20:00:00,33.31,33.31,33.2282,33.2282,1500,0
2017-03-09,20:30:00,32.92,32.92,32.92,32.92,100,0
2017-03-09,21:10:00,32.732,32.732,32.732,32.732,200,0
2017-03-09,21:40:00,32.74,32.74,32.74,32.74,200,0
2017-03-09,21:45:00,32.82,32.82,32.82,32.82,300,0
2017-03-09,21:50:00,32.6501,32.6501,32.65,32.65,600,0
2017-03-09,21:55:00,32.66,32.66,32.66,32.66,100,0
2017-03-10,15:35:00,31.61,31.61,31.5,31.5,3500,0
2017-03-10,15:45:00,31.73,31.94,31.73,31.94,200,0
2017-03-10,15:50:00,32.0401,32.0401,32.0401,32.0401,200,0
2017-03-10,16:25:00,32.6136,32.87,32.6,32.6,3600,0
2017-03-10,16:50:00,32.61,32.61,32.61,32.61,400,0
2017-03-10,16:55:00,32.7,32.7,32.7,32.7,116,0
2017-03-10,17:20:00,32.68,32.68,32.68,32.68,100,0
2017-03-10,19:35:00,32.34,32.34,32.34,32.34,100,0
2017-03-10,20:20:00,32.07,32.07,32.06,32.06,1100,0
2017-03-10,20:45:00,32.002,32.002,31.9,31.9,2200,0
2017-03-10,20:50:00,31.8,31.8,31.8,31.8,400,0
2017-03-10,21:00:00,31.7,31.7,31.7,31.7,500,0
2017-03-10,21:10:00,31.676,31.676,31.676,31.676,500,0
2017-03-10,21:35:00,31.77,31.77,31.6966,31.6966,200,0
2017-03-10,21:50:00,31.5,31.5,31.45,31.45,1000,0
2017-03-10,21:55:00,31.47,31.655,31.47,31.655,700,0
2017-03-10,22:00:00,31.48,31.48,31.48,31.48,100,0
2017-03-13,14:40:00,31.23,31.23,31.16,31.16,1120,0
2017-03-13,14:50:00,31.0744,31.0744,31.0744,31.0744,500,0
2017-03-13,15:05:00,31.29,31.29,31.29,31.29,300,0
2017-03-13,15:10:00,31.5529,31.595,31.5529,31.595,200,0
2017-03-13,16:05:00,31.42,31.42,31.42,31.42,120,0
2017-03-13,16:10:00,31.37,31.37,31.37,31.37,100,0
2017-03-13,16:45:00,31.5003,31.5003,31.5003,31.5003,200,0
2017-03-13,18:20:00,31.2364,31.2364,31.2364,31.2364,600,0
2017-03-13,18:25:00,31.16,31.16,31.16,31.16,700,0
2017-03-13,18:55:00,31.4764,31.4764,31.4764,31.4764,150,0
2017-03-13,19:45:00,31.86,31.86,31.86,31.86,2100,0
2017-03-13,19:50:00,31.94,31.95,31.94,31.95,400,0
2017-03-13,20:05:00,31.91,31.91,31.84,31.84,200,0
2017-03-13,20:15:00,32,32,32,32,700,0
2017-03-13,20:25:00,32.11,32.11,32.11,32.11,100,0
2017-03-13,20:40:00,32.29,32.38,32.24,32.24,2700,0
2017-03-13,20:45:00,32.375,32.375,32.11,32.11,800,0
2017-03-13,20:50:00,32.03,32.0845,32.03,32.0845,520,0
2017-03-13,20:55:00,32.184,32.184,32.184,32.184,500,0
2017-03-14,14:55:00,32.2918,32.2918,32.2918,32.2918,1500,0
2017-03-14,15:00:00,32.4,33.03,32.4,32.9599,1100,0
2017-03-14,15:05:00,32.78,32.78,32.78,32.78,500,0
2017-03-14,15:10:00,32.842,32.842,32.842,32.842,100,0
2017-03-14,15:20:00,32.65,32.65,32.6,32.6,1100,0
2017-03-14,15:25:00,32.66,32.66,32.66,32.66,100,0
2017-03-14,15:30:00,32.58,32.58,32.58,32.58,600,0
2017-03-14,15:45:00,32.701,32.76,32.7,32.76,3800,0
2017-03-14,15:55:00,32.9,32.9,32.9,32.9,500,0
2017-03-14,16:00:00,32.92,33,32.92,33,400,0
2017-03-14,16:05:00,32.97,33.08,32.97,33.08,300,0
2017-03-14,16:15:00,33.018,33.018,33.018,33.018,500,0
2017-03-14,16:30:00,33.12,33.12,33.12,33.12,100,0
2017-03-14,16:40:00,33.198,33.198,33.18,33.19,2877,0
2017-03-14,16:45:00,33.2,33.29,33.2,33.29,1900,0
2017-03-14,16:50:00,33.33,33.33,33.33,33.33,100,0
2017-03-14,16:55:00,33.26,33.5,33.26,33.5,1300,0
2017-03-14,17:00:00,33.478,33.6199,33.478,33.6199,700,0
2017-03-14,17:20:00,33.3,33.3,33.15,33.15,2700,0
2017-03-14,17:25:00,33.2094,33.2094,33.2094,33.2094,750,0
2017-03-14,17:40:00,33.2,33.2,33.2,33.2,200,0
2017-03-14,17:45:00,33.35,33.35,33.35,33.35,1000,0
2017-03-14,17:50:00,33.5,33.5,33.5,33.5,5000,0
2017-03-14,18:05:00,33.4556,33.4556,33.4556,33.4556,300,0
2017-03-14,18:15:00,33.4299,33.48,33.4299,33.48,550,0
2017-03-14,18:20:00,33.4,33.4,33.38,33.38,1300,0
2017-03-14,18:35:00,33.3199,33.3199,33.3199,33.3199,104,0
2017-03-14,18:45:00,33.51,33.51,33.51,33.51,100,0
2017-03-14,19:00:00,33.45,33.45,33.45,33.45,100,0
2017-03-14,19:05:00,33.6223,33.6223,33.6223,33.6223,595,0
2017-03-14,19:10:00,33.6348,33.6348,33.587,33.587,350,0
2017-03-14,19:15:00,33.69,33.69,33.69,33.69,1400,0
2017-03-14,19:30:00,33.54,33.54,33.54,33.54,100,0
2017-03-14,20:00:00,33.678,33.678,33.678,33.678,500,0
2017-03-14,20:05:00,33.808,33.808,33.808,33.808,500,0
2017-03-14,20:10:00,33.71,33.71,33.71,33.71,300,0
2017-03-14,20:40:00,33.54,33.54,33.54,33.54,100,0
2017-03-14,20:45:00,33.66,33.66,33.66,33.66,100,0
2017-03-14,20:50:00,33.65,33.65,33.65,33.65,350,0
2017-03-14,21:00:00,33.63,33.64,33.63,33.64,236,0
2017-03-15,14:35:00,32.68,32.7511,32.64,32.64,7391,0
2017-03-15,14:40:00,32.66,32.66,32.52,32.6568,3700,0
2017-03-15,14:45:00,32.54,32.6,32.54,32.6,2800,0
2017-03-15,14:50:00,32.4498,32.4498,32.4498,32.4498,100,0
2017-03-15,14:55:00,32.49,32.49,32.49,32.49,300,0
2017-03-15,15:10:00,32.51,32.51,32.51,32.51,200,0
2017-03-15,15:35:00,32.72,32.72,32.72,32.72,400,0
2017-03-15,15:40:00,32.806,32.9907,32.806,32.9907,503,0
2017-03-15,15:45:00,32.8885,32.9634,32.8885,32.9634,200,0
2017-03-15,16:05:00,32.73,32.9,32.73,32.9,520,0
2017-03-15,16:40:00,32.8709,32.8709,32.8709,32.8709,100,0
2017-03-15,17:05:00,32.8,32.8,32.8,32.8,100,0
2017-03-15,17:30:00,32.7054,32.7054,32.7054,32.7054,1000,0
2017-03-15,18:10:00,32.7,32.7,32.7,32.7,600,0
2017-03-15,18:20:00,32.83,32.83,32.83,32.83,200,0
2017-03-15,18:45:00,32.8599,32.8599,32.85,32.85,330,0
2017-03-15,19:40:00,32.5,32.5,32.5,32.5,320,0
2017-03-15,19:45:00,32.68,32.68,32.68,32.68,500,0
2017-03-15,20:05:00,32.73,32.73,32.73,32.73,1000,0
2017-03-15,20:30:00,32.8,32.8,32.8,32.8,300,0
2017-03-15,20:40:00,33.05,33.05,33.05,33.05,700,0
2017-03-15,20:45:00,32.801,32.801,32.801,32.801,600,0
2017-03-15,20:55:00,32.92,32.92,32.92,32.92,300,0
2017-03-15,21:00:00,32.8302,32.86,32.8302,32.86,600,0
2017-03-16,14:35:00,33.76,33.9683,33.64,33.9683,7008,0
2017-03-16,14:50:00,33.95,33.95,33.95,33.95,500,0
2017-03-16,14:55:00,33.95,33.95,33.95,33.95,1000,0
2017-03-16,15:05:00,34.02,34.02,34.02,34.02,200,0
2017-03-16,15:10:00,34.02,34.02,33.98,33.98,500,0
2017-03-16,15:15:00,33.94,33.94,33.94,33.94,100,0
2017-03-16,15:25:00,33.7624,33.7624,33.7,33.7,2500,0
2017-03-16,15:30:00,33.61,33.61,33.61,33.61,300,0
2017-03-16,15:35:00,34.3487,34.3487,34.05,34.06,2660,0
2017-03-16,15:40:00,34.1241,34.1241,34,34,300,0
2017-03-16,15:55:00,33.854,33.854,33.854,33.854,150,0
2017-03-16,16:00:00,34,34,33.68,33.75,2500,0
2017-03-16,16:05:00,33.58,33.58,33.16,33.16,2700,0
2017-03-16,16:10:00,33.29,33.46,33.29,33.4,2800,0
2017-03-16,16:15:00,33.22,33.25,32.98,33.09,3005,0
2017-03-16,16:20:00,33.04,33.06,33.04,33.06,400,0
2017-03-16,16:30:00,33,33,33,33,200,0
2017-03-16,16:35:00,33.0871,33.13,33.0871,33.13,700,0
2017-03-16,16:50:00,33,33,33,33,500,0
2017-03-16,16:55:00,32.8882,32.9518,32.8882,32.9518,1309,0
2017-03-16,17:05:00,33.04,33.04,33.04,33.04,100,0
2017-03-16,17:10:00,32.9596,32.9596,32.9596,32.9596,400,0
2017-03-16,17:35:00,33.2026,33.2026,33.2026,33.2026,200,0
2017-03-16,17:45:00,33.18,33.18,33.08,33.08,1300,0
2017-03-16,17:50:00,33.14,33.14,33.14,33.14,100,0
2017-03-16,17:55:00,33.27,33.27,33.27,33.27,100,0
2017-03-16,18:10:00,33.25,33.28,33.24,33.28,1827,0
2017-03-16,18:45:00,33.44,33.44,33.44,33.44,300,0
2017-03-16,18:50:00,33.58,33.59,33.58,33.59,1600,0
2017-03-16,18:55:00,33.52,33.52,33.52,33.52,500,0
2017-03-16,19:20:00,34.1,34.1,34.1,34.1,1800,0
2017-03-16,19:35:00,34.2,34.2,34.2,34.2,400,0
2017-03-16,20:05:00,34.1199,34.1199,34.1199,34.1199,1500,0
2017-03-16,20:20:00,33.78,33.78,33.78,33.78,100,0
2017-03-16,20:25:00,33.67,33.752,33.67,33.752,800,0
2017-03-16,20:35:00,33.8,33.8094,33.8,33.8094,743,0
2017-03-16,20:40:00,33.86,33.94,33.86,33.94,700,0
2017-03-16,20:55:00,34.12,34.12,34.12,34.12,400,0
2017-03-16,21:00:00,34.03,34.2,34.03,34.2,295,0
2017-03-17,14:35:00,33.75,33.75,33.75,33.75,151,0
2017-03-17,14:50:00,34,34,34,34,3800,0
2017-03-17,15:10:00,33.83,33.83,33.83,33.83,100,0
2017-03-17,15:15:00,33.86,33.86,33.86,33.86,300,0
2017-03-17,15:20:00,33.8003,33.8799,33.7925,33.84,900,0
2017-03-17,15:25:00,33.8003,33.8003,33.8003,33.8003,100,0
2017-03-17,15:30:00,33.66,33.66,33.66,33.66,100,0
2017-03-17,15:35:00,33.66,33.66,33.66,33.66,100,0
2017-03-17,15:45:00,33.6288,33.67,33.6121,33.6121,750,0
2017-03-17,15:50:00,33.61,33.6199,33.55,33.6,2100,0
2017-03-17,15:55:00,33.5,33.5684,33.47,33.47,1700,0
2017-03-17,16:30:00,33.3403,33.3403,33.3403,33.3403,100,0
2017-03-17,16:35:00,33.522,33.522,33.522,33.522,1000,0
2017-03-17,16:50:00,33.4424,33.6,33.4424,33.55,2204,0
2017-03-17,16:55:00,33.5,33.5,33.5,33.5,1300,0
2017-03-17,17:05:00,33.45,33.45,33.45,33.45,100,0
2017-03-17,17:35:00,33.58,33.58,33.58,33.58,180,0
2017-03-17,18:15:00,33.1675,33.26,33.1675,33.26,240,0
2017-03-17,18:30:00,33.1877,33.1877,33.1877,33.1877,350,0
2017-03-17,19:00:00,33.3118,33.3118,33.3118,33.3118,500,0
2017-03-17,19:10:00,33.25,33.25,33.1,33.15,2400,0
2017-03-17,19:20:00,33.13,33.23,33.13,33.23,500,0
2017-03-17,19:30:00,33.3,33.4,33.3,33.3,1500,0
2017-03-17,20:25:00,33.3922,33.3922,33.3922,33.3922,100,0
2017-03-17,20:45:00,33.5999,33.5999,33.5999,33.5999,102,0
2017-03-17,20:50:00,33.3755,33.3755,33.3755,33.3755,5000,0
2017-03-17,20:55:00,33.46,33.4999,33.38,33.38,533,0
2017-03-17,21:00:00,33.35,33.5,33.35,33.46,875,0
2017-03-20,14:35:00,32.6,32.6,32.4,32.478,2337,0
2017-03-20,14:40:00,32.4,32.4,32.2898,32.2898,1480,0
2017-03-20,14:45:00,32.5829,32.5829,32.5829,32.5829,3000,0
2017-03-20,14:55:00,32.32,32.32,32.32,32.32,100,0
2017-03-20,15:05:00,32.22,32.22,32.14,32.14,2700,0
2017-03-20,15:10:00,32.11,32.11,32.08,32.09,2400,0
2017-03-20,15:15:00,32.1334,32.1334,32.1,32.1,1100,0
2017-03-20,15:20:00,32,32.04,32,32.04,2035,0
2017-03-20,15:25:00,32,32,32,32,1000,0
2017-03-20,15:35:00,31.91,31.91,31.91,31.91,250,0
2017-03-20,15:55:00,31.614,31.72,31.584,31.72,300,0
2017-03-20,16:10:00,31.74,31.74,31.74,31.74,200,0
2017-03-20,16:20:00,31.79,31.79,31.79,31.79,400,0
2017-03-20,16:35:00,31.9,31.9,31.9,31.9,1000,0
2017-03-20,17:10:00,31.64,31.64,31.63,31.63,300,0
2017-03-20,17:20:00,31.54,31.54,31.54,31.54,100,0
2017-03-20,17:40:00,31.55,31.55,31.55,31.55,300,0
2017-03-20,17:50:00,31.31,31.31,31.31,31.31,100,0
2017-03-20,17:55:00,31.5,31.5,31.4372,31.5,800,0
2017-03-20,18:05:00,31.57,31.57,31.55,31.55,1900,0
2017-03-20,18:10:00,31.63,31.63,31.63,31.63,100,0
2017-03-20,18:20:00,31.7,31.7,31.55,31.55,400,0
2017-03-20,18:25:00,31.58,31.58,31.58,31.58,104,0
2017-03-20,18:30:00,31.64,31.71,31.64,31.71,1800,0
2017-03-20,18:35:00,31.7,31.78,31.7,31.77,2900,0
2017-03-20,18:55:00,31.67,31.68,31.67,31.68,800,0
2017-03-20,19:00:00,31.68,31.68,31.68,31.68,100,0
2017-03-20,19:30:00,31.25,31.25,31.25,31.25,1000,0
2017-03-20,19:40:00,31.2,31.2,31.2,31.2,326,0
2017-03-20,19:45:00,31.1,31.1,31.1,31.1,6100,0
2017-03-20,19:50:00,31.1,31.11,30.94,31.11,1050,0
2017-03-20,20:10:00,30.8,30.8,30.8,30.8,3088,0
2017-03-20,20:25:00,30.8,30.8,30.8,30.8,500,0
2017-03-20,20:30:00,30.86,30.86,30.79,30.79,780,0
2017-03-20,20:35:00,30.87,30.87,30.87,30.87,800,0
2017-03-20,20:45:00,30.7388,30.7388,30.7388,30.7388,255,0
2017-03-20,20:50:00,30.71,30.71,30.69,30.69,900,0
2017-03-20,21:00:00,30.68,30.68,30.65,30.65,1400,0
2017-03-21,14:35:00,30,30,29.94,29.94,4300,0
2017-03-21,14:40:00,30.07,30.07,30.07,30.07,500,0
2017-03-21,14:45:00,30.0664,30.0826,30.0664,30.0826,650,0
2017-03-21,14:50:00,30.2336,30.28,30.2336,30.28,1030,0
2017-03-21,15:00:00,30.2,30.2,30.2,30.2,100,0
2017-03-21,15:05:00,30.35,30.35,30.35,30.35,300,0
2017-03-21,15:15:00,30.11,30.1338,30.06,30.1338,800,0
2017-03-21,15:20:00,30.1543,30.24,30.1543,30.24,1700,0
2017-03-21,15:40:00,30.1853,30.1853,30.1853,30.1853,750,0
2017-03-21,15:45:00,30.42,30.57,30.42,30.57,1200,0
2017-03-21,16:00:00,30.74,31.11,30.74,31.08,2100,0
2017-03-21,16:05:00,31.12,31.21,31.12,31.21,900,0
2017-03-21,16:10:00,31.1878,31.1878,31.1878,31.1878,100,0
2017-03-21,16:20:00,30.6,30.63,30.5,30.5,2200,0
2017-03-21,16:25:00,30.61,30.62,30.61,30.62,400,0
2017-03-21,16:30:00,30.55,30.55,30.46,30.46,1300,0
2017-03-21,16:35:00,30.6399,30.6399,30.6399,30.6399,100,0
2017-03-21,16:40:00,30.7,30.7,30.53,30.63,650,0
2017-03-21,16:45:00,30.48,30.54,30.45,30.54,1300,0
2017-03-21,16:55:00,30.67,30.67,30.6314,30.6314,1300,0
2017-03-21,17:10:00,30.47,30.56,30.47,30.56,1200,0
2017-03-21,17:25:00,30.45,30.45,30.45,30.45,300,0
2017-03-21,17:50:00,30.25,30.25,30.25,30.25,100,0
2017-03-21,17:55:00,30.3136,30.3136,30.3136,30.3136,250,0
2017-03-21,18:55:00,30.47,30.47,30.47,30.47,172,0
2017-03-21,19:05:00,30.5,30.5,30.4496,30.4496,550,0
2017-03-21,19:10:00,30.378,30.378,30.378,30.378,375,0
2017-03-21,19:15:00,30.2,30.2,30.2,30.2,300,0
2017-03-21,19:20:00,30.01,30.01,30.01,30.01,1000,0
2017-03-21,19:35:00,30.29,30.33,30.29,30.33,200,0
2017-03-21,19:40:00,30.45,30.45,30.45,30.45,100,0
2017-03-21,20:25:00,30.49,30.49,30.4445,30.49,1200,0
2017-03-21,20:50:00,30.34,30.34,30.34,30.34,400,0
2017-03-21,21:00:00,30.32,30.32,30.32,30.32,1500,0
2017-03-22,14:35:00,31.2,31.2,31.0015,31.0015,4700,0
2017-03-22,14:40:00,30.9947,30.9947,30.9947,30.9947,2000,0
2017-03-22,14:45:00,30.9501,31.04,30.9501,31.04,1850,0
2017-03-22,15:20:00,30.7,30.71,30.7,30.7,1500,0
2017-03-22,15:25:00,30.8399,30.8399,30.8399,30.8399,120,0
2017-03-22,15:50:00,30.7,30.7,30.7,30.7,800,0
2017-03-22,16:20:00,30.75,30.75,30.75,30.75,100,0
2017-03-22,16:25:00,30.7478,30.7478,30.7478,30.7478,130,0
2017-03-22,16:35:00,30.96,30.99,30.96,30.99,500,0
2017-03-22,16:50:00,31.04,31.08,31.04,31.08,513,0
2017-03-22,17:45:00,31.1833,31.1833,31.1833,31.1833,302,0
2017-03-22,17:50:00,31.23,31.23,31.23,31.23,100,0
2017-03-22,18:00:00,31.27,31.27,31.27,31.27,300,0
2017-03-22,18:10:00,31.2,31.2,31.2,31.2,100,0
2017-03-22,19:00:00,31.3,31.3,31.3,31.3,1500,0
2017-03-22,19:20:00,31.42,31.6,31.42,31.6,1300,0
2017-03-22,19:30:00,31.55,31.55,31.55,31.55,1000,0
2017-03-22,19:45:00,31.75,31.75,31.7026,31.7026,200,0
2017-03-22,19:50:00,31.6497,31.6497,31.54,31.54,700,0
2017-03-22,19:55:00,31.53,31.53,31.53,31.53,200,0
2017-03-22,20:55:00,31.6984,31.6984,31.6984,31.6984,415,0
2017-03-22,21:00:00,31.54,31.612,31.54,31.612,500,0
2017-03-23,14:45:00,31.4,31.4,31.4,31.4,800,0
2017-03-23,14:55:00,31.44,31.44,31.2918,31.2918,1256,0
2017-03-23,15:05:00,31.1601,31.1601,31.1601,31.1601,300,0
2017-03-23,15:10:00,31.2266,31.2266,31.2266,31.2266,477,0
2017-03-23,15:20:00,31.02,31.02,31.02,31.02,430,0
2017-03-23,15:35:00,31.02,31.02,30.75,30.75,2500,0
2017-03-23,15:45:00,31.66,31.9,31.6047,31.9,4330,0
2017-03-23,15:50:00,31.93,32,31.8057,31.8057,2470,0
2017-03-23,15:55:00,31.52,31.53,31.52,31.53,400,0
2017-03-23,16:00:00,31.39,31.39,31.11,31.22,1820,0
2017-03-23,16:10:00,31,31,31,31,5600,0
2017-03-23,16:15:00,30.8,30.8,30.8,30.8,450,0
2017-03-23,16:25:00,30.92,30.92,30.92,30.92,100,0
2017-03-23,16:30:00,30.8,30.8,30.69,30.69,7900,0
2017-03-23,17:00:00,30.87,30.87,30.87,30.87,300,0
2017-03-23,17:10:00,30.8294,30.8294,30.8294,30.8294,315,0
2017-03-23,17:35:00,30.9,30.94,30.9,30.94,700,0
2017-03-23,17:40:00,30.95,30.96,30.95,30.96,2664,0
2017-03-23,18:10:00,31.1103,31.1103,31.1103,31.1103,100,0
2017-03-23,18:20:00,31,31,31,31,250,0
2017-03-23,19:05:00,30.9,30.9,30.9,30.9,5000,0
2017-03-23,19:25:00,30.6,30.6,30.5,30.5,5500,0
2017-03-23,19:30:00,30.5,30.53,30.5,30.5,8300,0
2017-03-23,19:35:00,30.4,30.54,30.4,30.54,2100,0
2017-03-23,19:50:00,30.54,30.54,30.54,30.54,120,0
2017-03-23,20:00:00,30.5,30.5,30.5,30.5,300,0
2017-03-23,20:15:00,30.495,30.495,30.495,30.495,100,0
2017-03-23,20:35:00,30.4479,30.4688,30.4479,30.4688,450,0
2017-03-24,14:40:00,30.44,30.44,30.44,30.44,100,0
2017-03-24,14:50:00,30.45,30.45,30.45,30.45,200,0
2017-03-24,14:55:00,30.23,30.23,30.23,30.23,400,0
2017-03-24,15:00:00,30.2,30.22,30.11,30.11,750,0
2017-03-24,15:05:00,30.3196,30.3196,30.3196,30.3196,1850,0
2017-03-24,16:10:00,30.0527,30.0527,30.0527,30.0527,100,0
2017-03-24,16:20:00,30.0716,30.0716,30.0716,30.0716,1500,0
2017-03-24,16:40:00,30.3,30.3,30.3,30.3,2100,0
2017-03-24,17:25:00,29.9,29.9,29.9,29.9,200,0
2017-03-24,17:30:00,30.06,30.06,30,30,700,0
2017-03-24,18:20:00,30.2001,30.2001,30.2001,30.2001,1500,0
2017-03-24,18:35:00,30.14,30.14,30.14,30.14,200,0
2017-03-24,18:45:00,30.1,30.1,30.1,30.1,4900,0
2017-03-24,19:10:00,30.155,30.155,30.155,30.155,765,0
2017-03-24,19:15:00,29.98,29.98,29.98,29.98,1500,0
2017-03-24,20:25:00,30.0241,30.0241,30.0241,30.0241,100,0
2017-03-24,20:50:00,30.01,30.01,30,30,500,0
2017-03-24,20:55:00,30.0822,30.0822,30.072,30.072,1900,0
2017-03-24,21:00:00,30.1,30.1,30.1,30.1,2590,0
2017-03-27,15:50:00,29.82,29.94,29.82,29.94,300,0
2017-03-27,16:05:00,30,30,30,30,400,0
2017-03-27,16:20:00,29.9,29.9,29.9,29.9,1100,0
2017-03-27,16:25:00,29.75,29.75,29.75,29.75,120,0
2017-03-27,16:40:00,29.7355,29.7355,29.7355,29.7355,100,0
2017-03-27,18:20:00,30.06,30.06,30.06,30.06,1000,0
2017-03-27,18:35:00,30.1,30.11,30.1,30.11,1800,0
2017-03-27,18:45:00,30.12,30.12,30.12,30.12,200,0
2017-03-27,20:00:00,30.21,30.21,30.21,30.21,400,0
2017-03-27,20:20:00,30.41,30.41,30.41,30.41,300,0
2017-03-27,21:30:00,30.44,30.44,30.44,30.44,100,0
2017-03-27,21:45:00,30.4722,30.4722,30.4722,30.4722,300,0
2017-03-28,15:40:00,30.0661,30.0661,30.0661,30.0661,1000,0
2017-03-28,15:45:00,30.02,30.02,30.02,30.02,13100,0
2017-03-28,15:50:00,30.01,30.01,30.01,30.01,200,0
2017-03-28,15:55:00,30.01,30.048,30.01,30.048,1360,0
2017-03-28,16:05:00,30,30,30,30,500,0
2017-03-28,16:10:00,29.9095,29.9095,29.9095,29.9095,100,0
2017-03-28,16:25:00,30.1206,30.1206,30.07,30.07,1800,0
2017-03-28,16:35:00,30.2,30.2,30.2,30.2,300,0
2017-03-28,17:05:00,30,30,30,30,8705,0
2017-03-28,17:10:00,30,30,30,30,200,0
2017-03-28,17:15:00,29.97,29.97,29.9601,29.97,3000,0
2017-03-28,17:20:00,29.96,29.96,29.96,29.96,100,0
2017-03-28,17:25:00,30.0778,30.1602,30.07,30.1602,300,0
2017-03-28,17:50:00,30.26,30.34,30.26,30.34,1200,0
2017-03-28,17:55:00,30.19,30.28,30.18,30.28,1600,0
2017-03-28,18:50:00,29.71,29.71,29.71,29.71,300,0
2017-03-28,19:15:00,29.57,29.57,29.57,29.57,600,0
2017-03-28,19:45:00,29.5,29.5,29.5,29.5,1200,0
2017-03-28,20:05:00,29.5,29.5,29.5,29.5,700,0
2017-03-28,20:10:00,29.5,29.5,29.5,29.5,400,0
2017-03-28,20:20:00,29.4,29.4,29.4,29.4,4000,0
2017-03-28,20:45:00,29.42,29.42,29.42,29.42,100,0
2017-03-28,21:00:00,29.58,29.58,29.58,29.58,200,0
2017-03-29,15:35:00,28.7,28.7,28.632,28.632,200,0
2017-03-29,15:40:00,28.55,28.74,28.55,28.74,800,0
2017-03-29,15:45:00,28.6429,28.6727,28.63,28.652,1000,0
2017-03-29,15:55:00,28.78,28.78,28.78,28.78,200,0
2017-03-29,16:05:00,28.62,28.62,28.62,28.62,300,0
2017-03-29,16:20:00,28.56,28.56,28.56,28.56,100,0
2017-03-29,16:25:00,28.6477,28.6477,28.6477,28.6477,300,0
2017-03-29,16:30:00,28.5,28.55,28.5,28.55,700,0
2017-03-29,16:40:00,28.548,28.548,28.548,28.548,1500,0
2017-03-29,17:05:00,28.86,28.86,28.86,28.86,1000,0
2017-03-29,17:15:00,28.7969,28.8311,28.7969,28.8,480,0
2017-03-29,17:20:00,28.68,28.68,28.68,28.68,100,0
2017-03-29,17:40:00,28.64,28.64,28.64,28.64,150,0
2017-03-29,17:55:00,28.6604,28.6604,28.5774,28.626,865,0
2017-03-29,18:35:00,28.35,28.35,28.35,28.35,500,0
2017-03-29,19:00:00,28.36,28.36,28.36,28.36,400,0
2017-03-29,19:20:00,28.35,28.35,28.35,28.35,320,0
2017-03-29,19:35:00,28.13,28.1722,28.121,28.13,900,0
2017-03-29,19:40:00,28.17,28.17,28.17,28.17,500,0
2017-03-29,19:45:00,28.28,28.28,28.28,28.28,500,0
2017-03-29,20:10:00,28.2327,28.2327,28.2327,28.2327,290,0
2017-03-29,20:20:00,28.2767,28.2767,28.2767,28.2767,1000,0
2017-03-29,20:40:00,28.8142,28.8142,28.8142,28.8142,100,0
2017-03-29,21:00:00,28.8,28.8,28.8,28.8,200,0
2017-03-29,21:20:00,28.66,28.703,28.66,28.703,4100,0
2017-03-29,21:25:00,28.674,28.674,28.674,28.674,1000,0
2017-03-29,21:30:00,28.63,28.8,28.621,28.63,2600,0
2017-03-29,21:35:00,28.66,28.6601,28.66,28.6601,5000,0
2017-03-29,22:00:00,28.75,28.78,28.75,28.78,1100,0
2017-03-30,16:30:00,29.29,29.29,29.29,29.29,550,0
2017-03-30,16:35:00,29.35,29.5,29.1,29.1,5700,0
2017-03-30,16:45:00,28.62,28.62,28.62,28.62,900,0
2017-03-30,17:05:00,28.6964,28.6964,28.6964,28.6964,100,0
2017-03-30,18:25:00,28.93,29.1,28.93,29.1,700,0
2017-03-30,18:45:00,29.1,29.1,29.09,29.1,1100,0
2017-03-30,19:05:00,29.3,29.3,29.3,29.3,400,0
2017-03-30,20:30:00,29.4199,29.4199,29.2303,29.2303,1187,0
2017-03-30,20:40:00,29.27,29.27,29.27,29.27,100,0
2017-03-30,21:10:00,29.2604,29.2604,29.2604,29.2604,300,0
2017-03-30,21:50:00,29.1754,29.1754,29.1754,29.1754,200,0
2017-03-30,22:00:00,29.2,29.2,29.2,29.2,100,0
2017-03-31,15:35:00,28.5373,28.5373,28.5373,28.5373,100,0
2017-03-31,16:10:00,28.68,28.68,28.68,28.68,100,0
2017-03-31,16:55:00,28.79,28.79,28.79,28.79,100,0
2017-03-31,17:05:00,28.86,29.08,28.86,29.08,2900,0
2017-03-31,17:10:00,28.94,28.94,28.94,28.94,100,0
2017-03-31,17:20:00,29.1,29.1,29.1,29.1,143,0
2017-03-31,17:30:00,29.11,29.11,29.11,29.11,300,0
2017-03-31,18:10:00,29.28,29.28,29.28,29.28,362,0
2017-03-31,18:35:00,29.26,29.26,29.26,29.26,100,0
2017-03-31,18:40:00,29.2,29.2,29.2,29.2,100,0
2017-03-31,20:15:00,29.41,29.41,29.41,29.41,300,0
2017-03-31,21:35:00,29.22,29.22,29.22,29.22,200,0
2017-03-31,21:45:00,29.25,29.25,29.25,29.25,200,0
2017-04-03,15:35:00,30.03,30.03,30.03,30.03,100,0
2017-04-03,15:40:00,30.0342,30.0342,30.0342,30.0342,1700,0
2017-04-03,15:50:00,29.9,29.9,29.9,29.9,700,0
2017-04-03,15:55:00,30.06,30.06,30.06,30.06,200,0
2017-04-03,16:45:00,29.86,29.86,29.86,29.86,100,0
2017-04-03,18:15:00,29.93,29.93,29.93,29.93,100,0
2017-04-03,19:50:00,30.12,30.12,30.12,30.12,100,0
2017-04-03,20:20:00,30.2947,30.2947,30.2947,30.2947,824,0
2017-04-03,20:25:00,30.24,30.24,30.24,30.24,100,0
2017-04-03,20:30:00,30.24,30.29,30.24,30.29,1100,0
2017-04-03,20:40:00,30.0761,30.0761,30.0761,30.0761,824,0
2017-04-03,20:45:00,30.1098,30.1098,30.08,30.08,320,0
2017-04-03,21:05:00,30.13,30.15,30.13,30.15,1500,0
2017-04-03,21:10:00,30.1948,30.1948,30.1948,30.1948,100,0
2017-04-03,21:50:00,30.24,30.24,30.24,30.24,300,0
2017-04-03,21:55:00,30.24,30.24,30.24,30.24,1000,0
2017-04-03,22:00:00,30.272,30.272,30.1853,30.1853,600,0
2017-04-04,15:40:00,29.15,29.15,28.69,28.72,4800,0
2017-04-04,15:45:00,28.64,28.65,28.6,28.65,3200,0
2017-04-04,15:50:00,28.53,28.53,28.5,28.5,500,0
2017-04-04,15:55:00,28.4075,28.4075,28.32,28.32,1100,0
2017-04-04,16:00:00,28,28.2144,27.98,28.2144,4150,0
2017-04-04,16:05:00,28.28,28.28,28.28,28.28,100,0
2017-04-04,16:10:00,28.24,28.24,28.24,28.24,1000,0
2017-04-04,16:15:00,28.1,28.17,28.06,28.15,4400,0
2017-04-04,16:20:00,28.08,28.08,28.08,28.08,100,0
2017-04-04,16:25:00,28.3,28.3,28.2198,28.2198,450,0
2017-04-04,16:30:00,28.32,28.33,28.32,28.33,650,0
2017-04-04,16:55:00,28,28,28,28,100,0
2017-04-04,17:00:00,28.0393,28.0393,28.0393,28.0393,200,0
2017-04-04,17:05:00,27.95,27.95,27.95,27.95,1058,0
2017-04-04,17:15:00,27.8383,27.8383,27.8383,27.8383,100,0
2017-04-04,17:25:00,27.864,27.92,27.864,27.92,1100,0
2017-04-04,17:30:00,27.68,27.75,27.68,27.75,220,0
2017-04-04,17:35:00,27.7,27.7,27.7,27.7,300,0
2017-04-04,17:40:00,27.8,27.8,27.8,27.8,3000,0
2017-04-04,17:50:00,27.81,27.81,27.81,27.81,100,0
2017-04-04,18:45:00,27.81,27.81,27.81,27.81,250,0
2017-04-04,19:05:00,27.82,27.82,27.78,27.79,700,0
2017-04-04,19:10:00,27.8,27.8,27.8,27.8,400,0
2017-04-04,19:15:00,27.8,27.8,27.8,27.8,1500,0
2017-04-04,19:25:00,27.8074,27.8074,27.69,27.69,800,0
2017-04-04,19:30:00,27.76,27.76,27.7,27.7,1100,0
2017-04-04,19:35:00,27.75,27.75,27.75,27.75,100,0
2017-04-04,19:55:00,27.6,27.6,27.58,27.58,3000,0
2017-04-04,20:05:00,27.75,27.75,27.75,27.75,100,0
2017-04-04,20:10:00,27.58,27.58,27.58,27.58,940,0
2017-04-04,20:15:00,27.57,27.57,27.57,27.57,100,0
2017-04-04,20:20:00,27.5,27.5,27.5,27.5,500,0
2017-04-04,20:25:00,27.5,27.5,27.5,27.5,100,0
2017-04-04,20:30:00,27.44,27.44,27.061,27.061,3800,0
2017-04-04,20:35:00,27.4524,27.4524,27.355,27.355,200,0
2017-04-04,20:40:00,27.3478,27.3478,27.3478,27.3478,100,0
2017-04-04,20:45:00,27.3626,27.3626,27.3626,27.3626,300,0
2017-04-04,20:50:00,27.3529,27.3529,27.3529,27.3529,154,0
2017-04-04,20:55:00,27.355,27.355,27.355,27.355,149,0
2017-04-04,21:30:00,27.42,27.42,27.3974,27.4193,1600,0
2017-04-04,21:35:00,27.379,27.379,27.379,27.379,300,0
2017-04-04,21:45:00,27.404,27.404,27.404,27.404,100,0
2017-04-04,21:55:00,27.43,27.43,27.35,27.38,700,0
2017-04-04,22:00:00,27.399,27.44,27.399,27.4022,1220,0
2017-04-05,15:35:00,26.63,26.9,26.63,26.9,7650,0
2017-04-05,15:45:00,26.6401,26.741,26.6401,26.741,530,0
2017-04-05,15:50:00,26.6981,26.6981,26.6981,26.6981,400,0
2017-04-05,16:00:00,26.8364,26.8364,26.8364,26.8364,860,0
2017-04-05,16:05:00,27.21,27.21,27.21,27.21,400,0
2017-04-05,16:50:00,26.9,26.9,26.9,26.9,1500,0
2017-04-05,16:55:00,27.06,27.06,27.06,27.06,1100,0
2017-04-05,17:00:00,26.9,26.9,26.9,26.9,1100,0
2017-04-05,17:20:00,26.85,26.95,26.85,26.95,700,0
2017-04-05,17:30:00,27.05,27.05,27.05,27.05,300,0
2017-04-05,17:35:00,27.08,27.08,27.08,27.08,1000,0
2017-04-05,18:00:00,27.27,27.27,27.27,27.27,300,0
2017-04-05,18:10:00,27.3015,27.3015,27.3015,27.3015,1000,0
2017-04-05,18:15:00,27.36,27.36,27.36,27.36,100,0
2017-04-05,18:30:00,27.3339,27.3339,27.28,27.28,200,0
2017-04-05,18:50:00,27.45,27.69,27.45,27.69,2100,0
2017-04-05,18:55:00,27.68,27.6986,27.68,27.6986,300,0
2017-04-05,19:00:00,27.66,27.66,27.55,27.55,1600,0
2017-04-05,19:40:00,27.4989,27.4989,27.4989,27.4989,100,0
2017-04-05,20:15:00,27.53,27.53,27.53,27.53,100,0
2017-04-05,21:05:00,27.78,27.78,27.78,27.78,100,0
2017-04-05,21:10:00,27.8,27.8,27.8,27.8,1300,0
2017-04-05,21:25:00,27.72,27.72,27.72,27.72,400,0
2017-04-05,21:30:00,27.7,27.7,27.7,27.7,100,0
2017-04-05,21:45:00,27.695,27.7,27.61,27.61,1500,0
2017-04-06,15:40:00,27.404,27.404,27.404,27.404,500,0
2017-04-06,15:45:00,27.324,27.324,27.324,27.324,500,0
2017-04-06,15:50:00,27.1,27.1,27.1,27.1,1800,0
2017-04-06,15:55:00,27.2992,27.2992,27.2992,27.2992,1097,0
2017-04-06,16:20:00,27.3,27.36,27.3,27.3,6000,0
2017-04-06,16:25:00,27.28,27.28,27.12,27.12,11280,0
2017-04-06,16:30:00,27.18,27.18,27.15,27.15,6300,0
2017-04-06,16:35:00,26.8,26.89,26.5688,26.8,5547,0
2017-04-06,16:40:00,26.8,26.8,26.7238,26.78,2600,0
2017-04-06,16:45:00,26.7565,26.96,26.7565,26.96,2300,0
2017-04-06,17:05:00,26.5,26.64,26.5,26.64,200,0
2017-04-06,17:10:00,26.6134,26.6134,26.58,26.58,1100,0
2017-04-06,17:15:00,26.56,26.56,26.4714,26.54,1900,0
2017-04-06,17:50:00,26.82,26.82,26.82,26.82,200,0
2017-04-06,17:55:00,26.88,26.95,26.88,26.95,900,0
2017-04-06,18:00:00,26.99,26.99,26.99,26.99,1400,0
2017-04-06,18:25:00,26.99,26.99,26.99,26.99,2600,0
2017-04-06,18:30:00,27.15,27.15,27.15,27.15,1000,0
2017-04-06,18:40:00,27.04,27.04,27.04,27.04,100,0
2017-04-06,19:15:00,26.8732,26.9,26.8731,26.9,2000,0
2017-04-06,19:35:00,26.8482,26.8482,26.8482,26.8482,100,0
2017-04-06,19:40:00,26.8331,26.8599,26.8232,26.8332,1800,0
2017-04-06,19:50:00,26.6601,26.6601,26.6601,26.6601,220,0
2017-04-06,19:55:00,26.65,26.65,26.5999,26.5999,3000,0
2017-04-06,20:10:00,26.65,26.65,26.55,26.55,6600,0
2017-04-06,20:15:00,26.5572,26.56,26.5572,26.56,2000,0
2017-04-06,20:20:00,26.5,26.5,26.5,26.5,1900,0
2017-04-06,20:40:00,26.79,26.79,26.79,26.79,100,0
2017-04-06,21:00:00,26.74,26.74,26.74,26.74,100,0
2017-04-06,21:15:00,26.8,26.8,26.8,26.8,4000,0
2017-04-07,15:35:00,27.084,27.084,27.084,27.084,500,0
2017-04-07,15:50:00,27.19,27.29,27.19,27.28,1800,0
2017-04-07,16:35:00,27.42,27.42,27.42,27.42,200,0
2017-04-07,16:45:00,27.476,27.476,27.476,27.476,950,0
2017-04-07,16:50:00,27.48,27.48,27.48,27.48,100,0
2017-04-07,17:00:00,27.4726,27.4726,27.4726,27.4726,500,0
2017-04-07,17:15:00,27.5,27.64,27.5,27.64,3100,0
2017-04-07,17:25:00,27.6999,27.6999,27.56,27.56,1683,0
2017-04-07,17:35:00,27.64,27.64,27.64,27.64,100,0
2017-04-07,19:40:00,27.58,27.58,27.58,27.58,450,0
2017-04-07,20:15:00,27.7,27.7,27.66,27.66,4700,0
2017-04-07,20:45:00,27.5431,27.5431,27.5431,27.5431,100,0
2017-04-07,20:50:00,27.6599,27.66,27.6324,27.66,1600,0
2017-04-07,21:30:00,27.67,27.67,27.67,27.67,500,0
2017-04-07,21:55:00,27.74,27.74,27.6985,27.7399,2000,0
2017-04-10,15:35:00,28,28,27.94,27.952,6990,0
2017-04-10,15:40:00,28,28,27.9312,27.958,500,0
2017-04-10,15:45:00,27.8573,27.8573,27.8573,27.8573,100,0
2017-04-10,15:50:00,27.891,27.8911,27.891,27.8911,1000,0
2017-04-10,15:55:00,28,28,28,28,600,0
2017-04-10,16:00:00,28,28,28,28,327,0
2017-04-10,16:10:00,27.99,27.99,27.82,27.82,500,0
2017-04-10,16:15:00,27.75,27.7853,27.7,27.7853,2300,0
2017-04-10,16:50:00,27.79,27.79,27.79,27.79,200,0
2017-04-10,16:55:00,27.8122,27.8399,27.8122,27.8399,1000,0
2017-04-10,17:40:00,27.76,27.76,27.76,27.76,100,0
2017-04-10,18:10:00,27.92,27.92,27.92,27.92,500,0
2017-04-10,18:15:00,28,28,28,28,2000,0
2017-04-10,19:15:00,28.1,28.1,28.1,28.1,1200,0
2017-04-10,19:25:00,28.0649,28.0649,28.0649,28.0649,500,0
2017-04-10,19:30:00,28,28,28,28,200,0
2017-04-10,19:50:00,28.1,28.16,28.1,28.16,3000,0
2017-04-10,20:10:00,27.97,28.02,27.79,27.79,3500,0
2017-04-10,21:00:00,28.0265,28.0265,28.0265,28.0265,200,0
2017-04-10,21:30:00,27.96,27.96,27.96,27.96,900,0
2017-04-10,21:45:00,28,28,28,28,150,0
2017-04-10,21:50:00,27.956,27.956,27.956,27.956,950,0
2017-04-10,21:55:00,27.9796,27.9796,27.9796,27.9796,100,0
2017-04-10,22:00:00,27.9419,27.9419,27.9419,27.9419,852,0
2017-04-11,15:35:00,29,29,29,29,1000,0
2017-04-11,15:40:00,28.95,28.99,28.9104,28.9104,2589,0
2017-04-11,15:50:00,28.8,28.8,28.72,28.72,915,0
2017-04-11,15:55:00,28.95,29.12,28.95,29.12,1958,0
2017-04-11,16:00:00,29.17,29.17,29.16,29.17,990,0
2017-04-11,16:10:00,29.1091,29.1091,29.1091,29.1091,100,0
2017-04-11,16:35:00,29.335,29.34,29.335,29.34,288,0
2017-04-11,16:40:00,29.25,29.25,29.205,29.205,450,0
2017-04-11,16:55:00,29.22,29.22,29.19,29.19,334,0
2017-04-11,17:00:00,29.2297,29.2297,29.16,29.16,460,0
2017-04-11,17:20:00,29.1923,29.2,29.1923,29.2,2000,0
2017-04-11,17:55:00,29.4,29.4,29.4,29.4,200,0
2017-04-11,18:05:00,29.45,29.45,29.45,29.45,1400,0
2017-04-11,18:15:00,29.5589,29.5589,29.5,29.5,300,0
2017-04-11,18:30:00,29.2302,29.2302,29.2302,29.2302,500,0
2017-04-11,18:35:00,29.25,29.25,29.25,29.25,100,0
2017-04-11,18:50:00,29.28,29.2924,29.28,29.2924,2163,0
2017-04-11,19:10:00,29.3,29.3,29.3,29.3,400,0
2017-04-11,19:15:00,29.3,29.42,29.3,29.42,6200,0
2017-04-11,19:50:00,29.5,29.5,29.5,29.5,100,0
2017-04-11,20:05:00,29.58,29.58,29.58,29.58,650,0
2017-04-11,20:20:00,29.4652,29.4652,29.4652,29.4652,100,0
2017-04-11,20:25:00,29.58,29.58,29.58,29.58,100,0
2017-04-11,20:40:00,29.32,29.32,29.32,29.32,100,0
2017-04-11,21:40:00,29.18,29.18,29.18,29.18,2800,0
2017-04-11,21:45:00,29.17,29.1747,29.17,29.1747,1106,0
2017-04-11,21:55:00,29.1312,29.1312,29.1312,29.1312,100,0
2017-04-11,22:00:00,29.121,29.22,29.12,29.22,5683,0
2017-04-12,15:45:00,29.0566,29.1,29.0566,29.1,1100,0
2017-04-12,16:00:00,29.18,29.2,29.18,29.2,2900,0
2017-04-12,16:25:00,28.96,28.96,28.96,28.96,100,0
2017-04-12,16:45:00,28.73,28.73,28.73,28.73,200,0
2017-04-12,16:50:00,28.66,28.77,28.66,28.77,1650,0
2017-04-12,17:05:00,28.83,28.83,28.83,28.83,200,0
2017-04-12,19:15:00,28.75,28.75,28.75,28.75,500,0
2017-04-12,20:40:00,28.8,28.8,28.8,28.8,980,0
2017-04-12,20:55:00,28.78,28.78,28.78,28.78,980,0
2017-04-13,15:35:00,28.26,28.26,28.2378,28.2378,650,0
2017-04-13,15:55:00,28.45,28.5005,28.45,28.5005,500,0
2017-04-13,16:25:00,28.32,28.32,28.32,28.32,1000,0
2017-04-13,16:30:00,28.08,28.08,27.96,27.96,1283,0
2017-04-13,17:00:00,28.35,28.35,28.35,28.35,100,0
2017-04-13,17:25:00,28.77,28.78,28.77,28.78,1200,0
2017-04-13,17:35:00,28.75,28.75,28.75,28.75,100,0
2017-04-13,17:40:00,28.75,28.76,28.75,28.76,600,0
2017-04-13,17:55:00,28.83,28.83,28.83,28.83,150,0
2017-04-13,18:30:00,28.73,28.73,28.73,28.73,100,0
2017-04-13,18:55:00,28.6564,28.6564,28.6564,28.6564,140,0
2017-04-13,19:05:00,28.5498,28.5498,28.5498,28.5498,100,0
2017-04-13,19:20:00,28.3,28.3,28.3,28.3,1000,0
2017-04-13,19:25:00,28.27,28.27,28.27,28.27,100,0
2017-04-13,20:20:00,28.25,28.2783,28.23,28.23,9800,0
2017-04-13,20:50:00,28.05,28.05,28.05,28.05,200,0
2017-04-13,21:20:00,28.1,28.1,28.1,28.1,1000,0
2017-04-13,21:25:00,28.0935,28.0935,28.0935,28.0935,200,0
2017-04-13,21:40:00,27.96,28.0181,27.96,28.0181,600,0
2017-04-13,21:55:00,28.05,28.05,28.05,28.05,100,0
2017-04-17,15:45:00,28.7,28.7,28.68,28.68,4200,0
2017-04-17,15:50:00,28.6135,28.6135,28.6,28.6,6000,0
2017-04-17,15:55:00,28.5201,28.6,28.5201,28.6,5100,0
2017-04-17,16:05:00,28.21,28.21,28.21,28.21,200,0
2017-04-17,16:10:00,27.9183,28.02,27.9183,28.02,3505,0
2017-04-17,16:25:00,27.9712,28,27.9712,28,900,0
2017-04-17,16:45:00,28.14,28.14,28.14,28.14,2000,0
2017-04-17,18:25:00,28.422,28.422,28.422,28.422,190,0
2017-04-17,18:45:00,28.4,28.4,28.4,28.4,277,0
2017-04-17,18:55:00,28.4197,28.4197,28.4197,28.4197,300,0
2017-04-17,19:30:00,28.4,28.4,28.4,28.4,100,0
2017-04-17,19:40:00,28.62,28.62,28.56,28.62,1100,0
2017-04-17,20:00:00,28.7,28.7,28.7,28.7,100,0
2017-04-17,21:50:00,28.935,28.935,28.935,28.935,100,0
2017-04-17,22:00:00,28.7835,28.7835,28.7835,28.7835,150,0
2017-04-18,15:35:00,29,29.2,29,29.1,6200,0
2017-04-18,15:40:00,29.07,29.07,29.07,29.07,300,0
2017-04-18,16:05:00,28.72,28.72,28.6053,28.6053,700,0
2017-04-18,16:15:00,28.86,28.86,28.86,28.86,100,0
2017-04-18,16:25:00,29,29,29,29,400,0
2017-04-18,16:30:00,28.9599,28.9599,28.9599,28.9599,400,0
2017-04-18,16:55:00,28.9912,28.9912,28.98,28.98,890,0
2017-04-18,17:05:00,29.1,29.1,29.1,29.1,450,0
2017-04-18,17:10:00,28.99,28.99,28.99,28.99,450,0
2017-04-18,21:55:00,29.11,29.11,29.11,29.11,200,0
2017-04-19,16:15:00,28.24,28.24,27.9088,27.9088,1390,0
2017-04-19,16:30:00,28.1,28.1,28.1,28.1,120,0
2017-04-19,17:50:00,28.22,28.22,28.22,28.22,1000,0
2017-04-19,18:00:00,28.09,28.09,28.09,28.09,400,0
2017-04-19,18:40:00,28.1118,28.1118,28.1118,28.1118,400,0
2017-04-19,19:30:00,28,28,28,28,100,0
2017-04-19,20:50:00,28.3501,28.3501,28.3501,28.3501,100,0
2017-04-19,21:55:00,28.4716,28.4716,28.4716,28.4716,200,0
2017-04-19,22:00:00,28.3601,28.3601,28.3601,28.3601,500,0
2017-04-20,15:40:00,28.32,28.32,28.32,28.32,1000,0
2017-04-20,15:45:00,28.3644,28.442,28.3644,28.442,200,0
2017-04-20,15:50:00,28.35,28.35,28.35,28.35,200,0
2017-04-20,16:25:00,28.9098,28.9358,28.9098,28.9358,300,0
2017-04-20,16:30:00,28.7197,28.7197,28.7197,28.7197,100,0
2017-04-20,16:35:00,28.96,28.96,28.96,28.96,300,0
2017-04-20,16:40:00,28.72,28.72,28.72,28.72,100,0
2017-04-20,16:45:00,29,29.162,29,29.162,2350,0
2017-04-20,16:55:00,28.9572,28.9572,28.9572,28.9572,400,0
2017-04-20,17:05:00,28.9799,28.9799,28.9799,28.9799,130,0
2017-04-20,17:30:00,28.9089,28.9089,28.9089,28.9089,200,0
2017-04-20,17:35:00,28.88,28.88,28.88,28.88,250,0
2017-04-20,18:10:00,28.91,28.91,28.91,28.91,400,0
2017-04-20,18:15:00,29,29,29,29,1890,0
2017-04-20,18:55:00,29.01,29.01,29.01,29.01,120,0
2017-04-20,19:20:00,29.14,29.14,29.04,29.04,300,0
2017-04-20,19:30:00,29.15,29.15,29.15,29.15,3848,0
2017-04-20,19:35:00,29.1957,29.1957,29.1885,29.1885,800,0
2017-04-20,20:30:00,28.8924,28.8924,28.7561,28.7561,600,0
2017-04-20,21:40:00,28.7163,28.7163,28.7163,28.7163,100,0
2017-04-21,15:35:00,28.76,28.76,28.76,28.76,100,0
2017-04-21,16:10:00,28.87,28.87,28.7,28.7,866,0
2017-04-21,18:05:00,29,29,29,29,500,0
2017-04-21,18:20:00,29.12,29.58,29.12,29.58,15402,0
2017-04-21,18:25:00,29.68,30.158,29.68,29.9582,3850,0
2017-04-21,18:30:00,29.71,29.7376,29.71,29.71,1325,0
2017-04-21,18:45:00,29.78,29.8,29.78,29.8,200,0
2017-04-21,18:50:00,29.8,29.8,29.8,29.8,400,0
2017-04-21,18:55:00,29.8792,29.8842,29.8792,29.882,880,0
2017-04-21,19:00:00,29.8782,29.8782,29.8782,29.8782,600,0
2017-04-21,19:15:00,29.6,29.6,29.5966,29.5966,400,0
2017-04-21,19:30:00,29.67,29.67,29.67,29.67,1000,0
2017-04-21,19:40:00,29.6601,29.6601,29.6601,29.6601,200,0
2017-04-21,19:45:00,29.52,29.52,29.52,29.52,100,0
2017-04-21,19:50:00,29.6298,29.6298,29.6298,29.6298,120,0
2017-04-21,20:15:00,29.7,29.7,29.7,29.7,300,0
2017-04-21,21:00:00,29.8303,29.8303,29.8303,29.8303,2000,0
2017-04-21,21:20:00,29.72,29.7786,29.72,29.7786,400,0
2017-04-21,21:55:00,29.7668,29.7668,29.68,29.68,880,0
2017-04-24,15:35:00,30.32,30.32,30.32,30.32,7910,0
2017-04-24,15:45:00,30.5,30.68,30.5,30.68,1166,0
2017-04-24,15:55:00,30.7,30.7,30.7,30.7,400,0
2017-04-24,16:00:00,30.764,30.84,30.764,30.84,1000,0
2017-04-24,16:05:00,30.76,30.85,30.76,30.76,900,0
2017-04-24,16:15:00,30.7,30.7,30.7,30.7,100,0
2017-04-24,16:25:00,30.6321,30.6321,30.57,30.57,200,0
2017-04-24,16:30:00,30.55,30.55,30.55,30.55,4500,0
2017-04-24,16:40:00,30.6621,30.6621,30.6621,30.6621,1300,0
2017-04-24,16:50:00,30.999,30.999,30.999,30.999,1000,0
2017-04-24,17:05:00,30.64,30.64,30.64,30.64,100,0
2017-04-24,17:10:00,30.5,30.5,30.2416,30.2416,1500,0
2017-04-24,17:20:00,30.3665,30.3665,30.3665,30.3665,200,0
2017-04-24,17:45:00,30.23,30.31,30.22,30.22,1400,0
2017-04-24,17:50:00,30.1,30.14,30.08,30.12,1400,0
2017-04-24,17:55:00,30.14,30.16,30.14,30.16,850,0
2017-04-24,18:00:00,30.2,30.24,30.2,30.24,800,0
2017-04-24,18:05:00,30.31,30.31,30.31,30.31,100,0
2017-04-24,18:10:00,30,30.01,29.98,29.98,2400,0
2017-04-24,18:15:00,29.98,30.02,29.9,29.9,600,0
2017-04-24,18:20:00,29.88,29.89,29.78,29.78,6000,0
2017-04-24,18:25:00,29.85,29.8979,29.85,29.8979,1600,0
2017-04-24,18:30:00,29.88,29.88,29.8001,29.8001,287,0
2017-04-24,18:40:00,29.82,29.82,29.82,29.82,100,0
2017-04-24,19:00:00,30.08,30.08,30.08,30.08,4400,0
2017-04-24,19:05:00,30.104,30.104,30.104,30.104,110,0
2017-04-24,19:10:00,30.0784,30.0784,30.0784,30.0784,100,0
2017-04-24,19:25:00,30.1061,30.1061,30.1061,30.1061,100,0
2017-04-24,20:00:00,30.1748,30.1748,30.1748,30.1748,140,0
2017-04-24,20:30:00,30.26,30.3,30.26,30.3,200,0
2017-04-24,20:55:00,30.46,30.46,30.46,30.46,200,0
2017-04-24,21:10:00,30.36,30.36,30.36,30.36,700,0
2017-04-24,21:15:00,30.34,30.34,30.34,30.34,700,0
2017-04-24,21:30:00,30.3462,30.3462,30.3462,30.3462,250,0
2017-04-24,21:45:00,30.4,30.4,30.35,30.35,200,0
2017-04-24,21:55:00,30.3203,30.3203,30.3203,30.3203,170,0
2017-04-25,15:35:00,30.5,30.5,30.5,30.5,5510,0
2017-04-25,15:45:00,30.4608,30.483,30.43,30.4809,1400,0
2017-04-25,15:50:00,30.5416,30.5416,30.5416,30.5416,600,0
2017-04-25,15:55:00,30.5743,30.64,30.5743,30.64,200,0
2017-04-25,16:20:00,30.6392,30.6582,30.6392,30.6582,492,0
2017-04-25,16:30:00,30.645,30.645,30.645,30.645,1000,0
2017-04-25,16:35:00,30.64,30.64,30.64,30.64,300,0
2017-04-25,16:40:00,30.5522,30.5522,30.5522,30.5522,100,0
2017-04-25,16:50:00,30.68,30.68,30.68,30.68,1000,0
2017-04-25,17:05:00,30.86,30.86,30.8,30.8,2900,0
2017-04-25,17:15:00,30.871,30.871,30.871,30.871,200,0
2017-04-25,17:20:00,30.8397,30.8397,30.8397,30.8397,100,0
2017-04-25,17:35:00,30.94,30.94,30.94,30.94,100,0
2017-04-25,17:40:00,30.94,30.94,30.94,30.94,100,0
2017-04-25,17:50:00,30.93,30.94,30.93,30.93,500,0
2017-04-25,17:55:00,30.86,30.86,30.86,30.86,162,0
2017-04-25,18:00:00,30.8348,30.8348,30.8348,30.8348,200,0
2017-04-25,18:15:00,30.7597,30.7597,30.7597,30.7597,100,0
2017-04-25,18:20:00,30.7,30.75,30.7,30.75,250,0
2017-04-25,19:10:00,30.67,30.68,30.67,30.68,300,0
2017-04-25,19:45:00,30.64,30.64,30.64,30.64,400,0
2017-04-25,20:00:00,30.5458,30.5458,30.5,30.5,400,0
2017-04-25,20:15:00,30.6468,30.6468,30.6468,30.6468,300,0
2017-04-25,20:20:00,30.5,30.5,30.5,30.5,200,0
2017-04-25,20:25:00,30.4,30.4,30.4,30.4,1100,0
2017-04-25,20:30:00,30.32,30.3288,30.2,30.3288,12495,0
2017-04-25,20:35:00,30.44,30.44,30.44,30.44,120,0
2017-04-25,21:40:00,30.0751,30.0951,30.03,30.03,3150,0
2017-04-25,22:00:00,30.02,30.02,30.02,30.02,400,0
2017-04-26,15:35:00,29.05,29.05,28.9,28.9,1501,0
2017-04-26,15:50:00,28.85,28.85,28.85,28.85,120,0
2017-04-26,16:15:00,28.9588,29.0782,28.9588,29.0782,700,0
2017-04-26,16:20:00,29.058,29.058,29.058,29.058,300,0
2017-04-26,16:25:00,28.8919,28.8919,28.798,28.798,800,0
2017-04-26,16:45:00,28.83,28.8758,28.83,28.8758,750,0
2017-04-26,16:50:00,28.8259,28.88,28.8259,28.88,200,0
2017-04-26,17:05:00,28.58,28.58,28.529,28.529,300,0
2017-04-26,17:15:00,28.56,28.56,28.56,28.56,100,0
2017-04-26,17:25:00,28.55,28.55,28.55,28.55,1400,0
2017-04-26,17:30:00,28.48,28.5,28.48,28.5,350,0
2017-04-26,17:45:00,28.7,28.7,28.7,28.7,300,0
2017-04-26,17:50:00,28.75,28.75,28.6,28.6,4100,0
2017-04-26,19:15:00,28.58,28.58,28.58,28.58,200,0
2017-04-26,19:30:00,28.44,28.44,28.44,28.44,200,0
2017-04-26,19:35:00,28.49,28.49,28.49,28.49,480,0
2017-04-26,19:45:00,28.32,28.32,28.32,28.32,1000,0
2017-04-26,19:55:00,28.43,28.43,28.43,28.43,500,0
2017-04-26,20:20:00,28.32,28.32,28.28,28.28,300,0
2017-04-26,20:30:00,28.33,28.33,28.33,28.33,1800,0
2017-04-26,20:35:00,28.5,28.6,28.5,28.5994,5432,0
2017-04-26,21:55:00,28.4088,28.4088,28.4088,28.4088,145,0
2017-04-26,22:00:00,28.43,28.43,28.43,28.43,100,0
