Date,Time,Open,High,Low,Close,Volume,OpenInt
2016-11-10,16:30:00,24.872,24.872,24.872,24.872,237,0
2016-11-10,17:15:00,24.85,24.85,24.85,24.85,560,0
2016-11-10,19:00:00,24.897,24.897,24.897,24.897,3212,0
2016-11-10,20:25:00,24.847,24.847,24.847,24.847,100,0
2016-11-10,22:00:00,24.847,24.847,24.847,24.847,767,0
2016-11-11,15:35:00,24.937,24.937,24.897,24.897,8349,0
2016-11-11,17:40:00,24.887,24.891,24.887,24.891,800,0
2016-11-11,18:25:00,24.886,24.887,24.884,24.886,1499,0
2016-11-11,19:40:00,24.886,24.897,24.884,24.886,1201,0
2016-11-11,19:55:00,24.897,24.897,24.897,24.897,125,0
2016-11-11,20:00:00,24.882,24.882,24.882,24.882,200,0
2016-11-11,20:10:00,24.887,24.887,24.887,24.887,117,0
2016-11-14,15:35:00,24.857,24.857,24.857,24.857,1415,0
2016-11-14,16:10:00,24.848,24.848,24.848,24.848,1545,0
2016-11-14,16:35:00,24.877,24.877,24.877,24.877,100,0
2016-11-14,17:40:00,24.848,24.848,24.848,24.848,280,0
2016-11-14,19:00:00,24.877,24.877,24.877,24.877,1002,0
2016-11-14,22:00:00,24.857,24.857,24.847,24.847,614,0
2016-11-15,15:35:00,24.855,24.855,24.855,24.855,200,0
2016-11-15,15:45:00,24.858,24.858,24.858,24.858,803,0
2016-11-15,17:05:00,24.856,24.856,24.856,24.856,152,0
2016-11-15,20:10:00,24.875,24.875,24.875,24.875,208,0
2016-11-15,20:40:00,24.855,24.88,24.855,24.88,4204,0
2016-11-16,15:35:00,24.865,24.865,24.865,24.865,100,0
2016-11-16,19:45:00,24.866,24.866,24.866,24.866,325,0
2016-11-16,21:10:00,24.866,24.871,24.865,24.871,2819,0
2016-11-17,18:00:00,24.855,24.855,24.855,24.855,134,0
2016-11-17,21:10:00,24.87,24.87,24.855,24.855,323,0
2016-11-18,16:50:00,24.856,24.858,24.855,24.855,1703,0
2016-11-18,21:30:00,24.867,24.867,24.867,24.867,205,0
2016-11-18,22:00:00,24.855,24.855,24.855,24.855,100,0
2016-11-21,22:00:00,24.865,24.865,24.865,24.865,200,0
2016-11-22,17:05:00,24.866,24.866,24.866,24.866,490,0
2016-11-22,20:10:00,24.868,24.868,24.868,24.868,500,0
2016-11-22,21:10:00,24.877,24.877,24.855,24.855,6409,0
2016-11-23,16:50:00,24.874,24.874,24.874,24.874,792,0
2016-11-23,17:00:00,24.885,24.885,24.884,24.884,5007,0
2016-11-23,20:05:00,24.866,24.866,24.866,24.866,1608,0
2016-11-23,21:00:00,24.874,24.874,24.874,24.874,200,0
2016-11-25,19:00:00,24.855,24.855,24.855,24.855,100,0
2016-11-28,17:40:00,24.864,24.864,24.864,24.864,998,0
2016-11-28,17:50:00,24.858,24.875,24.858,24.875,5017,0
2016-11-28,18:45:00,24.861,24.861,24.855,24.855,963,0
2016-11-28,21:40:00,24.855,24.86,24.855,24.86,5524,0
2016-11-29,15:35:00,24.885,24.885,24.884,24.885,1856,0
2016-11-29,16:25:00,24.895,24.895,24.895,24.895,350,0
2016-11-29,16:55:00,24.895,24.895,24.895,24.895,4506,0
2016-11-29,17:15:00,24.905,24.905,24.895,24.895,4205,0
2016-11-29,17:35:00,24.899,24.899,24.899,24.899,193,0
2016-11-29,18:50:00,24.896,24.9,24.896,24.9,735,0
2016-11-29,19:20:00,24.903,24.905,24.895,24.905,3900,0
2016-11-29,20:10:00,24.895,24.898,24.895,24.895,2404,0
2016-11-29,20:35:00,24.896,24.896,24.895,24.895,3204,0
2016-11-29,20:50:00,24.902,24.902,24.902,24.902,1000,0
2016-11-29,21:05:00,24.905,24.905,24.905,24.905,3644,0
2016-11-30,17:10:00,24.905,24.905,24.905,24.905,200,0
2016-12-01,17:00:00,24.866,24.866,24.866,24.866,148,0
2016-12-01,18:25:00,24.895,24.895,24.865,24.865,1476,0
2016-12-01,19:05:00,24.895,24.905,24.895,24.905,33947,0
2016-12-01,19:40:00,24.899,24.899,24.899,24.899,1396,0
2016-12-01,21:05:00,24.895,24.9,24.895,24.9,5507,0
2016-12-01,21:15:00,24.898,24.898,24.895,24.895,200,0
2016-12-02,17:20:00,24.905,24.905,24.905,24.905,154,0
2016-12-02,21:40:00,24.895,24.895,24.885,24.885,4187,0
2016-12-05,16:15:00,24.89,24.89,24.89,24.89,3752,0
2016-12-05,16:45:00,24.875,24.905,24.875,24.905,5725,0
2016-12-05,18:20:00,24.875,24.875,24.875,24.875,30040,0
2016-12-05,20:40:00,24.885,24.885,24.875,24.875,5112,0
2016-12-05,21:15:00,24.882,24.895,24.882,24.895,2111,0
2016-12-05,21:35:00,24.866,24.866,24.866,24.866,107,0
2016-12-06,17:55:00,24.873,24.873,24.873,24.873,200,0
2016-12-06,20:15:00,24.873,24.873,24.873,24.873,185,0
2016-12-06,20:45:00,24.865,24.865,24.855,24.855,4005,0
2016-12-06,20:55:00,24.867,24.867,24.855,24.855,576,0
2016-12-07,16:15:00,24.855,24.855,24.855,24.855,319,0
2016-12-07,17:10:00,24.855,24.856,24.855,24.856,2605,0
2016-12-07,19:15:00,24.855,24.875,24.855,24.855,800,0
2016-12-07,21:35:00,24.875,24.875,24.875,24.875,100,0
2016-12-07,22:00:00,24.875,24.875,24.875,24.875,900,0
2016-12-08,15:40:00,24.856,24.856,24.856,24.856,800,0
2016-12-08,16:40:00,24.873,24.873,24.873,24.873,100,0
2016-12-08,17:15:00,24.856,24.856,24.855,24.855,768,0
2016-12-08,19:05:00,24.875,24.875,24.875,24.875,2004,0
2016-12-08,19:15:00,24.873,24.873,24.855,24.855,600,0
2016-12-08,19:50:00,24.864,24.864,24.864,24.864,500,0
2016-12-08,20:10:00,24.856,24.856,24.856,24.856,192,0
2016-12-08,20:50:00,24.875,24.875,24.875,24.875,240,0
2016-12-08,21:00:00,24.857,24.857,24.857,24.857,467,0
2016-12-08,21:35:00,24.86,24.86,24.855,24.855,1303,0
2016-12-09,17:45:00,24.871,24.871,24.871,24.871,401,0
2016-12-09,20:35:00,24.857,24.857,24.855,24.855,861,0
2016-12-12,17:15:00,24.856,24.856,24.856,24.856,265,0
2016-12-12,19:05:00,24.875,24.875,24.875,24.875,69012,0
2016-12-12,20:40:00,24.862,24.862,24.855,24.855,1603,0
2016-12-12,21:25:00,24.875,24.875,24.855,24.855,3805,0
2016-12-12,21:35:00,24.875,24.875,24.875,24.875,100,0
2016-12-12,22:00:00,24.875,24.875,24.875,24.875,800,0
2016-12-13,15:35:00,24.895,24.895,24.895,24.895,1445,0
2016-12-13,15:45:00,24.877,24.877,24.877,24.877,125,0
2016-12-13,15:55:00,24.865,24.865,24.855,24.855,3391,0
2016-12-13,16:25:00,24.855,24.855,24.855,24.855,219,0
2016-12-13,18:50:00,24.869,24.869,24.869,24.869,221,0
2016-12-13,19:20:00,24.872,24.872,24.865,24.865,2609,0
2016-12-13,20:15:00,24.865,24.865,24.865,24.865,322,0
2016-12-13,20:20:00,24.884,24.885,24.884,24.885,1332,0
2016-12-13,20:40:00,24.86,24.866,24.855,24.855,2981,0
2016-12-13,20:50:00,24.868,24.868,24.855,24.855,703,0
2016-12-13,21:35:00,24.875,24.875,24.875,24.875,100,0
2016-12-13,22:00:00,24.855,24.875,24.855,24.875,700,0
2016-12-14,17:00:00,24.875,24.875,24.855,24.875,4042,0
2016-12-14,18:25:00,24.875,24.875,24.855,24.855,2514,0
2016-12-14,21:35:00,24.875,24.875,24.875,24.875,100,0
2016-12-14,21:40:00,24.874,24.874,24.874,24.874,245,0
2016-12-14,21:50:00,24.856,24.856,24.856,24.856,382,0
2016-12-14,22:00:00,24.875,24.875,24.875,24.875,900,0
2016-12-15,16:05:00,24.883,24.883,24.883,24.883,500,0
2016-12-15,16:45:00,24.883,24.883,24.883,24.883,513,0
2016-12-15,17:20:00,24.883,24.883,24.883,24.883,200,0
2016-12-15,20:40:00,24.872,24.875,24.872,24.875,6369,0
2016-12-15,22:00:00,24.882,24.882,24.882,24.882,100,0
2016-12-16,17:35:00,24.87,24.87,24.87,24.87,800,0
2016-12-16,19:45:00,24.867,24.867,24.862,24.862,1100,0
2016-12-16,20:05:00,24.862,24.867,24.862,24.862,3103,0
2016-12-16,20:50:00,24.862,24.862,24.862,24.862,100,0
2016-12-16,21:35:00,24.882,24.882,24.882,24.882,100,0
2016-12-16,21:50:00,24.867,24.867,24.867,24.867,500,0
2016-12-16,22:00:00,24.882,24.882,24.882,24.882,700,0
2016-12-19,15:35:00,24.892,24.892,24.892,24.892,100,0
2016-12-19,15:40:00,24.882,24.882,24.882,24.882,300,0
2016-12-19,15:45:00,24.882,24.882,24.882,24.882,300,0
2016-12-19,15:50:00,24.882,24.882,24.882,24.882,300,0
2016-12-19,15:55:00,24.882,24.882,24.882,24.882,200,0
2016-12-19,16:00:00,24.882,24.882,24.882,24.882,300,0
2016-12-19,16:05:00,24.882,24.882,24.882,24.882,200,0
2016-12-19,16:10:00,24.882,24.882,24.882,24.882,300,0
2016-12-19,16:15:00,24.882,24.882,24.882,24.882,300,0
2016-12-19,16:20:00,24.882,24.882,24.882,24.882,200,0
2016-12-19,16:25:00,24.882,24.882,24.882,24.882,300,0
2016-12-19,16:30:00,24.882,24.882,24.882,24.882,200,0
2016-12-19,16:35:00,24.882,24.882,24.882,24.882,300,0
2016-12-19,16:40:00,24.882,24.882,24.882,24.882,200,0
2016-12-19,16:45:00,24.882,24.882,24.882,24.882,200,0
2016-12-19,16:50:00,24.882,24.882,24.882,24.882,300,0
2016-12-19,16:55:00,24.882,24.882,24.882,24.882,200,0
2016-12-19,17:00:00,24.882,24.882,24.882,24.882,300,0
2016-12-19,17:05:00,24.882,24.882,24.882,24.882,200,0
2016-12-19,17:10:00,24.882,24.882,24.882,24.882,300,0
2016-12-19,17:15:00,24.882,24.882,24.882,24.882,200,0
2016-12-19,17:20:00,24.882,24.882,24.882,24.882,300,0
2016-12-19,17:25:00,24.882,24.882,24.882,24.882,200,0
2016-12-19,17:30:00,24.882,24.882,24.882,24.882,300,0
2016-12-19,17:35:00,24.882,24.882,24.882,24.882,200,0
2016-12-19,17:40:00,24.882,24.882,24.882,24.882,300,0
2016-12-19,17:45:00,24.882,24.882,24.882,24.882,300,0
2016-12-19,17:50:00,24.882,24.882,24.882,24.882,200,0
2016-12-19,17:55:00,24.882,24.882,24.882,24.882,200,0
2016-12-19,18:00:00,24.882,24.882,24.877,24.882,900,0
2016-12-19,18:05:00,24.882,24.882,24.882,24.882,200,0
2016-12-19,18:10:00,24.882,24.882,24.882,24.882,300,0
2016-12-19,18:15:00,24.882,24.882,24.882,24.882,200,0
2016-12-19,18:20:00,24.882,24.882,24.872,24.872,1233,0
2016-12-19,18:25:00,24.882,24.882,24.882,24.882,200,0
2016-12-19,18:30:00,24.882,24.882,24.882,24.882,200,0
2016-12-19,18:35:00,24.882,24.882,24.882,24.882,300,0
2016-12-19,18:40:00,24.882,24.882,24.882,24.882,200,0
2016-12-19,18:45:00,24.882,24.882,24.882,24.882,200,0
2016-12-19,18:50:00,24.882,24.882,24.882,24.882,200,0
2016-12-19,18:55:00,24.882,24.882,24.882,24.882,200,0
2016-12-19,19:00:00,24.882,24.882,24.882,24.882,200,0
2016-12-19,19:05:00,24.882,24.882,24.882,24.882,200,0
2016-12-19,19:10:00,24.882,24.882,24.882,24.882,300,0
2016-12-19,19:15:00,24.882,24.882,24.882,24.882,200,0
2016-12-19,19:20:00,24.882,24.882,24.882,24.882,200,0
2016-12-19,19:25:00,24.872,24.877,24.872,24.872,3223,0
2016-12-19,19:30:00,24.882,24.882,24.882,24.882,200,0
2016-12-19,19:35:00,24.882,24.882,24.882,24.882,200,0
2016-12-19,19:40:00,24.882,24.882,24.882,24.882,200,0
2016-12-19,19:45:00,24.882,24.882,24.882,24.882,200,0
2016-12-19,19:50:00,24.882,24.882,24.882,24.882,300,0
2016-12-19,19:55:00,24.882,24.882,24.882,24.882,200,0
2016-12-19,20:00:00,24.882,24.882,24.882,24.882,300,0
2016-12-19,20:05:00,24.882,24.882,24.862,24.872,11112,0
2016-12-19,20:10:00,24.892,24.892,24.892,24.892,300,0
2016-12-19,20:15:00,24.892,24.892,24.892,24.892,492,0
2016-12-19,20:20:00,24.892,24.892,24.892,24.892,300,0
2016-12-19,20:25:00,24.892,24.892,24.877,24.892,300,0
2016-12-19,20:30:00,24.892,24.892,24.892,24.892,300,0
2016-12-19,20:35:00,24.902,24.902,24.902,24.902,300,0
2016-12-19,20:40:00,24.902,24.962,24.902,24.952,300,0
2016-12-19,20:45:00,24.942,24.942,24.942,24.942,300,0
2016-12-19,20:50:00,24.942,24.942,24.942,24.942,300,0
2016-12-19,20:55:00,24.942,24.942,24.942,24.942,300,0
2016-12-19,21:00:00,24.902,24.902,24.862,24.872,1103,0
2016-12-19,21:05:00,24.902,24.952,24.902,24.952,11012,0
2016-12-19,21:15:00,24.952,24.952,24.952,24.952,300,0
2016-12-19,21:20:00,24.952,24.952,24.912,24.942,700,0
2016-12-19,21:25:00,24.952,24.952,24.932,24.942,2903,0
2016-12-19,21:30:00,24.942,24.942,24.942,24.942,1401,0
2016-12-19,21:35:00,24.953,24.962,24.942,24.962,2063,0
2016-12-19,21:40:00,24.962,24.962,24.902,24.902,1903,0
2016-12-19,21:50:00,24.912,24.912,24.872,24.872,3154,0
2016-12-19,21:55:00,24.902,24.902,24.892,24.892,600,0
2016-12-19,22:00:00,24.902,24.912,24.872,24.902,2103,0
2016-12-20,15:35:00,24.882,24.882,24.862,24.862,1295,0
2016-12-20,17:10:00,24.912,24.912,24.882,24.882,1039,0
2016-12-20,18:45:00,24.885,24.885,24.885,24.885,300,0
2016-12-20,19:20:00,24.902,24.902,24.902,24.902,1157,0
2016-12-20,19:25:00,24.902,24.902,24.882,24.885,4060,0
2016-12-20,19:30:00,24.899,24.899,24.899,24.899,1321,0
2016-12-20,19:35:00,24.907,24.907,24.907,24.907,962,0
2016-12-20,19:40:00,24.906,24.906,24.906,24.906,1082,0
2016-12-21,16:30:00,24.907,24.912,24.907,24.912,2503,0
2016-12-21,17:10:00,24.902,24.912,24.902,24.912,7508,0
2016-12-21,17:40:00,24.873,24.902,24.872,24.886,4365,0
2016-12-21,20:10:00,24.872,24.872,24.872,24.872,204,0
2016-12-21,21:05:00,24.887,24.902,24.882,24.902,5795,0
2016-12-22,16:40:00,24.876,24.876,24.876,24.876,583,0
2016-12-22,17:05:00,24.872,24.872,24.872,24.872,9549,0
2016-12-22,17:25:00,24.878,24.878,24.878,24.878,365,0
2016-12-22,18:10:00,24.912,24.912,24.912,24.912,3303,0
2016-12-22,18:25:00,24.894,24.894,24.894,24.894,644,0
2016-12-22,20:40:00,24.912,24.912,24.912,24.912,100,0
2016-12-22,21:10:00,24.912,24.912,24.912,24.912,100,0
2016-12-22,21:25:00,24.881,24.912,24.872,24.912,930,0
2016-12-22,21:40:00,24.912,24.912,24.912,24.912,100,0
2016-12-22,22:00:00,24.912,24.912,24.912,24.912,100,0
2016-12-23,16:00:00,24.902,24.912,24.902,24.902,5011,0
2016-12-23,18:30:00,24.882,24.882,24.882,24.882,500,0
2016-12-23,18:35:00,24.872,24.872,24.872,24.872,3003,0
2016-12-23,21:50:00,24.876,24.876,24.876,24.876,1117,0
2016-12-27,16:00:00,24.873,24.873,24.873,24.873,800,0
2016-12-27,19:30:00,24.903,24.912,24.903,24.912,1100,0
2016-12-27,20:00:00,24.903,24.903,24.903,24.903,1000,0
2016-12-27,20:10:00,24.882,24.882,24.882,24.882,432,0
2016-12-27,20:50:00,24.899,24.899,24.899,24.899,644,0
2016-12-27,22:00:00,24.902,24.902,24.902,24.902,100,0
2016-12-28,15:40:00,24.891,24.891,24.891,24.891,740,0
2016-12-28,16:05:00,24.872,24.872,24.872,24.872,107,0
2016-12-28,16:10:00,24.902,24.902,24.902,24.902,100,0
2016-12-28,16:35:00,24.902,24.902,24.902,24.902,100,0
2016-12-28,16:40:00,24.888,24.902,24.888,24.902,1100,0
2016-12-28,17:00:00,24.884,24.884,24.884,24.884,128,0
2016-12-28,17:30:00,24.902,24.912,24.902,24.912,50755,0
2016-12-28,17:35:00,24.912,24.912,24.912,24.912,50555,0
2016-12-28,17:40:00,24.912,24.912,24.902,24.902,250974,0
2016-12-28,17:45:00,24.902,24.902,24.902,24.902,200,0
2016-12-28,18:35:00,24.904,24.912,24.904,24.912,4104,0
2016-12-28,19:45:00,24.899,24.912,24.899,24.912,200,0
2016-12-28,19:55:00,24.89,24.89,24.89,24.89,474,0
2016-12-28,21:00:00,24.883,24.912,24.883,24.912,1291,0
2016-12-29,15:35:00,24.872,24.872,24.872,24.872,100,0
2016-12-29,17:10:00,24.872,24.872,24.872,24.872,175,0
2016-12-29,17:40:00,24.892,24.902,24.892,24.902,343,0
2016-12-29,20:25:00,24.902,24.912,24.902,24.911,50555,0
2016-12-29,20:30:00,24.902,24.912,24.902,24.912,50555,0
2016-12-29,20:35:00,24.902,24.912,24.902,24.912,50555,0
2016-12-29,20:50:00,24.911,24.912,24.911,24.912,150164,0
2016-12-29,21:00:00,24.911,24.912,24.911,24.912,50055,0
2016-12-29,21:40:00,24.912,24.912,24.912,24.912,50055,0
2016-12-30,17:10:00,24.912,24.912,24.912,24.912,100,0
2017-01-03,16:30:00,24.887,24.887,24.887,24.887,228,0
2017-01-03,16:55:00,24.89,24.89,24.89,24.89,371,0
2017-01-03,19:25:00,24.889,24.889,24.889,24.889,1930,0
2017-01-03,20:10:00,24.872,24.872,24.872,24.872,510,0
2017-01-03,21:30:00,24.89,24.89,24.89,24.89,330,0
2017-01-04,16:05:00,24.892,24.892,24.892,24.892,1000,0
2017-01-04,16:40:00,24.899,24.899,24.899,24.899,200,0
2017-01-04,19:45:00,24.912,24.912,24.912,24.912,1000,0
2017-01-04,19:50:00,24.912,24.912,24.912,24.912,1000,0
2017-01-04,20:40:00,24.896,24.902,24.872,24.872,3704,0
2017-01-04,21:45:00,24.882,24.882,24.882,24.882,810,0
2017-01-04,21:50:00,24.903,24.912,24.903,24.912,1201,0
2017-01-05,15:40:00,24.912,24.912,24.912,24.912,2525,0
2017-01-05,16:20:00,24.902,24.902,24.902,24.902,100,0
2017-01-05,18:55:00,24.882,24.882,24.882,24.882,4004,0
2017-01-05,22:00:00,24.912,24.912,24.892,24.892,200,0
2017-01-06,15:55:00,24.872,24.912,24.872,24.912,200,0
2017-01-06,16:00:00,24.912,24.912,24.912,24.912,100,0
2017-01-06,16:05:00,24.912,24.912,24.912,24.912,100,0
2017-01-06,16:15:00,24.912,24.912,24.912,24.912,100,0
2017-01-06,16:20:00,24.912,24.912,24.912,24.912,100,0
2017-01-06,16:30:00,24.912,24.912,24.912,24.912,100,0
2017-01-06,16:35:00,24.902,24.902,24.902,24.902,100,0
2017-01-06,16:40:00,24.912,24.912,24.912,24.912,100,0
2017-01-06,16:50:00,24.912,24.912,24.912,24.912,100,0
2017-01-06,17:00:00,24.912,24.912,24.912,24.912,100,0
2017-01-06,17:05:00,24.912,24.912,24.912,24.912,100,0
2017-01-06,17:15:00,24.912,24.912,24.912,24.912,100,0
2017-01-06,17:20:00,24.912,24.912,24.912,24.912,100,0
2017-01-06,17:30:00,24.912,24.912,24.912,24.912,100,0
2017-01-06,17:40:00,24.912,24.912,24.912,24.912,100,0
2017-01-06,17:45:00,24.912,24.912,24.912,24.912,100,0
2017-01-06,17:55:00,24.912,24.912,24.912,24.912,100,0
2017-01-06,18:05:00,24.912,24.912,24.912,24.912,100,0
2017-01-06,18:15:00,24.912,24.912,24.912,24.912,100,0
2017-01-06,18:25:00,24.912,24.912,24.912,24.912,100,0
2017-01-06,18:35:00,24.91,24.912,24.91,24.912,800,0
2017-01-06,18:40:00,24.912,24.912,24.912,24.912,100,0
2017-01-06,18:55:00,24.912,24.912,24.912,24.912,100,0
2017-01-06,19:00:00,24.908,24.908,24.908,24.908,898,0
2017-01-06,19:05:00,24.912,24.912,24.892,24.892,200,0
2017-01-06,19:10:00,24.892,24.912,24.892,24.912,300,0
2017-01-06,19:15:00,24.912,24.912,24.892,24.907,17002,0
2017-01-06,19:20:00,24.907,24.912,24.902,24.912,300,0
2017-01-06,19:25:00,24.902,24.912,24.902,24.902,1801,0
2017-01-06,19:30:00,24.902,24.912,24.902,24.902,300,0
2017-01-06,19:35:00,24.902,24.902,24.902,24.902,300,0
2017-01-06,19:40:00,24.912,24.912,24.902,24.902,300,0
2017-01-06,19:45:00,24.902,24.902,24.892,24.892,300,0
2017-01-06,19:50:00,24.892,24.912,24.892,24.912,685,0
2017-01-06,19:55:00,24.892,24.892,24.892,24.892,300,0
2017-01-06,20:00:00,24.892,24.912,24.892,24.912,400,0
2017-01-06,20:05:00,24.892,24.892,24.892,24.892,300,0
2017-01-06,20:10:00,24.892,24.892,24.892,24.892,300,0
2017-01-06,20:15:00,24.892,24.892,24.892,24.892,400,0
2017-01-06,20:20:00,24.892,24.902,24.892,24.902,3538,0
2017-01-06,20:25:00,24.892,24.902,24.892,24.892,400,0
2017-01-06,20:30:00,24.892,24.902,24.892,24.892,300,0
2017-01-06,20:35:00,24.892,24.892,24.892,24.892,300,0
2017-01-06,20:40:00,24.892,24.892,24.892,24.892,400,0
2017-01-06,20:45:00,24.892,24.892,24.892,24.892,300,0
2017-01-06,20:50:00,24.892,24.892,24.892,24.892,2303,0
2017-01-06,20:55:00,24.892,24.892,24.892,24.892,400,0
2017-01-06,21:00:00,24.892,24.892,24.892,24.892,300,0
2017-01-06,21:05:00,24.892,24.892,24.892,24.892,400,0
2017-01-06,21:10:00,24.892,24.892,24.892,24.892,400,0
2017-01-06,21:15:00,24.892,24.912,24.892,24.912,512,0
2017-01-06,21:20:00,24.892,24.892,24.892,24.892,400,0
2017-01-06,21:25:00,24.892,24.892,24.892,24.892,300,0
2017-01-06,21:30:00,24.892,24.892,24.892,24.892,545,0
2017-01-06,21:35:00,24.892,24.892,24.892,24.892,400,0
2017-01-06,21:40:00,24.892,24.892,24.892,24.892,400,0
2017-01-06,21:45:00,24.892,24.892,24.892,24.892,500,0
2017-01-06,21:50:00,24.892,24.892,24.892,24.892,500,0
2017-01-06,21:55:00,24.892,24.902,24.892,24.892,900,0
2017-01-06,22:00:00,24.892,24.892,24.872,24.892,1100,0
2017-01-09,15:35:00,24.912,24.912,24.872,24.872,4624,0
2017-01-09,15:45:00,24.912,24.912,24.912,24.912,100,0
2017-01-09,15:55:00,24.912,24.912,24.912,24.912,100,0
2017-01-09,16:05:00,24.902,24.902,24.902,24.902,100,0
2017-01-09,16:10:00,24.912,24.912,24.912,24.912,100,0
2017-01-09,16:20:00,24.912,24.912,24.912,24.912,100,0
2017-01-09,16:30:00,24.912,24.912,24.912,24.912,100,0
2017-01-09,16:40:00,24.912,24.912,24.912,24.912,100,0
2017-01-09,16:50:00,24.912,24.912,24.912,24.912,100,0
2017-01-09,17:05:00,24.912,24.912,24.912,24.912,100,0
2017-01-09,17:15:00,24.912,24.912,24.912,24.912,300,0
2017-01-09,17:20:00,24.912,24.912,24.912,24.912,176,0
2017-01-09,17:25:00,24.912,24.912,24.912,24.912,100,0
2017-01-09,17:35:00,24.912,24.912,24.912,24.912,100,0
2017-01-09,17:50:00,24.912,24.912,24.912,24.912,100,0
2017-01-09,18:05:00,24.912,24.912,24.912,24.912,100,0
2017-01-09,18:15:00,24.912,24.912,24.912,24.912,100,0
2017-01-09,18:20:00,24.912,24.912,24.912,24.912,200,0
2017-01-09,18:30:00,24.912,24.912,24.912,24.912,100,0
2017-01-09,18:35:00,24.912,24.912,24.912,24.912,115,0
2017-01-09,18:45:00,24.912,24.912,24.912,24.912,100,0
2017-01-09,19:00:00,24.912,24.912,24.912,24.912,100,0
2017-01-09,19:05:00,24.912,24.912,24.912,24.912,200,0
2017-01-09,19:15:00,24.912,24.912,24.912,24.912,100,0
2017-01-09,19:30:00,24.912,24.912,24.912,24.912,100,0
2017-01-09,19:40:00,24.912,24.912,24.912,24.912,1345,0
2017-01-09,19:45:00,24.912,24.912,24.911,24.912,3470,0
2017-01-09,19:55:00,24.912,24.912,24.912,24.912,100,0
2017-01-09,20:00:00,24.912,24.912,24.912,24.912,300,0
2017-01-09,20:15:00,24.875,24.912,24.872,24.912,15671,0
2017-01-09,20:45:00,24.878,24.878,24.878,24.878,800,0
2017-01-09,20:55:00,24.912,24.912,24.912,24.912,200,0
2017-01-09,21:10:00,24.912,24.912,24.912,24.912,262,0
2017-01-09,21:35:00,24.912,24.912,24.912,24.912,100,0
2017-01-09,21:45:00,24.912,24.912,24.912,24.912,100,0
2017-01-09,22:00:00,24.882,24.882,24.882,24.882,100,0
2017-01-10,17:45:00,24.882,24.882,24.882,24.882,759,0
2017-01-10,19:00:00,24.892,24.892,24.892,24.892,100,0
2017-01-10,19:05:00,24.892,24.892,24.892,24.892,923,0
2017-01-10,21:25:00,24.892,24.892,24.892,24.892,1996,0
2017-01-11,15:35:00,24.872,24.872,24.872,24.872,101,0
2017-01-11,16:05:00,24.909,24.909,24.909,24.909,4004,0
2017-01-11,17:20:00,24.901,24.901,24.901,24.901,219,0
2017-01-11,17:45:00,24.89,24.89,24.89,24.89,248,0
2017-01-11,18:00:00,24.912,24.912,24.912,24.912,100,0
2017-01-12,16:25:00,24.902,24.902,24.902,24.902,800,0
2017-01-12,18:55:00,24.872,24.872,24.872,24.872,1271,0
2017-01-12,20:05:00,24.881,24.881,24.881,24.881,683,0
2017-01-13,16:20:00,24.884,24.884,24.884,24.884,1000,0
2017-01-13,19:00:00,24.902,24.902,24.902,24.902,359,0
2017-01-13,19:10:00,24.904,24.904,24.904,24.904,561,0
2017-01-13,19:35:00,24.913,24.923,24.902,24.923,12056,0
2017-01-13,20:05:00,24.884,24.884,24.884,24.884,409,0
2017-01-13,20:40:00,24.912,24.912,24.912,24.912,143,0
2017-01-13,21:55:00,24.884,24.884,24.884,24.884,313,0
2017-01-17,17:15:00,24.884,24.884,24.884,24.884,151,0
2017-01-17,17:20:00,24.923,24.923,24.923,24.923,210,0
2017-01-17,19:50:00,24.893,24.916,24.893,24.916,2983,0
2017-01-17,20:15:00,24.884,24.884,24.884,24.884,499,0
2017-01-17,20:25:00,24.909,24.909,24.909,24.909,198,0
2017-01-17,21:40:00,24.905,24.909,24.905,24.909,2560,0
2017-01-17,21:45:00,24.909,24.912,24.909,24.912,2913,0
2017-01-18,19:10:00,24.884,24.884,24.884,24.884,461,0
2017-01-18,20:10:00,24.884,24.884,24.884,24.884,433,0
2017-01-18,21:10:00,24.893,24.899,24.893,24.899,3002,0
2017-01-18,21:25:00,24.894,24.894,24.894,24.894,450,0
2017-01-18,21:35:00,24.922,24.922,24.922,24.922,3212,0
2017-01-18,21:45:00,24.922,24.923,24.911,24.916,4102,0
2017-01-19,15:55:00,24.899,24.899,24.899,24.899,324,0
2017-01-19,17:50:00,24.909,24.909,24.909,24.909,150,0
2017-01-19,18:00:00,24.909,24.909,24.909,24.909,400,0
2017-01-19,20:40:00,24.888,24.888,24.886,24.886,9265,0
2017-01-19,21:15:00,24.893,24.893,24.887,24.887,2002,0
2017-01-19,21:50:00,24.891,24.891,24.891,24.891,2002,0
2017-01-20,17:15:00,24.919,24.919,24.912,24.912,416,0
2017-01-20,17:25:00,24.912,24.912,24.912,24.912,205,0
2017-01-20,18:50:00,24.893,24.893,24.883,24.883,22153,0
2017-01-20,19:50:00,24.896,24.904,24.893,24.904,450,0
2017-01-20,19:55:00,24.885,24.885,24.885,24.885,300,0
2017-01-20,20:00:00,24.91,24.91,24.91,24.91,401,0
2017-01-20,20:25:00,24.91,24.916,24.91,24.916,400,0
2017-01-20,21:05:00,24.883,24.888,24.883,24.883,1168,0
2017-01-20,21:10:00,24.888,24.888,24.888,24.888,900,0
2017-01-20,21:15:00,24.883,24.888,24.883,24.888,1475,0
2017-01-20,21:20:00,24.883,24.883,24.883,24.883,1156,0
2017-01-20,21:25:00,24.883,24.883,24.883,24.883,2284,0
2017-01-23,16:15:00,24.9,24.9,24.9,24.9,200,0
2017-01-23,16:35:00,24.883,24.884,24.883,24.884,3876,0
2017-01-23,17:15:00,24.883,24.883,24.883,24.883,300,0
2017-01-23,18:10:00,24.883,24.886,24.883,24.886,951,0
2017-01-23,19:05:00,24.883,24.883,24.873,24.873,19957,0
2017-01-23,19:55:00,24.902,24.902,24.902,24.902,851,0
2017-01-23,20:00:00,24.905,24.911,24.905,24.911,3092,0
2017-01-23,20:35:00,24.883,24.883,24.883,24.883,200,0
2017-01-23,20:40:00,24.884,24.884,24.883,24.883,4002,0
2017-01-23,20:45:00,24.883,24.883,24.883,24.883,100,0
2017-01-23,21:30:00,24.883,24.902,24.883,24.902,1223,0
2017-01-23,21:35:00,24.902,24.902,24.902,24.902,143,0
2017-01-23,21:50:00,24.883,24.913,24.883,24.913,634,0
2017-01-24,15:55:00,24.874,24.874,24.874,24.874,598,0
2017-01-24,17:20:00,24.883,24.892,24.883,24.892,2002,0
2017-01-24,17:25:00,24.9,24.9,24.9,24.9,278,0
2017-01-24,17:40:00,24.883,24.883,24.873,24.873,5633,0
2017-01-24,19:25:00,24.902,24.903,24.887,24.894,4984,0
2017-01-24,19:30:00,24.898,24.903,24.897,24.897,6968,0
2017-01-24,19:35:00,24.902,24.923,24.891,24.923,7239,0
2017-01-24,19:40:00,24.908,24.923,24.901,24.923,5292,0
2017-01-24,19:45:00,24.906,24.923,24.896,24.923,2304,0
2017-01-24,19:50:00,24.923,24.923,24.909,24.923,7142,0
2017-01-24,19:55:00,24.923,24.923,24.896,24.923,1616,0
2017-01-24,20:30:00,24.901,24.913,24.901,24.913,578,0
2017-01-24,20:35:00,24.898,24.913,24.898,24.913,1136,0
2017-01-24,20:40:00,24.901,24.913,24.898,24.901,3203,0
2017-01-24,20:45:00,24.913,24.913,24.913,24.913,700,0
2017-01-24,20:50:00,24.901,24.913,24.901,24.913,767,0
2017-01-24,20:55:00,24.897,24.913,24.897,24.902,3381,0
2017-01-24,21:00:00,24.904,24.913,24.904,24.913,806,0
2017-01-24,21:05:00,24.912,24.913,24.902,24.913,2377,0
2017-01-24,21:10:00,24.902,24.902,24.902,24.902,387,0
2017-01-24,22:00:00,24.913,24.913,24.913,24.913,378,0
2017-01-25,15:35:00,24.913,24.913,24.913,24.913,100,0
2017-01-25,18:35:00,24.905,24.913,24.905,24.913,3786,0
2017-01-25,18:55:00,24.884,24.884,24.884,24.884,100,0
2017-01-25,21:45:00,24.894,24.923,24.894,24.923,2166,0
2017-01-26,15:55:00,24.902,24.902,24.902,24.902,800,0
2017-01-26,16:40:00,24.895,24.913,24.895,24.913,1662,0
2017-01-26,17:55:00,24.911,24.912,24.911,24.912,1088,0
2017-01-26,18:00:00,24.911,24.923,24.911,24.923,1190,0
2017-01-26,18:05:00,24.907,24.907,24.907,24.907,670,0
2017-01-26,18:15:00,24.913,24.923,24.91,24.923,7720,0
2017-01-26,18:20:00,24.923,24.923,24.912,24.912,600,0
2017-01-26,18:25:00,24.923,24.923,24.912,24.923,604,0
2017-01-26,18:30:00,24.923,24.923,24.923,24.923,509,0
2017-01-26,18:40:00,24.914,24.914,24.914,24.914,1272,0
2017-01-26,18:45:00,24.912,24.923,24.91,24.923,2698,0
2017-01-26,18:50:00,24.911,24.923,24.911,24.923,2105,0
2017-01-26,18:55:00,24.923,24.923,24.923,24.923,367,0
2017-01-26,19:00:00,24.923,24.923,24.923,24.923,503,0
2017-01-26,19:05:00,24.923,24.923,24.893,24.923,2147,0
2017-01-26,19:10:00,24.923,24.923,24.911,24.911,539,0
2017-01-26,19:15:00,24.922,24.922,24.922,24.922,268,0
2017-01-26,19:35:00,24.901,24.923,24.901,24.923,4102,0
2017-01-26,20:50:00,24.903,24.923,24.903,24.923,899,0
2017-01-27,17:35:00,24.909,24.923,24.909,24.923,1439,0
2017-01-27,18:30:00,24.896,24.896,24.896,24.896,921,0
2017-01-30,15:35:00,24.894,24.894,24.894,24.894,2221,0
2017-01-30,16:00:00,24.893,24.894,24.893,24.894,1619,0
2017-01-30,16:40:00,24.896,24.896,24.896,24.896,905,0
2017-01-30,17:05:00,24.916,24.916,24.916,24.916,361,0
2017-01-31,16:50:00,24.894,24.894,24.894,24.894,200,0
2017-01-31,17:10:00,24.923,24.923,24.923,24.923,992,0
2017-01-31,17:30:00,24.893,24.923,24.893,24.923,3686,0
2017-01-31,22:00:00,24.923,24.923,24.923,24.923,100,0
2017-02-01,16:15:00,24.923,24.923,24.923,24.923,400,0
2017-02-01,20:30:00,24.899,24.899,24.899,24.899,3002,0
2017-02-01,22:00:00,24.923,24.923,24.923,24.923,100,0
2017-02-02,16:15:00,24.923,24.923,24.923,24.923,151,0
2017-02-02,16:25:00,24.923,24.923,24.923,24.923,27919,0
2017-02-02,17:15:00,24.894,24.923,24.894,24.923,883,0
2017-02-02,19:45:00,24.903,24.903,24.903,24.903,1204,0
2017-02-02,21:50:00,24.923,24.923,24.923,24.923,162,0
2017-02-03,15:50:00,24.904,24.904,24.904,24.904,181,0
2017-02-03,18:15:00,24.883,24.883,24.883,24.883,154,0
2017-02-03,19:55:00,24.903,24.913,24.903,24.913,600,0
2017-02-03,20:00:00,24.905,24.923,24.905,24.923,250,0
2017-02-03,21:15:00,24.903,24.913,24.903,24.913,2321,0
2017-02-03,21:20:00,24.903,24.923,24.903,24.923,2302,0
2017-02-03,22:00:00,24.923,24.923,24.923,24.923,100,0
2017-02-06,18:20:00,24.923,24.923,24.923,24.923,265,0
2017-02-06,19:00:00,24.918,24.923,24.913,24.923,6665,0
2017-02-06,20:05:00,24.901,24.901,24.901,24.901,263,0
2017-02-06,21:10:00,24.883,24.883,24.883,24.883,570,0
2017-02-06,22:00:00,24.903,24.903,24.903,24.903,100,0
2017-02-07,18:30:00,24.893,24.913,24.893,24.913,1372,0
2017-02-07,19:20:00,24.892,24.892,24.892,24.892,680,0
2017-02-07,19:55:00,24.884,24.886,24.884,24.886,3002,0
2017-02-07,21:30:00,24.893,24.893,24.893,24.893,200,0
2017-02-08,17:10:00,24.923,24.923,24.923,24.923,248,0
2017-02-08,17:35:00,24.899,24.899,24.899,24.899,878,0
2017-02-08,18:50:00,24.898,24.898,24.898,24.898,141,0
2017-02-08,20:10:00,24.909,24.909,24.909,24.909,596,0
2017-02-08,21:05:00,24.893,24.902,24.893,24.902,1608,0
2017-02-09,17:15:00,24.917,24.917,24.917,24.917,132,0
2017-02-09,18:40:00,24.905,24.905,24.905,24.905,104,0
2017-02-09,20:10:00,24.923,24.923,24.923,24.923,474,0
2017-02-09,20:40:00,24.908,24.908,24.908,24.908,247,0
2017-02-09,21:15:00,24.901,24.901,24.901,24.901,4703,0
2017-02-10,15:55:00,24.899,24.899,24.899,24.899,429,0
2017-02-10,16:50:00,24.922,24.923,24.909,24.909,3806,0
2017-02-10,16:55:00,24.905,24.905,24.905,24.905,348,0
2017-02-10,17:00:00,24.913,24.913,24.912,24.912,1002,0
2017-02-10,17:05:00,24.909,24.909,24.909,24.909,196,0
2017-02-10,17:45:00,24.905,24.905,24.905,24.905,457,0
2017-02-10,19:30:00,24.911,24.911,24.911,24.911,153,0
2017-02-13,16:50:00,24.906,24.912,24.894,24.912,1859,0
2017-02-13,20:05:00,24.894,24.894,24.894,24.894,671,0
2017-02-14,17:25:00,24.916,24.916,24.916,24.916,129,0
2017-02-14,21:05:00,24.904,24.904,24.904,24.904,3320,0
2017-02-14,22:00:00,24.903,24.903,24.903,24.903,100,0
2017-02-15,19:00:00,24.893,24.893,24.892,24.892,300,0
2017-02-15,19:50:00,24.892,24.892,24.892,24.892,1601,0
2017-02-16,16:45:00,24.91,24.91,24.91,24.91,419,0
2017-02-16,21:00:00,24.892,24.892,24.892,24.892,7648,0
2017-02-17,16:20:00,24.901,24.901,24.901,24.901,811,0
2017-02-17,20:10:00,24.892,24.892,24.892,24.892,907,0
2017-02-17,20:55:00,24.9,24.9,24.9,24.9,392,0
2017-02-17,21:05:00,24.902,24.902,24.902,24.902,275,0
2017-02-17,21:15:00,24.895,24.895,24.895,24.895,1150,0
2017-02-17,22:00:00,24.892,24.892,24.892,24.892,100,0
2017-02-21,16:05:00,24.892,24.892,24.892,24.892,1693,0
2017-02-21,18:25:00,24.902,24.902,24.902,24.902,100,0
2017-02-21,19:55:00,24.892,24.892,24.892,24.892,200,0
2017-02-21,21:15:00,24.909,24.909,24.909,24.909,103,0
2017-02-21,21:45:00,24.892,24.894,24.892,24.892,5909,0
2017-02-22,17:50:00,24.892,24.892,24.892,24.892,8703,0
2017-02-22,18:05:00,24.902,24.902,24.902,24.902,500,0
2017-02-22,20:15:00,24.902,24.902,24.902,24.902,502,0
2017-02-23,17:10:00,24.892,24.893,24.892,24.893,300,0
2017-02-23,17:55:00,24.911,24.911,24.911,24.911,101,0
2017-02-23,20:40:00,24.892,24.892,24.892,24.892,700,0
2017-02-23,21:50:00,24.892,24.9,24.892,24.9,300,0
2017-02-24,16:05:00,24.892,24.892,24.892,24.892,100,0
2017-02-24,16:40:00,24.904,24.904,24.904,24.904,485,0
2017-02-24,21:25:00,24.892,24.892,24.892,24.892,193,0
2017-02-24,21:50:00,24.902,24.918,24.892,24.892,1957,0
2017-02-27,15:35:00,24.922,24.922,24.892,24.892,242,0
2017-02-27,16:30:00,24.893,24.893,24.893,24.893,107,0
2017-02-27,17:35:00,24.905,24.905,24.905,24.905,207,0
2017-02-27,21:05:00,24.905,24.905,24.905,24.905,500,0
2017-02-27,21:25:00,24.897,24.897,24.897,24.897,1200,0
2017-02-27,21:30:00,24.892,24.902,24.892,24.902,900,0
2017-02-27,21:55:00,24.892,24.892,24.892,24.892,100,0
2017-02-28,15:35:00,24.892,24.892,24.892,24.892,188,0
2017-02-28,16:30:00,24.911,24.911,24.911,24.911,105,0
2017-02-28,17:15:00,24.905,24.905,24.905,24.905,252,0
2017-02-28,18:00:00,24.9,24.9,24.892,24.892,500,0
2017-02-28,20:15:00,24.902,24.902,24.902,24.902,113,0
2017-02-28,21:20:00,24.892,24.892,24.892,24.892,568,0
2017-02-28,21:35:00,24.892,24.912,24.892,24.892,2837,0
2017-02-28,21:55:00,24.912,24.912,24.892,24.892,2101,0
2017-02-28,22:00:00,24.892,24.898,24.892,24.898,1000,0
2017-03-01,15:50:00,24.912,24.912,24.912,24.912,1000,0
2017-03-01,16:15:00,24.907,24.922,24.905,24.922,9959,0
2017-03-01,17:20:00,24.893,24.893,24.893,24.893,1031,0
2017-03-01,17:50:00,24.922,24.922,24.922,24.922,1124,0
2017-03-01,18:35:00,24.902,24.902,24.892,24.892,382,0
2017-03-01,19:30:00,24.892,24.917,24.892,24.917,2001,0
2017-03-01,19:35:00,24.903,24.903,24.903,24.903,106,0
2017-03-01,20:45:00,24.93,24.93,24.892,24.892,400,0
2017-03-02,16:05:00,24.892,24.892,24.892,24.892,208,0
2017-03-02,16:25:00,24.893,24.893,24.893,24.893,887,0
2017-03-02,17:50:00,24.892,24.898,24.892,24.892,2001,0
2017-03-02,21:20:00,24.91,24.91,24.91,24.91,720,0
2017-03-02,21:35:00,24.907,24.907,24.907,24.907,290,0
2017-03-02,22:00:00,24.892,24.892,24.892,24.892,100,0
2017-03-03,19:10:00,24.896,24.896,24.896,24.896,189,0
2017-03-03,19:15:00,24.902,24.902,24.892,24.892,2198,0
2017-03-03,19:55:00,24.882,24.886,24.882,24.886,2229,0
2017-03-03,21:05:00,24.888,24.888,24.882,24.882,2995,0
2017-03-03,21:50:00,24.887,24.887,24.887,24.887,1998,0
2017-03-06,15:35:00,24.932,24.932,24.932,24.932,400,0
2017-03-06,17:20:00,24.91,24.91,24.91,24.91,256,0
2017-03-06,18:20:00,24.92,24.92,24.92,24.92,534,0
2017-03-06,19:55:00,24.915,24.915,24.892,24.915,3667,0
2017-03-07,18:25:00,24.911,24.911,24.911,24.911,214,0
2017-03-07,21:20:00,24.932,24.932,24.932,24.932,136,0
2017-03-07,21:55:00,24.902,24.902,24.902,24.902,500,0
2017-03-08,17:45:00,24.912,24.912,24.912,24.912,200,0
2017-03-08,18:05:00,24.902,24.902,24.902,24.902,2441,0
2017-03-08,18:20:00,24.911,24.911,24.902,24.907,2405,0
2017-03-08,18:55:00,24.902,24.902,24.902,24.902,200,0
2017-03-08,19:40:00,24.902,24.906,24.902,24.906,2921,0
2017-03-08,20:30:00,24.932,24.932,24.912,24.912,620,0
2017-03-08,21:55:00,24.912,24.912,24.912,24.912,1183,0
2017-03-09,15:55:00,24.902,24.902,24.902,24.902,100,0
2017-03-09,16:00:00,24.921,24.921,24.921,24.921,800,0
2017-03-09,17:05:00,24.904,24.904,24.904,24.904,600,0
2017-03-09,17:20:00,24.922,24.922,24.922,24.922,100,0
2017-03-09,18:20:00,24.902,24.902,24.902,24.902,137,0
2017-03-09,21:00:00,24.902,24.902,24.902,24.902,100,0
2017-03-09,21:20:00,24.908,24.908,24.908,24.908,1000,0
2017-03-09,21:55:00,24.902,24.908,24.902,24.908,650,0
2017-03-10,16:05:00,24.902,24.902,24.902,24.902,200,0
2017-03-10,20:55:00,24.915,24.915,24.915,24.915,158,0
2017-03-10,21:10:00,24.902,24.902,24.892,24.892,10003,0
2017-03-13,17:30:00,24.906,24.906,24.902,24.902,300,0
2017-03-13,17:40:00,24.902,24.902,24.902,24.902,1100,0
2017-03-13,20:30:00,24.902,24.902,24.902,24.902,1090,0
2017-03-13,20:40:00,24.902,24.902,24.902,24.902,504,0
2017-03-14,15:15:00,24.899,24.899,24.899,24.899,4001,0
2017-03-14,16:15:00,24.892,24.892,24.892,24.892,100,0
2017-03-14,16:25:00,24.912,24.912,24.912,24.912,195,0
2017-03-14,19:10:00,24.908,24.908,24.908,24.908,149,0
2017-03-14,21:00:00,24.892,24.892,24.892,24.892,100,0
2017-03-15,14:35:00,24.9,24.9111,24.9,24.9111,280,0
2017-03-15,15:15:00,24.91,24.91,24.91,24.91,4000,0
2017-03-15,16:15:00,24.9263,24.9263,24.9263,24.9263,204,0
2017-03-15,16:35:00,24.9235,24.9235,24.9235,24.9235,3000,0
2017-03-15,17:15:00,24.917,24.917,24.91,24.914,2034,0
2017-03-15,21:00:00,24.91,24.91,24.91,24.91,526,0
2017-03-16,14:35:00,24.9,24.9,24.9,24.9,283,0
2017-03-16,16:30:00,24.92,24.92,24.92,24.92,100,0
2017-03-16,16:35:00,24.92,24.92,24.92,24.92,100,0
2017-03-16,16:40:00,24.92,24.92,24.92,24.92,200,0
2017-03-16,16:45:00,24.92,24.92,24.92,24.92,200,0
2017-03-16,16:50:00,24.92,24.92,24.92,24.92,200,0
2017-03-16,16:55:00,24.92,24.92,24.92,24.92,200,0
2017-03-16,17:00:00,24.92,24.92,24.92,24.92,200,0
2017-03-16,17:05:00,24.92,24.92,24.92,24.92,200,0
2017-03-16,17:10:00,24.92,24.92,24.92,24.92,100,0
2017-03-16,17:15:00,24.92,24.92,24.92,24.92,200,0
2017-03-16,17:20:00,24.92,24.92,24.92,24.92,200,0
2017-03-16,17:25:00,24.92,24.92,24.92,24.92,200,0
2017-03-16,17:30:00,24.92,24.92,24.92,24.92,100,0
2017-03-16,17:35:00,24.92,24.92,24.92,24.92,200,0
2017-03-16,17:40:00,24.92,24.92,24.92,24.92,200,0
2017-03-16,17:45:00,24.92,24.92,24.92,24.92,100,0
2017-03-16,17:50:00,24.92,24.92,24.92,24.92,200,0
2017-03-16,17:55:00,24.92,24.92,24.92,24.92,200,0
2017-03-16,18:00:00,24.92,24.92,24.92,24.92,100,0
2017-03-16,18:05:00,24.92,24.92,24.9,24.9,300,0
2017-03-16,18:10:00,24.92,24.92,24.92,24.92,200,0
2017-03-16,18:15:00,24.92,24.92,24.92,24.92,100,0
2017-03-16,18:20:00,24.92,24.92,24.92,24.92,200,0
2017-03-16,18:25:00,24.92,24.92,24.92,24.92,100,0
2017-03-16,18:30:00,24.92,24.92,24.92,24.92,200,0
2017-03-16,18:35:00,24.92,24.92,24.92,24.92,200,0
2017-03-16,18:40:00,24.92,24.92,24.92,24.92,100,0
2017-03-16,18:45:00,24.92,24.92,24.92,24.92,200,0
2017-03-16,18:50:00,24.92,24.92,24.92,24.92,200,0
2017-03-16,18:55:00,24.92,24.92,24.92,24.92,100,0
2017-03-16,19:00:00,24.92,24.92,24.92,24.92,300,0
2017-03-16,19:05:00,24.93,24.93,24.93,24.93,200,0
2017-03-16,19:10:00,24.93,24.93,24.93,24.93,100,0
2017-03-16,19:15:00,24.93,24.93,24.93,24.93,200,0
2017-03-16,19:20:00,24.93,24.935,24.93,24.935,401,0
2017-03-16,19:25:00,24.93,24.93,24.93,24.93,200,0
2017-03-16,19:30:00,24.93,24.93,24.93,24.93,300,0
2017-03-16,19:35:00,24.93,24.93,24.93,24.93,200,0
2017-03-16,19:40:00,24.93,24.93,24.93,24.93,200,0
2017-03-16,19:45:00,24.93,24.93,24.915,24.93,646,0
2017-03-16,19:50:00,24.93,24.93,24.93,24.93,300,0
2017-03-16,19:55:00,24.93,24.93,24.91,24.91,200,0
2017-03-16,20:00:00,24.93,24.93,24.91,24.91,483,0
2017-03-16,20:10:00,24.93,24.93,24.93,24.93,200,0
2017-03-16,20:15:00,24.93,24.93,24.93,24.93,300,0
2017-03-16,20:20:00,24.93,24.93,24.93,24.93,200,0
2017-03-16,20:25:00,24.93,24.93,24.93,24.93,300,0
2017-03-16,20:30:00,24.93,24.93,24.91,24.91,300,0
2017-03-16,20:35:00,24.93,24.93,24.93,24.93,300,0
2017-03-16,20:40:00,24.93,24.93,24.93,24.93,300,0
2017-03-16,20:45:00,24.93,24.93,24.93,24.93,400,0
2017-03-16,20:50:00,24.93,24.93,24.9,24.9,500,0
2017-03-16,20:55:00,24.93,24.93,24.93,24.93,400,0
2017-03-16,21:00:00,24.93,24.93,24.91,24.91,800,0
2017-03-17,17:35:00,24.93,24.94,24.93,24.93,12400,0
2017-03-17,17:40:00,24.93,24.93,24.93,24.93,200,0
2017-03-17,17:45:00,24.93,24.93,24.93,24.93,300,0
2017-03-17,17:50:00,24.93,24.93,24.93,24.93,200,0
2017-03-17,17:55:00,24.93,24.93,24.93,24.93,200,0
2017-03-17,18:00:00,24.93,24.93,24.93,24.93,200,0
2017-03-17,18:05:00,24.93,24.94,24.93,24.94,8200,0
2017-03-17,18:10:00,24.94,24.94,24.94,24.94,200,0
2017-03-17,18:15:00,24.94,24.94,24.94,24.94,200,0
2017-03-17,18:20:00,24.94,24.94,24.94,24.94,200,0
2017-03-17,18:25:00,24.94,24.94,24.94,24.94,200,0
2017-03-17,18:30:00,24.94,24.94,24.94,24.94,200,0
2017-03-17,18:35:00,24.94,24.94,24.94,24.94,200,0
2017-03-17,18:40:00,24.94,24.94,24.94,24.94,300,0
2017-03-17,18:45:00,24.94,24.94,24.94,24.94,200,0
2017-03-17,18:50:00,24.94,24.94,24.94,24.94,200,0
2017-03-17,18:55:00,24.94,24.94,24.94,24.94,200,0
2017-03-17,19:00:00,24.94,24.94,24.94,24.94,300,0
2017-03-17,19:05:00,24.94,24.94,24.94,24.94,200,0
2017-03-17,19:10:00,24.94,24.94,24.94,24.94,300,0
2017-03-17,19:15:00,24.94,24.94,24.94,24.94,200,0
2017-03-17,19:20:00,24.94,24.94,24.94,24.94,300,0
2017-03-17,19:25:00,24.94,24.94,24.94,24.94,200,0
2017-03-17,19:30:00,24.94,24.94,24.94,24.94,300,0
2017-03-17,19:35:00,24.94,24.94,24.94,24.94,200,0
2017-03-17,19:40:00,24.94,24.94,24.94,24.94,300,0
2017-03-17,19:45:00,24.94,24.94,24.94,24.94,300,0
2017-03-17,19:50:00,24.94,24.94,24.94,24.94,200,0
2017-03-17,19:55:00,24.94,24.94,24.94,24.94,300,0
2017-03-17,20:00:00,24.94,24.94,24.94,24.94,300,0
2017-03-17,20:05:00,24.94,24.94,24.94,24.94,300,0
2017-03-17,20:10:00,24.94,24.94,24.94,24.94,300,0
2017-03-17,20:15:00,24.94,24.94,24.91,24.94,1300,0
2017-03-17,20:20:00,24.9289,24.94,24.9257,24.94,10200,0
2017-03-17,20:25:00,24.94,24.94,24.91,24.91,800,0
2017-03-17,20:30:00,24.94,24.94,24.94,24.94,300,0
2017-03-17,20:35:00,24.94,24.94,24.94,24.94,300,0
2017-03-17,20:40:00,24.94,24.94,24.94,24.94,400,0
2017-03-17,20:45:00,24.94,24.94,24.94,24.94,300,0
2017-03-17,20:50:00,24.94,24.94,24.94,24.94,400,0
2017-03-17,20:55:00,24.94,24.94,24.94,24.94,600,0
2017-03-17,21:00:00,24.94,24.94,24.94,24.94,1100,0
2017-03-20,18:00:00,24.93,24.94,24.91,24.91,14646,0
2017-03-20,18:05:00,24.91,24.91,24.91,24.91,300,0
2017-03-20,18:40:00,24.9246,24.9246,24.92,24.92,2100,0
2017-03-20,19:00:00,24.9314,24.9314,24.9314,24.9314,500,0
2017-03-20,19:05:00,24.94,24.94,24.92,24.9314,2600,0
2017-03-20,21:00:00,24.92,24.92,24.92,24.92,100,0
2017-03-21,15:55:00,24.9298,24.9298,24.9298,24.9298,790,0
2017-03-21,16:05:00,24.94,24.94,24.91,24.91,8400,0
2017-03-21,17:00:00,24.939,24.94,24.91,24.94,10300,0
2017-03-21,17:45:00,24.94,24.94,24.94,24.94,200,0
2017-03-21,18:55:00,24.94,24.94,24.91,24.91,8400,0
2017-03-21,19:15:00,24.93,24.93,24.93,24.93,233,0
2017-03-22,14:55:00,24.909,24.909,24.909,24.909,137,0
2017-03-22,16:00:00,24.92,24.92,24.92,24.92,200,0
2017-03-22,16:20:00,24.93,24.94,24.93,24.94,12170,0
2017-03-22,16:30:00,24.94,24.94,24.94,24.94,10000,0
2017-03-22,16:50:00,24.94,24.94,24.9275,24.94,8800,0
2017-03-22,19:55:00,24.92,24.92,24.92,24.92,100,0
2017-03-22,20:05:00,24.9224,24.9224,24.9224,24.9224,1300,0
2017-03-22,20:15:00,24.9202,24.9202,24.9202,24.9202,393,0
2017-03-23,15:05:00,24.93,24.93,24.93,24.93,4500,0
2017-03-23,15:15:00,24.93,24.93,24.93,24.93,1300,0
2017-03-23,16:40:00,24.93,24.93,24.91,24.93,2100,0
2017-03-23,16:45:00,24.93,24.93,24.92,24.93,2320,0
2017-03-23,17:35:00,24.9163,24.9285,24.9163,24.9285,1133,0
2017-03-23,18:05:00,24.9352,24.94,24.92,24.94,9866,0
2017-03-23,18:40:00,24.93,24.94,24.91,24.91,8300,0
2017-03-23,20:25:00,24.93,24.93,24.93,24.93,600,0
2017-03-24,15:30:00,24.93,24.93,24.93,24.93,205,0
2017-03-24,17:30:00,24.9219,24.9219,24.92,24.92,6300,0
2017-03-24,19:35:00,24.93,24.93,24.93,24.93,700,0
2017-03-24,20:00:00,24.93,24.93,24.93,24.93,500,0
2017-03-24,21:00:00,24.93,24.93,24.92,24.92,300,0
2017-03-27,15:35:00,24.9,24.9,24.9,24.9,2500,0
2017-03-27,15:40:00,24.93,24.93,24.93,24.93,2000,0
2017-03-27,15:55:00,24.915,24.915,24.9072,24.9081,2567,0
2017-03-27,16:10:00,24.9189,24.9189,24.9189,24.9189,103,0
2017-03-27,16:15:00,24.929,24.929,24.929,24.929,204,0
2017-03-27,16:30:00,24.9001,24.9001,24.9001,24.9001,162,0
2017-03-27,19:05:00,24.91,24.91,24.91,24.91,300,0
2017-03-27,19:20:00,24.915,24.93,24.9,24.9,3100,0
2017-03-27,20:05:00,24.9,24.9,24.9,24.9,6200,0
2017-03-27,20:10:00,24.9196,24.92,24.9,24.9,5200,0
2017-03-27,20:50:00,24.9,24.9,24.9,24.9,5600,0
2017-03-27,20:55:00,24.9,24.9,24.9,24.9,1048,0
2017-03-27,21:50:00,24.93,24.93,24.9294,24.93,4971,0
2017-03-28,18:00:00,24.9177,24.9177,24.9177,24.9177,319,0
2017-03-28,19:15:00,24.93,24.93,24.93,24.93,591,0
2017-03-28,19:45:00,24.9267,24.93,24.9267,24.93,41200,0
2017-03-28,20:05:00,24.93,24.93,24.93,24.93,5800,0
2017-03-28,20:15:00,24.9303,24.9303,24.9303,24.9303,200,0
2017-03-28,20:30:00,24.92,24.92,24.92,24.92,100,0
2017-03-28,21:15:00,24.9274,24.9274,24.9274,24.9274,126,0
2017-03-28,21:30:00,24.92,24.92,24.92,24.92,100,0
2017-03-28,21:40:00,24.9244,24.9244,24.9244,24.9244,402,0
2017-03-28,21:45:00,24.9244,24.9244,24.9244,24.9244,402,0
2017-03-28,21:55:00,24.92,24.92,24.92,24.92,100,0
2017-03-29,15:35:00,24.9,24.94,24.9,24.94,1250,0
2017-03-29,15:40:00,24.93,24.93,24.93,24.93,200,0
2017-03-29,15:45:00,24.93,24.93,24.93,24.93,200,0
2017-03-29,15:50:00,24.93,24.93,24.93,24.93,100,0
2017-03-29,15:55:00,24.93,24.93,24.93,24.93,200,0
2017-03-29,16:00:00,24.93,24.93,24.93,24.93,100,0
2017-03-29,16:10:00,24.94,24.94,24.94,24.94,200,0
2017-03-29,16:15:00,24.94,24.94,24.94,24.94,100,0
2017-03-29,16:20:00,24.94,24.94,24.94,24.94,273,0
2017-03-29,16:25:00,24.94,24.94,24.94,24.94,200,0
2017-03-29,16:30:00,24.94,24.94,24.94,24.94,100,0
2017-03-29,16:35:00,24.94,24.94,24.94,24.94,100,0
2017-03-29,16:40:00,24.94,24.94,24.94,24.94,100,0
2017-03-29,16:45:00,24.94,24.94,24.94,24.94,200,0
2017-03-29,16:55:00,24.94,24.94,24.94,24.94,100,0
2017-03-29,17:00:00,24.94,24.94,24.94,24.94,100,0
2017-03-29,17:05:00,24.94,24.94,24.94,24.94,100,0
2017-03-29,17:10:00,24.94,24.94,24.94,24.94,100,0
2017-03-29,17:15:00,24.94,24.94,24.94,24.94,200,0
2017-03-29,17:20:00,24.94,24.94,24.94,24.94,100,0
2017-03-29,17:25:00,24.94,24.94,24.94,24.94,100,0
2017-03-29,17:30:00,24.94,24.94,24.94,24.94,100,0
2017-03-29,17:35:00,24.94,24.94,24.94,24.94,100,0
2017-03-29,17:40:00,24.94,24.94,24.94,24.94,100,0
2017-03-29,17:45:00,24.94,24.94,24.94,24.94,100,0
2017-03-29,17:50:00,24.94,24.94,24.94,24.94,100,0
2017-03-29,17:55:00,24.94,24.94,24.94,24.94,100,0
2017-03-29,18:00:00,24.94,24.94,24.94,24.94,3830,0
2017-03-29,18:10:00,24.94,24.94,24.94,24.94,100,0
2017-03-29,18:15:00,24.94,24.94,24.94,24.94,100,0
2017-03-29,18:20:00,24.94,24.94,24.94,24.94,100,0
2017-03-29,18:25:00,24.94,24.94,24.94,24.94,100,0
2017-03-29,18:30:00,24.93,24.93,24.93,24.93,200,0
2017-03-29,18:45:00,24.93,24.93,24.93,24.93,100,0
2017-03-29,18:50:00,24.929,24.93,24.929,24.93,1200,0
2017-03-29,18:55:00,24.927,24.927,24.927,24.927,149,0
2017-03-29,19:00:00,24.93,24.93,24.93,24.93,100,0
2017-03-29,19:05:00,24.93,24.93,24.93,24.93,100,0
2017-03-29,19:10:00,24.93,24.93,24.92,24.92,1000,0
2017-03-29,19:15:00,24.9234,24.93,24.9234,24.93,1098,0
2017-03-29,19:20:00,24.93,24.93,24.93,24.93,100,0
2017-03-29,19:25:00,24.9299,24.93,24.925,24.93,1562,0
2017-03-29,19:30:00,24.93,24.93,24.93,24.93,100,0
2017-03-29,19:35:00,24.93,24.93,24.93,24.93,100,0
2017-03-29,19:45:00,24.93,24.93,24.93,24.93,100,0
2017-03-29,20:00:00,24.93,24.93,24.93,24.93,100,0
2017-03-29,20:40:00,24.93,24.93,24.93,24.93,192,0
2017-03-29,20:45:00,24.93,24.93,24.92,24.92,4600,0
2017-03-30,15:40:00,24.93,24.94,24.9298,24.9298,600,0
2017-03-30,15:50:00,24.94,24.94,24.94,24.94,100,0
2017-03-30,16:10:00,24.94,24.94,24.94,24.94,100,0
2017-03-30,16:30:00,24.94,24.94,24.94,24.94,100,0
2017-03-30,16:55:00,24.94,24.94,24.94,24.94,100,0
2017-03-30,17:00:00,24.91,24.91,24.91,24.91,181,0
2017-03-30,17:10:00,24.92,24.92,24.91,24.91,1208,0
2017-03-30,17:20:00,24.94,24.94,24.94,24.94,100,0
2017-03-30,17:50:00,24.94,24.94,24.94,24.94,100,0
2017-03-30,18:05:00,24.94,24.94,24.9398,24.9398,536,0
2017-03-30,18:20:00,24.94,24.94,24.94,24.94,100,0
2017-03-30,18:40:00,24.94,24.94,24.9273,24.9273,470,0
2017-03-30,18:55:00,24.94,24.94,24.94,24.94,100,0
2017-03-30,19:15:00,24.9273,24.9273,24.9273,24.9273,321,0
2017-03-30,19:25:00,24.9201,24.9201,24.9201,24.9201,120,0
2017-03-30,19:30:00,24.93,24.93,24.93,24.93,100,0
2017-03-31,16:55:00,24.9283,24.9283,24.9283,24.9283,929,0
2017-03-31,17:05:00,24.9399,24.9399,24.9399,24.9399,524,0
2017-03-31,17:10:00,24.9345,24.9345,24.92,24.92,348,0
2017-03-31,17:15:00,24.9322,24.9399,24.9322,24.9399,1259,0
2017-03-31,17:45:00,24.9314,24.9314,24.92,24.9201,2021,0
2017-03-31,18:15:00,24.9283,24.9283,24.9283,24.9283,1203,0
2017-03-31,18:25:00,24.92,24.92,24.92,24.92,769,0
2017-03-31,18:35:00,24.929,24.929,24.929,24.929,264,0
2017-03-31,19:50:00,24.9201,24.9201,24.9201,24.9201,289,0
2017-03-31,20:45:00,24.94,24.94,24.94,24.94,300,0
2017-03-31,21:40:00,24.92,24.92,24.92,24.92,201,0
2017-04-03,15:35:00,24.94,24.94,24.94,24.94,116,0
2017-04-03,16:05:00,24.94,24.94,24.9174,24.9174,3850,0
2017-04-03,22:00:00,24.92,24.92,24.91,24.91,9900,0
2017-04-04,15:35:00,24.9,24.9,24.9,24.9,208,0
2017-04-04,16:05:00,24.9088,24.9088,24.9088,24.9088,633,0
2017-04-04,18:15:00,24.92,24.93,24.92,24.93,1100,0
2017-04-04,19:55:00,24.9239,24.9239,24.9239,24.9239,222,0
2017-04-04,20:55:00,24.933,24.933,24.933,24.933,1000,0
2017-04-04,21:25:00,24.9267,24.9267,24.9267,24.9267,381,0
2017-04-04,22:00:00,24.92,24.92,24.92,24.92,100,0
2017-04-05,17:45:00,24.91,24.91,24.91,24.91,117,0
2017-04-05,21:30:00,24.9101,24.9195,24.91,24.9195,600,0
2017-04-05,21:40:00,24.9178,24.9178,24.91,24.91,270,0
2017-04-05,21:55:00,24.93,24.93,24.93,24.93,2000,0
2017-04-05,22:00:00,24.91,24.91,24.91,24.91,100,0
2017-04-06,16:40:00,24.9226,24.9226,24.9226,24.9226,255,0
2017-04-06,17:30:00,24.9215,24.9215,24.9215,24.9215,1000,0
2017-04-06,19:05:00,24.911,24.911,24.91,24.91,794,0
2017-04-06,19:20:00,24.93,24.93,24.9233,24.9233,2000,0
2017-04-06,20:10:00,24.92,24.92,24.92,24.92,100,0
2017-04-06,20:20:00,24.9201,24.9201,24.9201,24.9201,402,0
2017-04-06,21:30:00,24.9257,24.9257,24.9257,24.9257,1000,0
2017-04-07,16:50:00,24.9259,24.9259,24.9259,24.9259,110,0
2017-04-07,16:55:00,24.9237,24.9237,24.9237,24.9237,132,0
2017-04-07,21:20:00,24.92,24.93,24.92,24.92,1809,0
2017-04-10,15:35:00,24.9,24.9,24.9,24.9,200,0
2017-04-10,18:45:00,24.92,24.92,24.92,24.92,202,0
2017-04-10,21:55:00,24.92,24.92,24.91,24.91,3200,0
2017-04-10,22:00:00,24.92,24.92,24.92,24.92,100,0
2017-04-11,21:05:00,24.9201,24.9201,24.9201,24.9201,100,0
2017-04-12,16:15:00,24.9264,24.93,24.92,24.92,1604,0
2017-04-12,19:25:00,24.9299,24.9299,24.9299,24.9299,152,0
2017-04-13,15:40:00,24.93,24.93,24.93,24.93,100,0
2017-04-13,15:50:00,24.94,24.94,24.94,24.94,100,0
2017-04-13,16:00:00,24.94,24.94,24.94,24.94,100,0
2017-04-13,16:15:00,24.94,24.94,24.94,24.94,100,0
2017-04-13,16:25:00,24.94,24.94,24.94,24.94,100,0
2017-04-13,16:40:00,24.93,24.93,24.93,24.93,100,0
2017-04-13,16:50:00,24.93,24.93,24.93,24.93,100,0
2017-04-13,17:05:00,24.93,24.93,24.93,24.93,100,0
2017-04-13,17:15:00,24.93,24.93,24.93,24.93,100,0
2017-04-13,17:30:00,24.93,24.93,24.93,24.93,100,0
2017-04-13,17:45:00,24.93,24.93,24.93,24.93,100,0
2017-04-13,18:00:00,24.94,24.94,24.94,24.94,100,0
2017-04-13,18:15:00,24.94,24.94,24.94,24.94,1000,0
2017-04-13,18:20:00,24.94,24.94,24.94,24.94,100,0
2017-04-13,18:40:00,24.94,24.94,24.94,24.94,100,0
2017-04-13,19:00:00,24.94,24.94,24.94,24.94,100,0
2017-04-13,19:15:00,24.93,24.93,24.93,24.93,100,0
2017-04-13,19:35:00,24.93,24.93,24.93,24.93,100,0
2017-04-13,19:55:00,24.93,24.93,24.93,24.93,100,0
2017-04-13,22:00:00,24.91,24.91,24.91,24.91,100,0
2017-04-17,17:35:00,24.91,24.9157,24.91,24.9157,440,0
2017-04-17,18:00:00,24.924,24.924,24.91,24.91,440,0
2017-04-17,19:55:00,24.9156,24.9157,24.9156,24.9157,500,0
2017-04-17,20:15:00,24.9225,24.9225,24.9225,24.9225,172,0
2017-04-17,20:30:00,24.924,24.924,24.924,24.924,410,0
2017-04-18,16:35:00,24.9,24.9,24.9,24.9,500,0
2017-04-18,17:25:00,24.9017,24.9017,24.9017,24.9017,923,0
2017-04-18,19:05:00,24.94,24.94,24.94,24.94,200,0
2017-04-18,19:35:00,24.939,24.939,24.939,24.939,227,0
2017-04-18,19:55:00,24.9,24.9,24.9,24.9,100,0
2017-04-18,20:10:00,24.93,24.93,24.93,24.93,226,0
2017-04-19,16:50:00,24.9165,24.9165,24.91,24.91,4100,0
2017-04-19,19:15:00,24.9056,24.9056,24.9,24.9,1300,0
2017-04-19,19:35:00,24.9121,24.9121,24.9121,24.9121,343,0
2017-04-19,21:25:00,24.91,24.91,24.91,24.91,1208,0
2017-04-19,22:00:00,24.91,24.91,24.91,24.91,100,0
2017-04-20,16:35:00,24.9296,24.9296,24.9296,24.9296,2545,0
2017-04-20,19:05:00,24.926,24.926,24.92,24.92,4100,0
2017-04-20,19:10:00,24.92,24.92,24.92,24.92,100,0
2017-04-20,19:35:00,24.922,24.922,24.922,24.922,200,0
2017-04-20,21:00:00,24.92,24.9201,24.91,24.9101,2766,0
2017-04-20,22:00:00,24.91,24.91,24.91,24.91,100,0
2017-04-21,21:30:00,24.9003,24.9003,24.9003,24.9003,326,0
2017-04-21,22:00:00,24.9,24.9,24.9,24.9,100,0
2017-04-24,17:15:00,24.91,24.91,24.9,24.9,1500,0
2017-04-24,22:00:00,24.91,24.91,24.91,24.91,100,0
2017-04-25,15:35:00,24.9,24.9,24.9,24.9,350,0
2017-04-25,16:05:00,24.91,24.91,24.91,24.91,8000,0
2017-04-25,17:10:00,24.901,24.901,24.901,24.901,200,0
2017-04-25,17:25:00,24.9002,24.9002,24.9002,24.9002,107,0
2017-04-25,17:55:00,24.9062,24.9062,24.9062,24.9062,3300,0
2017-04-25,18:35:00,24.9,24.92,24.9,24.92,2004,0
2017-04-25,19:05:00,24.905,24.905,24.905,24.905,200,0
2017-04-25,19:45:00,24.9,24.9,24.9,24.9,167,0
2017-04-25,20:15:00,24.9083,24.9083,24.9083,24.9083,500,0
2017-04-25,20:55:00,24.91,24.91,24.91,24.91,100,0
2017-04-25,21:30:00,24.91,24.91,24.91,24.91,100,0
2017-04-25,21:45:00,24.93,24.93,24.93,24.93,250,0
2017-04-26,15:45:00,24.9232,24.9232,24.9232,24.9232,250,0
2017-04-26,17:50:00,24.919,24.919,24.919,24.919,392,0
2017-04-26,19:30:00,24.9297,24.9297,24.91,24.91,3060,0
2017-04-26,19:40:00,24.9256,24.9256,24.9256,24.9256,1025,0
2017-04-26,20:20:00,24.9183,24.9183,24.9183,24.9183,145,0
2017-04-26,21:35:00,24.92,24.92,24.92,24.92,145,0
