Date,Time,Open,High,Low,Close,Volume,OpenInt
2017-03-01,15:35:00,66,66.08,66,66.04,4394,0
2017-03-01,15:40:00,66.03,66.06,66.03,66.04,4917,0
2017-03-01,15:45:00,66.03,66.07,66.03,66.06,3699,0
2017-03-01,15:55:00,66.06,66.07,66.05,66.06,5600,0
2017-03-01,16:10:00,66.15,66.15,66.14,66.14,7300,0
2017-03-01,16:15:00,66.08,66.08,66.08,66.08,200,0
2017-03-01,16:25:00,66.0925,66.0925,66.0925,66.0925,750,0
2017-03-01,16:30:00,66.0704,66.09,66.0704,66.09,551,0
2017-03-01,17:20:00,66.24,66.3,66.24,66.3,16500,0
2017-03-01,17:40:00,66.27,66.27,66.27,66.27,100,0
2017-03-01,18:05:00,66.3,66.3,66.3,66.3,200,0
2017-03-01,18:10:00,66.31,66.31,66.31,66.31,100,0
2017-03-01,18:20:00,66.34,66.35,66.34,66.35,300,0
2017-03-01,18:25:00,66.31,66.31,66.31,66.31,400,0
2017-03-01,18:30:00,66.29,66.29,66.29,66.29,800,0
2017-03-01,18:40:00,66.28,66.28,66.26,66.26,500,0
2017-03-01,18:45:00,66.26,66.26,66.2585,66.26,300,0
2017-03-01,18:50:00,66.26,66.27,66.26,66.27,700,0
2017-03-01,18:55:00,66.29,66.29,66.29,66.29,100,0
2017-03-01,19:05:00,66.33,66.33,66.33,66.33,200,0
2017-03-01,19:10:00,66.33,66.33,66.33,66.33,300,0
2017-03-01,19:40:00,66.35,66.35,66.35,66.35,600,0
2017-03-01,19:45:00,66.35,66.35,66.35,66.35,200,0
2017-03-01,20:05:00,66.34,66.34,66.34,66.34,100,0
2017-03-01,20:35:00,66.318,66.318,66.318,66.318,324,0
2017-03-01,20:40:00,66.33,66.33,66.33,66.33,100,0
2017-03-01,21:20:00,66.37,66.37,66.37,66.37,300,0
2017-03-01,21:45:00,66.35,66.35,66.35,66.35,200,0
2017-03-01,21:55:00,66.33,66.33,66.32,66.32,400,0
2017-03-01,22:00:00,66.29,66.29,66.28,66.28,1000,0
2017-03-02,15:35:00,65.79,65.83,65.79,65.82,7500,0
2017-03-02,15:45:00,65.84,65.84,65.83,65.84,6625,0
2017-03-02,16:00:00,65.813,65.813,65.813,65.813,100,0
2017-03-02,16:20:00,65.78,65.78,65.78,65.78,100,0
2017-03-02,16:25:00,65.76,65.76,65.76,65.76,1500,0
2017-03-02,16:35:00,65.74,65.74,65.74,65.74,5000,0
2017-03-02,17:10:00,65.69,65.69,65.69,65.69,200,0
2017-03-02,17:15:00,65.66,65.68,65.66,65.68,8700,0
2017-03-02,17:25:00,65.66,65.67,65.66,65.67,1318,0
2017-03-02,18:45:00,65.5731,65.5731,65.5731,65.5731,138,0
2017-03-02,19:15:00,65.6096,65.6096,65.6096,65.6096,182,0
2017-03-02,19:25:00,65.5955,65.5955,65.5955,65.5955,560,0
2017-03-02,20:30:00,65.61,65.61,65.61,65.61,500,0
2017-03-02,21:20:00,65.62,65.62,65.62,65.62,600,0
2017-03-02,21:35:00,65.57,65.57,65.56,65.57,2500,0
2017-03-02,21:40:00,65.5602,65.5602,65.5602,65.5602,500,0
2017-03-02,22:00:00,65.61,65.61,65.61,65.61,300,0
2017-03-03,15:35:00,65.57,65.58,65.57,65.58,2300,0
2017-03-03,15:40:00,65.6,65.63,65.6,65.63,8000,0
2017-03-03,15:45:00,65.59,65.59,65.59,65.59,100,0
2017-03-03,15:50:00,65.58,65.58,65.57,65.57,1000,0
2017-03-03,15:55:00,65.58,65.58,65.53,65.53,2299,0
2017-03-03,16:00:00,65.54,65.54,65.54,65.54,1200,0
2017-03-03,16:15:00,65.54,65.55,65.54,65.55,2000,0
2017-03-03,16:20:00,65.54,65.54,65.53,65.53,200,0
2017-03-03,16:25:00,65.5,65.5,65.5,65.5,100,0
2017-03-03,16:30:00,65.53,65.53,65.53,65.53,1000,0
2017-03-03,16:35:00,65.48,65.48,65.48,65.48,1100,0
2017-03-03,16:45:00,65.52,65.52,65.52,65.52,300,0
2017-03-03,16:50:00,65.57,65.58,65.54,65.54,3500,0
2017-03-03,17:05:00,65.54,65.54,65.49,65.53,2251,0
2017-03-03,17:20:00,65.55,65.56,65.52,65.52,2200,0
2017-03-03,17:25:00,65.48,65.48,65.48,65.48,800,0
2017-03-03,17:30:00,65.47,65.47,65.47,65.47,300,0
2017-03-03,17:35:00,65.47,65.47,65.46,65.46,2000,0
2017-03-03,17:40:00,65.46,65.46,65.46,65.46,200,0
2017-03-03,18:10:00,65.51,65.51,65.51,65.51,600,0
2017-03-03,18:30:00,65.49,65.49,65.49,65.49,1000,0
2017-03-03,18:40:00,65.52,65.55,65.52,65.55,900,0
2017-03-03,18:45:00,65.55,65.55,65.55,65.55,100,0
2017-03-03,18:50:00,65.56,65.56,65.56,65.56,100,0
2017-03-03,18:55:00,65.57,65.59,65.57,65.58,2000,0
2017-03-03,19:00:00,65.58,65.58,65.58,65.58,100,0
2017-03-03,19:05:00,65.55,65.55,65.51,65.51,700,0
2017-03-03,19:10:00,65.6,65.62,65.6,65.62,500,0
2017-03-03,19:15:00,65.66,65.66,65.61,65.61,2600,0
2017-03-03,19:25:00,65.53,65.53,65.53,65.53,100,0
2017-03-03,19:35:00,65.54,65.54,65.54,65.54,762,0
2017-03-03,19:45:00,65.56,65.56,65.56,65.56,100,0
2017-03-03,20:05:00,65.64,65.64,65.63,65.63,200,0
2017-03-03,20:10:00,65.63,65.65,65.621,65.64,1745,0
2017-03-03,20:15:00,65.64,65.64,65.64,65.64,100,0
2017-03-03,20:25:00,65.62,65.62,65.62,65.62,1000,0
2017-03-03,20:30:00,65.62,65.62,65.62,65.62,100,0
2017-03-03,20:35:00,65.62,65.62,65.62,65.62,200,0
2017-03-03,20:45:00,65.61,65.61,65.6,65.6,900,0
2017-03-03,20:55:00,65.59,65.59,65.59,65.59,1600,0
2017-03-03,21:00:00,65.58,65.58,65.58,65.58,300,0
2017-03-03,21:05:00,65.56,65.57,65.55,65.57,3400,0
2017-03-03,22:00:00,65.61,65.63,65.61,65.61,1000,0
2017-03-06,15:35:00,65.64,65.65,65.64,65.65,663,0
2017-03-06,15:40:00,65.65,65.65,65.65,65.65,300,0
2017-03-06,15:55:00,65.63,65.63,65.63,65.63,600,0
2017-03-06,16:05:00,65.67,65.67,65.67,65.67,1000,0
2017-03-06,16:15:00,65.6732,65.6732,65.6732,65.6732,227,0
2017-03-06,16:35:00,65.61,65.61,65.61,65.61,100,0
2017-03-06,16:40:00,65.61,65.61,65.61,65.61,400,0
2017-03-06,16:45:00,65.64,65.64,65.64,65.64,1300,0
2017-03-06,16:50:00,65.63,65.63,65.63,65.63,100,0
2017-03-06,16:55:00,65.64,65.64,65.64,65.64,200,0
2017-03-06,17:00:00,65.64,65.64,65.64,65.64,200,0
2017-03-06,17:05:00,65.64,65.64,65.63,65.63,300,0
2017-03-06,18:10:00,65.6396,65.6396,65.6396,65.6396,217,0
2017-03-06,18:35:00,65.603,65.603,65.603,65.603,2080,0
2017-03-06,19:35:00,65.65,65.65,65.65,65.65,100,0
2017-03-06,21:25:00,65.65,65.65,65.65,65.65,300,0
2017-03-06,22:00:00,65.7099,65.7099,65.7099,65.7099,100,0
2017-03-07,16:05:00,65.647,65.647,65.63,65.63,1100,0
2017-03-07,16:40:00,65.7699,65.7699,65.7699,65.7699,181,0
2017-03-07,16:55:00,65.7483,65.7483,65.7483,65.7483,150,0
2017-03-07,18:10:00,65.76,65.78,65.76,65.78,300,0
2017-03-07,18:20:00,65.76,65.77,65.76,65.77,300,0
2017-03-07,18:25:00,65.78,65.78,65.78,65.78,500,0
2017-03-07,18:30:00,65.78,65.8,65.78,65.8,400,0
2017-03-07,18:35:00,65.8,65.81,65.79,65.81,400,0
2017-03-07,18:40:00,65.81,65.81,65.81,65.81,1300,0
2017-03-07,18:45:00,65.8,65.8,65.8,65.8,1000,0
2017-03-07,19:00:00,65.79,65.8,65.79,65.8,1800,0
2017-03-07,19:15:00,65.8,65.8,65.79,65.8,1350,0
2017-03-07,19:20:00,65.7972,65.7972,65.7972,65.7972,100,0
2017-03-07,19:30:00,65.77,65.78,65.77,65.78,1500,0
2017-03-07,19:35:00,65.77,65.78,65.77,65.78,1500,0
2017-03-07,19:40:00,65.77,65.77,65.77,65.77,100,0
2017-03-07,19:45:00,65.76,65.77,65.76,65.77,200,0
2017-03-07,20:00:00,65.73,65.73,65.73,65.73,600,0
2017-03-07,20:30:00,65.72,65.75,65.71,65.71,1700,0
2017-03-07,20:40:00,65.69,65.7,65.69,65.7,200,0
2017-03-07,20:50:00,65.71,65.72,65.71,65.72,1000,0
2017-03-07,20:55:00,65.75,65.76,65.74,65.76,500,0
2017-03-07,21:00:00,65.76,65.76,65.76,65.76,500,0
2017-03-07,21:10:00,65.75,65.76,65.75,65.76,500,0
2017-03-07,21:15:00,65.75,65.75,65.75,65.75,300,0
2017-03-07,21:20:00,65.75,65.75,65.735,65.735,700,0
2017-03-07,21:25:00,65.74,65.74,65.74,65.74,500,0
2017-03-07,21:30:00,65.74,65.74,65.74,65.74,800,0
2017-03-07,21:35:00,65.74,65.74,65.73,65.73,700,0
2017-03-07,21:40:00,65.73,65.73,65.73,65.73,600,0
2017-03-07,21:45:00,65.72,65.72,65.7,65.7,700,0
2017-03-07,21:50:00,65.72,65.72,65.7,65.7,700,0
2017-03-07,21:55:00,65.7,65.7,65.7,65.7,1183,0
2017-03-07,22:00:00,65.69,65.69,65.69,65.69,400,0
2017-03-08,15:35:00,65.57,65.57,65.53,65.53,1300,0
2017-03-08,15:40:00,65.57,65.57,65.53,65.56,5550,0
2017-03-08,15:45:00,65.57,65.58,65.57,65.58,1300,0
2017-03-08,15:50:00,65.59,65.59,65.58,65.58,5300,0
2017-03-08,15:55:00,65.58,65.58,65.54,65.54,1961,0
2017-03-08,16:00:00,65.5687,65.5687,65.55,65.55,1809,0
2017-03-08,16:05:00,65.56,65.56,65.56,65.56,2000,0
2017-03-08,16:10:00,65.53,65.53,65.52,65.52,1600,0
2017-03-08,16:30:00,65.52,65.52,65.52,65.52,1500,0
2017-03-08,16:40:00,65.53,65.53,65.53,65.53,1000,0
2017-03-08,16:45:00,65.5,65.5,65.5,65.5,1000,0
2017-03-08,16:50:00,65.5,65.5,65.5,65.5,1500,0
2017-03-08,17:00:00,65.5,65.5,65.5,65.5,200,0
2017-03-08,17:05:00,65.53,65.54,65.51,65.51,2179,0
2017-03-08,17:10:00,65.49,65.49,65.49,65.49,1500,0
2017-03-08,17:15:00,65.51,65.51,65.51,65.51,1500,0
2017-03-08,17:30:00,65.51,65.51,65.51,65.51,2000,0
2017-03-08,17:50:00,65.5,65.51,65.5,65.51,2000,0
2017-03-08,18:00:00,65.5,65.51,65.5,65.51,1500,0
2017-03-08,18:10:00,65.51,65.51,65.51,65.51,2700,0
2017-03-08,18:15:00,65.52,65.52,65.48,65.48,2000,0
2017-03-08,18:20:00,65.47,65.47,65.47,65.47,100,0
2017-03-08,19:05:00,65.54,65.54,65.54,65.54,100,0
2017-03-08,19:25:00,65.59,65.59,65.59,65.59,300,0
2017-03-08,19:30:00,65.6,65.6,65.6,65.6,1401,0
2017-03-08,20:30:00,65.5,65.5,65.49,65.5,1100,0
2017-03-08,20:35:00,65.5,65.5,65.49,65.4901,800,0
2017-03-08,20:45:00,65.49,65.49,65.49,65.49,300,0
2017-03-08,20:50:00,65.51,65.51,65.51,65.51,300,0
2017-03-08,21:00:00,65.51,65.51,65.51,65.51,1200,0
2017-03-08,21:05:00,65.52,65.52,65.52,65.52,300,0
2017-03-08,21:25:00,65.5464,65.5464,65.5464,65.5464,451,0
2017-03-08,21:35:00,65.54,65.54,65.47,65.47,2900,0
2017-03-08,21:40:00,65.48,65.48,65.45,65.45,1500,0
2017-03-08,21:45:00,65.45,65.45,65.42,65.42,800,0
2017-03-08,21:55:00,65.43,65.43,65.43,65.43,200,0
2017-03-09,15:35:00,65.5,65.52,65.5,65.51,1315,0
2017-03-09,15:40:00,65.5,65.5,65.5,65.5,500,0
2017-03-09,15:45:00,65.49,65.49,65.49,65.49,200,0
2017-03-09,15:50:00,65.52,65.52,65.52,65.52,200,0
2017-03-09,15:55:00,65.54,65.54,65.53,65.53,600,0
2017-03-09,16:05:00,65.53,65.53,65.53,65.53,200,0
2017-03-09,16:10:00,65.58,65.58,65.58,65.58,200,0
2017-03-09,16:15:00,65.58,65.58,65.58,65.58,200,0
2017-03-09,16:35:00,65.53,65.53,65.53,65.53,100,0
2017-03-09,16:50:00,65.53,65.53,65.53,65.53,200,0
2017-03-09,17:00:00,65.55,65.55,65.55,65.55,200,0
2017-03-09,17:30:00,65.62,65.62,65.62,65.62,200,0
2017-03-09,18:00:00,65.65,65.65,65.65,65.65,100,0
2017-03-09,19:30:00,65.62,65.62,65.62,65.62,115,0
2017-03-09,19:35:00,65.59,65.59,65.59,65.59,200,0
2017-03-09,19:40:00,65.57,65.57,65.57,65.57,100,0
2017-03-09,19:45:00,65.58,65.58,65.58,65.58,200,0
2017-03-09,20:40:00,65.515,65.515,65.515,65.515,100,0
2017-03-09,21:00:00,65.53,65.53,65.53,65.53,100,0
2017-03-09,21:10:00,65.53,65.53,65.53,65.53,200,0
2017-03-09,21:20:00,65.53,65.53,65.53,65.53,100,0
2017-03-09,21:25:00,65.53,65.53,65.53,65.53,200,0
2017-03-09,21:30:00,65.55,65.57,65.55,65.57,400,0
2017-03-09,21:35:00,65.58,65.61,65.58,65.61,400,0
2017-03-09,21:40:00,65.63,65.63,65.63,65.63,200,0
2017-03-09,21:45:00,65.63,65.63,65.63,65.63,100,0
2017-03-09,22:00:00,65.59,65.67,65.59,65.67,1500,0
2017-03-10,15:35:00,65.66,65.66,65.64,65.64,4311,0
2017-03-10,15:40:00,65.64,65.64,65.62,65.62,700,0
2017-03-10,15:45:00,65.62,65.62,65.61,65.61,200,0
2017-03-10,15:50:00,65.61,65.61,65.61,65.61,700,0
2017-03-10,16:00:00,65.77,65.8,65.76,65.79,1300,0
2017-03-10,16:15:00,65.8,65.8,65.8,65.8,500,0
2017-03-10,16:20:00,65.79,65.8,65.79,65.79,2649,0
2017-03-10,17:00:00,65.76,65.76,65.73,65.73,1900,0
2017-03-10,17:25:00,65.71,65.71,65.71,65.71,500,0
2017-03-10,17:30:00,65.74,65.74,65.74,65.74,800,0
2017-03-10,17:45:00,65.74,65.75,65.74,65.75,2100,0
2017-03-10,18:00:00,65.77,65.77,65.77,65.77,300,0
2017-03-10,18:35:00,65.7502,65.7502,65.7502,65.7502,100,0
2017-03-10,18:50:00,65.78,65.78,65.78,65.78,100,0
2017-03-10,19:45:00,65.7232,65.7232,65.7232,65.7232,300,0
2017-03-10,20:45:00,65.79,65.79,65.79,65.79,100,0
2017-03-10,21:25:00,65.8252,65.84,65.8252,65.84,210,0
2017-03-10,21:50:00,65.81,65.81,65.81,65.81,100,0
2017-03-10,21:55:00,65.81,65.81,65.81,65.81,200,0
2017-03-13,14:35:00,66,66,66,66,312,0
2017-03-13,14:50:00,66,66.04,66,66.03,1594,0
2017-03-13,14:55:00,66.02,66.03,66.02,66.03,200,0
2017-03-13,15:00:00,66.03,66.03,66.03,66.03,122,0
2017-03-13,15:10:00,66,66,66,66,100,0
2017-03-13,15:15:00,66.0101,66.0101,66.0101,66.0101,200,0
2017-03-13,15:25:00,66.02,66.02,66.02,66.02,100,0
2017-03-13,16:30:00,65.971,65.971,65.971,65.971,250,0
2017-03-13,16:40:00,66.01,66.01,66.01,66.01,100,0
2017-03-13,17:05:00,66.04,66.04,66.04,66.04,700,0
2017-03-13,17:15:00,66.01,66.01,66.01,66.01,100,0
2017-03-13,17:40:00,65.96,65.97,65.96,65.97,757,0
2017-03-13,17:45:00,65.96,65.96,65.96,65.96,1500,0
2017-03-13,17:55:00,65.9622,65.9622,65.9622,65.9622,100,0
2017-03-13,18:35:00,65.96,65.96,65.96,65.96,200,0
2017-03-13,19:30:00,65.97,65.98,65.97,65.98,1100,0
2017-03-13,19:50:00,65.9395,65.95,65.9395,65.95,250,0
2017-03-13,20:15:00,65.95,65.97,65.95,65.97,300,0
2017-03-13,20:35:00,65.96,65.96,65.96,65.96,100,0
2017-03-14,14:35:00,65.79,65.79,65.79,65.79,350,0
2017-03-14,14:40:00,65.78,65.78,65.78,65.78,280,0
2017-03-14,15:00:00,65.762,65.81,65.762,65.81,2000,0
2017-03-14,15:05:00,65.78,65.78,65.77,65.77,600,0
2017-03-14,15:10:00,65.78,65.78,65.78,65.78,100,0
2017-03-14,15:20:00,65.76,65.76,65.76,65.76,600,0
2017-03-14,15:30:00,65.76,65.76,65.76,65.76,100,0
2017-03-14,15:35:00,65.75,65.75,65.75,65.75,100,0
2017-03-14,15:40:00,65.77,65.77,65.77,65.77,100,0
2017-03-14,15:45:00,65.74,65.74,65.74,65.74,200,0
2017-03-14,15:55:00,65.76,65.76,65.76,65.76,100,0
2017-03-14,16:00:00,65.78,65.78,65.78,65.78,100,0
2017-03-14,16:05:00,65.81,65.81,65.81,65.81,200,0
2017-03-14,16:15:00,65.77,65.77,65.77,65.77,100,0
2017-03-14,16:20:00,65.8,65.8,65.8,65.8,100,0
2017-03-14,16:25:00,65.8,65.8,65.8,65.8,200,0
2017-03-14,16:30:00,65.8,65.8,65.8,65.8,100,0
2017-03-14,16:35:00,65.81,65.81,65.81,65.81,100,0
2017-03-14,16:45:00,65.81,65.81,65.81,65.81,200,0
2017-03-14,16:50:00,65.82,65.82,65.82,65.82,100,0
2017-03-14,16:55:00,65.8,65.8,65.8,65.8,200,0
2017-03-14,17:00:00,65.8,65.8,65.8,65.8,100,0
2017-03-14,17:05:00,65.82,65.82,65.82,65.82,100,0
2017-03-14,17:10:00,65.83,65.83,65.83,65.83,100,0
2017-03-14,17:15:00,65.8,65.8,65.78,65.78,686,0
2017-03-14,17:20:00,65.77,65.77,65.77,65.77,100,0
2017-03-14,17:25:00,65.76,65.76,65.76,65.76,100,0
2017-03-14,17:30:00,65.79,65.8,65.79,65.8,200,0
2017-03-14,17:35:00,65.81,65.81,65.81,65.81,100,0
2017-03-14,17:40:00,65.8,65.8,65.8,65.8,100,0
2017-03-14,17:50:00,65.8,65.8,65.79,65.79,200,0
2017-03-14,17:55:00,65.78,65.78,65.78,65.78,100,0
2017-03-14,18:00:00,65.77,65.77,65.77,65.77,100,0
2017-03-14,18:05:00,65.75,65.75,65.75,65.75,200,0
2017-03-14,18:15:00,65.77,65.77,65.77,65.77,100,0
2017-03-14,18:20:00,65.79,65.79,65.765,65.77,300,0
2017-03-14,18:30:00,65.79,65.79,65.79,65.79,100,0
2017-03-14,18:35:00,65.77,65.77,65.77,65.77,200,0
2017-03-14,18:45:00,65.77,65.77,65.77,65.77,100,0
2017-03-14,18:50:00,65.78,65.78,65.78,65.78,200,0
2017-03-14,18:55:00,65.77,65.77,65.77,65.77,100,0
2017-03-14,19:00:00,65.76,65.76,65.76,65.76,100,0
2017-03-14,19:05:00,65.75,65.75,65.75,65.75,100,0
2017-03-14,19:10:00,65.77,65.77,65.77,65.77,100,0
2017-03-14,19:15:00,65.77,65.77,65.77,65.77,100,0
2017-03-14,19:20:00,65.77,65.77,65.77,65.77,100,0
2017-03-14,19:25:00,65.77,65.77,65.7699,65.77,683,0
2017-03-14,19:30:00,65.78,65.78,65.78,65.78,100,0
2017-03-14,19:35:00,65.79,65.79,65.79,65.79,200,0
2017-03-14,19:45:00,65.78,65.78,65.78,65.78,100,0
2017-03-14,19:50:00,65.76,65.77,65.76,65.77,200,0
2017-03-14,19:55:00,65.76,65.76,65.76,65.76,100,0
2017-03-14,20:00:00,65.75,65.75,65.75,65.75,100,0
2017-03-14,20:05:00,65.75,65.77,65.75,65.77,400,0
2017-03-14,20:15:00,65.77,65.77,65.77,65.77,100,0
2017-03-14,20:20:00,65.78,65.78,65.78,65.78,100,0
2017-03-14,20:25:00,65.78,65.78,65.78,65.78,100,0
2017-03-14,20:30:00,65.78,65.78,65.78,65.78,100,0
2017-03-14,20:35:00,65.79,65.79,65.79,65.79,100,0
2017-03-14,20:40:00,65.79,65.79,65.79,65.79,100,0
2017-03-14,20:45:00,65.78,65.78,65.765,65.77,313,0
2017-03-14,20:50:00,65.77,65.77,65.77,65.77,100,0
2017-03-14,20:55:00,65.77,65.77,65.77,65.77,135,0
2017-03-14,21:00:00,65.79,65.8,65.79,65.79,3249,0
2017-03-15,14:35:00,65.69,65.69,65.69,65.69,463,0
2017-03-15,15:05:00,65.64,65.64,65.64,65.64,200,0
2017-03-15,15:10:00,65.63,65.63,65.63,65.63,200,0
2017-03-15,15:25:00,65.6399,65.64,65.6399,65.64,252,0
2017-03-15,15:35:00,65.66,65.66,65.66,65.66,200,0
2017-03-15,15:45:00,65.67,65.67,65.67,65.67,180,0
2017-03-15,16:05:00,65.63,65.64,65.63,65.64,1100,0
2017-03-15,16:20:00,65.64,65.64,65.64,65.64,700,0
2017-03-15,16:25:00,65.65,65.65,65.64,65.64,200,0
2017-03-15,16:35:00,65.66,65.66,65.66,65.66,118,0
2017-03-15,17:45:00,65.78,65.79,65.78,65.79,300,0
2017-03-15,18:05:00,65.7732,65.7732,65.7536,65.7536,3244,0
2017-03-15,18:15:00,65.73,65.73,65.73,65.73,100,0
2017-03-15,18:20:00,65.725,65.725,65.72,65.72,763,0
2017-03-15,19:05:00,65.8,65.81,65.78,65.78,900,0
2017-03-15,19:10:00,66.1,66.1,66.02,66.02,600,0
2017-03-15,19:15:00,66.01,66.01,66.01,66.01,500,0
2017-03-15,19:25:00,66.04,66.04,66.01,66.02,797,0
2017-03-15,19:50:00,66.16,66.23,66.16,66.21,2600,0
2017-03-15,20:05:00,66.17,66.2299,66.17,66.2299,307,0
2017-03-15,20:10:00,66.17,66.17,66.17,66.17,800,0
2017-03-15,20:40:00,66.1952,66.1952,66.1952,66.1952,250,0
2017-03-15,21:00:00,66.15,66.17,66.15,66.17,873,0
2017-03-16,14:35:00,66.73,66.73,66.7,66.7,400,0
2017-03-16,14:40:00,66.69,66.69,66.69,66.69,3100,0
2017-03-16,14:50:00,66.69,66.69,66.69,66.69,2200,0
2017-03-16,14:55:00,66.66,66.66,66.66,66.66,1500,0
2017-03-16,15:00:00,66.66,66.66,66.66,66.66,1300,0
2017-03-16,15:25:00,66.5628,66.5628,66.5628,66.5628,150,0
2017-03-16,15:35:00,66.5779,66.5779,66.5779,66.5779,1500,0
2017-03-16,15:40:00,66.55,66.55,66.55,66.55,100,0
2017-03-16,15:50:00,66.52,66.52,66.52,66.52,100,0
2017-03-16,16:15:00,66.5,66.5,66.5,66.5,100,0
2017-03-16,16:25:00,66.475,66.475,66.475,66.475,1000,0
2017-03-16,17:00:00,66.55,66.55,66.55,66.55,100,0
2017-03-16,17:05:00,66.55,66.55,66.55,66.55,1681,0
2017-03-16,17:40:00,66.5,66.5,66.5,66.5,200,0
2017-03-16,17:55:00,66.5468,66.5468,66.51,66.51,200,0
2017-03-16,18:25:00,66.52,66.52,66.46,66.46,425,0
2017-03-16,19:05:00,66.409,66.409,66.409,66.409,100,0
2017-03-16,19:30:00,66.41,66.4166,66.41,66.4166,3900,0
2017-03-16,19:45:00,66.41,66.41,66.41,66.41,2000,0
2017-03-16,19:50:00,66.41,66.41,66.39,66.39,2800,0
2017-03-16,19:55:00,66.39,66.39,66.39,66.39,457,0
2017-03-16,20:00:00,66.3685,66.3685,66.3685,66.3685,200,0
2017-03-16,20:40:00,66.33,66.33,66.33,66.33,200,0
2017-03-16,20:45:00,66.35,66.35,66.35,66.35,300,0
2017-03-16,20:50:00,66.37,66.38,66.37,66.37,300,0
2017-03-16,20:55:00,66.35,66.38,66.35,66.38,1500,0
2017-03-16,21:00:00,66.37,66.38,66.34,66.37,2866,0
2017-03-17,15:05:00,66.7,66.78,66.68,66.68,4547,0
2017-03-17,15:50:00,66.73,66.73,66.73,66.73,300,0
2017-03-17,16:05:00,66.68,66.69,66.67,66.68,1100,0
2017-03-17,16:10:00,66.68,66.68,66.68,66.68,100,0
2017-03-17,16:20:00,66.71,66.71,66.71,66.71,1100,0
2017-03-17,16:25:00,66.7169,66.7169,66.7169,66.7169,350,0
2017-03-17,16:40:00,66.7334,66.7334,66.7334,66.7334,117,0
2017-03-17,17:35:00,66.76,66.76,66.76,66.76,100,0
2017-03-17,17:45:00,66.76,66.76,66.76,66.76,100,0
2017-03-17,18:25:00,66.77,66.77,66.77,66.77,100,0
2017-03-17,20:15:00,66.81,66.81,66.81,66.81,200,0
2017-03-20,17:30:00,66.9,66.9,66.9,66.9,1000,0
2017-03-20,17:40:00,66.86,66.86,66.86,66.86,150,0
2017-03-20,18:10:00,66.84,66.84,66.84,66.84,200,0
2017-03-20,19:40:00,66.72,66.72,66.7,66.71,3100,0
2017-03-21,14:35:00,67.11,67.11,67.11,67.11,101,0
2017-03-21,14:50:00,67.14,67.14,67.14,67.14,200,0
2017-03-21,15:10:00,67.105,67.105,67.095,67.095,1200,0
2017-03-21,15:15:00,67.07,67.07,67.07,67.07,200,0
2017-03-21,15:20:00,67.04,67.05,66.99,67.02,104261,0
2017-03-21,15:25:00,66.98,66.99,66.97,66.97,4800,0
2017-03-21,15:30:00,66.97,66.97,66.93,66.94,1200,0
2017-03-21,15:35:00,66.93,66.94,66.93,66.94,1200,0
2017-03-21,15:40:00,66.94,66.94,66.94,66.94,300,0
2017-03-21,15:45:00,66.94,66.94,66.93,66.94,900,0
2017-03-21,15:50:00,66.94,66.94,66.94,66.94,200,0
2017-03-21,15:55:00,66.93,66.93,66.91,66.91,500,0
2017-03-21,16:00:00,66.9,66.9,66.87,66.87,1500,0
2017-03-21,16:05:00,66.89,66.89,66.84,66.84,1200,0
2017-03-21,16:10:00,66.84,66.84,66.8,66.8,1400,0
2017-03-21,16:15:00,66.8,66.8,66.7762,66.7762,2588,0
2017-03-21,16:20:00,66.76,66.76,66.72,66.72,3400,0
2017-03-21,16:35:00,66.6,66.6,66.59,66.59,600,0
2017-03-21,16:40:00,66.59,66.59,66.52,66.54,2700,0
2017-03-21,17:00:00,66.67,66.68,66.67,66.68,300,0
2017-03-21,17:10:00,66.69,66.71,66.69,66.71,300,0
2017-03-21,17:30:00,66.65,66.65,66.65,66.65,100,0
2017-03-21,17:35:00,66.64,66.67,66.64,66.66,1000,0
2017-03-21,17:40:00,66.66,66.66,66.66,66.66,200,0
2017-03-21,18:10:00,66.62,66.62,66.62,66.62,300,0
2017-03-21,18:35:00,66.64,66.64,66.64,66.64,200,0
2017-03-21,18:40:00,66.6101,66.6101,66.6101,66.6101,495,0
2017-03-21,19:05:00,66.5,66.5,66.5,66.5,400,0
2017-03-21,20:00:00,66.56,66.57,66.54,66.57,800,0
2017-03-21,20:15:00,66.61,66.61,66.61,66.61,200,0
2017-03-21,20:30:00,66.61,66.63,66.61,66.63,801,0
2017-03-21,21:00:00,66.56,66.56,66.52,66.56,2100,0
2017-03-22,14:35:00,66.51,66.54,66.51,66.54,900,0
2017-03-22,14:40:00,66.56,66.59,66.56,66.59,2100,0
2017-03-22,14:45:00,66.57,66.59,66.57,66.59,1500,0
2017-03-22,15:20:00,66.48,66.5,66.48,66.5,300,0
2017-03-22,16:20:00,66.56,66.56,66.56,66.56,100,0
2017-03-22,16:25:00,66.56,66.56,66.56,66.56,500,0
2017-03-22,16:30:00,66.59,66.59,66.59,66.59,500,0
2017-03-22,16:35:00,66.55,66.55,66.55,66.55,200,0
2017-03-22,16:50:00,66.54,66.54,66.54,66.54,2500,0
2017-03-22,17:10:00,66.58,66.58,66.58,66.58,100,0
2017-03-22,17:50:00,66.56,66.56,66.5301,66.5301,535,0
2017-03-22,18:30:00,66.6,66.6,66.6,66.6,600,0
2017-03-22,20:25:00,66.7,66.7,66.7,66.7,500,0
2017-03-22,20:45:00,66.6775,66.6775,66.6775,66.6775,543,0
2017-03-22,21:00:00,66.64,66.64,66.64,66.64,100,0
2017-03-23,14:35:00,66.47,66.47,66.44,66.44,5300,0
2017-03-23,14:40:00,66.47,66.47,66.47,66.47,100,0
2017-03-23,14:50:00,66.4422,66.4422,66.4422,66.4422,200,0
2017-03-23,15:00:00,66.4473,66.4473,66.4473,66.4473,750,0
2017-03-23,15:05:00,66.43,66.43,66.43,66.43,200,0
2017-03-23,15:50:00,66.49,66.49,66.49,66.49,200,0
2017-03-23,16:05:00,66.53,66.53,66.53,66.53,100,0
2017-03-23,16:20:00,66.58,66.58,66.58,66.58,200,0
2017-03-23,16:30:00,66.56,66.56,66.56,66.56,200,0
2017-03-23,16:35:00,66.56,66.56,66.56,66.56,300,0
2017-03-23,17:00:00,66.57,66.57,66.57,66.57,300,0
2017-03-23,17:05:00,66.6,66.6,66.6,66.6,100,0
2017-03-23,17:15:00,66.61,66.61,66.61,66.61,200,0
2017-03-23,17:20:00,66.61,66.61,66.61,66.61,500,0
2017-03-23,17:35:00,66.62,66.63,66.62,66.63,500,0
2017-03-23,17:45:00,66.66,66.66,66.66,66.66,100,0
2017-03-23,17:55:00,66.69,66.69,66.69,66.69,400,0
2017-03-23,18:05:00,66.71,66.71,66.71,66.71,300,0
2017-03-23,18:10:00,66.66,66.66,66.66,66.66,100,0
2017-03-23,18:15:00,66.65,66.67,66.65,66.67,7200,0
2017-03-23,18:20:00,66.67,66.67,66.67,66.67,800,0
2017-03-23,18:40:00,66.6001,66.6001,66.6001,66.6001,328,0
2017-03-23,18:55:00,66.61,66.61,66.61,66.61,100,0
2017-03-23,19:10:00,66.62,66.62,66.62,66.62,100,0
2017-03-23,19:25:00,66.6,66.6,66.6,66.6,100,0
2017-03-23,19:30:00,66.6171,66.6171,66.6171,66.6171,959,0
2017-03-23,19:45:00,66.6,66.6,66.6,66.6,100,0
2017-03-23,20:05:00,66.61,66.61,66.61,66.61,100,0
2017-03-23,20:20:00,66.58,66.58,66.58,66.58,100,0
2017-03-23,20:35:00,66.56,66.56,66.56,66.56,100,0
2017-03-23,20:55:00,66.57,66.58,66.57,66.5799,354,0
2017-03-23,21:00:00,66.61,66.61,66.61,66.61,100,0
2017-03-24,14:50:00,67.02,67.043,67.02,67.043,263,0
2017-03-24,15:10:00,67.06,67.06,67.06,67.06,300,0
2017-03-24,15:15:00,67.0436,67.0436,67.0436,67.0436,175,0
2017-03-24,16:00:00,67.13,67.13,67.13,67.13,200,0
2017-03-24,16:10:00,67.12,67.1299,67.12,67.1299,583,0
2017-03-24,16:15:00,67.0913,67.0913,67.0913,67.0913,1500,0
2017-03-24,16:35:00,67.12,67.12,67.12,67.12,836,0
2017-03-24,16:50:00,67.16,67.16,67.16,67.16,500,0
2017-03-24,16:55:00,67.13,67.13,67.13,67.13,300,0
2017-03-24,17:10:00,67.14,67.14,67.14,67.14,100,0
2017-03-24,17:40:00,67.12,67.12,67.12,67.12,100,0
2017-03-24,18:35:00,67.17,67.17,67.17,67.17,100,0
2017-03-24,19:05:00,67.12,67.12,67.12,67.12,100,0
2017-03-24,19:30:00,67.07,67.07,67.07,67.07,100,0
2017-03-24,19:55:00,67.11,67.11,67.07,67.07,1002,0
2017-03-24,20:05:00,67.05,67.05,67.05,67.05,100,0
2017-03-24,20:20:00,67.03,67.03,67.03,67.03,600,0
2017-03-24,20:30:00,67.02,67.02,67.02,67.02,400,0
2017-03-24,20:35:00,67.04,67.04,67.04,67.04,100,0
2017-03-24,21:00:00,67.03,67.03,67.03,67.03,100,0
2017-03-27,15:40:00,66.8,66.8,66.8,66.8,1000,0
2017-03-27,16:00:00,66.85,66.85,66.85,66.85,100,0
2017-03-27,16:40:00,66.82,66.82,66.82,66.82,100,0
2017-03-27,16:45:00,66.83,66.86,66.83,66.85,4600,0
2017-03-27,16:50:00,66.86,66.87,66.85,66.87,2812,0
2017-03-27,16:55:00,66.84,66.88,66.84,66.87,3900,0
2017-03-27,17:00:00,66.85,66.86,66.85,66.86,702,0
2017-03-27,17:35:00,66.84,66.86,66.84,66.86,2200,0
2017-03-27,17:45:00,66.86,66.86,66.86,66.86,500,0
2017-03-27,17:50:00,66.85,66.85,66.85,66.85,100,0
2017-03-27,18:00:00,66.83,66.83,66.83,66.83,100,0
2017-03-27,18:05:00,66.84,66.84,66.84,66.84,100,0
2017-03-27,18:10:00,66.89,66.89,66.87,66.87,400,0
2017-03-27,18:15:00,66.88,66.89,66.87,66.87,500,0
2017-03-27,18:20:00,66.9,66.9,66.9,66.9,12193,0
2017-03-27,18:30:00,66.92,66.92,66.92,66.92,500,0
2017-03-27,18:35:00,66.88,66.93,66.88,66.93,1000,0
2017-03-27,18:50:00,66.9495,66.9495,66.9495,66.9495,130,0
2017-03-27,18:55:00,66.9547,66.9547,66.9547,66.9547,160,0
2017-03-27,19:05:00,67.01,67.01,66.99,66.99,600,0
2017-03-27,19:10:00,67.06,67.06,67.06,67.06,500,0
2017-03-27,19:30:00,67.05,67.05,67.05,67.05,100,0
2017-03-27,19:45:00,67.04,67.04,67.04,67.04,100,0
2017-03-27,19:50:00,67.03,67.03,67.03,67.03,200,0
2017-03-27,20:25:00,67,67,67,67,100,0
2017-03-27,20:40:00,66.99,66.99,66.99,66.99,400,0
2017-03-27,20:45:00,66.99,66.99,66.99,66.99,100,0
2017-03-27,20:55:00,67.02,67.02,67.02,67.02,100,0
2017-03-27,21:15:00,67.0201,67.0201,67.0201,67.0201,283,0
2017-03-27,21:45:00,67.05,67.08,67.05,67.08,300,0
2017-03-27,22:00:00,67.04,67.04,67.04,67.04,100,0
2017-03-28,15:35:00,67.56,67.56,67.49,67.52,2210,0
2017-03-28,15:40:00,67.56,67.56,67.55,67.55,5497,0
2017-03-28,15:45:00,67.5,67.5,67.5,67.5,200,0
2017-03-28,15:50:00,67.46,67.46,67.46,67.46,1200,0
2017-03-28,15:55:00,67.46,67.46,67.44,67.44,800,0
2017-03-28,16:00:00,67.43,67.43,67.43,67.43,600,0
2017-03-28,16:05:00,67.43,67.51,67.43,67.51,4880,0
2017-03-28,16:10:00,67.53,67.55,67.53,67.55,12758,0
2017-03-28,16:15:00,67.55,67.59,67.54,67.59,33663,0
2017-03-28,16:20:00,67.52,67.52,67.52,67.52,200,0
2017-03-28,16:25:00,67.52,67.52,67.52,67.52,600,0
2017-03-28,16:30:00,67.54,67.54,67.54,67.54,1500,0
2017-03-28,17:35:00,67.69,67.69,67.69,67.69,100,0
2017-03-28,19:00:00,67.66,67.66,67.66,67.66,400,0
2017-03-28,19:35:00,67.69,67.69,67.68,67.69,3000,0
2017-03-28,19:45:00,67.7,67.7,67.7,67.7,300,0
2017-03-28,19:50:00,67.735,67.735,67.735,67.735,200,0
2017-03-28,20:00:00,67.73,67.73,67.73,67.73,200,0
2017-03-28,20:05:00,67.72,67.72,67.72,67.72,100,0
2017-03-28,20:10:00,67.71,67.73,67.7,67.73,2420,0
2017-03-28,20:15:00,67.74,67.74,67.74,67.74,500,0
2017-03-28,20:25:00,67.72,67.72,67.72,67.72,100,0
2017-03-28,20:45:00,67.75,67.75,67.75,67.75,100,0
2017-03-28,21:35:00,67.76,67.76,67.76,67.76,200,0
2017-03-28,21:50:00,67.8,67.8,67.8,67.8,100,0
2017-03-28,22:00:00,67.82,67.82,67.81,67.81,2173,0
2017-03-29,15:40:00,67.52,67.52,67.52,67.52,1200,0
2017-03-29,15:45:00,67.52,67.52,67.52,67.52,1000,0
2017-03-29,15:50:00,67.51,67.52,67.51,67.52,2000,0
2017-03-29,15:55:00,67.52,67.52,67.52,67.52,3000,0
2017-03-29,16:00:00,67.53,67.55,67.53,67.55,3200,0
2017-03-29,16:05:00,67.53,67.53,67.53,67.53,605,0
2017-03-29,16:45:00,67.55,67.55,67.55,67.55,2400,0
2017-03-29,16:50:00,67.57,67.6,67.57,67.6,3100,0
2017-03-29,17:00:00,67.6,67.6,67.59,67.6,2000,0
2017-03-29,17:15:00,67.61,67.61,67.61,67.61,2600,0
2017-03-29,17:20:00,67.59,67.59,67.59,67.59,100,0
2017-03-29,17:25:00,67.58,67.58,67.58,67.58,200,0
2017-03-29,17:35:00,67.58,67.58,67.58,67.58,1900,0
2017-03-29,17:40:00,67.59,67.59,67.56,67.56,1150,0
2017-03-29,17:55:00,67.55,67.56,67.55,67.55,600,0
2017-03-29,18:00:00,67.55,67.56,67.55,67.56,500,0
2017-03-29,18:05:00,67.56,67.59,67.56,67.59,500,0
2017-03-29,18:10:00,67.58,67.59,67.58,67.59,1500,0
2017-03-29,18:15:00,67.58,67.6,67.58,67.6,2422,0
2017-03-29,18:20:00,67.6,67.6,67.6,67.6,1000,0
2017-03-29,18:25:00,67.61,67.63,67.61,67.63,2500,0
2017-03-29,18:30:00,67.63,67.63,67.63,67.63,500,0
2017-03-29,18:45:00,67.6,67.6,67.6,67.6,1500,0
2017-03-29,19:05:00,67.564,67.564,67.564,67.564,224,0
2017-03-29,19:10:00,67.51,67.51,67.51,67.51,700,0
2017-03-29,19:45:00,67.5924,67.5924,67.5924,67.5924,100,0
2017-03-29,20:50:00,67.5796,67.5796,67.5796,67.5796,125,0
2017-03-29,22:00:00,67.62,67.63,67.62,67.63,300,0
2017-03-30,15:35:00,67.02,67.1074,67.02,67.1074,303,0
2017-03-30,15:55:00,67.08,67.08,67.08,67.08,200,0
2017-03-30,16:00:00,67.05,67.05,67.05,67.05,200,0
2017-03-30,16:20:00,67.06,67.06,67.05,67.05,300,0
2017-03-30,17:20:00,67.09,67.09,67.09,67.09,200,0
2017-03-30,17:25:00,67.08,67.08,67.08,67.08,202,0
2017-03-30,17:35:00,67.0889,67.0889,67.0889,67.0889,258,0
2017-03-30,17:40:00,67.08,67.08,67.08,67.08,200,0
2017-03-30,17:45:00,67.06,67.0899,67.06,67.0899,204,0
2017-03-30,17:55:00,67.0926,67.0926,67.0926,67.0926,157,0
2017-03-30,18:15:00,67.069,67.069,67.069,67.069,220,0
2017-03-30,18:20:00,67.08,67.08,67.08,67.08,200,0
2017-03-30,18:30:00,67.09,67.09,67.09,67.09,100,0
2017-03-30,18:45:00,67.12,67.12,67.12,67.12,200,0
2017-03-30,19:00:00,67.11,67.11,67.1,67.1,400,0
2017-03-30,19:05:00,67.09,67.09,67.09,67.09,300,0
2017-03-30,19:15:00,67.08,67.08,67.08,67.08,202,0
2017-03-30,19:25:00,67.08,67.08,67.08,67.08,400,0
2017-03-30,19:35:00,67.09,67.09,67.09,67.09,300,0
2017-03-30,20:10:00,67.08,67.08,67.08,67.08,100,0
2017-03-30,20:15:00,67.0732,67.0732,67.0732,67.0732,204,0
2017-03-30,20:25:00,67.08,67.08,67.08,67.08,500,0
2017-03-30,20:35:00,67.07,67.07,67.07,67.07,100,0
2017-03-30,20:45:00,67.08,67.08,67.08,67.08,100,0
2017-03-30,21:00:00,67.04,67.05,67.04,67.05,500,0
2017-03-30,21:25:00,67.06,67.06,67.06,67.06,100,0
2017-03-30,21:30:00,67.04,67.04,67.04,67.04,200,0
2017-03-30,21:50:00,67.01,67.01,67.01,67.01,142,0
2017-03-30,22:00:00,67.01,67.01,67.01,67.01,500,0
2017-03-31,15:35:00,66.28,66.28,66.28,66.28,400,0
2017-03-31,15:40:00,66.19,66.19,66.19,66.19,200,0
2017-03-31,15:45:00,66.2,66.2,66.2,66.2,200,0
2017-03-31,15:50:00,66.21,66.21,66.19,66.19,1700,0
2017-03-31,16:15:00,66.17,66.17,66.17,66.17,454,0
2017-03-31,16:35:00,66.1525,66.1525,66.1525,66.1525,300,0
2017-03-31,16:45:00,66.19,66.19,66.19,66.19,2994,0
2017-03-31,16:55:00,66.23,66.23,66.22,66.22,1203,0
2017-03-31,17:00:00,66.24,66.24,66.23,66.23,1400,0
2017-03-31,17:10:00,66.21,66.21,66.21,66.21,100,0
2017-03-31,17:20:00,66.233,66.233,66.233,66.233,200,0
2017-03-31,18:00:00,66.23,66.23,66.22,66.22,3900,0
2017-03-31,18:55:00,66.324,66.324,66.324,66.324,600,0
2017-03-31,19:45:00,66.3387,66.3387,66.33,66.33,200,0
2017-03-31,20:30:00,66.33,66.33,66.33,66.33,200,0
2017-04-03,15:40:00,66.48,66.53,66.48,66.53,5300,0
2017-04-03,15:45:00,66.53,66.53,66.53,66.53,100,0
2017-04-03,15:50:00,66.51,66.53,66.508,66.53,12061,0
2017-04-03,15:55:00,66.52,66.54,66.52,66.54,5300,0
2017-04-03,16:00:00,66.53,66.55,66.53,66.53,3700,0
2017-04-03,17:05:00,66.53,66.53,66.53,66.53,300,0
2017-04-03,17:50:00,66.51,66.51,66.51,66.51,100,0
2017-04-03,18:35:00,66.5401,66.5401,66.5401,66.5401,400,0
2017-04-03,18:45:00,66.54,66.54,66.54,66.54,500,0
2017-04-03,21:45:00,66.7,66.7,66.7,66.7,400,0
2017-04-03,21:50:00,66.71,66.71,66.71,66.71,375,0
2017-04-03,22:00:00,66.78,66.79,66.74,66.74,2249,0
2017-04-04,15:35:00,66.28,66.28,66.18,66.18,305,0
2017-04-04,15:40:00,66.16,66.16,66.16,66.16,201,0
2017-04-04,16:10:00,66.1,66.1,66.09,66.09,200,0
2017-04-04,16:45:00,66.18,66.2,66.18,66.19,300,0
2017-04-04,17:10:00,66.19,66.19,66.19,66.19,145,0
2017-04-04,17:25:00,66.2,66.2,66.2,66.2,100,0
2017-04-04,17:30:00,66.24,66.24,66.24,66.24,100,0
2017-04-04,17:45:00,66.265,66.265,66.265,66.265,100,0
2017-04-04,17:50:00,66.28,66.29,66.28,66.29,200,0
2017-04-04,18:00:00,66.3,66.3,66.3,66.3,200,0
2017-04-04,19:05:00,66.27,66.27,66.27,66.27,100,0
2017-04-04,19:15:00,66.29,66.29,66.29,66.29,100,0
2017-04-04,19:35:00,66.29,66.29,66.29,66.29,200,0
2017-04-04,19:55:00,66.28,66.28,66.28,66.28,100,0
2017-04-04,20:45:00,66.31,66.31,66.31,66.31,100,0
2017-04-04,21:05:00,66.28,66.28,66.28,66.28,100,0
2017-04-04,21:30:00,66.26,66.26,66.26,66.26,247,0
2017-04-04,22:00:00,66.28,66.3,66.27,66.27,300,0
2017-04-05,15:35:00,66.02,66.05,66.02,66.05,1099,0
2017-04-05,15:40:00,66.01,66.01,66.01,66.01,200,0
2017-04-05,15:45:00,66.0001,66.01,65.99,66.01,1400,0
2017-04-05,15:50:00,66.03,66.04,66.03,66.04,600,0
2017-04-05,15:55:00,66.0799,66.0799,66.0798,66.0798,200,0
2017-04-05,16:05:00,66.1,66.11,66.1,66.11,500,0
2017-04-05,16:10:00,66.17,66.17,66.17,66.17,100,0
2017-04-05,16:30:00,66.16,66.16,66.16,66.16,100,0
2017-04-05,16:35:00,66.17,66.17,66.16,66.16,200,0
2017-04-05,16:40:00,66.145,66.145,66.145,66.145,194,0
2017-04-05,17:10:00,66.13,66.13,66.13,66.13,500,0
2017-04-05,17:20:00,66.0977,66.0977,66.0977,66.0977,178,0
2017-04-05,17:25:00,66.096,66.096,66.096,66.096,1800,0
2017-04-05,19:00:00,66.101,66.11,66.1,66.1,551,0
2017-04-05,19:25:00,66.1,66.1,66.08,66.08,601,0
2017-04-05,19:30:00,66.0999,66.0999,66.0999,66.0999,562,0
2017-04-05,19:45:00,66.0831,66.0831,66.0831,66.0831,166,0
2017-04-05,19:55:00,66.0766,66.0766,66.0766,66.0766,200,0
2017-04-05,20:00:00,66.079,66.08,66.079,66.08,600,0
2017-04-05,20:05:00,66.1023,66.1023,66.1023,66.1023,612,0
2017-04-05,20:25:00,66.0397,66.0397,66.0397,66.0397,100,0
2017-04-05,20:55:00,66,66.01,66,66.01,400,0
2017-04-05,21:35:00,65.92,65.92,65.92,65.92,500,0
2017-04-05,21:50:00,65.94,65.94,65.9,65.9,1600,0
2017-04-05,21:55:00,65.89,65.89,65.89,65.89,2900,0
2017-04-05,22:00:00,65.895,65.895,65.89,65.89,320,0
2017-04-06,15:40:00,65.22,65.22,65.2,65.2,400,0
2017-04-06,15:50:00,65.2,65.2089,65.2,65.2089,400,0
2017-04-06,16:00:00,65.22,65.24,65.22,65.24,1200,0
2017-04-06,16:15:00,65.22,65.22,65.2,65.2,1800,0
2017-04-06,16:20:00,65.21,65.21,65.21,65.21,500,0
2017-04-06,16:30:00,65.23,65.233,65.21,65.233,5900,0
2017-04-06,16:40:00,65.26,65.26,65.26,65.26,200,0
2017-04-06,17:00:00,65.2512,65.2512,65.243,65.25,958,0
2017-04-06,17:25:00,65.28,65.28,65.28,65.28,900,0
2017-04-06,17:45:00,65.2599,65.2599,65.2599,65.2599,1588,0
2017-04-06,18:25:00,65.16,65.16,65.16,65.16,350,0
2017-04-06,19:25:00,65.2215,65.223,65.2215,65.223,800,0
2017-04-06,20:35:00,65.2515,65.2515,65.2515,65.2515,523,0
2017-04-06,20:50:00,65.23,65.23,65.23,65.23,100,0
2017-04-06,21:05:00,65.18,65.18,65.18,65.18,200,0
2017-04-06,21:10:00,65.1601,65.1753,65.1601,65.1753,1200,0
2017-04-06,21:35:00,65.2,65.2,65.2,65.2,100,0
2017-04-06,22:00:00,65.25,65.25,65.25,65.25,100,0
2017-04-07,16:05:00,65.65,65.66,65.65,65.66,2400,0
2017-04-07,16:10:00,65.66,65.66,65.66,65.66,3100,0
2017-04-07,16:20:00,65.684,65.684,65.684,65.684,100,0
2017-04-07,17:20:00,65.6,65.6,65.6,65.6,200,0
2017-04-07,17:25:00,65.6211,65.64,65.62,65.64,500,0
2017-04-07,17:40:00,65.59,65.59,65.59,65.59,100,0
2017-04-07,18:30:00,65.58,65.58,65.58,65.58,100,0
2017-04-07,18:40:00,65.6048,65.6048,65.6048,65.6048,100,0
2017-04-07,19:15:00,65.52,65.52,65.52,65.52,100,0
2017-04-07,19:30:00,65.5,65.51,65.5,65.51,400,0
2017-04-07,19:35:00,65.55,65.55,65.55,65.55,500,0
2017-04-07,19:45:00,65.56,65.57,65.56,65.57,600,0
2017-04-07,20:05:00,65.58,65.6,65.58,65.6,1200,0
2017-04-07,20:10:00,65.62,65.64,65.62,65.64,900,0
2017-04-07,21:20:00,65.56,65.56,65.56,65.56,100,0
2017-04-07,21:40:00,65.54,65.54,65.54,65.54,100,0
2017-04-07,21:50:00,65.51,65.51,65.51,65.51,100,0
2017-04-07,22:00:00,65.55,65.57,65.55,65.57,1043,0
2017-04-10,15:35:00,65.4,65.4,65.4,65.4,124,0
2017-04-10,15:40:00,65.37,65.38,65.37,65.38,500,0
2017-04-10,15:50:00,65.4,65.4,65.4,65.4,100,0
2017-04-10,16:05:00,65.3999,65.3999,65.3999,65.3999,100,0
2017-04-10,16:25:00,65.41,65.41,65.3828,65.3828,1000,0
2017-04-10,17:00:00,65.43,65.43,65.43,65.43,500,0
2017-04-10,17:35:00,65.4,65.4,65.37,65.37,1000,0
2017-04-10,17:45:00,65.33,65.33,65.33,65.33,200,0
2017-04-10,17:55:00,65.3637,65.3637,65.3637,65.3637,620,0
2017-04-10,18:15:00,65.37,65.37,65.37,65.37,300,0
2017-04-10,18:45:00,65.4202,65.4202,65.4202,65.4202,248,0
2017-04-10,19:25:00,65.49,65.49,65.49,65.49,200,0
2017-04-10,19:30:00,65.47,65.47,65.47,65.47,500,0
2017-04-10,21:25:00,65.44,65.44,65.44,65.44,500,0
2017-04-10,21:30:00,65.4399,65.4399,65.4399,65.4399,1617,0
2017-04-10,21:35:00,65.4399,65.4399,65.4399,65.4399,1216,0
2017-04-10,21:55:00,65.41,65.41,65.41,65.41,500,0
2017-04-11,15:35:00,65.55,65.55,65.55,65.55,2300,0
2017-04-11,15:40:00,65.55,65.55,65.55,65.55,500,0
2017-04-11,15:45:00,65.53,65.53,65.52,65.52,600,0
2017-04-11,15:50:00,65.49,65.49,65.47,65.48,1000,0
2017-04-11,15:55:00,65.47,65.48,65.47,65.48,700,0
2017-04-11,16:00:00,65.48,65.48,65.48,65.48,200,0
2017-04-11,16:15:00,65.52,65.52,65.52,65.52,100,0
2017-04-11,16:20:00,65.46,65.46,65.46,65.46,100,0
2017-04-11,16:25:00,65.46,65.46,65.44,65.44,1100,0
2017-04-11,16:30:00,65.43,65.43,65.41,65.43,2900,0
2017-04-11,16:35:00,65.42,65.42,65.39,65.39,700,0
2017-04-11,16:40:00,65.39,65.4,65.39,65.4,200,0
2017-04-11,16:45:00,65.4,65.4,65.36,65.36,1300,0
2017-04-11,16:50:00,65.37,65.39,65.37,65.38,1799,0
2017-04-11,16:55:00,65.3503,65.3503,65.3503,65.3503,500,0
2017-04-11,17:00:00,65.42,65.42,65.42,65.42,100,0
2017-04-11,17:10:00,65.51,65.51,65.51,65.51,500,0
2017-04-11,17:20:00,65.49,65.49,65.49,65.49,200,0
2017-04-11,17:35:00,65.4886,65.4886,65.4886,65.4886,500,0
2017-04-11,17:40:00,65.5317,65.5317,65.5317,65.5317,170,0
2017-04-11,18:10:00,65.5201,65.5201,65.5201,65.5201,839,0
2017-04-11,19:10:00,65.665,65.665,65.665,65.665,100,0
2017-04-11,21:00:00,65.67,65.67,65.67,65.67,500,0
2017-04-11,22:00:00,65.74,65.74,65.74,65.74,100,0
2017-04-12,16:05:00,65.34,65.34,65.34,65.34,100,0
2017-04-12,16:15:00,65.32,65.32,65.32,65.32,200,0
2017-04-12,16:35:00,65.3474,65.3474,65.3474,65.3474,100,0
2017-04-12,16:40:00,65.36,65.36,65.36,65.36,100,0
2017-04-12,17:10:00,65.31,65.31,65.31,65.31,200,0
2017-04-12,17:20:00,65.33,65.33,65.33,65.33,100,0
2017-04-12,18:00:00,65.24,65.24,65.24,65.24,100,0
2017-04-12,18:15:00,65.2301,65.26,65.23,65.26,3470,0
2017-04-12,19:05:00,65.28,65.32,65.28,65.32,400,0
2017-04-12,20:05:00,65.3101,65.3101,65.3101,65.3101,500,0
2017-04-12,20:10:00,65.34,65.34,65.34,65.34,100,0
2017-04-12,20:20:00,65.34,65.34,65.34,65.34,200,0
2017-04-12,21:05:00,65.39,65.39,65.39,65.39,100,0
2017-04-12,21:15:00,65.42,65.42,65.42,65.42,600,0
2017-04-12,21:20:00,65.45,65.45,65.45,65.45,600,0
2017-04-12,21:25:00,65.45,65.5,65.45,65.48,2300,0
2017-04-12,21:30:00,65.47,65.47,65.46,65.46,200,0
2017-04-12,21:45:00,65.5,65.5,65.47,65.48,700,0
2017-04-12,21:50:00,65.51,65.51,65.51,65.51,100,0
2017-04-12,21:55:00,65.4975,65.4975,65.4975,65.4975,640,0
2017-04-12,22:00:00,65.51,65.51,65.46,65.46,1200,0
2017-04-13,15:35:00,65.21,65.22,65.19,65.212,4500,0
2017-04-13,15:40:00,65.22,65.22,65.22,65.22,100,0
2017-04-13,15:45:00,65.2,65.2,65.2,65.2,200,0
2017-04-13,15:55:00,65.26,65.27,65.26,65.27,1391,0
2017-04-13,16:00:00,65.27,65.28,65.26,65.26,3300,0
2017-04-13,16:10:00,65.27,65.27,65.27,65.27,800,0
2017-04-13,16:20:00,65.27,65.27,65.27,65.27,600,0
2017-04-13,16:25:00,65.27,65.27,65.2699,65.2699,1400,0
2017-04-13,16:40:00,65.27,65.27,65.2699,65.2699,200,0
2017-04-13,16:45:00,65.27,65.27,65.27,65.27,200,0
2017-04-13,17:00:00,65.26,65.26,65.26,65.26,800,0
2017-04-13,17:05:00,65.28,65.28,65.27,65.27,1300,0
2017-04-13,17:15:00,65.28,65.28,65.28,65.28,300,0
2017-04-13,17:20:00,65.28,65.28,65.28,65.28,900,0
2017-04-13,17:40:00,65.2999,65.3,65.2999,65.3,400,0
2017-04-13,17:55:00,65.31,65.31,65.31,65.31,300,0
2017-04-13,18:05:00,65.29,65.29,65.29,65.29,300,0
2017-04-13,18:15:00,65.28,65.28,65.28,65.28,600,0
2017-04-13,18:20:00,65.28,65.29,65.28,65.29,600,0
2017-04-13,18:25:00,65.27,65.27,65.27,65.27,300,0
2017-04-13,18:50:00,65.22,65.25,65.22,65.24,1200,0
2017-04-13,19:00:00,65.23,65.26,65.23,65.25,700,0
2017-04-13,19:10:00,65.27,65.27,65.27,65.27,100,0
2017-04-13,19:15:00,65.26,65.26,65.24,65.26,2300,0
2017-04-13,19:30:00,65.26,65.27,65.26,65.27,400,0
2017-04-13,19:45:00,65.29,65.29,65.29,65.29,800,0
2017-04-13,20:00:00,65.2,65.2,65.18,65.18,4300,0
2017-04-13,20:05:00,65.18,65.18,65.18,65.18,200,0
2017-04-13,22:00:00,65.12,65.17,65.12,65.17,1665,0
2017-04-17,15:35:00,65.63,65.63,65.63,65.63,247,0
2017-04-17,16:05:00,65.69,65.69,65.69,65.69,100,0
2017-04-17,16:30:00,65.76,65.76,65.76,65.76,200,0
2017-04-17,17:05:00,65.74,65.74,65.74,65.74,200,0
2017-04-17,17:45:00,65.7439,65.7439,65.7439,65.7439,247,0
2017-04-17,18:15:00,65.75,65.75,65.75,65.75,100,0
2017-04-17,19:05:00,65.73,65.73,65.73,65.73,830,0
2017-04-17,19:30:00,65.7429,65.743,65.7429,65.743,420,0
2017-04-17,21:00:00,65.7,65.7,65.7,65.7,200,0
2017-04-17,21:15:00,65.67,65.67,65.67,65.67,500,0
2017-04-17,21:20:00,65.67,65.72,65.67,65.72,1500,0
2017-04-17,21:30:00,65.7,65.73,65.7,65.73,1000,0
2017-04-17,21:35:00,65.72,65.72,65.72,65.72,500,0
2017-04-17,21:45:00,65.75,65.75,65.75,65.75,500,0
2017-04-17,21:50:00,65.78,65.78,65.78,65.78,500,0
2017-04-17,22:00:00,65.75,65.75,65.73,65.73,286,0
2017-04-18,16:25:00,65.66,65.66,65.66,65.66,170,0
2017-04-18,17:10:00,65.65,65.65,65.65,65.65,1000,0
2017-04-18,17:45:00,65.61,65.61,65.61,65.61,800,0
2017-04-18,18:00:00,65.61,65.62,65.61,65.62,257,0
2017-04-18,18:05:00,65.63,65.63,65.63,65.63,300,0
2017-04-18,18:10:00,65.66,65.66,65.66,65.66,160,0
2017-04-18,18:20:00,65.61,65.61,65.61,65.61,500,0
2017-04-18,19:45:00,65.7,65.7,65.7,65.7,100,0
2017-04-18,21:30:00,65.709,65.71,65.7,65.7,400,0
2017-04-18,22:00:00,65.72,65.76,65.72,65.75,1764,0
2017-04-19,15:35:00,66.08,66.08,66.06,66.06,1983,0
2017-04-19,16:15:00,66.06,66.07,66.06,66.07,200,0
2017-04-19,16:40:00,66.02,66.02,66.02,66.02,150,0
2017-04-19,16:50:00,66.0299,66.0299,66.0299,66.0299,400,0
2017-04-19,17:05:00,66.01,66.01,66.01,66.01,200,0
2017-04-19,17:35:00,65.97,65.97,65.97,65.97,500,0
2017-04-19,17:40:00,65.98,65.98,65.98,65.98,500,0
2017-04-19,17:45:00,65.99,65.99,65.99,65.99,500,0
2017-04-19,18:05:00,65.9424,65.9424,65.9424,65.9424,200,0
2017-04-19,18:10:00,65.94,65.94,65.94,65.94,100,0
2017-04-19,18:15:00,65.9001,65.9001,65.9001,65.9001,125,0
2017-04-19,19:10:00,65.905,65.905,65.905,65.905,100,0
2017-04-19,19:40:00,65.9038,65.9038,65.9038,65.9038,122,0
2017-04-19,21:35:00,65.81,65.84,65.81,65.8389,900,0
2017-04-19,21:50:00,65.8399,65.8399,65.8399,65.8399,975,0
2017-04-19,22:00:00,65.87,65.87,65.87,65.87,100,0
2017-04-20,15:35:00,66.15,66.19,66.15,66.19,1325,0
2017-04-20,15:40:00,66.1711,66.1711,66.17,66.17,1000,0
2017-04-20,16:05:00,66.2,66.2,66.17,66.17,1032,0
2017-04-20,16:15:00,66.19,66.19,66.19,66.19,100,0
2017-04-20,16:20:00,66.18,66.18,66.18,66.18,200,0
2017-04-20,16:25:00,66.17,66.17,66.17,66.17,400,0
2017-04-20,16:35:00,66.2,66.2,66.2,66.2,200,0
2017-04-20,16:45:00,66.22,66.22,66.22,66.22,100,0
2017-04-20,16:50:00,66.2499,66.2499,66.2499,66.2499,378,0
2017-04-20,16:55:00,66.25,66.28,66.25,66.28,401,0
2017-04-20,17:05:00,66.27,66.27,66.27,66.27,200,0
2017-04-20,17:10:00,66.26,66.26,66.26,66.26,900,0
2017-04-20,17:15:00,66.27,66.27,66.27,66.27,200,0
2017-04-20,17:20:00,66.28,66.28,66.28,66.28,200,0
2017-04-20,17:25:00,66.27,66.27,66.25,66.25,500,0
2017-04-20,17:30:00,66.25,66.25,66.25,66.25,600,0
2017-04-20,17:35:00,66.24,66.24,66.24,66.24,1500,0
2017-04-20,17:50:00,66.25,66.25,66.25,66.25,800,0
2017-04-20,17:55:00,66.25,66.25,66.25,66.25,1700,0
2017-04-20,18:00:00,66.25,66.25,66.25,66.25,300,0
2017-04-20,18:05:00,66.24,66.25,66.24,66.25,1100,0
2017-04-20,18:10:00,66.25,66.25,66.23,66.23,3700,0
2017-04-20,18:15:00,66.23,66.25,66.23,66.25,2500,0
2017-04-20,18:20:00,66.25,66.25,66.25,66.25,1500,0
2017-04-20,18:25:00,66.25,66.26,66.25,66.26,5900,0
2017-04-20,18:30:00,66.25,66.25,66.25,66.25,200,0
2017-04-20,19:00:00,66.27,66.27,66.27,66.27,200,0
2017-04-20,19:05:00,66.29,66.3,66.29,66.29,700,0
2017-04-20,20:30:00,66.3,66.3,66.3,66.3,100,0
2017-04-20,21:45:00,66.28,66.28,66.28,66.28,100,0
2017-04-20,21:50:00,66.28,66.28,66.28,66.28,600,0
2017-04-20,22:00:00,66.28,66.28,66.28,66.28,400,0
2017-04-21,15:35:00,66.41,66.45,66.41,66.43,5900,0
2017-04-21,15:40:00,66.43,66.43,66.43,66.43,500,0
2017-04-21,15:55:00,66.43,66.43,66.43,66.43,100,0
2017-04-21,16:05:00,66.4,66.54,66.39,66.4,10425,0
2017-04-21,16:10:00,66.4,66.4,66.39,66.39,5600,0
2017-04-21,16:50:00,66.43,66.43,66.43,66.43,200,0
2017-04-21,17:00:00,66.43,66.43,66.43,66.43,300,0
2017-04-21,17:15:00,66.42,66.42,66.42,66.42,500,0
2017-04-21,17:45:00,66.44,66.44,66.44,66.44,500,0
2017-04-21,18:05:00,66.4401,66.4401,66.4401,66.4401,331,0
2017-04-21,18:30:00,66.45,66.45,66.45,66.45,500,0
2017-04-21,18:35:00,66.45,66.45,66.44,66.44,800,0
2017-04-21,19:10:00,66.45,66.45,66.45,66.45,500,0
2017-04-21,19:15:00,66.42,66.42,66.42,66.42,600,0
2017-04-21,20:00:00,66.43,66.45,66.43,66.45,2291,0
2017-04-21,20:05:00,66.4599,66.4599,66.4599,66.4599,1500,0
2017-04-21,20:15:00,66.44,66.44,66.44,66.44,200,0
2017-04-21,20:20:00,66.42,66.42,66.42,66.42,500,0
2017-04-21,20:35:00,66.447,66.447,66.447,66.447,100,0
2017-04-21,21:05:00,66.465,66.465,66.465,66.465,1500,0
2017-04-21,21:15:00,66.4506,66.4506,66.4506,66.4506,700,0
2017-04-21,21:30:00,66.43,66.43,66.43,66.43,100,0
2017-04-21,21:35:00,66.44,66.44,66.44,66.44,100,0
2017-04-21,21:40:00,66.44,66.45,66.43,66.45,800,0
2017-04-21,21:45:00,66.45,66.47,66.45,66.46,1900,0
2017-04-21,21:55:00,66.47,66.49,66.47,66.49,500,0
2017-04-21,22:00:00,66.49,66.52,66.48,66.52,4600,0
2017-04-24,15:35:00,66.86,66.86,66.86,66.86,100,0
2017-04-24,15:40:00,66.75,66.75,66.75,66.75,100,0
2017-04-24,15:45:00,66.759,66.759,66.759,66.759,100,0
2017-04-24,15:50:00,66.78,66.78,66.78,66.78,100,0
2017-04-24,15:55:00,66.7499,66.7499,66.7499,66.7499,100,0
2017-04-24,16:00:00,66.7599,66.7599,66.7599,66.7599,100,0
2017-04-24,16:05:00,66.7599,66.7599,66.7599,66.7599,100,0
2017-04-24,16:10:00,66.77,66.775,66.77,66.775,200,0
2017-04-24,16:15:00,66.77,66.77,66.77,66.77,301,0
2017-04-24,16:20:00,66.7799,66.7799,66.7799,66.7799,100,0
2017-04-24,16:25:00,66.758,66.758,66.758,66.758,100,0
2017-04-24,16:35:00,66.7499,66.7499,66.7499,66.7499,100,0
2017-04-24,16:40:00,66.75,66.75,66.75,66.75,100,0
2017-04-24,16:45:00,66.73,66.73,66.73,66.73,100,0
2017-04-24,16:55:00,66.7599,66.7599,66.7599,66.7599,100,0
2017-04-24,17:00:00,66.755,66.755,66.75,66.75,400,0
2017-04-24,17:05:00,66.73,66.73,66.7299,66.73,800,0
2017-04-24,17:10:00,66.759,66.759,66.759,66.759,100,0
2017-04-24,17:15:00,66.7599,66.7599,66.7599,66.7599,100,0
2017-04-24,17:20:00,66.73,66.74,66.73,66.74,1100,0
2017-04-24,17:25:00,66.73,66.73,66.73,66.73,100,0
2017-04-24,17:30:00,66.758,66.758,66.758,66.758,100,0
2017-04-24,17:40:00,66.75,66.7699,66.74,66.74,500,0
2017-04-24,17:50:00,66.7099,66.7099,66.7099,66.7099,100,0
2017-04-24,18:00:00,66.7099,66.7099,66.7099,66.7099,100,0
2017-04-24,18:10:00,66.74,66.74,66.71,66.7133,700,0
2017-04-24,18:20:00,66.7399,66.7399,66.7399,66.7399,100,0
2017-04-24,18:30:00,66.74,66.74,66.74,66.74,100,0
2017-04-24,18:40:00,66.71,66.74,66.71,66.74,8159,0
2017-04-24,18:45:00,66.72,66.72,66.71,66.71,13452,0
2017-04-24,18:50:00,66.73,66.73,66.73,66.73,100,0
2017-04-24,19:00:00,66.72,66.72,66.72,66.72,100,0
2017-04-24,19:10:00,66.7399,66.7399,66.7399,66.7399,100,0
2017-04-24,19:20:00,66.7399,66.7399,66.7399,66.7399,100,0
2017-04-24,19:30:00,66.74,66.74,66.74,66.74,100,0
2017-04-24,19:40:00,66.72,66.74,66.72,66.74,300,0
2017-04-24,19:50:00,66.72,66.73,66.72,66.72,1000,0
2017-04-24,20:00:00,66.77,66.77,66.77,66.77,100,0
2017-04-24,20:10:00,66.7699,66.7699,66.7699,66.7699,100,0
2017-04-24,20:15:00,66.73,66.73,66.73,66.73,100,0
2017-04-24,20:20:00,66.7699,66.7699,66.73,66.73,200,0
2017-04-24,20:25:00,66.75,66.76,66.74,66.76,700,0
2017-04-24,20:30:00,66.74,66.74,66.74,66.74,300,0
2017-04-24,20:35:00,66.7699,66.7699,66.7699,66.7699,100,0
2017-04-24,20:45:00,66.76,66.76,66.76,66.76,100,0
2017-04-24,20:55:00,66.77,66.77,66.77,66.77,100,0
2017-04-24,21:00:00,66.77,66.77,66.77,66.77,100,0
2017-04-24,21:10:00,66.765,66.765,66.765,66.765,100,0
2017-04-24,21:15:00,66.77,66.81,66.77,66.81,1100,0
2017-04-24,21:25:00,66.81,66.81,66.81,66.81,100,0
2017-04-24,21:30:00,66.81,66.82,66.81,66.82,300,0
2017-04-24,21:35:00,66.81,66.81,66.81,66.81,100,0
2017-04-24,21:40:00,66.84,66.84,66.84,66.84,100,0
2017-04-24,21:45:00,66.82,66.82,66.79,66.79,1100,0
2017-04-24,22:00:00,66.79,66.79,66.78,66.78,2600,0
2017-04-25,15:35:00,66.98,66.98,66.98,66.98,100,0
2017-04-25,16:05:00,67,67,67,67,800,0
2017-04-25,16:10:00,67,67.01,66.98,66.98,800,0
2017-04-25,16:15:00,67,67,67,67,1000,0
2017-04-25,16:35:00,67.0426,67.0426,67.01,67.01,1400,0
2017-04-25,16:40:00,66.97,66.97,66.97,66.97,200,0
2017-04-25,16:50:00,66.96,66.96,66.96,66.96,100,0
2017-04-25,17:10:00,66.96,66.96,66.96,66.96,100,0
2017-04-25,17:25:00,66.95,66.95,66.95,66.95,200,0
2017-04-25,17:30:00,66.93,66.93,66.93,66.93,201,0
2017-04-25,17:40:00,66.9,66.9,66.9,66.9,200,0
2017-04-25,17:50:00,66.89,66.9,66.89,66.89,300,0
2017-04-25,18:00:00,66.9,66.9,66.89,66.9,5959,0
2017-04-25,18:25:00,66.87,66.87,66.87,66.87,700,0
2017-04-25,18:40:00,66.9,66.9,66.9,66.9,300,0
2017-04-25,19:45:00,66.9589,66.9589,66.9589,66.9589,100,0
2017-04-25,20:10:00,67.0104,67.0104,67.0104,67.0104,109,0
2017-04-25,21:00:00,66.95,66.95,66.95,66.95,250,0
2017-04-25,21:20:00,66.98,66.98,66.98,66.98,100,0
2017-04-25,21:45:00,66.95,66.95,66.95,66.95,200,0
2017-04-25,22:00:00,66.92,66.92,66.85,66.85,600,0
2017-04-26,15:35:00,67.03,67.03,67.03,67.03,192,0
2017-04-26,15:50:00,66.99,67.0172,66.99,67.0172,558,0
2017-04-26,15:55:00,67.05,67.05,67.035,67.0401,852,0
2017-04-26,16:00:00,67.05,67.05,67.05,67.05,200,0
2017-04-26,16:05:00,67.07,67.07,67.07,67.07,100,0
2017-04-26,16:20:00,67.1157,67.1157,67.08,67.08,1063,0
2017-04-26,17:15:00,67.0599,67.0599,67.0599,67.0599,100,0
2017-04-26,17:30:00,67.03,67.03,67.03,67.03,300,0
2017-04-26,18:35:00,66.99,66.9973,66.99,66.9973,500,0
2017-04-26,19:50:00,67.03,67.03,67.03,67.03,200,0
2017-04-26,21:00:00,67.05,67.06,67.05,67.05,2000,0
2017-04-26,21:55:00,67.03,67.06,67.03,67.03,2000,0
2017-04-26,22:00:00,67.04,67.06,67.04,67.06,3802,0
