Date,Time,Open,High,Low,Close,Volume,OpenInt
2015-11-03,15:45:00,56.33,56.33,56.33,56.33,278,0
2015-11-03,16:45:00,56.265,56.265,56.265,56.265,200,0
2015-11-03,17:30:00,56.335,56.335,56.335,56.335,264,0
2015-11-03,21:30:00,56.705,56.705,56.7,56.7,514,0
2015-11-03,21:40:00,56.87,56.87,56.87,56.87,200,0
2015-11-03,22:00:00,56.705,56.705,56.705,56.705,200,0
2015-11-04,15:50:00,56.67,56.67,56.67,56.67,200,0
2015-11-04,18:30:00,55.99,55.99,55.99,55.99,1208,0
2015-11-04,19:05:00,55.705,55.705,55.705,55.705,200,0
2015-11-04,19:10:00,55.705,55.705,55.665,55.665,2007,0
2015-11-04,21:50:00,56.09,56.09,56.09,56.09,264,0
2015-11-05,16:20:00,56.205,56.205,56.205,56.205,1000,0
2015-11-05,16:30:00,56.09,56.09,56.09,56.09,400,0
2015-11-05,16:35:00,56,56,55.88,55.89,2809,0
2015-11-05,19:10:00,55.865,55.865,55.865,55.865,950,0
2015-11-05,19:25:00,56.03,56.03,56.03,56.03,200,0
2015-11-06,17:30:00,55.88,55.88,55.88,55.88,400,0
2015-11-06,18:25:00,55.88,55.88,55.88,55.88,400,0
2015-11-06,20:50:00,56.23,56.23,56.23,56.23,1404,0
2015-11-06,20:55:00,56.23,56.415,56.23,56.415,1110,0
2015-11-06,21:00:00,56.2,56.2,56.2,56.2,508,0
2015-11-06,21:45:00,55.93,55.93,55.93,55.93,12563,0
2015-11-09,15:40:00,55.425,55.425,55.425,55.425,200,0
2015-11-09,15:55:00,55.37,55.37,55.37,55.37,200,0
2015-11-09,16:30:00,54.885,54.885,54.276,54.456,3411,0
2015-11-11,15:35:00,55.49,55.825,55.49,55.81,3677,0
2015-11-11,19:20:00,55.275,55.275,55.275,55.275,200,0
2015-11-12,17:45:00,54.706,54.706,54.596,54.596,840,0
2015-11-12,18:50:00,54.336,54.336,54.336,54.336,240,0
2015-11-12,21:00:00,54.336,54.336,54.336,54.336,200,0
2015-11-12,21:40:00,54.136,54.136,54.136,54.136,366,0
2015-11-13,16:40:00,52.141,52.141,51.761,52.026,804,0
2015-11-13,17:50:00,52.516,52.516,52.516,52.516,200,0
2015-11-13,20:10:00,52.136,52.141,52.136,52.141,1000,0
2015-11-13,20:30:00,52.141,52.141,52.111,52.111,600,0
2015-11-13,20:55:00,51.256,51.256,51.256,51.256,200,0
2015-11-13,21:50:00,51.886,51.886,51.886,51.886,200,0
2015-11-16,15:50:00,51.471,51.471,51.471,51.471,200,0
2015-11-16,16:00:00,51.481,51.481,51.481,51.481,200,0
2015-11-16,16:10:00,51.336,51.336,51.336,51.336,326,0
2015-11-16,16:20:00,51.441,51.441,51.441,51.441,200,0
2015-11-16,16:30:00,51.491,51.491,51.491,51.491,200,0
2015-11-16,16:55:00,51.301,51.301,51.301,51.301,200,0
2015-11-16,17:10:00,50.852,50.852,50.852,50.852,200,0
2015-11-16,17:15:00,50.852,50.927,50.852,50.927,600,0
2015-11-16,17:20:00,50.792,50.797,50.792,50.797,400,0
2015-11-16,17:40:00,51.226,51.226,51.226,51.226,200,0
2015-11-16,17:50:00,51.136,51.136,51.136,51.136,200,0
2015-11-16,18:15:00,51.326,51.326,51.326,51.326,200,0
2015-11-16,18:30:00,51.356,51.356,51.356,51.356,200,0
2015-11-18,15:35:00,53.381,53.381,53.381,53.381,200,0
2015-11-18,15:50:00,53.346,53.346,53.346,53.346,200,0
2015-11-18,17:20:00,53.601,53.601,53.596,53.596,500,0
2015-11-18,20:15:00,53.741,53.826,53.741,53.826,800,0
2015-11-18,21:15:00,54.291,54.291,54.076,54.076,1404,0
2015-11-19,20:15:00,54.076,54.076,54.071,54.071,3357,0
2015-11-20,15:55:00,54.835,54.835,54.835,54.835,300,0
2015-11-20,16:20:00,55.285,55.285,55.285,55.285,480,0
2015-11-20,21:30:00,55.13,55.13,55.13,55.13,400,0
2015-11-23,17:25:00,55.565,55.565,55.565,55.565,256,0
2015-11-23,20:05:00,55.535,55.535,55.535,55.535,300,0
2015-11-23,21:40:00,55.66,55.67,55.66,55.67,2007,0
2015-11-25,15:35:00,55.305,55.675,55.305,55.67,1804,0
2015-11-25,15:40:00,55.675,55.675,55.67,55.67,800,0
2015-11-25,15:45:00,55.565,55.565,55.565,55.565,200,0
2015-11-25,16:35:00,55.47,55.47,55.47,55.47,324,0
2015-11-25,17:15:00,55.105,55.105,55.09,55.09,600,0
2015-11-25,18:30:00,55.825,55.825,55.515,55.515,400,0
2015-11-25,20:40:00,55.76,55.76,55.76,55.76,614,0
2015-11-27,15:35:00,56.33,56.33,55.345,55.345,760,0
2015-11-27,15:40:00,55.325,55.325,55.325,55.325,200,0
2015-11-27,15:55:00,55.33,55.33,55.1,55.1,800,0
2015-11-27,16:00:00,55.305,55.305,55.305,55.305,200,0
2015-11-27,16:10:00,55.19,55.19,55.19,55.19,400,0
2015-11-27,18:05:00,55.49,55.49,55.49,55.49,894,0
2015-11-27,18:45:00,55.25,55.625,55.25,55.625,680,0
2015-11-30,18:30:00,54.336,54.336,54.336,54.336,300,0
2015-11-30,19:30:00,54.811,54.811,54.811,54.811,200,0
2015-11-30,21:50:00,54.266,54.706,54.261,54.706,17421,0
2015-12-01,15:35:00,55.38,55.38,55.085,55.085,400,0
2015-12-01,17:35:00,55.37,55.37,55.37,55.37,254,0
2015-12-01,17:55:00,54.86,55.19,54.86,55.19,1957,0
2015-12-01,18:10:00,55.345,55.345,55.345,55.345,200,0
2015-12-01,18:15:00,55.34,55.37,55.34,55.37,450,0
2015-12-01,18:25:00,55.43,55.43,55.43,55.43,254,0
2015-12-01,20:10:00,55.365,55.365,55.365,55.365,490,0
2015-12-02,15:35:00,57.01,57.01,56.08,56.08,2065,0
2015-12-02,15:40:00,56.11,56.11,56.08,56.08,608,0
2015-12-02,16:40:00,56.085,56.085,56.085,56.085,400,0
2015-12-02,17:05:00,56.08,56.08,56.08,56.08,400,0
2015-12-02,19:15:00,55.36,55.37,55.33,55.33,2007,0
2015-12-02,19:50:00,55.345,55.345,55.345,55.345,200,0
2015-12-02,21:40:00,54.721,54.97,54.721,54.97,800,0
2015-12-03,20:10:00,53.796,53.796,53.796,53.796,450,0
2015-12-03,20:35:00,53.391,53.571,53.391,53.571,400,0
2015-12-04,16:55:00,54.766,55.18,54.731,54.98,2427,0
2015-12-04,17:00:00,55.18,55.18,55.18,55.18,200,0
2015-12-04,17:15:00,54.93,54.935,54.93,54.93,1000,0
2015-12-04,21:40:00,56.025,56.025,56.025,56.025,342,0
2015-12-07,16:40:00,55.255,55.255,55.255,55.255,410,0
2015-12-07,17:20:00,55.02,55.02,55.02,55.02,200,0
2015-12-07,18:45:00,55.21,55.21,55.21,55.21,230,0
2015-12-07,18:50:00,55.365,55.365,55.365,55.365,904,0
2015-12-07,20:55:00,55.585,55.585,55.585,55.585,200,0
2015-12-08,17:05:00,55.185,55.185,55.185,55.185,200,0
2015-12-08,17:45:00,55.33,55.33,55.33,55.33,200,0
2015-12-08,21:55:00,55.09,55.09,55.09,55.09,526,0
2015-12-09,17:00:00,55.105,55.155,55.105,55.155,900,0
2015-12-09,17:05:00,55.1,55.1,55.1,55.1,200,0
2015-12-09,17:20:00,55.415,55.42,55.415,55.42,1804,0
2015-12-10,16:05:00,53.836,53.836,53.836,53.836,240,0
2015-12-10,16:35:00,54.176,54.176,54.176,54.176,464,0
2015-12-10,17:10:00,54.721,54.721,54.721,54.721,200,0
2015-12-11,15:35:00,53.091,53.091,53.091,53.091,240,0
2015-12-11,16:50:00,52.971,53.306,52.971,52.971,984,0
2015-12-11,18:55:00,52.351,52.351,52.346,52.346,400,0
2015-12-11,19:30:00,52.346,52.346,52.346,52.346,326,0
2015-12-11,19:35:00,52.346,52.346,52.346,52.346,1000,0
2015-12-11,21:15:00,52.586,52.586,52.586,52.586,200,0
2015-12-11,21:25:00,52.346,52.346,52.346,52.346,8370,0
2015-12-11,21:30:00,52.341,52.341,52.341,52.341,200,0
2015-12-14,16:45:00,51.856,51.856,51.856,51.856,450,0
2015-12-14,17:05:00,51.771,51.771,51.771,51.771,200,0
2015-12-14,18:50:00,51.656,51.656,51.656,51.656,200,0
2015-12-14,22:00:00,52.346,52.346,52.346,52.346,200,0
2015-12-15,17:15:00,53.341,53.381,53.341,53.381,6112,0
2015-12-15,17:55:00,53.376,53.376,53.376,53.376,200,0
2015-12-17,18:10:00,53.516,53.516,53.516,53.516,400,0
2015-12-17,18:50:00,53.456,53.456,53.456,53.456,246,0
2015-12-17,21:50:00,53.466,53.466,53.466,53.466,200,0
2015-12-17,22:00:00,53.451,53.451,53.451,53.451,350,0
2015-12-18,15:55:00,52.441,52.466,52.441,52.446,2807,0
2015-12-18,16:05:00,52.346,52.346,52.346,52.346,200,0
2015-12-18,21:40:00,51.746,51.746,51.746,51.746,200,0
2015-12-18,21:50:00,51.746,51.746,51.746,51.746,200,0
2015-12-21,15:35:00,51.116,51.116,51.116,51.116,446,0
2015-12-21,16:00:00,51.616,51.616,51.356,51.356,800,0
2015-12-21,19:35:00,51.811,51.811,51.811,51.811,200,0
2015-12-21,22:00:00,51.786,51.956,51.786,51.956,400,0
2015-12-22,16:00:00,52.621,52.621,52.621,52.621,250,0
2015-12-22,21:35:00,53.071,53.071,53.071,53.071,23166,0
2015-12-23,18:40:00,53.311,53.311,53.311,53.311,620,0
2015-12-23,18:50:00,53.281,53.281,53.281,53.281,590,0
2015-12-23,19:05:00,53.781,53.781,53.781,53.781,750,0
2015-12-23,20:40:00,53.326,53.326,53.326,53.326,200,0
2015-12-24,16:10:00,53.341,53.346,53.341,53.341,2017,0
2015-12-24,16:55:00,53.741,53.741,53.741,53.741,450,0
2015-12-28,18:20:00,53.021,53.211,53.021,53.211,2087,0
2015-12-28,20:50:00,53.351,53.526,53.336,53.526,2109,0
2015-12-28,21:30:00,53.386,53.386,53.386,53.386,200,0
2015-12-28,21:40:00,53.386,53.426,53.156,53.161,3811,0
2015-12-29,15:55:00,54.865,54.865,54.865,54.865,200,0
2015-12-29,18:35:00,54.446,54.446,54.446,54.446,800,0
2015-12-29,18:45:00,54.865,54.865,54.865,54.865,200,0
2015-12-29,19:00:00,54.391,54.391,54.391,54.391,200,0
2015-12-29,21:15:00,54.691,54.691,54.691,54.691,200,0
2015-12-30,15:35:00,54.061,54.561,54.061,54.561,400,0
2015-12-30,18:25:00,54.101,54.101,54.101,54.101,400,0
2015-12-31,15:35:00,54.091,54.091,54.091,54.091,440,0
2015-12-31,15:40:00,53.691,53.691,53.691,53.691,200,0
2015-12-31,16:50:00,53.221,53.521,53.206,53.211,1516,0
2016-01-04,15:35:00,51.741,51.741,51.741,51.741,470,0
2016-01-04,15:40:00,51.356,51.356,51.356,51.356,200,0
2016-01-04,17:00:00,50.757,50.757,50.757,50.757,294,0
2016-01-04,18:45:00,50.702,50.702,50.702,50.702,2593,0
2016-01-04,20:35:00,50.702,50.702,50.702,50.702,200,0
2016-01-04,21:30:00,50.707,50.707,50.707,50.707,200,0
2016-01-04,21:50:00,50.662,50.847,50.662,50.847,880,0
2016-01-04,21:55:00,51.316,51.316,51.316,51.316,900,0
2016-01-05,15:45:00,51.321,51.401,51.316,51.316,600,0
2016-01-05,15:50:00,51.296,51.296,51.296,51.296,200,0
2016-01-06,15:35:00,49.484,50.002,48.681,50.002,7218,0
2016-01-06,15:40:00,50.127,50.252,49.927,50.252,2807,0
2016-01-06,15:45:00,50.122,50.252,50.122,50.252,1804,0
2016-01-06,15:50:00,50.277,50.277,50.222,50.277,1000,0
2016-01-06,21:55:00,50.142,50.142,50.142,50.142,400,0
2016-01-07,15:35:00,49.056,49.056,48.766,48.766,400,0
2016-01-07,15:50:00,49.395,49.448,49.17,49.172,2615,0
2016-01-07,16:35:00,50.102,50.102,49.847,49.847,400,0
2016-01-07,17:10:00,50.112,50.112,50.112,50.112,200,0
2016-01-07,21:50:00,48.766,48.766,48.587,48.591,1804,0
2016-01-08,15:35:00,51.191,51.191,51.191,51.191,514,0
2016-01-08,16:05:00,49.532,49.532,49.29,49.29,400,0
2016-01-08,21:35:00,48.322,48.322,48.322,48.322,200,0
2016-01-11,17:05:00,47.683,47.683,47.683,47.683,200,0
2016-01-11,18:50:00,47.633,47.633,47.633,47.633,400,0
2016-01-11,18:55:00,47.633,47.633,47.608,47.608,1404,0
2016-01-11,19:00:00,47.509,47.549,47.509,47.549,2205,0
2016-01-11,19:05:00,47.613,47.648,47.568,47.623,3007,0
2016-01-11,19:10:00,47.623,47.648,47.539,47.539,2807,0
2016-01-11,19:15:00,47.539,47.554,47.095,47.344,3007,0
2016-01-11,19:20:00,47.344,47.419,47.284,47.419,4011,0
2016-01-11,19:35:00,47.313,47.313,47.313,47.313,630,0
2016-01-11,19:40:00,47.08,47.08,47.08,47.08,800,0
2016-01-11,19:45:00,47.22,47.235,46.836,47.235,1404,0
2016-01-11,20:10:00,47.031,47.031,47.031,47.031,400,0
2016-01-11,20:15:00,47.279,47.279,47.279,47.279,200,0
2016-01-11,20:35:00,47.364,47.364,47.364,47.364,400,0
2016-01-11,20:40:00,47.175,47.459,47.175,47.399,1202,0
2016-01-11,20:45:00,47.364,47.454,47.364,47.454,400,0
2016-01-11,20:55:00,47.264,47.504,47.264,47.504,1000,0
2016-01-11,21:00:00,47.235,47.382,47.235,47.373,36284,0
2016-01-11,21:05:00,47.185,47.334,47.185,47.334,1004,0
2016-01-11,21:10:00,47.373,47.373,47.373,47.373,400,0
2016-01-11,21:30:00,47.613,47.733,47.573,47.733,10711,0
2016-01-11,21:35:00,47.738,48.167,47.738,48.167,800,0
2016-01-11,21:45:00,48.167,48.167,48.167,48.167,790,0
2016-01-12,15:45:00,49.314,49.314,49.314,49.314,468,0
2016-01-12,17:30:00,48.628,48.628,48.628,48.628,400,0
2016-01-12,17:35:00,48.626,48.983,48.626,48.983,636,0
2016-01-12,20:45:00,48.272,48.461,48.272,48.461,1020,0
2016-01-12,21:25:00,48.651,48.651,48.651,48.651,200,0
2016-01-13,17:10:00,47.898,47.898,47.898,47.898,400,0
2016-01-13,19:55:00,47.006,47.006,47.006,47.006,600,0
2016-01-13,20:15:00,46.352,46.352,46.352,46.352,400,0
2016-01-14,15:45:00,45.587,45.587,45.587,45.587,200,0
2016-01-14,16:15:00,44.655,44.655,44.596,44.596,2117,0
2016-01-14,16:25:00,45.34,45.34,45.34,45.34,200,0
2016-01-14,16:30:00,45.549,45.549,45.549,45.549,200,0
2016-01-14,16:50:00,46.222,46.222,46.222,46.222,200,0
2016-01-14,18:40:00,46.137,46.137,46.137,46.137,200,0
2016-01-14,18:45:00,46.262,46.277,46.262,46.277,1170,0
2016-01-14,19:15:00,46.397,46.397,46.397,46.397,300,0
2016-01-14,21:15:00,47.149,47.329,47.08,47.143,5119,0
2016-01-14,21:35:00,46.906,46.906,46.906,46.906,200,0
2016-01-15,15:35:00,42.716,43.3,42.711,42.716,2285,0
2016-01-15,15:50:00,45.015,45.14,44.845,45.14,1804,0
2016-01-15,19:05:00,44.072,44.201,44.072,44.201,700,0
2016-01-19,15:45:00,45.374,45.888,45.374,45.888,1000,0
2016-01-19,15:50:00,45.584,45.584,45.19,45.19,400,0
2016-01-19,15:55:00,44.895,44.895,44.895,44.895,200,0
2016-01-19,16:00:00,45.23,45.23,45.23,45.23,326,0
2016-01-19,16:35:00,45.888,45.888,45.888,45.888,400,0
2016-01-19,19:35:00,45.235,45.235,45.235,45.235,200,0
2016-01-19,21:10:00,44.741,44.741,44.741,44.741,200,0
2016-01-19,21:25:00,44.746,44.85,44.746,44.85,1202,0
2016-01-19,21:45:00,45.135,45.135,45.135,45.135,800,0
2016-01-19,21:55:00,45.305,45.305,45.305,45.305,200,0
2016-01-20,15:35:00,43.912,43.912,43.912,43.912,440,0
2016-01-20,15:40:00,43.618,43.925,43.525,43.525,1404,0
2016-01-20,17:10:00,41.915,42.501,41.915,42.501,670,0
2016-01-20,19:00:00,42.133,42.133,42.133,42.133,200,0
2016-01-20,19:45:00,42.791,42.796,42.791,42.791,652,0
2016-01-20,21:45:00,44.282,44.282,44.282,44.282,200,0
2016-01-20,21:55:00,43.698,43.698,43.698,43.698,200,0
2016-01-20,22:00:00,43.883,43.887,43.873,43.883,2607,0
2016-01-21,15:35:00,45.155,45.16,45.155,45.16,1000,0
2016-01-21,15:40:00,44.421,44.421,44.421,44.421,200,0
2016-01-21,15:45:00,44.416,44.416,44.416,44.416,200,0
2016-01-21,15:50:00,44.416,44.416,44.416,44.416,600,0
2016-01-21,16:50:00,45.389,45.389,45.389,45.389,11829,0
2016-01-21,21:25:00,44.613,45.243,44.613,45.243,400,0
2016-01-21,21:35:00,44.925,44.925,44.925,44.925,400,0
2016-01-22,17:25:00,46.412,46.412,46.412,46.412,1072,0
2016-01-26,15:35:00,46.716,46.716,46.716,46.716,782,0
2016-01-26,16:50:00,46.177,46.177,46.177,46.177,200,0
2016-01-26,19:15:00,46.711,46.711,46.711,46.711,200,0
2016-01-27,17:35:00,46.552,46.552,46.552,46.552,200,0
2016-01-28,17:10:00,45.23,45.23,45.23,45.23,200,0
2016-01-28,18:35:00,45.599,45.599,45.599,45.599,800,0
2016-01-28,20:50:00,45.616,45.616,45.616,45.616,248,0
2016-01-29,16:40:00,46.181,46.181,46.181,46.181,400,0
2016-01-29,17:05:00,46.286,46.427,46.286,46.427,400,0
2016-01-29,17:55:00,46.522,46.522,46.522,46.522,200,0
2016-01-29,18:50:00,46.505,46.505,46.505,46.505,200,0
2016-01-29,21:55:00,47.143,47.143,47.143,47.143,200,0
2016-02-01,15:35:00,45.824,46.651,45.824,46.651,1576,0
2016-02-01,15:40:00,46.475,46.475,46.475,46.475,200,0
2016-02-01,16:25:00,46.932,46.932,46.932,46.932,200,0
2016-02-01,16:50:00,47.299,47.324,47.299,47.324,812,0
2016-02-02,17:15:00,46.402,46.776,46.402,46.776,400,0
2016-02-03,16:35:00,44.032,44.193,44.032,44.193,600,0
2016-02-03,16:40:00,44.047,44.047,44.047,44.047,200,0
2016-02-03,17:15:00,44.43,44.43,44.43,44.43,240,0
2016-02-03,20:30:00,45.134,45.504,45.038,45.504,2407,0
2016-02-03,20:50:00,45.678,45.678,45.678,45.678,558,0
2016-02-03,21:00:00,45.337,45.337,45.337,45.337,400,0
2016-02-04,18:45:00,45.155,45.155,45.155,45.155,200,0
2016-02-04,19:05:00,45.325,45.325,45.325,45.325,200,0
2016-02-05,17:20:00,43.335,43.335,43.335,43.335,200,0
2016-02-05,17:25:00,43.015,43.015,43.015,43.015,200,0
2016-02-05,20:10:00,42.866,42.866,42.866,42.866,200,0
2016-02-05,21:55:00,42.396,42.396,42.396,42.396,200,0
2016-02-05,22:00:00,42.198,42.401,42.198,42.218,2205,0
2016-02-08,15:35:00,41.159,41.159,40.905,40.905,400,0
2016-02-08,15:45:00,40.936,40.936,40.936,40.936,300,0
2016-02-08,15:55:00,41.062,41.062,40.86,41.05,3609,0
2016-02-08,16:00:00,41.184,41.184,41.184,41.184,200,0
2016-02-08,16:30:00,40.685,40.685,40.261,40.261,1304,0
2016-02-08,16:45:00,40.306,40.306,40.306,40.306,200,0
2016-02-08,17:00:00,40.311,40.51,40.266,40.296,4811,0
2016-02-08,17:05:00,40.261,40.261,40.261,40.261,200,0
2016-02-08,17:50:00,39.862,40.052,39.862,40.052,400,0
2016-02-08,18:35:00,40.466,40.466,40.466,40.466,200,0
2016-02-08,19:55:00,39.82,39.82,39.82,39.82,398,0
2016-02-08,20:10:00,40.207,40.207,40.207,40.207,200,0
2016-02-08,21:20:00,40.231,40.401,40.231,40.401,840,0
2016-02-08,21:45:00,40.651,40.651,40.651,40.651,798,0
2016-02-08,21:55:00,40.863,40.863,40.84,40.853,1000,0
2016-02-09,20:40:00,40.9,40.9,40.9,40.9,200,0
2016-02-09,20:50:00,41.159,41.159,41.159,41.159,200,0
2016-02-09,21:15:00,41.444,41.444,41.444,41.444,200,0
2016-02-09,22:00:00,40.82,40.82,40.82,40.82,200,0
2016-02-10,15:35:00,40.421,41.07,40.421,41.07,446,0
2016-02-10,18:40:00,41.724,41.724,41.724,41.724,224,0
2016-02-10,19:30:00,42.078,42.078,42.078,42.078,228,0
2016-02-10,20:25:00,41.935,41.935,41.935,41.935,200,0
2016-02-11,16:35:00,40.915,40.915,40.91,40.91,1764,0
2016-02-11,21:15:00,40.942,40.942,40.942,40.942,556,0
2016-02-11,21:40:00,41.184,41.184,41.184,41.184,200,0
2016-02-16,15:45:00,43.593,43.593,43.593,43.593,1804,0
2016-02-16,15:50:00,43.753,43.753,43.753,43.753,200,0
2016-02-16,15:55:00,43.578,43.578,43.578,43.578,200,0
2016-02-17,16:25:00,46.127,46.127,46.127,46.127,200,0
2016-02-19,19:35:00,45.749,45.749,45.749,45.749,338,0
2016-02-19,20:35:00,45.923,45.953,45.923,45.953,20005,0
2016-02-24,20:10:00,46.731,46.731,46.731,46.731,200,0
2016-02-24,20:35:00,47.155,47.155,47.155,47.155,400,0
2016-02-24,21:25:00,47.499,47.499,47.499,47.499,200,0
2016-02-25,16:15:00,47.288,47.288,47.247,47.247,400,0
2016-02-25,18:00:00,47.823,47.823,47.823,47.823,200,0
2016-02-25,18:10:00,47.823,47.823,47.823,47.823,200,0
2016-02-25,21:30:00,48.325,48.325,48.325,48.325,206,0
2016-02-25,22:00:00,48.282,48.282,48.282,48.282,1000,0
2016-02-26,18:00:00,48.581,48.581,48.282,48.282,842,0
2016-02-26,18:10:00,48.282,48.282,48.282,48.282,1000,0
2016-02-29,17:00:00,48.422,48.658,48.422,48.658,832,0
2016-02-29,17:40:00,49.1,49.1,49.1,49.1,200,0
2016-02-29,18:00:00,48.925,48.925,48.925,48.925,308,0
2016-03-01,18:05:00,49.355,49.355,49.355,49.355,200,0
2016-03-02,19:25:00,49.305,49.305,49.305,49.305,320,0
2016-03-02,21:55:00,49.565,49.565,49.565,49.565,526,0
2016-03-03,16:55:00,49.832,49.832,49.832,49.832,300,0
2016-03-03,21:00:00,50.027,50.297,50.027,50.297,1202,0
2016-03-07,18:05:00,50.227,50.347,50.222,50.257,1804,0
2016-03-07,18:10:00,50.207,50.607,50.207,50.607,2607,0
2016-03-07,21:40:00,49.977,49.977,49.977,49.977,200,0
2016-03-08,17:05:00,49.438,49.438,49.438,49.438,530,0
2016-03-08,17:20:00,49.972,49.972,49.897,49.897,400,0
2016-03-09,15:35:00,49.43,49.43,49.43,49.43,200,0
2016-03-09,15:40:00,49.415,49.415,49.415,49.415,200,0
2016-03-11,21:40:00,51.216,51.216,51.216,51.216,400,0
2016-03-14,19:20:00,51.876,51.876,51.876,51.876,200,0
2016-03-16,18:15:00,51.191,51.191,51.191,51.191,400,0
2016-03-16,19:50:00,52.056,52.056,52.056,52.056,200,0
2016-03-18,17:10:00,52.366,52.366,52.366,52.366,200,0
2016-03-21,14:50:00,52.686,52.686,52.686,52.686,200,0
2016-03-21,19:00:00,52.331,52.331,52.331,52.331,208,0
2016-03-21,19:10:00,52.586,52.586,52.541,52.541,7498,0
2016-03-21,19:15:00,52.596,52.596,52.596,52.596,600,0
2016-03-21,19:25:00,52.706,52.706,52.706,52.706,312,0
2016-03-21,19:30:00,52.556,52.731,52.556,52.731,600,0
2016-03-23,19:50:00,51.801,51.801,51.801,51.801,598,0
2016-03-23,20:05:00,51.416,51.416,51.416,51.416,400,0
2016-03-28,19:25:00,52.251,52.251,52.251,52.251,1202,0
2016-03-28,21:25:00,52.511,52.511,52.511,52.511,424,0
2016-03-29,20:45:00,53.221,53.221,53.221,53.221,340,0
2016-03-29,21:55:00,53.151,53.151,53.151,53.151,330,0
2016-03-30,20:50:00,53.636,53.636,53.596,53.596,666,0
2016-03-30,20:55:00,53.746,53.746,53.746,53.746,1076,0
2016-03-31,18:45:00,54.026,54.026,54.026,54.026,560,0
2016-03-31,19:40:00,53.981,53.981,53.981,53.981,200,0
2016-03-31,19:45:00,53.981,53.981,53.981,53.981,200,0
2016-03-31,20:00:00,53.981,53.981,53.981,53.981,1602,0
2016-03-31,22:00:00,53.621,53.621,53.621,53.621,200,0
2016-04-01,19:00:00,53.741,54.166,53.741,54.166,2665,0
2016-04-01,21:55:00,54.591,54.596,54.561,54.596,3807,0
2016-04-04,17:25:00,53.946,53.946,53.946,53.946,3607,0
2016-04-04,17:30:00,53.946,53.946,53.931,53.931,6316,0
2016-04-04,17:35:00,53.931,54.006,53.876,54.006,6610,0
2016-04-04,17:40:00,54.096,54.536,53.986,54.516,7212,0
2016-04-04,17:45:00,54.516,54.516,53.486,53.486,3269,0
2016-04-04,17:50:00,54.126,54.126,54.126,54.126,24510,0
2016-04-04,20:00:00,53.486,53.486,53.486,53.486,200,0
2016-04-04,20:15:00,53.506,53.506,53.506,53.506,200,0
2016-04-04,20:25:00,53.461,53.461,53.461,53.461,200,0
2016-04-05,19:20:00,52.896,52.896,52.896,52.896,1802,0
2016-04-05,19:25:00,52.896,52.896,52.896,52.896,200,0
2016-04-05,21:20:00,52.886,52.886,52.886,52.886,400,0
2016-04-06,19:20:00,53.166,53.166,53.166,53.166,214,0
2016-04-07,15:35:00,52.516,52.516,52.516,52.516,600,0
2016-04-07,15:40:00,53.291,53.291,53.291,53.291,200,0
2016-04-07,15:50:00,53.596,53.596,53.531,53.531,400,0
2016-04-07,16:20:00,53.316,53.316,53.316,53.316,310,0
2016-04-07,20:05:00,52.416,52.416,52.416,52.416,200,0
2016-04-08,20:20:00,52.826,52.826,52.826,52.826,234,0
2016-04-11,16:10:00,52.841,52.841,52.841,52.841,400,0
2016-04-11,17:35:00,52.331,52.331,52.331,52.331,200,0
2016-04-11,18:50:00,52.416,52.416,52.416,52.416,1802,0
2016-04-11,21:40:00,51.891,51.891,51.891,51.891,392,0
2016-04-12,18:55:00,52.166,52.166,52.166,52.166,600,0
2016-04-12,19:20:00,52.171,52.171,52.171,52.171,200,0
2016-04-12,20:05:00,52.261,52.261,52.261,52.261,200,0
2016-04-12,20:10:00,52.261,52.261,52.261,52.261,200,0
2016-04-12,20:55:00,52.416,52.416,52.416,52.416,1979,0
2016-04-12,21:00:00,52.416,52.416,52.416,52.416,1434,0
2016-04-12,21:10:00,52.401,52.536,52.401,52.526,800,0
2016-04-13,19:25:00,53.411,53.411,53.411,53.411,338,0
2016-04-13,21:15:00,53.731,53.731,53.731,53.731,322,0
2016-04-14,19:55:00,54.091,54.091,54.091,54.091,750,0
2016-04-14,20:40:00,53.556,53.556,53.556,53.556,1056,0
2016-04-15,20:55:00,53.911,53.911,53.911,53.911,400,0
2016-04-18,16:15:00,54.756,54.756,54.756,54.756,200,0
2016-04-19,17:35:00,54.855,54.855,54.855,54.855,266,0
2016-04-19,19:00:00,54.121,54.121,54.121,54.121,800,0
2016-04-20,17:25:00,54.411,54.411,54.411,54.411,600,0
2016-04-20,21:35:00,54.616,54.616,54.616,54.616,200,0
2016-04-21,20:15:00,53.656,53.656,53.656,53.656,212,0
2016-04-26,16:35:00,53.246,53.246,53.246,53.246,600,0
2016-04-26,16:40:00,53.261,53.261,53.261,53.261,200,0
2016-04-26,16:55:00,53.256,53.256,53.256,53.256,200,0
2016-04-27,18:10:00,53.451,53.451,53.406,53.406,400,0
2016-04-28,21:00:00,52.781,52.781,52.781,52.781,248,0
2016-04-28,21:30:00,52.416,52.416,52.416,52.416,200,0
2016-05-02,15:45:00,52.941,52.941,52.941,52.941,300,0
2016-05-02,21:30:00,53.681,53.681,53.676,53.681,4307,0
2016-05-02,21:40:00,53.961,53.961,53.961,53.961,200,0
2016-05-05,20:55:00,52.186,52.186,52.186,52.186,200,0
2016-05-09,19:30:00,53.606,53.606,53.606,53.606,200,0
2016-05-10,15:45:00,53.591,53.591,53.591,53.591,2003,0
2016-05-10,20:25:00,54.186,54.186,54.186,54.186,200,0
2016-05-10,21:15:00,54.301,54.301,54.301,54.301,200,0
2016-05-10,21:45:00,54.286,54.286,54.286,54.286,200,0
2016-05-10,22:00:00,54.386,54.461,54.201,54.271,6472,0
2016-05-11,15:35:00,52.831,52.831,52.831,52.831,800,0
2016-05-11,19:55:00,52.596,52.596,52.596,52.596,200,0
2016-05-11,20:40:00,52.511,52.546,52.511,52.546,568,0
2016-05-12,17:25:00,51.916,51.916,51.916,51.916,200,0
2016-05-12,17:30:00,51.911,51.911,51.906,51.906,400,0
2016-05-13,16:20:00,52.091,52.091,51.886,52.091,1810,0
2016-05-17,20:20:00,50.867,50.867,50.762,50.847,3807,0
2016-05-18,20:05:00,50.122,50.122,50.122,50.122,290,0
2016-05-18,20:10:00,49.922,49.922,49.922,49.922,200,0
2016-05-18,21:40:00,49.71,49.71,49.71,49.71,400,0
2016-05-20,16:55:00,51.216,51.216,51.216,51.216,208,0
2016-05-23,16:10:00,51.086,51.086,51.056,51.061,1536,0
2016-05-24,21:15:00,51.356,51.511,51.356,51.511,400,0
2016-05-24,21:20:00,51.471,51.471,51.471,51.471,390,0
2016-05-25,15:35:00,51.486,51.671,51.486,51.671,820,0
2016-05-26,19:05:00,52.011,52.011,52.011,52.011,220,0
2016-05-26,20:10:00,52.141,52.141,52.141,52.141,400,0
2016-05-26,20:25:00,52.346,52.346,52.346,52.346,414,0
2016-05-31,21:50:00,52.661,52.666,52.661,52.666,800,0
2016-06-01,17:25:00,53.056,53.056,52.756,52.756,600,0
2016-06-01,18:25:00,52.906,52.906,52.906,52.906,950,0
2016-06-01,19:45:00,52.906,52.906,52.906,52.906,200,0
2016-06-06,17:50:00,52.966,52.966,52.966,52.966,400,0
2016-06-06,20:05:00,53.571,53.571,53.571,53.571,200,0
2016-06-06,20:25:00,53.146,53.146,53.146,53.146,200,0
2016-06-07,19:40:00,54.106,54.106,54.001,54.001,400,0
2016-06-08,15:35:00,52.771,53.336,52.771,53.336,1352,0
2016-06-08,15:55:00,53.851,53.851,53.711,53.711,400,0
2016-06-08,19:50:00,53.821,53.821,53.821,53.821,284,0
2016-06-08,20:20:00,53.826,53.826,53.826,53.826,400,0
2016-06-08,20:55:00,53.791,54.041,53.386,53.386,4359,0
2016-06-08,21:05:00,53.926,54.036,53.626,53.626,1000,0
2016-06-09,20:35:00,53.446,53.446,53.446,53.446,1248,0
2016-06-09,20:40:00,53.566,53.566,53.566,53.566,200,0
2016-06-09,21:25:00,53.546,53.546,53.546,53.546,672,0
2016-06-10,17:30:00,52.696,52.696,52.696,52.696,200,0
2016-06-15,16:30:00,51.756,51.811,51.756,51.811,576,0
2016-06-24,15:35:00,47.592,47.592,47.592,47.592,602,0
2016-06-24,16:10:00,51.166,51.166,51.166,51.166,254,0
2016-06-24,20:20:00,50.382,50.382,50.382,50.382,280,0
2016-06-27,16:40:00,47.903,47.903,47.622,47.634,1050,0
2016-06-27,18:20:00,47.62,47.62,47.62,47.62,200,0
2016-06-27,18:25:00,47.942,47.942,47.942,47.942,400,0
2016-06-27,19:40:00,48.038,48.038,47.847,47.847,1602,0
2016-06-27,21:25:00,48.04,48.04,48.04,48.04,734,0
2016-06-28,15:35:00,47.542,47.542,47.542,47.542,250,0
2016-06-28,19:35:00,48.891,48.891,48.891,48.891,200,0
2016-06-28,20:10:00,48.991,48.991,48.991,48.991,200,0
2016-06-30,21:50:00,51.606,51.606,51.606,51.606,564,0
2016-07-01,18:00:00,52.981,52.981,52.981,52.981,200,0
2016-07-05,22:00:00,51.906,51.906,51.856,51.861,2991,0
2016-07-06,15:35:00,52.396,52.396,52.396,52.396,200,0
2016-07-06,21:00:00,52.436,52.486,52.436,52.486,700,0
2016-07-06,21:05:00,52.501,52.546,52.461,52.546,1602,0
2016-07-06,21:10:00,52.556,52.586,52.556,52.586,840,0
2016-07-07,15:40:00,52.911,52.911,52.911,52.911,200,0
2016-07-07,15:55:00,53.071,53.071,53.071,53.071,600,0
2016-07-07,21:05:00,53.046,53.046,53.046,53.046,200,0
2016-07-08,15:35:00,53.436,53.746,53.436,53.746,640,0
2016-07-08,15:40:00,53.936,53.936,53.936,53.936,524,0
2016-07-08,15:50:00,54.136,54.136,54.136,54.136,6408,0
2016-07-08,16:05:00,54.681,54.681,54.681,54.681,800,0
2016-07-08,18:15:00,54.171,54.171,54.166,54.166,400,0
2016-07-08,18:20:00,54.171,54.646,54.166,54.331,1000,0
2016-07-08,18:45:00,54.446,54.446,54.446,54.446,400,0
2016-07-08,19:00:00,54.446,54.446,54.446,54.446,200,0
2016-07-11,16:15:00,55.03,55.035,55.03,55.035,1198,0
2016-07-12,15:35:00,55.92,55.92,55.92,55.92,834,0
2016-07-12,16:15:00,55.93,55.93,55.93,55.93,200,0
2016-07-12,17:45:00,55.93,56.03,55.83,55.83,600,0
2016-07-12,17:50:00,55.845,56.18,55.845,56.18,2003,0
2016-07-12,17:55:00,56.305,56.385,56.23,56.385,2803,0
2016-07-12,18:00:00,56.25,56.25,56.08,56.08,1802,0
2016-07-12,18:05:00,56.07,56.07,56.07,56.07,200,0
2016-07-12,18:10:00,56.05,56.055,56.005,56.005,800,0
2016-07-12,18:15:00,55.955,56.03,55.785,56.03,1402,0
2016-07-12,18:20:00,55.955,55.955,55.94,55.945,1202,0
2016-07-12,21:20:00,56.09,56.09,56.09,56.09,1170,0
2016-07-13,20:30:00,55.94,55.94,55.68,55.68,400,0
2016-07-13,21:15:00,56.02,56.02,56.02,56.02,232,0
2016-07-13,21:20:00,55.925,55.925,55.925,55.925,456,0
2016-07-14,15:35:00,57.43,57.43,57.43,57.43,214,0
2016-07-14,17:45:00,56.305,56.455,56.295,56.405,1648,0
2016-07-14,17:50:00,56.23,56.33,56.215,56.215,600,0
2016-07-14,17:55:00,56.205,56.255,56.205,56.255,1202,0
2016-07-14,18:00:00,56.355,56.46,56.205,56.46,3605,0
2016-07-14,18:05:00,56.28,56.77,56.28,56.46,4005,0
2016-07-14,18:10:00,56.48,56.48,56.43,56.43,800,0
2016-07-14,18:15:00,56.33,56.58,56.33,56.475,2603,0
2016-07-14,18:20:00,56.43,56.505,56.345,56.35,1802,0
2016-07-14,18:25:00,56.555,56.555,56.33,56.53,2203,0
2016-07-14,18:30:00,56.43,56.505,56.33,56.405,1602,0
2016-07-14,18:45:00,56.43,56.505,56.28,56.455,2003,0
2016-07-14,18:50:00,56.38,56.38,56.26,56.26,1402,0
2016-07-14,19:40:00,56.48,56.48,56.48,56.48,200,0
2016-07-15,15:40:00,56.03,56.43,56.03,56.405,2003,0
2016-07-15,15:45:00,56.13,56.18,56.12,56.18,800,0
2016-07-15,15:50:00,56.33,56.69,56.13,56.28,1802,0
2016-07-15,16:00:00,56.03,56.33,56.03,56.33,1402,0
2016-07-15,16:05:00,56.28,56.28,56.28,56.28,600,0
2016-07-15,16:10:00,56.28,56.28,56.18,56.18,400,0
2016-07-15,16:20:00,56.18,56.18,56.08,56.08,600,0
2016-07-15,16:30:00,56.195,56.33,56.13,56.33,1202,0
2016-07-15,16:35:00,56.24,56.24,56.09,56.09,800,0
2016-07-15,17:10:00,56.13,56.13,56.13,56.13,400,0
2016-07-15,17:35:00,55.98,55.98,55.91,55.91,600,0
2016-07-15,17:40:00,55.68,56.01,55.68,55.825,2603,0
2016-07-15,17:45:00,55.68,55.855,55.68,55.83,1602,0
2016-07-15,17:50:00,55.705,55.705,55.705,55.705,200,0
2016-07-15,17:55:00,55.855,55.855,55.755,55.755,400,0
2016-07-15,18:00:00,55.825,55.88,55.555,55.88,600,0
2016-07-15,18:05:00,55.53,55.88,55.53,55.855,2403,0
2016-07-15,18:10:00,55.695,55.875,55.695,55.705,2003,0
2016-07-15,18:15:00,55.73,55.73,55.73,55.73,400,0
2016-07-15,19:05:00,55.505,55.93,55.505,55.905,2203,0
2016-07-15,19:10:00,55.555,55.78,55.555,55.78,1602,0
2016-07-15,19:15:00,55.88,55.88,55.8,55.805,1602,0
2016-07-15,19:25:00,55.63,55.83,55.63,55.805,1000,0
2016-07-15,19:30:00,55.78,55.78,55.73,55.73,600,0
2016-07-15,20:00:00,55.6,55.8,55.6,55.68,1802,0
2016-07-15,20:05:00,55.73,55.83,55.73,55.83,600,0
2016-07-15,20:10:00,55.69,55.78,55.63,55.78,1402,0
2016-07-15,21:05:00,55.695,55.695,55.695,55.695,200,0
2016-07-15,21:30:00,55.68,55.68,55.68,55.68,200,0
2016-07-18,15:55:00,55.755,55.88,55.755,55.88,1662,0
2016-07-18,16:00:00,56.08,56.08,56.08,56.08,260,0
2016-07-18,16:15:00,56.055,56.055,56.055,56.055,200,0
2016-07-18,16:20:00,55.955,55.955,55.955,55.955,200,0
2016-07-18,21:10:00,56.08,56.23,56.08,56.23,1000,0
2016-07-19,15:45:00,55.63,55.78,55.63,55.755,1602,0
2016-07-19,16:35:00,56.03,56.03,56.03,56.03,58736,0
2016-07-19,16:45:00,55.98,55.98,55.975,55.975,600,0
2016-07-19,16:50:00,55.975,55.975,55.975,55.975,1202,0
2016-07-19,17:45:00,56.22,56.22,56.22,56.22,440,0
2016-07-20,15:35:00,56.88,56.88,56.88,56.88,412,0
2016-07-20,15:40:00,55.88,55.88,55.88,55.88,412,0
2016-07-20,18:15:00,56.08,56.08,56.08,56.08,400,0
2016-07-20,19:40:00,56.3,56.325,56.28,56.325,2003,0
2016-07-20,19:45:00,56.33,56.485,56.33,56.485,600,0
2016-07-20,19:50:00,56.23,56.23,56.23,56.23,400,0
2016-07-20,21:15:00,56.135,56.135,56.065,56.065,62064,0
2016-07-21,18:30:00,56.055,56.08,56.055,56.08,400,0
2016-07-21,18:45:00,55.965,55.98,55.965,55.98,400,0
2016-07-22,15:35:00,55.685,55.685,55.685,55.685,200,0
2016-07-22,15:40:00,55.93,55.93,55.92,55.92,400,0
2016-07-22,19:45:00,56.215,56.215,56.215,56.215,270,0
2016-07-25,16:25:00,56.23,56.23,56.23,56.23,200,0
2016-07-25,16:30:00,56.23,56.23,56.23,56.23,400,0
2016-07-25,17:40:00,56.33,56.33,56.28,56.325,1202,0
2016-07-25,17:45:00,56.41,56.54,56.41,56.425,1206,0
2016-07-25,18:40:00,56.475,56.545,56.245,56.245,1202,0
2016-07-25,22:00:00,56.65,56.65,56.65,56.65,200,0
2016-07-26,19:40:00,56.08,56.08,55.88,56.055,1202,0
2016-07-29,18:20:00,56.18,56.18,56.175,56.18,644,0
2016-07-29,20:10:00,55.845,55.845,55.84,55.84,600,0
2016-07-29,20:45:00,55.925,55.925,55.925,55.925,560,0
2016-08-01,16:00:00,56.06,56.06,55.835,55.835,400,0
2016-08-01,21:55:00,56.03,56.03,56.025,56.03,2203,0
2016-08-02,20:05:00,54.551,54.551,54.551,54.551,1492,0
2016-08-04,17:45:00,54.93,54.93,54.93,54.93,214,0
2016-08-04,21:30:00,54.85,54.85,54.85,54.85,200,0
2016-08-04,22:00:00,54.935,55.13,54.935,54.935,1402,0
2016-08-05,16:40:00,56.105,56.105,56.105,56.105,1000,0
2016-08-05,21:15:00,55.75,55.885,55.75,55.885,400,0
2016-08-08,15:35:00,55.435,55.93,55.435,55.93,2819,0
2016-08-08,15:45:00,55.93,55.93,55.93,55.93,216,0
2016-08-08,17:40:00,55.73,55.73,55.73,55.73,800,0
2016-08-08,21:05:00,55.86,55.86,55.86,55.86,842,0
2016-08-08,21:30:00,55.65,55.65,55.38,55.415,1402,0
2016-08-08,21:35:00,55.78,55.78,55.78,55.78,400,0
2016-08-08,21:50:00,55.715,55.78,55.715,55.78,1402,0
2016-08-08,22:00:00,56.085,56.085,56.085,56.085,200,0
2016-08-12,17:35:00,57.025,57.025,57.025,57.025,800,0
2016-08-16,16:05:00,56.59,56.59,56.59,56.59,300,0
2016-08-16,20:10:00,56.43,56.43,56.43,56.43,280,0
2016-08-16,20:45:00,56.48,56.48,56.48,56.48,396,0
2016-08-17,21:00:00,55.965,55.965,55.965,55.965,250,0
2016-08-22,15:35:00,55.43,55.43,55.43,55.43,370,0
2016-08-22,15:45:00,55.52,55.52,55.46,55.46,400,0
2016-08-22,21:35:00,55.67,55.67,55.67,55.67,200,0
2016-08-23,16:35:00,56.375,56.375,56.325,56.325,400,0
2016-08-23,16:40:00,56.2,56.2,56.2,56.2,400,0
2016-08-25,15:35:00,55.435,55.435,55.435,55.435,200,0
2016-08-25,17:00:00,55.19,55.19,55.19,55.19,1000,0
2016-08-25,19:40:00,54.86,54.86,54.86,54.86,200,0
2016-08-26,21:00:00,54.521,54.521,54.521,54.521,540,0
2016-09-01,17:25:00,54.526,54.526,54.526,54.526,236,0
2016-09-06,15:35:00,55.325,55.325,55.325,55.325,200,0
2016-09-07,15:35:00,55.185,55.185,55.185,55.185,500,0
2016-09-09,15:45:00,53.896,53.896,53.896,53.896,400,0
2016-09-12,17:20:00,53.021,53.021,53.021,53.021,400,0
2016-09-13,15:35:00,53.711,53.711,53.711,53.711,300,0
2016-09-13,15:45:00,53.401,53.401,53.401,53.401,200,0
2016-09-16,16:00:00,52.686,52.686,52.686,52.686,300,0
2016-09-20,15:35:00,52.736,52.736,52.736,52.736,1000,0
2016-09-20,21:15:00,52.736,52.736,52.736,52.736,240,0
2016-09-21,20:15:00,52.901,53.041,52.761,52.761,800,0
2016-09-22,18:05:00,54.036,54.036,54.036,54.036,1000,0
2016-09-23,17:35:00,54.561,54.561,54.561,54.561,620,0
2016-09-26,17:50:00,53.036,53.036,53.036,53.036,850,0
2016-09-26,21:50:00,52.931,52.931,52.931,52.931,300,0
2016-09-28,19:20:00,53.516,53.516,53.516,53.516,400,0
2016-09-29,16:05:00,54.336,54.336,54.336,54.336,448,0
2016-09-30,17:05:00,54.186,54.186,54.186,54.186,400,0
2016-09-30,19:25:00,54.486,54.486,54.486,54.486,900,0
2016-10-04,18:10:00,54.321,54.321,54.321,54.321,7208,0
2016-10-06,16:25:00,53.871,53.871,53.766,53.771,924,0
2016-10-06,16:30:00,53.786,53.981,53.786,53.981,1602,0
2016-10-06,21:35:00,54.121,54.121,54.121,54.121,200,0
2016-10-10,21:40:00,53.876,53.876,53.876,53.876,200,0
2016-10-11,20:00:00,52.936,52.936,52.936,52.936,400,0
2016-10-11,21:25:00,52.881,52.881,52.881,52.881,264,0
2016-10-13,15:35:00,51.971,54.116,51.971,54.116,734,0
2016-10-19,18:15:00,52.936,52.936,52.936,52.936,1722,0
2016-10-24,15:50:00,54.531,54.531,54.531,54.531,1602,0
2016-10-25,17:45:00,54.341,54.341,54.341,54.341,200,0
2016-10-25,21:00:00,54.026,54.026,54.026,54.026,234,0
2016-10-26,18:45:00,53.236,53.236,53.236,53.236,200,0
2016-10-26,20:45:00,53.186,53.186,53.186,53.186,2003,0
2016-10-26,20:50:00,53.031,53.031,53.031,53.031,3805,0
2016-10-27,18:25:00,52.466,52.466,52.466,52.466,200,0
2016-10-28,15:45:00,51.456,51.456,51.216,51.216,600,0
2016-10-28,19:40:00,51.511,51.511,51.511,51.511,202,0
2016-10-28,20:25:00,51.736,51.736,51.736,51.736,200,0
2016-10-31,17:00:00,52.131,52.131,52.131,52.131,906,0
2016-11-03,17:20:00,50.767,50.767,50.767,50.767,200,0
2016-11-04,19:55:00,50.142,50.322,50.137,50.137,2003,0
2016-11-07,16:20:00,51.966,51.966,51.966,51.966,300,0
2016-11-07,20:35:00,52.071,52.071,51.991,51.991,800,0
2016-11-08,21:35:00,52.461,52.461,52.461,52.461,200,0
2016-11-09,15:35:00,50.887,50.887,50.887,50.887,200,0
2016-11-10,15:45:00,54.436,54.436,54.436,54.436,360,0
2016-11-10,16:05:00,54.621,54.621,54.621,54.621,13302,0
2016-11-11,15:35:00,54.666,54.666,54.666,54.666,200,0
2016-11-11,19:55:00,53.731,53.731,53.731,53.731,400,0
2016-11-16,16:20:00,54.741,54.746,54.741,54.741,2003,0
2016-11-16,18:55:00,54.781,54.935,54.781,54.935,740,0
2016-11-16,19:05:00,55.05,55.05,55.05,55.05,540,0
2016-11-17,18:20:00,55.905,55.905,55.82,55.82,1178,0
2016-11-17,18:40:00,55.825,55.825,55.825,55.825,200,0
2016-11-17,18:50:00,55.955,55.955,55.955,55.955,348,0
2016-11-17,21:05:00,55.93,56.095,55.93,55.935,9352,0
2016-11-17,21:10:00,56.18,56.18,56.18,56.18,510,0
2016-11-21,19:10:00,56.545,56.545,56.545,56.545,200,0
2016-11-21,21:00:00,56.655,56.655,56.655,56.655,200,0
2016-11-22,21:25:00,58,58,58,58,200,0
2016-11-23,15:35:00,58.43,58.43,58.43,58.43,296,0
2016-11-23,15:40:00,58.13,58.13,58.13,58.13,200,0
2016-11-23,16:10:00,57.885,57.885,57.885,57.885,200,0
2016-11-29,20:35:00,58.29,58.29,58.29,58.29,302,0
2016-12-01,16:20:00,57.615,57.72,57.515,57.685,2189,0
2016-12-01,16:50:00,57.445,57.445,57.445,57.445,800,0
2016-12-01,18:40:00,57.225,57.23,57.18,57.23,2823,0
2016-12-01,20:25:00,57.21,57.23,57.145,57.21,6808,0
2016-12-02,22:00:00,56.805,56.805,56.805,56.805,228,0
2016-12-05,19:40:00,57.78,57.78,57.78,57.78,302,0
2016-12-05,20:20:00,57.605,57.605,57.605,57.605,200,0
2016-12-06,16:10:00,57.42,57.42,57.42,57.42,200,0
2016-12-06,18:30:00,57.89,58.065,57.89,58.065,400,0
2016-12-06,19:25:00,57.9,57.9,57.9,57.9,420,0
2016-12-06,19:35:00,58.055,58.055,57.89,57.89,1802,0
2016-12-06,21:05:00,58.055,58.055,58.055,58.055,2151,0
2016-12-06,21:20:00,57.915,57.915,57.915,57.915,240,0
2016-12-07,18:40:00,58.929,58.929,58.929,58.929,1000,0
2016-12-07,19:00:00,58.929,58.929,58.929,58.929,2159,0
2016-12-07,19:15:00,59.179,59.179,59.179,59.179,200,0
2016-12-07,20:10:00,59.744,59.744,59.654,59.654,400,0
2016-12-07,21:25:00,59.649,59.689,59.649,59.689,1802,0
2016-12-07,21:45:00,59.654,59.654,59.654,59.654,256,0
2016-12-08,17:25:00,60.009,60.194,60.009,60.194,2203,0
2016-12-08,22:00:00,59.594,59.954,59.589,59.954,1000,0
2016-12-09,15:35:00,60.079,60.079,60.079,60.079,598,0
2016-12-09,17:05:00,59.979,59.979,59.979,59.979,800,0
2016-12-09,19:05:00,60.219,60.309,60.219,60.309,800,0
2016-12-09,20:15:00,60.179,60.179,60.179,60.179,252,0
2016-12-09,21:30:00,60.209,60.209,60.209,60.209,600,0
2016-12-09,21:50:00,60.144,60.144,60.144,60.144,600,0
2016-12-09,22:00:00,60.144,60.224,60.144,60.224,400,0
2016-12-13,18:15:00,60.449,60.634,60.444,60.444,7598,0
2016-12-13,20:00:00,60.464,60.464,60.464,60.464,234,0
2016-12-16,17:05:00,60.069,60.069,60.069,60.069,420,0
2016-12-16,20:50:00,59.899,59.899,59.899,59.899,404,0
2016-12-19,21:30:00,59.764,59.764,59.569,59.569,698,0
2016-12-20,16:15:00,60.429,60.429,60.429,60.429,200,0
2016-12-20,19:00:00,60.629,60.629,60.534,60.534,800,0
2016-12-20,21:45:00,60.574,60.574,60.574,60.574,600,0
2016-12-27,20:00:00,59.439,59.439,59.439,59.439,200,0
2016-12-28,19:25:00,58.516,58.516,58.516,58.516,230,0
2016-12-28,19:40:00,58.515,58.515,58.515,58.515,220,0
2016-12-28,19:50:00,58.533,58.533,58.533,58.533,200,0
2016-12-29,16:05:00,58.623,58.623,58.623,58.623,370,0
2016-12-29,16:10:00,58.897,58.897,58.897,58.897,200,0
2016-12-29,20:20:00,58.887,58.887,58.887,58.887,442,0
2016-12-30,21:35:00,57.91,57.915,57.56,57.56,6452,0
2016-12-30,21:55:00,57.41,57.41,57.41,57.41,200,0
2017-01-03,16:45:00,58.368,58.46,58.31,58.46,1570,0
2017-01-03,17:20:00,57.583,57.583,57.545,57.58,1014,0
2017-01-03,17:50:00,57.43,57.43,57.425,57.43,1800,0
2017-01-03,21:20:00,57.54,57.595,57.2,57.3,6602,0
2017-01-03,21:35:00,57.195,57.195,57.18,57.18,1000,0
2017-01-05,17:10:00,59.089,59.144,59.089,59.144,400,0
2017-01-05,19:15:00,58.679,58.929,58.679,58.884,7622,0
2017-01-05,20:35:00,58.626,58.626,58.626,58.626,200,0
2017-01-06,16:05:00,58.894,58.894,58.894,58.894,200,0
2017-01-09,15:50:00,59.552,59.552,59.552,59.552,294,0
2017-01-09,16:10:00,59.372,59.372,59.372,59.372,780,0
2017-01-09,16:20:00,59.534,59.554,59.534,59.554,600,0
2017-01-10,16:35:00,60.234,60.234,60.234,60.234,200,0
2017-01-10,17:00:00,60.369,60.369,60.369,60.369,200,0
2017-01-10,17:30:00,60.214,60.489,60.214,60.489,600,0
2017-01-10,18:15:00,60.684,60.684,60.684,60.684,1280,0
2017-01-10,18:25:00,60.744,60.744,60.744,60.744,400,0
2017-01-10,19:10:00,60.522,60.522,60.522,60.522,200,0
2017-01-10,19:50:00,60.649,60.649,60.649,60.649,200,0
2017-01-10,20:00:00,60.419,60.419,60.419,60.419,200,0
2017-01-10,20:15:00,60.55,60.55,60.219,60.219,1150,0
2017-01-10,21:10:00,60.394,60.394,60.394,60.394,200,0
2017-01-10,21:30:00,60.409,60.409,60.409,60.409,200,0
2017-01-10,21:45:00,60.484,60.484,60.484,60.484,200,0
2017-01-10,21:55:00,60.479,60.479,60.479,60.479,290,0
2017-01-11,15:35:00,60.819,60.819,60.819,60.819,200,0
2017-01-11,15:45:00,60.131,60.132,60.071,60.094,1400,0
2017-01-11,18:00:00,60.379,60.379,60.379,60.379,200,0
2017-01-11,21:40:00,60.773,60.773,60.773,60.773,848,0
2017-01-12,15:40:00,60.534,60.534,60.534,60.534,100,0
2017-01-12,15:45:00,59.794,59.794,59.794,59.794,200,0
2017-01-12,16:40:00,59.794,59.794,59.794,59.794,300,0
2017-01-13,16:10:00,60.404,60.404,60.404,60.404,100,0
2017-01-13,17:35:00,60.715,60.715,60.715,60.715,248,0
2017-01-17,16:40:00,60.984,60.984,60.984,60.984,394,0
2017-01-17,21:45:00,60.767,60.767,60.767,60.767,118,0
2017-01-18,16:30:00,60.471,60.471,60.471,60.471,241,0
2017-01-18,16:50:00,60.446,60.446,60.446,60.446,201,0
2017-01-18,17:10:00,60.564,60.564,60.564,60.564,156,0
2017-01-18,17:25:00,60.431,60.431,60.431,60.431,260,0
2017-01-18,17:40:00,60.481,60.481,60.481,60.481,168,0
2017-01-18,18:00:00,60.264,60.264,60.264,60.264,197,0
2017-01-18,21:20:00,60.299,60.484,60.299,60.454,1276,0
2017-01-19,15:35:00,60.034,60.034,60.034,60.034,101,0
2017-01-19,19:15:00,60.626,60.626,60.626,60.626,448,0
2017-01-19,20:10:00,60.169,60.184,60.164,60.174,400,0
2017-01-20,17:00:00,60.787,60.969,60.754,60.754,400,0
2017-01-20,18:35:00,60.264,60.264,60.264,60.264,100,0
2017-01-20,21:35:00,59.934,59.934,59.934,59.934,100,0
2017-01-23,15:35:00,60.574,60.574,60.574,60.574,100,0
2017-01-23,16:15:00,60.454,60.454,60.454,60.454,3016,0
2017-01-23,16:20:00,60.554,60.554,60.554,60.554,100,0
2017-01-23,18:50:00,60.095,60.095,60.095,60.095,306,0
2017-01-23,19:05:00,60.194,60.194,60.194,60.194,100,0
2017-01-24,15:35:00,60.174,60.214,60.174,60.174,3016,0
2017-01-24,18:15:00,60.824,60.824,60.394,60.394,200,0
2017-01-25,15:35:00,60.984,60.984,60.984,60.984,100,0
2017-01-25,15:45:00,61.484,61.484,61.484,61.484,100,0
2017-01-25,17:20:00,61.953,61.953,61.884,61.884,652,0
2017-01-25,18:30:00,61.154,61.154,61.154,61.154,100,0
2017-01-25,18:40:00,61.767,61.767,61.767,61.767,1989,0
2017-01-25,19:30:00,61.524,61.524,61.524,61.524,200,0
2017-01-25,20:15:00,61.354,61.354,61.354,61.354,600,0
2017-01-27,17:45:00,61.459,61.459,61.459,61.459,174,0
2017-01-27,17:55:00,60.984,60.984,60.984,60.984,100,0
2017-01-27,18:05:00,61.192,61.404,61.192,61.404,600,0
2017-01-27,19:05:00,61.184,61.184,61.184,61.184,122,0
2017-01-27,20:00:00,61.314,61.519,61.314,61.519,1101,0
2017-01-27,20:30:00,61.304,61.304,61.304,61.304,100,0
2017-01-27,20:55:00,61.214,61.214,61.214,61.214,100,0
2017-01-30,15:35:00,60.294,60.294,60.294,60.294,440,0
2017-01-30,15:45:00,60.644,60.644,60.644,60.644,100,0
2017-01-30,16:05:00,60.794,60.794,60.794,60.794,426,0
2017-01-30,16:10:00,60.714,60.724,60.684,60.724,400,0
2017-01-30,18:20:00,60.684,60.684,60.494,60.494,200,0
2017-01-30,21:55:00,61.14,61.14,61.14,61.14,179,0
2017-01-31,15:35:00,60.484,60.484,60.484,60.484,100,0
2017-01-31,16:15:00,60.344,60.344,60.344,60.344,100,0
2017-01-31,18:35:00,60.389,60.389,60.389,60.389,160,0
2017-01-31,18:40:00,60.434,60.434,60.434,60.434,100,0
2017-01-31,19:10:00,60.442,60.564,60.442,60.564,500,0
2017-01-31,20:00:00,60.224,60.224,60.224,60.224,100,0
2017-02-01,18:55:00,60.653,60.653,60.653,60.653,202,0
2017-02-01,21:55:00,61.108,61.108,61.108,61.108,126,0
2017-02-02,20:55:00,61.207,61.207,61.207,61.207,275,0
2017-02-03,19:55:00,61.269,61.269,61.269,61.269,200,0
2017-02-03,21:40:00,60.579,60.579,60.579,60.579,418,0
2017-02-03,21:55:00,61.05,61.05,61.05,61.05,400,0
2017-02-03,22:00:00,60.884,60.884,60.884,60.884,122,0
2017-02-06,21:00:00,60.144,60.144,60.144,60.144,100,0
2017-02-07,15:35:00,60.764,60.764,60.764,60.764,100,0
2017-02-07,18:25:00,60.974,61.004,60.974,61.004,580,0
2017-02-07,20:15:00,60.37,60.37,60.37,60.37,105,0
2017-02-07,21:50:00,60.534,60.534,60.413,60.413,316,0
2017-02-08,17:05:00,60.934,60.934,60.934,60.934,208,0
2017-02-08,18:30:00,60.717,60.717,60.717,60.717,300,0
2017-02-08,20:55:00,61.014,61.014,61.014,61.014,257,0
2017-02-08,21:00:00,61.064,61.064,61.064,61.064,202,0
2017-02-09,16:20:00,61.384,61.384,61.384,61.384,100,0
2017-02-09,19:50:00,61.957,61.957,61.957,61.957,100,0
2017-02-10,17:50:00,62.289,62.304,62.289,62.304,260,0
2017-02-10,19:15:00,62.353,62.353,62.353,62.353,114,0
2017-02-13,17:45:00,63.123,63.123,63.123,63.123,100,0
2017-02-13,20:30:00,63.068,63.068,63.068,63.068,384,0
2017-02-13,21:25:00,63.213,63.213,63.213,63.213,100,0
2017-02-14,18:20:00,62.838,62.838,62.838,62.838,138,0
2017-02-14,19:00:00,63.183,63.193,63.183,63.193,200,0
2017-02-14,20:25:00,63.218,63.218,63.053,63.053,500,0
2017-02-14,21:50:00,63.283,63.283,63.283,63.283,200,0
2017-02-14,22:00:00,63.31,63.313,63.31,63.312,600,0
2017-02-15,15:50:00,63.313,63.313,63.313,63.313,750,0
2017-02-15,16:00:00,63.998,63.998,63.998,63.998,384,0
2017-02-15,17:25:00,64.102,64.102,64.102,64.102,220,0
2017-02-15,18:00:00,63.803,63.803,63.803,63.803,100,0
2017-02-15,20:15:00,64.333,64.333,64.333,64.333,180,0
2017-02-15,20:50:00,64.15,64.15,64.15,64.15,249,0
2017-02-15,21:35:00,64.133,64.136,64.133,64.136,200,0
2017-02-16,16:10:00,64.143,64.143,64.143,64.143,100,0
2017-02-16,16:20:00,64.233,64.233,64.233,64.233,300,0
2017-02-16,20:35:00,64.113,64.113,64.113,64.113,180,0
2017-02-16,21:15:00,64.001,64.001,64.001,64.001,1204,0
2017-02-16,22:00:00,63.943,63.943,63.943,63.943,100,0
2017-02-21,18:20:00,65.073,65.073,65.073,65.073,101,0
2017-02-21,18:25:00,64.753,64.753,64.753,64.753,121,0
2017-02-21,19:00:00,64.965,64.965,64.965,64.965,110,0
2017-02-21,21:05:00,65.073,65.073,64.955,64.955,342,0
2017-02-23,16:20:00,64.983,64.983,64.983,64.983,153,0
2017-02-23,17:10:00,64.651,64.703,64.651,64.651,300,0
2017-02-23,21:35:00,64.298,64.298,64.298,64.298,244,0
2017-02-24,15:35:00,63.983,63.983,63.983,63.983,100,0
2017-02-24,15:55:00,63.983,63.983,63.983,63.983,142,0
2017-02-24,21:20:00,64.153,64.153,64.143,64.143,360,0
2017-02-24,21:45:00,64.398,64.398,64.398,64.398,640,0
2017-02-24,21:50:00,64.403,64.403,64.403,64.403,626,0
2017-02-27,21:20:00,64.797,64.797,64.797,64.797,126,0
2017-02-28,16:20:00,64.079,64.079,64.079,64.079,854,0
2017-03-01,15:35:00,64.743,64.743,64.743,64.743,135,0
2017-03-01,15:40:00,65.056,65.056,64.953,64.953,273,0
2017-03-01,18:05:00,64.917,64.917,64.893,64.893,324,0
2017-03-01,18:10:00,64.853,64.893,64.693,64.693,3380,0
2017-03-01,18:30:00,64.893,64.903,64.703,64.778,9467,0
2017-03-01,20:15:00,64.701,64.701,64.701,64.701,122,0
2017-03-01,20:20:00,64.783,64.783,64.783,64.783,494,0
2017-03-01,21:45:00,64.933,64.933,64.933,64.933,116,0
2017-03-01,22:00:00,64.669,64.669,64.669,64.669,291,0
2017-03-02,16:10:00,64.463,64.463,64.463,64.463,100,0
2017-03-02,20:30:00,64.533,64.543,64.533,64.543,400,0
2017-03-02,21:20:00,64.473,64.473,64.473,64.473,100,0
2017-03-03,16:10:00,63.793,63.803,63.793,63.803,200,0
2017-03-03,18:15:00,63.608,63.608,63.608,63.608,475,0
2017-03-03,20:10:00,63.603,63.603,63.603,63.603,580,0
2017-03-03,20:45:00,63.85,63.85,63.85,63.85,433,0
2017-03-03,21:40:00,63.933,64.013,63.933,64.013,300,0
2017-03-03,21:45:00,64.328,64.328,64.328,64.328,100,0
2017-03-06,22:00:00,63.695,63.695,63.493,63.493,2001,0
2017-03-07,16:35:00,63.483,63.483,63.483,63.483,250,0
2017-03-07,22:00:00,63.323,63.323,63.323,63.323,400,0
2017-03-09,20:15:00,63.063,63.158,63.039,63.039,400,0
2017-03-09,21:35:00,63.193,63.193,63.193,63.193,100,0
2017-03-09,22:00:00,63.208,63.333,63.208,63.333,496,0
2017-03-10,15:45:00,63.483,63.483,63.483,63.483,200,0
2017-03-10,20:30:00,63.051,63.051,63.027,63.027,212,0
2017-03-10,21:25:00,63.293,63.293,63.293,63.293,100,0
2017-03-10,21:35:00,63.343,63.343,63.338,63.338,300,0
2017-03-10,21:40:00,63.283,63.283,63.283,63.283,600,0
2017-03-10,21:45:00,63.283,63.283,63.283,63.283,600,0
2017-03-10,21:50:00,63.284,63.284,63.283,63.284,1000,0
2017-03-10,21:55:00,63.283,63.284,63.283,63.283,1200,0
2017-03-10,22:00:00,63.284,63.284,63.283,63.283,2201,0
2017-03-13,14:45:00,63.433,63.433,63.433,63.433,100,0
2017-03-13,19:50:00,63.355,63.355,63.355,63.355,168,0
2017-03-13,20:40:00,63.551,63.551,63.551,63.551,256,0
2017-03-13,21:00:00,63.683,63.683,63.683,63.683,100,0
2017-03-14,20:25:00,63.348,63.348,63.348,63.348,109,0
2017-03-15,15:05:00,63.633,63.633,63.633,63.633,102,0
2017-03-15,18:10:00,63.677,63.677,63.677,63.677,200,0
2017-03-16,14:50:00,64.153,64.153,64.153,64.153,100,0
2017-03-16,21:00:00,64.303,64.303,64.303,64.303,200,0
2017-03-17,15:25:00,64.606,64.606,64.606,64.606,116,0
2017-03-17,19:25:00,64.448,64.448,64.448,64.448,143,0
2017-03-20,14:45:00,63.903,63.903,63.903,63.903,100,0
2017-03-20,19:25:00,63.793,63.793,63.793,63.793,100,0
2017-03-21,14:35:00,63.763,63.793,63.763,63.793,252,0
2017-03-21,14:40:00,64.038,64.038,64.033,64.038,700,0
2017-03-21,15:15:00,63.673,63.673,63.673,63.673,200,0
2017-03-21,19:20:00,62.623,62.623,62.623,62.623,100,0
2017-03-21,20:10:00,62.983,62.983,62.524,62.524,300,0
2017-03-22,14:35:00,62.19,62.19,62.19,62.19,300,0
2017-03-22,15:40:00,62.65,62.65,62.65,62.65,100,0
2017-03-22,16:00:00,62.2881,62.2881,62.2881,62.2881,200,0
2017-03-22,18:25:00,62.36,62.36,62.36,62.36,100,0
2017-03-23,16:05:00,63.2729,63.2729,63.2729,63.2729,300,0
2017-03-27,15:35:00,62.32,62.32,62.02,62.02,939,0
2017-03-27,15:45:00,62.16,62.16,62.16,62.16,100,0
2017-03-27,18:05:00,62.87,62.9,62.87,62.9,300,0
2017-03-27,21:00:00,63.1609,63.1609,63.1609,63.1609,184,0
2017-03-28,19:15:00,63.8017,63.8017,63.8017,63.8017,300,0
2017-03-28,22:00:00,64.32,64.32,64.32,64.32,400,0
2017-03-29,15:35:00,63,63,63,63,326,0
2017-03-29,15:45:00,64,64,63.97,63.97,800,0
2017-03-29,16:40:00,64.56,64.58,64.55,64.55,400,0
2017-03-29,20:30:00,64.59,64.59,64.59,64.59,100,0
2017-03-30,18:30:00,65.235,65.235,65.235,65.235,300,0
2017-03-31,15:35:00,65.79,65.79,65.3,65.3,1126,0
2017-04-03,15:45:00,65.4547,65.4547,65.4547,65.4547,100,0
2017-04-03,15:55:00,65.46,65.46,65.46,65.46,155,0
2017-04-03,16:05:00,65.72,65.72,65.6224,65.6314,480,0
2017-04-03,16:40:00,65.195,65.195,64.908,65.0525,561,0
2017-04-03,17:50:00,64.29,64.29,64.29,64.29,300,0
2017-04-03,18:05:00,64.27,64.27,64.27,64.27,100,0
2017-04-03,18:15:00,64.45,64.8678,64.45,64.864,12199,0
2017-04-03,19:30:00,64.6966,64.88,64.6966,64.7832,409,0
2017-04-03,19:45:00,64.6847,64.6847,64.6847,64.6847,104,0
2017-04-03,20:10:00,64.7805,64.7805,64.7805,64.7805,119,0
2017-04-03,21:25:00,64.838,64.838,64.838,64.838,230,0
2017-04-04,17:10:00,64.51,64.51,64.51,64.51,200,0
2017-04-04,17:20:00,65.0149,65.0149,65.0149,65.0149,109,0
2017-04-04,20:20:00,65.0399,65.04,65.0399,65.04,238,0
2017-04-04,21:45:00,64.67,64.67,64.67,64.67,100,0
2017-04-05,16:05:00,65.5,65.5,65.5,65.5,700,0
2017-04-05,16:25:00,65.51,65.51,65.51,65.51,400,0
2017-04-05,21:30:00,64.6357,64.6357,64.6357,64.6357,124,0
2017-04-05,21:35:00,64.85,64.85,64.85,64.85,101,0
2017-04-06,15:35:00,64.8752,64.8752,64.8752,64.8752,100,0
2017-04-06,17:15:00,65.1,65.1,64.9728,64.9728,200,0
2017-04-07,22:00:00,64.97,64.97,64.97,64.97,269,0
2017-04-10,15:35:00,63.55,63.55,63.55,63.55,153,0
2017-04-10,18:30:00,64.76,64.76,64.76,64.76,300,0
2017-04-10,19:00:00,65.12,65.12,65.12,65.12,100,0
2017-04-11,15:45:00,65.2,65.2,65.2,65.2,100,0
2017-04-11,16:20:00,65.31,65.31,65.31,65.31,100,0
2017-04-11,16:35:00,64.59,64.59,64.59,64.59,100,0
2017-04-11,18:55:00,65.25,65.25,65.25,65.25,100,0
2017-04-11,19:20:00,65.09,65.14,65.0144,65.0144,300,0
2017-04-11,21:05:00,65.37,65.37,65.37,65.37,100,0
2017-04-11,21:35:00,65.29,65.29,65.29,65.29,100,0
2017-04-12,16:25:00,65.77,65.77,65.77,65.77,195,0
2017-04-12,16:55:00,65.08,65.08,65.08,65.08,100,0
2017-04-12,20:45:00,65.2199,65.2199,65.2199,65.2199,238,0
2017-04-12,21:55:00,64.85,64.85,64.85,64.85,100,0
2017-04-13,15:35:00,65.18,65.18,65.18,65.18,330,0
2017-04-13,15:55:00,65.01,65.01,65.01,65.01,100,0
2017-04-13,22:00:00,64.18,64.18,64.18,64.18,400,0
2017-04-17,17:25:00,64.36,64.36,64.36,64.36,100,0
2017-04-17,17:30:00,64.3525,64.3525,64.3525,64.3525,122,0
2017-04-17,18:45:00,64.43,64.43,64.43,64.43,100,0
2017-04-17,19:10:00,64.41,64.41,64.41,64.41,100,0
2017-04-17,20:45:00,64.53,64.53,64.45,64.45,300,0
2017-04-17,20:50:00,64.6,64.6,64.6,64.6,100,0
2017-04-17,21:20:00,64.908,64.908,64.908,64.908,125,0
2017-04-17,21:30:00,65.28,65.28,65.28,65.28,200,0
2017-04-18,16:20:00,64.68,64.68,64.68,64.68,200,0
2017-04-18,17:35:00,64.5426,64.6799,64.5426,64.6799,688,0
2017-04-18,21:50:00,64.68,64.68,64.68,64.68,100,0
2017-04-18,22:00:00,65.05,65.05,65.02,65.02,645,0
2017-04-19,15:35:00,65,65,65,65,206,0
2017-04-19,15:50:00,65.41,65.41,65.41,65.41,100,0
2017-04-19,16:00:00,65.41,65.41,65.41,65.41,200,0
2017-04-20,17:50:00,65.97,66,65.97,66,400,0
2017-04-20,18:50:00,66.276,66.276,66.22,66.22,200,0
2017-04-20,21:20:00,66.7,66.72,66.7,66.72,420,0
2017-04-24,15:35:00,67.86,67.86,67.67,67.67,1300,0
2017-04-24,15:40:00,67.57,67.57,67.51,67.56,450,0
2017-04-24,16:15:00,67.3481,67.3481,67.3481,67.3481,1442,0
2017-04-24,17:25:00,66.8,66.8,66.8,66.8,100,0
2017-04-24,17:45:00,66.8,66.8,66.8,66.8,100,0
2017-04-24,18:30:00,67.1184,67.1184,67.1184,67.1184,154,0
2017-04-25,16:00:00,68.51,68.51,68.51,68.51,150,0
2017-04-25,18:00:00,68.145,68.145,68.145,68.145,100,0
2017-04-25,18:35:00,68,68,68,68,289,0
2017-04-25,21:00:00,68.3987,68.3987,68.3987,68.3987,365,0
2017-04-25,21:15:00,68.3967,68.3967,68.3967,68.3967,300,0
2017-04-25,22:00:00,68.33,68.38,68.33,68.38,450,0
2017-04-26,17:25:00,68.8,68.8,68.8,68.8,100,0
2017-04-26,18:35:00,68.762,68.762,68.762,68.762,134,0
2017-04-26,18:55:00,69.01,69.01,69.01,69.01,100,0
2017-04-26,19:05:00,69.08,69.08,69.08,69.08,100,0
2017-04-26,20:35:00,69.05,69.05,69.05,69.05,100,0
