Date,Time,Open,High,Low,Close,Volume,OpenInt
2016-03-18,19:35:00,37.085,37.085,37.085,37.085,301,0
2016-03-21,14:35:00,37.085,37.632,37.085,37.085,1182,0
2016-03-21,17:15:00,37.251,37.255,37.251,37.255,606,0
2016-03-21,17:25:00,37.016,37.035,37.016,37.035,606,0
2016-03-21,17:40:00,37.019,37.019,37.019,37.019,501,0
2016-03-21,18:20:00,37.215,37.215,37.215,37.215,301,0
2016-03-21,19:05:00,37.098,37.315,37.081,37.315,5173,0
2016-03-22,18:30:00,36.561,36.561,36.561,36.561,986,0
2016-03-22,18:55:00,36.919,36.919,36.909,36.912,2451,0
2016-03-22,19:40:00,36.876,36.876,36.876,36.876,301,0
2016-03-23,14:45:00,36.332,36.432,36.332,36.432,603,0
2016-03-23,14:55:00,36.541,36.544,36.521,36.521,8968,0
2016-03-23,16:05:00,36.365,36.365,36.359,36.359,904,0
2016-03-23,16:30:00,36.591,36.591,36.591,36.591,1811,0
2016-03-23,19:50:00,36.604,36.604,36.492,36.604,2415,0
2016-03-23,20:05:00,36.362,36.501,36.362,36.501,603,0
2016-03-23,20:10:00,36.362,36.362,36.362,36.362,486,0
2016-03-23,20:35:00,36.365,36.365,36.362,36.362,603,0
2016-03-29,20:50:00,37.111,37.111,37.111,37.111,301,0
2016-03-30,19:35:00,37.523,37.523,37.523,37.523,693,0
2016-03-30,20:50:00,37.429,37.429,37.409,37.413,2451,0
2016-03-30,20:55:00,37.409,37.459,37.409,37.459,5818,0
2016-03-30,21:00:00,37.489,37.516,37.489,37.496,3322,0
2016-03-30,21:05:00,37.426,37.426,37.426,37.426,304,0
2016-03-30,21:10:00,37.469,37.469,37.469,37.469,603,0
2016-03-30,21:15:00,37.523,37.523,37.523,37.523,603,0
2016-03-31,15:35:00,37.622,37.622,37.622,37.622,1058,0
2016-03-31,15:40:00,37.745,37.745,37.745,37.745,301,0
2016-03-31,15:55:00,37.409,37.409,37.409,37.409,603,0
2016-03-31,18:50:00,37.835,37.838,37.835,37.838,1311,0
2016-03-31,20:45:00,37.231,37.231,37.231,37.231,301,0
2016-03-31,21:05:00,37.148,37.191,37.148,37.191,603,0
2016-04-01,15:40:00,37.221,37.221,37.221,37.221,6066,0
2016-04-01,18:50:00,37.668,37.668,37.668,37.668,2327,0
2016-04-01,19:10:00,37.513,37.513,37.513,37.513,301,0
2016-04-01,19:20:00,37.748,37.758,37.688,37.748,3021,0
2016-04-01,20:40:00,37.585,37.585,37.585,37.585,603,0
2016-04-01,21:15:00,37.882,37.882,37.882,37.882,603,0
2016-04-01,21:20:00,37.938,37.938,37.938,37.938,603,0
2016-04-01,21:25:00,37.938,37.938,37.938,37.938,603,0
2016-04-04,17:45:00,37.423,37.536,37.423,37.536,1070,0
2016-04-04,18:20:00,37.513,37.513,37.513,37.513,304,0
2016-04-04,18:40:00,37.516,37.516,37.516,37.516,1486,0
2016-04-04,20:10:00,37.423,37.423,37.423,37.423,1209,0
2016-04-05,15:35:00,36.772,36.772,36.772,36.772,301,0
2016-04-05,19:15:00,37.058,37.058,36.912,36.912,636,0
2016-04-06,19:20:00,37.315,37.34,37.315,37.315,1052,0
2016-04-06,20:05:00,37.476,37.476,37.476,37.476,301,0
2016-04-07,19:20:00,37.121,37.121,37.028,37.028,603,0
2016-04-07,21:35:00,37.016,37.016,37.016,37.016,301,0
2016-04-08,18:05:00,37.158,37.158,37.158,37.158,301,0
2016-04-08,19:55:00,37.407,37.407,37.407,37.407,301,0
2016-04-08,20:00:00,37.215,37.215,37.215,37.215,411,0
2016-04-11,15:35:00,38.452,38.452,38.452,38.452,1480,0
2016-04-11,16:45:00,37.758,37.758,37.755,37.755,3834,0
2016-04-11,16:55:00,37.439,37.443,37.439,37.443,603,0
2016-04-11,17:20:00,37.423,37.423,37.423,37.423,1510,0
2016-04-11,21:35:00,37.235,37.235,37.235,37.235,603,0
2016-04-12,21:15:00,37.347,37.347,37.347,37.347,362,0
2016-04-13,15:35:00,37.301,37.301,37.301,37.301,874,0
2016-04-13,16:40:00,37.423,37.423,37.423,37.423,301,0
2016-04-13,21:25:00,37.125,37.125,37.125,37.125,301,0
2016-04-13,22:00:00,37.387,37.387,37.387,37.387,301,0
2016-04-14,15:35:00,37.625,37.625,37.625,37.625,603,0
2016-04-14,16:40:00,37.439,37.486,37.436,37.436,904,0
2016-04-14,17:05:00,37.328,37.39,37.328,37.39,603,0
2016-04-14,17:10:00,37.325,37.325,37.258,37.258,3021,0
2016-04-14,20:40:00,37.095,37.118,37.095,37.118,6298,0
2016-04-14,21:50:00,37.138,37.138,37.138,37.138,378,0
2016-04-15,19:15:00,36.992,36.992,36.992,36.992,310,0
2016-04-15,20:40:00,37.135,37.135,37.135,37.135,786,0
2016-04-15,21:35:00,37.215,37.215,37.215,37.215,301,0
2016-04-15,21:45:00,37.171,37.208,37.171,37.205,1811,0
2016-04-18,19:20:00,37.665,37.665,37.552,37.552,723,0
2016-04-18,21:05:00,37.732,37.732,37.732,37.732,549,0
2016-04-18,21:15:00,37.598,37.598,37.598,37.598,5017,0
2016-04-18,21:50:00,37.705,37.705,37.705,37.705,3021,0
2016-04-18,21:55:00,37.685,37.685,37.628,37.628,4528,0
2016-04-19,16:35:00,37.772,37.772,37.772,37.772,585,0
2016-04-19,21:55:00,37.918,37.918,37.918,37.918,301,0
2016-04-20,19:20:00,37.275,37.275,37.275,37.275,301,0
2016-04-21,15:40:00,36.651,36.651,36.651,36.651,301,0
2016-04-21,20:15:00,36.205,36.205,36.205,36.205,856,0
2016-04-22,16:50:00,36.229,36.229,36.229,36.229,301,0
2016-04-22,19:50:00,36.262,36.262,36.262,36.262,301,0
2016-04-22,20:25:00,36.262,36.262,36.262,36.262,453,0
2016-04-25,18:20:00,36.739,36.742,36.739,36.739,1459,0
2016-04-25,20:05:00,36.621,36.621,36.621,36.621,513,0
2016-04-25,21:50:00,36.494,36.621,36.494,36.621,603,0
2016-04-26,15:35:00,37.095,37.095,37.095,37.095,378,0
2016-04-26,15:40:00,36.859,36.859,36.859,36.859,378,0
2016-04-26,16:10:00,36.829,36.839,36.829,36.839,603,0
2016-04-27,19:15:00,36.568,36.568,36.568,36.568,301,0
2016-04-27,20:05:00,36.671,36.671,36.671,36.671,301,0
2016-04-27,20:50:00,36.631,36.634,36.631,36.634,603,0
2016-04-27,21:10:00,36.749,36.749,36.749,36.749,381,0
2016-04-28,17:30:00,37.337,37.337,37.337,37.337,314,0
2016-04-28,21:00:00,36.929,36.929,36.929,36.929,711,0
2016-04-29,17:15:00,37.081,37.081,37.081,37.081,323,0
2016-04-29,17:25:00,36.876,36.876,36.876,36.876,513,0
2016-04-29,17:55:00,36.846,36.846,36.846,36.846,1586,0
2016-04-29,18:25:00,36.856,36.872,36.674,36.872,1748,0
2016-04-29,18:35:00,36.674,36.674,36.674,36.674,301,0
2016-04-29,18:55:00,36.674,36.674,36.674,36.674,759,0
2016-04-29,19:45:00,36.749,36.749,36.71,36.71,603,0
2016-04-29,19:50:00,36.674,36.674,36.674,36.674,1781,0
2016-04-29,20:30:00,36.641,36.641,36.641,36.641,301,0
2016-04-29,21:35:00,36.611,36.641,36.611,36.641,1450,0
2016-04-29,21:40:00,36.966,36.966,36.796,36.796,904,0
2016-05-02,15:35:00,36.429,36.859,36.429,36.859,1933,0
2016-05-02,15:40:00,37.344,37.344,37.344,37.344,603,0
2016-05-02,16:55:00,37.161,37.161,37.161,37.161,301,0
2016-05-02,17:05:00,37.476,37.476,37.429,37.429,904,0
2016-05-02,17:15:00,37.548,37.548,37.548,37.548,3021,0
2016-05-02,17:20:00,37.085,37.175,37.085,37.175,6897,0
2016-05-02,17:25:00,37.095,37.115,37.075,37.105,6292,0
2016-05-02,18:35:00,37.258,37.258,37.258,37.258,1739,0
2016-05-02,19:20:00,37.473,37.473,37.473,37.473,591,0
2016-05-05,20:35:00,36.71,36.749,36.703,36.707,3591,0
2016-05-05,20:55:00,36.668,36.746,36.644,36.703,1525,0
2016-05-05,22:00:00,36.624,36.707,36.624,36.707,3801,0
2016-05-06,15:50:00,36.829,36.829,36.829,36.829,14004,0
2016-05-06,15:55:00,36.772,36.772,36.772,36.772,7090,0
2016-05-09,17:35:00,37.416,37.416,37.416,37.416,301,0
2016-05-10,17:10:00,38.083,38.083,38.083,38.083,753,0
2016-05-10,17:15:00,38.044,38.044,38.044,38.044,301,0
2016-05-10,17:45:00,37.915,37.915,37.915,37.915,459,0
2016-05-10,20:00:00,38.083,38.133,38.083,38.113,5978,0
2016-05-11,17:50:00,37.878,37.878,37.878,37.878,603,0
2016-05-11,20:40:00,37.825,37.825,37.825,37.825,1061,0
2016-05-12,17:40:00,37.922,37.922,37.922,37.922,301,0
2016-05-12,21:00:00,38.103,38.103,38.103,38.103,456,0
2016-05-13,19:55:00,37.755,37.755,37.755,37.755,317,0
2016-05-17,18:10:00,36.879,36.879,36.879,36.879,329,0
2016-05-17,19:00:00,36.759,36.759,36.759,36.759,301,0
2016-05-17,20:05:00,36.521,36.521,36.475,36.475,5737,0
2016-05-18,15:35:00,36.02,36.02,36.02,36.02,1435,0
2016-05-18,19:10:00,36.252,36.252,36.245,36.245,642,0
2016-05-18,20:25:00,35.918,35.918,35.918,35.918,338,0
2016-05-18,21:55:00,35.788,35.908,35.788,35.908,1058,0
2016-05-20,21:05:00,35.902,35.928,35.902,35.902,9952,0
2016-05-24,16:20:00,36.548,36.548,36.548,36.548,301,0
2016-05-24,20:35:00,36.872,36.936,36.839,36.916,4227,0
2016-05-24,20:40:00,36.886,37.091,36.879,36.879,1811,0
2016-05-24,20:45:00,36.846,36.846,36.782,36.782,2216,0
2016-05-24,20:50:00,36.782,36.782,36.782,36.782,301,0
2016-05-24,21:30:00,36.862,36.982,36.862,36.982,672,0
2016-05-24,21:45:00,36.842,36.842,36.842,36.842,344,0
2016-05-25,15:35:00,37.618,37.618,37.618,37.618,453,0
2016-05-26,16:05:00,37.36,37.384,37.36,37.36,6364,0
2016-05-26,16:50:00,37.078,37.078,37.078,37.078,301,0
2016-05-26,18:40:00,37.002,37.002,37.002,37.002,796,0
2016-05-26,20:25:00,37.268,37.268,37.268,37.268,570,0
2016-05-27,19:35:00,37.35,37.35,37.35,37.35,540,0
2016-05-27,20:35:00,37.298,37.298,37.298,37.298,513,0
2016-05-27,21:45:00,37.555,37.555,37.555,37.555,1799,0
2016-05-31,16:15:00,37.198,37.198,37.198,37.198,1730,0
2016-05-31,17:10:00,36.982,36.982,36.982,36.982,537,0
2016-05-31,20:05:00,36.912,36.912,36.912,36.912,301,0
2016-06-01,20:10:00,37.016,37.016,37.016,37.016,558,0
2016-06-01,20:20:00,37.34,37.34,37.34,37.34,301,0
2016-06-02,19:30:00,37.318,37.397,37.318,37.397,2113,0
2016-06-02,19:35:00,37.439,37.439,37.394,37.394,5134,0
2016-06-02,19:40:00,37.36,37.36,37.357,37.357,603,0
2016-06-02,20:15:00,37.325,37.325,37.325,37.325,450,0
2016-06-02,21:20:00,37.409,37.409,37.409,37.409,387,0
2016-06-03,18:05:00,37.648,37.648,37.648,37.648,301,0
2016-06-03,18:10:00,37.725,37.725,37.725,37.725,301,0
2016-06-06,17:00:00,37.984,37.984,37.984,37.984,603,0
2016-06-06,17:05:00,37.987,38.031,37.987,37.994,4528,0
2016-06-06,17:20:00,37.905,37.905,37.905,37.905,301,0
2016-06-06,17:30:00,37.928,37.945,37.928,37.945,904,0
2016-06-06,17:35:00,37.922,38.004,37.922,37.957,1209,0
2016-06-06,17:40:00,37.922,37.971,37.922,37.971,1209,0
2016-06-08,16:15:00,38.312,38.312,38.312,38.312,657,0
2016-06-08,18:00:00,38.302,38.302,38.302,38.302,301,0
2016-06-08,19:45:00,38.145,38.145,38.145,38.145,417,0
2016-06-08,20:55:00,38.402,38.402,38.352,38.352,5611,0
2016-06-08,21:05:00,38.485,38.485,38.485,38.485,2237,0
2016-06-09,20:35:00,38.525,38.525,38.445,38.445,4627,0
2016-06-09,21:20:00,38.529,38.545,38.525,38.529,2017,0
2016-06-13,21:15:00,37.602,37.602,37.602,37.602,12132,0
2016-06-14,15:35:00,37.019,37.141,37.019,37.141,10780,0
2016-06-14,21:25:00,37.38,37.38,37.38,37.38,2113,0
2016-06-15,20:05:00,37.948,37.948,37.948,37.948,301,0
2016-06-17,20:50:00,37.825,37.825,37.825,37.825,588,0
2016-06-21,21:25:00,38.63,38.63,38.623,38.623,904,0
2016-06-21,21:30:00,38.643,38.643,38.581,38.62,1510,0
2016-06-21,21:35:00,38.72,38.72,38.703,38.707,1811,0
2016-06-21,21:45:00,38.643,38.643,38.643,38.643,301,0
2016-06-21,21:50:00,38.569,38.613,38.565,38.565,1811,0
2016-06-22,16:40:00,38.57,38.57,38.57,38.57,498,0
2016-06-23,19:05:00,38.947,38.947,38.947,38.947,314,0
2016-06-23,20:00:00,38.552,38.552,38.552,38.552,301,0
2016-06-23,21:00:00,38.969,38.992,38.969,38.992,829,0
2016-06-24,16:10:00,37.476,37.476,37.476,37.476,693,0
2016-06-24,20:20:00,37.436,37.436,37.436,37.436,962,0
2016-06-24,21:15:00,36.819,36.819,36.819,36.819,301,0
2016-06-24,21:50:00,36.439,36.471,36.439,36.471,1055,0
2016-06-24,21:55:00,36.628,36.628,36.628,36.628,301,0
2016-06-27,15:35:00,36.355,36.355,36.155,36.155,603,0
2016-06-27,15:50:00,35.998,35.998,35.998,35.998,603,0
2016-06-27,18:00:00,35.505,35.505,35.505,35.505,417,0
2016-06-27,18:15:00,35.466,35.491,35.466,35.491,1203,0
2016-06-27,18:45:00,35.748,35.748,35.748,35.748,1308,0
2016-06-27,19:40:00,35.443,35.608,35.443,35.446,1206,0
2016-06-27,19:55:00,35.558,35.558,35.558,35.558,301,0
2016-06-27,21:25:00,35.488,35.492,35.456,35.492,1655,0
2016-06-28,19:25:00,36.255,36.255,36.255,36.255,301,0
2016-06-28,19:30:00,36.222,36.222,36.222,36.222,301,0
2016-06-28,20:00:00,36.189,36.189,36.189,36.189,603,0
2016-06-28,21:20:00,36.631,36.631,36.631,36.631,603,0
2016-06-29,19:15:00,37.366,37.366,37.366,37.366,603,0
2016-06-30,16:55:00,38.475,38.685,38.455,38.658,9008,0
2016-06-30,19:15:00,38.666,38.769,38.623,38.623,1861,0
2016-06-30,19:35:00,38.902,38.909,38.902,38.909,2131,0
2016-06-30,19:45:00,39.107,39.107,39.107,39.107,904,0
2016-06-30,21:40:00,39.076,39.076,39.032,39.032,904,0
2016-06-30,21:45:00,39.022,39.022,39.022,39.022,1055,0
2016-06-30,21:55:00,38.976,38.976,38.976,38.976,1257,0
2016-07-01,15:50:00,39.584,39.805,39.584,39.805,3015,0
2016-07-01,16:15:00,39.805,39.805,39.805,39.805,603,0
2016-07-01,16:35:00,39.42,39.461,39.42,39.461,1574,0
2016-07-01,17:30:00,39.65,39.65,39.43,39.43,603,0
2016-07-01,18:15:00,39.588,39.588,39.588,39.588,301,0
2016-07-01,18:35:00,39.538,39.762,39.32,39.762,1808,0
2016-07-01,18:45:00,39.732,39.762,39.732,39.762,1507,0
2016-07-05,15:35:00,38.607,38.607,38.607,38.607,805,0
2016-07-05,15:50:00,38.959,38.959,38.959,38.959,301,0
2016-07-05,16:05:00,39.006,39.012,39.006,39.012,904,0
2016-07-05,16:35:00,39.317,39.317,39.307,39.307,5125,0
2016-07-05,21:40:00,39.25,39.25,39.119,39.119,603,0
2016-07-05,22:00:00,39.183,39.183,39.183,39.183,1348,0
2016-07-06,15:35:00,39.34,39.34,39.34,39.34,301,0
2016-07-06,15:40:00,39.112,39.14,39.112,39.14,603,0
2016-07-06,17:00:00,38.817,38.817,38.817,38.817,540,0
2016-07-06,19:10:00,39.347,39.347,39.347,39.347,301,0
2016-07-07,17:15:00,39.587,39.587,39.587,39.587,453,0
2016-07-07,18:20:00,39.544,39.544,39.544,39.544,1507,0
2016-07-07,18:25:00,39.544,39.544,39.544,39.544,1507,0
2016-07-07,18:30:00,39.544,39.544,39.524,39.524,603,0
2016-07-07,18:35:00,39.524,39.524,39.524,39.524,301,0
2016-07-07,21:20:00,39.307,39.307,39.307,39.307,531,0
2016-07-11,15:35:00,40.137,40.481,40.137,40.405,1206,0
2016-07-11,16:05:00,40.399,40.402,40.399,40.402,904,0
2016-07-11,19:55:00,40.75,40.941,40.75,40.941,3618,0
2016-07-12,18:30:00,40.937,40.937,40.937,40.937,301,0
2016-07-12,21:20:00,41.075,41.075,41.075,41.075,771,0
2016-07-15,16:55:00,41.327,41.404,41.327,41.404,1221,0
2016-07-15,17:05:00,41.4,41.4,41.4,41.4,301,0
2016-07-15,19:05:00,41.145,41.145,41.145,41.145,832,0
2016-07-18,18:50:00,41.068,41.068,41.068,41.068,666,0
2016-07-19,15:35:00,41.055,41.055,40.434,40.7,3015,0
2016-07-19,15:45:00,40.618,40.618,40.618,40.618,301,0
2016-07-19,15:50:00,40.578,40.578,40.578,40.578,301,0
2016-07-19,16:35:00,40.81,40.81,40.81,40.81,41702,0
2016-07-19,17:45:00,40.822,40.822,40.822,40.822,317,0
2016-07-19,18:55:00,40.688,40.688,40.688,40.688,603,0
2016-07-19,19:15:00,40.661,40.661,40.661,40.661,301,0
2016-07-19,21:55:00,40.963,40.963,40.963,40.963,753,0
2016-07-20,21:15:00,40.823,40.823,40.823,40.823,43662,0
2016-07-21,18:25:00,40.638,40.638,40.638,40.638,301,0
2016-07-21,22:00:00,40.72,40.72,40.72,40.72,301,0
2016-07-22,17:50:00,40.933,40.937,40.93,40.937,2110,0
2016-07-22,21:30:00,41.128,41.128,41.128,41.128,1501,0
2016-07-25,16:20:00,40.825,40.942,40.825,40.942,200,0
2016-07-25,18:45:00,40.882,40.882,40.882,40.882,403,0
2016-07-25,19:35:00,40.91,41,40.88,41,606,0
2016-07-25,20:35:00,41.048,41.048,41.048,41.048,182,0
2016-07-25,21:10:00,40.85,40.85,40.85,40.85,100,0
2016-07-25,21:45:00,41.178,41.178,41.178,41.178,200,0
2016-07-26,19:20:00,40.601,40.601,40.601,40.601,200,0
2016-07-26,20:40:00,40.481,40.481,40.481,40.481,1422,0
2016-07-26,21:20:00,40.451,40.451,40.451,40.451,229,0
2016-07-27,15:45:00,40.303,40.303,40.303,40.303,100,0
2016-07-27,16:45:00,39.805,39.805,39.805,39.805,200,0
2016-07-27,18:00:00,39.805,39.805,39.805,39.805,100,0
2016-07-28,15:45:00,39.592,39.592,39.592,39.592,100,0
2016-07-28,15:55:00,39.307,39.307,39.307,39.307,100,0
2016-07-28,19:30:00,39.457,39.457,39.457,39.457,200,0
2016-07-29,15:40:00,40.102,40.102,40.102,40.102,657,0
2016-07-29,16:55:00,40.124,40.25,40.124,40.25,710,0
2016-07-29,17:55:00,40.329,40.329,40.329,40.329,128,0
2016-07-29,21:05:00,40.332,40.332,40.332,40.332,4121,0
2016-07-29,21:40:00,40.322,40.322,40.322,40.322,301,0
2016-07-29,22:00:00,40.372,40.372,40.372,40.372,132,0
2016-08-01,17:35:00,40.521,40.531,40.521,40.531,245,0
2016-08-01,18:05:00,40.303,40.303,40.303,40.303,1663,0
2016-08-01,19:10:00,40.511,40.511,40.511,40.511,208,0
2016-08-01,20:00:00,40.402,40.402,40.402,40.402,175,0
2016-08-01,22:00:00,40.422,40.422,40.263,40.263,603,0
2016-08-02,15:40:00,40.263,40.263,40.263,40.263,1206,0
2016-08-02,16:10:00,39.805,39.805,39.805,39.805,100,0
2016-08-02,16:35:00,39.537,39.537,39.537,39.537,100,0
2016-08-02,21:20:00,39.596,39.596,39.596,39.596,200,0
2016-08-03,17:45:00,39.307,39.307,39.307,39.307,100,0
2016-08-03,18:05:00,39.306,39.306,39.306,39.306,150,0
2016-08-03,18:35:00,39.05,39.05,39.05,39.05,100,0
2016-08-04,21:30:00,39.456,39.456,39.456,39.456,144,0
2016-08-05,15:35:00,39.557,39.864,39.557,39.864,1709,0
2016-08-05,21:50:00,40.003,40.003,39.854,39.854,301,0
2016-08-08,16:40:00,39.844,39.844,39.844,39.844,100,0
2016-08-08,18:55:00,39.988,39.988,39.988,39.988,100,0
2016-08-09,15:50:00,39.833,39.833,39.833,39.833,403,0
2016-08-09,16:15:00,40.402,40.402,40.402,40.402,1307,0
2016-08-09,18:50:00,40.233,40.233,40.233,40.233,503,0
2016-08-10,16:25:00,40.382,40.382,40.382,40.382,245,0
2016-08-12,15:35:00,40.501,40.501,40.501,40.501,100,0
2016-08-12,16:05:00,40.392,40.392,40.392,40.392,100,0
2016-08-12,16:20:00,40.402,40.402,40.402,40.402,503,0
2016-08-12,18:25:00,40.581,40.581,40.581,40.581,503,0
2016-08-12,18:45:00,40.447,40.571,40.446,40.571,1146,0
2016-08-12,20:30:00,40.402,40.402,40.402,40.402,100,0
2016-08-12,21:40:00,40.431,40.441,40.431,40.431,301,0
2016-08-15,15:35:00,40.89,40.89,40.89,40.89,432,0
2016-08-15,15:40:00,40.749,40.77,40.74,40.77,503,0
2016-08-15,16:05:00,40.799,40.799,40.799,40.799,1477,0
2016-08-15,16:25:00,40.616,40.77,40.616,40.77,804,0
2016-08-15,21:20:00,40.544,40.544,40.544,40.544,153,0
2016-08-16,15:55:00,40.153,40.322,40.149,40.322,804,0
2016-08-16,17:10:00,40.024,40.024,40.024,40.024,297,0
2016-08-16,17:15:00,40.181,40.181,40.181,40.181,326,0
2016-08-16,17:25:00,40.234,40.234,40.234,40.234,503,0
2016-08-16,18:10:00,40.249,40.249,40.249,40.249,175,0
2016-08-16,19:40:00,40.293,40.303,40.099,40.303,403,0
2016-08-16,20:10:00,39.961,39.961,39.961,39.961,403,0
2016-08-16,20:45:00,39.94,39.94,39.94,39.94,283,0
2016-08-17,21:00:00,39.998,39.998,39.998,39.998,168,0
2016-08-18,15:35:00,40.193,40.193,40.193,40.193,100,0
2016-08-18,17:00:00,40.303,40.303,40.303,40.303,100,0
2016-08-19,20:55:00,40.303,40.313,40.303,40.313,603,0
2016-08-19,21:15:00,40.342,40.342,40.342,40.342,140,0
2016-08-22,16:00:00,40.402,40.402,40.402,40.402,804,0
2016-08-22,17:05:00,40.451,40.451,40.451,40.451,2603,0
2016-08-22,21:35:00,40.363,40.363,40.363,40.363,381,0
2016-08-23,19:15:00,40.664,40.739,40.664,40.739,200,0
2016-08-23,19:40:00,40.816,40.816,40.816,40.816,199,0
2016-08-23,20:25:00,40.7,40.775,40.7,40.775,245,0
2016-08-23,21:05:00,40.667,40.667,40.667,40.667,123,0
2016-08-23,21:50:00,40.663,40.663,40.644,40.644,272,0
2016-08-24,16:00:00,40.327,40.327,40.327,40.327,200,0
2016-08-24,18:40:00,40.636,40.641,40.636,40.641,1410,0
2016-08-24,19:35:00,40.382,40.382,40.382,40.382,120,0
2016-08-24,21:30:00,40.561,40.561,40.561,40.561,2010,0
2016-08-24,21:50:00,40.472,40.472,40.472,40.472,468,0
2016-08-25,19:40:00,40.293,40.293,40.293,40.293,105,0
2016-08-25,20:25:00,40.471,40.471,40.471,40.471,1507,0
2016-08-25,21:35:00,40.243,40.243,40.243,40.243,8249,0
2016-08-25,22:00:00,40.417,40.417,40.417,40.417,364,0
2016-08-26,16:00:00,40.441,40.441,40.441,40.441,250,0
2016-08-26,17:35:00,40.561,40.561,40.561,40.561,244,0
2016-08-29,16:00:00,40.203,40.203,40.203,40.203,200,0
2016-08-30,17:00:00,40.024,40.174,40.024,40.174,240,0
2016-08-30,20:25:00,39.814,40.014,39.814,39.814,503,0
2016-08-30,21:15:00,40.004,40.004,40.004,40.004,301,0
2016-08-31,19:20:00,39.805,39.805,39.755,39.755,200,0
2016-08-31,19:25:00,39.72,39.904,39.72,39.904,1306,0
2016-08-31,21:50:00,39.909,39.909,39.909,39.909,120,0
2016-09-01,16:10:00,40.022,40.022,40.022,40.022,563,0
2016-09-02,15:45:00,40.501,40.501,40.501,40.501,184,0
2016-09-02,15:55:00,40.8,40.8,40.8,40.8,100,0
2016-09-02,16:15:00,40.8,40.8,40.8,40.8,376,0
2016-09-02,17:05:00,40.87,40.87,40.87,40.87,100,0
2016-09-06,17:30:00,40.283,40.283,40.17,40.17,1206,0
2016-09-06,17:50:00,40.303,40.332,40.283,40.332,3818,0
2016-09-06,17:55:00,40.342,40.347,40.342,40.347,3316,0
2016-09-07,16:35:00,40.193,40.193,40.193,40.193,180,0
2016-09-07,21:55:00,40.275,40.275,40.275,40.275,246,0
2016-09-08,19:55:00,39.805,39.805,39.805,39.805,200,0
2016-09-09,15:35:00,39.307,39.307,39.049,39.049,603,0
2016-09-09,15:40:00,39.009,39.009,39.009,39.009,503,0
2016-09-09,15:55:00,38.81,38.81,38.81,38.81,200,0
2016-09-09,18:15:00,38.411,38.472,38.411,38.442,403,0
2016-09-09,18:20:00,38.432,38.432,38.412,38.412,200,0
2016-09-09,19:00:00,38.393,38.393,38.393,38.393,393,0
2016-09-09,19:25:00,38.312,38.312,38.312,38.312,100,0
2016-09-09,19:50:00,38.155,38.155,38.155,38.155,130,0
2016-09-09,21:05:00,37.929,37.929,37.929,37.929,131,0
2016-09-09,21:15:00,37.835,37.835,37.835,37.835,200,0
2016-09-09,21:45:00,37.815,37.815,37.466,37.466,2211,0
2016-09-09,21:55:00,37.579,37.579,37.579,37.579,934,0
2016-09-12,18:30:00,37.815,38.004,37.815,38.004,603,0
2016-09-12,18:35:00,37.974,38.014,37.974,38.014,502,0
2016-09-12,19:00:00,38.132,38.132,38.132,38.132,200,0
2016-09-12,20:40:00,38.879,38.879,38.879,38.879,100,0
2016-09-13,17:05:00,37.805,37.947,37.805,37.805,804,0
2016-09-13,21:30:00,37.805,37.805,37.805,37.805,295,0
2016-09-13,21:55:00,37.735,37.735,37.735,37.735,100,0
2016-09-13,22:00:00,37.655,37.655,37.565,37.565,366,0
2016-09-14,16:25:00,37.815,37.815,37.815,37.815,660,0
2016-09-15,18:20:00,37.904,37.904,37.904,37.904,207,0
2016-09-16,19:35:00,37.914,37.914,37.914,37.914,347,0
2016-09-16,22:00:00,37.745,37.803,37.745,37.803,603,0
2016-09-19,19:05:00,38.312,38.312,38.312,38.312,100,0
2016-09-20,15:35:00,37.516,37.516,37.516,37.516,100,0
2016-09-20,16:30:00,38.159,38.159,38.159,38.159,123,0
2016-09-20,20:50:00,38.019,38.019,38.019,38.019,175,0
2016-09-20,21:00:00,38.018,38.018,38.018,38.018,158,0
2016-09-20,21:45:00,37.89,37.89,37.89,37.89,100,0
2016-09-20,22:00:00,37.877,37.947,37.877,37.947,924,0
2016-09-21,15:35:00,37.727,37.727,37.727,37.727,240,0
2016-09-21,15:40:00,37.937,37.937,37.937,37.937,100,0
2016-09-21,16:20:00,38.121,38.121,38.121,38.121,246,0
2016-09-21,18:45:00,37.956,37.956,37.956,37.956,100,0
2016-09-21,20:15:00,38.21,38.21,38.016,38.016,601,0
2016-09-21,20:20:00,38.125,38.125,38.125,38.125,446,0
2016-09-22,17:00:00,38.973,38.973,38.973,38.973,22438,0
2016-09-22,19:45:00,39.201,39.201,39.201,39.201,100,0
2016-09-22,21:50:00,39.093,39.093,39.093,39.093,100,0
2016-09-22,21:55:00,39.2,39.2,39.2,39.2,117,0
2016-09-23,18:50:00,39.182,39.182,39.182,39.182,2650,0
2016-09-23,20:15:00,39.003,39.003,39.003,39.003,139,0
2016-09-26,21:30:00,38.335,38.335,38.335,38.335,112,0
2016-09-26,22:00:00,38.344,38.344,38.344,38.344,106,0
2016-09-27,15:35:00,38.245,38.245,38.245,38.245,119,0
2016-09-27,17:05:00,38.345,38.345,38.345,38.345,100,0
2016-09-27,20:20:00,38.473,38.473,38.473,38.473,107,0
2016-09-27,21:30:00,38.308,38.308,38.308,38.308,133,0
2016-09-27,22:00:00,38.375,38.375,38.375,38.375,402,0
2016-09-28,21:50:00,38.415,38.415,38.415,38.415,200,0
2016-09-29,20:35:00,38.135,38.135,38.135,38.135,100,0
2016-09-30,15:35:00,38.783,39.172,38.603,38.753,9707,0
2016-09-30,15:40:00,38.793,38.912,38.565,38.565,2729,0
2016-09-30,15:50:00,38.663,38.663,38.663,38.663,100,0
2016-09-30,15:55:00,38.565,38.643,38.565,38.643,274,0
2016-09-30,16:00:00,38.535,38.535,38.535,38.535,100,0
2016-09-30,16:40:00,38.633,38.633,38.633,38.633,200,0
2016-09-30,17:15:00,38.663,38.663,38.663,38.663,100,0
2016-09-30,17:20:00,38.663,38.663,38.663,38.663,402,0
2016-09-30,20:50:00,38.565,38.783,38.565,38.77,1004,0
2016-10-03,15:35:00,38.265,38.325,37.857,38.135,7534,0
2016-10-03,15:40:00,38.265,38.285,38.066,38.213,1806,0
2016-10-03,15:45:00,38.215,38.215,38.066,38.066,2457,0
2016-10-03,15:50:00,38.155,38.155,38.095,38.095,1204,0
2016-10-03,16:05:00,38.275,38.295,38.275,38.295,803,0
2016-10-03,17:25:00,38.255,38.255,38.255,38.255,280,0
2016-10-03,21:35:00,38.205,38.205,38.205,38.205,200,0
2016-10-03,21:40:00,38.165,38.165,38.165,38.165,1246,0
2016-10-03,21:55:00,38.3,38.3,38.3,38.3,121,0
2016-10-03,22:00:00,38.365,38.365,38.365,38.365,402,0
2016-10-04,19:00:00,38.105,38.105,38.105,38.105,130,0
2016-10-05,17:45:00,37.872,37.872,37.872,37.872,156,0
2016-10-05,19:05:00,37.872,37.872,37.872,37.872,100,0
2016-10-05,20:25:00,37.757,37.767,37.757,37.757,903,0
2016-10-06,18:10:00,37.867,37.867,37.867,37.867,512,0
2016-10-06,19:00:00,38.009,38.009,38.009,38.009,120,0
2016-10-06,22:00:00,37.727,37.727,37.727,37.727,192,0
2016-10-10,20:40:00,37.807,37.807,37.807,37.807,120,0
2016-10-10,21:15:00,37.587,37.802,37.557,37.682,821,0
2016-10-10,21:20:00,37.707,37.707,37.67,37.67,200,0
2016-10-10,21:25:00,37.67,37.757,37.67,37.757,200,0
2016-10-10,21:30:00,37.702,37.702,37.702,37.702,402,0
2016-10-10,21:35:00,37.666,37.666,37.544,37.544,301,0
2016-10-10,21:40:00,37.652,37.652,37.627,37.627,200,0
2016-10-10,21:45:00,37.544,37.544,37.544,37.544,100,0
2016-10-11,17:00:00,37.418,37.418,37.418,37.418,200,0
2016-10-11,17:55:00,37.279,37.279,37.279,37.279,1098,0
2016-10-11,18:55:00,37.019,37.019,37.019,37.019,173,0
2016-10-11,19:00:00,37.368,37.368,37.368,37.368,321,0
2016-10-11,21:15:00,36.926,36.926,36.926,36.926,103,0
2016-10-11,21:20:00,36.895,36.895,36.895,36.895,497,0
2016-10-11,21:40:00,36.927,36.927,36.927,36.927,402,0
2016-10-12,18:40:00,37.289,37.289,37.284,37.289,7925,0
2016-10-12,20:10:00,37.438,37.438,37.438,37.438,115,0
2016-10-12,21:55:00,37.458,37.458,37.458,37.458,125,0
2016-10-13,15:35:00,36.571,36.701,36.571,36.701,898,0
2016-10-13,15:40:00,36.611,36.611,36.611,36.611,200,0
2016-10-13,18:20:00,36.75,36.75,36.75,36.75,112,0
2016-10-13,19:10:00,36.8,36.8,36.8,36.8,20418,0
2016-10-13,19:15:00,36.79,36.87,36.79,36.87,200,0
2016-10-14,21:25:00,37.23,37.23,37.119,37.119,502,0
2016-10-17,21:15:00,37.109,37.171,37.109,37.171,200,0
2016-10-18,15:55:00,37.23,37.23,37.23,37.23,301,0
2016-10-18,16:05:00,37.165,37.199,37.165,37.199,1244,0
2016-10-18,16:10:00,37.089,37.25,37.089,37.089,2810,0
2016-10-18,16:25:00,37.269,37.269,37.269,37.269,402,0
2016-10-18,17:00:00,37.381,37.381,37.269,37.269,1004,0
2016-10-19,15:35:00,37.269,37.269,37.269,37.269,552,0
2016-10-19,17:35:00,37.083,37.083,37.083,37.083,180,0
2016-10-19,19:50:00,36.937,36.937,36.937,36.937,301,0
2016-10-19,21:10:00,36.94,36.94,36.94,36.94,1415,0
2016-10-24,20:30:00,37.806,37.806,37.806,37.806,402,0
2016-10-25,17:00:00,37.227,37.227,37.227,37.227,570,0
2016-10-25,19:35:00,37.368,37.368,37.368,37.368,100,0
2016-10-25,21:00:00,37.581,37.581,37.581,37.581,160,0
2016-10-26,17:35:00,37.418,37.418,37.418,37.418,402,0
2016-10-26,17:40:00,37.458,37.572,37.438,37.438,944,0
2016-10-26,17:55:00,37.637,37.637,37.637,37.637,100,0
2016-10-26,18:45:00,37.309,37.365,37.309,37.309,803,0
2016-10-26,21:45:00,37.249,37.269,37.249,37.269,602,0
2016-10-27,15:40:00,37.233,37.233,37.233,37.233,150,0
2016-10-27,21:35:00,36.686,36.686,36.631,36.631,602,0
2016-10-27,21:55:00,36.64,36.64,36.64,36.64,133,0
2016-10-28,17:30:00,37.57,37.57,37.57,37.57,132,0
2016-10-28,19:40:00,36.928,36.928,36.928,36.928,139,0
2016-10-31,17:40:00,37.581,37.581,37.581,37.581,100,0
2016-10-31,19:20:00,37.329,37.329,37.329,37.329,433,0
2016-10-31,19:25:00,37.472,37.472,37.472,37.472,200,0
2016-10-31,19:30:00,37.209,37.472,37.209,37.472,1036,0
2016-10-31,19:50:00,37.294,37.412,37.119,37.119,301,0
2016-10-31,19:55:00,37.316,37.402,37.316,37.402,402,0
2016-10-31,20:00:00,37.402,37.458,37.402,37.458,200,0
2016-10-31,20:05:00,37.468,37.468,37.431,37.431,934,0
2016-10-31,20:10:00,37.412,37.468,37.294,37.294,301,0
2016-10-31,20:15:00,37.34,37.346,37.309,37.34,1004,0
2016-10-31,20:20:00,37.34,37.358,37.34,37.358,502,0
2016-10-31,20:30:00,37.384,37.384,37.348,37.348,200,0
2016-10-31,20:55:00,37.319,37.319,37.319,37.319,100,0
2016-11-01,14:35:00,36.89,37.269,36.89,37.269,4141,0
2016-11-01,14:40:00,37.289,37.299,37.289,37.299,702,0
2016-11-01,14:55:00,37.289,37.289,37.289,37.289,100,0
2016-11-01,15:30:00,37.159,37.169,37.159,37.169,402,0
2016-11-01,15:35:00,37.149,37.149,37.139,37.144,502,0
2016-11-01,15:40:00,37.144,37.144,37.109,37.109,402,0
2016-11-01,16:25:00,37.059,37.119,37.044,37.069,702,0
2016-11-01,16:30:00,37.069,37.069,37.069,37.069,100,0
2016-11-01,20:25:00,36.571,36.571,36.571,36.571,803,0
2016-11-01,20:30:00,36.571,36.571,36.571,36.571,873,0
2016-11-01,21:00:00,36.691,36.691,36.691,36.691,100,0
2016-11-02,18:45:00,36.676,36.676,36.676,36.676,100,0
2016-11-02,20:35:00,36.671,36.672,36.671,36.672,402,0
2016-11-03,19:35:00,36.418,36.418,36.418,36.418,100,0
2016-11-04,16:20:00,36.212,36.212,36.212,36.212,527,0
2016-11-04,20:25:00,35.874,35.982,35.874,35.982,301,0
2016-11-04,20:40:00,35.874,35.874,35.774,35.774,875,0
2016-11-07,16:10:00,36.77,36.77,36.77,36.77,100,0
2016-11-07,16:20:00,36.611,36.611,36.611,36.611,428,0
2016-11-07,17:25:00,36.861,36.861,36.861,36.861,121,0
2016-11-07,17:40:00,36.762,36.762,36.762,36.762,572,0
2016-11-07,19:40:00,36.922,36.922,36.922,36.922,143,0
2016-11-07,19:50:00,37.073,37.073,37.073,37.073,145,0
2016-11-07,20:35:00,37.069,37.069,37.069,37.069,402,0
2016-11-08,18:10:00,37.597,37.597,37.597,37.597,200,0
2016-11-08,18:55:00,37.757,37.757,37.757,37.757,250,0
2016-11-08,21:05:00,37.735,37.735,37.735,37.735,401,0
2016-11-08,21:10:00,37.897,37.897,37.897,37.897,100,0
2016-11-09,15:50:00,36.023,36.023,36.023,36.023,301,0
2016-11-09,16:00:00,36.047,36.047,36.047,36.047,200,0
2016-11-09,17:50:00,36.701,36.701,36.701,36.701,349,0
2016-11-09,18:40:00,36.598,36.66,36.598,36.66,590,0
2016-11-09,20:45:00,36.547,36.547,36.547,36.547,402,0
2016-11-10,15:35:00,35.534,35.894,35.534,35.744,2140,0
2016-11-10,18:45:00,34.778,34.778,34.778,34.778,199,0
2016-11-10,19:25:00,34.976,34.976,34.976,34.976,200,0
2016-11-10,19:45:00,34.936,34.936,34.936,34.936,200,0
2016-11-11,15:35:00,34.838,34.838,34.838,34.838,100,0
2016-11-11,16:55:00,35.076,35.076,35.076,35.076,100,0
2016-11-11,18:10:00,35.076,35.076,35.076,35.076,100,0
2016-11-11,18:15:00,35.021,35.021,35.021,35.021,305,0
2016-11-11,18:20:00,35.046,35.076,35.046,35.076,1304,0
2016-11-11,19:35:00,35.142,35.142,35.142,35.142,100,0
2016-11-11,21:20:00,35.051,35.051,35.051,35.051,100,0
2016-11-11,22:00:00,35.071,35.071,35.071,35.071,363,0
2016-11-14,17:15:00,34.69,34.69,34.69,34.69,1144,0
2016-11-14,17:25:00,34.668,34.668,34.508,34.508,4115,0
2016-11-14,17:30:00,34.508,34.568,34.468,34.498,11340,0
2016-11-14,17:35:00,34.498,34.568,34.458,34.513,15354,0
2016-11-14,17:40:00,34.468,34.606,34.458,34.528,4215,0
2016-11-14,17:45:00,34.491,34.491,34.491,34.491,34604,0
2016-11-14,18:20:00,34.606,34.606,34.606,34.606,131,0
2016-11-14,18:30:00,34.371,34.371,34.371,34.371,301,0
2016-11-14,19:35:00,34.627,34.627,34.627,34.627,100,0
2016-11-14,19:45:00,34.628,34.628,34.483,34.483,602,0
2016-11-14,20:10:00,34.651,34.651,34.651,34.651,301,0
2016-11-14,20:15:00,34.678,34.678,34.678,34.678,1606,0
2016-11-14,20:20:00,34.678,34.678,34.678,34.678,200,0
2016-11-14,20:45:00,34.61,34.61,34.588,34.588,954,0
2016-11-14,20:50:00,34.686,34.686,34.686,34.686,200,0
2016-11-14,20:55:00,34.628,34.67,34.618,34.618,1606,0
2016-11-14,21:00:00,34.628,34.678,34.628,34.658,1588,0
2016-11-14,21:05:00,34.608,34.658,34.608,34.658,402,0
2016-11-14,21:10:00,34.658,34.658,34.658,34.658,200,0
2016-11-14,21:15:00,34.658,34.658,34.658,34.658,200,0
2016-11-14,21:20:00,34.658,34.658,34.658,34.658,3311,0
2016-11-14,21:25:00,34.658,34.658,34.658,34.658,602,0
2016-11-14,21:40:00,34.644,34.648,34.638,34.638,502,0
2016-11-14,21:45:00,34.573,34.625,34.541,34.548,602,0
2016-11-14,21:50:00,34.468,34.518,34.468,34.518,903,0
2016-11-14,21:55:00,34.497,34.578,34.468,34.578,502,0
2016-11-15,16:15:00,34.838,34.838,34.788,34.788,2409,0
2016-11-15,16:20:00,34.788,34.838,34.628,34.838,2007,0
2016-11-15,16:25:00,34.778,34.778,34.638,34.638,301,0
2016-11-15,16:35:00,34.718,34.718,34.718,34.718,200,0
2016-11-15,16:40:00,34.688,34.688,34.688,34.688,200,0
2016-11-15,16:45:00,34.688,34.688,34.688,34.688,200,0
2016-11-15,16:50:00,34.738,34.798,34.738,34.798,402,0
2016-11-15,16:55:00,34.748,34.843,34.748,34.843,402,0
2016-11-15,17:05:00,34.758,34.758,34.758,34.758,200,0
2016-11-15,17:10:00,34.768,34.768,34.768,34.768,200,0
2016-11-15,17:15:00,34.838,34.838,34.838,34.838,402,0
2016-11-15,17:20:00,34.838,34.838,34.838,34.838,200,0
2016-11-15,17:30:00,34.838,34.858,34.838,34.858,301,0
2016-11-15,17:35:00,34.788,34.788,34.788,34.788,200,0
2016-11-15,17:40:00,34.877,34.877,34.868,34.868,402,0
2016-11-15,17:45:00,34.798,34.798,34.798,34.798,200,0
2016-11-15,17:50:00,34.808,34.808,34.808,34.808,200,0
2016-11-15,18:00:00,34.833,34.926,34.833,34.926,502,0
2016-11-15,18:05:00,34.853,34.853,34.853,34.853,200,0
2016-11-15,18:10:00,34.917,34.917,34.833,34.858,602,0
2016-11-15,18:15:00,34.917,34.917,34.853,34.853,301,0
2016-11-15,18:25:00,34.858,34.936,34.858,34.936,803,0
2016-11-15,18:45:00,34.858,34.858,34.798,34.798,200,0
2016-11-15,18:50:00,34.748,34.808,34.748,34.808,200,0
2016-11-15,19:00:00,34.748,34.838,34.748,34.838,301,0
2016-11-15,19:10:00,34.788,34.788,34.788,34.788,200,0
2016-11-15,19:20:00,34.798,34.877,34.798,34.877,502,0
2016-11-15,19:30:00,34.768,34.768,34.768,34.768,200,0
2016-11-15,19:35:00,34.868,34.868,34.868,34.868,200,0
2016-11-15,19:40:00,34.768,34.868,34.768,34.868,402,0
2016-11-15,19:45:00,34.808,34.808,34.808,34.808,200,0
2016-11-15,19:50:00,34.917,34.917,34.917,34.917,100,0
2016-11-15,19:55:00,34.848,34.936,34.848,34.936,1004,0
2016-11-15,20:05:00,34.936,34.936,34.936,34.936,301,0
2016-11-15,20:15:00,34.936,34.971,34.936,34.971,402,0
2016-11-15,20:30:00,34.908,34.908,34.908,34.908,200,0
2016-11-15,20:35:00,35.106,35.106,35.106,35.106,100,0
2016-11-15,20:40:00,34.966,34.966,34.946,34.946,200,0
2016-11-15,20:45:00,34.946,34.946,34.946,34.946,200,0
2016-11-15,20:55:00,35.006,35.006,35.006,35.006,200,0
2016-11-15,21:00:00,35.026,35.026,35.026,35.026,200,0
2016-11-15,21:10:00,35.016,35.016,35.016,35.016,200,0
2016-11-15,21:15:00,35.056,35.056,34.946,35.016,1821,0
2016-11-15,21:20:00,34.936,34.936,34.936,34.936,200,0
2016-11-15,21:25:00,34.996,34.996,34.986,34.986,200,0
2016-11-15,21:30:00,34.926,34.926,34.926,34.926,200,0
2016-11-15,21:35:00,34.956,34.956,34.956,34.956,200,0
2016-11-15,21:40:00,34.941,34.941,34.936,34.936,402,0
2016-11-15,21:45:00,35.026,35.026,34.936,34.986,602,0
2016-11-15,21:50:00,34.907,34.907,34.907,34.907,402,0
2016-11-15,21:55:00,34.907,34.907,34.907,34.907,402,0
2016-11-15,22:00:00,34.907,34.908,34.907,34.907,903,0
2016-11-16,15:35:00,34.926,34.926,34.926,34.926,200,0
2016-11-16,16:35:00,35.286,35.286,35.286,35.286,1505,0
2016-11-16,21:10:00,35.465,35.475,35.465,35.475,1004,0
2016-11-16,21:25:00,35.126,35.126,35.126,35.126,200,0
2016-11-17,16:25:00,35.186,35.239,35.186,35.239,200,0
2016-11-17,18:10:00,35.481,35.481,35.481,35.481,135,0
2016-11-17,20:35:00,35.663,35.663,35.524,35.524,1504,0
2016-11-18,15:35:00,35.594,35.594,35.594,35.594,100,0
2016-11-18,21:35:00,35.276,35.276,35.276,35.276,843,0
2016-11-18,21:50:00,35.236,35.236,35.236,35.236,160,0
2016-11-21,15:35:00,34.638,34.638,34.638,34.638,542,0
2016-11-21,15:45:00,35.026,35.086,35.026,35.086,402,0
2016-11-21,19:05:00,35.396,35.396,35.396,35.396,1126,0
2016-11-21,19:10:00,35.399,35.399,35.399,35.399,382,0
2016-11-21,19:50:00,35.764,35.764,35.764,35.764,1505,0
2016-11-21,20:10:00,35.627,35.627,35.627,35.627,502,0
2016-11-21,20:35:00,35.529,35.529,35.529,35.529,200,0
2016-11-21,20:40:00,35.529,35.529,35.529,35.529,165,0
2016-11-21,21:40:00,35.524,35.524,35.524,35.524,100,0
2016-11-21,21:55:00,35.545,35.574,35.545,35.574,342,0
2016-11-21,22:00:00,35.524,35.648,35.524,35.648,984,0
2016-11-22,16:35:00,35.894,35.894,35.894,35.894,301,0
2016-11-22,16:40:00,35.942,35.942,35.942,35.942,100,0
2016-11-22,16:55:00,35.874,35.874,35.874,35.874,100,0
2016-11-22,17:15:00,35.909,35.909,35.909,35.909,402,0
2016-11-22,17:20:00,35.913,36.086,35.913,36.086,602,0
2016-11-22,17:40:00,35.614,35.614,35.614,35.614,402,0
2016-11-22,19:55:00,36.044,36.044,35.993,36.003,356,0
2016-11-22,20:00:00,35.993,35.993,35.993,35.993,100,0
2016-11-22,20:55:00,36.043,36.043,36.043,36.043,495,0
2016-11-22,21:00:00,36.204,36.204,36.204,36.204,108,0
2016-11-22,21:40:00,36.111,36.111,36.111,36.111,279,0
2016-11-22,21:45:00,36.112,36.142,36.112,36.142,301,0
2016-11-22,21:55:00,36.142,36.217,36.142,36.217,402,0
2016-11-23,15:35:00,36.83,36.83,36.156,36.156,640,0
2016-11-23,15:40:00,36.093,36.093,36.093,36.093,100,0
2016-11-25,18:40:00,36.382,36.382,36.244,36.244,274,0
2016-11-28,16:20:00,35.977,35.977,35.977,35.977,236,0
2016-11-29,17:00:00,36.023,36.023,36.023,36.023,230,0
2016-11-29,19:55:00,36.292,36.292,36.292,36.292,477,0
2016-11-29,20:25:00,36.192,36.387,36.192,36.387,1304,0
2016-11-29,21:50:00,36.172,36.172,36.172,36.172,116,0
2016-11-30,16:05:00,35.993,35.993,35.964,35.964,567,0
2016-11-30,17:00:00,35.95,35.95,35.95,35.95,101,0
2016-11-30,20:05:00,35.524,35.524,35.524,35.524,100,0
2016-11-30,20:45:00,35.405,35.429,35.398,35.406,975,0
2016-11-30,21:00:00,35.428,35.428,35.428,35.428,467,0
2016-11-30,21:40:00,35.276,35.276,35.276,35.276,100,0
2016-11-30,22:00:00,35.186,35.186,35.186,35.186,100,0
2016-12-01,16:40:00,34.907,34.907,34.907,34.907,492,0
2016-12-01,19:40:00,34.739,34.739,34.739,34.739,200,0
2016-12-01,21:30:00,34.788,34.788,34.788,34.788,13882,0
2016-12-01,21:35:00,34.798,34.798,34.798,34.798,25849,0
2016-12-01,21:50:00,34.618,34.618,34.618,34.618,100,0
2016-12-02,18:50:00,35.116,35.116,35.116,35.116,16540,0
2016-12-02,21:20:00,34.706,34.706,34.706,34.706,104,0
2016-12-02,22:00:00,34.763,34.763,34.763,34.763,813,0
2016-12-05,18:30:00,35.426,35.426,35.426,35.426,8325,0
2016-12-05,18:35:00,35.251,35.251,35.251,35.251,1054,0
2016-12-05,18:55:00,35.416,35.426,35.416,35.426,402,0
2016-12-06,16:45:00,35.343,35.343,35.206,35.206,1806,0
2016-12-06,20:00:00,35.549,35.549,35.549,35.549,200,0
2016-12-06,20:20:00,35.574,35.583,35.436,35.574,2007,0
2016-12-06,21:15:00,35.206,35.206,35.206,35.206,319,0
2016-12-07,16:55:00,35.874,35.874,35.874,35.874,201,0
2016-12-08,15:55:00,36.571,36.571,36.571,36.571,1666,0
2016-12-08,18:25:00,36.73,36.73,36.73,36.73,11628,0
2016-12-08,21:50:00,36.691,36.691,36.691,36.691,100,0
2016-12-08,22:00:00,36.83,36.83,36.83,36.83,305,0
2016-12-09,18:10:00,37.451,37.451,37.451,37.451,151,0
2016-12-09,19:35:00,37.368,37.368,37.368,37.368,175,0
2016-12-09,20:05:00,37.388,37.388,37.388,37.388,301,0
2016-12-09,20:20:00,37.438,37.438,37.404,37.438,301,0
2016-12-09,21:50:00,37.505,37.505,37.505,37.505,122,0
2016-12-12,20:15:00,37.615,37.627,37.615,37.627,227,0
2016-12-12,20:20:00,37.719,37.721,37.719,37.721,200,0
2016-12-12,20:25:00,37.721,37.721,37.721,37.721,100,0
2016-12-12,20:45:00,37.537,37.537,37.537,37.537,100,0
2016-12-12,20:55:00,37.599,37.599,37.483,37.483,733,0
2016-12-12,21:00:00,37.483,37.627,37.483,37.627,2174,0
2016-12-12,21:05:00,37.519,37.527,37.439,37.439,502,0
2016-12-12,21:10:00,37.518,37.518,37.518,37.518,402,0
2016-12-12,21:15:00,37.707,37.707,37.651,37.651,200,0
2016-12-12,21:55:00,37.683,37.683,37.601,37.664,1405,0
2016-12-13,16:15:00,38.019,38.019,38.019,38.019,274,0
2016-12-13,17:15:00,38.245,38.275,38.066,38.275,1907,0
2016-12-13,17:35:00,38.016,38.115,38.016,38.115,301,0
2016-12-13,18:45:00,38.032,38.032,38.032,38.032,876,0
2016-12-13,20:00:00,37.804,37.804,37.804,37.804,159,0
2016-12-13,20:30:00,38.016,38.016,37.947,37.947,301,0
2016-12-14,15:35:00,37.478,37.478,37.478,37.478,101,0
2016-12-14,16:55:00,37.867,37.867,37.817,37.867,3713,0
2016-12-14,17:05:00,37.877,37.877,37.867,37.867,200,0
2016-12-14,17:30:00,37.947,37.996,37.947,37.976,8189,0
2016-12-14,21:35:00,37.216,37.216,37.216,37.216,402,0
2016-12-14,21:55:00,36.85,36.85,36.85,36.85,452,0
2016-12-14,22:00:00,37.179,37.219,37.179,37.219,499,0
2016-12-15,19:35:00,37.358,37.386,37.358,37.386,502,0
2016-12-15,19:40:00,37.039,37.039,37.039,37.039,100,0
2016-12-15,19:55:00,37.199,37.199,37.199,37.199,100,0
2016-12-15,20:10:00,37.022,37.022,37.022,37.022,168,0
2016-12-15,21:35:00,37.363,37.363,37.339,37.363,402,0
2016-12-15,22:00:00,37.149,37.149,37,37,702,0
2016-12-20,18:25:00,37.303,37.488,37.303,37.488,502,0
2016-12-20,18:50:00,37.498,37.498,37.498,37.498,100,0
2016-12-21,18:25:00,37.828,37.828,37.828,37.828,100,0
2016-12-21,22:00:00,37.748,37.748,37.748,37.748,266,0
2016-12-22,16:45:00,37.129,37.129,37.129,37.129,106,0
2016-12-22,18:10:00,37.349,37.349,37.349,37.349,100,0
2016-12-22,21:25:00,37.419,37.419,37.419,37.419,510,0
2016-12-23,19:55:00,37.616,37.616,37.616,37.616,100,0
2016-12-23,20:25:00,37.419,37.419,37.419,37.419,100,0
2016-12-27,18:30:00,37.249,37.249,37.249,37.249,160,0
2016-12-27,20:20:00,37.509,37.509,37.349,37.349,200,0
2016-12-27,20:35:00,37.479,37.479,37.379,37.379,401,0
2016-12-28,19:50:00,37.229,37.277,37.229,37.229,671,0
2017-01-03,15:55:00,37.029,37.029,37.029,37.029,200,0
2017-01-03,16:00:00,37.029,37.029,37.029,37.029,200,0
2017-01-03,16:05:00,37.029,37.079,37.029,37.079,200,0
2017-01-03,16:10:00,37.079,37.079,37.079,37.079,100,0
2017-01-03,16:30:00,37.239,37.239,37.239,37.239,301,0
2017-01-03,16:35:00,37.389,37.389,37.389,37.389,100,0
2017-01-03,16:40:00,37.279,37.279,37.279,37.279,100,0
2017-01-03,16:55:00,37.279,37.279,37.279,37.279,100,0
2017-01-03,18:05:00,37.049,37.049,37.049,37.049,100,0
2017-01-03,18:15:00,37.049,37.049,37.049,37.049,100,0
2017-01-03,18:20:00,37.049,37.059,37.049,37.059,301,0
2017-01-03,18:25:00,37.059,37.059,37.059,37.059,100,0
2017-01-03,19:25:00,37.059,37.059,37.059,37.059,178,0
2017-01-03,21:20:00,37.139,37.208,37,37.01,7958,0
2017-01-03,21:25:00,37.139,37.139,37.139,37.139,100,0
2017-01-05,16:00:00,37.711,37.711,37.711,37.711,736,0
2017-01-05,16:50:00,37.875,37.875,37.875,37.875,105,0
2017-01-06,21:15:00,37.928,38.042,37.928,38.042,200,0
2017-01-09,15:35:00,37.928,37.928,37.928,37.928,100,0
2017-01-09,16:15:00,37.476,37.476,37.476,37.476,1144,0
2017-01-09,16:30:00,37.688,37.688,37.688,37.688,34174,0
2017-01-09,18:10:00,37.509,37.509,37.361,37.409,2705,0
2017-01-09,18:15:00,37.409,37.489,37.409,37.489,601,0
2017-01-09,18:20:00,37.628,37.638,37.578,37.628,1503,0
2017-01-09,18:25:00,37.618,37.618,37.479,37.479,2204,0
2017-01-09,18:30:00,37.499,37.588,37.499,37.509,2946,0
2017-01-09,19:45:00,37.459,37.556,37.459,37.459,802,0
2017-01-09,20:00:00,37.325,37.325,37.325,37.325,508,0
2017-01-09,20:15:00,37.628,37.628,37.628,37.628,3791,0
2017-01-09,20:20:00,37.405,37.405,37.405,37.405,933,0
2017-01-09,20:25:00,37.249,37.249,37.189,37.189,200,0
2017-01-10,19:10:00,37.216,37.216,37.216,37.216,301,0
2017-01-10,20:25:00,37.195,37.195,37.195,37.195,150,0
2017-01-10,21:55:00,37.253,37.253,37.253,37.253,360,0
2017-01-10,22:00:00,37.069,37.069,37.069,37.069,387,0
2017-01-11,15:45:00,37.189,37.189,37.189,37.189,601,0
2017-01-11,17:35:00,36.92,36.92,36.92,36.92,1001,0
2017-01-11,19:00:00,37.015,37.015,36.96,36.96,200,0
2017-01-11,19:50:00,37.07,37.07,37.07,37.07,301,0
2017-01-11,21:00:00,37.269,37.269,37.269,37.269,337,0
2017-01-13,17:35:00,37.099,37.155,37.079,37.135,761,0
2017-01-13,21:45:00,37.306,37.306,37.306,37.306,106,0
2017-01-18,17:00:00,38.097,38.097,38.097,38.097,1002,0
2017-01-18,22:00:00,38.477,38.477,38.444,38.477,804,0
2017-01-19,18:05:00,38.349,38.349,38.349,38.349,120,0
2017-01-19,21:45:00,38.061,38.061,38.061,38.061,102,0
2017-01-23,15:35:00,38.117,38.117,38.117,38.117,100,0
2017-01-23,19:40:00,38.626,38.626,38.626,38.626,200,0
2017-01-24,17:10:00,39.026,39.026,39.016,39.016,301,0
2017-01-25,15:40:00,39.644,39.644,39.644,39.644,100,0
2017-01-25,18:40:00,40.024,40.024,39.867,39.867,661,0
2017-01-26,16:50:00,39.774,39.774,39.774,39.774,200,0
2017-01-26,21:45:00,39.355,39.355,39.355,39.355,100,0
2017-01-27,15:35:00,39.355,39.355,39.355,39.355,1002,0
2017-01-27,16:00:00,38.926,38.926,38.926,38.926,100,0
2017-01-30,15:35:00,39.106,39.106,39.106,39.106,351,0
2017-01-31,18:35:00,38.751,38.751,38.751,38.751,298,0
2017-01-31,18:40:00,38.751,38.751,38.751,38.751,601,0
2017-01-31,19:10:00,38.694,38.818,38.694,38.818,501,0
2017-01-31,20:10:00,38.666,38.791,38.552,38.791,1002,0
2017-01-31,21:25:00,38.976,38.976,38.736,38.736,551,0
2017-02-01,18:55:00,38.681,38.681,38.537,38.612,498,0
2017-02-01,20:05:00,38.596,38.596,38.596,38.596,100,0
2017-02-02,21:40:00,38.926,38.986,38.926,38.986,601,0
2017-02-03,21:45:00,39.165,39.285,39.165,39.285,1022,0
2017-02-06,19:10:00,39.255,39.275,39.255,39.275,8050,0
2017-02-06,22:00:00,39.159,39.272,39.159,39.272,200,0
2017-02-07,17:10:00,39.096,39.135,39.076,39.115,1002,0
2017-02-07,19:15:00,39.125,39.165,39.125,39.165,409,0
2017-02-07,21:25:00,39.455,39.455,39.455,39.455,431,0
2017-02-07,21:30:00,39.413,39.413,39.261,39.261,1002,0
2017-02-07,21:55:00,39.156,39.156,39.156,39.156,501,0
2017-02-08,16:45:00,39.425,39.425,39.385,39.385,31797,0
2017-02-08,17:20:00,39.435,39.474,39.435,39.474,1002,0
2017-02-08,17:25:00,39.628,39.628,39.628,39.628,501,0
2017-02-08,19:35:00,39.657,39.657,39.657,39.657,171,0
2017-02-08,20:00:00,39.776,39.776,39.776,39.776,337,0
2017-02-08,21:55:00,39.714,39.714,39.714,39.714,147,0
2017-02-09,17:20:00,39.934,39.934,39.934,39.934,601,0
2017-02-09,17:25:00,40.124,40.124,40.124,40.124,200,0
2017-02-09,18:35:00,39.844,39.974,39.844,39.849,2605,0
2017-02-09,19:20:00,40.039,40.048,39.834,39.874,802,0
2017-02-10,16:40:00,40.243,40.243,40.243,40.243,272,0
2017-02-10,21:50:00,40.551,40.551,40.551,40.551,297,0
2017-02-10,21:55:00,40.552,40.552,40.552,40.552,321,0
2017-02-10,22:00:00,40.6,40.6,40.6,40.6,612,0
2017-02-13,15:35:00,40.503,40.503,40.503,40.503,4709,0
2017-02-13,15:45:00,40.423,40.423,40.423,40.423,301,0
2017-02-13,18:55:00,40.423,40.423,40.423,40.423,6711,0
2017-02-13,19:05:00,40.373,40.373,40.373,40.373,4220,0
2017-02-13,20:30:00,40.424,40.424,40.424,40.424,591,0
2017-02-13,21:45:00,40.593,40.593,40.593,40.593,120,0
2017-02-14,16:45:00,40.573,40.573,40.573,40.573,200,0
2017-02-14,18:20:00,40.426,40.426,40.426,40.426,159,0
2017-02-14,21:45:00,40.552,40.552,40.552,40.552,1002,0
2017-02-14,21:50:00,40.663,40.663,40.425,40.425,1002,0
2017-02-14,21:55:00,40.523,40.523,40.523,40.523,100,0
2017-02-15,16:00:00,40.662,40.662,40.662,40.662,591,0
2017-02-15,16:10:00,40.722,40.722,40.722,40.722,401,0
2017-02-15,17:25:00,41.033,41.033,41.033,41.033,399,0
2017-02-15,20:50:00,41.08,41.08,41.08,41.08,391,0
2017-02-16,15:35:00,41.221,41.221,41.221,41.221,223,0
2017-02-16,22:00:00,41.002,41.011,41.002,41.011,401,0
2017-02-17,16:50:00,41.212,41.241,41.212,41.241,401,0
2017-02-21,15:40:00,41.721,41.721,41.721,41.721,100,0
2017-02-21,18:25:00,42.319,42.319,42.319,42.319,156,0
2017-02-21,21:30:00,42.449,42.449,42.449,42.449,563,0
2017-02-22,18:25:00,42.23,42.434,42.23,42.434,741,0
2017-02-22,21:30:00,42.21,42.21,42.21,42.21,549,0
2017-02-22,21:55:00,42.393,42.393,42.393,42.393,100,0
2017-02-23,15:45:00,42.369,42.369,42.369,42.369,301,0
2017-02-23,15:55:00,42.624,42.624,42.624,42.624,120,0
2017-02-23,17:10:00,42.24,42.24,42.24,42.24,872,0
2017-02-23,21:35:00,42.21,42.431,42.21,42.431,649,0
2017-02-24,19:10:00,42.17,42.17,42.17,42.17,187,0
2017-02-24,19:15:00,42.084,42.084,42.084,42.084,897,0
2017-02-24,19:40:00,42.002,42.002,42.002,42.002,760,0
2017-02-24,21:30:00,42.05,42.05,42.05,42.05,150,0
2017-02-24,21:50:00,42.17,42.17,42.09,42.09,301,0
2017-02-27,16:10:00,41.97,42.335,41.97,42.335,220,0
2017-02-27,21:20:00,42.024,42.024,42.024,42.024,227,0
2017-02-27,21:30:00,42.12,42.12,42.1,42.1,200,0
2017-02-28,16:00:00,42.569,42.569,42.569,42.569,247,0
2017-02-28,16:20:00,42.279,42.343,42.279,42.279,1761,0
2017-02-28,17:55:00,42.561,42.561,42.265,42.265,899,0
2017-02-28,20:35:00,42.198,42.198,42.198,42.198,204,0
2017-02-28,21:30:00,42.17,42.17,42.17,42.17,100,0
2017-02-28,21:50:00,42.11,42.11,42.11,42.11,100,0
2017-02-28,21:55:00,42.334,42.334,42.334,42.334,132,0
2017-02-28,22:00:00,42.389,42.389,42.389,42.389,301,0
2017-03-01,17:10:00,42.808,42.808,42.808,42.808,476,0
2017-03-01,21:45:00,43.018,43.108,42.908,42.908,381,0
2017-03-01,21:50:00,43.158,43.158,43.158,43.158,100,0
2017-03-02,15:35:00,43.357,43.357,43.357,43.357,1042,0
2017-03-02,15:40:00,43.128,43.137,43.128,43.137,1120,0
2017-03-02,20:30:00,42.968,42.968,42.968,42.968,100,0
2017-03-03,15:35:00,42.663,42.663,42.599,42.599,481,0
2017-03-03,16:50:00,42.54,42.54,42.413,42.413,531,0
2017-03-03,18:50:00,42.928,42.928,42.928,42.928,250,0
2017-03-03,20:45:00,42.913,42.913,42.913,42.913,650,0
2017-03-06,15:35:00,43.188,43.188,43.188,43.188,100,0
2017-03-06,15:50:00,42.23,42.23,42.23,42.23,100,0
2017-03-06,16:10:00,42.339,42.339,42.339,42.339,100,0
2017-03-06,16:15:00,42.369,42.369,42.369,42.369,100,0
2017-03-06,16:30:00,42.685,42.685,42.685,42.685,197,0
2017-03-06,16:45:00,42.359,42.359,42.359,42.359,100,0
2017-03-06,18:25:00,42.224,42.224,42.224,42.224,150,0
2017-03-06,18:45:00,42.359,42.359,42.359,42.359,100,0
2017-03-08,20:45:00,42.205,42.205,42.205,42.205,601,0
2017-03-09,20:40:00,42.335,42.335,42.335,42.335,810,0
2017-03-10,15:35:00,42.459,42.459,42.459,42.459,100,0
2017-03-10,21:35:00,43.108,43.108,43.098,43.098,17553,0
2017-03-13,14:35:00,42.719,42.719,42.719,42.719,100,0
2017-03-13,15:05:00,43.161,43.161,43.133,43.133,200,0
2017-03-13,16:00:00,43.044,43.108,43.044,43.108,200,0
2017-03-13,16:20:00,43.057,43.126,43.057,43.126,501,0
2017-03-13,17:10:00,43.128,43.128,43.128,43.128,301,0
2017-03-13,17:40:00,43.184,43.184,42.769,42.769,220,0
2017-03-13,19:05:00,42.719,42.719,42.669,42.669,351,0
2017-03-13,19:45:00,42.652,42.652,42.652,42.652,117,0
2017-03-13,20:40:00,43.248,43.248,43.174,43.238,739,0
2017-03-14,14:35:00,43.308,43.308,43.308,43.308,100,0
2017-03-14,14:50:00,43.337,43.397,43.337,43.397,200,0
2017-03-14,18:35:00,43.018,43.018,43.018,43.018,200,0
2017-03-14,20:25:00,43.113,43.113,43.113,43.113,200,0
2017-03-15,14:35:00,43.517,43.517,43.517,43.517,183,0
2017-03-15,19:10:00,43.537,43.537,43.537,43.537,601,0
2017-03-15,20:55:00,43.818,44.051,43.818,44.051,689,0
2017-03-16,14:35:00,44.156,44.156,44.116,44.116,320,0
2017-03-16,16:30:00,43.587,43.587,43.587,43.587,100,0
2017-03-16,19:45:00,43.577,43.577,43.577,43.577,100,0
2017-03-16,20:40:00,43.565,43.876,43.565,43.876,1503,0
2017-03-16,21:00:00,43.797,43.797,43.797,43.797,100,0
2017-03-17,19:25:00,44.209,44.209,44.209,44.209,200,0
2017-03-17,19:40:00,44.045,44.045,44.045,44.045,170,0
2017-03-20,15:35:00,43.926,43.926,43.926,43.926,100,0
2017-03-21,16:10:00,43.268,43.268,43.268,43.268,100,0
2017-03-21,16:30:00,43.173,43.173,43.173,43.173,1002,0
2017-03-21,17:20:00,43.587,43.587,43.587,43.587,281,0
2017-03-21,20:45:00,43.228,43.228,43.228,43.228,100,0
2017-03-22,14:35:00,42.86,42.86,42.86,42.86,500,0
2017-03-22,16:20:00,42.94,42.94,42.94,42.94,100,0
2017-03-22,17:35:00,42.75,42.75,42.75,42.75,120,0
2017-03-22,17:45:00,42.8946,42.8946,42.8946,42.8946,120,0
2017-03-23,15:25:00,42.61,42.61,42.5792,42.5792,210,0
2017-03-23,16:00:00,42.75,42.75,42.75,42.75,290,0
2017-03-23,16:05:00,42.89,42.89,42.75,42.75,200,0
2017-03-23,20:35:00,42.73,42.73,42.73,42.73,100,0
2017-03-27,15:35:00,42.9,42.9,42.4,42.4,334,0
2017-03-27,20:05:00,42.4937,42.4937,42.4937,42.4937,100,0
2017-03-27,21:00:00,42.7661,42.8299,42.7661,42.8,806,0
2017-03-27,21:30:00,42.6735,42.6735,42.6735,42.6735,100,0
2017-03-27,21:55:00,42.6652,42.6652,42.6652,42.6652,100,0
2017-03-28,19:55:00,43,43,43,43,220,0
2017-03-29,21:25:00,43.2,43.2,43.2,43.2,100,0
2017-03-29,21:40:00,43.2695,43.2695,43.2695,43.2695,127,0
2017-03-29,21:50:00,43.3147,43.3147,43.3147,43.3147,105,0
2017-03-31,18:20:00,43.0008,43.0008,43.0008,43.0008,135,0
2017-04-03,16:35:00,42.91,42.91,42.91,42.91,200,0
2017-04-03,16:50:00,42.88,42.885,42.8,42.85,3900,0
2017-04-03,18:30:00,42.5061,42.5061,42.5061,42.5061,100,0
2017-04-03,19:40:00,42.17,42.17,42.17,42.17,795,0
2017-04-03,21:00:00,42.62,42.65,42.62,42.65,255,0
2017-04-03,21:20:00,42.3134,42.3134,42.3134,42.3134,171,0
2017-04-03,21:35:00,42.655,42.69,42.55,42.66,8747,0
2017-04-03,21:55:00,42.56,42.56,42.56,42.56,100,0
2017-04-04,18:10:00,42.42,42.42,42.42,42.42,600,0
2017-04-05,21:25:00,42.5638,42.5638,42.5,42.5,312,0
2017-04-05,21:30:00,42.065,42.065,42.065,42.065,351,0
2017-04-06,21:15:00,42.06,42.1861,42.06,42.1461,422,0
2017-04-06,21:20:00,42.42,42.42,42.42,42.42,216,0
2017-04-10,15:35:00,42.33,42.33,42.33,42.33,100,0
2017-04-10,16:55:00,42.78,42.78,42.78,42.78,179,0
2017-04-10,20:10:00,42.6599,42.6599,42.6599,42.6599,211,0
2017-04-10,20:45:00,42.7099,42.7099,42.7099,42.7099,179,0
2017-04-13,21:35:00,42.3724,42.3724,42.3724,42.3724,100,0
2017-04-17,16:20:00,42.38,42.38,42.38,42.38,999,0
2017-04-17,17:30:00,42.6056,42.6056,42.6056,42.6056,263,0
2017-04-17,18:50:00,42.47,42.47,42.47,42.47,100,0
2017-04-17,21:45:00,42.769,42.769,42.769,42.769,317,0
2017-04-17,21:50:00,43.07,43.07,43.07,43.07,378,0
2017-04-17,21:55:00,42.9093,42.9093,42.9093,42.9093,122,0
2017-04-18,15:35:00,43.09,43.09,43.09,43.09,100,0
2017-04-18,17:35:00,43.3454,43.3454,43.3454,43.3454,500,0
2017-04-18,22:00:00,43.08,43.08,43,43,200,0
2017-04-19,17:10:00,43.2335,43.2335,43.2335,43.2335,120,0
2017-04-19,18:35:00,43.1436,43.1436,43.1436,43.1436,650,0
2017-04-19,19:40:00,42.86,42.86,42.86,42.86,100,0
2017-04-19,21:10:00,42.8,42.8,42.8,42.8,652,0
2017-04-20,19:40:00,42.9568,42.9568,42.9568,42.9568,300,0
2017-04-20,21:10:00,43.19,43.19,43.19,43.19,1901,0
2017-04-21,18:55:00,42.6703,42.6703,42.6703,42.6703,150,0
2017-04-21,20:15:00,42.562,42.562,42.562,42.562,339,0
2017-04-21,21:50:00,42.5091,42.5091,42.5091,42.5091,312,0
2017-04-24,16:15:00,43.01,43.1145,43.002,43.002,1926,0
2017-04-24,18:30:00,43.3153,43.3153,43.3153,43.3153,200,0
2017-04-25,15:35:00,43.8599,43.8599,43.8599,43.8599,100,0
2017-04-25,16:05:00,43.5883,43.5883,43.5883,43.5883,100,0
2017-04-25,17:35:00,43.7271,43.7271,43.7271,43.7271,115,0
2017-04-25,19:55:00,43.7497,43.975,43.7497,43.8236,725,0
2017-04-25,20:50:00,43.7434,43.7434,43.7434,43.7434,141,0
2017-04-25,21:15:00,43.7613,43.7613,43.7613,43.7613,204,0
2017-04-25,22:00:00,43.8,43.8283,43.8,43.8283,759,0
2017-04-26,15:35:00,44.8,44.8,44.8,44.8,100,0
2017-04-26,17:15:00,43.327,43.327,43.327,43.327,200,0
2017-04-26,18:35:00,43.3852,43.3852,43.3852,43.3852,260,0
2017-04-26,20:15:00,43.12,43.2215,43.12,43.2215,228,0
2017-04-26,22:00:00,43.29,43.29,43.29,43.29,199,0
