Date,Time,Open,High,Low,Close,Volume,OpenInt
2017-03-30,15:35:00,18.36,18.45,18.285,18.285,2071,0
2017-03-30,15:40:00,18.43,18.43,18.245,18.245,400,0
2017-03-30,15:45:00,18.24,18.24,18.22,18.22,500,0
2017-03-30,15:50:00,18.21,18.24,18.21,18.24,900,0
2017-03-30,15:55:00,18.2499,18.25,18.2393,18.24,600,0
2017-03-30,16:00:00,18.23,18.25,18.23,18.24,400,0
2017-03-30,16:05:00,18.23,18.23,18.2142,18.2299,550,0
2017-03-30,16:10:00,18.2299,18.24,18.2299,18.24,1800,0
2017-03-30,16:15:00,18.26,18.26,18.25,18.26,500,0
2017-03-30,16:20:00,18.26,18.27,18.2499,18.26,800,0
2017-03-30,16:25:00,18.27,18.27,18.26,18.2619,1503,0
2017-03-30,16:30:00,18.28,18.28,18.28,18.28,400,0
2017-03-30,16:35:00,18.28,18.3,18.27,18.3,2323,0
2017-03-30,16:40:00,18.2721,18.32,18.2721,18.3,5290,0
2017-03-30,16:45:00,18.31,18.31,18.3,18.3,300,0
2017-03-30,16:50:00,18.31,18.32,18.3,18.3,400,0
2017-03-30,16:55:00,18.29,18.3,18.28,18.2986,500,0
2017-03-30,17:00:00,18.31,18.33,18.31,18.32,1400,0
2017-03-30,17:05:00,18.33,18.33,18.32,18.32,400,0
2017-03-30,17:10:00,18.32,18.33,18.32,18.32,300,0
2017-03-30,17:15:00,18.32,18.32,18.32,18.32,300,0
2017-03-30,17:20:00,18.39,18.39,18.38,18.39,4500,0
2017-03-30,17:25:00,18.39,18.4,18.3899,18.4,300,0
2017-03-30,17:30:00,18.4,18.41,18.39,18.3985,400,0
2017-03-30,17:35:00,18.38,18.39,18.38,18.39,300,0
2017-03-30,17:40:00,18.39,18.4,18.39,18.39,500,0
2017-03-30,17:45:00,18.39,18.39,18.38,18.38,400,0
2017-03-30,17:50:00,18.3885,18.39,18.38,18.39,300,0
2017-03-30,17:55:00,18.39,18.39,18.38,18.38,300,0
2017-03-30,18:00:00,18.38,18.39,18.38,18.38,400,0
2017-03-30,18:05:00,18.36,18.36,18.35,18.36,1400,0
2017-03-30,18:10:00,18.37,18.3799,18.37,18.3799,300,0
2017-03-30,18:15:00,18.37,18.37,18.35,18.35,500,0
2017-03-30,18:20:00,18.34,18.34,18.33,18.33,300,0
2017-03-30,18:25:00,18.34,18.34,18.33,18.34,500,0
2017-03-30,18:30:00,18.34,18.35,18.34,18.35,300,0
2017-03-30,18:35:00,18.34,18.35,18.34,18.35,400,0
2017-03-30,18:40:00,18.3499,18.3499,18.3399,18.3399,300,0
2017-03-30,18:45:00,18.3264,18.34,18.3264,18.33,725,0
2017-03-30,18:50:00,18.34,18.34,18.33,18.34,300,0
2017-03-30,18:55:00,18.3299,18.34,18.32,18.34,600,0
2017-03-30,19:00:00,18.3399,18.35,18.3399,18.35,400,0
2017-03-30,19:05:00,18.34,18.34,18.3399,18.3399,400,0
2017-03-30,19:10:00,18.3462,18.35,18.3385,18.3385,3375,0
2017-03-30,19:15:00,18.35,18.35,18.35,18.35,2800,0
2017-03-30,19:20:00,18.38,18.38,18.37,18.37,400,0
2017-03-30,19:25:00,18.37,18.38,18.37,18.38,400,0
2017-03-30,19:30:00,18.38,18.38,18.3781,18.3799,300,0
2017-03-30,19:35:00,18.38,18.38,18.3785,18.38,500,0
2017-03-30,19:40:00,18.3799,18.38,18.3699,18.3699,300,0
2017-03-30,19:45:00,18.38,18.39,18.38,18.39,400,0
2017-03-30,19:50:00,18.38,18.38,18.38,18.38,400,0
2017-03-30,19:55:00,18.39,18.39,18.39,18.39,400,0
2017-03-30,20:00:00,18.39,18.3985,18.39,18.3985,400,0
2017-03-30,20:05:00,18.4,18.4,18.4,18.4,200,0
2017-03-30,20:10:00,18.4,18.41,18.4,18.41,1010,0
2017-03-30,20:15:00,18.4085,18.43,18.4085,18.43,500,0
2017-03-30,20:20:00,18.43,18.44,18.43,18.44,500,0
2017-03-30,20:25:00,18.44,18.44,18.38,18.41,4125,0
2017-03-30,20:30:00,18.41,18.4299,18.37,18.37,1200,0
2017-03-30,20:35:00,18.4099,18.42,18.4099,18.42,200,0
2017-03-30,20:40:00,18.41,18.42,18.41,18.42,500,0
2017-03-30,20:45:00,18.41,18.41,18.4,18.4,300,0
2017-03-30,20:50:00,18.41,18.41,18.4,18.4,400,0
2017-03-30,20:55:00,18.3999,18.41,18.3999,18.41,300,0
2017-03-30,21:00:00,18.41,18.42,18.3981,18.42,1516,0
2017-03-30,21:05:00,18.42,18.42,18.41,18.41,400,0
2017-03-30,21:10:00,18.41,18.41,18.41,18.41,300,0
2017-03-30,21:15:00,18.41,18.41,18.38,18.4,1600,0
2017-03-30,21:20:00,18.4,18.4,18.36,18.38,1000,0
2017-03-30,21:25:00,18.38,18.39,18.35,18.38,1654,0
2017-03-30,21:30:00,18.38,18.39,18.3735,18.39,2300,0
2017-03-30,21:35:00,18.39,18.4,18.39,18.4,500,0
2017-03-30,21:40:00,18.3999,18.41,18.3999,18.4,500,0
2017-03-30,21:45:00,18.4,18.41,18.39,18.4,1700,0
2017-03-30,21:50:00,18.4,18.41,18.3999,18.3999,300,0
2017-03-30,21:55:00,18.4,18.42,18.39,18.42,3625,0
2017-03-30,22:00:00,18.42,18.43,18.42,18.43,3500,0
2017-03-31,15:35:00,18.43,18.43,18.43,18.43,1164,0
2017-03-31,15:55:00,18.3468,18.3468,18.3468,18.3468,100,0
2017-03-31,16:05:00,18.4,18.4,18.4,18.4,100,0
2017-03-31,16:10:00,18.39,18.39,18.39,18.39,200,0
2017-03-31,16:20:00,18.442,18.442,18.442,18.442,952,0
2017-03-31,16:40:00,18.4,18.41,18.4,18.41,200,0
2017-03-31,17:40:00,18.3886,18.3886,18.3886,18.3886,1100,0
2017-03-31,17:50:00,18.4028,18.4028,18.4028,18.4028,379,0
2017-03-31,18:40:00,18.4454,18.4454,18.436,18.436,5300,0
2017-03-31,18:45:00,18.4541,18.4562,18.43,18.44,6890,0
2017-03-31,18:55:00,18.4281,18.4281,18.4281,18.4281,500,0
2017-03-31,19:25:00,18.4317,18.4317,18.4317,18.4317,1170,0
2017-03-31,19:35:00,18.47,18.47,18.47,18.47,200,0
2017-03-31,20:05:00,18.4934,18.5,18.4854,18.5,3799,0
2017-03-31,20:25:00,18.54,18.54,18.54,18.54,405,0
2017-03-31,20:35:00,18.493,18.493,18.493,18.493,373,0
2017-03-31,21:00:00,18.5228,18.5228,18.5228,18.5228,680,0
2017-03-31,22:00:00,18.54,18.54,18.52,18.52,756,0
2017-04-03,15:35:00,18.54,18.55,18.4855,18.4855,2241,0
2017-04-03,15:40:00,18.52,18.5499,18.52,18.5499,300,0
2017-04-03,15:45:00,18.52,18.52,18.5199,18.5199,300,0
2017-04-03,15:50:00,18.51,18.51,18.5099,18.5099,300,0
2017-04-03,15:55:00,18.51,18.52,18.4848,18.4972,770,0
2017-04-03,16:00:00,18.51,18.51,18.4801,18.4801,550,0
2017-04-03,16:05:00,18.52,18.52,18.48,18.48,1000,0
2017-04-03,16:15:00,18.47,18.52,18.47,18.52,700,0
2017-04-03,16:20:00,18.53,18.53,18.53,18.53,300,0
2017-04-03,16:25:00,18.5299,18.5299,18.5299,18.5299,300,0
2017-04-03,16:30:00,18.53,18.53,18.53,18.53,300,0
2017-04-03,16:35:00,18.5111,18.5499,18.5111,18.5499,840,0
2017-04-03,16:40:00,18.5499,18.5499,18.5499,18.5499,300,0
2017-04-03,16:45:00,18.5499,18.5499,18.5499,18.5499,300,0
2017-04-03,16:55:00,18.54,18.54,18.54,18.54,300,0
2017-04-03,17:00:00,18.4899,18.4899,18.47,18.47,400,0
2017-04-03,17:05:00,18.4499,18.4499,18.4499,18.4499,300,0
2017-04-03,17:10:00,18.4306,18.44,18.43,18.43,530,0
2017-04-03,17:15:00,18.45,18.45,18.45,18.45,300,0
2017-04-03,17:20:00,18.4499,18.4499,18.4499,18.4499,300,0
2017-04-03,17:25:00,18.45,18.45,18.45,18.45,300,0
2017-04-03,17:30:00,18.44,18.44,18.44,18.44,100,0
2017-04-03,17:35:00,18.44,18.44,18.44,18.44,300,0
2017-04-03,17:40:00,18.44,18.44,18.44,18.44,300,0
2017-04-03,17:45:00,18.45,18.45,18.45,18.45,300,0
2017-04-03,17:50:00,18.415,18.415,18.4094,18.4094,1345,0
2017-04-03,17:55:00,18.4499,18.4499,18.4499,18.4499,300,0
2017-04-03,18:00:00,18.4499,18.4499,18.4499,18.4499,300,0
2017-04-03,18:05:00,18.4329,18.4329,18.4329,18.4329,100,0
2017-04-03,18:10:00,18.4499,18.4499,18.43,18.43,400,0
2017-04-03,18:15:00,18.44,18.44,18.44,18.44,300,0
2017-04-03,18:25:00,18.45,18.45,18.45,18.45,300,0
2017-04-03,18:30:00,18.45,18.45,18.45,18.45,300,0
2017-04-03,18:40:00,18.4499,18.45,18.4499,18.45,400,0
2017-04-03,18:45:00,18.48,18.48,18.4799,18.4799,300,0
2017-04-03,18:55:00,18.47,18.47,18.47,18.47,100,0
2017-04-03,19:00:00,18.4699,18.4699,18.455,18.455,700,0
2017-04-03,19:05:00,18.44,18.44,18.43,18.43,1100,0
2017-04-03,19:10:00,18.44,18.44,18.44,18.44,600,0
2017-04-03,19:15:00,18.45,18.45,18.45,18.45,500,0
2017-04-03,19:20:00,18.46,18.46,18.45,18.45,300,0
2017-04-03,19:25:00,18.455,18.4575,18.45,18.4575,2000,0
2017-04-03,19:30:00,18.4575,18.46,18.4575,18.46,700,0
2017-04-03,19:35:00,18.47,18.47,18.46,18.46,700,0
2017-04-03,19:40:00,18.48,18.48,18.48,18.48,200,0
2017-04-03,19:45:00,18.45,18.45,18.45,18.45,500,0
2017-04-03,19:50:00,18.4372,18.45,18.4362,18.4362,4122,0
2017-04-03,19:55:00,18.44,18.46,18.44,18.46,700,0
2017-04-03,20:00:00,18.46,18.4675,18.46,18.4675,1100,0
2017-04-03,20:05:00,18.47,18.4812,18.44,18.44,21151,0
2017-04-03,20:20:00,18.4699,18.4699,18.45,18.45,1000,0
2017-04-03,20:25:00,18.44,18.44,18.43,18.43,7800,0
2017-04-03,20:30:00,18.41,18.41,18.41,18.41,200,0
2017-04-03,20:35:00,18.4247,18.4247,18.4247,18.4247,1134,0
2017-04-03,20:45:00,18.46,18.46,18.42,18.42,14000,0
2017-04-03,20:55:00,18.43,18.43,18.43,18.43,400,0
2017-04-03,21:05:00,18.4499,18.46,18.4499,18.46,200,0
2017-04-03,21:10:00,18.4599,18.4599,18.4599,18.4599,400,0
2017-04-03,21:15:00,18.43,18.44,18.43,18.43,10509,0
2017-04-03,21:25:00,18.47,18.47,18.47,18.47,200,0
2017-04-03,21:30:00,18.47,18.48,18.47,18.4799,300,0
2017-04-03,21:35:00,18.49,18.49,18.4799,18.4799,600,0
2017-04-03,21:40:00,18.47,18.47,18.4699,18.4699,300,0
2017-04-03,21:45:00,18.4699,18.4699,18.4499,18.4499,600,0
2017-04-03,21:50:00,18.45,18.4599,18.45,18.4599,600,0
2017-04-03,21:55:00,18.45,18.45,18.4356,18.4499,1120,0
2017-04-03,22:00:00,18.45,18.45,18.43,18.44,2300,0
2017-04-04,15:35:00,18.59,18.59,18.59,18.59,1193,0
2017-04-04,15:50:00,18.545,18.55,18.545,18.55,500,0
2017-04-04,16:20:00,18.55,18.56,18.53,18.55,5140,0
2017-04-04,16:35:00,18.5114,18.5114,18.5114,18.5114,1000,0
2017-04-04,16:40:00,18.56,18.56,18.56,18.56,500,0
2017-04-04,16:50:00,18.55,18.55,18.54,18.55,1400,0
2017-04-04,17:05:00,18.6,18.6,18.6,18.6,1250,0
2017-04-04,17:20:00,18.605,18.605,18.605,18.605,202,0
2017-04-04,17:35:00,18.6775,18.6775,18.6775,18.6775,600,0
2017-04-04,17:45:00,18.662,18.662,18.662,18.662,100,0
2017-04-04,17:55:00,18.6607,18.6607,18.6607,18.6607,1084,0
2017-04-04,18:00:00,18.678,18.678,18.678,18.678,157,0
2017-04-04,18:10:00,18.68,18.68,18.68,18.68,556,0
2017-04-04,18:15:00,18.7,18.71,18.7,18.71,800,0
2017-04-04,18:20:00,18.701,18.701,18.701,18.701,500,0
2017-04-04,18:55:00,18.72,18.72,18.72,18.72,680,0
2017-04-04,20:55:00,18.7165,18.7165,18.7165,18.7165,700,0
2017-04-04,21:20:00,18.697,18.697,18.697,18.697,984,0
2017-04-04,21:40:00,18.6968,18.7,18.6968,18.7,1300,0
2017-04-04,21:45:00,18.69,18.69,18.69,18.69,230,0
2017-04-04,21:50:00,18.68,18.68,18.68,18.68,300,0
2017-04-04,22:00:00,18.7,18.7,18.67,18.67,1836,0
2017-04-05,15:35:00,18.86,18.8848,18.86,18.8848,4548,0
2017-04-05,15:40:00,18.9,18.9,18.9,18.9,500,0
2017-04-05,15:50:00,18.9133,18.9286,18.9,18.9286,2800,0
2017-04-05,15:55:00,18.9148,18.9148,18.9148,18.9148,2050,0
2017-04-05,16:05:00,18.913,18.913,18.913,18.913,200,0
2017-04-05,16:10:00,18.9397,18.96,18.92,18.92,5150,0
2017-04-05,16:15:00,18.9699,18.9699,18.91,18.91,1400,0
2017-04-05,16:20:00,18.92,18.92,18.91,18.92,1031,0
2017-04-05,16:35:00,18.7744,18.8199,18.77,18.79,2800,0
2017-04-05,16:40:00,18.7899,18.7899,18.7899,18.7899,1050,0
2017-04-05,16:45:00,18.7728,18.7728,18.7728,18.7728,120,0
2017-04-05,16:50:00,18.7821,18.7821,18.7821,18.7821,5200,0
2017-04-05,16:55:00,18.7455,18.77,18.734,18.7693,8200,0
2017-04-05,17:00:00,18.7401,18.7401,18.7401,18.7401,120,0
2017-04-05,17:10:00,18.72,18.72,18.7,18.7,3150,0
2017-04-05,17:15:00,18.72,18.72,18.71,18.71,400,0
2017-04-05,17:20:00,18.71,18.71,18.71,18.71,100,0
2017-04-05,17:25:00,18.65,18.65,18.6175,18.6228,1980,0
2017-04-05,17:35:00,18.72,18.72,18.72,18.72,100,0
2017-04-05,17:50:00,18.738,18.738,18.738,18.738,1500,0
2017-04-05,17:55:00,18.755,18.755,18.755,18.755,450,0
2017-04-05,19:15:00,18.7,18.7,18.7,18.7,450,0
2017-04-05,19:30:00,18.7234,18.7234,18.7234,18.7234,200,0
2017-04-05,20:55:00,18.68,18.68,18.68,18.68,1800,0
2017-04-05,21:50:00,18.61,18.61,18.61,18.61,551,0
2017-04-05,21:55:00,18.6522,18.6522,18.6522,18.6522,203,0
2017-04-05,22:00:00,18.66,18.66,18.6225,18.64,1700,0
2017-04-06,15:35:00,18.9,18.9,18.9,18.9,535,0
2017-04-06,16:15:00,18.8434,18.8434,18.8434,18.8434,200,0
2017-04-06,16:35:00,18.89,18.89,18.89,18.89,800,0
2017-04-06,16:45:00,18.871,18.871,18.871,18.871,200,0
2017-04-06,17:05:00,18.85,18.85,18.85,18.85,630,0
2017-04-06,17:15:00,18.87,18.87,18.87,18.87,300,0
2017-04-06,17:20:00,18.87,18.87,18.87,18.87,268,0
2017-04-06,17:25:00,18.86,18.86,18.86,18.86,100,0
2017-04-06,17:35:00,18.85,18.85,18.85,18.85,100,0
2017-04-06,17:40:00,18.8459,18.8459,18.8459,18.8459,1200,0
2017-04-06,18:10:00,18.9,18.9,18.9,18.9,100,0
2017-04-06,18:25:00,18.89,18.89,18.89,18.89,100,0
2017-04-06,18:55:00,18.9,18.9,18.9,18.9,200,0
2017-04-06,19:05:00,18.8999,18.9,18.8999,18.9,250,0
2017-04-06,19:20:00,18.9071,18.9284,18.9071,18.9284,450,0
2017-04-06,19:35:00,18.8837,18.8837,18.8837,18.8837,880,0
2017-04-06,20:00:00,18.89,18.89,18.89,18.89,100,0
2017-04-06,21:20:00,18.8501,18.8707,18.8501,18.8707,313,0
2017-04-06,21:30:00,18.8593,18.8593,18.8593,18.8593,105,0
2017-04-06,21:50:00,18.86,18.87,18.86,18.87,346,0
2017-04-06,21:55:00,18.8899,18.8899,18.8899,18.8899,4702,0
2017-04-07,15:35:00,18.95,18.95,18.95,18.95,3103,0
2017-04-07,15:40:00,18.957,18.96,18.9525,18.9525,315,0
2017-04-07,15:45:00,18.9556,18.9556,18.9556,18.9556,100,0
2017-04-07,15:50:00,18.95,18.95,18.95,18.95,100,0
2017-04-07,16:00:00,18.9201,18.93,18.9201,18.93,2300,0
2017-04-07,16:05:00,18.93,18.94,18.93,18.94,1000,0
2017-04-07,16:10:00,18.939,18.99,18.939,18.99,560,0
2017-04-07,16:20:00,19,19.03,19,19.01,1635,0
2017-04-07,16:25:00,19.0052,19.01,19.0052,19.01,800,0
2017-04-07,16:40:00,19.029,19.03,19.029,19.03,940,0
2017-04-07,16:50:00,19.001,19.001,19.001,19.001,113,0
2017-04-07,16:55:00,19.04,19.06,19.04,19.06,500,0
2017-04-07,17:05:00,18.972,19.01,18.972,19.01,5000,0
2017-04-07,17:10:00,18.99,18.99,18.99,18.99,400,0
2017-04-07,17:25:00,18.95,18.95,18.95,18.95,120,0
2017-04-07,17:40:00,18.99,19.01,18.99,19.01,300,0
2017-04-07,17:50:00,19.0253,19.04,19.0253,19.04,310,0
2017-04-07,18:00:00,19.0229,19.0229,19.0229,19.0229,100,0
2017-04-07,18:10:00,19.03,19.03,19.03,19.03,100,0
2017-04-07,18:40:00,19.02,19.02,19.02,19.02,100,0
2017-04-07,18:55:00,19.05,19.05,19.05,19.05,190,0
2017-04-07,19:00:00,19.05,19.05,19.05,19.05,300,0
2017-04-07,19:05:00,19.02,19.04,19.02,19.03,697,0
2017-04-07,19:10:00,19.03,19.03,19.03,19.03,300,0
2017-04-07,19:15:00,19.02,19.03,19,19,600,0
2017-04-07,19:20:00,19.03,19.03,19.03,19.03,100,0
2017-04-07,19:25:00,19.02,19.03,19.02,19.03,300,0
2017-04-07,19:30:00,19.02,19.02,19.01,19.02,300,0
2017-04-07,19:35:00,19.02,19.03,19.02,19.02,300,0
2017-04-07,19:40:00,19.0031,19.02,18.9977,19.02,2000,0
2017-04-07,19:45:00,19.02,19.02,19.02,19.02,300,0
2017-04-07,19:50:00,19.03,19.03,19.03,19.03,300,0
2017-04-07,19:55:00,19.03,19.03,19.03,19.03,300,0
2017-04-07,20:00:00,19.03,19.04,19.03,19.04,300,0
2017-04-07,20:05:00,19.03,19.03,19.02,19.02,400,0
2017-04-07,20:10:00,19.02,19.02,19.01,19.01,300,0
2017-04-07,20:15:00,19.01,19.01,19,19.01,400,0
2017-04-07,20:20:00,19,19.01,19,19.01,300,0
2017-04-07,20:25:00,19.01,19.04,19.01,19.04,594,0
2017-04-07,20:30:00,19.02,19.04,19.02,19.04,596,0
2017-04-07,20:35:00,19.04,19.04,19.03,19.03,400,0
2017-04-07,20:40:00,19.03,19.03,19.02,19.02,300,0
2017-04-07,20:45:00,19.02,19.03,19.01,19.02,400,0
2017-04-07,20:50:00,19.02,19.03,19.02,19.03,400,0
2017-04-07,20:55:00,19.03,19.03,19.02,19.02,300,0
2017-04-07,21:00:00,19.02,19.02,18.9997,19.02,880,0
2017-04-07,21:05:00,19.02,19.03,18.9901,19.03,4420,0
2017-04-07,21:10:00,19.03,19.04,19.03,19.03,300,0
2017-04-07,21:15:00,19.03,19.04,19.03,19.04,400,0
2017-04-07,21:20:00,19.03,19.03,19.03,19.03,300,0
2017-04-07,21:25:00,19.03,19.03,19.02,19.02,500,0
2017-04-07,21:30:00,19.02,19.02,19.02,19.02,400,0
2017-04-07,21:35:00,19.02,19.02,19.02,19.02,500,0
2017-04-07,21:40:00,19.03,19.03,19.02,19.02,500,0
2017-04-07,21:45:00,19.03,19.03,19.02,19.03,600,0
2017-04-07,21:50:00,19.03,19.04,19.03,19.03,600,0
2017-04-07,21:55:00,19.03,19.04,19.03,19.04,800,0
2017-04-07,22:00:00,19.04,19.04,19.02,19.02,4694,0
2017-04-10,15:35:00,19.14,19.18,18.66,19.08,4801,0
2017-04-10,15:40:00,19.1721,19.1721,18.66,19.09,420,0
2017-04-10,15:45:00,19.13,19.25,18.86,19.25,1500,0
2017-04-10,15:50:00,19.2,19.22,19.17,19.17,400,0
2017-04-10,15:55:00,19.16,19.16,19.155,19.155,400,0
2017-04-10,16:00:00,19.17,19.18,19.14,19.17,932,0
2017-04-10,16:05:00,19.17,19.17,19.17,19.17,200,0
2017-04-10,16:10:00,19.17,19.19,19.17,19.19,500,0
2017-04-10,16:15:00,19.17,19.17,19.17,19.17,100,0
2017-04-10,16:20:00,19.16,19.16,19.14,19.1587,900,0
2017-04-10,16:25:00,19.15,19.1813,19.15,19.17,2200,0
2017-04-10,16:30:00,19.17,19.1813,19.16,19.1813,2200,0
2017-04-10,16:35:00,19.19,19.2,19.17,19.1856,1900,0
2017-04-10,16:40:00,19.18,19.18,19.18,19.18,400,0
2017-04-10,16:45:00,19.2288,19.2288,19.2,19.2171,1200,0
2017-04-10,16:50:00,19.2,19.2389,19.2,19.21,1643,0
2017-04-10,16:55:00,19.2,19.24,19.2,19.24,600,0
2017-04-10,17:00:00,19.22,19.22,19.2,19.2,300,0
2017-04-10,17:05:00,19.2,19.2315,19.2,19.2315,650,0
2017-04-10,17:10:00,19.19,19.19,19.17,19.17,400,0
2017-04-10,17:15:00,19.1761,19.2061,19.17,19.19,800,0
2017-04-10,17:20:00,19.2107,19.2389,19.21,19.23,2150,0
2017-04-10,17:25:00,19.25,19.2589,19.23,19.23,800,0
2017-04-10,17:30:00,19.22,19.25,19.22,19.25,500,0
2017-04-10,17:35:00,19.257,19.257,19.22,19.22,1625,0
2017-04-10,17:40:00,19.22,19.22,19.22,19.22,300,0
2017-04-10,17:45:00,19.22,19.22,19.22,19.22,400,0
2017-04-10,17:50:00,19.21,19.22,19.21,19.22,200,0
2017-04-10,17:55:00,19.22,19.22,19.21,19.21,300,0
2017-04-10,18:00:00,19.2,19.21,19.2,19.21,300,0
2017-04-10,18:05:00,19.21,19.22,19.21,19.22,300,0
2017-04-10,18:10:00,19.22,19.22,19.22,19.22,300,0
2017-04-10,18:15:00,19.22,19.22,19.2,19.2,300,0
2017-04-10,18:20:00,19.19,19.21,19.19,19.21,300,0
2017-04-10,18:25:00,19.21,19.21,19.21,19.21,300,0
2017-04-10,18:30:00,19.2,19.21,19.2,19.21,300,0
2017-04-10,18:35:00,19.2,19.2,19.2,19.2,300,0
2017-04-10,18:40:00,19.2,19.2,19.18,19.18,300,0
2017-04-10,18:45:00,19.18,19.2,19.18,19.2,500,0
2017-04-10,18:50:00,19.2,19.2,19.2,19.2,100,0
2017-04-10,18:55:00,19.22,19.2238,19.21,19.21,1278,0
2017-04-10,19:00:00,19.21,19.21,19.2,19.2,300,0
2017-04-10,19:05:00,19.21,19.21,19.21,19.21,300,0
2017-04-10,19:10:00,19.21,19.21,19.21,19.21,300,0
2017-04-10,19:15:00,19.2,19.22,19.2,19.22,400,0
2017-04-10,19:20:00,19.21,19.21,19.21,19.21,200,0
2017-04-10,19:25:00,19.21,19.23,19.21,19.22,1600,0
2017-04-10,19:30:00,19.22,19.22,19.21,19.22,2300,0
2017-04-10,19:35:00,19.22,19.23,19.22,19.23,300,0
2017-04-10,19:40:00,19.23,19.25,19.23,19.25,200,0
2017-04-10,19:45:00,19.23,19.23,19.23,19.23,305,0
2017-04-10,19:50:00,19.23,19.23,19.23,19.23,300,0
2017-04-10,19:55:00,19.24,19.24,19.23,19.23,300,0
2017-04-10,20:00:00,19.23,19.24,19.23,19.24,300,0
2017-04-10,20:05:00,19.26,19.26,19.24,19.24,300,0
2017-04-10,20:10:00,19.24,19.24,19.23,19.24,300,0
2017-04-10,20:15:00,19.24,19.24,19.24,19.24,300,0
2017-04-10,20:20:00,19.24,19.26,19.24,19.26,400,0
2017-04-10,20:25:00,19.27,19.29,19.27,19.27,300,0
2017-04-10,20:30:00,19.27,19.31,19.27,19.31,477,0
2017-04-10,20:35:00,19.28,19.28,19.28,19.28,300,0
2017-04-10,20:40:00,19.28,19.28,19.27,19.27,300,0
2017-04-10,20:45:00,19.28,19.29,19.28,19.28,300,0
2017-04-10,20:50:00,19.28,19.28,19.28,19.28,300,0
2017-04-10,20:55:00,19.27,19.28,19.27,19.27,300,0
2017-04-10,21:00:00,19.27,19.27,19.27,19.27,300,0
2017-04-10,21:05:00,19.27,19.28,19.27,19.28,1500,0
2017-04-10,21:15:00,19.27,19.27,19.27,19.27,200,0
2017-04-10,21:20:00,19.26,19.27,19.26,19.26,400,0
2017-04-10,21:25:00,19.26,19.27,19.26,19.27,300,0
2017-04-10,21:30:00,19.294,19.294,19.27,19.27,1604,0
2017-04-10,21:35:00,19.27,19.27,19.27,19.27,300,0
2017-04-10,21:40:00,19.27,19.2999,19.27,19.27,3967,0
2017-04-10,21:45:00,19.27,19.27,19.27,19.27,300,0
2017-04-10,21:50:00,19.28,19.28,19.28,19.28,300,0
2017-04-10,21:55:00,19.28,19.29,19.28,19.28,300,0
2017-04-10,22:00:00,19.28,19.28,19.28,19.28,1679,0
2017-04-11,15:35:00,19.33,19.33,19.19,19.19,358,0
2017-04-11,15:40:00,19.2001,19.22,19.2001,19.22,2500,0
2017-04-11,15:45:00,19.22,19.22,19.22,19.22,300,0
2017-04-11,15:50:00,19.22,19.22,19.2101,19.22,1350,0
2017-04-11,15:55:00,19.22,19.2677,19.22,19.22,750,0
2017-04-11,16:00:00,19.22,19.2404,19.21,19.21,450,0
2017-04-11,16:05:00,19.22,19.22,19.22,19.22,400,0
2017-04-11,16:10:00,19.22,19.22,19.22,19.22,300,0
2017-04-11,16:15:00,19.22,19.22,19.21,19.21,300,0
2017-04-11,16:20:00,19.21,19.21,19.21,19.21,300,0
2017-04-11,16:25:00,19.21,19.21,19.2,19.2001,400,0
2017-04-11,16:30:00,19.2101,19.24,19.2101,19.2201,300,0
2017-04-11,16:35:00,19.2101,19.2256,19.19,19.19,599,0
2017-04-11,16:40:00,19.2,19.221,19.2,19.221,300,0
2017-04-11,16:45:00,19.2101,19.24,19.21,19.24,19350,0
2017-04-11,16:50:00,19.23,19.23,19.23,19.23,300,0
2017-04-11,16:55:00,19.2301,19.25,19.22,19.25,300,0
2017-04-11,17:00:00,19.22,19.2401,19.22,19.2401,300,0
2017-04-11,17:05:00,19.23,19.25,19.23,19.25,400,0
2017-04-11,17:10:00,19.23,19.2636,19.23,19.2636,800,0
2017-04-11,17:15:00,19.22,19.22,19.2,19.2,400,0
2017-04-11,17:20:00,19.2,19.2201,19.2,19.2201,400,0
2017-04-11,17:25:00,19.2201,19.23,19.2201,19.23,300,0
2017-04-11,17:30:00,19.23,19.23,19.23,19.23,300,0
2017-04-11,17:35:00,19.22,19.2201,19.22,19.2201,300,0
2017-04-11,17:40:00,19.23,19.26,19.23,19.26,500,0
2017-04-11,17:45:00,19.23,19.23,19.22,19.22,300,0
2017-04-11,17:50:00,19.22,19.2301,19.22,19.23,300,0
2017-04-11,17:55:00,19.23,19.23,19.221,19.221,300,0
2017-04-11,18:00:00,19.2489,19.2489,19.22,19.2301,500,0
2017-04-11,18:05:00,19.23,19.23,19.22,19.22,300,0
2017-04-11,18:10:00,19.22,19.24,19.22,19.24,400,0
2017-04-11,18:15:00,19.24,19.25,19.24,19.25,300,0
2017-04-11,18:20:00,19.24,19.26,19.24,19.26,300,0
2017-04-11,18:25:00,19.26,19.271,19.26,19.271,300,0
2017-04-11,18:30:00,19.27,19.33,19.26,19.33,600,0
2017-04-11,18:35:00,19.35,19.355,19.3401,19.355,300,0
2017-04-11,18:40:00,19.3549,19.36,19.34,19.34,400,0
2017-04-11,18:45:00,19.34,19.34,19.32,19.32,300,0
2017-04-11,18:50:00,19.32,19.33,19.32,19.32,300,0
2017-04-11,18:55:00,19.32,19.351,19.32,19.351,300,0
2017-04-11,19:00:00,19.35,19.35,19.33,19.33,400,0
2017-04-11,19:05:00,19.34,19.351,19.34,19.35,665,0
2017-04-11,19:10:00,19.36,19.36,19.3401,19.3401,1970,0
2017-04-11,19:15:00,19.341,19.341,19.34,19.34,300,0
2017-04-11,19:20:00,19.34,19.34,19.34,19.34,300,0
2017-04-11,19:25:00,19.34,19.34,19.34,19.34,400,0
2017-04-11,19:30:00,19.34,19.3501,19.34,19.3501,300,0
2017-04-11,19:35:00,19.3501,19.3501,19.34,19.3501,300,0
2017-04-11,19:40:00,19.35,19.35,19.34,19.35,300,0
2017-04-11,19:45:00,19.3501,19.3501,19.34,19.3501,400,0
2017-04-11,19:50:00,19.36,19.36,19.35,19.35,300,0
2017-04-11,19:55:00,19.35,19.35,19.34,19.34,300,0
2017-04-11,20:00:00,19.34,19.34,19.34,19.34,300,0
2017-04-11,20:05:00,19.3501,19.3501,19.34,19.3501,300,0
2017-04-11,20:10:00,19.3445,19.3501,19.3445,19.35,500,0
2017-04-11,20:15:00,19.37,19.37,19.361,19.361,200,0
2017-04-11,20:20:00,19.36,19.39,19.36,19.37,400,0
2017-04-11,20:25:00,19.383,19.383,19.37,19.37,1250,0
2017-04-11,20:30:00,19.3801,19.42,19.3801,19.42,1750,0
2017-04-11,20:35:00,19.41,19.41,19.39,19.39,300,0
2017-04-11,20:40:00,19.39,19.39,19.38,19.3801,300,0
2017-04-11,20:45:00,19.38,19.38,19.37,19.37,300,0
2017-04-11,20:50:00,19.37,19.371,19.36,19.36,400,0
2017-04-11,20:55:00,19.36,19.36,19.36,19.36,300,0
2017-04-11,21:00:00,19.36,19.36,19.34,19.34,300,0
2017-04-11,21:05:00,19.35,19.36,19.35,19.35,300,0
2017-04-11,21:10:00,19.35,19.35,19.35,19.35,300,0
2017-04-11,21:15:00,19.35,19.35,19.34,19.34,300,0
2017-04-11,21:20:00,19.34,19.341,19.34,19.341,400,0
2017-04-11,21:25:00,19.34,19.34,19.32,19.32,300,0
2017-04-11,21:30:00,19.33,19.3371,19.32,19.337,818,0
2017-04-11,21:35:00,19.3201,19.33,19.32,19.33,300,0
2017-04-11,21:40:00,19.33,19.3506,19.33,19.34,1645,0
2017-04-11,21:45:00,19.3401,19.372,19.34,19.372,1840,0
2017-04-11,21:50:00,19.34,19.355,19.34,19.35,700,0
2017-04-11,21:55:00,19.35,19.36,19.35,19.351,300,0
2017-04-11,22:00:00,19.36,19.3601,19.35,19.35,1909,0
2017-04-12,15:35:00,19.48,19.48,19.31,19.36,2248,0
2017-04-12,15:40:00,19.43,19.47,19.37,19.47,2999,0
2017-04-12,15:45:00,19.41,19.41,19.39,19.39,200,0
2017-04-12,15:50:00,19.44,19.44,19.39,19.39,500,0
2017-04-12,15:55:00,19.43,19.43,19.42,19.42,200,0
2017-04-12,16:00:00,19.43,19.45,19.41,19.43,500,0
2017-04-12,16:05:00,19.45,19.45,19.41,19.41,500,0
2017-04-12,16:10:00,19.41,19.41,19.41,19.41,200,0
2017-04-12,16:15:00,19.42,19.43,19.42,19.425,300,0
2017-04-12,16:20:00,19.445,19.45,19.445,19.45,300,0
2017-04-12,16:25:00,19.43,19.45,19.43,19.45,700,0
2017-04-12,16:30:00,19.45,19.455,19.45,19.455,400,0
2017-04-12,16:35:00,19.46,19.52,19.43,19.47,34475,0
2017-04-12,16:40:00,19.47,19.47,19.435,19.435,200,0
2017-04-12,16:45:00,19.41,19.415,19.41,19.415,200,0
2017-04-12,16:50:00,19.375,19.4,19.375,19.4,600,0
2017-04-12,16:55:00,19.405,19.41,19.405,19.41,300,0
2017-04-12,17:00:00,19.425,19.435,19.425,19.435,1495,0
2017-04-12,17:05:00,19.44,19.455,19.44,19.455,300,0
2017-04-12,17:10:00,19.43,19.46,19.43,19.46,500,0
2017-04-12,17:15:00,19.445,19.445,19.425,19.425,400,0
2017-04-12,17:20:00,19.4,19.4128,19.395,19.4128,550,0
2017-04-12,17:25:00,19.425,19.43,19.41,19.41,900,0
2017-04-12,17:30:00,19.41,19.415,19.41,19.415,300,0
2017-04-12,17:35:00,19.4,19.42,19.4,19.42,500,0
2017-04-12,17:40:00,19.415,19.425,19.415,19.425,600,0
2017-04-12,17:45:00,19.415,19.415,19.415,19.415,200,0
2017-04-12,17:50:00,19.425,19.425,19.425,19.425,100,0
2017-04-12,17:55:00,19.42,19.42,19.37,19.37,300,0
2017-04-12,18:00:00,19.37,19.395,19.36,19.395,500,0
2017-04-12,18:05:00,19.36,19.36,19.36,19.36,300,0
2017-04-12,18:10:00,19.36,19.36,19.36,19.36,400,0
2017-04-12,18:15:00,19.36,19.39,19.35,19.35,300,0
2017-04-12,18:20:00,19.35,19.3915,19.35,19.35,2000,0
2017-04-12,18:25:00,19.32,19.32,19.32,19.32,300,0
2017-04-12,18:30:00,19.32,19.37,19.32,19.32,400,0
2017-04-12,18:35:00,19.37,19.37,19.32,19.32,300,0
2017-04-12,18:40:00,19.32,19.349,19.32,19.32,2200,0
2017-04-12,18:45:00,19.37,19.37,19.32,19.32,300,0
2017-04-12,18:50:00,19.32,19.37,19.32,19.32,400,0
2017-04-12,18:55:00,19.32,19.32,19.32,19.32,400,0
2017-04-12,19:00:00,19.37,19.37,19.32,19.32,300,0
2017-04-12,19:05:00,19.37,19.38,19.32,19.38,400,0
2017-04-12,19:10:00,19.32,19.32,19.32,19.32,300,0
2017-04-12,19:15:00,19.32,19.37,19.32,19.32,400,0
2017-04-12,19:20:00,19.37,19.37,19.32,19.32,400,0
2017-04-12,19:25:00,19.32,19.37,19.32,19.37,400,0
2017-04-12,19:30:00,19.32,19.37,19.32,19.37,700,0
2017-04-12,19:35:00,19.32,19.32,19.32,19.32,100,0
2017-04-12,19:40:00,19.36,19.37,19.32,19.37,2300,0
2017-04-12,19:45:00,19.32,19.37,19.32,19.37,400,0
2017-04-12,19:50:00,19.32,19.32,19.32,19.32,200,0
2017-04-12,19:55:00,19.32,19.37,19.32,19.37,400,0
2017-04-12,20:00:00,19.32,19.37,19.32,19.37,400,0
2017-04-12,20:05:00,19.32,19.35,19.32,19.35,500,0
2017-04-12,20:10:00,19.385,19.385,19.35,19.35,700,0
2017-04-12,20:15:00,19.385,19.385,19.36,19.36,5729,0
2017-04-12,20:20:00,19.36,19.36,19.34,19.34,300,0
2017-04-12,20:25:00,19.34,19.37,19.34,19.37,700,0
2017-04-12,20:30:00,19.36,19.37,19.36,19.37,500,0
2017-04-12,20:35:00,19.385,19.385,19.385,19.385,200,0
2017-04-12,20:40:00,19.37,19.385,19.36,19.36,1886,0
2017-04-12,20:45:00,19.33,19.33,19.31,19.31,400,0
2017-04-12,20:50:00,19.32,19.32,19.3,19.31,300,0
2017-04-12,20:55:00,19.3,19.31,19.29,19.3,1460,0
2017-04-12,21:00:00,19.3,19.3,19.29,19.29,400,0
2017-04-12,21:05:00,19.29,19.29,19.29,19.29,300,0
2017-04-12,21:10:00,19.3,19.3,19.29,19.29,635,0
2017-04-12,21:15:00,19.3,19.31,19.3,19.31,1000,0
2017-04-12,21:20:00,19.31,19.31,19.31,19.31,200,0
2017-04-12,21:25:00,19.32,19.33,19.32,19.33,400,0
2017-04-12,21:30:00,19.32,19.32,19.31,19.32,300,0
2017-04-12,21:35:00,19.33,19.33,19.32,19.32,400,0
2017-04-12,21:40:00,19.31,19.31,19.3,19.31,400,0
2017-04-12,21:45:00,19.31,19.32,19.31,19.32,574,0
2017-04-12,21:50:00,19.32,19.35,19.32,19.32,600,0
2017-04-12,21:55:00,19.32,19.33,19.32,19.33,500,0
2017-04-12,22:00:00,19.33,19.35,19.32,19.32,2860,0
2017-04-13,15:35:00,19.33,19.43,19.33,19.36,2258,0
2017-04-13,15:40:00,19.36,19.4,19.36,19.36,400,0
2017-04-13,15:45:00,19.36,19.36,19.36,19.36,600,0
2017-04-13,15:50:00,19.36,19.36,19.36,19.36,100,0
2017-04-13,15:55:00,19.36,19.42,19.36,19.42,797,0
2017-04-13,16:00:00,19.42,19.43,19.42,19.42,400,0
2017-04-13,16:05:00,19.43,19.4544,19.43,19.4544,800,0
2017-04-13,16:10:00,19.47,19.47,19.47,19.47,300,0
2017-04-13,16:15:00,19.47,19.47,19.47,19.47,200,0
2017-04-13,16:20:00,19.46,19.46,19.45,19.45,400,0
2017-04-13,16:25:00,19.44,19.44,19.44,19.44,300,0
2017-04-13,16:30:00,19.45,19.45,19.44,19.44,300,0
2017-04-13,16:35:00,19.44,19.45,19.43,19.45,300,0
2017-04-13,16:40:00,19.44,19.44,19.44,19.44,400,0
2017-04-13,16:45:00,19.43,19.45,19.43,19.45,300,0
2017-04-13,16:50:00,19.45,19.4572,19.45,19.45,400,0
2017-04-13,16:55:00,19.44,19.45,19.44,19.44,400,0
2017-04-13,17:00:00,19.43,19.43,19.37,19.37,300,0
2017-04-13,17:05:00,19.35,19.37,19.35,19.37,1600,0
2017-04-13,17:10:00,19.36,19.36,19.36,19.36,100,0
2017-04-13,17:15:00,19.34,19.35,19.34,19.35,300,0
2017-04-13,17:20:00,19.36,19.36,19.34,19.34,300,0
2017-04-13,17:25:00,19.33,19.35,19.33,19.35,500,0
2017-04-13,17:30:00,19.36,19.36,19.36,19.36,500,0
2017-04-13,17:35:00,19.36,19.37,19.36,19.36,400,0
2017-04-13,17:40:00,19.36,19.36,19.35,19.35,300,0
2017-04-13,17:45:00,19.36,19.36,19.33,19.33,400,0
2017-04-13,17:50:00,19.34,19.35,19.34,19.35,800,0
2017-04-13,17:55:00,19.32,19.32,19.32,19.32,100,0
2017-04-13,18:00:00,19.31,19.32,19.31,19.32,300,0
2017-04-13,18:05:00,19.32,19.32,19.31,19.31,400,0
2017-04-13,18:10:00,19.31,19.33,19.31,19.32,400,0
2017-04-13,18:15:00,19.32,19.33,19.32,19.32,300,0
2017-04-13,18:20:00,19.31,19.31,19.31,19.31,400,0
2017-04-13,18:25:00,19.32,19.32,19.31,19.31,300,0
2017-04-13,18:30:00,19.32,19.33,19.32,19.33,400,0
2017-04-13,18:35:00,19.3325,19.3325,19.32,19.33,1000,0
2017-04-13,18:40:00,19.32,19.33,19.32,19.32,400,0
2017-04-13,18:45:00,19.32,19.32,19.31,19.31,400,0
2017-04-13,18:50:00,19.3136,19.32,19.31,19.32,2402,0
2017-04-13,18:55:00,19.32,19.32,19.315,19.32,824,0
2017-04-13,19:05:00,19.34,19.34,19.34,19.34,300,0
2017-04-13,19:10:00,19.34,19.34,19.32,19.32,300,0
2017-04-13,19:15:00,19.32,19.33,19.32,19.33,400,0
2017-04-13,19:20:00,19.33,19.34,19.33,19.34,400,0
2017-04-13,19:25:00,19.34,19.34,19.34,19.34,300,0
2017-04-13,19:30:00,19.34,19.34,19.33,19.34,400,0
2017-04-13,19:35:00,19.33,19.34,19.33,19.34,600,0
2017-04-13,19:40:00,19.34,19.3444,19.34,19.3444,300,0
2017-04-13,19:45:00,19.34,19.34,19.33,19.34,400,0
2017-04-13,19:50:00,19.33,19.33,19.32,19.32,300,0
2017-04-13,19:55:00,19.31,19.34,19.31,19.33,600,0
2017-04-13,20:00:00,19.33,19.3336,19.325,19.3336,1400,0
2017-04-13,20:05:00,19.3369,19.35,19.3369,19.35,900,0
2017-04-13,20:10:00,19.37,19.37,19.37,19.37,100,0
2017-04-13,20:15:00,19.35,19.35,19.35,19.35,200,0
2017-04-13,20:20:00,19.36,19.36,19.36,19.36,900,0
2017-04-13,20:25:00,19.36,19.36,19.35,19.35,400,0
2017-04-13,20:30:00,19.36,19.4,19.36,19.4,1400,0
2017-04-13,20:35:00,19.4,19.4,19.4,19.4,200,0
2017-04-13,20:40:00,19.39,19.39,19.39,19.39,197,0
2017-04-13,20:45:00,19.39,19.4,19.39,19.39,400,0
2017-04-13,20:50:00,19.39,19.39,19.38,19.38,300,0
2017-04-13,20:55:00,19.39,19.402,19.39,19.402,990,0
2017-04-13,21:00:00,19.39,19.403,19.39,19.39,1100,0
2017-04-13,21:05:00,19.39,19.39,19.39,19.39,300,0
2017-04-13,21:10:00,19.39,19.39,19.38,19.39,400,0
2017-04-13,21:15:00,19.38,19.38,19.38,19.38,400,0
2017-04-13,21:20:00,19.38,19.38,19.37,19.37,400,0
2017-04-13,21:25:00,19.37,19.37,19.36,19.37,300,0
2017-04-13,21:30:00,19.37,19.3793,19.36,19.3793,1354,0
2017-04-13,21:35:00,19.39,19.39,19.35,19.35,700,0
2017-04-13,21:40:00,19.33,19.35,19.33,19.34,400,0
2017-04-13,21:45:00,19.34,19.34,19.34,19.34,300,0
2017-04-13,21:50:00,19.34,19.36,19.34,19.36,500,0
2017-04-13,21:55:00,19.36,19.3703,19.36,19.37,1600,0
2017-04-13,22:00:00,19.36,19.36,19.35,19.35,3451,0
2017-04-17,15:35:00,19.33,19.35,19.0391,19.0391,4941,0
2017-04-17,15:40:00,19.35,19.36,19.35,19.36,2000,0
2017-04-17,16:05:00,19.4,19.41,19.395,19.404,5846,0
2017-04-17,16:10:00,19.41,19.41,19.41,19.41,200,0
2017-04-17,16:20:00,19.401,19.401,19.401,19.401,100,0
2017-04-17,16:50:00,19.35,19.35,19.33,19.33,1710,0
2017-04-17,17:00:00,19.36,19.36,19.36,19.36,1000,0
2017-04-17,17:30:00,19.4031,19.4031,19.4031,19.4031,900,0
2017-04-17,17:50:00,19.36,19.36,19.36,19.36,100,0
2017-04-17,18:10:00,19.2807,19.2807,19.2807,19.2807,358,0
2017-04-17,18:15:00,19.319,19.319,19.319,19.319,600,0
2017-04-17,18:30:00,19.3,19.3,19.3,19.3,450,0
2017-04-17,18:55:00,19.2853,19.2853,19.2801,19.2801,1200,0
2017-04-17,19:15:00,19.3,19.3,19.3,19.3,100,0
2017-04-17,19:30:00,19.27,19.27,19.26,19.26,300,0
2017-04-17,19:40:00,19.294,19.294,19.294,19.294,280,0
2017-04-17,20:30:00,19.26,19.26,19.26,19.26,100,0
2017-04-17,20:45:00,19.29,19.29,19.29,19.29,483,0
2017-04-17,20:55:00,19.261,19.2736,19.26,19.2736,8300,0
2017-04-17,21:25:00,19.25,19.2562,19.25,19.2562,200,0
2017-04-17,22:00:00,19.26,19.29,19.26,19.29,377,0
2017-04-18,15:35:00,19.15,19.2,19.15,19.2,9377,0
2017-04-18,15:40:00,19.2,19.22,19.19,19.22,1500,0
2017-04-18,15:45:00,19.22,19.22,19.21,19.22,1100,0
2017-04-18,15:50:00,19.23,19.2501,19.23,19.2501,1500,0
2017-04-18,15:55:00,19.23,19.24,19.23,19.24,1100,0
2017-04-18,16:00:00,19.25,19.25,19.24,19.24,1200,0
2017-04-18,16:05:00,19.25,19.31,19.25,19.3,760,0
2017-04-18,16:10:00,19.29,19.3,19.29,19.3,1400,0
2017-04-18,16:15:00,19.32,19.32,19.28,19.2836,2400,0
2017-04-18,16:20:00,19.28,19.28,19.23,19.24,2067,0
2017-04-18,16:25:00,19.245,19.25,19.245,19.25,1000,0
2017-04-18,16:30:00,19.24,19.24,19.23,19.24,1000,0
2017-04-18,16:35:00,19.25,19.25,19.24,19.24,800,0
2017-04-18,16:40:00,19.22,19.23,19.2,19.23,1400,0
2017-04-18,16:45:00,19.22,19.22,19.22,19.22,700,0
2017-04-18,16:50:00,19.2,19.22,19.2,19.22,1200,0
2017-04-18,16:55:00,19.23,19.23,19.22,19.23,400,0
2017-04-18,17:00:00,19.24,19.24,19.24,19.24,1300,0
2017-04-18,17:05:00,19.24,19.25,19.19,19.19,1300,0
2017-04-18,17:10:00,19.2,19.21,19.2,19.21,400,0
2017-04-18,17:15:00,19.2296,19.23,19.21,19.22,2100,0
2017-04-18,17:20:00,19.23,19.235,19.22,19.22,400,0
2017-04-18,17:25:00,19.22,19.22,19.21,19.21,1400,0
2017-04-18,17:30:00,19.19,19.19,19.19,19.19,400,0
2017-04-18,17:35:00,19.16,19.17,19.12,19.13,2600,0
2017-04-18,17:40:00,19.11,19.12,19.11,19.12,200,0
2017-04-18,17:45:00,19.1,19.1,19.05,19.08,1700,0
2017-04-18,17:50:00,19.08,19.08,19.08,19.08,700,0
2017-04-18,17:55:00,19.07,19.09,19.07,19.09,400,0
2017-04-18,18:00:00,19.08,19.09,19.08,19.08,500,0
2017-04-18,18:05:00,19.08,19.12,19.07,19.12,2800,0
2017-04-18,18:15:00,19.1,19.1,19.1,19.1,300,0
2017-04-18,18:20:00,19.11,19.12,19.1,19.1,2100,0
2017-04-18,18:25:00,19.11,19.11,19.11,19.11,300,0
2017-04-18,18:30:00,19.12,19.1275,19.12,19.12,600,0
2017-04-18,18:35:00,19.12,19.13,19.12,19.13,2200,0
2017-04-18,18:40:00,19.13,19.13,19.12,19.13,400,0
2017-04-18,18:45:00,19.14,19.15,19.14,19.15,2100,0
2017-04-18,18:50:00,19.15,19.15,19.15,19.15,300,0
2017-04-18,18:55:00,19.16,19.17,19.16,19.16,400,0
2017-04-18,19:00:00,19.16,19.17,19.16,19.16,2000,0
2017-04-18,19:05:00,19.16,19.17,19.15,19.16,600,0
2017-04-18,19:10:00,19.14,19.14,19.14,19.14,1500,0
2017-04-18,19:15:00,19.15,19.15,19.15,19.15,1200,0
2017-04-18,19:20:00,19.16,19.1624,19.16,19.16,2030,0
2017-04-18,19:25:00,19.16,19.16,19.16,19.16,1600,0
2017-04-18,19:30:00,19.16,19.16,19.16,19.16,400,0
2017-04-18,19:35:00,19.16,19.19,19.16,19.19,2000,0
2017-04-18,19:40:00,19.2,19.22,19.2,19.22,800,0
2017-04-18,19:45:00,19.23,19.24,19.23,19.24,200,0
2017-04-18,19:50:00,19.23,19.24,19.23,19.24,1700,0
2017-04-18,19:55:00,19.23,19.23,19.22,19.22,400,0
2017-04-18,20:00:00,19.22,19.22,19.21,19.21,1800,0
2017-04-18,20:05:00,19.23,19.23,19.23,19.23,600,0
2017-04-18,20:10:00,19.23,19.23,19.2,19.21,700,0
2017-04-18,20:15:00,19.19,19.2,19.19,19.2,1800,0
2017-04-18,20:20:00,19.19,19.2,19.19,19.2,300,0
2017-04-18,20:25:00,19.21,19.21,19.2,19.2,1500,0
2017-04-18,20:30:00,19.2,19.2,19.15,19.16,1401,0
2017-04-18,20:35:00,19.18,19.18,19.18,19.18,700,0
2017-04-18,20:40:00,19.18,19.21,19.18,19.21,600,0
2017-04-18,20:45:00,19.21,19.21,19.2,19.2,1200,0
2017-04-18,20:50:00,19.2,19.21,19.2,19.21,1200,0
2017-04-18,20:55:00,19.21,19.22,19.21,19.22,800,0
2017-04-18,21:00:00,19.21,19.21,19.2,19.2,500,0
2017-04-18,21:05:00,19.2,19.2,19.19,19.19,2286,0
2017-04-18,21:10:00,19.19,19.2,19.19,19.2,2000,0
2017-04-18,21:15:00,19.191,19.2,19.18,19.2,2000,0
2017-04-18,21:20:00,19.2298,19.2298,19.19,19.2,818,0
2017-04-18,21:25:00,19.2001,19.22,19.2,19.22,1700,0
2017-04-18,21:30:00,19.21,19.21,19.2,19.2,700,0
2017-04-18,21:35:00,19.2086,19.21,19.19,19.2,2090,0
2017-04-18,21:40:00,19.2,19.21,19.2,19.21,1200,0
2017-04-18,21:45:00,19.21,19.2241,19.21,19.2241,1300,0
2017-04-18,21:50:00,19.22,19.22,19.21,19.21,1000,0
2017-04-18,21:55:00,19.22,19.22,19.2,19.2,2977,0
2017-04-18,22:00:00,19.2,19.22,19.2,19.21,3300,0
2017-04-19,15:35:00,19.24,19.24,19.18,19.18,652,0
2017-04-19,15:40:00,19.18,19.1901,19.18,19.1886,1200,0
2017-04-19,15:45:00,19.171,19.18,19.17,19.17,1200,0
2017-04-19,15:50:00,19.16,19.18,19.16,19.16,13250,0
2017-04-19,15:55:00,19.17,19.1701,19.17,19.1701,400,0
2017-04-19,16:00:00,19.21,19.21,19.16,19.16,1698,0
2017-04-19,16:05:00,19.17,19.19,19.17,19.19,500,0
2017-04-19,16:10:00,19.18,19.18,19.18,19.18,400,0
2017-04-19,16:15:00,19.17,19.18,19.17,19.17,600,0
2017-04-19,16:20:00,19.17,19.18,19.17,19.17,400,0
2017-04-19,16:25:00,19.15,19.15,19.14,19.14,600,0
2017-04-19,16:30:00,19.14,19.14,19.1001,19.12,1245,0
2017-04-19,16:35:00,19.13,19.18,19.11,19.1301,4300,0
2017-04-19,16:40:00,19.12,19.12,19.07,19.07,400,0
2017-04-19,16:45:00,19.1,19.1,19.0901,19.0901,400,0
2017-04-19,16:50:00,19.07,19.1,19.07,19.08,600,0
2017-04-19,16:55:00,19.085,19.09,19.08,19.0801,400,0
2017-04-19,17:00:00,19.08,19.08,19.05,19.05,500,0
2017-04-19,17:05:00,19.05,19.08,19.05,19.07,900,0
2017-04-19,17:10:00,19.0801,19.0801,19.07,19.07,400,0
2017-04-19,17:15:00,19.05,19.0801,19.05,19.0801,400,0
2017-04-19,17:20:00,19.0801,19.0801,19.06,19.06,500,0
2017-04-19,17:25:00,19.0701,19.0701,19.05,19.05,300,0
2017-04-19,17:30:00,19.05,19.05,19,19.0101,947,0
2017-04-19,17:35:00,19.01,19.01,19,19,1014,0
2017-04-19,17:40:00,18.9101,18.94,18.9101,18.94,300,0
2017-04-19,17:45:00,18.93,18.9359,18.92,18.92,1000,0
2017-04-19,17:50:00,18.9001,18.9168,18.9,18.9,1701,0
2017-04-19,17:55:00,18.9,18.9001,18.86,18.87,1108,0
2017-04-19,18:00:00,18.8401,18.85,18.83,18.83,400,0
2017-04-19,18:05:00,18.8201,18.8501,18.8201,18.8501,1540,0
2017-04-19,18:10:00,18.85,18.85,18.85,18.85,1700,0
2017-04-19,18:15:00,18.85,18.8601,18.85,18.8601,400,0
2017-04-19,18:20:00,18.8501,18.8601,18.8401,18.8401,548,0
2017-04-19,18:25:00,18.82,18.87,18.82,18.8601,400,0
2017-04-19,18:30:00,18.8601,18.8601,18.86,18.86,400,0
2017-04-19,18:35:00,18.86,18.88,18.86,18.87,400,0
2017-04-19,18:40:00,18.8801,18.8801,18.87,18.8801,600,0
2017-04-19,18:45:00,18.8701,18.8701,18.87,18.87,300,0
2017-04-19,18:50:00,18.87,18.87,18.86,18.861,500,0
2017-04-19,18:55:00,18.86,18.86,18.84,18.84,400,0
2017-04-19,19:00:00,18.84,18.851,18.84,18.85,500,0
2017-04-19,19:05:00,18.86,18.86,18.84,18.84,400,0
2017-04-19,19:10:00,18.84,18.851,18.83,18.83,500,0
2017-04-19,19:15:00,18.83,18.83,18.77,18.77,400,0
2017-04-19,19:20:00,18.76,18.76,18.73,18.73,600,0
2017-04-19,19:25:00,18.73,18.78,18.73,18.78,300,0
2017-04-19,19:30:00,18.75,18.75,18.74,18.75,500,0
2017-04-19,19:35:00,18.73,18.7401,18.73,18.73,400,0
2017-04-19,19:40:00,18.72,18.72,18.69,18.7,465,0
2017-04-19,19:45:00,18.68,18.68,18.66,18.66,500,0
2017-04-19,19:50:00,18.64,18.6401,18.63,18.6401,400,0
2017-04-19,19:55:00,18.6601,18.6601,18.62,18.62,400,0
2017-04-19,20:00:00,18.6101,18.6101,18.5401,18.5401,2249,0
2017-04-19,20:05:00,18.58,18.58,18.5,18.5,2500,0
2017-04-19,20:10:00,18.47,18.47,18.43,18.43,600,0
2017-04-19,20:15:00,18.41,18.42,18.41,18.42,300,0
2017-04-19,20:20:00,18.42,18.42,18.39,18.42,600,0
2017-04-19,20:25:00,18.42,18.43,18.35,18.43,500,0
2017-04-19,20:30:00,18.441,18.47,18.44,18.46,400,0
2017-04-19,20:35:00,18.47,18.4751,18.45,18.4751,1176,0
2017-04-19,20:40:00,18.4501,18.4601,18.45,18.4601,400,0
2017-04-19,20:45:00,18.47,18.47,18.46,18.47,500,0
2017-04-19,20:50:00,18.47,18.471,18.44,18.44,1040,0
2017-04-19,20:55:00,18.4414,18.45,18.42,18.45,1070,0
2017-04-19,21:00:00,18.44,18.451,18.44,18.45,400,0
2017-04-19,21:05:00,18.47,18.47,18.45,18.46,400,0
2017-04-19,21:10:00,18.45,18.46,18.45,18.46,500,0
2017-04-19,21:15:00,18.47,18.4856,18.47,18.48,900,0
2017-04-19,21:20:00,18.48,18.49,18.48,18.49,2590,0
2017-04-19,21:25:00,18.5,18.5,18.49,18.5,500,0
2017-04-19,21:30:00,18.5,18.5,18.5,18.5,400,0
2017-04-19,21:35:00,18.49,18.49,18.48,18.48,400,0
2017-04-19,21:40:00,18.491,18.491,18.48,18.48,400,0
2017-04-19,21:45:00,18.48,18.49,18.46,18.46,600,0
2017-04-19,21:50:00,18.45,18.46,18.45,18.46,400,0
2017-04-19,21:55:00,18.46,18.4926,18.46,18.47,980,0
2017-04-19,22:00:00,18.49,18.52,18.49,18.52,1880,0
2017-04-20,15:35:00,18.53,18.53,18.53,18.53,851,0
2017-04-20,15:40:00,18.478,18.5,18.478,18.5,1560,0
2017-04-20,15:45:00,18.472,18.4825,18.47,18.4825,1600,0
2017-04-20,16:00:00,18.48,18.4897,18.48,18.4897,545,0
2017-04-20,16:05:00,18.5,18.5069,18.49,18.49,2700,0
2017-04-20,16:20:00,18.595,18.595,18.58,18.58,1940,0
2017-04-20,16:25:00,18.6254,18.6254,18.6254,18.6254,1500,0
2017-04-20,16:55:00,18.5551,18.5551,18.5551,18.5551,1270,0
2017-04-20,17:00:00,18.525,18.525,18.52,18.52,2600,0
2017-04-20,17:05:00,18.49,18.5013,18.49,18.5013,1516,0
2017-04-20,17:20:00,18.43,18.43,18.42,18.42,700,0
2017-04-20,17:25:00,18.4101,18.4737,18.4101,18.4737,808,0
2017-04-20,17:35:00,18.51,18.52,18.51,18.518,900,0
2017-04-20,18:10:00,18.515,18.52,18.515,18.52,400,0
2017-04-20,18:15:00,18.5325,18.56,18.5325,18.56,2900,0
2017-04-20,18:20:00,18.56,18.565,18.54,18.54,3400,0
2017-04-20,18:55:00,18.4829,18.4829,18.4829,18.4829,465,0
2017-04-20,19:45:00,18.5,18.5,18.5,18.5,500,0
2017-04-20,19:55:00,18.49,18.49,18.49,18.49,2500,0
2017-04-20,20:30:00,18.4613,18.4613,18.46,18.46,315,0
2017-04-20,20:50:00,18.47,18.47,18.47,18.47,1000,0
2017-04-20,20:55:00,18.46,18.4669,18.46,18.462,700,0
2017-04-20,21:05:00,18.46,18.46,18.45,18.4501,306,0
2017-04-20,21:20:00,18.47,18.47,18.4664,18.47,2704,0
2017-04-20,21:40:00,18.45,18.45,18.4382,18.4382,2858,0
2017-04-20,22:00:00,18.42,18.46,18.415,18.45,2756,0
2017-04-21,15:35:00,18.48,18.48,18.44,18.44,702,0
2017-04-21,15:50:00,18.4098,18.4098,18.4098,18.4098,100,0
2017-04-21,16:00:00,18.41,18.41,18.41,18.41,2100,0
2017-04-21,16:40:00,18.33,18.33,18.33,18.33,100,0
2017-04-21,16:50:00,18.26,18.26,18.25,18.25,3521,0
2017-04-21,16:55:00,18.28,18.28,18.28,18.28,100,0
2017-04-21,17:00:00,18.23,18.23,18.22,18.22,559,0
2017-04-21,17:10:00,18.16,18.1712,18.151,18.16,1700,0
2017-04-21,17:15:00,18.1426,18.1428,18.12,18.12,5813,0
2017-04-21,17:20:00,18.1,18.1,18.1,18.1,2170,0
2017-04-21,17:25:00,18.13,18.13,18.13,18.13,1000,0
2017-04-21,17:30:00,18.1,18.1,18.081,18.081,600,0
2017-04-21,17:40:00,18.1127,18.1127,18.1127,18.1127,1075,0
2017-04-21,17:45:00,18.1109,18.1109,18.1109,18.1109,800,0
2017-04-21,17:55:00,18.1499,18.15,18.1343,18.1414,2300,0
2017-04-21,18:00:00,18.1606,18.1606,18.1606,18.1606,1200,0
2017-04-21,18:05:00,18.1172,18.1172,18.1172,18.1172,200,0
2017-04-21,18:25:00,18.09,18.09,18.03,18.03,1300,0
2017-04-21,18:30:00,18.02,18.02,18.016,18.016,1500,0
2017-04-21,18:35:00,18.03,18.0356,18.01,18.01,839,0
2017-04-21,18:55:00,17.993,17.993,17.993,17.993,1200,0
2017-04-21,19:10:00,18.05,18.05,18.03,18.03,400,0
2017-04-21,19:15:00,18.006,18.006,18.006,18.006,300,0
2017-04-21,20:25:00,18.0827,18.0827,18.0827,18.0827,115,0
2017-04-21,20:40:00,18.1223,18.1223,18.1223,18.1223,100,0
2017-04-21,20:45:00,18.139,18.139,18.139,18.139,100,0
2017-04-21,22:00:00,18.08,18.09,18.08,18.09,500,0
2017-04-24,15:35:00,18.09,18.09,18.07,18.09,1156,0
2017-04-24,15:40:00,18.07,18.07,18.07,18.07,100,0
2017-04-24,15:45:00,18.08,18.09,18.075,18.09,1200,0
2017-04-24,15:50:00,18.09,18.09,18.09,18.09,200,0
2017-04-24,15:55:00,18.05,18.1,18.04,18.05,2688,0
2017-04-24,16:05:00,18.05,18.05,18.05,18.05,1400,0
2017-04-24,16:20:00,18.09,18.09,18.08,18.08,800,0
2017-04-24,16:30:00,18.11,18.12,18.11,18.12,600,0
2017-04-24,16:35:00,18.06,18.06,18.04,18.04,2100,0
2017-04-24,16:40:00,18.04,18.04,17.99,17.99,700,0
2017-04-24,16:50:00,17.96,17.96,17.96,17.96,500,0
2017-04-24,17:05:00,18,18,18,18,1100,0
2017-04-24,17:10:00,18,18,18,18,100,0
2017-04-24,17:20:00,18.08,18.08,18.05,18.0619,6500,0
2017-04-24,17:25:00,18.05,18.05,18.05,18.05,400,0
2017-04-24,17:30:00,18.0243,18.0243,18.0243,18.0243,100,0
2017-04-24,17:35:00,18.02,18.02,18,18,3700,0
2017-04-24,17:40:00,18,18,18,18,200,0
2017-04-24,17:45:00,18.03,18.03,18.03,18.03,358,0
2017-04-24,18:00:00,18.03,18.03,18,18,1000,0
2017-04-24,18:15:00,18.06,18.06,18.06,18.06,800,0
2017-04-24,18:35:00,18.02,18.02,18.02,18.02,400,0
2017-04-24,18:45:00,18.01,18.01,18.01,18.01,200,0
2017-04-24,18:50:00,18.02,18.02,18.02,18.02,100,0
2017-04-24,18:55:00,18.04,18.04,18.03,18.04,600,0
2017-04-24,19:00:00,18.0045,18.0045,18.0043,18.0043,1500,0
2017-04-24,19:05:00,18.0296,18.0296,18.0296,18.0296,252,0
2017-04-24,19:10:00,18.04,18.04,18.04,18.04,300,0
2017-04-24,19:20:00,18.04,18.04,18.04,18.04,200,0
2017-04-24,19:25:00,18.03,18.03,18.03,18.03,200,0
2017-04-24,19:30:00,18.0236,18.04,18.0236,18.04,1998,0
2017-04-24,19:35:00,18.05,18.05,18.05,18.05,400,0
2017-04-24,19:45:00,18.04,18.04,18.04,18.04,400,0
2017-04-24,19:50:00,18.02,18.02,18.02,18.02,192,0
2017-04-24,20:00:00,18.03,18.03,18.03,18.03,200,0
2017-04-24,20:05:00,18.01,18.02,18.01,18.02,200,0
2017-04-24,20:10:00,18.0003,18.04,18.0003,18.04,940,0
2017-04-24,20:20:00,18.02,18.03,18,18.03,5471,0
2017-04-24,20:30:00,18.02,18.02,18.02,18.02,500,0
2017-04-24,20:40:00,18.019,18.03,18.019,18.03,501,0
2017-04-24,20:45:00,18.02,18.02,18.02,18.02,100,0
2017-04-24,20:50:00,18,18,18,18,300,0
2017-04-24,20:55:00,18,18,18,18,370,0
2017-04-24,21:05:00,17.99,17.99,17.98,17.98,400,0
2017-04-24,21:10:00,18,18.01,18,18.01,200,0
2017-04-24,21:15:00,18,18.01,18,18.01,400,0
2017-04-24,21:20:00,17.99,18.035,17.99,18.035,200,0
2017-04-24,21:25:00,18.03,18.03,18.02,18.02,200,0
2017-04-24,21:30:00,18.01,18.02,18.0085,18.01,650,0
2017-04-24,21:35:00,18.01,18.02,18.01,18.02,200,0
2017-04-24,21:40:00,18.01,18.02,18.01,18.02,400,0
2017-04-24,21:45:00,18.02,18.02,18.02,18.02,200,0
2017-04-24,21:50:00,18.01,18.01,18,18,300,0
2017-04-24,21:55:00,18,18,18,18,500,0
2017-04-24,22:00:00,17.99,18.02,17.99,18.01,1251,0
2017-04-25,15:35:00,17.95,17.99,17.95,17.99,550,0
2017-04-25,15:45:00,17.93,17.93,17.93,17.93,100,0
2017-04-25,15:50:00,17.891,17.9258,17.89,17.9258,586,0
2017-04-25,16:00:00,17.9254,17.9499,17.9235,17.9499,484,0
2017-04-25,16:15:00,17.944,17.944,17.944,17.944,278,0
2017-04-25,16:20:00,18,18.02,18,18.02,1100,0
2017-04-25,16:25:00,18.036,18.036,18.036,18.036,1200,0
2017-04-25,16:30:00,18,18,18,18,100,0
2017-04-25,16:40:00,17.9515,17.9515,17.9515,17.9515,300,0
2017-04-25,17:00:00,17.9,17.9,17.9,17.9,100,0
2017-04-25,17:10:00,17.9,17.9,17.89,17.89,759,0
2017-04-25,17:20:00,17.8842,17.92,17.88,17.92,5688,0
2017-04-25,17:35:00,17.93,17.94,17.93,17.9392,600,0
2017-04-25,17:40:00,17.94,17.94,17.9389,17.9395,3494,0
2017-04-25,18:00:00,17.9217,17.925,17.91,17.9175,998,0
2017-04-25,18:05:00,17.89,17.89,17.89,17.89,500,0
2017-04-25,18:30:00,17.92,17.92,17.917,17.92,10800,0
2017-04-25,18:35:00,17.92,17.92,17.92,17.92,100,0
2017-04-25,19:15:00,18,18,18,18,400,0
2017-04-25,19:45:00,18.02,18.02,18.02,18.02,1000,0
2017-04-25,19:50:00,17.9945,17.9945,17.9945,17.9945,150,0
2017-04-25,20:10:00,18,18,18,18,100,0
2017-04-25,20:25:00,18.0201,18.0201,18.0201,18.0201,350,0
2017-04-25,20:35:00,18.0609,18.0713,18.0609,18.0713,1024,0
2017-04-25,20:40:00,18.1,18.1,18.1,18.1,140,0
2017-04-25,21:00:00,18.1044,18.1044,18.1044,18.1044,1000,0
2017-04-25,21:15:00,18.1124,18.1124,18.1124,18.1124,300,0
2017-04-25,21:25:00,18.13,18.13,18.1167,18.1167,8180,0
2017-04-25,21:30:00,18.13,18.13,18.1135,18.1135,9580,0
2017-04-25,21:40:00,18.14,18.14,18.14,18.14,100,0
2017-04-25,21:50:00,18.121,18.15,18.121,18.15,222,0
2017-04-25,21:55:00,18.1488,18.1488,18.1488,18.1488,500,0
2017-04-25,22:00:00,18.15,18.15,18.15,18.15,1000,0
2017-04-26,15:35:00,17.9,17.9,17.9,17.9,1163,0
2017-04-26,15:40:00,17.9552,17.9552,17.9552,17.9552,1700,0
2017-04-26,15:45:00,17.96,17.96,17.96,17.96,400,0
2017-04-26,16:00:00,17.95,17.95,17.9395,17.9416,800,0
2017-04-26,16:10:00,17.92,17.92,17.91,17.91,4599,0
2017-04-26,16:35:00,18.145,18.145,18.145,18.145,100,0
2017-04-26,16:45:00,18.16,18.16,18.1284,18.1284,5300,0
2017-04-26,16:55:00,18.1901,18.1901,18.1901,18.1901,800,0
2017-04-26,17:15:00,18.0829,18.0829,18.0829,18.0829,100,0
2017-04-26,17:20:00,18.0601,18.1,18.0601,18.1,700,0
2017-04-26,17:45:00,18.15,18.15,18.15,18.15,200,0
2017-04-26,18:10:00,18.13,18.13,18.13,18.13,345,0
2017-04-26,18:35:00,18.0975,18.0975,18.0975,18.0975,100,0
2017-04-26,18:40:00,18.12,18.12,18.12,18.12,200,0
2017-04-26,18:50:00,18.1001,18.1001,18.1001,18.1001,100,0
2017-04-26,19:10:00,18.12,18.12,18.12,18.12,100,0
2017-04-26,19:15:00,18.12,18.12,18.12,18.12,200,0
2017-04-26,20:20:00,18.1172,18.1172,18.1172,18.1172,661,0
2017-04-26,20:35:00,18.021,18.021,18.021,18.021,500,0
2017-04-26,20:40:00,18.012,18.012,18.012,18.012,1778,0
2017-04-26,20:45:00,18.019,18.019,18.0113,18.0113,973,0
2017-04-26,20:55:00,18,18,18,18,100,0
2017-04-26,21:05:00,17.99,17.99,17.99,17.99,2500,0
2017-04-26,21:45:00,17.99,17.99,17.99,17.99,200,0
2017-04-26,21:50:00,17.98,17.98,17.98,17.98,100,0
2017-04-26,22:00:00,17.98,17.98,17.97,17.98,900,0
