Date,Time,Open,High,Low,Close,Volume,OpenInt
2014-12-18,16:35:00,23.029,23.029,23.029,23.029,264,0
2014-12-18,17:25:00,22.974,22.974,22.974,22.974,525,0
2014-12-18,17:30:00,22.974,22.974,22.954,22.954,1260,0
2014-12-18,19:30:00,23.001,23.001,23.001,23.001,264,0
2014-12-18,21:15:00,23.001,23.001,22.993,22.993,439,0
2014-12-19,15:40:00,23.155,23.155,23.155,23.155,104,0
2014-12-19,16:55:00,23.203,23.203,23.203,23.203,104,0
2014-12-19,18:40:00,23.155,23.155,23.155,23.155,104,0
2014-12-19,20:25:00,23.184,23.184,23.184,23.184,104,0
2014-12-19,20:30:00,23.184,23.184,23.184,23.184,104,0
2014-12-19,20:35:00,23.184,23.193,23.184,23.193,210,0
2014-12-19,20:40:00,23.193,23.193,23.193,23.193,210,0
2014-12-19,20:45:00,23.193,23.193,23.193,23.193,104,0
2014-12-19,20:50:00,23.212,23.212,23.212,23.212,104,0
2014-12-19,20:55:00,23.232,23.232,23.232,23.232,104,0
2014-12-19,21:30:00,23.232,23.232,23.203,23.203,528,0
2014-12-19,22:00:00,23.165,23.165,23.165,23.165,104,0
2014-12-22,15:40:00,23.317,23.317,23.317,23.317,420,0
2014-12-22,16:40:00,23.326,23.326,23.326,23.326,104,0
2014-12-22,17:25:00,23.336,23.336,23.336,23.336,104,0
2014-12-22,18:50:00,23.326,23.326,23.326,23.326,104,0
2014-12-22,20:15:00,23.374,23.374,23.374,23.374,104,0
2014-12-22,21:05:00,23.346,23.346,23.346,23.346,104,0
2014-12-22,21:40:00,23.383,23.383,23.383,23.383,104,0
2014-12-23,15:35:00,23.222,23.222,23.222,23.222,314,0
2014-12-23,21:25:00,23.126,23.126,23.126,23.126,1836,0
2014-12-23,21:55:00,23.099,23.099,23.099,23.099,112,0
2014-12-24,16:10:00,23.126,23.126,23.126,23.126,104,0
2014-12-24,16:40:00,23.165,23.165,23.126,23.126,763,0
2014-12-24,17:00:00,23.146,23.146,23.146,23.146,104,0
2014-12-26,21:20:00,23.412,23.412,23.412,23.412,104,0
2014-12-29,19:30:00,23.288,23.288,23.288,23.288,420,0
2014-12-30,16:15:00,23.165,23.165,23.165,23.165,210,0
2014-12-30,20:20:00,23.193,23.193,23.193,23.193,104,0
2014-12-30,20:35:00,23.203,23.203,23.203,23.203,104,0
2014-12-30,20:45:00,23.203,23.203,23.203,23.203,104,0
2014-12-30,20:50:00,23.203,23.203,23.203,23.203,104,0
2014-12-30,21:35:00,23.232,23.232,23.232,23.232,630,0
2014-12-31,16:25:00,23.326,23.326,23.326,23.326,104,0
2014-12-31,16:45:00,23.308,23.308,23.308,23.308,104,0
2014-12-31,17:05:00,23.308,23.308,23.308,23.308,104,0
2014-12-31,17:30:00,23.308,23.308,23.308,23.308,104,0
2014-12-31,18:00:00,23.317,23.317,23.317,23.317,104,0
2014-12-31,18:25:00,23.288,23.288,23.288,23.288,104,0
2014-12-31,18:45:00,23.251,23.251,23.251,23.251,104,0
2014-12-31,19:30:00,23.288,23.288,23.288,23.288,311,0
2015-01-02,19:30:00,22.851,22.851,22.851,22.851,476,0
2015-01-05,16:45:00,22.649,22.649,22.649,22.649,714,0
2015-01-05,22:00:00,22.602,22.602,22.602,22.602,314,0
2015-01-06,16:00:00,22.679,22.679,22.679,22.679,314,0
2015-01-06,18:20:00,22.45,22.45,22.45,22.45,104,0
2015-01-12,21:10:00,23.174,23.174,23.174,23.174,104,0
2015-01-14,20:50:00,23.232,23.232,23.232,23.232,420,0
2015-01-16,17:25:00,23.326,23.326,23.326,23.326,104,0
2015-01-20,16:35:00,23.412,23.412,23.412,23.412,420,0
2015-01-20,20:00:00,23.441,23.441,23.441,23.441,1155,0
2015-01-20,22:00:00,23.479,23.479,23.479,23.479,104,0
2015-01-21,19:05:00,23.888,23.888,23.888,23.888,3149,0
2015-01-22,15:50:00,24.088,24.088,24.088,24.088,126,0
2015-01-22,15:55:00,24.051,24.051,24.051,24.051,1041,0
2015-01-22,16:00:00,24.051,24.051,24.051,24.051,104,0
2015-01-22,17:20:00,24.222,24.222,24.222,24.222,1049,0
2015-01-22,18:00:00,24.242,24.242,24.232,24.232,577,0
2015-01-22,19:10:00,24.232,24.232,24.232,24.232,104,0
2015-01-22,20:05:00,24.252,24.252,24.252,24.252,210,0
2015-01-22,22:00:00,24.394,24.394,24.394,24.394,126,0
2015-01-23,15:45:00,24.384,24.384,24.384,24.384,263,0
2015-01-23,19:05:00,24.345,24.345,24.345,24.345,1041,0
2015-01-23,20:55:00,24.29,24.29,24.29,24.29,314,0
2015-01-26,17:45:00,24.365,24.365,24.365,24.365,127,0
2015-01-26,18:55:00,24.384,24.384,24.384,24.384,1049,0
2015-01-26,19:50:00,24.375,24.375,24.375,24.375,368,0
2015-01-26,22:00:00,24.326,24.326,24.326,24.326,210,0
2015-01-27,16:25:00,24.222,24.222,24.222,24.222,104,0
2015-01-27,17:00:00,24.193,24.203,24.193,24.193,1681,0
2015-01-27,17:15:00,24.213,24.213,24.213,24.213,104,0
2015-01-27,17:25:00,24.213,24.213,24.173,24.173,630,0
2015-01-27,19:30:00,24.3,24.3,24.3,24.3,293,0
2015-01-27,21:50:00,24.28,24.28,24.28,24.28,210,0
2015-01-27,22:00:00,24.28,24.28,24.28,24.28,198,0
2015-01-28,16:00:00,24.213,24.213,24.213,24.213,252,0
2015-01-28,20:45:00,24.164,24.173,24.164,24.164,8081,0
2015-01-28,21:30:00,24.061,24.061,24.061,24.061,1390,0
2015-01-29,15:40:00,24.061,24.061,24.061,24.061,104,0
2015-01-29,16:10:00,23.995,23.995,23.995,23.995,104,0
2015-01-29,16:25:00,23.916,23.916,23.916,23.916,1681,0
2015-01-29,16:35:00,23.965,23.965,23.965,23.965,104,0
2015-01-29,16:40:00,23.936,23.936,23.936,23.936,104,0
2015-01-29,17:15:00,23.851,23.851,23.851,23.851,104,0
2015-01-29,17:30:00,23.832,23.832,23.832,23.832,104,0
2015-01-29,17:35:00,23.832,23.832,23.832,23.832,210,0
2015-01-29,17:40:00,23.861,23.861,23.861,23.861,1218,0
2015-01-29,17:55:00,23.87,23.87,23.87,23.87,104,0
2015-01-29,19:05:00,23.897,23.897,23.897,23.897,104,0
2015-01-29,19:30:00,23.926,23.926,23.926,23.926,237,0
2015-01-29,19:35:00,23.926,23.926,23.926,23.926,524,0
2015-01-29,20:05:00,23.965,23.965,23.965,23.965,104,0
2015-01-29,20:30:00,23.975,23.975,23.946,23.946,1595,0
2015-01-29,20:50:00,23.995,23.995,23.995,23.995,104,0
2015-01-29,21:15:00,24.032,24.042,24.032,24.042,7871,0
2015-01-29,21:30:00,24.08,24.08,24.08,24.08,210,0
2015-01-29,21:40:00,24.051,24.051,24.051,24.051,659,0
2015-01-30,15:35:00,23.678,23.678,23.678,23.678,104,0
2015-01-30,16:00:00,23.678,23.678,23.678,23.678,210,0
2015-01-30,16:05:00,23.669,23.669,23.669,23.669,104,0
2015-01-30,16:35:00,23.566,23.566,23.566,23.566,104,0
2015-01-30,16:45:00,23.603,23.603,23.603,23.603,210,0
2015-01-30,16:50:00,23.603,23.603,23.603,23.603,210,0
2015-01-30,17:10:00,23.566,23.566,23.566,23.566,104,0
2015-01-30,18:15:00,23.546,23.546,23.546,23.546,314,0
2015-01-30,19:15:00,23.546,23.546,23.546,23.546,104,0
2015-01-30,20:00:00,23.585,23.594,23.585,23.594,314,0
2015-01-30,20:05:00,23.594,23.594,23.585,23.585,314,0
2015-01-30,20:10:00,23.594,23.603,23.594,23.603,420,0
2015-01-30,20:15:00,23.603,23.603,23.594,23.594,314,0
2015-01-30,20:25:00,23.659,23.659,23.659,23.659,104,0
2015-01-30,21:00:00,23.594,23.594,23.594,23.594,104,0
2015-01-30,21:25:00,23.546,23.546,23.546,23.546,104,0
2015-01-30,21:45:00,23.546,23.546,23.546,23.546,104,0
2015-02-02,17:00:00,23.669,23.669,23.669,23.669,630,0
2015-02-02,18:50:00,23.707,23.707,23.707,23.707,210,0
2015-02-03,15:35:00,24.022,24.022,24.022,24.022,1155,0
2015-02-03,15:50:00,23.995,24.004,23.995,24.004,314,0
2015-02-03,16:15:00,24.004,24.004,24.004,24.004,104,0
2015-02-03,17:00:00,24.042,24.042,24.042,24.042,210,0
2015-02-03,17:50:00,24.071,24.071,24.071,24.071,104,0
2015-02-03,18:50:00,24.051,24.051,24.051,24.051,104,0
2015-02-03,19:45:00,24.107,24.107,24.097,24.097,2383,0
2015-02-03,20:15:00,24.107,24.107,24.107,24.107,104,0
2015-02-03,21:05:00,24.136,24.136,24.136,24.136,104,0
2015-02-03,21:35:00,24.146,24.146,24.146,24.146,104,0
2015-02-03,21:40:00,24.146,24.146,24.127,24.127,693,0
2015-02-04,16:10:00,24.136,24.136,24.136,24.136,630,0
2015-02-04,16:20:00,24.136,24.136,24.136,24.136,714,0
2015-02-04,16:30:00,24.146,24.146,24.146,24.146,2277,0
2015-02-04,17:40:00,24.173,24.173,24.173,24.173,839,0
2015-02-04,19:05:00,24.155,24.155,24.061,24.061,210,0
2015-02-05,20:20:00,24.097,24.097,24.097,24.097,2636,0
2015-02-06,16:10:00,23.916,23.916,23.916,23.916,104,0
2015-02-06,16:15:00,23.916,23.916,23.916,23.916,210,0
2015-02-06,16:40:00,23.907,23.907,23.907,23.907,1183,0
2015-02-06,17:20:00,23.907,23.907,23.897,23.897,12907,0
2015-02-06,18:25:00,23.851,23.851,23.851,23.851,3358,0
2015-02-06,18:35:00,23.841,23.841,23.841,23.841,227,0
2015-02-06,19:45:00,23.784,23.784,23.784,23.784,104,0
2015-02-06,20:15:00,23.774,23.774,23.774,23.774,104,0
2015-02-06,20:25:00,23.784,23.784,23.784,23.784,104,0
2015-02-06,20:30:00,23.774,23.774,23.774,23.774,104,0
2015-02-06,20:35:00,23.774,23.774,23.774,23.774,104,0
2015-02-06,20:40:00,23.793,23.793,23.793,23.793,104,0
2015-02-06,20:45:00,23.793,23.793,23.793,23.793,210,0
2015-02-06,21:10:00,23.736,23.736,23.736,23.736,231,0
2015-02-06,21:15:00,23.755,23.755,23.755,23.755,243,0
2015-02-06,21:45:00,23.764,23.764,23.764,23.764,104,0
2015-02-06,21:50:00,23.774,23.774,23.774,23.774,210,0
2015-02-09,21:15:00,23.707,23.707,23.707,23.707,104,0
2015-02-10,17:10:00,23.65,23.65,23.65,23.65,420,0
2015-02-10,19:55:00,23.641,23.641,23.641,23.641,12594,0
2015-02-11,15:35:00,23.566,23.566,23.566,23.566,210,0
2015-02-11,21:55:00,23.566,23.566,23.566,23.566,1681,0
2015-02-12,16:25:00,23.745,23.745,23.745,23.745,127,0
2015-02-12,16:30:00,23.717,23.736,23.717,23.736,2779,0
2015-02-13,15:50:00,24.107,24.117,24.107,24.117,210,0
2015-02-13,15:55:00,24.117,24.117,24.117,24.117,104,0
2015-02-13,16:00:00,24.117,24.117,24.117,24.117,210,0
2015-02-13,17:40:00,24.183,24.183,24.183,24.183,2099,0
2015-02-13,17:45:00,24.203,24.203,24.203,24.203,2099,0
2015-02-13,20:35:00,24.193,24.193,24.193,24.193,104,0
2015-02-13,20:40:00,24.193,24.193,24.193,24.193,1259,0
2015-02-13,21:55:00,24.173,24.173,24.173,24.173,104,0
2015-02-17,15:45:00,24.051,24.051,24.051,24.051,413,0
2015-02-17,18:00:00,24.022,24.022,24.022,24.022,2099,0
2015-02-17,19:00:00,24.08,24.08,24.08,24.08,524,0
2015-02-18,20:15:00,24.08,24.08,24.08,24.08,104,0
2015-02-19,17:20:00,24.061,24.061,24.061,24.061,104,0
2015-02-20,16:05:00,23.916,23.916,23.916,23.916,630,0
2015-02-20,17:10:00,24.032,24.032,24.022,24.022,1273,0
2015-02-20,21:50:00,24.146,24.146,24.146,24.146,104,0
2015-02-23,15:50:00,24.08,24.08,24.08,24.08,104,0
2015-02-23,16:00:00,24.061,24.061,24.061,24.061,524,0
2015-02-23,16:30:00,24.022,24.022,24.022,24.022,104,0
2015-02-23,17:10:00,24.032,24.032,24.032,24.032,104,0
2015-02-23,18:05:00,24.022,24.022,24.022,24.022,104,0
2015-02-23,19:00:00,23.985,23.985,23.985,23.985,6603,0
2015-02-23,19:30:00,23.975,23.975,23.975,23.975,243,0
2015-02-23,20:00:00,23.995,23.995,23.995,23.995,1379,0
2015-02-23,20:55:00,23.965,23.965,23.965,23.965,104,0
2015-02-23,21:00:00,23.965,23.965,23.965,23.965,136,0
2015-02-26,16:35:00,24.213,24.213,24.213,24.213,104,0
2015-02-26,17:15:00,24.203,24.203,24.203,24.203,210,0
2015-02-26,21:35:00,24.193,24.193,24.183,24.183,210,0
2015-02-27,21:45:00,24.155,24.155,24.155,24.155,104,0
2015-03-02,16:00:00,24.097,24.097,24.097,24.097,420,0
2015-03-02,18:50:00,24.107,24.107,24.107,24.107,1049,0
2015-03-02,18:55:00,24.071,24.071,24.071,24.071,1049,0
2015-03-03,16:05:00,24.074,24.074,24.074,24.074,104,0
2015-03-03,20:05:00,24.051,24.051,24.051,24.051,630,0
2015-03-03,22:00:00,24.041,24.041,24.041,24.041,420,0
2015-03-04,17:15:00,23.878,23.878,23.832,23.832,210,0
2015-03-04,21:35:00,23.871,23.871,23.871,23.871,104,0
2015-03-05,18:45:00,23.828,23.832,23.828,23.828,734,0
2015-03-05,19:25:00,23.813,23.813,23.813,23.813,163,0
2015-03-05,20:05:00,23.86,23.86,23.86,23.86,734,0
2015-03-06,16:20:00,23.965,23.965,23.965,23.965,524,0
2015-03-06,16:25:00,23.87,23.87,23.87,23.87,420,0
2015-03-06,16:40:00,23.861,23.861,23.861,23.861,104,0
2015-03-06,16:45:00,23.861,23.861,23.641,23.641,2099,0
2015-03-06,17:05:00,23.594,23.594,23.594,23.594,104,0
2015-03-06,17:10:00,23.585,23.585,23.576,23.576,734,0
2015-03-06,17:15:00,23.556,23.556,23.556,23.556,104,0
2015-03-06,17:35:00,23.556,23.556,23.556,23.556,104,0
2015-03-06,18:00:00,23.546,23.546,23.546,23.546,104,0
2015-03-06,18:35:00,23.517,23.517,23.517,23.517,104,0
2015-03-06,19:05:00,23.527,23.527,23.527,23.527,104,0
2015-03-06,19:25:00,23.498,23.498,23.498,23.498,104,0
2015-03-06,19:55:00,23.498,23.498,23.498,23.498,104,0
2015-03-06,20:20:00,23.527,23.527,23.527,23.527,104,0
2015-03-06,20:40:00,23.489,23.489,23.489,23.489,104,0
2015-03-06,21:00:00,23.489,23.489,23.489,23.489,104,0
2015-03-06,21:20:00,23.498,23.498,23.498,23.498,104,0
2015-03-06,21:40:00,23.508,23.508,23.508,23.508,104,0
2015-03-06,21:55:00,23.527,23.527,23.527,23.527,104,0
2015-03-06,22:00:00,23.536,23.536,23.536,23.536,210,0
2015-03-09,16:10:00,23.408,23.408,23.408,23.408,129,0
2015-03-09,19:15:00,23.412,23.412,23.412,23.412,104,0
2015-03-09,19:25:00,23.403,23.403,23.393,23.393,210,0
2015-03-09,19:30:00,23.393,23.393,23.393,23.393,104,0
2015-03-09,19:35:00,23.383,23.383,23.383,23.383,104,0
2015-03-09,19:40:00,23.383,23.383,23.383,23.383,210,0
2015-03-09,19:45:00,23.374,23.374,23.374,23.374,104,0
2015-03-10,16:35:00,23.05,23.05,23.03,23.03,232,0
2015-03-10,20:15:00,22.945,22.945,22.945,22.945,1049,0
2015-03-10,20:30:00,22.955,22.955,22.955,22.955,819,0
2015-03-10,20:40:00,22.935,22.935,22.935,22.935,997,0
2015-03-11,15:10:00,23.06,23.06,23.06,23.06,104,0
2015-03-11,15:20:00,23.03,23.03,23.023,23.023,524,0
2015-03-11,15:25:00,23.05,23.05,23.05,23.05,210,0
2015-03-11,15:30:00,23.089,23.089,23.089,23.089,104,0
2015-03-11,15:35:00,23.06,23.06,23.06,23.06,104,0
2015-03-11,15:45:00,23.002,23.002,23.002,23.002,104,0
2015-03-11,15:50:00,23.002,23.012,23.002,23.012,210,0
2015-03-11,16:00:00,23.03,23.03,23.021,23.021,210,0
2015-03-11,16:05:00,23.03,23.03,23.03,23.03,104,0
2015-03-11,16:10:00,23.002,23.002,23.002,23.002,210,0
2015-03-11,16:20:00,23.04,23.04,23.04,23.04,104,0
2015-03-11,16:25:00,23.04,23.04,23.04,23.04,210,0
2015-03-11,16:35:00,23.089,23.089,23.089,23.089,104,0
2015-03-11,16:40:00,23.069,23.069,23.069,23.069,104,0
2015-03-11,16:45:00,23.089,23.089,23.089,23.089,104,0
2015-03-11,16:55:00,23.089,23.089,23.089,23.089,104,0
2015-03-11,17:00:00,23.099,23.099,23.099,23.099,104,0
2015-03-11,17:05:00,23.089,23.089,23.089,23.089,104,0
2015-03-11,17:15:00,23.079,23.079,23.079,23.079,210,0
2015-03-11,17:25:00,23.099,23.099,23.099,23.099,104,0
2015-03-11,17:30:00,23.089,23.089,23.089,23.089,104,0
2015-03-11,17:35:00,23.079,23.079,23.079,23.079,104,0
2015-03-11,17:45:00,23.089,23.089,23.089,23.089,104,0
2015-03-11,17:50:00,23.089,23.089,23.089,23.089,104,0
2015-03-11,17:55:00,23.079,23.079,23.079,23.079,104,0
2015-03-11,18:05:00,23.079,23.089,23.079,23.089,210,0
2015-03-11,18:15:00,23.089,23.089,23.089,23.089,104,0
2015-03-11,18:20:00,23.089,23.089,23.089,23.089,210,0
2015-03-11,18:30:00,23.099,23.099,23.099,23.099,104,0
2015-03-11,18:35:00,23.089,23.089,23.089,23.089,104,0
2015-03-11,18:40:00,23.089,23.089,23.089,23.089,104,0
2015-03-11,18:50:00,23.069,23.069,23.06,23.06,210,0
2015-03-11,18:55:00,23.06,23.06,23.06,23.06,104,0
2015-03-11,19:05:00,23.089,23.108,23.089,23.108,210,0
2015-03-11,19:15:00,23.108,23.108,23.108,23.108,104,0
2015-03-11,19:20:00,23.108,23.108,23.108,23.108,210,0
2015-03-11,19:25:00,23.108,23.108,23.108,23.108,104,0
2015-03-11,19:30:00,23.108,23.108,23.108,23.108,104,0
2015-03-11,19:35:00,23.108,23.108,23.108,23.108,104,0
2015-03-11,19:40:00,23.108,23.108,23.108,23.108,104,0
2015-03-11,19:45:00,23.099,23.099,23.089,23.089,210,0
2015-03-11,19:55:00,23.099,23.108,23.099,23.108,734,0
2015-03-11,20:00:00,23.108,23.108,23.108,23.108,104,0
2015-03-11,20:05:00,23.099,23.099,23.099,23.099,104,0
2015-03-11,20:10:00,23.108,23.108,23.108,23.108,210,0
2015-03-11,20:15:00,23.099,23.099,23.099,23.099,104,0
2015-03-11,20:20:00,23.099,23.108,23.099,23.108,210,0
2015-03-11,20:30:00,23.099,23.099,23.099,23.099,104,0
2015-03-11,20:35:00,23.079,23.079,23.079,23.079,210,0
2015-03-11,20:40:00,23.064,23.079,23.064,23.079,657,0
2015-03-11,20:45:00,23.079,23.079,23.079,23.079,104,0
2015-03-11,20:50:00,23.079,23.079,23.079,23.079,210,0
2015-03-11,20:55:00,23.069,23.079,23.069,23.079,210,0
2015-03-11,21:00:00,23.089,23.089,23.089,23.089,945,0
2015-03-12,15:30:00,23.326,23.326,23.326,23.326,104,0
2015-03-12,16:00:00,23.317,23.317,23.317,23.317,104,0
2015-03-12,16:40:00,23.317,23.317,23.317,23.317,104,0
2015-03-12,17:20:00,23.278,23.278,23.278,23.278,104,0
2015-03-12,18:30:00,23.212,23.212,23.212,23.212,263,0
2015-03-13,14:35:00,23.04,23.04,23.04,23.04,116,0
2015-03-13,17:20:00,22.852,22.852,22.852,22.852,104,0
2015-03-13,21:00:00,22.916,22.916,22.916,22.916,420,0
2015-03-16,14:35:00,23.136,23.136,23.136,23.136,550,0
2015-03-16,14:40:00,23.126,23.126,23.118,23.118,210,0
2015-03-16,15:15:00,23.184,23.184,23.184,23.184,104,0
2015-03-16,15:25:00,23.165,23.165,23.165,23.165,104,0
2015-03-16,15:35:00,23.126,23.126,23.126,23.126,104,0
2015-03-16,15:45:00,23.118,23.118,23.118,23.118,104,0
2015-03-16,15:55:00,23.108,23.108,23.108,23.108,104,0
2015-03-16,16:10:00,23.118,23.118,23.118,23.118,104,0
2015-03-16,16:20:00,23.108,23.108,23.108,23.108,104,0
2015-03-16,16:40:00,23.136,23.136,23.136,23.136,104,0
2015-03-16,16:55:00,23.146,23.146,23.146,23.146,104,0
2015-03-16,17:10:00,23.165,23.165,23.165,23.165,104,0
2015-03-16,17:30:00,23.155,23.155,23.155,23.155,104,0
2015-03-16,17:45:00,23.155,23.155,23.155,23.155,104,0
2015-03-16,18:00:00,23.165,23.165,23.165,23.165,104,0
2015-03-16,18:20:00,23.165,23.165,23.165,23.165,104,0
2015-03-16,18:35:00,23.174,23.174,23.174,23.174,104,0
2015-03-16,18:50:00,23.184,23.184,23.184,23.184,104,0
2015-03-16,19:05:00,23.174,23.174,23.174,23.174,104,0
2015-03-16,19:20:00,23.155,23.155,23.155,23.155,104,0
2015-03-16,19:30:00,23.165,23.165,23.165,23.165,104,0
2015-03-16,19:40:00,23.165,23.165,23.165,23.165,104,0
2015-03-16,19:55:00,23.184,23.184,23.184,23.184,104,0
2015-03-16,20:05:00,23.193,23.193,23.193,23.193,104,0
2015-03-16,20:20:00,23.184,23.184,23.184,23.184,104,0
2015-03-16,20:30:00,23.165,23.165,23.165,23.165,104,0
2015-03-16,20:45:00,23.165,23.165,23.165,23.165,104,0
2015-03-16,20:50:00,23.184,23.184,23.184,23.184,104,0
2015-03-16,21:00:00,23.174,23.174,23.174,23.174,314,0
2015-03-18,15:00:00,23.383,23.383,23.383,23.383,104,0
2015-03-18,15:45:00,23.403,23.403,23.403,23.403,104,0
2015-03-18,16:45:00,23.403,23.403,23.403,23.403,104,0
2015-03-18,18:05:00,23.431,23.431,23.431,23.431,104,0
2015-03-18,19:25:00,23.926,23.926,23.926,23.926,104,0
2015-03-18,20:40:00,23.965,23.965,23.923,23.923,210,0
2015-03-19,17:00:00,23.613,23.613,23.608,23.608,370,0
2015-03-19,18:45:00,23.616,23.616,23.616,23.616,314,0
2015-03-20,15:00:00,23.888,23.888,23.883,23.886,314,0
2015-03-20,18:50:00,24.032,24.032,24.032,24.032,405,0
2015-03-23,21:00:00,24.08,24.08,24.08,24.08,104,0
2015-03-27,17:15:00,23.65,23.65,23.641,23.641,524,0
2015-03-27,17:20:00,23.641,23.641,23.622,23.622,734,0
2015-03-27,17:35:00,23.632,23.632,23.632,23.632,1732,0
2015-03-27,18:30:00,23.641,23.641,23.641,23.641,2415,0
2015-03-27,20:10:00,23.641,23.641,23.641,23.641,31,0
2015-03-27,21:00:00,23.65,23.65,23.65,23.65,210,0
2015-03-30,18:55:00,23.952,23.952,23.952,23.952,231,0
2015-03-30,21:05:00,23.952,23.952,23.952,23.952,255,0
2015-03-31,20:50:00,23.941,23.941,23.941,23.941,293,0
2015-03-31,22:00:00,23.941,23.941,23.941,23.941,9,0
2015-04-01,15:40:00,24.097,24.097,24.097,24.097,104,0
2015-04-01,19:55:00,24.217,24.217,24.217,24.217,647,0
2015-04-02,19:45:00,24.461,24.461,24.461,24.461,1183,0
2015-04-02,20:15:00,24.527,24.527,24.507,24.507,413,0
2015-04-02,20:25:00,24.564,24.564,24.564,24.564,1429,0
2015-04-06,17:25:00,24.871,24.871,24.871,24.871,630,0
2015-04-06,17:40:00,24.871,24.871,24.871,24.871,33,0
2015-04-06,20:35:00,24.899,24.899,24.899,24.899,210,0
2015-04-06,20:45:00,24.895,24.895,24.895,24.895,178,0
2015-04-08,15:50:00,25.174,25.174,25.174,25.174,524,0
2015-04-08,16:30:00,25.157,25.157,25.138,25.138,210,0
2015-04-08,16:35:00,25.118,25.118,25.118,25.118,263,0
2015-04-08,16:40:00,25.099,25.099,25.099,25.099,263,0
2015-04-08,16:45:00,25.06,25.06,25.06,25.06,263,0
2015-04-08,16:55:00,25.041,25.041,25.041,25.041,263,0
2015-04-08,17:50:00,25.138,25.138,25.133,25.133,314,0
2015-04-08,18:45:00,25.133,25.133,25.133,25.133,8,0
2015-04-08,18:55:00,25.138,25.138,25.108,25.108,630,0
2015-04-08,20:25:00,25.356,25.356,25.356,25.356,126,0
2015-04-08,22:00:00,25.356,25.356,25.356,25.356,8,0
2015-04-09,16:40:00,25.262,25.262,25.262,25.262,210,0
2015-04-09,17:50:00,25.262,25.262,25.262,25.262,1,0
2015-04-09,19:10:00,25.262,25.262,25.262,25.262,3,0
2015-04-09,20:30:00,25.318,25.318,25.318,25.318,727,0
2015-04-09,20:40:00,25.318,25.318,25.318,25.318,3,0
2015-04-09,21:45:00,25.346,25.346,25.346,25.346,263,0
2015-04-10,16:45:00,25.3,25.3,25.3,25.3,104,0
2015-04-10,19:30:00,25.308,25.308,25.308,25.308,284,0
2015-04-10,21:10:00,25.28,25.28,25.28,25.28,524,0
2015-04-13,16:25:00,25.394,25.394,25.394,25.394,524,0
2015-04-13,16:30:00,25.393,25.393,25.393,25.393,263,0
2015-04-13,21:15:00,25.3,25.3,25.262,25.262,210,0
2015-04-14,18:25:00,25.238,25.238,25.238,25.238,593,0
2015-04-14,20:15:00,25.281,25.281,25.281,25.281,524,0
2015-04-14,21:05:00,25.291,25.291,25.291,25.291,263,0
2015-04-15,15:55:00,25.193,25.193,25.193,25.193,263,0
2015-04-15,17:15:00,25.147,25.147,25.147,25.147,472,0
2015-04-15,21:20:00,25.327,25.327,25.327,25.327,263,0
2015-04-15,21:35:00,25.327,25.327,25.327,25.327,118,0
2015-04-16,16:00:00,25.404,25.404,25.404,25.404,263,0
2015-04-16,18:45:00,25.413,25.413,25.413,25.413,263,0
2015-04-16,21:20:00,25.585,25.585,25.585,25.585,263,0
2015-04-16,21:30:00,25.576,25.576,25.576,25.576,263,0
2015-04-16,21:50:00,25.576,25.576,25.576,25.576,263,0
2015-04-16,21:55:00,25.566,25.566,25.566,25.566,263,0
2015-04-17,17:30:00,25.023,25.023,25.023,25.023,104,0
2015-04-17,18:15:00,25.014,25.014,25.014,25.014,210,0
2015-04-17,18:25:00,25.014,25.014,25.004,25.004,210,0
2015-04-20,22:00:00,25.059,25.059,25.059,25.059,524,0
2015-04-21,17:05:00,25.263,25.263,25.263,25.263,420,0
2015-04-21,17:20:00,25.3,25.3,25.3,25.3,2,0
2015-04-21,21:30:00,25.259,25.259,25.259,25.259,28,0
2015-04-22,16:00:00,25.346,25.346,25.346,25.346,210,0
2015-04-22,16:20:00,25.308,25.308,25.308,25.308,210,0
2015-04-22,16:50:00,25.365,25.365,25.365,25.365,734,0
2015-04-22,17:50:00,25.394,25.394,25.394,25.394,104,0
2015-04-22,19:45:00,25.432,25.432,25.432,25.432,104,0
2015-04-23,18:20:00,25.639,25.639,25.639,25.639,210,0
2015-04-24,20:10:00,25.713,25.713,25.713,25.713,194,0
2015-04-24,20:45:00,25.729,25.729,25.729,25.729,194,0
2015-04-27,16:45:00,25.861,25.861,25.861,25.861,104,0
2015-04-27,19:30:00,25.804,25.804,25.804,25.804,239,0
2015-04-27,20:10:00,25.794,25.794,25.793,25.793,1136,0
2015-04-28,15:35:00,25.841,25.841,25.841,25.841,210,0
2015-04-28,17:30:00,25.794,25.794,25.794,25.794,314,0
2015-04-28,22:00:00,25.814,25.814,25.814,25.814,104,0
2015-04-29,15:35:00,25.594,25.594,25.594,25.594,197,0
2015-04-29,17:10:00,25.652,25.652,25.652,25.652,233,0
2015-04-29,19:05:00,25.594,25.594,25.594,25.594,104,0
2015-04-29,20:35:00,25.547,25.547,25.547,25.547,104,0
2015-04-29,20:40:00,25.594,25.594,25.594,25.594,104,0
2015-04-29,20:45:00,25.604,25.604,25.604,25.604,104,0
2015-04-30,18:55:00,25.262,25.262,25.262,25.262,104,0
2015-05-01,22:00:00,25.327,25.327,25.318,25.318,1574,0
2015-05-04,21:35:00,25.441,25.441,25.441,25.441,104,0
2015-05-05,17:15:00,25.346,25.346,25.346,25.346,104,0
2015-05-06,15:35:00,25.174,25.174,25.174,25.174,314,0
2015-05-06,18:05:00,24.994,24.994,24.994,24.994,210,0
2015-05-06,19:05:00,24.937,24.956,24.937,24.956,630,0
2015-05-06,22:00:00,24.946,24.946,24.946,24.946,104,0
2015-05-07,16:20:00,24.775,24.775,24.756,24.756,3464,0
2015-05-07,16:25:00,24.766,24.775,24.756,24.766,3149,0
2015-05-07,20:55:00,24.876,24.876,24.876,24.876,734,0
2015-05-07,22:00:00,24.899,24.899,24.899,24.899,734,0
2015-05-12,16:50:00,24.955,24.955,24.955,24.955,104,0
2015-05-13,15:35:00,25.108,25.108,25.108,25.108,1049,0
2015-05-13,16:05:00,25.157,25.157,25.157,25.157,420,0
2015-05-13,16:25:00,25.213,25.213,25.213,25.213,1259,0
2015-05-15,16:15:00,25.272,25.272,25.272,25.272,1259,0
2015-05-15,16:40:00,25.346,25.346,25.346,25.346,104,0
2015-05-15,17:15:00,25.394,25.394,25.394,25.394,210,0
2015-05-19,15:35:00,25.337,25.337,25.337,25.337,420,0
2015-05-19,16:25:00,25.29,25.29,25.29,25.29,210,0
2015-05-19,20:10:00,25.337,25.337,25.337,25.337,420,0
2015-05-26,15:35:00,25.06,25.06,25.06,25.06,210,0
2015-05-26,17:05:00,24.794,24.794,24.794,24.794,174,0
2015-05-26,18:50:00,24.779,24.779,24.779,24.779,202,0
2015-05-26,20:35:00,24.775,24.775,24.775,24.775,104,0
2015-05-26,20:40:00,24.785,24.785,24.785,24.785,104,0
2015-05-26,20:55:00,24.775,24.775,24.709,24.709,7976,0
2015-05-26,22:00:00,24.756,24.756,24.756,24.756,104,0
2015-05-27,19:05:00,24.632,24.632,24.632,24.632,104,0
2015-05-29,15:35:00,24.536,24.536,24.536,24.536,104,0
2015-05-29,21:25:00,24.367,24.367,24.367,24.367,420,0
2015-06-01,15:35:00,24.355,24.355,24.355,24.355,104,0
2015-06-01,16:25:00,24.199,24.199,24.199,24.199,210,0
2015-06-01,20:05:00,24.3,24.3,24.3,24.3,104,0
2015-06-03,16:15:00,24.307,24.307,24.307,24.307,202,0
2015-06-03,20:40:00,24.261,24.261,24.261,24.261,476,0
2015-06-03,21:15:00,24.252,24.252,24.25,24.25,1049,0
2015-06-04,21:15:00,23.916,23.916,23.916,23.916,104,0
2015-06-05,18:20:00,23.873,23.873,23.873,23.873,202,0
2015-06-05,18:25:00,23.878,23.878,23.878,23.878,1364,0
2015-06-05,18:40:00,23.851,23.851,23.851,23.851,104,0
2015-06-05,19:00:00,23.878,23.878,23.878,23.878,104,0
2015-06-05,19:20:00,23.888,23.888,23.888,23.888,104,0
2015-06-05,19:40:00,23.897,23.897,23.897,23.897,104,0
2015-06-05,19:55:00,23.878,23.878,23.878,23.878,104,0
2015-06-05,20:10:00,23.878,23.878,23.878,23.878,104,0
2015-06-05,20:30:00,23.878,23.878,23.878,23.878,104,0
2015-06-05,20:45:00,23.878,23.878,23.878,23.878,104,0
2015-06-05,21:00:00,23.878,23.878,23.878,23.878,104,0
2015-06-05,21:15:00,23.878,23.878,23.878,23.878,104,0
2015-06-05,21:30:00,23.87,23.87,23.87,23.87,104,0
2015-06-05,21:40:00,23.861,23.861,23.861,23.861,104,0
2015-06-05,21:50:00,23.861,23.861,23.861,23.861,104,0
2015-06-05,21:55:00,23.861,23.861,23.861,23.861,104,0
2015-06-05,22:00:00,23.861,23.861,23.841,23.841,314,0
2015-06-08,15:35:00,23.841,23.841,23.841,23.841,127,0
2015-06-08,16:00:00,23.861,23.861,23.861,23.861,104,0
2015-06-08,18:00:00,23.803,23.803,23.803,23.803,104,0
2015-06-08,19:10:00,23.792,23.792,23.792,23.792,104,0
2015-06-08,19:20:00,23.806,23.806,23.803,23.803,314,0
2015-06-08,21:25:00,23.813,23.813,23.813,23.813,104,0
2015-06-10,19:35:00,23.853,23.853,23.853,23.853,621,0
2015-06-11,19:55:00,23.764,23.764,23.764,23.764,2099,0
2015-06-11,21:35:00,23.803,23.803,23.803,23.803,104,0
2015-06-12,15:40:00,23.741,23.741,23.741,23.741,104,0
2015-06-12,16:00:00,23.764,23.764,23.764,23.764,237,0
2015-06-12,17:30:00,23.748,23.748,23.748,23.748,210,0
2015-06-12,21:40:00,23.746,23.746,23.745,23.746,2727,0
2015-06-16,15:35:00,23.546,23.546,23.546,23.546,314,0
2015-06-17,17:30:00,23.593,23.593,23.593,23.593,293,0
2015-06-18,17:10:00,24.032,24.042,24.032,24.042,1260,0
2015-06-18,19:40:00,23.995,23.996,23.995,23.996,421,0
2015-06-18,20:00:00,24.006,24.007,24.004,24.005,3622,0
2015-06-19,21:55:00,23.85,23.85,23.85,23.85,503,0
2015-06-22,16:40:00,24.162,24.162,24.162,24.162,2031,0
2015-06-22,17:10:00,24.162,24.162,24.162,24.162,4105,0
2015-06-23,15:35:00,24.152,24.152,24.152,24.152,2226,0
2015-06-23,15:40:00,24.181,24.181,24.181,24.181,205,0
2015-06-23,20:05:00,24.221,24.221,24.221,24.221,513,0
2015-06-23,21:40:00,24.251,24.251,24.251,24.251,821,0
2015-06-23,22:00:00,24.251,24.251,24.251,24.251,411,0
2015-06-24,16:35:00,24.263,24.263,24.263,24.263,102,0
2015-06-24,17:50:00,24.21,24.21,24.21,24.21,102,0
2015-06-29,15:35:00,23.549,23.549,23.549,23.549,513,0
2015-06-29,16:05:00,23.529,23.529,23.529,23.529,411,0
2015-06-29,17:45:00,23.431,23.431,23.431,23.431,102,0
2015-06-29,17:50:00,23.431,23.431,23.431,23.431,102,0
2015-06-29,17:55:00,23.47,23.47,23.47,23.47,205,0
2015-06-29,20:50:00,23.48,23.48,23.48,23.48,205,0
2015-06-29,21:30:00,23.45,23.45,23.45,23.45,102,0
2015-06-29,21:50:00,23.402,23.402,23.402,23.402,102,0
2015-06-29,21:55:00,23.422,23.422,23.422,23.422,102,0
2015-07-01,18:45:00,23.676,23.676,23.676,23.676,205,0
2015-07-06,15:35:00,23.539,23.539,23.539,23.539,102,0
2015-07-06,18:15:00,23.246,23.246,23.21,23.21,359,0
2015-07-06,21:35:00,23.178,23.178,23.134,23.134,1637,0
2015-07-07,17:25:00,22.555,22.574,22.555,22.574,1406,0
2015-07-08,20:50:00,22.333,22.333,22.333,22.333,221,0
2015-07-08,21:25:00,22.193,22.193,22.193,22.193,593,0
2015-07-09,17:15:00,22.769,22.798,22.759,22.798,1950,0
2015-07-10,19:20:00,23.101,23.101,23.085,23.085,411,0
2015-07-10,21:55:00,23.168,23.186,23.168,23.186,619,0
2015-07-13,15:45:00,23.217,23.217,23.217,23.217,1744,0
2015-07-13,16:35:00,23.292,23.292,23.292,23.292,238,0
2015-07-13,16:55:00,23.294,23.294,23.294,23.294,513,0
2015-07-14,21:15:00,23.363,23.363,23.363,23.363,205,0
2015-07-15,17:25:00,23.237,23.237,23.208,23.208,205,0
2015-07-15,18:30:00,23.17,23.17,23.17,23.17,668,0
2015-07-20,15:40:00,23.168,23.168,23.168,23.168,102,0
2015-07-20,15:45:00,23.139,23.139,23.139,23.139,205,0
2015-07-20,18:35:00,23.188,23.188,23.188,23.188,260,0
2015-07-28,16:30:00,22.018,22.018,22.018,22.018,102,0
2015-07-28,17:10:00,22.008,22.008,22.008,22.008,102,0
2015-07-28,19:25:00,22.009,22.009,22.009,22.009,102,0
2015-07-28,20:05:00,22.125,22.125,22.125,22.125,102,0
2015-07-28,21:35:00,22.125,22.125,22.125,22.125,102,0
2015-08-10,15:40:00,21.892,21.892,21.892,21.892,102,0
2015-08-12,15:45:00,21.12,21.12,21.12,21.12,205,0
2015-08-17,15:35:00,21.025,21.025,21.025,21.025,102,0
2015-08-18,16:45:00,20.657,20.665,20.657,20.665,513,0
2015-08-18,21:30:00,20.654,20.654,20.654,20.654,818,0
2015-08-19,19:55:00,20.517,20.518,20.517,20.518,2051,0
2015-08-19,22:00:00,20.517,20.517,20.517,20.517,307,0
2015-08-21,20:10:00,19.747,19.747,19.747,19.747,102,0
2015-08-25,16:25:00,19.738,19.738,19.738,19.738,205,0
2015-08-25,19:55:00,19.494,19.534,19.494,19.534,1264,0
2015-08-25,21:30:00,19.289,19.289,19.289,19.289,102,0
2015-08-25,21:50:00,19.289,19.475,19.289,19.289,4304,0
2015-08-26,15:35:00,19.541,19.541,19.541,19.541,365,0
2015-08-26,16:25:00,19.298,19.298,19.298,19.298,102,0
2015-08-26,21:45:00,19.766,19.766,19.766,19.766,102,0
2015-09-01,19:50:00,19.614,19.614,19.614,19.614,102,0
2015-09-01,19:55:00,19.689,19.689,19.689,19.689,684,0
2015-09-01,20:15:00,19.586,19.586,19.586,19.586,102,0
2015-09-01,20:35:00,19.606,19.606,19.606,19.606,257,0
2015-09-02,15:50:00,19.776,19.776,19.776,19.776,102,0
2015-09-02,16:10:00,19.805,19.805,19.805,19.805,102,0
2015-09-02,16:35:00,19.728,19.728,19.728,19.728,102,0
2015-09-02,17:00:00,19.699,19.699,19.699,19.699,102,0
2015-09-02,17:30:00,19.738,19.738,19.738,19.738,102,0
2015-09-02,17:55:00,19.709,19.709,19.709,19.709,102,0
2015-09-02,18:30:00,19.719,19.719,19.719,19.719,220,0
2015-09-03,21:10:00,19.845,19.845,19.845,19.845,1048,0
2015-09-04,21:45:00,19.191,19.243,19.191,19.243,1437,0
2015-09-08,19:25:00,19.551,19.551,19.551,19.551,615,0
2015-09-10,19:50:00,20.014,20.014,20.014,20.014,151,0
2015-09-10,20:45:00,19.951,19.951,19.805,19.805,821,0
2015-09-10,20:50:00,19.786,19.894,19.786,19.786,1437,0
2015-09-10,20:55:00,19.786,19.894,19.786,19.894,2155,0
2015-09-10,21:00:00,19.786,19.855,19.757,19.835,3591,0
2015-09-10,21:05:00,19.815,19.815,19.815,19.815,205,0
2015-09-11,16:40:00,19.766,19.766,19.766,19.766,102,0
2015-09-11,16:45:00,19.719,19.719,19.699,19.699,205,0
2015-09-11,16:50:00,19.825,19.825,19.825,19.825,102,0
2015-09-11,16:55:00,19.766,19.766,19.766,19.766,205,0
2015-09-11,17:00:00,19.699,19.747,19.699,19.738,411,0
2015-09-11,17:15:00,19.699,19.699,19.699,19.699,205,0
2015-09-14,16:15:00,19.825,19.825,19.825,19.825,102,0
2015-09-14,16:20:00,19.738,19.845,19.738,19.845,307,0
2015-09-14,16:25:00,19.865,19.865,19.865,19.865,102,0
2015-09-14,20:25:00,19.817,19.817,19.817,19.817,102,0
2015-09-14,20:40:00,19.815,19.815,19.815,19.815,205,0
2015-09-14,21:00:00,19.885,19.885,19.885,19.885,102,0
2015-09-14,21:20:00,19.894,19.961,19.894,19.961,205,0
2015-09-14,21:25:00,19.865,19.865,19.865,19.865,102,0
2015-09-15,15:45:00,20.118,20.118,20.118,20.118,307,0
2015-09-15,15:50:00,20.176,20.176,20.039,20.078,615,0
2015-09-15,16:00:00,20.205,20.205,20.058,20.058,923,0
2015-09-15,16:05:00,20.058,20.058,20.029,20.029,411,0
2015-09-15,16:15:00,19.786,19.786,19.786,19.786,102,0
2015-09-15,16:20:00,19.738,19.942,19.738,19.942,411,0
2015-09-15,16:25:00,19.922,19.932,19.922,19.932,1026,0
2015-09-15,17:50:00,20.048,20.048,20.048,20.048,13005,0
2015-09-16,16:00:00,20.4,20.4,20.361,20.361,412,0
2015-09-16,16:05:00,20.331,20.351,20.321,20.351,925,0
2015-09-16,16:10:00,20.321,20.321,20.313,20.313,514,0
2015-09-16,22:00:00,20.254,20.264,20.254,20.264,308,0
2015-09-17,18:05:00,20.461,20.461,20.461,20.461,205,0
2015-09-17,20:15:00,20.468,20.468,20.468,20.468,102,0
2015-09-17,20:25:00,20.468,20.468,20.468,20.468,205,0
2015-09-17,21:05:00,20.468,20.497,20.468,20.497,1952,0
2015-09-21,21:45:00,20.075,20.075,19.967,19.967,815,0
2015-09-21,21:50:00,20.035,20.035,19.947,20.006,2444,0
2015-09-22,15:35:00,19.77,19.77,19.77,19.77,101,0
2015-09-22,16:15:00,19.713,19.713,19.633,19.633,305,0
2015-09-22,16:20:00,19.693,19.723,19.564,19.723,815,0
2015-09-22,16:25:00,19.613,19.613,19.613,19.613,305,0
2015-09-23,16:00:00,19.613,19.613,19.544,19.603,610,0
2015-09-23,19:00:00,19.477,19.477,19.398,19.398,305,0
2015-09-23,19:05:00,19.477,19.477,19.408,19.408,408,0
2015-09-23,19:10:00,19.506,19.506,19.506,19.506,305,0
2015-09-23,20:25:00,19.515,19.515,19.448,19.448,203,0
2015-09-23,20:40:00,19.418,19.418,19.418,19.418,203,0
2015-09-23,20:55:00,19.544,19.544,19.486,19.486,713,0
2015-09-24,21:30:00,19.358,19.358,19.358,19.358,197,0
2015-09-28,17:10:00,19.191,19.2,19.102,19.102,305,0
2015-09-28,17:55:00,19.092,19.102,19.092,19.102,203,0
2015-09-28,18:00:00,19.082,19.092,18.926,18.926,305,0
2015-09-28,18:05:00,19.035,19.132,19.035,19.072,1018,0
2015-09-28,19:25:00,19.102,19.102,19.102,19.102,209,0
2015-09-29,16:35:00,19.191,19.191,19.045,19.152,2036,0
2015-09-29,16:40:00,19.132,19.241,19.112,19.181,1323,0
2015-09-29,16:45:00,19.102,19.102,19.092,19.092,610,0
2015-09-29,17:25:00,19.172,19.172,19.172,19.172,203,0
2015-10-06,15:35:00,20.792,20.792,20.792,20.792,203,0
2015-10-06,22:00:00,20.782,20.782,20.782,20.782,101,0
2015-10-09,18:55:00,21.234,21.234,21.195,21.195,610,0
2015-10-12,20:50:00,21.117,21.117,21.097,21.097,203,0
2015-10-14,17:40:00,20.94,20.969,20.94,20.969,408,0
2015-10-14,17:45:00,20.92,20.989,20.92,20.989,1018,0
2015-10-15,16:10:00,21.332,21.372,21.332,21.372,408,0
2015-10-15,16:45:00,21.303,21.392,21.303,21.392,203,0
2015-10-15,16:50:00,21.392,21.392,21.352,21.352,203,0
2015-10-16,17:25:00,21.412,21.46,21.382,21.442,713,0
2015-10-21,19:00:00,21.195,21.195,21.195,21.195,101,0
2015-10-21,19:05:00,21.204,21.204,21.204,21.204,101,0
2015-10-23,16:45:00,21.597,21.725,21.597,21.725,3870,0
2015-10-23,16:50:00,21.705,21.715,21.686,21.686,2444,0
2015-10-23,16:55:00,21.588,21.667,21.588,21.667,3462,0
2015-10-23,17:00:00,21.667,21.667,21.667,21.667,101,0
2015-10-23,17:05:00,21.627,21.637,21.627,21.637,305,0
2015-10-23,17:10:00,21.637,21.735,21.637,21.647,3666,0
2015-10-23,17:40:00,21.509,21.559,21.509,21.559,1832,0
2015-10-23,17:45:00,21.559,21.657,21.539,21.627,1731,0
2015-10-23,18:00:00,21.559,21.607,21.559,21.607,5804,0
2015-10-23,18:05:00,21.627,21.657,21.607,21.657,2139,0
2015-10-23,18:10:00,21.657,21.657,21.607,21.647,2239,0
2015-10-23,18:15:00,21.637,21.647,21.627,21.631,3970,0
2015-10-23,19:40:00,21.607,21.725,21.607,21.627,5701,0
2015-10-23,19:45:00,21.647,21.686,21.647,21.686,203,0
2015-10-23,20:40:00,21.657,21.735,21.657,21.725,3054,0
2015-10-23,20:45:00,21.754,21.754,21.667,21.667,713,0
2015-10-23,20:50:00,21.667,21.784,21.667,21.744,9571,0
2015-10-23,20:55:00,21.744,21.784,21.686,21.754,2647,0
2015-10-23,21:00:00,21.744,21.744,21.715,21.715,1121,0
2015-10-23,21:55:00,21.657,21.744,21.657,21.715,5906,0
2015-10-23,22:00:00,21.686,21.764,21.661,21.715,13236,0
2015-10-26,15:30:00,21.509,21.677,21.509,21.607,5701,0
2015-10-26,15:35:00,21.539,21.657,21.529,21.637,8247,0
2015-10-26,15:40:00,21.686,21.686,21.588,21.627,1018,0
2015-10-30,21:00:00,21.352,21.352,21.283,21.283,203,0
2015-11-02,18:15:00,21.509,21.509,21.509,21.509,101,0
2015-11-03,21:35:00,21.705,21.912,21.705,21.912,815,0
2015-11-04,19:35:00,21.893,21.893,21.893,21.893,101,0
2015-11-04,19:40:00,21.912,21.912,21.912,21.912,101,0
2015-11-23,21:25:00,21.215,21.215,21.215,21.215,101,0
2015-11-24,19:00:00,21.372,21.372,21.372,21.372,101,0
2015-11-27,15:35:00,20.821,20.821,20.821,20.821,203,0
2015-11-27,15:40:00,20.89,20.89,20.89,20.89,101,0
2015-12-03,21:55:00,20.715,20.715,20.715,20.715,1436,0
2015-12-08,15:35:00,20.34,20.34,20.34,20.34,235,0
2015-12-10,21:45:00,20.055,20.055,20.055,20.055,128,0
2015-12-21,15:35:00,20.207,20.207,20.207,20.207,912,0
2015-12-23,16:10:00,20.686,20.686,20.686,20.686,202,0
2015-12-30,15:50:00,18.254,18.254,18.254,18.254,506,0
2015-12-30,19:00:00,20.16,20.16,20.16,20.16,525,0
2015-12-30,19:45:00,20.208,20.208,20.208,20.208,1014,0
2015-12-31,19:35:00,20.149,20.149,20.149,20.149,202,0
2016-01-06,17:10:00,19.419,19.419,19.419,19.419,506,0
2016-01-07,16:55:00,19.063,19.063,19.063,19.063,1047,0
2016-01-08,18:55:00,18.669,18.669,18.669,18.669,406,0
2016-01-14,17:30:00,18.581,18.581,18.581,18.581,159,0
2016-01-15,15:35:00,18.196,18.196,18.196,18.196,1014,0
2016-01-19,15:35:00,18.521,18.521,18.521,18.521,110,0
2016-01-19,20:10:00,18.244,18.244,18.244,18.244,101,0
2016-01-19,20:15:00,18.244,18.244,18.244,18.244,202,0
2016-01-19,20:20:00,18.244,18.244,18.244,18.244,304,0
2016-01-20,16:00:00,17.752,17.752,17.752,17.752,124,0
2016-01-20,16:25:00,17.752,17.752,17.752,17.752,180,0
2016-01-26,15:35:00,18.323,18.323,18.323,18.323,111,0
2016-02-01,22:00:00,18.986,18.986,18.986,18.986,506,0
2016-02-02,15:35:00,18.827,18.827,18.827,18.827,157,0
2016-02-02,20:30:00,18.502,18.502,18.502,18.502,202,0
2016-02-09,15:50:00,18.718,18.718,18.718,18.718,101,0
2016-02-09,18:05:00,18.541,18.541,18.541,18.541,101,0
2016-02-11,15:35:00,18.067,18.067,18.067,18.067,101,0
2016-02-12,21:25:00,18.196,18.196,18.196,18.196,186,0
2016-02-16,16:35:00,18.525,18.608,18.525,18.608,506,0
2016-02-18,17:55:00,19.003,19.003,18.952,18.952,536,0
2016-02-19,16:00:00,18.893,18.893,18.882,18.893,1463,0
2016-02-23,19:55:00,19.015,19.025,19.007,19.007,2036,0
2016-02-24,20:15:00,18.856,18.856,18.856,18.856,101,0
2016-02-25,16:45:00,18.965,18.965,18.965,18.965,202,0
2016-02-25,16:55:00,18.965,18.965,18.965,18.965,101,0
2016-02-25,18:35:00,18.965,18.965,18.965,18.965,101,0
2016-02-26,17:40:00,18.915,18.915,18.915,18.915,101,0
2016-02-26,17:55:00,18.915,18.915,18.915,18.915,202,0
2016-02-26,18:05:00,18.905,18.905,18.905,18.905,669,0
2016-02-26,20:00:00,18.871,18.876,18.827,18.876,1796,0
2016-02-26,20:05:00,18.886,18.895,18.886,18.895,1483,0
2016-02-29,16:00:00,18.948,18.948,18.948,18.948,101,0
2016-02-29,16:40:00,18.648,18.648,18.648,18.648,101,0
2016-02-29,17:20:00,18.718,18.718,18.718,18.718,101,0
2016-02-29,20:10:00,18.985,18.985,18.985,18.985,202,0
2016-03-01,16:35:00,19.516,19.596,19.072,19.072,406,0
2016-03-01,16:40:00,19.015,19.015,19.015,19.015,101,0
2016-03-04,17:45:00,20.02,20.02,20.02,20.02,335,0
2016-03-04,21:45:00,20.207,20.207,20.137,20.137,2614,0
2016-03-09,20:30:00,19.893,19.893,19.893,19.893,150,0
2016-03-11,16:35:00,20.335,20.335,20.335,20.335,101,0
2016-03-11,17:35:00,20.384,20.384,20.384,20.384,101,0
2016-03-11,18:55:00,20.414,20.414,20.414,20.414,101,0
2016-03-11,20:30:00,20.424,20.424,20.424,20.424,812,0
2016-03-24,19:50:00,20.641,20.651,20.641,20.651,479,0
2016-04-01,17:05:00,20.937,20.937,20.937,20.937,101,0
2016-04-01,18:40:00,21.007,21.007,21.007,21.007,101,0
2016-04-01,20:00:00,21.055,21.055,21.055,21.055,101,0
2016-04-12,21:35:00,21.159,21.159,21.159,21.159,304,0
2016-04-19,15:35:00,21.243,21.243,21.243,21.243,2031,0
2016-04-19,17:20:00,21.726,21.726,21.716,21.726,304,0
2016-04-20,21:35:00,21.519,21.519,21.519,21.519,304,0
2016-04-21,21:30:00,21.272,21.272,21.272,21.272,202,0
2016-04-22,19:45:00,21.272,21.272,21.251,21.251,202,0
2016-04-25,21:05:00,21.027,21.027,21.027,21.027,101,0
2016-04-27,21:35:00,21.125,21.125,21.125,21.125,506,0
2016-04-27,21:40:00,21.125,21.125,21.125,21.125,101,0
2016-04-28,21:05:00,21.135,21.135,21.135,21.135,101,0
2016-05-12,15:35:00,20.365,20.365,20.365,20.365,101,0
2016-05-17,18:30:00,20.237,20.237,20.237,20.237,254,0
2016-05-23,15:35:00,19.615,19.803,19.615,19.803,943,0
2016-05-23,15:45:00,19.803,19.803,19.803,19.803,101,0
2016-05-23,16:30:00,19.833,19.833,19.833,19.833,617,0
2016-05-26,20:15:00,20.375,20.375,20.267,20.267,1000,0
2016-06-01,16:55:00,20.307,20.307,20.307,20.307,1460,0
2016-06-03,15:40:00,20.661,20.661,20.661,20.661,254,0
2016-06-06,21:25:00,21.027,21.027,20.997,20.997,812,0
2016-06-06,21:30:00,21.035,21.035,21.035,21.035,812,0
2016-06-06,21:45:00,20.997,20.997,20.887,20.887,1014,0
2016-06-06,21:55:00,20.947,20.947,20.947,20.947,506,0
2016-06-20,16:00:00,20.66,20.66,20.66,20.66,202,0
2016-06-20,16:35:00,20.68,20.68,20.68,20.68,202,0
2016-06-20,17:15:00,20.72,20.72,20.71,20.71,202,0
2016-06-20,18:05:00,20.67,20.67,20.67,20.67,202,0
2016-06-20,18:55:00,20.66,20.66,20.66,20.66,202,0
2016-06-20,19:45:00,20.66,20.66,20.66,20.66,202,0
2016-06-20,20:35:00,20.64,20.64,20.64,20.64,202,0
2016-06-20,21:25:00,20.64,20.64,20.64,20.64,202,0
2016-06-20,21:55:00,20.62,20.62,20.62,20.62,202,0
2016-06-20,22:00:00,20.62,20.62,20.62,20.62,202,0
2016-06-22,15:45:00,20.838,20.838,20.73,20.73,2023,0
2016-06-22,15:55:00,20.759,20.759,20.73,20.73,6070,0
2016-06-27,15:35:00,20.137,20.137,20.137,20.137,241,0
2016-07-12,21:10:00,21.52,21.52,21.52,21.52,202,0
2016-07-22,21:35:00,21.777,21.777,21.777,21.777,202,0
2016-07-29,17:55:00,22.143,22.143,22.034,22.034,568,0
2016-08-03,17:50:00,21.718,21.814,21.718,21.814,2991,0
2016-08-17,20:15:00,22.617,22.659,22.617,22.659,505,0
2016-08-19,17:10:00,23.072,23.072,23.072,23.072,131,0
2016-08-26,15:35:00,23.092,23.092,23.092,23.092,4350,0
2016-08-30,15:40:00,22.588,22.735,22.588,22.735,810,0
2016-09-01,17:15:00,22.321,22.321,22.321,22.321,101,0
2016-09-06,16:35:00,23.429,23.429,23.42,23.42,1517,0
2016-09-06,16:40:00,23.448,23.467,23.448,23.457,3035,0
2016-09-12,15:35:00,22.519,22.519,22.519,22.519,1012,0
2016-09-13,21:25:00,22.4,22.4,22.4,22.4,778,0
2016-09-20,16:30:00,22.667,22.808,22.667,22.808,2428,0
2016-09-29,15:45:00,23.034,23.034,23.034,23.034,201,0
2016-10-05,16:35:00,23.362,23.362,23.362,23.362,2511,0
2016-10-13,18:50:00,22.646,22.646,22.616,22.616,502,0
2016-10-14,15:40:00,23.004,23.004,23.004,23.004,100,0
2016-10-14,15:55:00,22.855,22.855,22.855,22.855,2311,0
2016-10-14,17:00:00,22.855,22.855,22.855,22.855,201,0
2016-10-14,18:05:00,22.766,22.766,22.766,22.766,100,0
2016-10-14,18:10:00,22.766,22.766,22.766,22.766,100,0
2016-10-14,19:25:00,22.726,22.726,22.726,22.726,201,0
2016-10-14,20:00:00,22.726,22.726,22.726,22.726,100,0
2016-10-14,20:30:00,22.726,22.726,22.497,22.497,2712,0
2016-10-14,20:35:00,22.517,22.517,22.517,22.517,201,0
2016-10-14,20:40:00,22.507,22.507,22.487,22.487,301,0
2016-10-14,20:45:00,22.487,22.487,22.467,22.467,301,0
2016-10-14,20:50:00,22.467,22.467,22.457,22.457,301,0
2016-10-14,20:55:00,22.457,22.457,22.457,22.457,201,0
2016-10-14,21:00:00,22.447,22.447,22.447,22.447,201,0
2016-10-14,21:05:00,22.447,22.447,22.447,22.447,201,0
2016-10-14,21:15:00,22.447,22.457,22.447,22.457,301,0
2016-10-14,21:20:00,22.457,22.457,22.457,22.457,301,0
2016-10-14,21:25:00,22.457,22.457,22.457,22.457,301,0
2016-10-14,21:30:00,22.457,22.457,22.457,22.457,301,0
2016-10-14,21:35:00,22.447,22.447,22.447,22.447,301,0
2016-10-14,21:40:00,22.447,22.477,22.447,22.477,603,0
2016-10-14,21:45:00,22.477,22.477,22.477,22.477,100,0
2016-10-14,21:50:00,22.467,22.467,22.457,22.457,301,0
2016-10-14,21:55:00,22.467,22.467,22.457,22.457,301,0
2016-10-14,22:00:00,22.457,22.457,22.457,22.457,592,0
2016-10-24,19:05:00,23.253,23.253,23.253,23.253,301,0
2016-10-26,15:35:00,23.233,23.233,23.233,23.233,221,0
2016-10-28,16:35:00,22.865,22.943,22.865,22.943,699,0
2016-10-28,16:40:00,22.865,22.939,22.865,22.939,1507,0
2016-10-28,18:40:00,23.044,23.044,23.044,23.044,100,0
2016-10-28,19:10:00,23.044,23.044,23.044,23.044,201,0
2016-11-03,15:35:00,22.549,22.549,22.549,22.549,1050,0
2016-11-08,16:40:00,22.896,22.896,22.896,22.896,919,0
2016-11-21,21:50:00,21.536,21.536,21.536,21.536,201,0
2016-12-05,17:10:00,21.581,21.651,21.558,21.558,798,0
2016-12-09,21:10:00,22.138,22.138,22.089,22.089,3014,0
2016-12-09,21:25:00,22.059,22.059,22.019,22.019,2511,0
2016-12-12,15:35:00,22.258,22.258,22.258,22.258,452,0
2016-12-22,20:40:00,21.163,21.163,21.163,21.163,100,0
2016-12-30,15:35:00,21.45,21.5,21.45,21.5,4700,0
2016-12-30,15:45:00,21.6,21.6,21.54,21.54,2600,0
2016-12-30,16:00:00,21.53,21.53,21.53,21.53,100,0
2016-12-30,17:05:00,21.57,21.57,21.57,21.57,100,0
2016-12-30,17:15:00,21.54,21.54,21.54,21.54,100,0
2016-12-30,18:40:00,21.5,21.5,21.5,21.5,100,0
2016-12-30,19:05:00,21.55,21.55,21.49,21.49,600,0
2017-01-04,15:35:00,22,22,22,22,281,0
2017-01-06,22:00:00,22.25,22.25,22.25,22.25,115,0
2017-01-12,15:35:00,22.87,22.87,22.87,22.87,200,0
2017-02-02,16:40:00,23.3582,23.41,23.3582,23.41,992,0
2017-02-09,19:55:00,23.62,23.62,23.62,23.62,100,0
2017-02-15,20:30:00,23.9139,23.9139,23.9139,23.9139,200,0
2017-02-15,21:30:00,23.97,23.97,23.91,23.91,1000,0
2017-02-15,21:35:00,23.9,23.9,23.9,23.9,100,0
2017-02-21,18:20:00,23.96,23.96,23.96,23.96,500,0
2017-03-01,20:25:00,23.9501,23.9501,23.95,23.9501,800,0
2017-03-06,15:35:00,23.85,23.85,23.6,23.6131,4300,0
2017-03-09,15:35:00,23.83,23.83,23.83,23.83,425,0
2017-03-16,19:15:00,25,25,25,25,600,0
2017-03-16,20:55:00,24.88,24.88,24.88,24.88,100,0
2017-03-22,17:10:00,24.85,24.8873,24.85,24.8827,700,0
2017-03-23,16:00:00,25,25,25,25,100,0
2017-03-23,17:40:00,25.02,25.02,25.02,25.02,100,0
2017-03-30,19:35:00,25.1255,25.1255,25.1255,25.1255,400,0
2017-04-04,15:35:00,25.4,25.4,25.4,25.4,200,0
2017-04-04,16:35:00,25.0199,25.0199,25.0199,25.0199,100,0
2017-04-12,17:15:00,24.7869,24.7869,24.7869,24.7869,105,0
2017-04-13,19:05:00,25.08,25.08,25.08,25.08,100,0
2017-04-18,22:00:00,24.75,24.75,24.75,24.75,100,0
2017-04-19,19:15:00,24.785,24.785,24.785,24.785,125,0
2017-04-19,22:00:00,24.61,24.61,24.61,24.61,100,0
2017-04-25,15:50:00,25.32,25.32,25.32,25.32,200,0
