Date,Time,Open,High,Low,Close,Volume,OpenInt
2017-04-06,15:35:00,6.01,6.025,5.621,5.8,20439,0
2017-04-06,15:40:00,5.84,5.85,5.76,5.85,8446,0
2017-04-06,15:45:00,5.89,6.0179,5.89,5.98,7087,0
2017-04-06,15:50:00,5.98,5.98,5.925,5.925,4720,0
2017-04-06,15:55:00,5.91,5.92,5.91,5.92,400,0
2017-04-06,16:00:00,5.96,5.9727,5.9421,5.96,4007,0
2017-04-06,16:05:00,5.97,5.9777,5.96,5.97,3293,0
2017-04-06,16:10:00,5.96,5.97,5.95,5.97,1000,0
2017-04-06,16:15:00,5.95,5.97,5.86,5.87,3453,0
2017-04-06,16:20:00,5.85,5.8598,5.8096,5.8528,7891,0
2017-04-06,16:25:00,5.87,5.87,5.8314,5.8592,1200,0
2017-04-06,16:30:00,5.84,5.87,5.84,5.87,700,0
2017-04-06,16:35:00,5.8699,5.8699,5.81,5.81,2400,0
2017-04-06,16:40:00,5.81,5.8235,5.81,5.81,2580,0
2017-04-06,16:45:00,5.84,5.84,5.81,5.83,300,0
2017-04-06,16:50:00,5.81,5.84,5.77,5.7701,14398,0
2017-04-06,16:55:00,5.77,5.7806,5.76,5.7806,2304,0
2017-04-06,17:00:00,5.76,5.7811,5.74,5.7489,11938,0
2017-04-06,17:05:00,5.75,5.75,5.72,5.72,9200,0
2017-04-06,17:10:00,5.7285,5.74,5.7285,5.74,4600,0
2017-04-06,17:15:00,5.7499,5.76,5.68,5.725,21464,0
2017-04-06,17:20:00,5.72,5.72,5.64,5.71,7882,0
2017-04-06,17:25:00,5.67,5.6757,5.63,5.63,31198,0
2017-04-06,17:30:00,5.64,5.65,5.64,5.65,600,0
2017-04-06,17:35:00,5.65,5.67,5.64,5.64,1840,0
2017-04-06,17:40:00,5.65,5.67,5.64,5.64,1700,0
2017-04-06,17:45:00,5.66,5.66,5.64,5.65,1500,0
2017-04-06,17:50:00,5.67,5.67,5.66,5.667,350,0
2017-04-06,17:55:00,5.67,5.72,5.66,5.7094,1312,0
2017-04-06,18:00:00,5.68,5.72,5.68,5.71,3400,0
2017-04-06,18:05:00,5.71,5.71,5.69,5.71,1100,0
2017-04-06,18:10:00,5.69,5.6949,5.68,5.68,524,0
2017-04-06,18:15:00,5.695,5.695,5.68,5.68,1500,0
2017-04-06,18:20:00,5.68,5.686,5.67,5.67,3000,0
2017-04-06,18:25:00,5.7,5.73,5.7,5.73,2400,0
2017-04-06,18:30:00,5.74,5.74,5.74,5.74,100,0
2017-04-06,18:35:00,5.73,5.7397,5.7186,5.7397,3410,0
2017-04-06,18:40:00,5.73,5.73,5.725,5.73,710,0
2017-04-06,18:45:00,5.74,5.74,5.72,5.72,315,0
2017-04-06,18:50:00,5.73,5.73,5.71,5.71,200,0
2017-04-06,18:55:00,5.7101,5.75,5.7101,5.73,1928,0
2017-04-06,19:00:00,5.71,5.71,5.68,5.68,18900,0
2017-04-06,19:05:00,5.68,5.68,5.67,5.68,1270,0
2017-04-06,19:10:00,5.67,5.69,5.67,5.69,800,0
2017-04-06,19:15:00,5.69,5.69,5.69,5.69,100,0
2017-04-06,19:20:00,5.68,5.6992,5.67,5.6992,332,0
2017-04-06,19:25:00,5.67,5.7,5.67,5.68,900,0
2017-04-06,19:30:00,5.68,5.7,5.68,5.682,1500,0
2017-04-06,19:40:00,5.68,5.69,5.68,5.68,802,0
2017-04-06,19:45:00,5.68,5.69,5.68,5.685,3000,0
2017-04-06,19:50:00,5.68,5.69,5.67,5.69,500,0
2017-04-06,19:55:00,5.68,5.68,5.64,5.64,5675,0
2017-04-06,20:00:00,5.64,5.67,5.64,5.67,400,0
2017-04-06,20:05:00,5.64,5.66,5.63,5.63,1300,0
2017-04-06,20:10:00,5.63,5.67,5.63,5.67,4932,0
2017-04-06,20:15:00,5.68,5.68,5.6699,5.68,21800,0
2017-04-06,20:20:00,5.64,5.65,5.63,5.63,2200,0
2017-04-06,20:25:00,5.63,5.65,5.63,5.65,6750,0
2017-04-06,20:30:00,5.64,5.65,5.63,5.65,2273,0
2017-04-06,20:35:00,5.6499,5.65,5.63,5.63,2729,0
2017-04-06,20:40:00,5.64,5.6457,5.63,5.63,1756,0
2017-04-06,20:45:00,5.63,5.63,5.584,5.59,22678,0
2017-04-06,20:50:00,5.5979,5.6,5.4,5.5513,33137,0
2017-04-06,20:55:00,5.5364,5.56,5.4873,5.4873,2400,0
2017-04-06,21:00:00,5.539,5.539,5.48,5.5,700,0
2017-04-06,21:05:00,5.48,5.5,5.42,5.49,27373,0
2017-04-06,21:10:00,5.4724,5.48,5.4538,5.4538,3611,0
2017-04-06,21:15:00,5.47,5.4907,5.46,5.47,3760,0
2017-04-06,21:20:00,5.46,5.507,5.46,5.4717,7364,0
2017-04-06,21:25:00,5.47,5.47,5.44,5.45,4500,0
2017-04-06,21:30:00,5.45,5.46,5.43,5.45,5452,0
2017-04-06,21:35:00,5.442,5.53,5.42,5.53,9101,0
2017-04-06,21:40:00,5.52,5.54,5.5,5.5001,13591,0
2017-04-06,21:45:00,5.51,5.51,5.5,5.51,3389,0
2017-04-06,21:50:00,5.51,5.53,5.51,5.53,5247,0
2017-04-06,21:55:00,5.53,5.55,5.53,5.54,7149,0
2017-04-06,22:00:00,5.54,5.55,5.5,5.5,12243,0
2017-04-07,15:35:00,5.47,5.47,5.47,5.47,1200,0
2017-04-07,15:40:00,5.4301,5.88,5.4301,5.662,21150,0
2017-04-07,15:45:00,5.79,5.79,5.65,5.66,1796,0
2017-04-07,15:50:00,5.66,5.69,5.65,5.66,1737,0
2017-04-07,15:55:00,5.66,5.67,5.4655,5.4771,13185,0
2017-04-07,16:00:00,5.43,5.4848,5.43,5.4848,900,0
2017-04-07,16:05:00,5.5,5.57,5.5,5.53,2350,0
2017-04-07,16:10:00,5.56,5.65,5.56,5.6365,4608,0
2017-04-07,16:15:00,5.64,5.65,5.6,5.635,13600,0
2017-04-07,16:20:00,5.62,5.6316,5.62,5.62,6389,0
2017-04-07,16:25:00,5.62,5.62,5.55,5.55,3600,0
2017-04-07,16:30:00,5.55,5.56,5.55,5.56,2100,0
2017-04-07,16:35:00,5.57,5.63,5.5501,5.62,3605,0
2017-04-07,16:40:00,5.6,5.62,5.5899,5.62,5645,0
2017-04-07,16:45:00,5.62,5.65,5.6016,5.61,5700,0
2017-04-07,16:50:00,5.62,5.62,5.6097,5.61,1400,0
2017-04-07,16:55:00,5.61,5.62,5.6,5.6,5500,0
2017-04-07,17:00:00,5.6,5.6001,5.59,5.59,3200,0
2017-04-07,17:05:00,5.5936,5.5936,5.59,5.59,2500,0
2017-04-07,17:10:00,5.59,5.59,5.58,5.5898,2500,0
2017-04-07,17:15:00,5.59,5.68,5.58,5.68,11022,0
2017-04-07,17:20:00,5.66,5.73,5.6,5.6,12200,0
2017-04-07,17:25:00,5.6,5.64,5.59,5.6052,1535,0
2017-04-07,17:30:00,5.56,5.56,5.56,5.56,400,0
2017-04-07,17:35:00,5.61,5.62,5.6,5.62,800,0
2017-04-07,17:40:00,5.7,5.7,5.62,5.6601,4200,0
2017-04-07,17:45:00,5.66,5.7169,5.66,5.7169,2300,0
2017-04-07,17:50:00,5.7,5.7,5.7,5.7,200,0
2017-04-07,17:55:00,5.7065,5.7105,5.7,5.7,1000,0
2017-04-07,18:00:00,5.62,5.6499,5.61,5.6499,900,0
2017-04-07,18:05:00,5.65,5.65,5.6101,5.65,800,0
2017-04-07,18:10:00,5.655,5.67,5.64,5.67,1200,0
2017-04-07,18:15:00,5.68,5.72,5.68,5.68,750,0
2017-04-07,18:20:00,5.7,5.7,5.7,5.7,250,0
2017-04-07,18:25:00,5.71,5.71,5.64,5.66,4200,0
2017-04-07,18:30:00,5.66,5.67,5.66,5.67,300,0
2017-04-07,18:35:00,5.66,5.67,5.66,5.6673,5500,0
2017-04-07,18:40:00,5.66,5.66,5.66,5.66,300,0
2017-04-07,18:45:00,5.67,5.67,5.67,5.67,200,0
2017-04-07,18:50:00,5.66,5.67,5.66,5.67,300,0
2017-04-07,18:55:00,5.67,5.67,5.66,5.66,300,0
2017-04-07,19:00:00,5.67,5.67,5.6608,5.6608,200,0
2017-04-07,19:05:00,5.66,5.6601,5.66,5.6601,300,0
2017-04-07,19:10:00,5.67,5.71,5.67,5.71,800,0
2017-04-07,19:15:00,5.7,5.7,5.7,5.7,300,0
2017-04-07,19:20:00,5.6801,5.69,5.6801,5.6814,1500,0
2017-04-07,19:25:00,5.68,5.69,5.68,5.69,400,0
2017-04-07,19:30:00,5.69,5.69,5.69,5.69,200,0
2017-04-07,19:35:00,5.69,5.71,5.69,5.71,200,0
2017-04-07,19:40:00,5.7,5.72,5.7,5.7176,895,0
2017-04-07,19:45:00,5.69,5.7018,5.69,5.7,1500,0
2017-04-07,19:50:00,5.68,5.68,5.68,5.68,100,0
2017-04-07,19:55:00,5.685,5.69,5.685,5.69,500,0
2017-04-07,20:00:00,5.68,5.69,5.68,5.685,1600,0
2017-04-07,20:05:00,5.68,5.68,5.68,5.68,100,0
2017-04-07,20:10:00,5.69,5.7,5.69,5.7,3200,0
2017-04-07,20:15:00,5.7,5.72,5.7,5.71,2400,0
2017-04-07,20:20:00,5.7001,5.71,5.7,5.7,1600,0
2017-04-07,20:25:00,5.69,5.7,5.69,5.69,3000,0
2017-04-07,20:30:00,5.69,5.7,5.69,5.7,1300,0
2017-04-07,20:35:00,5.7,5.71,5.7,5.7,2800,0
2017-04-07,20:40:00,5.695,5.695,5.695,5.695,800,0
2017-04-07,20:45:00,5.7,5.7,5.695,5.695,200,0
2017-04-07,20:50:00,5.6907,5.7,5.69,5.69,2400,0
2017-04-07,20:55:00,5.7,5.7,5.67,5.67,4900,0
2017-04-07,21:00:00,5.68,5.69,5.67,5.689,3640,0
2017-04-07,21:05:00,5.69,5.71,5.69,5.71,4245,0
2017-04-07,21:10:00,5.705,5.73,5.705,5.73,1700,0
2017-04-07,21:15:00,5.73,5.738,5.729,5.738,500,0
2017-04-07,21:20:00,5.73,5.74,5.72,5.72,1500,0
2017-04-07,21:25:00,5.73,5.74,5.72,5.729,700,0
2017-04-07,21:30:00,5.73,5.73,5.71,5.715,2800,0
2017-04-07,21:35:00,5.72,5.72,5.69,5.69,1100,0
2017-04-07,21:40:00,5.717,5.718,5.7,5.7,1300,0
2017-04-07,21:45:00,5.69,5.7,5.68,5.7,2625,0
2017-04-07,21:50:00,5.6975,5.7,5.68,5.69,1450,0
2017-04-07,21:55:00,5.685,5.7,5.68,5.7,2400,0
2017-04-07,22:00:00,5.7,5.72,5.69,5.69,14022,0
2017-04-10,15:35:00,5.74,5.7442,5.74,5.7442,4514,0
2017-04-10,15:40:00,5.74,5.78,5.71,5.71,1556,0
2017-04-10,15:45:00,5.7399,5.75,5.7101,5.7297,1147,0
2017-04-10,15:50:00,5.71,5.75,5.71,5.75,500,0
2017-04-10,15:55:00,5.71,5.7532,5.71,5.7532,300,0
2017-04-10,16:00:00,5.72,5.76,5.72,5.75,3500,0
2017-04-10,16:05:00,5.72,5.75,5.71,5.72,7014,0
2017-04-10,16:10:00,5.74,5.79,5.74,5.79,11400,0
2017-04-10,16:15:00,5.82,5.82,5.7869,5.82,7470,0
2017-04-10,16:20:00,5.7891,5.82,5.7891,5.8013,3900,0
2017-04-10,16:25:00,5.7892,5.82,5.7849,5.8,2400,0
2017-04-10,16:30:00,5.82,5.84,5.72,5.77,4652,0
2017-04-10,16:35:00,5.78,5.79,5.778,5.778,2592,0
2017-04-10,16:40:00,5.79,5.82,5.77,5.8,2496,0
2017-04-10,16:45:00,5.77,5.8,5.75,5.8,1598,0
2017-04-10,16:50:00,5.8,5.8,5.79,5.8,1759,0
2017-04-10,16:55:00,5.7899,5.7899,5.7552,5.78,1898,0
2017-04-10,17:00:00,5.78,5.7999,5.74,5.7799,2497,0
2017-04-10,17:05:00,5.73,5.75,5.7258,5.7258,995,0
2017-04-10,17:10:00,5.75,5.75,5.73,5.73,300,0
2017-04-10,17:20:00,5.76,5.76,5.73,5.73,600,0
2017-04-10,17:25:00,5.75,5.75,5.75,5.75,1100,0
2017-04-10,17:30:00,5.734,5.77,5.734,5.77,2200,0
2017-04-10,17:35:00,5.76,5.77,5.76,5.77,200,0
2017-04-10,17:40:00,5.74,5.74,5.74,5.74,801,0
2017-04-10,17:45:00,5.72,5.7273,5.71,5.7158,6475,0
2017-04-10,17:50:00,5.712,5.72,5.71,5.71,2493,0
2017-04-10,17:55:00,5.74,5.74,5.72,5.72,400,0
2017-04-10,18:00:00,5.75,5.77,5.75,5.77,400,0
2017-04-10,18:05:00,5.76,5.77,5.74,5.74,600,0
2017-04-10,18:10:00,5.75,5.76,5.74,5.76,300,0
2017-04-10,18:15:00,5.77,5.77,5.74,5.74,1400,0
2017-04-10,18:20:00,5.75,5.75,5.75,5.75,200,0
2017-04-10,18:25:00,5.75,5.76,5.7381,5.76,2300,0
2017-04-10,18:35:00,5.75,5.75,5.75,5.75,200,0
2017-04-10,18:40:00,5.72,5.76,5.72,5.76,400,0
2017-04-10,18:50:00,5.76,5.76,5.74,5.75,300,0
2017-04-10,18:55:00,5.73,5.73,5.72,5.72,1285,0
2017-04-10,19:00:00,5.74,5.75,5.74,5.75,300,0
2017-04-10,19:05:00,5.75,5.75,5.715,5.715,2402,0
2017-04-10,19:10:00,5.72,5.76,5.7,5.7518,12270,0
2017-04-10,19:15:00,5.74,5.77,5.74,5.77,300,0
2017-04-10,19:20:00,5.75,5.78,5.75,5.75,400,0
2017-04-10,19:25:00,5.75,5.7599,5.75,5.7599,600,0
2017-04-10,19:30:00,5.735,5.75,5.72,5.75,3558,0
2017-04-10,19:35:00,5.76,5.76,5.76,5.76,100,0
2017-04-10,19:40:00,5.72,5.72,5.72,5.72,100,0
2017-04-10,19:50:00,5.76,5.78,5.75,5.78,1600,0
2017-04-10,20:00:00,5.78,5.78,5.76,5.76,996,0
2017-04-10,20:05:00,5.78,5.78,5.75,5.75,1000,0
2017-04-10,20:15:00,5.78,5.78,5.75,5.75,400,0
2017-04-10,20:20:00,5.76,5.76,5.73,5.73,500,0
2017-04-10,20:25:00,5.72,5.75,5.72,5.74,500,0
2017-04-10,20:30:00,5.75,5.77,5.75,5.77,200,0
2017-04-10,20:35:00,5.76,5.76,5.76,5.76,100,0
2017-04-10,20:40:00,5.7536,5.76,5.738,5.76,1700,0
2017-04-10,20:50:00,5.77,5.77,5.77,5.77,200,0
2017-04-10,21:00:00,5.74,5.77,5.74,5.74,1958,0
2017-04-10,21:10:00,5.76,5.76,5.76,5.76,100,0
2017-04-10,21:15:00,5.73,5.7301,5.71,5.71,4400,0
2017-04-10,21:20:00,5.75,5.76,5.735,5.76,500,0
2017-04-10,21:25:00,5.75,5.75,5.73,5.75,2500,0
2017-04-10,21:30:00,5.75,5.75,5.73,5.74,2800,0
2017-04-10,21:35:00,5.74,5.74,5.73,5.74,900,0
2017-04-10,21:40:00,5.757,5.757,5.73,5.74,3805,0
2017-04-10,21:45:00,5.74,5.76,5.74,5.76,2300,0
2017-04-10,21:50:00,5.757,5.76,5.749,5.75,2390,0
2017-04-10,21:55:00,5.77,5.77,5.74,5.76,1700,0
2017-04-10,22:00:00,5.76,5.779,5.74,5.76,14883,0
2017-04-11,15:35:00,5.76,5.8999,5.76,5.8999,8180,0
2017-04-11,15:40:00,5.864,5.864,5.8,5.8,1800,0
2017-04-11,15:50:00,5.73,5.7732,5.73,5.766,2448,0
2017-04-11,15:55:00,5.7456,5.76,5.7348,5.76,7600,0
2017-04-11,16:00:00,5.7553,5.77,5.72,5.77,3380,0
2017-04-11,16:05:00,5.72,5.75,5.72,5.75,1668,0
2017-04-11,16:10:00,5.74,5.74,5.74,5.74,300,0
2017-04-11,16:15:00,5.79,5.79,5.76,5.76,1800,0
2017-04-11,16:20:00,5.73,5.77,5.73,5.77,200,0
2017-04-11,16:25:00,5.79,5.79,5.76,5.76,300,0
2017-04-11,16:30:00,5.76,5.7648,5.74,5.74,1300,0
2017-04-11,16:35:00,5.74,5.76,5.74,5.76,900,0
2017-04-11,16:40:00,5.74,5.74,5.72,5.72,3000,0
2017-04-11,16:45:00,5.72,5.74,5.72,5.72,3000,0
2017-04-11,16:50:00,5.73,5.73,5.71,5.71,5092,0
2017-04-11,16:55:00,5.73,5.73,5.73,5.73,100,0
2017-04-11,17:00:00,5.73,5.75,5.72,5.75,2100,0
2017-04-11,17:05:00,5.75,5.76,5.75,5.76,700,0
2017-04-11,17:10:00,5.76,5.77,5.76,5.77,600,0
2017-04-11,17:20:00,5.74,5.77,5.74,5.77,500,0
2017-04-11,17:25:00,5.77,5.77,5.77,5.77,100,0
2017-04-11,17:30:00,5.74,5.74,5.74,5.74,300,0
2017-04-11,17:35:00,5.77,5.77,5.75,5.75,2900,0
2017-04-11,17:40:00,5.7401,5.76,5.74,5.76,2190,0
2017-04-11,17:45:00,5.78,5.78,5.76,5.77,1365,0
2017-04-11,17:50:00,5.77,5.79,5.77,5.78,500,0
2017-04-11,17:55:00,5.76,5.76,5.76,5.76,1300,0
2017-04-11,18:00:00,5.77,5.77,5.77,5.77,100,0
2017-04-11,18:10:00,5.77,5.77,5.76,5.76,200,0
2017-04-11,18:15:00,5.76,5.76,5.76,5.76,200,0
2017-04-11,18:20:00,5.76,5.78,5.75,5.7698,1447,0
2017-04-11,18:30:00,5.76,5.76,5.76,5.76,400,0
2017-04-11,18:35:00,5.76,5.76,5.7532,5.7532,600,0
2017-04-11,18:40:00,5.78,5.78,5.76,5.765,500,0
2017-04-11,18:50:00,5.76,5.76,5.76,5.76,300,0
2017-04-11,18:55:00,5.8,5.8,5.8,5.8,100,0
2017-04-11,19:05:00,5.7403,5.7403,5.7403,5.7403,800,0
2017-04-11,19:10:00,5.77,5.77,5.77,5.77,200,0
2017-04-11,19:15:00,5.77,5.77,5.75,5.75,4264,0
2017-04-11,19:25:00,5.77,5.77,5.75,5.75,200,0
2017-04-11,19:30:00,5.76,5.76,5.74,5.76,1900,0
2017-04-11,19:35:00,5.77,5.77,5.77,5.77,100,0
2017-04-11,19:50:00,5.77,5.77,5.77,5.77,200,0
2017-04-11,19:55:00,5.77,5.77,5.77,5.77,100,0
2017-04-11,20:00:00,5.77,5.77,5.77,5.77,100,0
2017-04-11,20:05:00,5.76,5.76,5.75,5.75,600,0
2017-04-11,20:10:00,5.77,5.77,5.76,5.76,200,0
2017-04-11,20:15:00,5.77,5.77,5.77,5.77,300,0
2017-04-11,20:20:00,5.77,5.77,5.77,5.77,200,0
2017-04-11,20:25:00,5.75,5.75,5.7416,5.75,3200,0
2017-04-11,20:30:00,5.76,5.76,5.75,5.76,2640,0
2017-04-11,20:35:00,5.75,5.7501,5.75,5.7501,1897,0
2017-04-11,20:40:00,5.7699,5.7699,5.76,5.76,1200,0
2017-04-11,20:45:00,5.76,5.77,5.76,5.76,600,0
2017-04-11,20:50:00,5.76,5.77,5.75,5.75,800,0
2017-04-11,20:55:00,5.75,5.75,5.74,5.74,200,0
2017-04-11,21:00:00,5.76,5.76,5.76,5.76,100,0
2017-04-11,21:05:00,5.77,5.77,5.77,5.77,100,0
2017-04-11,21:10:00,5.76,5.77,5.76,5.76,2016,0
2017-04-11,21:15:00,5.7546,5.769,5.7532,5.769,3130,0
2017-04-11,21:20:00,5.76,5.76,5.7501,5.76,1000,0
2017-04-11,21:25:00,5.77,5.77,5.75,5.75,4862,0
2017-04-11,21:30:00,5.75,5.77,5.75,5.76,1625,0
2017-04-11,21:35:00,5.77,5.77,5.77,5.77,100,0
2017-04-11,21:40:00,5.75,5.78,5.75,5.76,9103,0
2017-04-11,21:45:00,5.76,5.76,5.76,5.76,2594,0
2017-04-11,21:50:00,5.76,5.77,5.76,5.76,7961,0
2017-04-11,21:55:00,5.76,5.77,5.76,5.76,7721,0
2017-04-11,22:00:00,5.77,5.8,5.77,5.78,3215,0
2017-04-12,15:35:00,5.8,5.87,5.8,5.87,534,0
2017-04-12,15:40:00,5.82,5.852,5.82,5.852,2000,0
2017-04-12,15:45:00,5.78,5.78,5.75,5.762,2153,0
2017-04-12,15:50:00,5.75,5.77,5.75,5.75,600,0
2017-04-12,15:55:00,5.75,5.75,5.75,5.75,100,0
2017-04-12,16:00:00,5.73,5.77,5.73,5.7541,500,0
2017-04-12,16:05:00,5.75,5.77,5.75,5.76,1000,0
2017-04-12,16:10:00,5.73,5.73,5.73,5.73,200,0
2017-04-12,16:15:00,5.76,5.76,5.73,5.76,2100,0
2017-04-12,16:20:00,5.75,5.75,5.75,5.75,100,0
2017-04-12,16:25:00,5.77,5.77,5.74,5.75,400,0
2017-04-12,16:30:00,5.75,5.76,5.75,5.76,400,0
2017-04-12,16:35:00,5.74,5.77,5.73,5.76,1050,0
2017-04-12,16:40:00,5.76,5.76,5.73,5.76,1200,0
2017-04-12,16:45:00,5.76,5.76,5.74,5.76,1400,0
2017-04-12,16:50:00,5.76,5.76,5.75,5.75,2200,0
2017-04-12,16:55:00,5.76,5.76,5.75,5.75,1100,0
2017-04-12,17:00:00,5.76,5.7813,5.76,5.76,2500,0
2017-04-12,17:05:00,5.77,5.79,5.77,5.79,300,0
2017-04-12,17:10:00,5.76,5.76,5.76,5.76,900,0
2017-04-12,17:15:00,5.75,5.77,5.75,5.77,200,0
2017-04-12,17:20:00,5.77,5.77,5.75,5.77,400,0
2017-04-12,17:25:00,5.75,5.77,5.75,5.77,300,0
2017-04-12,17:30:00,5.75,5.77,5.75,5.77,200,0
2017-04-12,17:35:00,5.76,5.76,5.75,5.75,3773,0
2017-04-12,17:40:00,5.75,5.75,5.74,5.74,2700,0
2017-04-12,17:45:00,5.76,5.76,5.74,5.74,300,0
2017-04-12,17:50:00,5.7402,5.76,5.74,5.76,1300,0
2017-04-12,17:55:00,5.76,5.76,5.75,5.75,1600,0
2017-04-12,18:00:00,5.7572,5.77,5.7572,5.77,1100,0
2017-04-12,18:10:00,5.75,5.75,5.75,5.75,100,0
2017-04-12,18:15:00,5.75,5.77,5.75,5.77,200,0
2017-04-12,18:20:00,5.76,5.77,5.76,5.77,200,0
2017-04-12,18:25:00,5.78,5.78,5.76,5.76,200,0
2017-04-12,18:35:00,5.79,5.79,5.79,5.79,100,0
2017-04-12,18:40:00,5.77,5.79,5.77,5.79,400,0
2017-04-12,18:45:00,5.765,5.78,5.75,5.75,2300,0
2017-04-12,18:50:00,5.76,5.76,5.7501,5.7501,200,0
2017-04-12,18:55:00,5.75,5.76,5.75,5.76,700,0
2017-04-12,19:00:00,5.76,5.77,5.76,5.77,400,0
2017-04-12,19:10:00,5.77,5.77,5.77,5.77,1800,0
2017-04-12,19:15:00,5.79,5.79,5.78,5.78,300,0
2017-04-12,19:20:00,5.7749,5.7749,5.7749,5.7749,3000,0
2017-04-12,19:25:00,5.765,5.765,5.765,5.765,200,0
2017-04-12,19:30:00,5.74,5.77,5.74,5.77,1600,0
2017-04-12,19:40:00,5.77,5.77,5.77,5.77,100,0
2017-04-12,19:45:00,5.78,5.78,5.78,5.78,100,0
2017-04-12,19:50:00,5.76,5.77,5.76,5.76,5503,0
2017-04-12,19:55:00,5.75,5.75,5.75,5.75,100,0
2017-04-12,20:00:00,5.77,5.78,5.751,5.771,2100,0
2017-04-12,20:05:00,5.78,5.78,5.78,5.78,400,0
2017-04-12,20:20:00,5.76,5.78,5.76,5.765,300,0
2017-04-12,20:25:00,5.7668,5.7668,5.7668,5.7668,100,0
2017-04-12,20:30:00,5.77,5.77,5.76,5.76,300,0
2017-04-12,20:35:00,5.76,5.77,5.76,5.77,300,0
2017-04-12,20:40:00,5.77,5.77,5.77,5.77,200,0
2017-04-12,20:45:00,5.76,5.7601,5.74,5.74,7057,0
2017-04-12,20:50:00,5.73,5.73,5.72,5.72,1975,0
2017-04-12,20:55:00,5.72,5.72,5.6,5.6059,14969,0
2017-04-12,21:00:00,5.64,5.68,5.62,5.68,5300,0
2017-04-12,21:05:00,5.69,5.7,5.69,5.69,1300,0
2017-04-12,21:10:00,5.69,5.76,5.69,5.72,3200,0
2017-04-12,21:15:00,5.76,5.76,5.72,5.73,3100,0
2017-04-12,21:20:00,5.7364,5.74,5.73,5.74,2640,0
2017-04-12,21:25:00,5.74,5.74,5.73,5.74,3600,0
2017-04-12,21:30:00,5.74,5.75,5.7,5.71,12397,0
2017-04-12,21:35:00,5.645,5.67,5.6177,5.645,1150,0
2017-04-12,21:40:00,5.65,5.68,5.65,5.68,8966,0
2017-04-12,21:45:00,5.69,5.74,5.69,5.74,6000,0
2017-04-12,21:50:00,5.74,5.74,5.71,5.71,14956,0
2017-04-12,21:55:00,5.71,5.72,5.68,5.69,8309,0
2017-04-12,22:00:00,5.72,5.78,5.7,5.77,19822,0
2017-04-13,15:35:00,5.8,5.8,5.75,5.75,2118,0
2017-04-13,15:40:00,5.75,5.75,5.665,5.665,2640,0
2017-04-13,15:45:00,5.7058,5.7058,5.7,5.7,1175,0
2017-04-13,15:50:00,5.69,5.7,5.69,5.7,200,0
2017-04-13,15:55:00,5.7,5.7062,5.7,5.7062,500,0
2017-04-13,16:05:00,5.72,5.73,5.72,5.7201,3160,0
2017-04-13,16:10:00,5.6916,5.7652,5.68,5.7652,3660,0
2017-04-13,16:15:00,5.65,5.6986,5.6101,5.6101,3550,0
2017-04-13,16:25:00,5.6665,5.6665,5.6665,5.6665,300,0
2017-04-13,16:30:00,5.74,5.75,5.735,5.74,700,0
2017-04-13,16:35:00,5.734,5.736,5.69,5.7,6400,0
2017-04-13,16:40:00,5.7,5.7025,5.7,5.7,2100,0
2017-04-13,16:45:00,5.71,5.71,5.71,5.71,100,0
2017-04-13,16:55:00,5.71,5.71,5.71,5.71,200,0
2017-04-13,17:00:00,5.73,5.73,5.7,5.7,871,0
2017-04-13,17:05:00,5.7,5.7,5.7,5.7,100,0
2017-04-13,17:10:00,5.7,5.7,5.69,5.695,995,0
2017-04-13,17:20:00,5.69,5.69,5.68,5.69,1100,0
2017-04-13,17:25:00,5.68,5.69,5.64,5.64,4800,0
2017-04-13,17:30:00,5.645,5.645,5.625,5.64,1800,0
2017-04-13,17:35:00,5.6279,5.65,5.6279,5.65,2200,0
2017-04-13,17:40:00,5.65,5.66,5.65,5.66,200,0
2017-04-13,17:45:00,5.6599,5.6599,5.6599,5.6599,500,0
2017-04-13,17:50:00,5.66,5.68,5.66,5.675,700,0
2017-04-13,17:55:00,5.5834,5.5834,5.5834,5.5834,300,0
2017-04-13,18:00:00,5.6,5.61,5.6,5.61,500,0
2017-04-13,18:05:00,5.61,5.62,5.6,5.6,1200,0
2017-04-13,18:10:00,5.58,5.597,5.58,5.597,300,0
2017-04-13,18:15:00,5.5946,5.5946,5.585,5.585,2150,0
2017-04-13,18:20:00,5.6,5.62,5.6,5.62,530,0
2017-04-13,18:25:00,5.62,5.62,5.61,5.61,600,0
2017-04-13,18:30:00,5.635,5.635,5.63,5.63,600,0
2017-04-13,18:35:00,5.64,5.64,5.63,5.63,300,0
2017-04-13,18:40:00,5.62,5.635,5.62,5.635,200,0
2017-04-13,18:45:00,5.64,5.6525,5.63,5.6425,400,0
2017-04-13,18:50:00,5.64,5.65,5.64,5.65,200,0
2017-04-13,19:00:00,5.7,5.7,5.69,5.69,600,0
2017-04-13,19:20:00,5.64,5.64,5.64,5.64,100,0
2017-04-13,19:25:00,5.65,5.65,5.65,5.65,200,0
2017-04-13,19:30:00,5.68,5.695,5.67,5.69,3785,0
2017-04-13,19:35:00,5.6603,5.6603,5.6603,5.6603,2000,0
2017-04-13,19:40:00,5.69,5.69,5.68,5.689,1900,0
2017-04-13,19:50:00,5.69,5.69,5.65,5.66,1400,0
2017-04-13,20:05:00,5.64,5.65,5.64,5.65,1000,0
2017-04-13,20:15:00,5.65,5.66,5.65,5.66,700,0
2017-04-13,20:20:00,5.64,5.64,5.64,5.64,400,0
2017-04-13,20:25:00,5.65,5.66,5.65,5.66,900,0
2017-04-13,20:40:00,5.66,5.66,5.6501,5.6501,2000,0
2017-04-13,20:45:00,5.66,5.69,5.66,5.68,2200,0
2017-04-13,20:50:00,5.64,5.66,5.63,5.65,3756,0
2017-04-13,21:00:00,5.67,5.67,5.67,5.67,100,0
2017-04-13,21:10:00,5.67,5.67,5.67,5.67,500,0
2017-04-13,21:15:00,5.69,5.69,5.69,5.69,100,0
2017-04-13,21:20:00,5.67,5.68,5.669,5.67,1625,0
2017-04-13,21:25:00,5.67,5.68,5.67,5.68,900,0
2017-04-13,21:35:00,5.67,5.67,5.6559,5.6559,500,0
2017-04-13,21:40:00,5.65,5.67,5.65,5.67,800,0
2017-04-13,21:45:00,5.67,5.67,5.67,5.67,100,0
2017-04-13,21:50:00,5.66,5.67,5.66,5.67,700,0
2017-04-13,21:55:00,5.68,5.68,5.6699,5.67,1000,0
2017-04-13,22:00:00,5.68,5.8,5.68,5.72,19142,0
2017-04-17,15:35:00,5.77,5.83,5.76,5.83,5548,0
2017-04-17,15:40:00,5.75,5.75,5.73,5.73,500,0
2017-04-17,15:45:00,5.72,5.73,5.68,5.68,4950,0
2017-04-17,15:50:00,5.66,5.675,5.621,5.6285,5600,0
2017-04-17,15:55:00,5.66,5.715,5.66,5.71,300,0
2017-04-17,16:00:00,5.73,5.77,5.73,5.73,3000,0
2017-04-17,16:05:00,5.73,5.75,5.73,5.75,300,0
2017-04-17,16:10:00,5.75,5.77,5.75,5.77,1000,0
2017-04-17,16:15:00,5.755,5.7799,5.755,5.7799,4000,0
2017-04-17,16:20:00,5.7731,5.7731,5.7401,5.7401,3000,0
2017-04-17,16:25:00,5.75,5.75,5.7202,5.7202,6999,0
2017-04-17,16:30:00,5.73,5.73,5.73,5.73,500,0
2017-04-17,16:35:00,5.735,5.735,5.735,5.735,100,0
2017-04-17,16:40:00,5.735,5.735,5.735,5.735,1500,0
2017-04-17,16:45:00,5.75,5.75,5.72,5.73,825,0
2017-04-17,16:55:00,5.75,5.75,5.75,5.75,211,0
2017-04-17,17:00:00,5.75,5.8203,5.749,5.8,10399,0
2017-04-17,17:10:00,5.8,5.8,5.8,5.8,100,0
2017-04-17,17:15:00,5.82,5.82,5.805,5.805,2000,0
2017-04-17,17:20:00,5.82,5.82,5.8,5.8,200,0
2017-04-17,17:25:00,5.81,5.81,5.7801,5.79,1700,0
2017-04-17,17:30:00,5.79,5.83,5.79,5.83,2075,0
2017-04-17,17:40:00,5.82,5.82,5.8,5.8,600,0
2017-04-17,17:45:00,5.8099,5.8099,5.8099,5.8099,350,0
2017-04-17,17:50:00,5.81,5.81,5.81,5.81,100,0
2017-04-17,17:55:00,5.8029,5.8029,5.78,5.8,310,0
2017-04-17,18:00:00,5.775,5.775,5.77,5.77,400,0
2017-04-17,18:10:00,5.755,5.77,5.755,5.77,1000,0
2017-04-17,18:15:00,5.75,5.77,5.75,5.77,500,0
2017-04-17,18:20:00,5.7639,5.7639,5.75,5.75,400,0
2017-04-17,18:30:00,5.78,5.84,5.77,5.84,14000,0
2017-04-17,18:35:00,5.82,5.84,5.77,5.82,10000,0
2017-04-17,18:40:00,5.83,5.85,5.765,5.79,20089,0
2017-04-17,18:45:00,5.77,5.85,5.77,5.8201,6600,0
2017-04-17,18:50:00,5.83,5.835,5.81,5.8207,6800,0
2017-04-17,18:55:00,5.85,5.85,5.76,5.79,9189,0
2017-04-17,19:00:00,5.76,5.82,5.76,5.82,6000,0
2017-04-17,19:05:00,5.82,5.85,5.8,5.8,10186,0
2017-04-17,19:10:00,5.83,5.85,5.8,5.84,6200,0
2017-04-17,19:15:00,5.84,5.85,5.77,5.78,13920,0
2017-04-17,19:20:00,5.82,5.87,5.8,5.82,6200,0
2017-04-17,19:25:00,5.81,5.81,5.73,5.81,10483,0
2017-04-17,19:30:00,5.82,5.845,5.7601,5.82,8925,0
2017-04-17,19:35:00,5.82,5.82,5.76,5.79,10990,0
2017-04-17,19:40:00,5.79,5.82,5.79,5.81,4258,0
2017-04-17,19:45:00,5.81,5.81,5.77,5.77,1600,0
2017-04-17,19:50:00,5.7773,5.82,5.7773,5.79,730,0
2017-04-17,19:55:00,5.8,5.81,5.8,5.81,200,0
2017-04-17,20:05:00,5.8,5.8,5.8,5.8,200,0
2017-04-17,20:10:00,5.8,5.84,5.7999,5.8299,2351,0
2017-04-17,20:15:00,5.83,5.83,5.76,5.81,10135,0
2017-04-17,20:20:00,5.82,5.85,5.76,5.79,9235,0
2017-04-17,20:25:00,5.795,5.795,5.795,5.795,200,0
2017-04-17,20:30:00,5.79,5.79,5.78,5.78,400,0
2017-04-17,20:40:00,5.8,5.8,5.8,5.8,100,0
2017-04-17,20:50:00,5.8,5.81,5.8,5.81,2400,0
2017-04-17,20:55:00,5.82,5.82,5.82,5.82,100,0
2017-04-17,21:00:00,5.82,5.83,5.82,5.83,200,0
2017-04-17,21:05:00,5.79,5.79,5.79,5.79,100,0
2017-04-17,21:10:00,5.79,5.83,5.79,5.83,5300,0
2017-04-17,21:15:00,5.84,5.85,5.82,5.82,6924,0
2017-04-17,21:20:00,5.83,5.84,5.83,5.84,250,0
2017-04-17,21:25:00,5.83,5.8563,5.83,5.8563,430,0
2017-04-17,21:30:00,5.86,5.86,5.86,5.86,100,0
2017-04-17,21:35:00,5.85,5.86,5.85,5.86,300,0
2017-04-17,21:40:00,5.86,5.86,5.86,5.86,100,0
2017-04-17,21:45:00,5.86,5.86,5.8501,5.8501,600,0
2017-04-17,21:50:00,5.87,5.87,5.84,5.84,1045,0
2017-04-17,21:55:00,5.84,5.88,5.84,5.88,495,0
2017-04-17,22:00:00,5.877,5.89,5.82,5.88,4730,0
2017-04-18,15:35:00,5.9,5.9,5.9,5.9,2439,0
2017-04-18,15:40:00,5.87,5.9,5.809,5.81,1500,0
2017-04-18,15:50:00,5.8,5.83,5.8,5.81,1800,0
2017-04-18,16:10:00,5.8,5.835,5.8,5.8058,1237,0
2017-04-18,16:20:00,5.8,5.8036,5.77,5.77,2600,0
2017-04-18,16:25:00,5.76,5.77,5.68,5.73,6156,0
2017-04-18,16:30:00,5.76,5.78,5.7,5.7,7673,0
2017-04-18,16:35:00,5.75,5.76,5.74,5.74,700,0
2017-04-18,16:40:00,5.701,5.701,5.681,5.681,3201,0
2017-04-18,16:45:00,5.71,5.73,5.71,5.73,400,0
2017-04-18,16:55:00,5.74,5.74,5.74,5.74,100,0
2017-04-18,17:00:00,5.71,5.75,5.71,5.75,692,0
2017-04-18,17:05:00,5.72,5.72,5.6938,5.6938,3200,0
2017-04-18,17:10:00,5.7082,5.72,5.68,5.72,4100,0
2017-04-18,17:15:00,5.695,5.695,5.6854,5.695,3200,0
2017-04-18,17:20:00,5.7,5.71,5.7,5.71,600,0
2017-04-18,17:25:00,5.7,5.7,5.68,5.68,900,0
2017-04-18,17:30:00,5.68,5.69,5.68,5.69,800,0
2017-04-18,17:35:00,5.69,5.69,5.6699,5.6699,1784,0
2017-04-18,17:40:00,5.65,5.65,5.58,5.6003,3400,0
2017-04-18,17:45:00,5.6165,5.62,5.58,5.6,6874,0
2017-04-18,17:50:00,5.595,5.63,5.595,5.6101,2600,0
2017-04-18,17:55:00,5.63,5.63,5.63,5.63,400,0
2017-04-18,18:00:00,5.6236,5.63,5.6236,5.63,3100,0
2017-04-18,18:05:00,5.62,5.63,5.62,5.63,300,0
2017-04-18,18:10:00,5.65,5.66,5.65,5.655,600,0
2017-04-18,18:15:00,5.66,5.66,5.66,5.66,400,0
2017-04-18,18:20:00,5.68,5.7,5.68,5.7,7163,0
2017-04-18,18:35:00,5.68,5.68,5.67,5.68,600,0
2017-04-18,18:50:00,5.65,5.66,5.65,5.66,5240,0
2017-04-18,18:55:00,5.64,5.65,5.63,5.65,600,0
2017-04-18,19:05:00,5.64,5.64,5.6,5.636,3956,0
2017-04-18,19:10:00,5.6054,5.615,5.6,5.6,3200,0
2017-04-18,19:15:00,5.6064,5.66,5.6064,5.66,6000,0
2017-04-18,19:20:00,5.67,5.67,5.67,5.67,100,0
2017-04-18,19:25:00,5.66,5.66,5.63,5.6323,3900,0
2017-04-18,19:30:00,5.63,5.63,5.626,5.626,3100,0
2017-04-18,19:35:00,5.64,5.64,5.64,5.64,100,0
2017-04-18,19:40:00,5.63,5.66,5.63,5.65,2000,0
2017-04-18,19:45:00,5.68,5.68,5.68,5.68,100,0
2017-04-18,20:10:00,5.6301,5.66,5.6301,5.65,3054,0
2017-04-18,20:15:00,5.66,5.66,5.66,5.66,200,0
2017-04-18,20:20:00,5.652,5.652,5.652,5.652,3900,0
2017-04-18,20:30:00,5.6557,5.6557,5.6557,5.6557,400,0
2017-04-18,20:40:00,5.66,5.66,5.66,5.66,100,0
2017-04-18,20:45:00,5.6759,5.6759,5.66,5.66,300,0
2017-04-18,20:55:00,5.68,5.68,5.66,5.68,300,0
2017-04-18,21:00:00,5.65,5.65,5.65,5.65,100,0
2017-04-18,21:05:00,5.67,5.67,5.67,5.67,500,0
2017-04-18,21:10:00,5.67,5.67,5.67,5.67,300,0
2017-04-18,21:20:00,5.6516,5.67,5.6516,5.67,1403,0
2017-04-18,21:25:00,5.68,5.69,5.64,5.69,4613,0
2017-04-18,21:30:00,5.69,5.69,5.67,5.68,1000,0
2017-04-18,21:35:00,5.64,5.64,5.64,5.64,100,0
2017-04-18,21:40:00,5.65,5.65,5.642,5.642,2100,0
2017-04-18,21:45:00,5.645,5.645,5.6315,5.645,1263,0
2017-04-18,21:50:00,5.6285,5.67,5.62,5.665,3900,0
2017-04-18,21:55:00,5.65,5.667,5.63,5.649,2100,0
2017-04-18,22:00:00,5.64,5.67,5.62,5.65,5175,0
2017-04-19,15:35:00,5.72,5.72,5.5966,5.6,2813,0
2017-04-19,15:50:00,5.65,5.65,5.61,5.61,3900,0
2017-04-19,15:55:00,5.58,5.58,5.57,5.57,300,0
2017-04-19,16:00:00,5.58,5.58,5.579,5.58,1300,0
2017-04-19,16:05:00,5.5765,5.58,5.5765,5.58,2367,0
2017-04-19,16:10:00,5.59,5.59,5.59,5.59,100,0
2017-04-19,16:15:00,5.59,5.6,5.5827,5.5827,643,0
2017-04-19,16:20:00,5.6,5.63,5.6,5.63,400,0
2017-04-19,16:25:00,5.63,5.63,5.61,5.61,3300,0
2017-04-19,16:30:00,5.62,5.62,5.61,5.615,1620,0
2017-04-19,16:35:00,5.61,5.61,5.6,5.6,300,0
2017-04-19,16:40:00,5.59,5.59,5.58,5.58,1900,0
2017-04-19,16:45:00,5.57,5.57,5.57,5.57,100,0
2017-04-19,16:50:00,5.56,5.56,5.51,5.547,2200,0
2017-04-19,16:55:00,5.56,5.56,5.55,5.55,900,0
2017-04-19,17:00:00,5.57,5.57,5.56,5.56,300,0
2017-04-19,17:10:00,5.58,5.5999,5.58,5.5999,813,0
2017-04-19,17:15:00,5.57,5.58,5.56,5.56,625,0
2017-04-19,17:20:00,5.58,5.6,5.58,5.59,5597,0
2017-04-19,17:25:00,5.59,5.59,5.59,5.59,200,0
2017-04-19,17:30:00,5.59,5.59,5.57,5.57,2500,0
2017-04-19,17:35:00,5.57,5.58,5.57,5.575,1900,0
2017-04-19,17:40:00,5.59,5.61,5.59,5.59,600,0
2017-04-19,17:45:00,5.595,5.595,5.595,5.595,200,0
2017-04-19,17:50:00,5.6,5.6,5.57,5.57,600,0
2017-04-19,17:55:00,5.57,5.57,5.56,5.56,1133,0
2017-04-19,18:00:00,5.57,5.57,5.56,5.56,400,0
2017-04-19,18:10:00,5.55,5.58,5.55,5.58,6400,0
2017-04-19,18:20:00,5.53,5.53,5.42,5.49,5281,0
2017-04-19,18:25:00,5.4826,5.49,5.47,5.48,3500,0
2017-04-19,18:30:00,5.48,5.55,5.45,5.53,21405,0
2017-04-19,18:35:00,5.53,5.58,5.5,5.53,6624,0
2017-04-19,18:40:00,5.58,5.58,5.5,5.52,9200,0
2017-04-19,18:45:00,5.53,5.6,5.53,5.56,11589,0
2017-04-19,18:50:00,5.58,5.58,5.49,5.5,6700,0
2017-04-19,19:00:00,5.51,5.51,5.48,5.48,3578,0
2017-04-19,19:05:00,5.5,5.5,5.5,5.5,100,0
2017-04-19,19:10:00,5.5,5.5,5.445,5.46,2697,0
2017-04-19,19:15:00,5.46,5.46,5.46,5.46,100,0
2017-04-19,19:20:00,5.44,5.44,5.44,5.44,100,0
2017-04-19,19:25:00,5.449,5.449,5.4393,5.4393,1500,0
2017-04-19,19:30:00,5.435,5.45,5.435,5.45,3474,0
2017-04-19,19:35:00,5.466,5.4773,5.466,5.4773,2100,0
2017-04-19,19:40:00,5.45,5.47,5.445,5.45,6252,0
2017-04-19,19:45:00,5.45,5.5517,5.45,5.5517,4400,0
2017-04-19,19:50:00,5.5,5.55,5.5,5.54,2100,0
2017-04-19,19:55:00,5.54,5.55,5.53,5.54,9800,0
2017-04-19,20:00:00,5.54,5.54,5.49,5.49,10200,0
2017-04-19,20:05:00,5.5,5.5,5.45,5.45,4800,0
2017-04-19,20:10:00,5.451,5.48,5.4501,5.4523,5824,0
2017-04-19,20:15:00,5.465,5.465,5.42,5.42,5545,0
2017-04-19,20:20:00,5.42,5.43,5.42,5.425,1500,0
2017-04-19,20:25:00,5.43,5.43,5.362,5.38,6700,0
2017-04-19,20:30:00,5.38,5.39,5.3706,5.39,2100,0
2017-04-19,20:35:00,5.39,5.4,5.38,5.4,8600,0
2017-04-19,20:40:00,5.3901,5.43,5.3901,5.42,980,0
2017-04-19,20:50:00,5.4,5.42,5.4,5.42,1400,0
2017-04-19,20:55:00,5.4016,5.46,5.4,5.4,5987,0
2017-04-19,21:00:00,5.43,5.43,5.42,5.421,1700,0
2017-04-19,21:10:00,5.4,5.4001,5.4,5.4,2324,0
2017-04-19,21:15:00,5.4,5.4042,5.4,5.4042,700,0
2017-04-19,21:20:00,5.4,5.4001,5.4,5.4001,600,0
2017-04-19,21:25:00,5.405,5.41,5.4015,5.4015,6100,0
2017-04-19,21:30:00,5.42,5.42,5.4,5.4,600,0
2017-04-19,21:35:00,5.4,5.41,5.4,5.4,2800,0
2017-04-19,21:40:00,5.4,5.405,5.4,5.405,1200,0
2017-04-19,21:45:00,5.4085,5.42,5.4,5.415,5400,0
2017-04-19,21:50:00,5.42,5.42,5.41,5.41,900,0
2017-04-19,21:55:00,5.41,5.4182,5.4,5.4,5243,0
2017-04-19,22:00:00,5.4,5.41,5.37,5.39,5369,0
2017-04-20,15:35:00,5.5,5.59,5.5,5.59,1074,0
2017-04-20,15:40:00,5.4999,5.4999,5.4699,5.4699,650,0
2017-04-20,15:45:00,5.43,5.43,5.43,5.43,300,0
2017-04-20,15:50:00,5.45,5.48,5.4,5.4,900,0
2017-04-20,15:55:00,5.4,5.42,5.4,5.42,200,0
2017-04-20,16:00:00,5.43,5.43,5.4156,5.42,1320,0
2017-04-20,16:10:00,5.41,5.42,5.41,5.42,400,0
2017-04-20,16:15:00,5.41,5.4152,5.41,5.4152,300,0
2017-04-20,16:20:00,5.42,5.43,5.4,5.4,600,0
2017-04-20,16:30:00,5.42,5.42,5.3981,5.3981,2900,0
2017-04-20,16:45:00,5.38,5.39,5.36,5.39,7000,0
2017-04-20,16:50:00,5.39,5.4,5.37,5.4,6000,0
2017-04-20,16:55:00,5.42,5.47,5.4,5.43,9790,0
2017-04-20,17:00:00,5.44,5.49,5.39,5.43,17949,0
2017-04-20,17:05:00,5.41,5.47,5.41,5.44,7782,0
2017-04-20,17:10:00,5.42,5.46,5.4,5.46,11000,0
2017-04-20,17:15:00,5.43,5.49,5.43,5.49,7300,0
2017-04-20,17:20:00,5.499,5.499,5.45,5.45,2100,0
2017-04-20,17:25:00,5.46,5.48,5.46,5.48,800,0
2017-04-20,17:30:00,5.48,5.5,5.48,5.5,2600,0
2017-04-20,17:35:00,5.51,5.53,5.5,5.5,5313,0
2017-04-20,17:40:00,5.4514,5.51,5.4514,5.51,600,0
2017-04-20,17:45:00,5.49,5.5099,5.49,5.5099,400,0
2017-04-20,17:50:00,5.51,5.52,5.5,5.52,1700,0
2017-04-20,17:55:00,5.52,5.56,5.52,5.53,3400,0
2017-04-20,18:00:00,5.52,5.55,5.52,5.5399,1820,0
2017-04-20,18:05:00,5.54,5.54,5.52,5.52,2020,0
2017-04-20,18:10:00,5.515,5.57,5.5,5.52,5500,0
2017-04-20,18:15:00,5.54,5.57,5.52,5.56,8678,0
2017-04-20,18:20:00,5.57,5.6,5.56,5.6,17928,0
2017-04-20,18:25:00,5.61,5.68,5.61,5.64,5251,0
2017-04-20,18:30:00,5.64,5.68,5.64,5.68,3700,0
2017-04-20,18:35:00,5.6799,5.68,5.65,5.65,3400,0
2017-04-20,18:40:00,5.64,5.65,5.61,5.63,4311,0
2017-04-20,18:45:00,5.63,5.65,5.61,5.65,6600,0
2017-04-20,19:00:00,5.64,5.64,5.64,5.64,100,0
2017-04-20,19:05:00,5.6,5.6,5.55,5.55,3500,0
2017-04-20,19:10:00,5.58,5.58,5.58,5.58,100,0
2017-04-20,19:20:00,5.56,5.56,5.49,5.5,1200,0
2017-04-20,19:25:00,5.5,5.595,5.5,5.557,2300,0
2017-04-20,19:30:00,5.61,5.61,5.58,5.59,751,0
2017-04-20,19:40:00,5.57,5.64,5.53,5.53,36400,0
2017-04-20,19:45:00,5.57,5.63,5.57,5.61,6333,0
2017-04-20,19:50:00,5.58,5.59,5.54,5.59,6900,0
2017-04-20,19:55:00,5.5726,5.62,5.57,5.62,4100,0
2017-04-20,20:00:00,5.59,5.61,5.58,5.5993,3300,0
2017-04-20,20:05:00,5.57,5.6,5.52,5.52,4900,0
2017-04-20,20:10:00,5.52,5.6299,5.52,5.6299,30387,0
2017-04-20,20:15:00,5.6,5.66,5.59,5.645,5586,0
2017-04-20,20:20:00,5.645,5.65,5.63,5.65,6000,0
2017-04-20,20:25:00,5.64,5.7,5.6,5.64,8095,0
2017-04-20,20:30:00,5.62,5.65,5.62,5.64,3700,0
2017-04-20,20:35:00,5.61,5.65,5.54,5.6488,12800,0
2017-04-20,20:40:00,5.62,5.66,5.615,5.64,1600,0
2017-04-20,20:45:00,5.6585,5.67,5.63,5.67,14204,0
2017-04-20,20:50:00,5.67,5.8,5.67,5.76,10901,0
2017-04-20,20:55:00,5.75,5.77,5.74,5.75,8000,0
2017-04-20,21:00:00,5.765,5.82,5.75,5.82,10000,0
2017-04-20,21:05:00,5.82,5.82,5.75,5.75,16200,0
2017-04-20,21:10:00,5.76,5.76,5.69,5.72,14300,0
2017-04-20,21:15:00,5.705,5.71,5.65,5.65,4100,0
2017-04-20,21:20:00,5.645,5.7025,5.645,5.7025,1810,0
2017-04-20,21:25:00,5.67,5.67,5.6,5.6,600,0
2017-04-20,21:30:00,5.62,5.64,5.61,5.63,2100,0
2017-04-20,21:35:00,5.64,5.67,5.63,5.67,4145,0
2017-04-20,21:40:00,5.641,5.68,5.64,5.68,2000,0
2017-04-20,21:45:00,5.666,5.68,5.64,5.65,2965,0
2017-04-20,21:50:00,5.64,5.75,5.64,5.71,8537,0
2017-04-20,21:55:00,5.71,5.71,5.65,5.65,1900,0
2017-04-20,22:00:00,5.65,5.69,5.58,5.68,9001,0
2017-04-21,15:35:00,5.6,5.6,5.55,5.55,6296,0
2017-04-21,15:40:00,5.609,5.63,5.6,5.6,7551,0
2017-04-21,15:45:00,5.5752,5.5752,5.575,5.575,1300,0
2017-04-21,15:50:00,5.56,5.67,5.56,5.62,800,0
2017-04-21,15:55:00,5.64,5.64,5.64,5.64,100,0
2017-04-21,16:00:00,5.65,5.7,5.63,5.69,5100,0
2017-04-21,16:10:00,5.55,5.64,5.5,5.64,5565,0
2017-04-21,16:20:00,5.6,5.6,5.53,5.54,2200,0
2017-04-21,16:25:00,5.59,5.59,5.59,5.59,100,0
2017-04-21,16:30:00,5.6,5.62,5.55,5.55,1600,0
2017-04-21,16:35:00,5.53,5.56,5.5186,5.52,1910,0
2017-04-21,16:40:00,5.51,5.605,5.51,5.56,2500,0
2017-04-21,16:45:00,5.55,5.58,5.55,5.55,2188,0
2017-04-21,16:50:00,5.577,5.577,5.52,5.52,2439,0
2017-04-21,16:55:00,5.5,5.53,5.5,5.5,2000,0
2017-04-21,17:00:00,5.5,5.52,5.5,5.5,600,0
2017-04-21,17:05:00,5.5,5.5001,5.5,5.5,1000,0
2017-04-21,17:10:00,5.5,5.51,5.5,5.51,2700,0
2017-04-21,17:15:00,5.5,5.54,5.5,5.53,2456,0
2017-04-21,17:20:00,5.5299,5.55,5.525,5.55,4535,0
2017-04-21,17:25:00,5.56,5.6,5.56,5.6,3600,0
2017-04-21,17:30:00,5.56,5.59,5.56,5.56,1200,0
2017-04-21,17:35:00,5.56,5.56,5.52,5.52,500,0
2017-04-21,17:40:00,5.5,5.51,5.5,5.51,500,0
2017-04-21,17:45:00,5.51,5.51,5.5,5.5,600,0
2017-04-21,17:50:00,5.5,5.5,5.5,5.5,500,0
2017-04-21,17:55:00,5.5,5.53,5.5,5.5,700,0
2017-04-21,18:00:00,5.52,5.52,5.5,5.5,1000,0
2017-04-21,18:05:00,5.5,5.5,5.5,5.5,500,0
2017-04-21,18:10:00,5.5,5.51,5.5,5.5,2200,0
2017-04-21,18:15:00,5.5,5.51,5.5,5.51,3000,0
2017-04-21,18:20:00,5.52,5.52,5.51,5.51,200,0
2017-04-21,18:25:00,5.51,5.51,5.51,5.51,300,0
2017-04-21,18:30:00,5.5,5.51,5.5,5.51,2423,0
2017-04-21,18:35:00,5.5,5.5043,5.5,5.5043,950,0
2017-04-21,18:40:00,5.5,5.51,5.5,5.51,10011,0
2017-04-21,18:45:00,5.5001,5.51,5.5001,5.5099,2900,0
2017-04-21,18:50:00,5.51,5.51,5.5,5.5,500,0
2017-04-21,18:55:00,5.5,5.5,5.4999,5.5,1600,0
2017-04-21,19:05:00,5.5,5.5,5.5,5.5,800,0
2017-04-21,19:10:00,5.5,5.51,5.5,5.5,600,0
2017-04-21,19:15:00,5.5,5.505,5.48,5.5,6501,0
2017-04-21,19:20:00,5.47,5.47,5.47,5.47,100,0
2017-04-21,19:25:00,5.47,5.5,5.47,5.49,1927,0
2017-04-21,19:30:00,5.48,5.49,5.47,5.47,1200,0
2017-04-21,19:35:00,5.4753,5.4753,5.4753,5.4753,450,0
2017-04-21,19:40:00,5.48,5.48,5.48,5.48,100,0
2017-04-21,19:45:00,5.46,5.46,5.46,5.46,800,0
2017-04-21,19:50:00,5.46,5.46,5.44,5.4425,5300,0
2017-04-21,20:00:00,5.44,5.46,5.44,5.455,6375,0
2017-04-21,20:05:00,5.45,5.45,5.45,5.45,4081,0
2017-04-21,20:10:00,5.45,5.455,5.44,5.44,11100,0
2017-04-21,20:15:00,5.45,5.45,5.44,5.44,600,0
2017-04-21,20:25:00,5.442,5.49,5.44,5.44,4900,0
2017-04-21,20:30:00,5.44,5.46,5.44,5.45,4706,0
2017-04-21,20:35:00,5.46,5.46,5.46,5.46,100,0
2017-04-21,20:40:00,5.45,5.45,5.44,5.44,1000,0
2017-04-21,20:45:00,5.445,5.445,5.44,5.44,700,0
2017-04-21,20:50:00,5.44,5.44,5.44,5.44,600,0
2017-04-21,20:55:00,5.44,5.45,5.43,5.44,4300,0
2017-04-21,21:00:00,5.45,5.46,5.44,5.44,300,0
2017-04-21,21:05:00,5.4512,5.4512,5.4512,5.4512,224,0
2017-04-21,21:10:00,5.44,5.44,5.43,5.43,1000,0
2017-04-21,21:15:00,5.422,5.44,5.42,5.435,4305,0
2017-04-21,21:20:00,5.42,5.435,5.42,5.435,1400,0
2017-04-21,21:25:00,5.43,5.46,5.43,5.455,2900,0
2017-04-21,21:30:00,5.45,5.45,5.42,5.42,3900,0
2017-04-21,21:35:00,5.42,5.42,5.4,5.4,2885,0
2017-04-21,21:40:00,5.415,5.415,5.41,5.41,500,0
2017-04-21,21:45:00,5.4,5.4301,5.4,5.43,4238,0
2017-04-21,21:50:00,5.43,5.45,5.43,5.45,2900,0
2017-04-21,21:55:00,5.44,5.44,5.43,5.43,500,0
2017-04-21,22:00:00,5.45,5.49,5.43,5.46,5274,0
2017-04-24,15:35:00,5.57,5.62,5.57,5.62,3332,0
2017-04-24,15:40:00,5.5201,5.5201,5.5201,5.5201,650,0
2017-04-24,15:45:00,5.52,5.565,5.5,5.5,3670,0
2017-04-24,15:50:00,5.55,5.55,5.51,5.51,2560,0
2017-04-24,15:55:00,5.5,5.52,5.46,5.52,10759,0
2017-04-24,16:00:00,5.4501,5.4501,5.411,5.411,3735,0
2017-04-24,16:10:00,5.421,5.4471,5.39,5.39,1812,0
2017-04-24,16:15:00,5.4,5.42,5.38,5.38,8836,0
2017-04-24,16:20:00,5.37,5.38,5.36,5.36,2300,0
2017-04-24,16:25:00,5.37,5.37,5.36,5.37,1800,0
2017-04-24,16:30:00,5.37,5.371,5.34,5.3487,2500,0
2017-04-24,16:35:00,5.35,5.36,5.35,5.36,700,0
2017-04-24,16:40:00,5.36,5.3671,5.36,5.36,4351,0
2017-04-24,16:45:00,5.36,5.3601,5.33,5.33,6281,0
2017-04-24,16:50:00,5.33,5.3499,5.33,5.3499,1916,0
2017-04-24,16:55:00,5.3201,5.3201,5.32,5.32,200,0
2017-04-24,17:00:00,5.3201,5.33,5.3201,5.33,400,0
2017-04-24,17:05:00,5.33,5.38,5.33,5.38,4624,0
2017-04-24,17:10:00,5.3601,5.3601,5.3601,5.3601,1452,0
2017-04-24,17:15:00,5.38,5.38,5.37,5.37,3200,0
2017-04-24,17:20:00,5.3601,5.38,5.3601,5.38,1200,0
2017-04-24,17:25:00,5.3701,5.3701,5.3701,5.3701,100,0
2017-04-24,17:30:00,5.37,5.37,5.37,5.37,100,0
2017-04-24,17:35:00,5.39,5.4,5.38,5.39,1930,0
2017-04-24,17:40:00,5.42,5.445,5.38,5.38,700,0
2017-04-24,17:45:00,5.385,5.39,5.38,5.38,3300,0
2017-04-24,17:50:00,5.3701,5.38,5.37,5.38,3000,0
2017-04-24,17:55:00,5.39,5.39,5.39,5.39,1050,0
2017-04-24,18:00:00,5.4,5.41,5.4,5.41,500,0
2017-04-24,18:05:00,5.39,5.42,5.38,5.42,8562,0
2017-04-24,18:10:00,5.42,5.42,5.38,5.395,7500,0
2017-04-24,18:15:00,5.38,5.41,5.38,5.4028,2700,0
2017-04-24,18:20:00,5.395,5.395,5.395,5.395,2500,0
2017-04-24,18:25:00,5.39,5.3912,5.39,5.3912,1319,0
2017-04-24,18:30:00,5.41,5.41,5.41,5.41,100,0
2017-04-24,18:40:00,5.42,5.43,5.4001,5.4001,710,0
2017-04-24,18:45:00,5.4001,5.4001,5.4,5.4,300,0
2017-04-24,18:50:00,5.4,5.4001,5.4,5.4,1900,0
2017-04-24,18:55:00,5.415,5.415,5.4,5.4,1800,0
2017-04-24,19:00:00,5.4,5.43,5.38,5.39,3500,0
2017-04-24,19:10:00,5.38,5.4,5.38,5.39,1200,0
2017-04-24,19:15:00,5.4,5.43,5.39,5.41,7813,0
2017-04-24,19:25:00,5.4,5.4,5.39,5.39,3500,0
2017-04-24,19:35:00,5.39,5.39,5.39,5.39,100,0
2017-04-24,19:40:00,5.39,5.39,5.39,5.39,500,0
2017-04-24,19:45:00,5.38,5.385,5.33,5.36,9100,0
2017-04-24,19:50:00,5.37,5.4,5.37,5.4,4200,0
2017-04-24,19:55:00,5.4001,5.4001,5.4,5.4,1000,0
2017-04-24,20:00:00,5.4,5.4,5.4,5.4,900,0
2017-04-24,20:05:00,5.41,5.41,5.4,5.4,700,0
2017-04-24,20:10:00,5.4001,5.4001,5.4,5.4,700,0
2017-04-24,20:15:00,5.4,5.4054,5.4,5.4,3500,0
2017-04-24,20:20:00,5.41,5.42,5.405,5.42,1700,0
2017-04-24,20:25:00,5.42,5.42,5.42,5.42,900,0
2017-04-24,20:30:00,5.42,5.42,5.42,5.42,700,0
2017-04-24,20:35:00,5.42,5.42,5.4,5.4,1310,0
2017-04-24,20:40:00,5.4,5.41,5.4,5.4,2239,0
2017-04-24,20:45:00,5.4,5.41,5.4,5.4,900,0
2017-04-24,20:50:00,5.4,5.4,5.39,5.3901,800,0
2017-04-24,20:55:00,5.39,5.4,5.39,5.39,900,0
2017-04-24,21:00:00,5.3901,5.4,5.39,5.3981,2100,0
2017-04-24,21:05:00,5.39,5.3968,5.39,5.39,2600,0
2017-04-24,21:10:00,5.39,5.4,5.39,5.4,5700,0
2017-04-24,21:15:00,5.43,5.43,5.42,5.42,300,0
2017-04-24,21:20:00,5.4,5.4,5.4,5.4,700,0
2017-04-24,21:25:00,5.4,5.4,5.4,5.4,1000,0
2017-04-24,21:30:00,5.4,5.4,5.39,5.39,1900,0
2017-04-24,21:35:00,5.395,5.4,5.39,5.4,1200,0
2017-04-24,21:40:00,5.4,5.41,5.4,5.4,1500,0
2017-04-24,21:45:00,5.4,5.41,5.4,5.41,2300,0
2017-04-24,21:50:00,5.41,5.41,5.4,5.41,2200,0
2017-04-24,21:55:00,5.4,5.4,5.4,5.4,6123,0
2017-04-24,22:00:00,5.4,5.44,5.39,5.4,12010,0
2017-04-25,15:35:00,5.44,5.52,5.4224,5.4224,3670,0
2017-04-25,15:45:00,5.4101,5.4101,5.4101,5.4101,386,0
2017-04-25,15:50:00,5.44,5.44,5.4,5.4,1100,0
2017-04-25,15:55:00,5.4,5.44,5.4,5.44,570,0
2017-04-25,16:00:00,5.41,5.41,5.4,5.4,300,0
2017-04-25,16:05:00,5.41,5.4518,5.4,5.4,1200,0
2017-04-25,16:10:00,5.4,5.415,5.4,5.41,800,0
2017-04-25,16:15:00,5.4,5.4001,5.4,5.4,1000,0
2017-04-25,16:20:00,5.4,5.4,5.32,5.32,3324,0
2017-04-25,16:25:00,5.345,5.3969,5.345,5.39,3617,0
2017-04-25,16:30:00,5.4,5.4,5.37,5.37,1339,0
2017-04-25,16:35:00,5.37,5.375,5.355,5.3601,4200,0
2017-04-25,16:40:00,5.39,5.4,5.39,5.4,3295,0
2017-04-25,16:45:00,5.41,5.42,5.39,5.4,4800,0
2017-04-25,16:50:00,5.4,5.41,5.4,5.4,1561,0
2017-04-25,16:55:00,5.4,5.4,5.4,5.4,800,0
2017-04-25,17:00:00,5.4,5.44,5.4,5.44,2500,0
2017-04-25,17:05:00,5.44,5.4999,5.425,5.47,7723,0
2017-04-25,17:10:00,5.47,5.47,5.44,5.44,500,0
2017-04-25,17:15:00,5.43,5.445,5.43,5.43,1400,0
2017-04-25,17:20:00,5.43,5.43,5.43,5.43,400,0
2017-04-25,17:25:00,5.43,5.445,5.43,5.43,1000,0
2017-04-25,17:30:00,5.43,5.46,5.43,5.43,6500,0
2017-04-25,17:35:00,5.43,5.445,5.43,5.43,600,0
2017-04-25,17:40:00,5.45,5.47,5.45,5.47,1000,0
2017-04-25,17:45:00,5.45,5.46,5.45,5.4599,2000,0
2017-04-25,17:50:00,5.46,5.46,5.445,5.45,4800,0
2017-04-25,17:55:00,5.445,5.48,5.445,5.48,2200,0
2017-04-25,18:00:00,5.46,5.46,5.445,5.445,2000,0
2017-04-25,18:05:00,5.4365,5.445,5.4365,5.445,600,0
2017-04-25,18:10:00,5.43,5.43,5.41,5.43,850,0
2017-04-25,18:15:00,5.43,5.4483,5.43,5.4483,1400,0
2017-04-25,18:20:00,5.41,5.41,5.41,5.41,200,0
2017-04-25,18:25:00,5.42,5.42,5.41,5.41,500,0
2017-04-25,18:30:00,5.4,5.4,5.3954,5.3954,2100,0
2017-04-25,18:35:00,5.405,5.41,5.405,5.41,1500,0
2017-04-25,18:40:00,5.41,5.414,5.395,5.414,1200,0
2017-04-25,18:45:00,5.4,5.41,5.4,5.41,700,0
2017-04-25,18:50:00,5.415,5.415,5.4,5.4,500,0
2017-04-25,18:55:00,5.41,5.41,5.4,5.405,3300,0
2017-04-25,19:05:00,5.405,5.4066,5.405,5.4066,600,0
2017-04-25,19:10:00,5.405,5.405,5.405,5.405,400,0
2017-04-25,19:20:00,5.42,5.46,5.4,5.46,5895,0
2017-04-25,19:25:00,5.48,5.48,5.46,5.4623,2000,0
2017-04-25,19:30:00,5.45,5.45,5.45,5.45,600,0
2017-04-25,19:35:00,5.445,5.45,5.44,5.45,2350,0
2017-04-25,19:50:00,5.45,5.46,5.45,5.45,1102,0
2017-04-25,19:55:00,5.44,5.49,5.44,5.49,1800,0
2017-04-25,20:00:00,5.47,5.47,5.46,5.46,1000,0
2017-04-25,20:05:00,5.46,5.46,5.46,5.46,200,0
2017-04-25,20:10:00,5.46,5.47,5.43,5.45,600,0
2017-04-25,20:15:00,5.45,5.47,5.44,5.47,1900,0
2017-04-25,20:20:00,5.47,5.47,5.445,5.445,900,0
2017-04-25,20:25:00,5.43,5.46,5.43,5.44,700,0
2017-04-25,20:30:00,5.44,5.47,5.44,5.47,1500,0
2017-04-25,20:40:00,5.472,5.48,5.46,5.475,1450,0
2017-04-25,20:45:00,5.46,5.47,5.43,5.43,1000,0
2017-04-25,20:50:00,5.43,5.43,5.43,5.43,400,0
2017-04-25,20:55:00,5.43,5.46,5.43,5.43,2200,0
2017-04-25,21:00:00,5.445,5.46,5.43,5.45,1600,0
2017-04-25,21:05:00,5.44,5.45,5.44,5.45,2700,0
2017-04-25,21:10:00,5.47,5.49,5.47,5.49,1648,0
2017-04-25,21:15:00,5.5,5.52,5.5,5.52,900,0
2017-04-25,21:20:00,5.5,5.5,5.49,5.49,900,0
2017-04-25,21:25:00,5.517,5.517,5.48,5.51,800,0
2017-04-25,21:30:00,5.48,5.508,5.48,5.48,2800,0
2017-04-25,21:35:00,5.51,5.51,5.49,5.49,3100,0
2017-04-25,21:40:00,5.48,5.51,5.41,5.51,4200,0
2017-04-25,21:45:00,5.51,5.52,5.51,5.515,3122,0
2017-04-25,21:50:00,5.51,5.519,5.51,5.51,3815,0
2017-04-25,21:55:00,5.51,5.51,5.44,5.45,2000,0
2017-04-25,22:00:00,5.451,5.48,5.44,5.48,10911,0
2017-04-26,15:35:00,5.49,5.49,5.49,5.49,110,0
2017-04-26,15:40:00,5.46,5.47,5.45,5.45,1437,0
2017-04-26,15:45:00,5.41,5.44,5.4,5.44,1350,0
2017-04-26,15:50:00,5.43,5.46,5.401,5.45,1900,0
2017-04-26,15:55:00,5.46,5.53,5.46,5.49,1300,0
2017-04-26,16:00:00,5.47,5.47,5.46,5.46,1100,0
2017-04-26,16:05:00,5.46,5.47,5.46,5.46,700,0
2017-04-26,16:10:00,5.46,5.46,5.45,5.45,3200,0
2017-04-26,16:15:00,5.45,5.47,5.45,5.47,300,0
2017-04-26,16:20:00,5.45,5.5107,5.45,5.4649,4400,0
2017-04-26,16:25:00,5.45,5.47,5.44,5.47,1000,0
2017-04-26,16:30:00,5.49,5.51,5.48,5.4943,1660,0
2017-04-26,16:35:00,5.52,5.52,5.48,5.48,906,0
2017-04-26,16:40:00,5.48,5.48,5.48,5.48,500,0
2017-04-26,16:45:00,5.51,5.51,5.48,5.51,1400,0
2017-04-26,16:50:00,5.52,5.54,5.5004,5.5004,400,0
2017-04-26,16:55:00,5.5,5.5246,5.49,5.51,1063,0
2017-04-26,17:00:00,5.45,5.52,5.45,5.52,4571,0
2017-04-26,17:05:00,5.54,5.645,5.54,5.5833,1459,0
2017-04-26,17:10:00,5.63,5.63,5.52,5.52,600,0
2017-04-26,17:15:00,5.51,5.59,5.51,5.59,700,0
2017-04-26,17:20:00,5.56,5.56,5.55,5.55,400,0
2017-04-26,17:25:00,5.54,5.58,5.54,5.55,500,0
2017-04-26,17:30:00,5.55,5.64,5.53,5.6,6100,0
2017-04-26,17:35:00,5.595,5.61,5.57,5.6097,10340,0
2017-04-26,17:40:00,5.64,5.64,5.64,5.64,500,0
2017-04-26,17:45:00,5.64,5.65,5.625,5.65,900,0
2017-04-26,17:50:00,5.63,5.6385,5.61,5.61,1650,0
2017-04-26,17:55:00,5.59,5.6,5.59,5.6,400,0
2017-04-26,18:00:00,5.6,5.6201,5.6,5.62,400,0
2017-04-26,18:05:00,5.62,5.625,5.61,5.61,3800,0
2017-04-26,18:10:00,5.61,5.6299,5.6,5.615,8700,0
2017-04-26,18:15:00,5.61,5.75,5.61,5.75,9030,0
2017-04-26,18:20:00,5.7203,5.75,5.69,5.696,4280,0
2017-04-26,18:25:00,5.7,5.71,5.7,5.71,600,0
2017-04-26,18:30:00,5.69,5.69,5.64,5.64,600,0
2017-04-26,18:35:00,5.64,5.66,5.64,5.64,500,0
2017-04-26,18:40:00,5.64,5.64,5.64,5.64,200,0
2017-04-26,18:45:00,5.65,5.68,5.65,5.68,504,0
2017-04-26,18:50:00,5.716,5.73,5.71,5.73,1674,0
2017-04-26,18:55:00,5.7,5.7,5.66,5.66,2300,0
2017-04-26,19:00:00,5.66,5.69,5.66,5.69,300,0
2017-04-26,19:05:00,5.68,5.7,5.68,5.7,1100,0
2017-04-26,19:10:00,5.66,5.7,5.66,5.66,400,0
2017-04-26,19:15:00,5.66,5.68,5.66,5.68,400,0
2017-04-26,19:20:00,5.68,5.68,5.66,5.67,400,0
2017-04-26,19:25:00,5.67,5.6999,5.67,5.68,900,0
2017-04-26,19:30:00,5.67,5.7,5.67,5.67,400,0
2017-04-26,19:35:00,5.67,5.67,5.67,5.67,300,0
2017-04-26,19:40:00,5.67,5.67,5.67,5.67,300,0
2017-04-26,19:45:00,5.67,5.67,5.67,5.67,300,0
2017-04-26,19:50:00,5.67,5.7,5.66,5.6699,5360,0
2017-04-26,19:55:00,5.67,5.67,5.64,5.64,6149,0
2017-04-26,20:00:00,5.64,5.665,5.63,5.63,7904,0
2017-04-26,20:05:00,5.62,5.62,5.62,5.62,200,0
2017-04-26,20:10:00,5.63,5.64,5.63,5.64,300,0
2017-04-26,20:15:00,5.62,5.62,5.58,5.58,2697,0
2017-04-26,20:20:00,5.58,5.58,5.56,5.56,400,0
2017-04-26,20:25:00,5.59,5.6,5.59,5.6,900,0
2017-04-26,20:30:00,5.59,5.59,5.55,5.59,900,0
2017-04-26,20:35:00,5.55,5.59,5.55,5.59,200,0
2017-04-26,20:40:00,5.575,5.575,5.56,5.56,700,0
2017-04-26,20:45:00,5.56,5.56,5.55,5.55,300,0
2017-04-26,20:50:00,5.55,5.55,5.54,5.54,400,0
2017-04-26,20:55:00,5.54,5.5869,5.54,5.56,2000,0
2017-04-26,21:00:00,5.59,5.59,5.55,5.55,800,0
2017-04-26,21:05:00,5.55,5.56,5.55,5.56,400,0
2017-04-26,21:10:00,5.56,5.57,5.56,5.57,800,0
2017-04-26,21:15:00,5.56,5.5659,5.55,5.5659,800,0
2017-04-26,21:20:00,5.55,5.565,5.55,5.55,4500,0
2017-04-26,21:25:00,5.58,5.6,5.56,5.585,3622,0
2017-04-26,21:30:00,5.57,5.6099,5.57,5.6099,2952,0
2017-04-26,21:35:00,5.6,5.6,5.54,5.575,4591,0
2017-04-26,21:40:00,5.58,5.59,5.58,5.59,300,0
2017-04-26,21:45:00,5.57,5.57,5.57,5.57,1645,0
2017-04-26,21:50:00,5.57,5.6,5.57,5.6,900,0
2017-04-26,21:55:00,5.59,5.6,5.56,5.58,8510,0
2017-04-26,22:00:00,5.57,5.6,5.49,5.56,38258,0
