Date,Time,Open,High,Low,Close,Volume,OpenInt
2017-03-13,14:35:00,24.22,24.22,24.22,24.22,100,0
2017-03-13,14:45:00,24.4,24.4,24.4,24.4,329,0
2017-03-13,15:40:00,24.3,24.3,24.3,24.3,300,0
2017-03-13,15:45:00,24.3,24.3,24.3,24.3,100,0
2017-03-13,15:55:00,24.35,24.35,24.35,24.35,100,0
2017-03-13,16:15:00,24.35,24.35,24.35,24.35,848,0
2017-03-13,16:20:00,24.32,24.32,24.32,24.32,200,0
2017-03-13,16:25:00,24.31,24.31,24.31,24.31,100,0
2017-03-13,16:30:00,24.3,24.3,24.27,24.27,602,0
2017-03-13,16:35:00,24.28,24.3,24.262,24.262,1602,0
2017-03-13,16:55:00,24.27,24.27,24.26,24.27,620,0
2017-03-13,17:25:00,24.28,24.3,24.28,24.28,1600,0
2017-03-13,17:30:00,24.26,24.26,24.26,24.26,185,0
2017-03-13,17:35:00,24.32,24.34,24.32,24.34,612,0
2017-03-13,19:10:00,24.37,24.37,24.36,24.37,1003,0
2017-03-13,19:40:00,24.35,24.35,24.35,24.35,100,0
2017-03-13,19:50:00,24.38,24.3805,24.38,24.3805,900,0
2017-03-13,20:05:00,24.3433,24.3433,24.3433,24.3433,300,0
2017-03-13,20:10:00,24.35,24.35,24.35,24.35,301,0
2017-03-13,20:20:00,24.34,24.34,24.34,24.34,1050,0
2017-03-13,20:30:00,24.282,24.282,24.282,24.282,500,0
2017-03-13,20:35:00,24.29,24.29,24.29,24.29,100,0
2017-03-13,20:50:00,24.2401,24.26,24.2401,24.26,600,0
2017-03-13,21:00:00,24.44,24.44,24.44,24.44,100,0
2017-03-14,14:35:00,24.27,24.27,24.27,24.27,449,0
2017-03-14,15:10:00,24.29,24.29,24.2,24.2,700,0
2017-03-14,16:00:00,24.47,24.48,24.47,24.475,800,0
2017-03-14,16:10:00,24.47,24.47,24.47,24.47,480,0
2017-03-14,16:55:00,24.319,24.49,24.319,24.47,1000,0
2017-03-14,17:00:00,24.5,24.5,24.5,24.5,500,0
2017-03-14,17:05:00,24.328,24.328,24.328,24.328,100,0
2017-03-14,17:30:00,24.6425,24.6425,24.6425,24.6425,800,0
2017-03-14,17:45:00,24.5,24.67,24.48,24.67,3710,0
2017-03-14,17:50:00,24.66,24.83,24.65,24.665,6613,0
2017-03-14,19:05:00,24.69,24.69,24.66,24.66,1600,0
2017-03-14,19:15:00,24.66,24.66,24.66,24.66,100,0
2017-03-14,19:40:00,24.64,24.64,24.64,24.64,200,0
2017-03-14,20:05:00,24.66,24.66,24.66,24.66,700,0
2017-03-14,20:20:00,24.79,24.83,24.745,24.815,1426,0
2017-03-14,21:00:00,24.74,24.74,24.74,24.74,342,0
2017-03-15,14:35:00,24.91,24.92,24.9,24.91,1284,0
2017-03-15,14:40:00,24.9778,24.9778,24.9778,24.9778,221,0
2017-03-15,15:05:00,24.99,25.1,24.99,25.08,2358,0
2017-03-15,15:10:00,25.09,25.1,25.09,25.1,1558,0
2017-03-15,15:25:00,25.16,25.17,25.09,25.09,1710,0
2017-03-15,15:40:00,25.21,25.21,25.21,25.21,100,0
2017-03-15,15:45:00,25.21,25.21,25.21,25.21,1100,0
2017-03-15,15:55:00,25.26,25.3405,25.251,25.251,850,0
2017-03-15,16:00:00,25.26,25.26,25.25,25.2511,4000,0
2017-03-15,16:05:00,25.28,25.28,25.25,25.25,1302,0
2017-03-15,16:10:00,25.13,25.13,25.13,25.13,500,0
2017-03-15,16:15:00,25.135,25.135,25.09,25.09,500,0
2017-03-15,16:20:00,25.09,25.1,25.09,25.09,1900,0
2017-03-15,16:30:00,25.02,25.02,25.02,25.02,600,0
2017-03-15,16:45:00,25.1699,25.2673,25.16,25.2673,3300,0
2017-03-15,16:55:00,25.26,25.26,25.232,25.26,1600,0
2017-03-15,17:00:00,25.214,25.214,25.2,25.2,1000,0
2017-03-15,17:05:00,25.23,25.23,25.23,25.23,100,0
2017-03-15,17:35:00,25.2,25.2,25.2,25.2,170,0
2017-03-15,17:40:00,25.21,25.21,25.2,25.2,500,0
2017-03-15,17:55:00,25.21,25.21,25.2,25.2,531,0
2017-03-15,18:10:00,25.0632,25.0632,25.0632,25.0632,205,0
2017-03-15,18:15:00,25.05,25.05,25.05,25.05,300,0
2017-03-15,18:30:00,25.0499,25.0499,25.01,25.01,900,0
2017-03-15,18:45:00,25.04,25.04,25.04,25.04,100,0
2017-03-15,18:55:00,24.95,24.95,24.93,24.93,300,0
2017-03-15,20:20:00,24.9601,24.9601,24.9601,24.9601,600,0
2017-03-15,21:00:00,25,25.01,25,25.01,500,0
2017-03-16,14:35:00,25.05,25.05,25.05,25.05,100,0
2017-03-16,14:50:00,25.1845,25.1845,25.1845,25.1845,400,0
2017-03-16,14:55:00,25.09,25.1,25.089,25.1,2000,0
2017-03-16,15:10:00,24.94,24.94,24.94,24.94,100,0
2017-03-16,15:45:00,24.96,24.967,24.957,24.957,632,0
2017-03-16,16:05:00,25.09,25.09,25.09,25.09,700,0
2017-03-16,16:25:00,25.09,25.1,25.02,25.02,700,0
2017-03-16,16:55:00,25.09,25.1,25.09,25.1,400,0
2017-03-16,17:05:00,25.09,25.12,25.0525,25.0824,1206,0
2017-03-16,17:25:00,25.0486,25.1563,25.0486,25.1563,379,0
2017-03-16,18:15:00,25.0301,25.0301,25.0301,25.0301,1800,0
2017-03-16,18:30:00,25.1889,25.1889,25.1889,25.1889,560,0
2017-03-16,18:40:00,25.1999,25.1999,25.1999,25.1999,480,0
2017-03-16,18:45:00,25.2,25.2,25.2,25.2,300,0
2017-03-16,18:50:00,25.2001,25.2001,25.2001,25.2001,500,0
2017-03-16,19:10:00,25.25,25.25,25.25,25.25,1000,0
2017-03-16,19:35:00,25.25,25.25,25.25,25.25,1000,0
2017-03-16,19:55:00,25.2829,25.2829,25.2829,25.2829,200,0
2017-03-16,20:00:00,25.38,25.38,25.3219,25.3219,400,0
2017-03-16,20:05:00,25.3754,25.3754,25.3754,25.3754,279,0
2017-03-16,20:40:00,25.31,25.31,25.31,25.31,400,0
2017-03-16,20:55:00,25.32,25.33,25.32,25.32,1311,0
2017-03-16,21:00:00,25.31,25.31,25.31,25.31,100,0
2017-03-17,14:35:00,24.58,24.58,24.2,24.54,9128,0
2017-03-17,14:40:00,24.22,24.22,24,24,1512,0
2017-03-17,14:45:00,24,24,24,24,100,0
2017-03-17,14:50:00,24.23,24.29,24.06,24.08,2975,0
2017-03-17,14:55:00,24.115,24.115,24.115,24.115,100,0
2017-03-17,15:00:00,24.12,24.12,24.12,24.12,1000,0
2017-03-17,15:05:00,24.35,24.37,24.282,24.37,1450,0
2017-03-17,15:10:00,24.32,24.32,24.3,24.3,2300,0
2017-03-17,15:30:00,24.4,24.4,24.28,24.28,600,0
2017-03-17,15:35:00,24.27,24.27,24.22,24.22,712,0
2017-03-17,15:40:00,24.2,24.2,24.11,24.11,2148,0
2017-03-17,15:45:00,24.07,24.07,23.96,24,2600,0
2017-03-17,15:50:00,23.99,24,23.99,23.99,1100,0
2017-03-17,15:55:00,24,24,23.99,23.99,1000,0
2017-03-17,16:00:00,23.99,24,23.99,24,685,0
2017-03-17,16:05:00,23.999,24.04,23.9965,24.04,2479,0
2017-03-17,16:10:00,24.3,24.3,24.001,24.001,1100,0
2017-03-17,16:15:00,24.11,24.11,24.11,24.11,200,0
2017-03-17,16:20:00,24.01,24.06,23.78,23.8,5767,0
2017-03-17,16:25:00,23.801,23.801,23.7975,23.8,2900,0
2017-03-17,16:30:00,24,24,24,24,100,0
2017-03-17,16:40:00,23.95,23.95,23.9,23.9,1030,0
2017-03-17,16:45:00,23.9214,23.9214,23.9214,23.9214,126,0
2017-03-17,16:50:00,23.8,23.8,23.8,23.8,300,0
2017-03-17,16:55:00,23.7867,23.8717,23.7867,23.8717,2000,0
2017-03-17,17:00:00,23.79,23.902,23.61,23.902,3935,0
2017-03-17,17:05:00,23.7738,23.7738,23.7738,23.7738,200,0
2017-03-17,17:10:00,23.6501,23.67,23.57,23.57,2485,0
2017-03-17,17:20:00,23.68,23.909,23.67,23.884,2400,0
2017-03-17,17:25:00,23.83,23.83,23.65,23.7697,447,0
2017-03-17,17:35:00,23.8,23.8,23.65,23.65,1530,0
2017-03-17,17:40:00,23.7,23.7,23.68,23.68,600,0
2017-03-17,17:45:00,23.735,23.74,23.735,23.74,200,0
2017-03-17,17:50:00,23.8503,23.8503,23.8503,23.8503,1000,0
2017-03-17,17:55:00,23.85,23.85,23.75,23.8,700,0
2017-03-17,18:00:00,23.9225,23.9225,23.6055,23.6055,2900,0
2017-03-17,18:05:00,23.6484,23.68,23.57,23.57,1800,0
2017-03-17,18:10:00,23.57,23.627,23.57,23.627,501,0
2017-03-17,18:20:00,23.6952,23.6952,23.6952,23.6952,500,0
2017-03-17,18:25:00,23.61,23.6607,23.6,23.6607,2000,0
2017-03-17,18:30:00,23.65,23.65,23.51,23.59,5406,0
2017-03-17,18:35:00,23.6108,23.6379,23.6108,23.6379,1700,0
2017-03-17,18:40:00,23.53,23.53,23.2,23.2,5498,0
2017-03-17,18:45:00,23.4893,23.4893,23.18,23.18,1150,0
2017-03-17,18:50:00,23.45,23.45,23.45,23.45,1000,0
2017-03-17,19:10:00,23.4,23.4,23.25,23.3016,1005,0
2017-03-17,19:15:00,23.23,23.23,23.07,23.1547,2471,0
2017-03-17,19:25:00,23.3,23.3,22.91,22.99,8400,0
2017-03-17,19:30:00,22.99,23,22.8401,22.8401,1316,0
2017-03-17,19:40:00,23.0675,23.0675,23.0675,23.0675,250,0
2017-03-17,19:45:00,23.4118,23.4118,23.4118,23.4118,200,0
2017-03-17,19:50:00,23.03,23.05,23,23.01,13602,0
2017-03-17,19:55:00,23.04,23.29,23.04,23.29,4237,0
2017-03-17,20:00:00,23.2,23.36,23.2,23.25,1700,0
2017-03-17,20:05:00,23.25,23.25,23.25,23.25,300,0
2017-03-17,20:10:00,23.25,23.42,23.25,23.38,6180,0
2017-03-17,20:15:00,23.42,23.42,23.41,23.41,1700,0
2017-03-17,20:20:00,23.42,23.42,23.25,23.25,4300,0
2017-03-17,20:25:00,23.2,23.295,23.2,23.295,2060,0
2017-03-17,20:30:00,23.2738,23.29,23.2453,23.2453,2650,0
2017-03-17,20:35:00,23.2,23.2,23.1,23.1,7000,0
2017-03-17,20:40:00,23.1,23.15,23.05,23.15,2200,0
2017-03-17,20:45:00,23.15,23.15,22.9001,22.9717,3900,0
2017-03-17,20:50:00,23,23.12,22.97,23.12,1500,0
2017-03-17,20:55:00,23.07,23.1,23.05,23.1,3150,0
2017-03-17,21:00:00,23.1428,23.19,23.11,23.1599,10118,0
2017-03-20,14:35:00,23.23,23.29,23.2,23.2,2309,0
2017-03-20,14:40:00,23.2594,23.2594,23.12,23.12,1300,0
2017-03-20,14:45:00,23.2,23.27,23.2,23.26,2100,0
2017-03-20,14:50:00,23.27,23.27,23.15,23.15,2150,0
2017-03-20,15:00:00,23.24,23.27,23.24,23.27,550,0
2017-03-20,15:05:00,23.27,23.31,23.27,23.31,3673,0
2017-03-20,15:15:00,23.45,23.46,23.35,23.45,1400,0
2017-03-20,15:20:00,23.7,23.74,23.7,23.72,2000,0
2017-03-20,15:30:00,23.575,23.575,23.4696,23.4966,750,0
2017-03-20,15:35:00,23.53,23.53,23.53,23.53,100,0
2017-03-20,15:40:00,23.6,23.71,23.431,23.71,1895,0
2017-03-20,15:45:00,23.699,23.7,23.6882,23.6882,700,0
2017-03-20,15:50:00,23.7564,23.7564,23.636,23.636,1126,0
2017-03-20,16:00:00,23.7445,23.78,23.6401,23.682,2998,0
2017-03-20,16:05:00,23.7,23.72,23.7,23.72,400,0
2017-03-20,16:10:00,23.7,23.78,23.7,23.78,1740,0
2017-03-20,16:15:00,23.86,23.86,23.86,23.86,300,0
2017-03-20,16:20:00,23.91,23.95,23.7383,23.7383,2500,0
2017-03-20,16:35:00,23.85,23.86,23.77,23.77,500,0
2017-03-20,16:40:00,23.751,23.86,23.66,23.66,2621,0
2017-03-20,16:45:00,23.63,23.63,23.63,23.63,1000,0
2017-03-20,16:55:00,23.8,23.8,23.8,23.8,200,0
2017-03-20,17:05:00,23.655,23.66,23.64,23.64,1000,0
2017-03-20,17:10:00,23.58,23.635,23.58,23.635,1650,0
2017-03-20,17:15:00,23.64,23.64,23.6246,23.6246,700,0
2017-03-20,17:20:00,23.63,23.63,23.6,23.62,2262,0
2017-03-20,17:25:00,23.59,23.61,23.56,23.56,1331,0
2017-03-20,17:30:00,23.56,23.63,23.56,23.56,1986,0
2017-03-20,17:35:00,23.6,23.6,23.6,23.6,300,0
2017-03-20,17:40:00,23.62,23.63,23.5,23.6235,9100,0
2017-03-20,17:45:00,23.6066,23.6066,23.6006,23.6006,1400,0
2017-03-20,18:00:00,23.5,23.59,23.5,23.58,1617,0
2017-03-20,18:15:00,23.52,23.52,23.5,23.5,3200,0
2017-03-20,18:20:00,23.48,23.48,23.48,23.48,1300,0
2017-03-20,18:30:00,23.4678,23.4678,23.4678,23.4678,400,0
2017-03-20,18:35:00,23.48,23.48,23.48,23.48,562,0
2017-03-20,18:45:00,23.43,23.45,23.43,23.45,1200,0
2017-03-20,18:50:00,23.38,23.425,23.36,23.3601,1900,0
2017-03-20,18:55:00,23.4742,23.4742,23.35,23.35,1350,0
2017-03-20,19:10:00,23.4,23.4,23.4,23.4,200,0
2017-03-20,19:15:00,23.3742,23.3742,23.3742,23.3742,100,0
2017-03-20,19:20:00,23.35,23.35,23.35,23.35,355,0
2017-03-20,19:25:00,23.337,23.3965,23.337,23.3965,900,0
2017-03-20,19:35:00,23.39,23.43,23.39,23.43,5600,0
2017-03-20,19:50:00,23.34,23.34,23.33,23.33,766,0
2017-03-20,20:05:00,23.429,23.43,23.429,23.43,900,0
2017-03-20,20:10:00,23.44,23.469,23.405,23.469,300,0
2017-03-20,20:15:00,23.457,23.457,23.457,23.457,200,0
2017-03-20,20:30:00,23.4699,23.4699,23.4699,23.4699,1000,0
2017-03-20,20:35:00,23.47,23.5,23.47,23.5,6800,0
2017-03-20,20:40:00,23.499,23.5,23.4692,23.4692,2000,0
2017-03-20,20:45:00,23.5,23.64,23.47,23.47,4200,0
2017-03-20,20:55:00,23.59,23.59,23.59,23.59,100,0
2017-03-20,21:00:00,23.61,23.61,23.5,23.55,1282,0
2017-03-21,14:35:00,23.38,23.55,23.301,23.301,1439,0
2017-03-21,14:40:00,23.4588,23.52,23.39,23.39,1100,0
2017-03-21,14:45:00,23.321,23.55,23.3,23.55,9266,0
2017-03-21,14:50:00,23.57,23.58,23.57,23.58,200,0
2017-03-21,14:55:00,23.6651,23.6651,23.6651,23.6651,100,0
2017-03-21,15:05:00,23.63,23.64,23.63,23.64,400,0
2017-03-21,15:10:00,23.6,23.6,23.55,23.55,850,0
2017-03-21,15:15:00,23.67,23.67,23.67,23.67,236,0
2017-03-21,15:20:00,23.7,23.7,23.7,23.7,736,0
2017-03-21,15:25:00,23.7,23.7,23.7,23.7,1200,0
2017-03-21,15:30:00,23.7,23.8591,23.7,23.85,2400,0
2017-03-21,15:50:00,23.661,23.661,23.661,23.661,1970,0
2017-03-21,15:55:00,23.83,23.84,23.83,23.84,600,0
2017-03-21,16:00:00,23.6801,23.7413,23.6801,23.7413,1100,0
2017-03-21,16:10:00,23.76,23.76,23.73,23.73,1500,0
2017-03-21,16:20:00,23.69,23.69,23.6,23.6,4875,0
2017-03-21,16:25:00,23.7,23.7,23.675,23.675,1500,0
2017-03-21,16:30:00,23.65,23.7,23.65,23.65,4104,0
2017-03-21,16:35:00,23.695,23.7,23.69,23.69,2100,0
2017-03-21,16:40:00,23.69,23.7332,23.69,23.7332,1604,0
2017-03-21,16:45:00,23.69,23.7,23.63,23.7,4300,0
2017-03-21,17:00:00,23.7,23.7,23.7,23.7,100,0
2017-03-21,17:05:00,23.7,23.7295,23.7,23.7,1200,0
2017-03-21,17:15:00,23.799,23.799,23.799,23.799,600,0
2017-03-21,17:20:00,23.78,23.8,23.7592,23.8,5300,0
2017-03-21,17:25:00,23.75,23.75,23.75,23.75,200,0
2017-03-21,17:30:00,23.7978,23.7978,23.7978,23.7978,601,0
2017-03-21,17:40:00,23.7504,23.7504,23.7504,23.7504,301,0
2017-03-21,17:55:00,23.79,23.97,23.79,23.97,630,0
2017-03-21,18:00:00,23.87,23.8884,23.85,23.85,1400,0
2017-03-21,18:05:00,23.85,23.85,23.85,23.85,200,0
2017-03-21,18:10:00,23.85,23.85,23.85,23.85,3758,0
2017-03-21,18:25:00,23.7567,23.7567,23.7567,23.7567,1000,0
2017-03-21,18:30:00,23.6994,23.6994,23.6994,23.6994,436,0
2017-03-21,18:50:00,23.7289,23.7289,23.7289,23.7289,595,0
2017-03-21,18:55:00,23.74,23.74,23.74,23.74,500,0
2017-03-21,19:00:00,23.7299,23.73,23.7299,23.73,1100,0
2017-03-21,19:25:00,23.8,23.8,23.8,23.8,300,0
2017-03-21,19:30:00,23.849,23.849,23.849,23.849,400,0
2017-03-21,19:35:00,23.85,23.85,23.85,23.85,342,0
2017-03-21,19:45:00,23.85,23.85,23.68,23.68,2464,0
2017-03-21,19:50:00,23.68,23.7,23.68,23.695,1600,0
2017-03-21,19:55:00,23.68,23.681,23.68,23.681,1000,0
2017-03-21,20:25:00,23.8,23.8,23.8,23.8,300,0
2017-03-21,20:55:00,23.8468,23.8468,23.8468,23.8468,168,0
2017-03-21,21:00:00,23.82,23.82,23.81,23.82,600,0
2017-03-22,14:35:00,23.94,23.94,23.94,23.94,1200,0
2017-03-22,14:40:00,23.745,23.75,23.61,23.61,1700,0
2017-03-22,15:25:00,23.65,23.65,23.61,23.61,3300,0
2017-03-22,15:35:00,23.61,23.61,23.61,23.61,300,0
2017-03-22,15:45:00,23.76,23.76,23.75,23.75,200,0
2017-03-22,16:00:00,23.76,23.76,23.75,23.75,800,0
2017-03-22,16:05:00,23.9199,23.9199,23.9199,23.9199,1000,0
2017-03-22,16:10:00,23.9,23.9,23.9,23.9,300,0
2017-03-22,16:15:00,23.88,23.9,23.88,23.9,600,0
2017-03-22,16:20:00,23.88,23.9,23.88,23.9,600,0
2017-03-22,16:25:00,23.85,23.85,23.85,23.85,100,0
2017-03-22,16:35:00,23.85,23.85,23.77,23.77,1100,0
2017-03-22,16:50:00,23.77,23.77,23.751,23.751,400,0
2017-03-22,16:55:00,23.78,23.8,23.75,23.75,1600,0
2017-03-22,17:00:00,23.75,23.75,23.75,23.75,500,0
2017-03-22,17:05:00,23.7604,23.7604,23.7604,23.7604,800,0
2017-03-22,17:10:00,23.7704,23.7704,23.69,23.69,3700,0
2017-03-22,17:25:00,23.62,23.63,23.62,23.63,500,0
2017-03-22,17:55:00,23.62,23.62,23.61,23.61,350,0
2017-03-22,18:05:00,23.61,23.61,23.6,23.6,2300,0
2017-03-22,18:10:00,23.589,23.589,23.45,23.45,2390,0
2017-03-22,18:15:00,23.45,23.45,23.45,23.45,100,0
2017-03-22,18:25:00,23.35,23.35,23.3201,23.3201,400,0
2017-03-22,19:05:00,23.33,23.33,23.32,23.32,3900,0
2017-03-22,19:10:00,23.25,23.25,23.25,23.25,400,0
2017-03-22,19:20:00,23.47,23.52,23.1732,23.1732,2700,0
2017-03-22,19:25:00,23.3,23.3,23.3,23.3,100,0
2017-03-22,19:30:00,23.4599,23.4599,23.4599,23.4599,420,0
2017-03-22,19:35:00,23.28,23.28,23.2,23.25,4400,0
2017-03-22,19:40:00,23.45,23.45,23.445,23.445,3200,0
2017-03-22,19:45:00,23.445,23.445,23.445,23.445,100,0
2017-03-22,19:50:00,23.43,23.43,23.41,23.41,1200,0
2017-03-22,19:55:00,23.43,23.46,23.2576,23.46,2200,0
2017-03-22,20:00:00,23.45,23.45,23.445,23.45,2800,0
2017-03-22,20:05:00,23.44,23.653,23.44,23.51,4357,0
2017-03-22,20:10:00,23.51,23.51,23.46,23.46,800,0
2017-03-22,20:15:00,23.649,23.649,23.4978,23.4978,2330,0
2017-03-22,20:20:00,23.51,23.51,23.4621,23.4621,2000,0
2017-03-22,20:25:00,23.51,23.51,23.4505,23.4505,2200,0
2017-03-22,20:40:00,23.481,23.481,23.481,23.481,1500,0
2017-03-22,20:45:00,23.47,23.47,23.44,23.44,2300,0
2017-03-22,20:50:00,23.45,23.45,23.44,23.45,500,0
2017-03-22,20:55:00,23.45,23.45,23.45,23.45,400,0
2017-03-22,21:00:00,23.45,23.47,23.44,23.44,3014,0
2017-03-23,14:45:00,23.65,23.68,23.65,23.68,2000,0
2017-03-23,15:05:00,23.79,23.8,23.79,23.8,800,0
2017-03-23,15:20:00,23.64,23.69,23.64,23.69,500,0
2017-03-23,15:35:00,23.72,23.72,23.72,23.72,241,0
2017-03-23,15:40:00,23.74,23.74,23.74,23.74,100,0
2017-03-23,15:50:00,23.8,23.84,23.77,23.77,1317,0
2017-03-23,16:10:00,23.75,23.75,23.75,23.75,300,0
2017-03-23,16:15:00,23.65,23.65,23.48,23.48,1937,0
2017-03-23,16:35:00,23.62,23.62,23.62,23.62,300,0
2017-03-23,16:40:00,23.5615,23.6,23.5615,23.6,740,0
2017-03-23,16:45:00,23.5565,23.5565,23.5565,23.5565,200,0
2017-03-23,16:50:00,23.5422,23.6768,23.5422,23.6768,2600,0
2017-03-23,17:05:00,23.718,23.718,23.718,23.718,900,0
2017-03-23,17:15:00,23.6451,23.84,23.6451,23.84,510,0
2017-03-23,17:35:00,23.93,24.1634,23.93,24.1634,3635,0
2017-03-23,17:45:00,24,24,24,24,400,0
2017-03-23,17:50:00,24.0397,24.0397,24.0397,24.0397,2000,0
2017-03-23,18:00:00,23.9,24.04,23.87,24.04,3186,0
2017-03-23,18:05:00,24.07,24.07,24.04,24.04,800,0
2017-03-23,18:15:00,24.23,24.248,24.2,24.2,1300,0
2017-03-23,18:20:00,24.099,24.099,24.099,24.099,200,0
2017-03-23,19:10:00,23.95,23.97,23.95,23.97,1100,0
2017-03-23,19:15:00,23.98,23.98,23.95,23.95,300,0
2017-03-23,19:20:00,23.78,23.8,23.78,23.8,400,0
2017-03-23,19:25:00,23.7,23.8361,23.7,23.78,2500,0
2017-03-23,20:00:00,23.7294,23.7294,23.7294,23.7294,400,0
2017-03-23,20:15:00,23.724,23.724,23.724,23.724,1000,0
2017-03-23,20:20:00,23.69,23.715,23.67,23.6701,1700,0
2017-03-23,20:30:00,23.78,23.8,23.78,23.8,500,0
2017-03-23,20:35:00,23.81,23.81,23.71,23.7753,3540,0
2017-03-23,20:40:00,23.815,23.96,23.68,23.73,10300,0
2017-03-23,20:45:00,23.73,23.75,23.67,23.7101,13512,0
2017-03-23,20:50:00,23.86,23.99,23.86,23.96,10583,0
2017-03-23,20:55:00,23.96,24.07,23.8925,23.94,20636,0
2017-03-23,21:00:00,23.9358,23.95,23.86,23.93,2408,0
2017-03-24,14:35:00,24.11,24.17,24.1,24.17,3287,0
2017-03-24,14:40:00,24.17,24.2043,24.03,24.2043,3668,0
2017-03-24,14:45:00,24.17,24.17,24.17,24.17,100,0
2017-03-24,14:50:00,24.17,24.245,24.17,24.245,4240,0
2017-03-24,15:00:00,24.09,24.2,24.09,24.2,800,0
2017-03-24,15:05:00,24.22,24.29,24.22,24.29,3068,0
2017-03-24,15:15:00,24.22,24.22,24.22,24.22,600,0
2017-03-24,15:20:00,24.1705,24.1705,24.1705,24.1705,1000,0
2017-03-24,15:35:00,24.2,24.21,24.15,24.17,3950,0
2017-03-24,15:40:00,24.17,24.2,24.15,24.151,1422,0
2017-03-24,15:45:00,24.15,24.15,24.15,24.15,100,0
2017-03-24,15:50:00,24.22,24.22,24.21,24.21,200,0
2017-03-24,15:55:00,24.22,24.23,24.22,24.23,350,0
2017-03-24,16:00:00,24.22,24.22,24.22,24.22,100,0
2017-03-24,16:05:00,24.259,24.259,24.259,24.259,750,0
2017-03-24,16:10:00,24.22,24.28,24.22,24.28,3500,0
2017-03-24,16:15:00,24.201,24.25,24.15,24.15,3500,0
2017-03-24,16:20:00,24.14,24.18,24.14,24.18,300,0
2017-03-24,16:25:00,24.2,24.2,24.2,24.2,500,0
2017-03-24,16:30:00,24.19,24.25,24.19,24.25,8167,0
2017-03-24,16:35:00,24.25,24.25,24.25,24.25,1700,0
2017-03-24,16:40:00,24.2978,24.2978,24.26,24.26,3245,0
2017-03-24,17:00:00,24.32,24.32,24.32,24.32,100,0
2017-03-24,17:15:00,24.32,24.43,24.31,24.43,12265,0
2017-03-24,17:25:00,24.42,24.42,24.42,24.42,800,0
2017-03-24,17:35:00,24.33,24.4097,24.33,24.33,3400,0
2017-03-24,17:40:00,24.43,24.43,24.331,24.423,1600,0
2017-03-24,17:45:00,24.42,24.42,24.42,24.42,450,0
2017-03-24,18:10:00,24.47,24.47,24.45,24.47,2000,0
2017-03-24,18:15:00,24.47,24.48,24.45,24.48,6550,0
2017-03-24,19:20:00,24.47,24.48,24.46,24.47,5839,0
2017-03-24,19:25:00,24.321,24.34,24.3,24.32,4850,0
2017-03-24,19:30:00,24.38,24.38,24.38,24.38,400,0
2017-03-24,19:40:00,24.301,24.301,24.3,24.3,2000,0
2017-03-24,19:45:00,24.3,24.3,24.25,24.25,4061,0
2017-03-24,19:50:00,24.25,24.25,24.23,24.23,600,0
2017-03-24,19:55:00,24.226,24.226,24.226,24.226,332,0
2017-03-24,20:00:00,24.101,24.17,24.1,24.1484,4400,0
2017-03-24,20:05:00,24.18,24.18,24.12,24.12,800,0
2017-03-24,20:10:00,24.18,24.18,24.1,24.18,600,0
2017-03-24,20:35:00,24.47,24.47,24.43,24.43,700,0
2017-03-24,20:40:00,24.42,24.42,24.42,24.42,649,0
2017-03-24,20:45:00,24.245,24.42,24.245,24.42,900,0
2017-03-24,20:50:00,24.429,24.429,24.25,24.25,819,0
2017-03-24,21:00:00,24.17,24.31,24.165,24.31,522,0
2017-03-27,15:35:00,24.2,24.2,24.2,24.2,4400,0
2017-03-27,15:40:00,24.2283,24.2283,24.2283,24.2283,500,0
2017-03-27,15:55:00,24.12,24.24,24.12,24.24,1800,0
2017-03-27,16:25:00,24.4499,24.4499,24.4499,24.4499,1000,0
2017-03-27,16:35:00,24.4399,24.4399,24.4399,24.4399,800,0
2017-03-27,16:50:00,24.3,24.3,24.3,24.3,400,0
2017-03-27,16:55:00,24.44,24.44,24.36,24.36,300,0
2017-03-27,18:10:00,24.35,24.35,24.35,24.35,100,0
2017-03-27,18:50:00,24.39,24.39,24.39,24.39,100,0
2017-03-27,19:05:00,24.31,24.31,24.31,24.31,269,0
2017-03-27,19:10:00,24.3633,24.3633,24.3633,24.3633,600,0
2017-03-27,19:15:00,24.36,24.38,24.36,24.38,1725,0
2017-03-27,19:40:00,24.31,24.35,24.31,24.3364,4168,0
2017-03-27,19:45:00,24.35,24.35,24.35,24.35,500,0
2017-03-27,20:05:00,24.31,24.31,24.1405,24.1405,3923,0
2017-03-27,20:25:00,24.21,24.21,24.21,24.21,200,0
2017-03-27,20:35:00,24.0701,24.0701,24.0701,24.0701,169,0
2017-03-27,20:40:00,24.29,24.349,24.265,24.349,1300,0
2017-03-27,20:50:00,24.34,24.35,24.29,24.35,4000,0
2017-03-27,21:25:00,24.2443,24.2443,24.2443,24.2443,800,0
2017-03-27,21:50:00,24.3,24.3,24.3,24.3,200,0
2017-03-27,22:00:00,24.34,24.34,24.34,24.34,222,0
2017-03-28,15:35:00,24.4,24.5,24.4,24.5,2513,0
2017-03-28,15:40:00,24.5,24.7278,24.5,24.621,2408,0
2017-03-28,15:45:00,24.63,24.63,24.62,24.62,1100,0
2017-03-28,15:50:00,24.65,24.65,24.65,24.65,400,0
2017-03-28,15:55:00,24.6,24.65,24.6,24.65,800,0
2017-03-28,16:20:00,24.58,24.58,24.5,24.5,2786,0
2017-03-28,16:25:00,24.4714,24.499,24.4714,24.499,619,0
2017-03-28,16:45:00,24.5,24.5,24.475,24.5,3381,0
2017-03-28,16:50:00,24.45,24.5,24.45,24.5,700,0
2017-03-28,17:00:00,24.5,24.5,24.4999,24.5,2145,0
2017-03-28,17:05:00,24.5,24.5,24.499,24.499,400,0
2017-03-28,17:10:00,24.5,24.5,24.5,24.5,500,0
2017-03-28,17:25:00,24.49,24.5,24.49,24.5,200,0
2017-03-28,17:35:00,24.5,24.5,24.5,24.5,400,0
2017-03-28,17:45:00,24.45,24.5,24.45,24.5,6312,0
2017-03-28,17:50:00,24.5342,24.5342,24.5342,24.5342,675,0
2017-03-28,18:00:00,24.5,24.5,24.461,24.5,600,0
2017-03-28,18:05:00,24.461,24.485,24.461,24.485,300,0
2017-03-28,18:20:00,24.45,24.45,24.45,24.45,494,0
2017-03-28,18:25:00,24.5,24.5,24.4501,24.5,2200,0
2017-03-28,18:35:00,24.4712,24.5,24.4601,24.5,700,0
2017-03-28,18:45:00,24.4999,24.4999,24.4999,24.4999,100,0
2017-03-28,19:30:00,24.4917,24.5,24.49,24.49,4000,0
2017-03-28,19:35:00,24.5,24.5001,24.5,24.5001,2600,0
2017-03-28,19:40:00,24.5001,24.5001,24.5001,24.5001,668,0
2017-03-28,19:50:00,24.5,24.5,24.5,24.5,100,0
2017-03-28,20:00:00,24.54,24.58,24.54,24.565,2500,0
2017-03-28,20:10:00,24.54,24.5639,24.54,24.5639,1390,0
2017-03-28,20:20:00,24.5668,24.5668,24.54,24.54,600,0
2017-03-28,20:25:00,24.54,24.54,24.54,24.54,100,0
2017-03-28,20:30:00,24.5,24.5899,24.5,24.589,1400,0
2017-03-28,20:45:00,24.54,24.5401,24.54,24.5401,800,0
2017-03-28,20:55:00,24.5895,24.5895,24.5539,24.5539,900,0
2017-03-28,21:10:00,24.55,24.55,24.55,24.55,100,0
2017-03-28,21:15:00,24.54,24.54,24.54,24.54,200,0
2017-03-28,21:20:00,24.55,24.55,24.5005,24.5005,1000,0
2017-03-28,21:25:00,24.55,24.55,24.55,24.55,500,0
2017-03-28,21:30:00,24.55,24.55,24.55,24.55,200,0
2017-03-28,21:35:00,24.55,24.55,24.54,24.54,600,0
2017-03-28,21:40:00,24.54,24.55,24.54,24.55,500,0
2017-03-28,21:45:00,24.58,24.59,24.58,24.59,461,0
2017-03-28,22:00:00,24.59,24.59,24.51,24.52,1020,0
2017-03-29,15:35:00,24.55,24.55,24.55,24.55,202,0
2017-03-29,15:40:00,24.7481,24.7481,24.7481,24.7481,300,0
2017-03-29,16:50:00,24.65,24.65,24.65,24.65,300,0
2017-03-29,17:05:00,24.65,24.69,24.65,24.68,774,0
2017-03-29,17:15:00,24.6,24.6,24.6,24.6,600,0
2017-03-29,17:40:00,24.62,24.62,24.56,24.56,1990,0
2017-03-29,17:45:00,24.56,24.56,24.56,24.56,600,0
2017-03-29,17:50:00,24.64,24.65,24.6177,24.65,1000,0
2017-03-29,18:00:00,24.64,24.65,24.64,24.65,600,0
2017-03-29,18:35:00,24.6,24.6,24.6,24.6,100,0
2017-03-29,19:00:00,24.65,24.65,24.65,24.65,500,0
2017-03-29,19:10:00,24.61,24.61,24.61,24.61,200,0
2017-03-29,19:15:00,24.6,24.6,24.6,24.6,809,0
2017-03-29,19:40:00,24.599,24.6,24.57,24.57,1700,0
2017-03-29,19:45:00,24.56,24.56,24.55,24.55,8000,0
2017-03-29,20:15:00,24.34,24.34,24.34,24.34,100,0
2017-03-29,20:40:00,24.4326,24.5399,24.4326,24.5399,1000,0
2017-03-29,20:50:00,24.36,24.4,24.3,24.4,5471,0
2017-03-29,20:55:00,24.5699,24.5699,24.5699,24.5699,600,0
2017-03-29,21:50:00,24.49,24.5,24.46,24.4999,900,0
2017-03-29,21:55:00,24.45,24.45,24.45,24.45,100,0
2017-03-29,22:00:00,24.31,24.53,24.3,24.53,3800,0
2017-03-30,15:35:00,24.6,24.6,24.6,24.6,200,0
2017-03-30,15:40:00,24.58,24.65,24.58,24.65,500,0
2017-03-30,15:45:00,24.63,24.65,24.63,24.65,600,0
2017-03-30,16:10:00,24.48,24.49,24.48,24.49,300,0
2017-03-30,16:25:00,24.49,24.49,24.48,24.48,1200,0
2017-03-30,16:45:00,24.56,24.62,24.56,24.62,400,0
2017-03-30,17:30:00,24.6,24.62,24.52,24.59,4068,0
2017-03-30,17:35:00,24.5597,24.5597,24.5597,24.5597,1945,0
2017-03-30,17:55:00,24.57,24.57,24.57,24.57,100,0
2017-03-30,18:15:00,24.57,24.6,24.57,24.6,2200,0
2017-03-30,18:55:00,24.6,24.6,24.599,24.6,1400,0
2017-03-30,19:20:00,24.6,24.63,24.6,24.61,1500,0
2017-03-30,19:40:00,24.6,24.6,24.6,24.6,600,0
2017-03-30,19:45:00,24.62,24.62,24.62,24.62,600,0
2017-03-30,19:55:00,24.68,24.69,24.65,24.68,1400,0
2017-03-30,20:00:00,24.7,24.7,24.7,24.7,100,0
2017-03-30,20:05:00,24.69,24.69,24.69,24.69,2313,0
2017-03-30,20:35:00,24.7,24.7,24.7,24.7,600,0
2017-03-30,20:40:00,24.66,24.66,24.66,24.66,100,0
2017-03-30,20:50:00,24.68,24.68,24.68,24.68,100,0
2017-03-30,21:10:00,24.65,24.85,24.65,24.8,7982,0
2017-03-30,21:45:00,24.7206,24.82,24.7154,24.81,5012,0
2017-03-30,22:00:00,24.9,25,24.9,25,1700,0
2017-03-31,15:35:00,24.95,24.95,24.95,24.95,295,0
2017-03-31,16:30:00,24.8999,24.8999,24.8999,24.8999,800,0
2017-03-31,17:05:00,24.82,24.865,24.66,24.66,1395,0
2017-03-31,17:10:00,24.78,24.8394,24.64,24.68,1657,0
2017-03-31,17:25:00,24.8799,24.8799,24.8799,24.8799,1000,0
2017-03-31,17:30:00,24.8,24.8,24.8,24.8,600,0
2017-03-31,17:35:00,24.8,24.8575,24.8,24.85,1500,0
2017-03-31,18:20:00,24.87,24.88,24.87,24.88,1340,0
2017-03-31,18:25:00,24.87,24.88,24.87,24.88,371,0
2017-03-31,18:35:00,24.8192,24.8192,24.8192,24.8192,400,0
2017-03-31,18:45:00,24.88,24.88,24.88,24.88,793,0
2017-03-31,18:55:00,24.91,24.91,24.91,24.91,500,0
2017-03-31,19:05:00,24.9056,24.9056,24.88,24.88,1900,0
2017-03-31,19:20:00,24.7782,24.7782,24.7782,24.7782,1000,0
2017-03-31,19:45:00,24.7501,24.7501,24.7501,24.7501,112,0
2017-03-31,20:40:00,24.92,24.95,24.92,24.95,934,0
2017-03-31,21:30:00,24.8,24.93,24.8,24.93,500,0
2017-03-31,21:35:00,24.93,24.93,24.92,24.92,200,0
2017-03-31,21:40:00,24.93,24.93,24.93,24.93,100,0
2017-03-31,21:45:00,24.93,24.93,24.92,24.92,200,0
2017-03-31,21:50:00,24.93,24.95,24.93,24.95,200,0
2017-03-31,21:55:00,24.95,24.99,24.865,24.8661,3600,0
2017-03-31,22:00:00,25,25.06,24.99,25.06,2838,0
2017-04-03,15:35:00,24.99,24.99,24.99,24.99,440,0
2017-04-03,15:50:00,24.87,24.87,24.87,24.87,408,0
2017-04-03,16:00:00,24.97,25,24.97,24.98,1500,0
2017-04-03,16:10:00,25,25,24.87,24.87,600,0
2017-04-03,16:15:00,25,25,25,25,530,0
2017-04-03,16:40:00,24.95,24.95,24.95,24.95,780,0
2017-04-03,17:10:00,24.9075,24.9075,24.9075,24.9075,500,0
2017-04-03,17:50:00,24.9,24.9,24.9,24.9,300,0
2017-04-03,17:55:00,24.9,24.9,24.9,24.9,200,0
2017-04-03,18:00:00,24.9,24.9,24.9,24.9,200,0
2017-04-03,18:05:00,24.9,24.9,24.894,24.894,380,0
2017-04-03,18:15:00,24.88,24.8862,24.87,24.87,1600,0
2017-04-03,18:35:00,24.87,24.87,24.87,24.87,234,0
2017-04-03,19:05:00,24.8955,24.8955,24.8955,24.8955,500,0
2017-04-03,19:10:00,24.9,24.9,24.9,24.9,305,0
2017-04-03,19:35:00,24.87,24.87,24.87,24.87,200,0
2017-04-03,19:40:00,24.87,24.87,24.87,24.87,300,0
2017-04-03,19:55:00,24.8999,24.8999,24.8999,24.8999,600,0
2017-04-03,20:10:00,24.87,24.87,24.58,24.58,3866,0
2017-04-03,20:20:00,24.8,24.88,24.8,24.87,840,0
2017-04-03,20:25:00,24.8999,24.8999,24.8999,24.8999,600,0
2017-04-03,21:45:00,24.7428,24.7428,24.7428,24.7428,600,0
2017-04-03,22:00:00,24.68,24.89,24.68,24.89,600,0
2017-04-04,15:35:00,25.2,25.4,25.2,25.4,24640,0
2017-04-04,15:40:00,25.48,25.67,25.48,25.5693,5708,0
2017-04-04,15:45:00,25.55,25.75,25.55,25.75,1800,0
2017-04-04,15:50:00,25.79,25.79,25.7,25.71,1650,0
2017-04-04,15:55:00,25.64,25.64,25.22,25.22,2200,0
2017-04-04,16:00:00,25.5,25.5,25.4,25.4,1000,0
2017-04-04,16:05:00,25.39,25.4,25.3001,25.4,2700,0
2017-04-04,16:10:00,25.415,25.415,25.32,25.32,1724,0
2017-04-04,16:20:00,25.33,25.33,25.33,25.33,700,0
2017-04-04,16:30:00,25.33,25.33,25.33,25.33,500,0
2017-04-04,16:40:00,25.36,25.4585,25.36,25.4585,1100,0
2017-04-04,16:50:00,25.445,25.445,25.445,25.445,600,0
2017-04-04,17:00:00,25.46,25.46,25.46,25.46,600,0
2017-04-04,17:05:00,25.44,25.4622,25.44,25.44,1000,0
2017-04-04,17:25:00,25.35,25.35,25.35,25.35,200,0
2017-04-04,17:30:00,25.34,25.35,25.34,25.35,900,0
2017-04-04,17:35:00,25.35,25.42,25.35,25.42,1100,0
2017-04-04,17:40:00,25.46,25.4646,25.46,25.4646,600,0
2017-04-04,17:45:00,25.47,25.47,25.47,25.47,600,0
2017-04-04,17:55:00,25.42,25.42,25.42,25.42,100,0
2017-04-04,18:05:00,25.411,25.411,25.4,25.4,610,0
2017-04-04,18:25:00,25.4,25.4,25.33,25.33,2830,0
2017-04-04,18:30:00,25.436,25.436,25.33,25.3301,4000,0
2017-04-04,19:00:00,25.429,25.429,25.429,25.429,1500,0
2017-04-04,19:05:00,25.38,25.38,25.368,25.368,1000,0
2017-04-04,19:10:00,25.33,25.33,25.2008,25.2008,971,0
2017-04-04,19:15:00,25.2,25.26,25.2,25.26,1000,0
2017-04-04,19:20:00,25.1401,25.1401,25.1401,25.1401,500,0
2017-04-04,19:25:00,25.2,25.23,25.18,25.21,2000,0
2017-04-04,19:30:00,25.25,25.35,25.21,25.35,4800,0
2017-04-04,19:55:00,25.31,25.31,25.28,25.28,1000,0
2017-04-04,20:00:00,25.291,25.38,25.28,25.28,2999,0
2017-04-04,20:05:00,25.37,25.37,25.28,25.28,600,0
2017-04-04,20:10:00,25.24,25.25,25.24,25.25,500,0
2017-04-04,20:15:00,25.25,25.25,25.25,25.25,2100,0
2017-04-04,20:20:00,25.2475,25.3,25.2475,25.3,2631,0
2017-04-04,20:30:00,25.31,25.31,25.3,25.3,1705,0
2017-04-04,20:40:00,25.3,25.32,25.3,25.32,1000,0
2017-04-04,21:05:00,25.22,25.23,25.21,25.23,700,0
2017-04-04,21:10:00,25.23,25.2482,25.23,25.23,6600,0
2017-04-04,21:15:00,25.32,25.39,25.32,25.39,2000,0
2017-04-04,21:20:00,25.2643,25.2643,25.2643,25.2643,1000,0
2017-04-04,21:25:00,25.26,25.26,25.26,25.26,1400,0
2017-04-04,21:30:00,25.26,25.26,25.24,25.24,664,0
2017-04-04,21:35:00,25.24,25.2425,25.24,25.2425,600,0
2017-04-04,21:45:00,25.24,25.25,25.2393,25.25,2100,0
2017-04-04,22:00:00,25.25,25.36,25.21,25.28,1239,0
2017-04-05,15:35:00,25.18,25.22,25.18,25.22,731,0
2017-04-05,15:40:00,25.17,25.17,25.17,25.17,1500,0
2017-04-05,15:45:00,25.2,25.2,25.2,25.2,200,0
2017-04-05,15:50:00,25.2854,25.2854,25.22,25.22,500,0
2017-04-05,15:55:00,25.22,25.22,25.22,25.22,100,0
2017-04-05,16:05:00,25.19,25.19,25.15,25.15,1900,0
2017-04-05,16:15:00,25.2162,25.2162,25.2162,25.2162,1000,0
2017-04-05,16:50:00,25.17,25.17,25.17,25.17,800,0
2017-04-05,16:55:00,25.15,25.15,25.1,25.1,1384,0
2017-04-05,17:00:00,25.11,25.12,25.11,25.12,958,0
2017-04-05,17:05:00,25.07,25.07,24.89,24.89,2836,0
2017-04-05,17:10:00,24.91,25.0093,24.91,25.0093,726,0
2017-04-05,17:20:00,25.14,25.14,25.14,25.14,520,0
2017-04-05,17:30:00,25.15,25.1699,25.11,25.1699,400,0
2017-04-05,17:35:00,25.05,25.05,25.05,25.05,1500,0
2017-04-05,18:00:00,25.1,25.13,25.1,25.11,800,0
2017-04-05,18:10:00,25.01,25.05,25.01,25.05,1200,0
2017-04-05,18:15:00,25.05,25.05,25.05,25.05,343,0
2017-04-05,18:30:00,25.08,25.08,25.08,25.08,100,0
2017-04-05,18:45:00,25.0791,25.0791,25.0791,25.0791,2000,0
2017-04-05,18:55:00,25,25.1099,25,25.1099,300,0
2017-04-05,19:00:00,25,25,25,25,200,0
2017-04-05,19:05:00,25.1019,25.1019,25,25.05,1150,0
2017-04-05,19:20:00,25.0501,25.0552,25.05,25.05,3900,0
2017-04-05,19:30:00,24.955,25,24.9,25,3091,0
2017-04-05,19:40:00,25.075,25.075,25.05,25.05,200,0
2017-04-05,20:00:00,24.9619,24.9619,24.9619,24.9619,1000,0
2017-04-05,20:15:00,24.99,25,24.99,24.9974,1000,0
2017-04-05,20:20:00,25,25.16,25,25.16,300,0
2017-04-05,20:50:00,25.1,25.1,25.1,25.1,100,0
2017-04-05,21:10:00,25.11,25.11,25.11,25.11,100,0
2017-04-05,21:35:00,25.09,25.12,25.09,25.12,3200,0
2017-04-05,21:40:00,25.11,25.11,25.11,25.11,200,0
2017-04-05,21:55:00,24.97,24.97,24.96,24.96,400,0
2017-04-05,22:00:00,24.97,25.17,24.95,25.17,1942,0
2017-04-06,15:35:00,24.98,24.98,24.98,24.98,100,0
2017-04-06,15:50:00,25.14,25.14,25.14,25.14,100,0
2017-04-06,16:30:00,24.95,24.95,24.7,24.75,11140,0
2017-04-06,16:35:00,24.75,24.91,24.75,24.87,9993,0
2017-04-06,16:40:00,24.9,24.9,24.9,24.9,360,0
2017-04-06,16:55:00,24.8784,24.8784,24.8119,24.8119,707,0
2017-04-06,17:05:00,24.905,24.905,24.905,24.905,1000,0
2017-04-06,17:10:00,24.9394,24.9394,24.9394,24.9394,1000,0
2017-04-06,17:20:00,25,25,24.925,24.94,1200,0
2017-04-06,18:10:00,24.92,24.92,24.88,24.89,1700,0
2017-04-06,18:15:00,24.84,24.8428,24.84,24.8428,350,0
2017-04-06,18:20:00,24.88,24.88,24.88,24.88,100,0
2017-04-06,18:40:00,24.86,24.86,24.81,24.81,2850,0
2017-04-06,18:50:00,24.83,24.83,24.83,24.83,100,0
2017-04-06,19:20:00,24.85,24.89,24.85,24.89,700,0
2017-04-06,19:25:00,24.88,24.89,24.864,24.89,565,0
2017-04-06,19:40:00,24.8775,24.8775,24.8775,24.8775,300,0
2017-04-06,19:45:00,24.88,24.88,24.8483,24.8483,200,0
2017-04-06,19:50:00,24.8784,24.88,24.8784,24.88,1000,0
2017-04-06,20:15:00,24.88,24.89,24.88,24.888,1800,0
2017-04-06,20:25:00,24.895,24.895,24.85,24.85,1400,0
2017-04-06,20:45:00,24.88,24.88,24.88,24.88,400,0
2017-04-06,20:55:00,24.89,24.89,24.89,24.89,200,0
2017-04-06,21:10:00,24.89,24.9,24.89,24.89,2000,0
2017-04-06,21:40:00,24.85,24.8675,24.85,24.8675,1000,0
2017-04-06,21:45:00,24.85,24.851,24.85,24.85,454,0
2017-04-06,21:50:00,24.85,24.85,24.85,24.85,400,0
2017-04-06,21:55:00,24.91,24.91,24.91,24.91,100,0
2017-04-07,15:35:00,24.82,24.82,24.82,24.82,100,0
2017-04-07,16:00:00,24.81,24.81,24.78,24.78,1050,0
2017-04-07,16:15:00,24.98,24.98,24.98,24.98,1000,0
2017-04-07,16:20:00,24.85,24.85,24.85,24.85,100,0
2017-04-07,16:25:00,24.9,24.9,24.9,24.9,500,0
2017-04-07,16:50:00,24.9,24.9,24.9,24.9,1000,0
2017-04-07,16:55:00,24.9,24.9,24.85,24.85,800,0
2017-04-07,17:20:00,24.86,24.86,24.86,24.86,200,0
2017-04-07,17:25:00,24.89,24.89,24.89,24.89,1300,0
2017-04-07,17:50:00,24.89,24.9,24.89,24.8999,1300,0
2017-04-07,18:05:00,24.95,24.95,24.95,24.95,321,0
2017-04-07,18:10:00,24.95,24.95,24.9462,24.95,2200,0
2017-04-07,19:00:00,24.91,24.91,24.91,24.91,800,0
2017-04-07,19:05:00,24.99,24.99,24.99,24.99,100,0
2017-04-07,19:45:00,24.9849,24.9849,24.9849,24.9849,1000,0
2017-04-07,20:40:00,24.98,24.98,24.98,24.98,400,0
2017-04-07,20:55:00,24.99,25,24.99,24.99,700,0
2017-04-07,21:35:00,25,25,25,25,422,0
2017-04-07,21:50:00,25.14,25.14,25.12,25.13,3300,0
2017-04-07,21:55:00,25.14,25.14,25.14,25.14,200,0
2017-04-07,22:00:00,25.14,25.14,25.14,25.14,600,0
2017-04-10,16:00:00,25.16,25.2,25.16,25.17,1600,0
2017-04-10,16:05:00,25.17,25.17,25.17,25.17,200,0
2017-04-10,16:15:00,25.24,25.24,25.24,25.24,200,0
2017-04-10,16:20:00,25.2,25.2,25.2,25.2,100,0
2017-04-10,16:25:00,25.19,25.19,25.19,25.19,100,0
2017-04-10,16:30:00,25.18,25.18,25.17,25.17,566,0
2017-04-10,16:45:00,25.21,25.21,25.21,25.21,100,0
2017-04-10,17:15:00,25.0001,25.0001,25.0001,25.0001,1000,0
2017-04-10,17:25:00,25.0486,25.0486,25.0486,25.0486,425,0
2017-04-10,17:40:00,25.15,25.15,25.15,25.15,400,0
2017-04-10,18:20:00,25.062,25.08,25.05,25.05,6100,0
2017-04-10,19:00:00,25.12,25.12,25.12,25.12,100,0
2017-04-10,19:30:00,25.1,25.1185,25.1,25.1185,1400,0
2017-04-10,19:35:00,25.14,25.15,25.13,25.15,1000,0
2017-04-10,19:45:00,25.132,25.132,25.132,25.132,1000,0
2017-04-10,20:20:00,25.15,25.15,25.15,25.15,220,0
2017-04-10,20:25:00,25.1249,25.1249,25.1249,25.1249,600,0
2017-04-10,21:00:00,25.15,25.15,25.15,25.15,400,0
2017-04-10,21:10:00,25.17,25.17,25.17,25.17,100,0
2017-04-10,21:25:00,25.15,25.15,25.15,25.15,100,0
2017-04-10,21:30:00,25.12,25.15,25.12,25.15,600,0
2017-04-10,21:35:00,25.15,25.15,25.15,25.15,100,0
2017-04-10,21:55:00,25.15,25.15,25.15,25.15,600,0
2017-04-10,22:00:00,25.16,25.16,25.16,25.16,200,0
2017-04-11,15:35:00,24.69,24.69,24.65,24.65,6077,0
2017-04-11,15:40:00,24.4286,24.52,24.33,24.52,4185,0
2017-04-11,15:45:00,24.3,24.32,24.15,24.15,1916,0
2017-04-11,15:50:00,24.15,24.15,24.15,24.15,100,0
2017-04-11,15:55:00,24.17,24.17,23.76,23.85,4415,0
2017-04-11,16:05:00,23.98,24.2,23.915,24,1399,0
2017-04-11,16:10:00,24.14,24.14,23.6,23.6,3975,0
2017-04-11,16:15:00,23.79,23.79,23.3,23.3,4275,0
2017-04-11,16:20:00,23.34,23.54,23.34,23.415,1700,0
2017-04-11,16:25:00,23.6,23.6,23.48,23.48,600,0
2017-04-11,16:35:00,23.49,23.49,23.35,23.35,3083,0
2017-04-11,16:40:00,23.46,23.5,23.46,23.4954,1100,0
2017-04-11,16:45:00,23.55,23.55,23.22,23.28,1470,0
2017-04-11,16:50:00,23.42,23.45,23.22,23.3238,2070,0
2017-04-11,16:55:00,23.3,23.3344,23.3,23.3344,1300,0
2017-04-11,17:00:00,23.3,23.3,22.5701,22.5701,10900,0
2017-04-11,17:05:00,22.83,23.1,22.83,23.1,1775,0
2017-04-11,17:10:00,23.04,23.04,23.04,23.04,100,0
2017-04-11,17:15:00,22.9948,22.9948,22.9501,22.9501,800,0
2017-04-11,17:20:00,22.95,22.99,22.7701,22.9236,2162,0
2017-04-11,17:25:00,22.9,23.0445,22.9,23,1650,0
2017-04-11,17:30:00,22.95,22.95,22.85,22.88,1700,0
2017-04-11,17:35:00,22.91,23.3,22.91,23.3,2565,0
2017-04-11,17:40:00,23.25,23.27,23.25,23.27,638,0
2017-04-11,17:45:00,23.35,23.35,23,23,3000,0
2017-04-11,17:50:00,23.21,23.3,22.94,22.94,2400,0
2017-04-11,17:55:00,23.03,23.25,23.03,23.2067,3000,0
2017-04-11,18:00:00,23.21,23.21,23.21,23.21,100,0
2017-04-11,18:05:00,23.45,23.499,23.25,23.3198,2200,0
2017-04-11,18:10:00,23.3999,23.4,23.25,23.25,1300,0
2017-04-11,18:15:00,23.25,23.25,23.25,23.25,650,0
2017-04-11,18:35:00,23.4,23.51,23.4,23.47,2027,0
2017-04-11,18:45:00,23.5,23.52,23.48,23.51,560,0
2017-04-11,18:50:00,23.49,23.49,23.49,23.49,103,0
2017-04-11,19:00:00,23.31,23.4899,23.31,23.4899,450,0
2017-04-11,19:05:00,23.4881,23.5,23.475,23.5,2400,0
2017-04-11,19:10:00,23.55,23.55,23.55,23.55,100,0
2017-04-11,19:20:00,23.5,23.6,23.44,23.55,2000,0
2017-04-11,19:25:00,23.51,23.5528,23.5,23.5,600,0
2017-04-11,19:30:00,23.51,23.51,23.5,23.5001,1000,0
2017-04-11,19:35:00,23.5,23.752,23.5,23.5,3200,0
2017-04-11,19:40:00,23.5,23.6851,23.44,23.446,2416,0
2017-04-11,19:45:00,23.44,23.5,23.44,23.4501,3200,0
2017-04-11,19:50:00,23.4701,23.49,23.47,23.4701,3200,0
2017-04-11,20:05:00,23.49,23.49,23.47,23.4713,700,0
2017-04-11,20:10:00,23.4775,23.55,23.4775,23.49,1570,0
2017-04-11,20:15:00,23.5391,23.5391,23.5,23.5,620,0
2017-04-11,20:20:00,23.5,23.5,23.5,23.5,1400,0
2017-04-11,20:25:00,23.55,23.55,23.55,23.55,300,0
2017-04-11,20:30:00,23.4835,23.5524,23.46,23.46,1150,0
2017-04-11,20:55:00,23.51,23.51,23.5,23.51,1300,0
2017-04-11,21:00:00,23.55,23.56,23.55,23.5501,500,0
2017-04-11,21:05:00,23.55,23.59,23.55,23.59,900,0
2017-04-11,21:10:00,23.59,23.6,23.55,23.55,2200,0
2017-04-11,21:30:00,23.4601,23.4601,23.4601,23.4601,200,0
2017-04-11,21:35:00,23.4978,23.4978,23.4978,23.4978,200,0
2017-04-11,21:45:00,23.5327,23.5327,23.47,23.5,1100,0
2017-04-11,21:50:00,23.55,23.6,23.5,23.5,1300,0
2017-04-11,21:55:00,23.49,23.5,23.49,23.5,200,0
2017-04-11,22:00:00,23.83,23.83,23.83,23.83,222,0
2017-04-12,15:35:00,23.83,23.83,23.619,23.619,5775,0
2017-04-12,15:40:00,23.59,23.65,23.58,23.61,10800,0
2017-04-12,15:45:00,23.605,23.7158,23.49,23.49,8500,0
2017-04-12,15:50:00,23.5,23.63,23.5,23.61,2623,0
2017-04-12,15:55:00,23.68,23.68,23.68,23.68,600,0
2017-04-12,16:00:00,23.63,23.87,23.63,23.87,350,0
2017-04-12,16:10:00,23.87,23.9483,23.87,23.9483,1200,0
2017-04-12,16:15:00,24,24,24,24,350,0
2017-04-12,16:20:00,23.92,23.94,23.8755,23.8755,2299,0
2017-04-12,16:25:00,23.87,23.87,23.87,23.87,100,0
2017-04-12,16:30:00,23.85,23.85,23.8,23.8,601,0
2017-04-12,16:35:00,23.722,23.722,23.7,23.7,450,0
2017-04-12,16:40:00,23.7,23.7,23.7,23.7,200,0
2017-04-12,16:45:00,23.7302,23.7302,23.7302,23.7302,300,0
2017-04-12,16:55:00,23.7,23.79,23.7,23.79,500,0
2017-04-12,17:00:00,23.7802,23.7802,23.7802,23.7802,300,0
2017-04-12,17:45:00,23.771,23.771,23.771,23.771,500,0
2017-04-12,17:50:00,23.8106,23.8106,23.8106,23.8106,1000,0
2017-04-12,18:00:00,23.81,23.81,23.7001,23.7001,4300,0
2017-04-12,18:05:00,23.7799,23.7799,23.7799,23.7799,146,0
2017-04-12,18:15:00,23.755,23.8,23.75,23.765,3640,0
2017-04-12,18:45:00,23.8,23.9005,23.8,23.9005,3216,0
2017-04-12,18:55:00,23.8013,23.8013,23.8013,23.8013,200,0
2017-04-12,19:15:00,23.8093,23.969,23.8093,23.96,5912,0
2017-04-12,19:30:00,23.8981,23.8981,23.8245,23.8245,807,0
2017-04-12,19:35:00,23.9,23.9,23.9,23.9,300,0
2017-04-12,19:45:00,23.92,23.95,23.92,23.95,400,0
2017-04-12,19:50:00,23.93,23.93,23.85,23.85,400,0
2017-04-12,19:55:00,23.85,23.85,23.85,23.85,810,0
2017-04-12,20:05:00,23.83,23.841,23.83,23.841,1700,0
2017-04-12,20:35:00,23.81,23.96,23.81,23.96,2400,0
2017-04-12,20:55:00,23.97,24,23.967,23.967,1600,0
2017-04-12,21:00:00,23.9,23.9,23.9,23.9,400,0
2017-04-12,21:05:00,23.9,24,23.9,24,2750,0
2017-04-12,21:10:00,24.11,24.11,24.11,24.11,100,0
2017-04-12,21:15:00,23.9,23.9,23.9,23.9,800,0
2017-04-12,21:50:00,24.1,24.1,24.05,24.05,500,0
2017-04-12,22:00:00,23.9,24.36,23.9,24.36,3805,0
2017-04-13,15:35:00,24.06,24.06,24.06,24.06,147,0
2017-04-13,15:40:00,24.5,24.66,24.2714,24.6,16770,0
2017-04-13,15:55:00,24.16,24.3,24.16,24.3,300,0
2017-04-13,16:15:00,24.2016,24.2016,24.2016,24.2016,1135,0
2017-04-13,16:25:00,24.4,24.4,24.4,24.4,300,0
2017-04-13,16:30:00,24.28,24.28,24.07,24.0925,3700,0
2017-04-13,16:45:00,24.02,24.02,24.02,24.02,100,0
2017-04-13,17:05:00,24.0901,24.0901,24.0901,24.0901,1000,0
2017-04-13,17:20:00,24.2,24.2,24.2,24.2,575,0
2017-04-13,17:45:00,24.2,24.21,24.2,24.2,4485,0
2017-04-13,18:20:00,24.1,24.1,24.08,24.08,628,0
2017-04-13,18:25:00,24.1361,24.1361,24.1361,24.1361,1000,0
2017-04-13,19:15:00,24.09,24.1,24.02,24.02,600,0
2017-04-13,19:25:00,24,24.0001,24,24.0001,800,0
2017-04-13,19:40:00,24.01,24.0271,24,24.0271,1472,0
2017-04-13,19:45:00,24,24,24,24,1435,0
2017-04-13,20:10:00,24,24.1899,24,24,4300,0
2017-04-13,20:15:00,24,24,24,24,400,0
2017-04-13,20:20:00,24,24,23.92,23.92,1100,0
2017-04-13,21:15:00,23.95,24.05,23.95,24.05,200,0
2017-04-13,21:20:00,24.059,24.059,24.05,24.05,758,0
2017-04-13,21:30:00,24,24,24,24,100,0
2017-04-13,21:35:00,24.05,24.05,24.0325,24.0325,200,0
2017-04-13,21:45:00,24.05,24.06,24.04,24.06,800,0
2017-04-13,21:50:00,24.06,24.06,24.06,24.06,100,0
2017-04-13,21:55:00,24.05,24.05,24.05,24.05,2175,0
2017-04-13,22:00:00,24.05,24.05,24.05,24.05,300,0
2017-04-17,15:35:00,24.11,24.11,24.06,24.06,995,0
2017-04-17,16:50:00,24.0055,24.0055,24.0055,24.0055,500,0
2017-04-17,17:05:00,24.0378,24.0378,24.0378,24.0378,400,0
2017-04-17,17:40:00,24.05,24.17,24.05,24.17,2200,0
2017-04-17,17:45:00,24.05,24.0501,23.92,23.92,1400,0
2017-04-17,18:00:00,23.98,23.98,23.98,23.98,100,0
2017-04-17,18:05:00,23.98,23.98,23.9788,23.9788,200,0
2017-04-17,18:30:00,23.99,24.05,23.99,23.99,912,0
2017-04-17,18:35:00,24.05,24.05,24.05,24.05,500,0
2017-04-17,18:55:00,24.05,24.05,24.05,24.05,1994,0
2017-04-17,19:20:00,24,24,24,24,3296,0
2017-04-17,19:30:00,24.05,24.05,24.05,24.05,2000,0
2017-04-17,19:35:00,24.0342,24.0342,24.0342,24.0342,725,0
2017-04-17,19:40:00,24.05,24.05,24.05,24.05,200,0
2017-04-17,19:50:00,24.1999,24.1999,24.1999,24.1999,1000,0
2017-04-17,20:15:00,24.05,24.05,24.05,24.05,400,0
2017-04-17,20:35:00,24.1561,24.1561,24.1561,24.1561,200,0
2017-04-17,20:55:00,24.1592,24.1592,24.1592,24.1592,400,0
2017-04-17,21:00:00,24.06,24.06,24.06,24.06,105,0
2017-04-17,21:15:00,24,24.015,24,24.015,500,0
2017-04-17,21:40:00,24.3536,24.3536,24.3536,24.3536,500,0
2017-04-17,22:00:00,24.03,24.03,24.02,24.02,200,0
2017-04-18,15:35:00,24.03,24.08,24.03,24.08,287,0
2017-04-18,15:55:00,24.14,24.14,24.14,24.14,389,0
2017-04-18,16:15:00,24.15,24.15,24.15,24.15,100,0
2017-04-18,16:50:00,24.1733,24.1733,24.1733,24.1733,500,0
2017-04-18,17:25:00,24.0201,24.0201,24.0201,24.0201,100,0
2017-04-18,17:35:00,24.02,24.026,24.02,24.026,800,0
2017-04-18,17:50:00,24.02,24.0282,24.02,24.02,1400,0
2017-04-18,17:55:00,24.033,24.033,23.69,23.69,10520,0
2017-04-18,18:00:00,23.71,23.7456,23.69,23.69,1400,0
2017-04-18,18:55:00,23.9674,23.9674,23.9674,23.9674,700,0
2017-04-18,19:40:00,24.0499,24.0499,24.0499,24.0499,100,0
2017-04-18,20:50:00,23.92,23.9297,23.77,23.7798,2568,0
2017-04-18,21:25:00,23.8046,23.8417,23.8046,23.8417,1514,0
2017-04-18,21:35:00,23.9061,23.9061,23.9061,23.9061,100,0
2017-04-18,22:00:00,23.91,23.91,23.76,23.76,364,0
2017-04-19,15:35:00,23.98,23.98,23.98,23.98,100,0
2017-04-19,16:45:00,23.9,23.9,23.8154,23.8154,2900,0
2017-04-19,17:15:00,23.85,23.85,23.84,23.84,500,0
2017-04-19,17:20:00,24.03,24.03,24.03,24.03,500,0
2017-04-19,17:25:00,24.0196,24.0196,24.0196,24.0196,200,0
2017-04-19,17:40:00,23.9355,23.9355,23.9355,23.9355,912,0
2017-04-19,17:50:00,23.9289,23.98,23.9289,23.97,2200,0
2017-04-19,18:20:00,23.92,23.92,23.91,23.9145,420,0
2017-04-19,18:25:00,23.96,23.98,23.96,23.97,500,0
2017-04-19,18:35:00,23.9586,23.9586,23.9586,23.9586,200,0
2017-04-19,18:40:00,23.9402,23.9402,23.9402,23.9402,400,0
2017-04-19,19:00:00,23.9102,23.9102,23.9102,23.9102,700,0
2017-04-19,19:50:00,23.95,23.95,23.9129,23.9129,243,0
2017-04-19,20:05:00,23.92,23.92,23.9,23.9,400,0
2017-04-19,20:15:00,23.89,23.9,23.89,23.89,2098,0
2017-04-19,20:20:00,23.89,23.89,23.89,23.89,1950,0
2017-04-19,20:25:00,23.895,23.9,23.88,23.88,10405,0
2017-04-19,20:30:00,23.88,23.93,23.88,23.88,7390,0
2017-04-19,20:40:00,23.89,23.95,23.884,23.9496,1348,0
2017-04-19,21:15:00,23.89,23.9,23.89,23.9,300,0
2017-04-19,21:25:00,23.87,23.896,23.8401,23.8401,2000,0
2017-04-19,21:50:00,23.8903,23.8903,23.8903,23.8903,200,0
2017-04-19,21:55:00,23.8601,23.8601,23.8601,23.8601,1466,0
2017-04-19,22:00:00,23.87,23.9,23.87,23.9,375,0
2017-04-20,15:35:00,23.91,23.91,23.91,23.91,100,0
2017-04-20,15:40:00,23.92,23.92,23.92,23.92,100,0
2017-04-20,15:55:00,23.97,23.975,23.97,23.975,400,0
2017-04-20,16:00:00,24.04,24.05,24.04,24.05,1100,0
2017-04-20,16:05:00,24.06,24.06,24.01,24.0199,1000,0
2017-04-20,16:35:00,24.02,24.02,24,24.01,573,0
2017-04-20,17:20:00,24.04,24.04,24,24,1759,0
2017-04-20,17:30:00,24,24,24,24,1000,0
2017-04-20,17:40:00,24,24,24,24,800,0
2017-04-20,17:45:00,24,24,24,24,200,0
2017-04-20,17:50:00,24,24,23.98,24,1400,0
2017-04-20,17:55:00,23.975,23.975,23.975,23.975,200,0
2017-04-20,18:05:00,24,24,24,24,100,0
2017-04-20,18:10:00,24,24,24,24,700,0
2017-04-20,18:15:00,24.0448,24.0448,24.0448,24.0448,450,0
2017-04-20,19:40:00,24.05,24.05,24,24,400,0
2017-04-20,19:50:00,24.05,24.05,24.05,24.05,203,0
2017-04-20,19:55:00,24.05,24.05,24.05,24.05,300,0
2017-04-20,20:15:00,24.005,24.005,24.005,24.005,300,0
2017-04-20,20:35:00,24.05,24.05,24.05,24.05,200,0
2017-04-20,20:45:00,24.0864,24.1,24.0864,24.1,2600,0
2017-04-20,20:50:00,24.0701,24.0701,24.07,24.07,468,0
2017-04-20,21:00:00,24.12,24.14,24.12,24.125,1900,0
2017-04-20,21:05:00,24.14,24.14,24.0101,24.0101,400,0
2017-04-20,21:20:00,24.0101,24.03,24.0101,24.03,1500,0
2017-04-20,21:25:00,24.0101,24.1,24.0101,24.0101,2400,0
2017-04-20,21:40:00,24.2972,24.2972,24.2972,24.2972,709,0
2017-04-20,21:50:00,24.0201,24.0201,24.0201,24.0201,350,0
2017-04-20,21:55:00,24.1,24.1,24.1,24.1,100,0
2017-04-20,22:00:00,24.1,24.2,24.1,24.2,654,0
2017-04-21,15:35:00,24.08,24.2001,24.08,24.2001,7169,0
2017-04-21,16:00:00,24.35,24.35,24.35,24.35,200,0
2017-04-21,16:10:00,24.3,24.3,24.3,24.3,400,0
2017-04-21,16:30:00,24.3223,24.3223,24.3223,24.3223,1275,0
2017-04-21,17:00:00,24.3183,24.3183,24.3183,24.3183,240,0
2017-04-21,17:40:00,24.23,24.2564,24.21,24.2564,986,0
2017-04-21,17:55:00,24.22,24.22,24.2,24.2,1963,0
2017-04-21,19:05:00,24.2273,24.2273,24.2273,24.2273,304,0
2017-04-21,19:15:00,24.3299,24.3299,24.3299,24.3299,1000,0
2017-04-21,19:20:00,24.3199,24.3199,24.3199,24.3199,800,0
2017-04-21,19:35:00,24.31,24.35,24.31,24.35,1149,0
2017-04-21,19:45:00,24.26,24.26,24.25,24.26,300,0
2017-04-21,19:55:00,24.2599,24.2599,24.2599,24.2599,1000,0
2017-04-21,20:40:00,24.2236,24.2236,24.2236,24.2236,102,0
2017-04-21,20:55:00,24.25,24.25,24.25,24.25,100,0
2017-04-21,21:15:00,24.24,24.25,24.24,24.25,874,0
2017-04-21,21:25:00,24.2001,24.24,24.2,24.24,1468,0
2017-04-21,21:35:00,24.24,24.24,24.24,24.24,100,0
2017-04-21,21:40:00,24.2381,24.24,24.2381,24.24,500,0
2017-04-21,21:45:00,24.24,24.24,24.24,24.24,100,0
2017-04-21,21:50:00,24.25,24.25,24.25,24.25,100,0
2017-04-21,21:55:00,24.33,24.33,24.2501,24.2501,200,0
2017-04-21,22:00:00,24.32,24.32,24.22,24.3063,2140,0
2017-04-24,15:35:00,24.35,24.35,24.31,24.31,1900,0
2017-04-24,15:40:00,24.31,24.31,24.31,24.31,300,0
2017-04-24,15:55:00,24.4,24.4,24.4,24.4,500,0
2017-04-24,16:00:00,24.38,24.38,24.38,24.38,200,0
2017-04-24,16:10:00,24.38,24.39,24.3406,24.3648,1500,0
2017-04-24,16:30:00,24.2701,24.2701,24.2701,24.2701,200,0
2017-04-24,16:40:00,24.379,24.379,24.3677,24.37,450,0
2017-04-24,16:55:00,24.3201,24.3201,24.3201,24.3201,400,0
2017-04-24,17:00:00,24.33,24.33,24.32,24.32,800,0
2017-04-24,17:30:00,24.3595,24.3595,24.3595,24.3595,900,0
2017-04-24,17:45:00,24.35,24.4,24.35,24.3892,3218,0
2017-04-24,19:30:00,24.4001,24.4001,24.4001,24.4001,2000,0
2017-04-24,19:50:00,24.6233,24.6233,24.6233,24.6233,1000,0
2017-04-24,20:15:00,24.5572,24.5572,24.5572,24.5572,609,0
2017-04-24,20:20:00,24.46,24.46,24.45,24.45,400,0
2017-04-24,20:35:00,24.4366,24.5,24.4366,24.4925,1000,0
2017-04-24,20:40:00,24.484,24.484,24.484,24.484,500,0
2017-04-24,20:50:00,24.48,24.48,24.48,24.48,100,0
2017-04-24,21:00:00,24.498,24.498,24.498,24.498,100,0
2017-04-24,21:15:00,24.48,24.48,24.48,24.48,100,0
2017-04-24,21:40:00,24.475,24.4999,24.475,24.4999,1200,0
2017-04-24,21:50:00,24.5,24.5,24.4999,24.4999,746,0
2017-04-24,21:55:00,24.6928,24.6928,24.6928,24.6928,225,0
2017-04-24,22:00:00,24.67,24.69,24.65,24.65,2005,0
2017-04-25,15:55:00,24.649,24.649,24.649,24.649,150,0
2017-04-25,16:00:00,24.566,24.566,24.512,24.545,3200,0
2017-04-25,16:10:00,24.5979,24.5979,24.5979,24.5979,300,0
2017-04-25,16:15:00,24.65,24.65,24.65,24.65,100,0
2017-04-25,16:25:00,24.645,24.645,24.645,24.645,600,0
2017-04-25,17:30:00,24.64,24.65,24.64,24.65,400,0
2017-04-25,17:45:00,24.67,24.69,24.67,24.69,211,0
2017-04-25,17:50:00,24.68,24.68,24.68,24.68,106,0
2017-04-25,18:05:00,24.6001,24.6001,24.6001,24.6001,300,0
2017-04-25,19:30:00,24.69,24.69,24.69,24.69,100,0
2017-04-25,19:35:00,24.689,24.6899,24.6869,24.6899,1500,0
2017-04-25,19:40:00,24.69,24.7,24.69,24.7,1200,0
2017-04-25,19:55:00,24.7,24.75,24.7,24.7499,3040,0
2017-04-25,20:05:00,24.75,24.75,24.75,24.75,2000,0
2017-04-25,20:10:00,24.84,24.8499,24.8,24.8499,1764,0
2017-04-25,20:40:00,24.82,24.82,24.82,24.82,100,0
2017-04-25,21:15:00,24.81,24.85,24.77,24.835,1400,0
2017-04-25,21:35:00,24.8474,24.8499,24.8474,24.8499,412,0
2017-04-25,21:40:00,24.84,24.86,24.84,24.85,2462,0
2017-04-26,15:35:00,24.93,24.93,24.93,24.93,104,0
2017-04-26,15:40:00,24.933,24.94,24.93,24.94,1300,0
2017-04-26,15:50:00,24.8144,24.8144,24.8144,24.8144,100,0
2017-04-26,16:20:00,24.82,24.82,24.8,24.8,5537,0
2017-04-26,16:25:00,24.8,24.81,24.8,24.8,1500,0
2017-04-26,16:40:00,24.94,24.9499,24.9045,24.9499,800,0
2017-04-26,16:45:00,24.8001,24.8001,24.8001,24.8001,1000,0
2017-04-26,17:05:00,24.82,24.84,24.8,24.8344,2321,0
2017-04-26,17:20:00,24.81,24.81,24.81,24.81,100,0
2017-04-26,17:25:00,24.8427,24.88,24.8427,24.88,400,0
2017-04-26,17:40:00,24.81,24.83,24.8,24.8,6212,0
2017-04-26,17:50:00,24.83,24.84,24.83,24.84,300,0
2017-04-26,17:55:00,24.8,24.8,24.56,24.8,5750,0
2017-04-26,18:15:00,24.84,24.85,24.84,24.85,1000,0
2017-04-26,18:35:00,24.85,24.85,24.8475,24.8475,1000,0
2017-04-26,18:55:00,24.935,24.935,24.935,24.935,100,0
2017-04-26,19:25:00,24.8913,24.8913,24.8913,24.8913,850,0
2017-04-26,19:30:00,24.86,24.94,24.86,24.93,1700,0
2017-04-26,19:35:00,24.949,24.9499,24.9023,24.93,1200,0
2017-04-26,20:00:00,24.92,24.94,24.92,24.93,390,0
2017-04-26,20:35:00,24.94,24.95,24.94,24.95,994,0
2017-04-26,20:50:00,24.93,24.93,24.9,24.9,1212,0
2017-04-26,21:20:00,24.98,24.99,24.98,24.99,1000,0
