Date,Time,Open,High,Low,Close,Volume,OpenInt
2017-02-27,16:15:00,120.55,120.55,120.55,120.55,101,0
2017-02-27,16:25:00,120.46,120.46,120.46,120.46,201,0
2017-02-27,17:35:00,119.08,119.08,119.08,119.08,201,0
2017-02-27,17:40:00,119.42,119.54,119.18,119.18,503,0
2017-02-27,17:45:00,119.23,119.23,118.71,118.71,403,0
2017-02-27,17:50:00,119.23,119.23,119.23,119.23,101,0
2017-02-27,18:15:00,118.85,119.31,118.85,119.31,302,0
2017-02-27,19:25:00,119.3,119.3,119.3,119.3,101,0
2017-02-27,20:35:00,118.93,118.93,118.93,118.93,499,0
2017-02-27,20:45:00,119.31,119.31,119.31,119.31,101,0
2017-02-27,21:00:00,119.27,119.32,119.27,119.32,201,0
2017-02-27,21:05:00,119.19,119.8,119.19,119.32,479,0
2017-02-27,21:15:00,119.32,119.32,119.32,119.32,101,0
2017-02-27,21:25:00,119.73,119.73,119.73,119.73,503,0
2017-02-27,21:30:00,118.82,119.06,118.82,119.06,201,0
2017-02-27,21:35:00,119.31,119.31,118.59,119.15,1055,0
2017-02-27,21:45:00,117.9,118.51,117.79,118.51,604,0
2017-02-27,21:50:00,119.03,119.03,119.03,119.03,101,0
2017-02-27,21:55:00,118.72,119.03,118.72,118.81,403,0
2017-02-27,22:00:00,119.04,120.27,118.65,119.37,3121,0
2017-02-28,15:35:00,118.8,118.8,118.8,118.8,343,0
2017-02-28,15:40:00,121.33,121.33,120.27,120.27,302,0
2017-02-28,16:00:00,119.79,119.83,119.79,119.83,201,0
2017-02-28,16:05:00,119.85,119.85,119.85,119.85,201,0
2017-02-28,16:35:00,119.53,119.53,119.53,119.53,101,0
2017-02-28,17:20:00,119.84,119.84,119.84,119.84,101,0
2017-02-28,17:40:00,119.77,119.77,119.77,119.77,101,0
2017-02-28,18:25:00,117.5,118.8,117.5,117.67,4314,0
2017-02-28,18:30:00,117.7,117.7,117.7,117.7,101,0
2017-02-28,19:00:00,118.19,118.19,118.18,118.18,201,0
2017-02-28,19:05:00,118.09,118.09,118.09,118.09,302,0
2017-02-28,19:15:00,117.99,118,117.99,117.99,302,0
2017-02-28,19:45:00,117.52,117.52,117.52,117.52,101,0
2017-02-28,19:50:00,117.74,117.83,117.74,117.83,201,0
2017-02-28,19:55:00,117.8,117.8,117.8,117.8,201,0
2017-02-28,20:05:00,118.18,118.18,118.16,118.18,806,0
2017-02-28,20:25:00,117.8,117.8,117.8,117.8,101,0
2017-02-28,20:35:00,118.18,118.18,118.18,118.18,101,0
2017-02-28,21:10:00,117.99,117.99,117.99,117.99,201,0
2017-02-28,21:25:00,117.82,117.99,117.82,117.99,201,0
2017-02-28,21:35:00,118.18,118.18,117.81,118.09,503,0
2017-02-28,21:40:00,118.07,118.16,117.96,118.04,1410,0
2017-02-28,21:45:00,118.16,118.23,118.16,118.17,503,0
2017-02-28,21:50:00,118.04,118.18,118.04,118.18,201,0
2017-02-28,21:55:00,118.88,118.88,118.04,118.82,1007,0
2017-02-28,22:00:00,118.64,119.54,118.38,119.54,2115,0
2017-03-01,15:35:00,120.26,120.26,120.26,120.26,270,0
2017-03-01,15:45:00,120.91,121.01,119.28,119.28,415,0
2017-03-01,16:00:00,120.84,121.01,120.84,121.01,520,0
2017-03-01,16:25:00,121.51,121.51,121.51,121.51,101,0
2017-03-01,16:45:00,122.71,122.71,122.71,122.71,126,0
2017-03-01,16:50:00,122.39,123.65,122.39,123.65,385,0
2017-03-01,16:55:00,122.6,122.6,122.6,122.6,101,0
2017-03-01,17:00:00,122.7,122.7,122.7,122.7,101,0
2017-03-01,17:05:00,122.6,122.6,122.6,122.6,101,0
2017-03-01,17:30:00,122.33,122.33,122.33,122.33,101,0
2017-03-01,17:45:00,122.97,122.97,122.97,122.97,103,0
2017-03-01,18:05:00,122.52,122.59,122.52,122.59,201,0
2017-03-01,19:45:00,121.59,121.59,121.59,121.59,161,0
2017-03-01,19:50:00,121.33,121.33,121.33,121.33,101,0
2017-03-01,20:10:00,121.81,123.12,121.71,123.12,773,0
2017-03-01,20:25:00,122.73,123.59,122.25,122.25,849,0
2017-03-01,20:50:00,121.81,121.81,121.81,121.81,246,0
2017-03-01,20:55:00,123.33,123.33,123.33,123.33,176,0
2017-03-01,21:10:00,121.92,121.92,121.92,121.92,101,0
2017-03-01,21:15:00,122.72,122.72,122.72,122.72,101,0
2017-03-01,21:35:00,122.63,122.63,122.63,122.63,101,0
2017-03-01,21:40:00,122.69,122.69,122.69,122.69,101,0
2017-03-01,21:45:00,122.57,122.7,122.19,122.7,705,0
2017-03-01,21:50:00,123.4,123.4,123.4,123.4,101,0
2017-03-01,21:55:00,123.68,123.68,122.38,122.38,705,0
2017-03-01,22:00:00,123,123.3,122.53,122.99,4590,0
2017-03-02,15:35:00,122.51,122.51,120.37,120.37,408,0
2017-03-02,15:40:00,120.67,120.67,120.67,120.67,101,0
2017-03-02,16:10:00,121.64,121.64,121.64,121.64,101,0
2017-03-02,16:15:00,121.61,121.86,121.6,121.84,906,0
2017-03-02,16:20:00,121.88,121.88,121.88,121.88,101,0
2017-03-02,17:10:00,121.65,121.69,121.58,121.69,604,0
2017-03-02,17:15:00,121.45,121.45,121.45,121.45,200,0
2017-03-02,17:20:00,121.61,121.96,121.46,121.96,875,0
2017-03-02,17:30:00,121.65,121.65,121.65,121.65,101,0
2017-03-02,17:40:00,121.68,121.68,121.41,121.41,604,0
2017-03-02,18:10:00,120.86,120.86,120.86,120.86,101,0
2017-03-02,18:30:00,120.67,120.67,120.67,120.67,101,0
2017-03-02,18:40:00,121.56,121.56,121.56,121.56,101,0
2017-03-02,19:15:00,121.75,121.75,121.75,121.75,201,0
2017-03-02,19:25:00,121.75,121.75,121.75,121.75,201,0
2017-03-02,20:20:00,121.75,121.75,121.68,121.68,302,0
2017-03-02,20:40:00,120.67,120.67,120.67,120.67,101,0
2017-03-02,20:50:00,121.52,121.52,120.69,121.46,993,0
2017-03-02,21:00:00,120.79,122.01,120.69,121.16,2719,0
2017-03-02,21:05:00,121.38,121.38,120.67,120.67,1816,0
2017-03-02,21:15:00,119.88,120.46,119.88,120.46,503,0
2017-03-02,21:25:00,119.92,121.05,119.92,121.05,302,0
2017-03-02,21:35:00,120.28,120.28,119.78,119.78,431,0
2017-03-02,21:40:00,119.49,119.49,119.49,119.49,101,0
2017-03-02,21:45:00,119.85,119.85,119.85,119.85,101,0
2017-03-02,21:50:00,119.69,119.76,119.69,119.76,201,0
2017-03-02,21:55:00,119.61,119.84,118.38,118.38,705,0
2017-03-02,22:00:00,119.3,120.65,117.78,119.68,5342,0
2017-03-03,15:35:00,119.68,119.68,119.68,119.68,228,0
2017-03-03,15:45:00,119.77,119.77,119.76,119.76,304,0
2017-03-03,17:50:00,119.59,120.56,119.59,120.17,1108,0
2017-03-03,18:05:00,120.47,120.47,120.47,120.47,101,0
2017-03-03,18:35:00,119.77,119.91,119.77,119.91,503,0
2017-03-03,18:40:00,120.37,120.38,120.22,120.22,503,0
2017-03-03,18:55:00,119.37,119.37,119.37,119.37,101,0
2017-03-03,19:00:00,120.17,120.17,120.17,120.17,101,0
2017-03-03,19:10:00,120.86,120.93,120.76,120.93,403,0
2017-03-03,19:15:00,120.95,120.96,120.95,120.96,201,0
2017-03-03,19:20:00,121.18,121.18,121.16,121.16,201,0
2017-03-03,19:25:00,121.09,121.16,121.06,121.16,302,0
2017-03-03,19:30:00,121.16,121.16,121.16,121.16,302,0
2017-03-03,19:35:00,121.12,121.12,121.12,121.12,101,0
2017-03-03,19:40:00,121.13,121.4,121.13,121.4,302,0
2017-03-03,20:10:00,121.23,121.61,121.22,121.61,403,0
2017-03-03,20:45:00,121.2,121.2,121.2,121.2,101,0
2017-03-03,20:50:00,121.18,121.18,121.14,121.14,302,0
2017-03-03,21:05:00,120.82,120.82,120.82,120.82,201,0
2017-03-03,21:10:00,120.75,120.75,120.75,120.75,101,0
2017-03-03,21:15:00,120.72,120.76,120.72,120.76,201,0
2017-03-03,21:55:00,120.62,120.62,120.62,120.62,101,0
2017-03-03,22:00:00,120.64,120.64,119.82,120.19,2527,0
2017-03-06,15:45:00,119.37,120.96,119.29,120.96,427,0
2017-03-06,16:15:00,120.77,120.77,120.76,120.76,201,0
2017-03-06,16:20:00,120.76,120.76,120.76,120.76,201,0
2017-03-06,17:00:00,120.37,120.37,120.35,120.35,302,0
2017-03-06,17:10:00,120.96,120.96,120.96,120.96,101,0
2017-03-06,17:20:00,120.96,120.96,120.96,120.96,101,0
2017-03-06,18:00:00,120.67,120.67,120.17,120.47,2064,0
2017-03-06,18:35:00,119.77,119.77,119.77,119.77,3207,0
2017-03-06,19:00:00,120.43,120.44,120.43,120.44,403,0
2017-03-06,19:20:00,120.93,120.93,120.93,120.93,101,0
2017-03-06,19:35:00,120.92,120.92,120.92,120.92,151,0
2017-03-06,19:50:00,120.91,120.91,120.91,120.91,102,0
2017-03-06,20:00:00,120.65,120.85,120.65,120.85,503,0
2017-03-06,20:30:00,120.86,120.86,120.86,120.86,101,0
2017-03-06,20:40:00,120.76,120.76,120.76,120.76,101,0
2017-03-06,20:55:00,120.52,120.86,120.52,120.86,604,0
2017-03-06,21:00:00,120.62,120.79,120.57,120.57,403,0
2017-03-06,21:05:00,120.28,120.28,120.28,120.28,101,0
2017-03-06,21:20:00,120.25,120.29,120.25,120.29,302,0
2017-03-06,21:30:00,120.07,120.07,120.07,120.07,795,0
2017-03-06,21:40:00,120.21,120.21,120.21,120.21,101,0
2017-03-06,21:50:00,120.55,120.55,120.55,120.55,201,0
2017-03-06,21:55:00,120.17,120.27,120.01,120.01,503,0
2017-03-06,22:00:00,120.02,120.34,120.02,120.34,2407,0
2017-03-07,15:45:00,117.54,117.54,117.54,117.54,101,0
2017-03-07,16:10:00,119.48,119.51,119.48,119.51,539,0
2017-03-07,16:20:00,120.31,120.31,120.31,120.31,101,0
2017-03-07,17:00:00,120.28,120.28,120.28,120.28,126,0
2017-03-07,17:10:00,120.07,120.07,120.07,120.07,101,0
2017-03-07,17:25:00,120.07,120.07,120.07,120.07,101,0
2017-03-07,17:30:00,120.05,120.08,120.03,120.03,503,0
2017-03-07,18:35:00,120.67,120.67,120.67,120.67,101,0
2017-03-07,20:05:00,120.64,120.96,120.64,120.96,201,0
2017-03-07,20:15:00,121.38,121.38,121.38,121.38,101,0
2017-03-07,20:20:00,120.1,120.1,120.1,120.1,201,0
2017-03-07,20:30:00,121.51,121.51,121.51,121.51,101,0
2017-03-07,20:35:00,121.41,121.41,121.41,121.41,101,0
2017-03-07,20:50:00,121.16,121.16,121.16,121.16,181,0
2017-03-07,21:00:00,120.17,120.95,120.17,120.95,201,0
2017-03-07,21:40:00,120.89,120.89,120.58,120.88,503,0
2017-03-07,21:45:00,120.73,120.73,120.73,120.73,101,0
2017-03-07,21:50:00,120.66,120.72,120.57,120.71,604,0
2017-03-07,22:00:00,120.5,120.84,120.39,120.78,1338,0
2017-03-08,15:55:00,120.54,120.54,120.54,120.54,101,0
2017-03-08,16:15:00,121.21,121.21,121.21,121.21,211,0
2017-03-08,16:35:00,120.62,120.66,120.62,120.66,201,0
2017-03-08,16:45:00,120.5,120.5,120.5,120.5,101,0
2017-03-08,16:50:00,120.39,120.39,120.39,120.39,101,0
2017-03-08,17:00:00,119.87,119.88,119.54,119.54,302,0
2017-03-08,17:25:00,119.52,119.52,119.52,119.52,163,0
2017-03-08,17:30:00,119.28,119.42,119.28,119.42,336,0
2017-03-08,17:35:00,119.37,119.37,119.37,119.37,101,0
2017-03-08,17:55:00,118.95,118.95,118.95,118.95,101,0
2017-03-08,18:15:00,119.21,119.21,119.21,119.21,101,0
2017-03-08,19:15:00,118.98,119.18,118.87,118.87,906,0
2017-03-08,19:20:00,119.2,119.2,118.88,118.88,1347,0
2017-03-08,19:25:00,118.8,118.98,118.8,118.89,302,0
2017-03-08,19:30:00,118.81,118.84,118.78,118.78,604,0
2017-03-08,19:35:00,118.98,119.05,118.98,119.05,302,0
2017-03-08,20:05:00,119.43,119.43,119.09,119.19,906,0
2017-03-08,20:10:00,119.42,119.42,119.42,119.42,290,0
2017-03-08,20:20:00,118.94,118.94,118.65,118.65,403,0
2017-03-08,20:25:00,118.93,118.93,118.93,118.93,101,0
2017-03-08,20:30:00,118.93,118.93,118.93,118.93,101,0
2017-03-08,20:35:00,118.7,118.88,118.7,118.88,924,0
2017-03-08,20:45:00,118.79,118.79,118.18,118.18,302,0
2017-03-08,21:00:00,118.59,119.17,118.37,118.83,4838,0
2017-03-08,21:05:00,118.83,118.83,118.83,118.83,101,0
2017-03-08,21:20:00,118.82,118.85,118.82,118.85,235,0
2017-03-08,21:35:00,118.19,118.42,118.19,118.36,302,0
2017-03-08,21:40:00,118.42,118.42,118.42,118.42,101,0
2017-03-08,21:45:00,118.63,118.63,118.13,118.53,1812,0
2017-03-08,21:50:00,118.7,118.7,118.61,118.61,302,0
2017-03-08,21:55:00,118.48,118.48,118.48,118.48,101,0
2017-03-08,22:00:00,118.18,118.59,118.09,118.59,1965,0
2017-03-09,15:35:00,118.7,118.7,117.35,117.35,300,0
2017-03-09,15:45:00,119,119,119,119,100,0
2017-03-09,16:35:00,118.51,118.51,117.46,117.475,1100,0
2017-03-09,16:40:00,117.83,117.83,117.79,117.83,460,0
2017-03-09,16:55:00,118.44,118.44,118.44,118.44,100,0
2017-03-09,17:15:00,118.15,118.15,118.02,118.02,200,0
2017-03-09,17:20:00,117.88,117.88,117.88,117.88,100,0
2017-03-09,17:25:00,118.06,118.06,118.06,118.06,100,0
2017-03-09,17:35:00,118.0599,118.0599,117.717,117.717,500,0
2017-03-09,17:40:00,118,118.09,118,118.09,646,0
2017-03-09,17:45:00,118.18,118.18,118.18,118.18,100,0
2017-03-09,17:55:00,118,118,118,118,100,0
2017-03-09,18:00:00,118.01,118.01,118,118,700,0
2017-03-09,18:05:00,118.01,118.01,118.01,118.01,100,0
2017-03-09,18:10:00,118,118,118,118,100,0
2017-03-09,18:15:00,118.0001,118.0001,117.99,117.99,428,0
2017-03-09,18:20:00,118.15,118.15,118.09,118.09,1300,0
2017-03-09,18:30:00,118.09,118.18,118.09,118.095,300,0
2017-03-09,18:35:00,118.095,118.2,118.095,118.2,547,0
2017-03-09,19:15:00,118.0371,118.0371,118.0371,118.0371,104,0
2017-03-09,19:20:00,118.75,118.75,118.75,118.75,100,0
2017-03-09,19:35:00,118.105,118.105,118.105,118.105,175,0
2017-03-09,20:10:00,118.0375,118.0375,118.0375,118.0375,513,0
2017-03-09,20:20:00,118.2,118.2,118.2,118.2,100,0
2017-03-09,20:25:00,118,118,118,118,100,0
2017-03-09,20:30:00,118,118,118,118,100,0
2017-03-09,20:35:00,118,118,118,118,100,0
2017-03-09,20:40:00,118.01,118.01,118.01,118.01,100,0
2017-03-09,20:45:00,118,118.18,117.95,118.18,1400,0
2017-03-09,21:00:00,118.155,118.155,118.135,118.135,300,0
2017-03-09,21:10:00,118.27,118.42,118.26,118.33,600,0
2017-03-09,21:30:00,118.2,118.42,118.2,118.42,200,0
2017-03-09,21:35:00,118.01,118.01,118.01,118.01,100,0
2017-03-09,21:40:00,118.2,118.2,118.2,118.2,2300,0
2017-03-09,21:45:00,118,118,118,118,200,0
2017-03-09,21:50:00,118.2,118.73,118.2,118.73,400,0
2017-03-09,21:55:00,118.27,118.27,118.075,118.075,400,0
2017-03-09,22:00:00,118.19,118.31,118.145,118.16,4125,0
2017-03-10,15:45:00,118.03,118.03,118.03,118.03,100,0
2017-03-10,16:00:00,118.31,118.31,118.31,118.31,100,0
2017-03-10,16:15:00,118.98,118.98,118.93,118.93,300,0
2017-03-10,16:20:00,118.31,118.32,118.31,118.32,200,0
2017-03-10,18:10:00,118.14,118.14,118.14,118.14,100,0
2017-03-10,18:35:00,118,118,118,118,200,0
2017-03-10,18:40:00,118.03,118.03,118.03,118.03,165,0
2017-03-10,18:50:00,118,118,118,118,750,0
2017-03-10,19:00:00,117.9,117.9,117.9,117.9,100,0
2017-03-10,19:40:00,118,118,117.82,117.9,1700,0
2017-03-10,19:50:00,117.872,117.872,117.872,117.872,500,0
2017-03-10,20:10:00,117.8,117.8,117.8,117.8,100,0
2017-03-10,20:30:00,117.66,117.66,117.66,117.66,100,0
2017-03-10,20:35:00,117.8,117.8,117.8,117.8,100,0
2017-03-10,21:30:00,118,118.1,118,118.1,974,0
2017-03-10,21:35:00,118.12,118.43,118.12,118.43,200,0
2017-03-10,21:55:00,117.96,117.96,117.7,117.7,2228,0
2017-03-10,22:00:00,117.7,117.71,117.7,117.71,3440,0
2017-03-13,14:50:00,117.52,117.52,117.52,117.52,100,0
2017-03-13,15:10:00,117.86,118,117.64,117.64,600,0
2017-03-13,15:50:00,118.48,118.48,118.48,118.48,100,0
2017-03-13,16:10:00,118.92,118.92,118.92,118.92,100,0
2017-03-13,16:25:00,117.92,117.92,117.92,117.92,100,0
2017-03-13,16:30:00,118.32,118.32,118.32,118.32,100,0
2017-03-13,16:35:00,118.26,118.26,118.26,118.26,100,0
2017-03-13,17:05:00,117.95,117.95,117.95,117.95,100,0
2017-03-13,17:20:00,118.16,118.16,118.16,118.16,100,0
2017-03-13,17:40:00,117.84,117.84,117.84,117.84,200,0
2017-03-13,17:45:00,117.58,117.58,117.58,117.58,100,0
2017-03-13,18:25:00,117.59,117.62,117.59,117.62,200,0
2017-03-13,18:30:00,117.685,117.685,117.685,117.685,100,0
2017-03-13,18:35:00,117.69,117.69,117.69,117.69,100,0
2017-03-13,19:00:00,117.86,117.86,117.86,117.86,100,0
2017-03-13,19:05:00,117.85,117.85,117.85,117.85,100,0
2017-03-13,19:25:00,117.47,117.47,117.46,117.46,200,0
2017-03-13,19:30:00,117.62,117.8,117.62,117.8,200,0
2017-03-13,19:40:00,117.65,117.65,117.65,117.65,200,0
2017-03-13,19:45:00,117.95,117.95,117.95,117.95,100,0
2017-03-13,20:25:00,118.05,118.05,118.05,118.05,100,0
2017-03-13,20:35:00,118.05,118.47,118,118.13,2660,0
2017-03-13,20:40:00,118.26,118.26,118.26,118.26,100,0
2017-03-13,20:50:00,117.93,117.93,117.93,117.93,100,0
2017-03-13,21:00:00,118.07,118.12,117.78,118.05,1205,0
2017-03-14,14:35:00,117.17,117.27,117,117,1187,0
2017-03-14,14:40:00,116.8,116.8,116.8,116.8,200,0
2017-03-14,14:45:00,116.61,116.61,116.45,116.45,200,0
2017-03-14,14:50:00,116.74,116.74,116.74,116.74,100,0
2017-03-14,15:00:00,116.74,116.745,116.74,116.745,200,0
2017-03-14,15:55:00,116.735,116.7588,116.735,116.735,300,0
2017-03-14,16:00:00,116.72,116.77,116.7,116.7,600,0
2017-03-14,16:05:00,117,117,116.99,116.99,300,0
2017-03-14,16:15:00,117.1,117.1,117.1,117.1,100,0
2017-03-14,17:50:00,117.06,117.06,117.06,117.06,100,0
2017-03-14,17:55:00,117,117,117,117,100,0
2017-03-14,18:00:00,116.58,116.58,116.58,116.58,100,0
2017-03-14,18:15:00,116.94,116.94,116.94,116.94,100,0
2017-03-14,18:30:00,117,117,117,117,100,0
2017-03-14,18:55:00,116.89,116.89,116.89,116.89,100,0
2017-03-14,19:10:00,117,117,116.555,117,2588,0
2017-03-14,19:40:00,116.815,116.815,116.815,116.815,100,0
2017-03-14,19:50:00,116.44,116.44,116.44,116.44,100,0
2017-03-14,20:00:00,118.2699,118.2699,118.2699,118.2699,100,0
2017-03-14,20:10:00,117,117,117,117,100,0
2017-03-14,20:25:00,117,117.3,117,117.3,200,0
2017-03-14,20:30:00,117.39,117.39,117.39,117.39,200,0
2017-03-14,20:35:00,116.85,116.85,116.85,116.85,100,0
2017-03-14,20:50:00,117.1,117.1,117.1,117.1,100,0
2017-03-14,20:55:00,116.98,117.12,116.98,117.1,600,0
2017-03-14,21:00:00,117.1,117.47,116.99,117.47,1931,0
2017-03-15,14:35:00,117.03,117.03,117.03,117.03,323,0
2017-03-15,14:45:00,115.23,115.23,115.23,115.23,100,0
2017-03-15,14:50:00,115.5,117,115.5,117,300,0
2017-03-15,14:55:00,117.475,117.475,116.52,116.57,400,0
2017-03-15,15:00:00,117.1,117.1,117.1,117.1,100,0
2017-03-15,15:05:00,116.18,116.8,116.18,116.8,482,0
2017-03-15,15:15:00,116.42,116.42,116.42,116.42,100,0
2017-03-15,15:20:00,117.2,117.2,116.745,116.745,200,0
2017-03-15,15:25:00,116.47,117,116.47,117,200,0
2017-03-15,15:30:00,116.7,116.7,116.7,116.7,100,0
2017-03-15,15:35:00,116.7,117,116.7,116.8,559,0
2017-03-15,15:55:00,117.385,117.385,117.385,117.385,200,0
2017-03-15,16:05:00,117,117,117,117,100,0
2017-03-15,16:10:00,117.38,117.38,116.84,116.84,300,0
2017-03-15,16:15:00,116.85,116.88,116.85,116.88,200,0
2017-03-15,16:25:00,117.2363,117.2363,116.83,116.83,413,0
2017-03-15,16:30:00,116.83,116.83,116.83,116.83,100,0
2017-03-15,16:40:00,116.84,117.4,116.84,117.07,600,0
2017-03-15,16:45:00,117.04,117.04,117.04,117.04,100,0
2017-03-15,17:00:00,117.25,117.25,117.03,117.03,200,0
2017-03-15,17:10:00,117.16,117.16,117.16,117.16,100,0
2017-03-15,17:20:00,117.26,117.26,117.08,117.1,2100,0
2017-03-15,17:35:00,117.11,117.22,117.11,117.22,200,0
2017-03-15,17:40:00,117.22,117.26,117.12,117.26,500,0
2017-03-15,17:45:00,117.6,117.71,117.195,117.65,700,0
2017-03-15,17:55:00,117.385,117.385,117.385,117.385,100,0
2017-03-15,18:10:00,117.31,117.31,117.31,117.31,200,0
2017-03-15,18:15:00,117.26,117.26,117.07,117.07,200,0
2017-03-15,18:20:00,117.02,117.02,116.895,116.895,200,0
2017-03-15,18:30:00,117,117,117,117,100,0
2017-03-15,18:45:00,116.96,116.96,116.96,116.96,100,0
2017-03-15,19:00:00,116.955,116.955,116.7,116.7,200,0
2017-03-15,19:05:00,116.98,116.98,116.105,116.56,400,0
2017-03-15,19:10:00,116.11,117.08,116.11,117.08,400,0
2017-03-15,19:15:00,116.97,116.97,116.65,116.65,200,0
2017-03-15,19:20:00,116.7,116.7,116.7,116.7,100,0
2017-03-15,19:30:00,116.8154,116.84,116.8154,116.84,416,0
2017-03-15,19:40:00,116.81,116.81,116.81,116.81,100,0
2017-03-15,19:45:00,117.3222,117.3222,117.3222,117.3222,144,0
2017-03-15,19:55:00,117,117,117,117,100,0
2017-03-15,20:05:00,117,117,117,117,100,0
2017-03-15,20:10:00,116.96,116.96,116.96,116.96,100,0
2017-03-15,20:15:00,116.97,117.01,116.97,117.01,332,0
2017-03-15,20:35:00,116.7,117.17,116.7,117.12,409,0
2017-03-15,20:40:00,117.2238,117.2238,117.2238,117.2238,126,0
2017-03-15,20:45:00,117.15,117.15,116.91,117,2600,0
2017-03-15,20:50:00,117.25,117.3269,117.08,117.24,900,0
2017-03-15,20:55:00,117.23,117.33,117.23,117.33,200,0
2017-03-15,21:00:00,117.29,117.8361,117.29,117.51,740,0
2017-03-16,14:35:00,117.13,117.13,117.13,117.13,367,0
2017-03-16,15:20:00,118.62,118.62,117.535,117.535,200,0
2017-03-16,15:45:00,118.08,118.08,118.08,118.08,100,0
2017-03-16,15:55:00,117.98,118.3,117.61,117.72,600,0
2017-03-16,16:40:00,118.62,118.62,118.62,118.62,100,0
2017-03-16,16:55:00,118.4,118.4,118.4,118.4,100,0
2017-03-16,17:00:00,117.8,117.8,117.8,117.8,100,0
2017-03-16,17:15:00,118.4,118.4,118.4,118.4,100,0
2017-03-16,17:20:00,118.52,118.52,118.52,118.52,100,0
2017-03-16,17:30:00,118.3,118.3,118.3,118.3,100,0
2017-03-16,17:45:00,118,118,118,118,700,0
2017-03-16,17:50:00,117.71,117.71,117.71,117.71,100,0
2017-03-16,17:55:00,117.77,117.91,117.75,117.91,400,0
2017-03-16,18:05:00,117.84,117.84,117.84,117.84,100,0
2017-03-16,18:15:00,117.97,117.97,117.97,117.97,100,0
2017-03-16,18:25:00,118,118,118,118,100,0
2017-03-16,18:35:00,117.98,117.98,117.98,117.98,100,0
2017-03-16,18:40:00,118,118,118,118,100,0
2017-03-16,18:45:00,118,118,118,118,500,0
2017-03-16,18:50:00,118,118,117.87,117.87,1100,0
2017-03-16,19:05:00,117.59,117.59,117.59,117.59,100,0
2017-03-16,19:20:00,117.61,117.61,117.59,117.59,700,0
2017-03-16,19:35:00,116.99,116.99,116.99,116.99,100,0
2017-03-16,19:40:00,117.27,117.27,117,117,200,0
2017-03-16,19:45:00,116.99,116.99,116.99,116.99,200,0
2017-03-16,19:50:00,117,117,116.98,116.98,400,0
2017-03-16,19:55:00,116.6,116.6,116.51,116.51,200,0
2017-03-16,20:00:00,116.48,116.48,116.48,116.48,100,0
2017-03-16,20:15:00,116.455,116.4995,116.02,116.4995,500,0
2017-03-16,20:20:00,116.78,117.07,116.78,117.07,200,0
2017-03-16,20:30:00,116.45,116.45,116.42,116.42,200,0
2017-03-16,20:35:00,116.84,116.84,116.84,116.84,100,0
2017-03-16,20:40:00,116.5,116.5,116.18,116.18,846,0
2017-03-16,20:45:00,116.175,116.43,116.175,116.43,330,0
2017-03-16,20:50:00,116.275,116.6,115.93,116.6,484,0
2017-03-16,20:55:00,116.6,117,116.6,116.84,1717,0
2017-03-16,21:00:00,116.84,117.095,116.68,117,3045,0
2017-03-17,14:35:00,117.49,117.49,117.49,117.49,548,0
2017-03-17,15:20:00,119.75,119.75,119.75,119.75,100,0
2017-03-17,15:25:00,116.01,116.41,115.1432,116.4005,3459,0
2017-03-17,15:40:00,117.33,117.33,116.175,116.175,536,0
2017-03-17,15:50:00,116.51,116.51,116.13,116.5005,1000,0
2017-03-17,16:00:00,119.45,119.45,119.45,119.45,100,0
2017-03-17,16:05:00,116.46,116.61,116.43,116.61,500,0
2017-03-17,16:15:00,117.18,117.18,116.31,116.5,600,0
2017-03-17,16:25:00,116.4,116.4,116.4,116.4,100,0
2017-03-17,16:50:00,116.87,116.87,116.87,116.87,100,0
2017-03-17,17:10:00,116.685,116.89,116.52,116.89,400,0
2017-03-17,17:45:00,116.8,117.87,116.8,117.87,200,0
2017-03-17,18:10:00,117.45,117.45,117.45,117.45,100,0
2017-03-17,18:25:00,116.91,116.91,116.91,116.91,100,0
2017-03-17,19:00:00,117.24,117.24,116.65,117.2,300,0
2017-03-17,19:15:00,117,117,116.98,116.98,800,0
2017-03-17,19:35:00,116.8,117.47,116.8,116.81,1000,0
2017-03-17,19:40:00,116.82,116.82,116.8,116.8,200,0
2017-03-17,19:50:00,116.97,116.98,116.97,116.97,300,0
2017-03-17,19:55:00,117,117,117,117,200,0
2017-03-17,20:15:00,116.89,116.89,116.87,116.87,200,0
2017-03-17,20:30:00,116.95,116.95,116.73,116.73,200,0
2017-03-17,20:40:00,116.75,116.75,116.44,116.44,600,0
2017-03-17,20:45:00,116.64,116.675,116.64,116.675,200,0
2017-03-17,20:50:00,116.49,117,116.49,116.65,600,0
2017-03-17,20:55:00,117,117,116.855,116.855,200,0
2017-03-17,21:00:00,116.99,117,116.88,116.94,24609,0
2017-03-20,14:35:00,117.29,117.29,117.29,117.29,199,0
2017-03-20,18:40:00,115.4339,116.12,115.4339,116.12,711,0
2017-03-20,20:15:00,117.308,117.308,117.308,117.308,180,0
2017-03-20,20:25:00,116.83,116.83,116.83,116.83,100,0
2017-03-20,20:30:00,116.3,116.61,116.3,116.61,400,0
2017-03-20,20:50:00,116.13,116.13,116.13,116.13,100,0
2017-03-20,20:55:00,115.4,115.62,115.4,115.62,200,0
2017-03-20,21:00:00,115.28,115.86,115.28,115.72,2352,0
2017-03-21,14:35:00,115.72,115.72,115.72,115.72,241,0
2017-03-21,14:55:00,115.74,117.4616,115.63,115.63,700,0
2017-03-21,15:25:00,115.52,115.52,115.46,115.46,300,0
2017-03-21,15:30:00,115.03,115.03,114.75,114.83,800,0
2017-03-21,15:35:00,115.04,115.04,115,115,300,0
2017-03-21,15:40:00,114.99,115,114.88,115,300,0
2017-03-21,15:45:00,115,115.3,114.73,115.3,1000,0
2017-03-21,15:55:00,115.02,115.02,115.01,115.01,400,0
2017-03-21,16:05:00,115,115.12,115,115.12,886,0
2017-03-21,16:20:00,115,115,115,115,400,0
2017-03-21,16:25:00,115,115,115,115,1000,0
2017-03-21,16:35:00,115.07,115.07,114.1644,115,750,0
2017-03-21,16:50:00,115,115.03,115,115.03,400,0
2017-03-21,17:10:00,115.3,115.3,115.3,115.3,100,0
2017-03-21,17:35:00,115.01,115.01,115,115,700,0
2017-03-21,17:50:00,114.77,114.77,113.75,114.32,500,0
2017-03-21,18:35:00,115,115,115,115,100,0
2017-03-21,18:45:00,115.2629,115.2629,115.2629,115.2629,200,0
2017-03-21,18:50:00,115.28,115.34,115.28,115.34,200,0
2017-03-21,19:00:00,115.26,115.26,115.26,115.26,100,0
2017-03-21,19:05:00,115.04,115.04,115,115,200,0
2017-03-21,19:10:00,114.99,114.99,114.99,114.99,100,0
2017-03-21,19:50:00,115.01,115.01,115.01,115.01,200,0
2017-03-21,20:20:00,115.26,115.26,115.06,115.06,200,0
2017-03-21,20:25:00,115.15,115.15,115.15,115.15,100,0
2017-03-21,20:35:00,115.01,115.64,115.01,115.57,500,0
2017-03-21,20:45:00,115.53,115.6,115.32,115.32,500,0
2017-03-21,20:50:00,115.29,115.98,115.29,115.98,200,0
2017-03-21,20:55:00,115.72,115.72,115.45,115.52,700,0
2017-03-21,21:00:00,115.38,115.68,115.08,115.34,4568,0
2017-03-22,14:35:00,115.43,115.43,115.34,115.34,444,0
2017-03-22,15:10:00,114.3,114.3,114.04,114.04,200,0
2017-03-22,15:50:00,115.01,115.01,115,115,200,0
2017-03-22,15:55:00,115,115,115,115,100,0
2017-03-22,17:00:00,115.227,115.227,115.227,115.227,135,0
2017-03-22,17:10:00,115.01,115.01,114.95,114.95,300,0
2017-03-22,17:15:00,114.77,114.77,114.77,114.77,100,0
2017-03-22,17:25:00,114.78,114.78,114.78,114.78,200,0
2017-03-22,17:35:00,115,115,114.7,114.885,400,0
2017-03-22,17:40:00,114.99,114.99,114.99,114.99,100,0
2017-03-22,17:45:00,115,115,114.8359,114.8359,350,0
2017-03-22,17:55:00,115,115,115,115,100,0
2017-03-22,18:00:00,114.79,114.8,114.79,114.8,200,0
2017-03-22,18:15:00,113.93,113.93,113.93,113.93,115,0
2017-03-22,18:25:00,115.1208,115.1208,115.1208,115.1208,125,0
2017-03-22,18:35:00,115,115,115,115,200,0
2017-03-22,19:25:00,115,115,115,115,100,0
2017-03-22,19:35:00,114.415,114.6003,114.415,114.6003,200,0
2017-03-22,19:45:00,114.64,115.13,114.04,115.13,1000,0
2017-03-22,20:40:00,114.485,115.07,114.48,114.5085,400,0
2017-03-22,20:45:00,113.84,113.84,113.84,113.84,100,0
2017-03-22,20:55:00,113.96,114.56,113.96,114.5,400,0
2017-03-22,21:00:00,114.54,114.54,113.86,114.35,3152,0
2017-03-23,14:35:00,114.55,114.55,114.55,114.55,141,0
2017-03-23,15:40:00,114.18,114.18,114.18,114.18,100,0
2017-03-23,15:45:00,114.8,114.8,114.8,114.8,100,0
2017-03-23,15:55:00,114.0209,114.0209,114.0209,114.0209,180,0
2017-03-23,16:15:00,114.64,114.64,114.64,114.64,100,0
2017-03-23,16:25:00,114.99,114.99,114.98,114.98,200,0
2017-03-23,16:40:00,114.8,114.8,114.785,114.785,200,0
2017-03-23,18:25:00,114.75,114.75,114.75,114.75,100,0
2017-03-23,18:35:00,114.65,114.98,114.65,114.98,200,0
2017-03-23,18:40:00,114.82,114.82,114.82,114.82,100,0
2017-03-23,18:50:00,115.23,115.23,115.23,115.23,100,0
2017-03-23,19:10:00,115.11,115.11,115.11,115.11,100,0
2017-03-23,19:40:00,114.91,114.91,114.91,114.91,256,0
2017-03-23,20:00:00,114.75,114.75,114.01,114.01,787,0
2017-03-23,20:15:00,114.51,114.51,114.51,114.51,200,0
2017-03-23,20:20:00,114.78,114.79,114.7422,114.7422,406,0
2017-03-23,20:30:00,114.82,114.85,114.55,114.72,1300,0
2017-03-23,20:40:00,114.75,114.75,114.75,114.75,200,0
2017-03-23,20:45:00,114.75,114.75,114.75,114.75,100,0
2017-03-23,20:50:00,114.76,114.76,114.76,114.76,100,0
2017-03-23,20:55:00,115,115.59,114.9,115.31,2409,0
2017-03-23,21:00:00,115.38,115.38,115.03,115.03,1789,0
2017-03-24,14:35:00,115.27,115.27,115.27,115.27,142,0
2017-03-24,14:45:00,115.0001,116.4,115.0001,116.4,1100,0
2017-03-24,15:10:00,116.33,116.33,116.33,116.33,100,0
2017-03-24,15:50:00,115.66,115.66,115.66,115.66,300,0
2017-03-24,16:35:00,116.23,116.23,116.07,116.07,900,0
2017-03-24,16:45:00,115.62,115.62,115.62,115.62,108,0
2017-03-24,17:20:00,115.13,115.15,115.13,115.15,200,0
2017-03-24,17:25:00,115.09,115.09,115.09,115.09,100,0
2017-03-24,17:30:00,115.2,115.2,115.2,115.2,100,0
2017-03-24,17:35:00,115.2,115.2,115.2,115.2,100,0
2017-03-24,17:40:00,115.25,115.25,115.25,115.25,100,0
2017-03-24,17:45:00,115.16,116.74,115.16,115.98,300,0
2017-03-24,17:50:00,115.34,115.34,115.22,115.22,200,0
2017-03-24,17:55:00,115.22,115.25,115.2005,115.25,900,0
2017-03-24,18:00:00,115.32,115.4,115.25,115.26,1353,0
2017-03-24,18:05:00,115.25,115.25,115.25,115.25,100,0
2017-03-24,18:10:00,115.31,115.31,115.3005,115.3005,200,0
2017-03-24,18:15:00,115.25,115.26,115.25,115.26,234,0
2017-03-24,18:20:00,115.26,115.26,115.25,115.25,200,0
2017-03-24,18:25:00,115.25,115.25,115.25,115.25,100,0
2017-03-24,18:30:00,115.25,115.25,115.25,115.25,100,0
2017-03-24,18:55:00,115.25,115.25,115.2,115.25,3050,0
2017-03-24,19:10:00,115.25,115.49,115.21,115.49,1820,0
2017-03-24,19:45:00,115.26,115.26,114.74,115.12,400,0
2017-03-24,19:50:00,115.15,115.21,115.1,115.21,500,0
2017-03-24,19:55:00,115.04,115.04,115.04,115.04,100,0
2017-03-24,20:20:00,114.92,114.92,114.92,114.92,100,0
2017-03-24,20:25:00,114.462,114.462,114.462,114.462,456,0
2017-03-24,20:35:00,114.915,115,114.915,115,400,0
2017-03-24,20:40:00,115.09,115.14,115.09,115.14,300,0
2017-03-24,20:50:00,115,115.42,115,115.42,200,0
2017-03-24,20:55:00,114.96,114.96,114.96,114.96,100,0
2017-03-24,21:00:00,115.03,115.41,114.98,115.22,3973,0
2017-03-27,15:35:00,114.02,114.02,114.02,114.02,253,0
2017-03-27,15:40:00,113.1,113.1,113.1,113.1,100,0
2017-03-27,15:55:00,115.63,115.63,115.63,115.63,100,0
2017-03-27,16:40:00,114.56,115,114.56,114.61,600,0
2017-03-27,17:05:00,115.27,115.27,115,115,320,0
2017-03-27,17:10:00,115,115,114.825,115,1006,0
2017-03-27,17:15:00,114.855,115.13,114.56,115.13,1000,0
2017-03-27,17:35:00,115.46,115.46,115.46,115.46,100,0
2017-03-27,17:40:00,115.3012,115.3012,115.3012,115.3012,370,0
2017-03-27,18:25:00,115.5,115.52,115.5,115.52,200,0
2017-03-27,20:05:00,115.56,115.56,115.56,115.56,100,0
2017-03-27,20:20:00,115.26,115.26,115.24,115.24,200,0
2017-03-27,20:30:00,115.23,115.23,115.23,115.23,100,0
2017-03-27,20:35:00,115.25,115.26,115.25,115.26,300,0
2017-03-27,21:00:00,115.64,115.64,115.64,115.64,100,0
2017-03-27,21:10:00,115.537,115.64,115.537,115.64,346,0
2017-03-27,21:20:00,115.64,115.64,115.64,115.64,100,0
2017-03-27,21:25:00,115.495,115.66,115.495,115.495,400,0
2017-03-27,21:35:00,115.65,115.65,115.34,115.34,200,0
2017-03-27,21:40:00,115.64,115.66,115.475,115.475,600,0
2017-03-27,21:45:00,115.67,115.73,115.67,115.73,200,0
2017-03-27,21:50:00,115.88,115.88,115.88,115.88,100,0
2017-03-27,21:55:00,115.87,115.91,115.71,115.91,500,0
2017-03-27,22:00:00,115.87,116.31,115.87,116.31,4457,0
2017-03-28,15:35:00,116.21,116.21,115.22,115.22,272,0
2017-03-28,15:55:00,115.02,116,115.02,116,500,0
2017-03-28,16:05:00,115.52,115.52,115.52,115.52,100,0
2017-03-28,16:45:00,115.5,115.5,115.5,115.5,100,0
2017-03-28,16:55:00,115.36,115.44,115.36,115.44,800,0
2017-03-28,17:05:00,115.4,115.4,115.4,115.4,100,0
2017-03-28,17:50:00,115.63,115.66,115.63,115.66,300,0
2017-03-28,18:20:00,115.61,115.61,115.61,115.61,100,0
2017-03-28,18:50:00,115.71,115.71,115.71,115.71,100,0
2017-03-28,19:10:00,115.7,115.7,115.7,115.7,115,0
2017-03-28,19:15:00,116.68,116.68,116.68,116.68,100,0
2017-03-28,19:35:00,116.8994,116.8994,116.8994,116.8994,187,0
2017-03-28,20:05:00,115.8501,115.8501,115.8501,115.8501,233,0
2017-03-28,20:10:00,116.525,116.525,116.25,116.25,304,0
2017-03-28,20:15:00,116.8144,116.8144,116.8144,116.8144,100,0
2017-03-28,20:20:00,116.6979,116.6979,116.5864,116.5864,250,0
2017-03-28,20:55:00,116.2694,116.2694,116.2694,116.2694,108,0
2017-03-28,21:10:00,116.54,116.54,116.54,116.54,100,0
2017-03-28,21:15:00,116.52,116.52,116.52,116.52,100,0
2017-03-28,21:20:00,116.45,116.45,116.45,116.45,400,0
2017-03-28,21:40:00,116.405,116.405,116.39,116.39,300,0
2017-03-28,21:50:00,116.62,116.62,116.62,116.62,100,0
2017-03-28,22:00:00,116.685,116.685,116.2,116.2,3542,0
2017-03-29,15:35:00,116.09,116.09,116.09,116.09,108,0
2017-03-29,15:45:00,112.81,112.81,112.81,112.81,100,0
2017-03-29,15:55:00,115.3,115.3,115.3,115.3,100,0
2017-03-29,16:00:00,115.2,115.2,115.2,115.2,100,0
2017-03-29,16:10:00,114.68,114.68,114.68,114.68,100,0
2017-03-29,16:25:00,115.28,115.3,115.19,115.29,700,0
2017-03-29,16:30:00,115.2,115.29,115.2,115.29,300,0
2017-03-29,16:35:00,115.25,115.25,115.25,115.25,100,0
2017-03-29,17:10:00,115.06,115.08,115.06,115.08,200,0
2017-03-29,17:15:00,115.53,115.53,115.35,115.35,400,0
2017-03-29,17:20:00,115.49,115.49,115.49,115.49,100,0
2017-03-29,17:50:00,115.5,115.5,115.4005,115.4005,300,0
2017-03-29,18:10:00,115.8,115.88,115.8,115.85,500,0
2017-03-29,18:55:00,115.74,115.74,115.74,115.74,100,0
2017-03-29,19:20:00,115.525,115.525,115.5,115.5,200,0
2017-03-29,20:10:00,115.53,116.02,115.53,116,1800,0
2017-03-29,20:30:00,116.04,116.235,116.04,116.145,300,0
2017-03-29,20:45:00,116.06,116.06,116.06,116.06,100,0
2017-03-29,20:50:00,116,116,115.97,115.97,473,0
2017-03-29,21:05:00,116.13,116.13,116.13,116.13,100,0
2017-03-29,21:15:00,116.06,116.06,116.06,116.06,100,0
2017-03-29,21:45:00,116.13,116.13,116.12,116.12,200,0
2017-03-29,21:50:00,116.15,116.15,116.15,116.15,200,0
2017-03-29,21:55:00,116.12,116.12,116.12,116.12,110,0
2017-03-29,22:00:00,115.91,116.06,115.85,115.91,1882,0
2017-03-30,15:45:00,116.12,116.48,116.12,116.48,323,0
2017-03-30,15:55:00,116.86,116.86,116.86,116.86,100,0
2017-03-30,16:00:00,116.2,116.2,116.2,116.2,100,0
2017-03-30,16:05:00,116,116,116,116,100,0
2017-03-30,16:10:00,116.47,116.51,116.47,116.51,500,0
2017-03-30,17:05:00,116.55,116.55,116.55,116.55,100,0
2017-03-30,17:25:00,116.93,116.93,116.93,116.93,100,0
2017-03-30,17:50:00,116.83,116.83,116.83,116.83,100,0
2017-03-30,19:20:00,116.54,116.54,116.54,116.54,100,0
2017-03-30,19:50:00,116.601,116.601,116.601,116.601,178,0
2017-03-30,19:55:00,117.0297,117.0297,117.0297,117.0297,155,0
2017-03-30,20:20:00,116.51,116.51,116.51,116.51,100,0
2017-03-30,20:35:00,116.9539,116.9539,116.9539,116.9539,344,0
2017-03-30,20:40:00,116.74,116.76,116.74,116.76,200,0
2017-03-30,21:35:00,117,117,117,117,100,0
2017-03-30,21:40:00,116.54,116.58,116.54,116.55,300,0
2017-03-30,21:45:00,116.73,116.73,116.7205,116.7205,200,0
2017-03-30,21:50:00,116.545,116.92,116.545,116.92,1000,0
2017-03-30,21:55:00,116.54,117.05,116.3,117.05,1000,0
2017-03-30,22:00:00,116.64,117.25,116.64,117.25,2100,0
2017-03-31,15:35:00,116.015,116.015,116.015,116.015,100,0
2017-03-31,15:40:00,116.1,116.635,116,116.6017,800,0
2017-03-31,15:45:00,117.57,117.57,117.57,117.57,100,0
2017-03-31,16:05:00,116.6,116.6,116.3,116.3,200,0
2017-03-31,16:15:00,116.385,116.385,116.385,116.385,100,0
2017-03-31,16:25:00,116.36,116.36,116.36,116.36,100,0
2017-03-31,16:35:00,116.54,116.54,116.54,116.54,100,0
2017-03-31,16:50:00,117.04,117.04,117.04,117.04,100,0
2017-03-31,17:00:00,117.18,117.18,117.18,117.18,100,0
2017-03-31,17:05:00,117.06,117.06,117.06,117.06,100,0
2017-03-31,17:20:00,117.0404,117.0404,117.0404,117.0404,149,0
2017-03-31,17:25:00,117.11,117.11,117.11,117.11,100,0
2017-03-31,19:30:00,117.56,117.56,117.5,117.5,209,0
2017-03-31,19:45:00,117.55,117.55,117.55,117.55,100,0
2017-03-31,20:15:00,117.72,117.72,117.72,117.72,100,0
2017-03-31,21:10:00,117.64,117.64,117.5,117.5,200,0
2017-03-31,21:25:00,117.5,117.5,117.5,117.5,265,0
2017-03-31,21:35:00,117.53,117.53,117.53,117.53,100,0
2017-03-31,21:45:00,117.49,117.8997,117.49,117.8997,1400,0
2017-03-31,21:50:00,117.82,117.88,117.62,117.88,1000,0
2017-03-31,21:55:00,117.9,118.34,117.76,118.18,5495,0
2017-03-31,22:00:00,118.19,118.43,117.63,118.03,30328,0
2017-04-03,15:35:00,117.63,117.63,117.63,117.63,188,0
2017-04-03,15:40:00,118.13,118.13,118.13,118.13,100,0
2017-04-03,15:50:00,118.455,118.455,118.03,118.03,200,0
2017-04-03,16:20:00,117.04,117.04,117.04,117.04,100,0
2017-04-03,16:40:00,117.165,117.79,116.99,117.14,900,0
2017-04-03,16:50:00,116.985,116.985,116.88,116.88,300,0
2017-04-03,16:55:00,116.83,116.99,116.675,116.99,600,0
2017-04-03,17:10:00,117.075,117.075,117,117,200,0
2017-04-03,17:15:00,117,117,116.85,116.97,400,0
2017-04-03,17:20:00,116.95,116.95,116.95,116.95,100,0
2017-04-03,17:30:00,117.095,117.095,117.095,117.095,100,0
2017-04-03,17:40:00,117.34,117.34,117.34,117.34,100,0
2017-04-03,17:50:00,116.89,116.89,116.89,116.89,400,0
2017-04-03,17:55:00,116.885,116.885,116.65,116.77,939,0
2017-04-03,18:00:00,116.085,116.205,116.04,116.205,1500,0
2017-04-03,18:05:00,116.23,116.4,116.165,116.165,500,0
2017-04-03,18:10:00,116.165,116.165,116.165,116.165,200,0
2017-04-03,18:25:00,117.24,117.24,117.24,117.24,100,0
2017-04-03,18:35:00,117.295,117.295,117.035,117.035,210,0
2017-04-03,20:20:00,116.527,116.527,116.527,116.527,100,0
2017-04-03,20:30:00,116.99,116.99,116.99,116.99,100,0
2017-04-03,20:50:00,116.425,116.425,116.425,116.425,100,0
2017-04-03,21:00:00,117.13,117.13,117.13,117.13,100,0
2017-04-03,21:05:00,117,117.14,117,117,300,0
2017-04-03,21:20:00,116.635,116.635,116.635,116.635,100,0
2017-04-03,21:25:00,116.74,116.74,116.74,116.74,100,0
2017-04-03,21:30:00,116.875,116.875,116.875,116.875,100,0
2017-04-03,21:35:00,116.72,116.72,116.16,116.16,300,0
2017-04-03,21:40:00,116.495,116.495,116.495,116.495,100,0
2017-04-03,21:45:00,116.547,116.547,116.545,116.545,229,0
2017-04-03,21:55:00,116.5,116.515,116.36,116.36,400,0
2017-04-03,22:00:00,116.4,116.93,116.37,116.85,3794,0
2017-04-04,15:45:00,117.48,117.49,117.48,117.49,200,0
2017-04-04,15:50:00,117.05,117.05,117,117,700,0
2017-04-04,15:55:00,116.78,116.78,116.78,116.78,100,0
2017-04-04,16:05:00,117,117,116.69,116.9,543,0
2017-04-04,16:20:00,116.48,116.49,116.48,116.49,400,0
2017-04-04,16:25:00,116.85,116.85,116.85,116.85,100,0
2017-04-04,16:35:00,116.79,116.9,116.79,116.9,300,0
2017-04-04,16:40:00,117,117,117,117,100,0
2017-04-04,17:15:00,116.46,117.04,116.46,117.04,200,0
2017-04-04,17:25:00,116.57,116.57,116.57,116.57,100,0
2017-04-04,17:50:00,116.64,116.64,116.64,116.64,100,0
2017-04-04,18:05:00,116.91,116.91,116.74,116.74,200,0
2017-04-04,18:45:00,116.8,116.8,116.8,116.8,100,0
2017-04-04,19:20:00,116.91,116.91,116.91,116.91,100,0
2017-04-04,19:25:00,116.67,116.94,116.67,116.94,2100,0
2017-04-04,19:30:00,116.59,116.59,116.57,116.57,200,0
2017-04-04,19:35:00,116.68,116.68,116.68,116.68,100,0
2017-04-04,19:40:00,116.72,116.72,116.72,116.72,100,0
2017-04-04,19:55:00,116.6,116.72,116.6,116.701,400,0
2017-04-04,20:00:00,116.745,116.745,116.745,116.745,100,0
2017-04-04,20:05:00,116.6165,116.6165,116.6165,116.6165,211,0
2017-04-04,20:15:00,116.47,116.47,116.47,116.47,100,0
2017-04-04,20:25:00,116.74,116.74,116.74,116.74,100,0
2017-04-04,20:45:00,116.745,116.745,116.745,116.745,100,0
2017-04-04,20:50:00,116.75,116.75,116.75,116.75,400,0
2017-04-04,21:30:00,116.5201,116.5201,116.5201,116.5201,100,0
2017-04-04,21:35:00,116.55,116.55,116.55,116.55,100,0
2017-04-04,21:40:00,116.5201,116.5201,116.5201,116.5201,100,0
2017-04-04,21:45:00,116.6,116.7,116.52,116.7,1200,0
2017-04-04,21:50:00,116.7,116.7,116.33,116.33,200,0
2017-04-04,21:55:00,116.475,116.475,116.33,116.33,200,0
2017-04-04,22:00:00,116.475,116.84,116.26,116.84,2293,0
2017-04-05,15:45:00,117.7,117.7,117.7,117.7,100,0
2017-04-05,16:05:00,117.51,117.51,117.51,117.51,100,0
2017-04-05,17:10:00,117.26,117.26,117.26,117.26,100,0
2017-04-05,17:15:00,117.19,117.19,116.45,116.9,2077,0
2017-04-05,17:20:00,116.9,116.9,116.7,116.7,200,0
2017-04-05,17:25:00,116.735,116.735,116.675,116.675,400,0
2017-04-05,17:30:00,116.5,116.5,116.4,116.45,600,0
2017-04-05,17:35:00,116.32,116.32,116.32,116.32,500,0
2017-04-05,17:50:00,116.53,116.53,116.52,116.52,200,0
2017-04-05,17:55:00,116.84,116.84,116.84,116.84,100,0
2017-04-05,18:00:00,116.8,116.8,116.8,116.8,100,0
2017-04-05,18:55:00,116.84,116.84,116.84,116.84,100,0
2017-04-05,19:05:00,116.418,116.418,116.418,116.418,402,0
2017-04-05,20:35:00,117.18,117.18,117.18,117.18,100,0
2017-04-05,20:40:00,117.175,117.185,117.175,117.185,200,0
2017-04-05,21:25:00,116.6,116.6,116.6,116.6,100,0
2017-04-05,21:35:00,116.05,116.6,116.05,116.6,400,0
2017-04-05,21:40:00,116.52,116.56,116.355,116.56,800,0
2017-04-05,21:50:00,116.26,116.49,116.2,116.3,1300,0
2017-04-05,21:55:00,116.3,116.47,116.2,116.335,600,0
2017-04-05,22:00:00,116.39,116.44,116.24,116.25,5627,0
2017-04-06,15:55:00,115.5621,115.5621,115.53,115.53,200,0
2017-04-06,16:05:00,116.22,116.22,116.11,116.11,261,0
2017-04-06,16:25:00,116,116,116,116,100,0
2017-04-06,16:30:00,115.93,115.93,115.93,115.93,100,0
2017-04-06,16:35:00,116,116,116,116,100,0
2017-04-06,16:45:00,116,116,115.79,115.79,374,0
2017-04-06,17:00:00,116.11,116.11,116.11,116.11,100,0
2017-04-06,18:20:00,116,116,115.7612,115.7612,417,0
2017-04-06,20:10:00,116.5,116.5,116.5,116.5,100,0
2017-04-06,20:15:00,116.41,116.575,116.41,116.5005,400,0
2017-04-06,20:45:00,116.11,116.11,116.06,116.06,200,0
2017-04-06,21:10:00,116.65,116.65,116.65,116.65,100,0
2017-04-06,21:15:00,116.22,116.22,116.22,116.22,100,0
2017-04-06,21:20:00,117.115,117.115,116.5,116.5,200,0
2017-04-06,21:25:00,116.745,116.98,116.745,116.98,200,0
2017-04-06,21:30:00,116.94,116.94,116.9399,116.9399,200,0
2017-04-06,21:35:00,116.94,117.55,116.94,117.55,300,0
2017-04-06,21:45:00,117.591,117.591,116.91,116.91,200,0
2017-04-06,21:55:00,116.65,117.34,116.52,116.71,643,0
2017-04-07,15:40:00,115.52,115.52,115.52,115.52,100,0
2017-04-07,17:20:00,116.49,116.49,116.49,116.49,100,0
2017-04-07,18:00:00,115.1961,115.1961,115.1961,115.1961,137,0
2017-04-07,20:00:00,117.49,117.49,117.49,117.49,172,0
2017-04-07,21:55:00,117.69,117.93,117.69,117.85,300,0
2017-04-07,22:00:00,117.01,117.48,116.72,117.23,5856,0
2017-04-10,16:25:00,116.8,116.8,116.8,116.8,100,0
2017-04-10,17:15:00,116.9,116.9,116.9,116.9,114,0
2017-04-10,17:40:00,116.2,116.2,116.2,116.2,100,0
2017-04-10,18:25:00,116.21,116.62,116.21,116.62,200,0
2017-04-10,20:10:00,116.79,116.79,116.79,116.79,100,0
2017-04-10,21:10:00,116.27,116.27,116.27,116.27,221,0
2017-04-10,21:35:00,115.62,115.62,115.62,115.62,100,0
2017-04-10,21:40:00,115.71,115.96,115.61,115.61,500,0
2017-04-10,21:45:00,115.61,115.62,115.61,115.62,200,0
2017-04-10,21:50:00,115.5,115.88,115.02,115.02,1468,0
2017-04-10,21:55:00,115.02,115.09,114.85,114.85,1318,0
2017-04-10,22:00:00,114.85,115.22,114.85,115.11,5559,0
2017-04-11,15:35:00,115.64,115.64,115.64,115.64,100,0
2017-04-11,15:40:00,115.01,115.65,115.01,115.498,500,0
2017-04-11,15:45:00,115.65,115.65,115.5,115.5,1000,0
2017-04-11,15:50:00,115.03,115.64,114.83,115.507,800,0
2017-04-11,16:00:00,115.475,115.475,115.475,115.475,100,0
2017-04-11,16:05:00,115.63,115.68,115.63,115.68,558,0
2017-04-11,16:10:00,115.2,115.2,115.2,115.2,100,0
2017-04-11,16:20:00,115.96,115.96,115.58,115.58,200,0
2017-04-11,17:05:00,115.68,115.68,115.375,115.68,400,0
2017-04-11,17:10:00,115.68,115.68,115.68,115.68,100,0
2017-04-11,17:15:00,115.53,115.53,115.53,115.53,100,0
2017-04-11,18:05:00,115.645,115.645,115.645,115.645,100,0
2017-04-11,18:20:00,115.67,115.67,115.67,115.67,133,0
2017-04-11,19:50:00,115.75,116.135,115.63,115.6805,1110,0
2017-04-11,20:10:00,116.4,116.4,116.4,116.4,100,0
2017-04-11,20:40:00,116,116.13,116,116.13,300,0
2017-04-11,20:45:00,115.6302,115.77,115.6302,115.77,770,0
2017-04-11,20:50:00,115.705,115.705,115.69,115.69,200,0
2017-04-11,21:25:00,116.02,116.085,116,116.085,556,0
2017-04-11,21:30:00,115.98,115.98,115.98,115.98,100,0
2017-04-11,21:35:00,115.79,116.09,115.72,115.8095,1400,0
2017-04-11,21:40:00,116.165,116.165,115.71,115.72,300,0
2017-04-11,21:45:00,116.4754,116.4754,116.4754,116.4754,107,0
2017-04-11,21:50:00,116.09,116.175,116.09,116.175,200,0
2017-04-11,21:55:00,115.75,116.3,115.71,116.3,500,0
2017-04-11,22:00:00,115.71,116.02,115.71,115.74,1408,0
2017-04-12,16:30:00,115.05,115.1975,115.05,115.1975,300,0
2017-04-12,16:35:00,115.01,115.01,115,115,1136,0
2017-04-12,16:40:00,115.2,115.2,115.2,115.2,100,0
2017-04-12,16:55:00,114.11,114.99,114.11,114.99,200,0
2017-04-12,17:05:00,114.8799,114.8799,114.8799,114.8799,100,0
2017-04-12,17:15:00,114.59,114.59,114.59,114.59,100,0
2017-04-12,17:40:00,115.31,115.31,114.6401,114.6401,478,0
2017-04-12,18:15:00,114.71,114.71,114.7,114.7,200,0
2017-04-12,18:50:00,115.9799,115.9799,115.9799,115.9799,100,0
2017-04-12,18:55:00,115.0023,115.0023,115.0023,115.0023,100,0
2017-04-12,19:20:00,115.435,115.435,115.435,115.435,100,0
2017-04-12,19:35:00,115,115,115,115,100,0
2017-04-12,19:45:00,115.22,115.22,115.22,115.22,100,0
2017-04-12,20:05:00,115.32,115.52,115.32,115.52,530,0
2017-04-12,20:30:00,115.05,115.05,115.05,115.05,100,0
2017-04-12,20:35:00,115.05,115.285,115.05,115.285,200,0
2017-04-12,20:45:00,115.06,115.06,114.965,114.965,558,0
2017-04-12,20:50:00,114.775,115.03,114.775,115.03,900,0
2017-04-12,20:55:00,115,115.07,115,115.04,300,0
2017-04-12,21:00:00,114.935,114.94,114.935,114.94,1400,0
2017-04-12,21:05:00,115.06,115.06,114.99,114.99,300,0
2017-04-12,21:10:00,115.06,115.06,114.86,115.02,700,0
2017-04-12,21:15:00,115.06,115.4099,115.06,115.4099,600,0
2017-04-12,21:20:00,115.1,115.1,115.1,115.1,100,0
2017-04-12,21:25:00,115.06,115.06,115,115,300,0
2017-04-12,21:35:00,114.975,114.9988,114.975,114.98,300,0
2017-04-12,21:40:00,114.97,114.985,114.97,114.985,505,0
2017-04-12,21:45:00,115,115.03,114.89,114.89,600,0
2017-04-12,21:50:00,115,115,115,115,500,0
2017-04-12,21:55:00,114.995,115,114.9,114.93,2067,0
2017-04-12,22:00:00,114.56,115.27,114.56,115.05,6056,0
2017-04-13,16:20:00,113.14,113.14,113.14,113.14,100,0
2017-04-13,16:30:00,114.515,114.515,114.515,114.515,100,0
2017-04-13,16:35:00,113.14,113.14,113.14,113.14,100,0
2017-04-13,16:50:00,113.15,114.3,113.15,114.3,200,0
2017-04-13,17:00:00,114.3,114.3,114.3,114.3,188,0
2017-04-13,17:25:00,114.31,114.31,114.31,114.31,100,0
2017-04-13,17:40:00,114.31,114.31,114.31,114.31,100,0
2017-04-13,17:45:00,114.48,114.48,114.48,114.48,300,0
2017-04-13,17:55:00,114.35,114.35,114.35,114.35,100,0
2017-04-13,18:05:00,114.31,114.31,114.3,114.3,915,0
2017-04-13,18:10:00,113.31,113.31,113.31,113.31,100,0
2017-04-13,18:25:00,113.14,113.14,113.14,113.14,100,0
2017-04-13,18:30:00,113.5,113.5,113.5,113.5,100,0
2017-04-13,18:45:00,113.51,113.51,113.32,113.32,200,0
2017-04-13,18:50:00,113.5,113.5,113.5,113.5,500,0
2017-04-13,18:55:00,113.57,113.58,113.57,113.58,200,0
2017-04-13,19:05:00,113.2,113.2,113.2,113.2,200,0
2017-04-13,19:10:00,113.32,113.32,113.32,113.32,100,0
2017-04-13,19:15:00,113.5,113.5,113.5,113.5,100,0
2017-04-13,19:25:00,113.25,113.25,113.25,113.25,100,0
2017-04-13,19:30:00,113.5,113.5,113.5,113.5,100,0
2017-04-13,19:40:00,113.34,113.5,113.34,113.5,200,0
2017-04-13,19:45:00,113.5,113.5,113.5,113.5,100,0
2017-04-13,19:50:00,113.25,113.25,113.25,113.25,100,0
2017-04-13,20:00:00,113.32,113.5,113.25,113.5,500,0
2017-04-13,20:15:00,113.41,113.5,113.39,113.5,400,0
2017-04-13,20:25:00,113.32,113.5,113.32,113.5,300,0
2017-04-13,20:30:00,113.44,113.52,113.41,113.41,400,0
2017-04-13,20:35:00,113.41,113.54,113.41,113.54,500,0
2017-04-13,20:45:00,114.22,114.22,113.32,113.32,200,0
2017-04-13,21:05:00,113.59,113.59,113.59,113.59,100,0
2017-04-13,21:10:00,113.59,114,113.59,114,600,0
2017-04-13,21:15:00,113.59,113.6,113.59,113.6,200,0
2017-04-13,21:20:00,113.5,113.5,113.5,113.5,100,0
2017-04-13,21:25:00,113.5,113.5,113.5,113.5,200,0
2017-04-13,21:30:00,113.5,113.5,113.5,113.5,100,0
2017-04-13,21:35:00,113.5,113.5,113.47,113.5,700,0
2017-04-13,21:40:00,113.475,113.5,113.31,113.5,500,0
2017-04-13,21:45:00,113.35,113.74,113.35,113.38,300,0
2017-04-13,21:50:00,113.41,113.41,113.41,113.41,100,0
2017-04-13,21:55:00,113.5,113.655,113.28,113.5,1000,0
2017-04-13,22:00:00,113.5,113.52,113.25,113.34,5071,0
2017-04-17,16:10:00,114.49,114.49,114.49,114.49,200,0
2017-04-17,16:25:00,114.06,114.06,114.02,114.02,200,0
2017-04-17,16:30:00,114.23,114.24,114,114.2012,3300,0
2017-04-17,16:40:00,114.22,114.22,114.2,114.2,400,0
2017-04-17,17:00:00,114.45,114.62,114.45,114.601,700,0
2017-04-17,17:05:00,114.74,114.74,114.74,114.74,100,0
2017-04-17,17:25:00,115.04,115.04,115.04,115.04,100,0
2017-04-17,18:20:00,116.21,116.21,116.21,116.21,100,0
2017-04-17,20:00:00,115.41,115.41,114.7,114.7,800,0
2017-04-17,20:15:00,115.19,115.1995,115.13,115.198,600,0
2017-04-17,20:25:00,115.3,115.3,115.3,115.3,100,0
2017-04-17,20:35:00,115.43,115.43,114.83,114.83,200,0
2017-04-17,20:55:00,115.34,115.34,115.18,115.18,554,0
2017-04-17,21:05:00,115.38,115.38,115.38,115.38,100,0
2017-04-17,21:15:00,115.39,115.39,115.39,115.39,100,0
2017-04-17,21:20:00,115.76,115.76,115.62,115.62,300,0
2017-04-17,21:25:00,116.18,116.18,115.75,115.75,300,0
2017-04-17,21:55:00,115.87,115.94,115.87,115.94,200,0
2017-04-17,22:00:00,115.94,116.01,115.94,115.95,860,0
2017-04-18,17:00:00,115.26,115.26,115.26,115.26,300,0
2017-04-18,17:05:00,115.26,115.26,115.26,115.26,100,0
2017-04-18,17:25:00,116.4,116.4,116.4,116.4,100,0
2017-04-18,17:45:00,115.265,115.265,115.265,115.265,100,0
2017-04-18,18:35:00,115.365,115.365,115.365,115.365,100,0
2017-04-18,19:05:00,115.5,115.5,115.5,115.5,210,0
2017-04-18,19:20:00,115.375,115.375,115.375,115.375,100,0
2017-04-18,20:05:00,115.5,115.5,115.5,115.5,100,0
2017-04-18,20:50:00,115.63,115.63,115.63,115.63,100,0
2017-04-18,21:05:00,115.785,116,115.785,116,300,0
2017-04-18,21:15:00,115.98,115.98,115.98,115.98,100,0
2017-04-18,21:35:00,115.97,115.97,115.75,115.75,200,0
2017-04-18,21:40:00,115.94,115.94,115.94,115.94,100,0
2017-04-18,21:50:00,115.75,115.75,115.75,115.75,297,0
2017-04-18,21:55:00,116.22,116.25,115.87,115.87,600,0
2017-04-18,22:00:00,116.02,116.29,115.86,115.89,2429,0
2017-04-19,17:00:00,115,115,115,115,100,0
2017-04-19,17:20:00,116.0898,116.0898,116.0898,116.0898,125,0
2017-04-19,17:50:00,115.39,115.39,115.39,115.39,100,0
2017-04-19,19:25:00,115.01,115.01,115,115,300,0
2017-04-19,19:30:00,115,115,115,115,100,0
2017-04-19,19:35:00,115,115,115,115,500,0
2017-04-19,19:50:00,114.571,114.571,114.571,114.571,100,0
2017-04-19,20:05:00,115,115,115,115,108,0
2017-04-19,20:20:00,114.59,114.59,114.59,114.59,100,0
2017-04-19,20:25:00,114.74,114.89,114.63,114.89,600,0
2017-04-19,20:40:00,115.04,115.05,114.43,114.43,300,0
2017-04-19,21:50:00,114.5401,115.11,114.4,114.4,1972,0
2017-04-19,21:55:00,114.27,114.5,114.27,114.5,500,0
2017-04-19,22:00:00,114.5,114.5,114.26,114.26,632,0
2017-04-20,15:55:00,114.54,114.54,114.5,114.5,200,0
2017-04-20,16:00:00,114.5,114.54,114.5,114.54,1400,0
2017-04-20,18:10:00,115.1,115.1,115.1,115.1,300,0
2017-04-20,18:20:00,115,115.25,114.82,115.25,1500,0
2017-04-20,19:00:00,115.46,115.46,115.46,115.46,200,0
2017-04-20,19:20:00,117.53,117.53,117.53,117.53,100,0
2017-04-20,21:35:00,117.73,117.73,115.81,115.81,300,0
2017-04-20,21:40:00,115.93,115.93,115.93,115.93,100,0
2017-04-20,21:45:00,115.88,115.88,115.88,115.88,100,0
2017-04-20,21:55:00,116.28,116.56,116.28,116.56,700,0
2017-04-20,22:00:00,116.4,116.54,116.4,116.5,3382,0
2017-04-21,15:35:00,116.35,116.35,116.35,116.35,103,0
2017-04-21,17:05:00,116.5,116.5,116.5,116.5,159,0
2017-04-21,18:35:00,116.99,116.99,116.99,116.99,200,0
2017-04-21,20:10:00,115.83,116.69,115.78,115.78,1424,0
2017-04-21,20:20:00,116.99,116.99,116.99,116.99,193,0
2017-04-21,21:40:00,116.235,116.235,116.235,116.235,200,0
2017-04-21,21:45:00,115.78,116.36,115.78,116.36,400,0
2017-04-21,21:55:00,116.02,116.02,116.02,116.02,100,0
2017-04-21,22:00:00,115.95,115.95,115.4,115.85,1161,0
2017-04-24,15:35:00,117.49,117.49,117.49,117.49,226,0
2017-04-24,15:55:00,116.3,116.3,116.3,116.3,100,0
2017-04-24,16:05:00,115.99,115.99,115.99,115.99,100,0
2017-04-24,17:10:00,116.9,116.96,116.9,116.96,400,0
2017-04-24,19:00:00,116.2,116.2,116.2,116.2,100,0
2017-04-24,19:30:00,116.48,116.48,116.48,116.48,150,0
2017-04-24,20:05:00,116.68,117.19,116.68,117.19,200,0
2017-04-24,21:10:00,117,117,117,117,100,0
2017-04-24,21:35:00,117.51,117.51,117.51,117.51,100,0
2017-04-24,21:45:00,117.57,117.57,117.57,117.57,100,0
2017-04-24,21:50:00,117.2022,117.245,117.2022,117.245,200,0
2017-04-24,21:55:00,117.41,117.41,117.39,117.39,200,0
2017-04-24,22:00:00,117.35,117.66,117.14,117.45,1412,0
2017-04-25,15:40:00,117.6,117.6,117.6,117.6,100,0
2017-04-25,15:45:00,118.4,119,118.4,119,300,0
2017-04-25,16:10:00,117.7,118.7285,117.7,118.7285,300,0
2017-04-25,16:20:00,118.981,118.981,118.981,118.981,335,0
2017-04-25,16:30:00,118.71,118.7495,118.71,118.7495,300,0
2017-04-25,16:45:00,118.8424,118.8424,118.8424,118.8424,300,0
2017-04-25,16:55:00,118.55,118.55,118.55,118.55,100,0
2017-04-25,17:10:00,118.77,119.35,118.77,118.94,2530,0
2017-04-25,18:30:00,119.8355,119.8355,119.8355,119.8355,500,0
2017-04-25,19:00:00,119.6324,119.6324,119.6324,119.6324,225,0
2017-04-25,19:05:00,118.7408,118.7408,118.7408,118.7408,100,0
2017-04-25,19:25:00,119.7999,119.7999,119.7999,119.7999,100,0
2017-04-25,20:00:00,119.1521,119.1521,119.1521,119.1521,500,0
2017-04-25,20:05:00,119.1646,119.1646,118.56,118.56,600,0
2017-04-25,20:15:00,118.66,119.1106,118.66,119.1106,350,0
2017-04-25,20:55:00,119.056,119.2926,118.99,119.2926,800,0
2017-04-25,21:05:00,118.8,118.8,118.8,118.8,100,0
2017-04-25,21:10:00,119.04,119.16,119.04,119.16,200,0
2017-04-25,21:35:00,118.97,118.97,118.72,118.72,400,0
2017-04-25,21:45:00,119.014,119.014,119.014,119.014,159,0
2017-04-25,22:00:00,118.67,118.94,118.28,118.5,1748,0
2017-04-26,15:35:00,117.85,117.85,117.85,117.85,122,0
2017-04-26,15:45:00,117.5,117.5,117.5,117.5,100,0
2017-04-26,16:55:00,118.755,118.755,118.11,118.11,200,0
2017-04-26,17:00:00,118.11,119.1625,118.11,118.15,800,0
2017-04-26,17:20:00,119.2028,119.2028,119.1895,119.1895,400,0
2017-04-26,17:25:00,119.3675,119.3675,118.5,118.5,250,0
2017-04-26,17:45:00,119.1922,119.1922,119.1922,119.1922,125,0
2017-04-26,18:45:00,118.8684,118.8684,118.8684,118.8684,170,0
2017-04-26,19:55:00,118.6,118.6,118.6,118.6,281,0
2017-04-26,20:00:00,118.7853,118.7853,118.7853,118.7853,100,0
2017-04-26,20:05:00,118.61,118.65,117.91,118.26,1246,0
2017-04-26,20:10:00,118.6,118.6,118.6,118.6,100,0
2017-04-26,20:20:00,117.13,117.13,117.13,117.13,100,0
2017-04-26,21:40:00,118.67,118.67,118.67,118.67,100,0
2017-04-26,22:00:00,117.67,118.1,117.67,118.1,829,0
