Date,Time,Open,High,Low,Close,Volume,OpenInt
2017-04-06,15:35:00,15.9,15.9,15.7,15.75,3458,0
2017-04-06,15:40:00,15.7,15.9,15.7,15.9,2601,0
2017-04-06,15:45:00,15.95,15.95,15.8,15.8,5189,0
2017-04-06,15:50:00,15.85,15.85,15.7674,15.775,3500,0
2017-04-06,15:55:00,15.8,15.9,15.8,15.85,9606,0
2017-04-06,16:00:00,15.9,15.929,15.8,15.85,3009,0
2017-04-06,16:05:00,15.825,15.825,15.825,15.825,100,0
2017-04-06,16:10:00,15.85,15.875,15.85,15.875,2800,0
2017-04-06,16:15:00,15.9,15.9,15.875,15.875,7732,0
2017-04-06,16:20:00,15.875,15.925,15.85,15.85,11445,0
2017-04-06,16:25:00,15.85,15.9,15.825,15.85,2006,0
2017-04-06,16:35:00,15.8,15.8,15.8,15.8,100,0
2017-04-06,16:40:00,15.85,15.85,15.85,15.85,1000,0
2017-04-06,16:45:00,15.85,15.85,15.85,15.85,1600,0
2017-04-06,16:50:00,15.85,15.85,15.85,15.85,100,0
2017-04-06,16:55:00,15.85,15.9,15.85,15.85,600,0
2017-04-06,17:00:00,15.85,15.85,15.85,15.85,2350,0
2017-04-06,17:05:00,15.85,15.85,15.825,15.85,700,0
2017-04-06,17:10:00,15.8,15.85,15.8,15.85,200,0
2017-04-06,17:15:00,15.85,15.85,15.825,15.85,500,0
2017-04-06,17:20:00,15.825,15.85,15.825,15.825,300,0
2017-04-06,17:25:00,15.85,15.85,15.825,15.85,1500,0
2017-04-06,17:30:00,15.85,15.975,15.85,15.975,6035,0
2017-04-06,17:35:00,15.95,16,15.95,16,812,0
2017-04-06,17:40:00,15.975,15.975,15.925,15.95,3310,0
2017-04-06,17:45:00,15.9,15.9,15.9,15.9,1055,0
2017-04-06,17:50:00,15.9,15.925,15.9,15.9,300,0
2017-04-06,17:55:00,15.95,15.95,15.95,15.95,100,0
2017-04-06,18:00:00,15.925,15.925,15.9,15.9,300,0
2017-04-06,18:05:00,15.9,15.95,15.9,15.95,200,0
2017-04-06,18:10:00,15.9,15.9,15.85,15.85,1800,0
2017-04-06,18:15:00,15.85,15.9,15.85,15.9,200,0
2017-04-06,18:20:00,15.875,15.9,15.85,15.9,500,0
2017-04-06,18:25:00,15.85,15.85,15.85,15.85,100,0
2017-04-06,18:30:00,15.875,15.9,15.85,15.9,2300,0
2017-04-06,18:35:00,15.85,15.9,15.85,15.85,400,0
2017-04-06,18:40:00,15.875,15.875,15.875,15.875,300,0
2017-04-06,18:45:00,15.875,15.9,15.875,15.875,500,0
2017-04-06,18:50:00,15.9,15.9,15.875,15.875,200,0
2017-04-06,18:55:00,15.875,15.875,15.875,15.875,400,0
2017-04-06,19:00:00,15.875,15.875,15.85,15.85,200,0
2017-04-06,19:05:00,15.875,15.95,15.875,15.95,3280,0
2017-04-06,19:15:00,15.95,15.95,15.925,15.925,200,0
2017-04-06,19:20:00,15.95,15.95,15.95,15.95,1605,0
2017-04-06,19:25:00,15.95,15.975,15.95,15.975,1478,0
2017-04-06,19:35:00,15.95,15.975,15.95,15.95,400,0
2017-04-06,19:40:00,15.95,16,15.95,16,200,0
2017-04-06,19:45:00,15.95,15.95,15.95,15.95,200,0
2017-04-06,19:50:00,15.95,15.95,15.95,15.95,400,0
2017-04-06,19:55:00,15.95,15.95,15.95,15.95,100,0
2017-04-06,20:00:00,15.95,15.9501,15.9,15.9,4243,0
2017-04-06,20:05:00,15.9,15.9,15.9,15.9,300,0
2017-04-06,20:10:00,15.95,15.95,15.9,15.9,200,0
2017-04-06,20:15:00,15.9,15.95,15.9,15.95,400,0
2017-04-06,20:20:00,15.9,15.95,15.9,15.95,400,0
2017-04-06,20:25:00,15.9,15.95,15.9,15.95,1886,0
2017-04-06,20:30:00,15.9,15.9,15.875,15.875,4424,0
2017-04-06,20:35:00,15.875,15.875,15.875,15.875,500,0
2017-04-06,20:40:00,15.85,15.875,15.85,15.875,300,0
2017-04-06,20:45:00,15.875,15.9,15.875,15.9,3200,0
2017-04-06,20:50:00,15.9,15.9,15.9,15.9,736,0
2017-04-06,20:55:00,15.9,15.9,15.875,15.875,2300,0
2017-04-06,21:00:00,15.875,15.9,15.85,15.85,2500,0
2017-04-06,21:05:00,15.9,15.9,15.875,15.875,500,0
2017-04-06,21:10:00,15.875,15.925,15.875,15.9,21153,0
2017-04-06,21:15:00,15.9,15.9,15.9,15.9,2100,0
2017-04-06,21:20:00,15.95,15.95,15.9,15.9,1743,0
2017-04-06,21:25:00,15.925,15.95,15.9,15.95,5229,0
2017-04-06,21:30:00,15.925,15.95,15.9,15.95,500,0
2017-04-06,21:35:00,15.95,15.95,15.9,15.925,3100,0
2017-04-06,21:40:00,15.925,15.925,15.9,15.9,500,0
2017-04-06,21:45:00,15.925,15.95,15.9,15.95,1400,0
2017-04-06,21:50:00,15.925,15.95,15.9,15.925,5010,0
2017-04-06,21:55:00,15.9,15.95,15.9,15.95,3800,0
2017-04-06,22:00:00,15.95,15.95,15.9,15.9,5520,0
2017-04-07,15:35:00,15.9,15.9,15.85,15.9,3661,0
2017-04-07,15:40:00,15.95,16,15.95,16,1594,0
2017-04-07,15:45:00,15.979,16,15.9,15.95,18518,0
2017-04-07,15:50:00,15.95,15.95,15.9,15.9,2900,0
2017-04-07,15:55:00,15.9,15.9,15.9,15.9,600,0
2017-04-07,16:00:00,15.85,15.85,15.85,15.85,1900,0
2017-04-07,16:05:00,15.85,16,15.85,16,5300,0
2017-04-07,16:10:00,16,16.05,16,16.025,1385,0
2017-04-07,16:15:00,16.05,16.0684,16.05,16.05,576,0
2017-04-07,16:25:00,16,16.05,15.95,16.05,9165,0
2017-04-07,16:30:00,16.05,16.05,16.05,16.05,200,0
2017-04-07,16:35:00,16.025,16.025,15.975,15.975,1340,0
2017-04-07,16:40:00,15.95,16,15.95,16,1641,0
2017-04-07,16:50:00,16,16,15.975,15.975,500,0
2017-04-07,16:55:00,15.95,15.95,15.95,15.95,7293,0
2017-04-07,17:00:00,15.95,15.95,15.9,15.9,600,0
2017-04-07,17:05:00,15.9,15.9,15.9,15.9,400,0
2017-04-07,17:10:00,15.9,15.9,15.9,15.9,200,0
2017-04-07,17:15:00,15.9,15.9,15.9,15.9,200,0
2017-04-07,17:20:00,15.9,15.95,15.9,15.925,1101,0
2017-04-07,17:30:00,15.925,15.925,15.925,15.925,200,0
2017-04-07,17:35:00,15.925,15.925,15.925,15.925,200,0
2017-04-07,17:40:00,15.9,15.925,15.9,15.925,300,0
2017-04-07,17:45:00,15.9,15.925,15.9,15.9,400,0
2017-04-07,17:50:00,15.925,15.95,15.9,15.925,500,0
2017-04-07,17:55:00,15.925,15.925,15.9,15.9,300,0
2017-04-07,18:00:00,15.925,15.925,15.925,15.925,200,0
2017-04-07,18:05:00,15.925,15.925,15.9,15.925,400,0
2017-04-07,18:10:00,15.95,15.95,15.925,15.95,500,0
2017-04-07,18:15:00,15.95,15.95,15.9,15.925,700,0
2017-04-07,18:20:00,15.9,15.95,15.9,15.95,1209,0
2017-04-07,18:25:00,15.975,15.975,15.975,15.975,100,0
2017-04-07,18:35:00,15.975,16,15.975,16,500,0
2017-04-07,18:40:00,15.95,15.975,15.95,15.975,500,0
2017-04-07,18:45:00,15.975,16,15.95,15.975,640,0
2017-04-07,18:55:00,16,16,15.95,16,543,0
2017-04-07,19:00:00,16,16,15.95,15.95,400,0
2017-04-07,19:05:00,15.95,15.95,15.95,15.95,100,0
2017-04-07,19:10:00,15.95,15.975,15.95,15.975,400,0
2017-04-07,19:15:00,15.975,15.975,15.95,15.95,500,0
2017-04-07,19:20:00,16,16.05,16,16.05,3498,0
2017-04-07,19:25:00,16.05,16.05,16.05,16.05,300,0
2017-04-07,19:30:00,16.025,16.05,16.025,16.05,400,0
2017-04-07,19:35:00,16.05,16.1,16.05,16.1,800,0
2017-04-07,19:40:00,16.05,16.075,16,16.05,4500,0
2017-04-07,19:50:00,16,16,16,16,200,0
2017-04-07,19:55:00,16.025,16.025,16,16,200,0
2017-04-07,20:00:00,16,16.05,16,16.025,300,0
2017-04-07,20:05:00,16,16.025,16,16,300,0
2017-04-07,20:10:00,16.025,16.05,16.025,16.05,600,0
2017-04-07,20:15:00,16.05,16.1,16.05,16.1,2079,0
2017-04-07,20:20:00,16.1,16.1,16.1,16.1,100,0
2017-04-07,20:25:00,16.075,16.075,16.075,16.075,400,0
2017-04-07,20:30:00,16.1,16.1,16.1,16.1,100,0
2017-04-07,20:35:00,16.075,16.1,16.05,16.075,563,0
2017-04-07,20:40:00,16.05,16.1,16.05,16.1,300,0
2017-04-07,20:45:00,16.1,16.1,15.975,16,6844,0
2017-04-07,20:50:00,15.975,15.975,15.95,15.95,300,0
2017-04-07,20:55:00,15.95,16,15.95,16,300,0
2017-04-07,21:00:00,15.95,15.95,15.95,15.95,600,0
2017-04-07,21:05:00,15.975,15.975,15.95,15.975,400,0
2017-04-07,21:10:00,15.975,16,15.95,15.95,400,0
2017-04-07,21:15:00,15.95,15.975,15.95,15.95,400,0
2017-04-07,21:20:00,15.975,15.975,15.95,15.95,500,0
2017-04-07,21:25:00,15.975,15.975,15.95,15.975,400,0
2017-04-07,21:30:00,15.95,16.05,15.95,16.025,4217,0
2017-04-07,21:35:00,16.025,16.05,15.95,15.95,4556,0
2017-04-07,21:40:00,15.975,16.05,15.975,16.05,3600,0
2017-04-07,21:45:00,16.025,16.05,16,16.025,1451,0
2017-04-07,21:50:00,16.025,16.025,16,16.025,1800,0
2017-04-07,21:55:00,16.05,16.05,16,16.025,6357,0
2017-04-07,22:00:00,16.025,16.05,15.95,16,133973,0
2017-04-10,15:35:00,16.05,16.05,15.95,15.95,700,0
2017-04-10,15:45:00,16.05,16.1,16.025,16.025,4500,0
2017-04-10,15:50:00,16.05,16.1,16.05,16.1,500,0
2017-04-10,15:55:00,16.1,16.15,16.1,16.1,2800,0
2017-04-10,16:00:00,16.1,16.1,16.1,16.1,500,0
2017-04-10,16:05:00,16.1,16.1,16.1,16.1,2555,0
2017-04-10,16:10:00,16.1,16.1,16.1,16.1,1400,0
2017-04-10,16:20:00,16.1,16.1,16.1,16.1,1337,0
2017-04-10,16:35:00,16.1,16.1,16.1,16.1,200,0
2017-04-10,16:40:00,16.15,16.15,16.1,16.1,2700,0
2017-04-10,16:45:00,16.05,16.05,16.05,16.05,6680,0
2017-04-10,16:55:00,16.05,16.05,16.05,16.05,100,0
2017-04-10,17:00:00,16.05,16.05,16.05,16.05,1600,0
2017-04-10,17:05:00,16.05,16.05,16.025,16.025,400,0
2017-04-10,17:15:00,16,16,16,16,100,0
2017-04-10,17:25:00,16,16,16,16,100,0
2017-04-10,17:35:00,16.025,16.025,15.95,15.95,6843,0
2017-04-10,17:40:00,15.95,16,15.95,16,5862,0
2017-04-10,17:45:00,16.05,16.05,15.9,15.9,2000,0
2017-04-10,18:00:00,15.925,15.925,15.925,15.925,100,0
2017-04-10,18:10:00,15.9,15.925,15.9,15.9,1000,0
2017-04-10,18:15:00,15.9,15.9,15.85,15.9,9708,0
2017-04-10,18:20:00,15.925,15.925,15.9,15.9,377,0
2017-04-10,18:25:00,15.95,15.95,15.9,15.9,2653,0
2017-04-10,18:30:00,15.925,15.95,15.925,15.95,200,0
2017-04-10,18:35:00,15.95,15.95,15.95,15.95,500,0
2017-04-10,18:40:00,16,16,16,16,200,0
2017-04-10,18:45:00,15.95,15.95,15.95,15.95,100,0
2017-04-10,18:55:00,15.9828,16,15.9828,16,2062,0
2017-04-10,19:00:00,16.05,16.05,16,16.05,300,0
2017-04-10,19:05:00,16.025,16.05,16.025,16.05,300,0
2017-04-10,19:20:00,16,16,16,16,200,0
2017-04-10,19:25:00,16.05,16.05,16.05,16.05,100,0
2017-04-10,19:30:00,16.05,16.05,16.025,16.025,300,0
2017-04-10,19:35:00,16.025,16.025,16.025,16.025,200,0
2017-04-10,19:40:00,16.05,16.05,16.05,16.05,1300,0
2017-04-10,19:45:00,16.05,16.05,16.05,16.05,200,0
2017-04-10,19:50:00,16.1,16.1,16,16.025,3507,0
2017-04-10,19:55:00,16,16.05,16,16.05,900,0
2017-04-10,20:00:00,16,16.05,16,16.05,500,0
2017-04-10,20:05:00,16.025,16.025,16,16.025,4499,0
2017-04-10,20:10:00,16.025,16.025,16.025,16.025,200,0
2017-04-10,20:15:00,16,16.025,16,16.025,200,0
2017-04-10,20:20:00,16,16.025,16,16.025,300,0
2017-04-10,20:25:00,16.05,16.05,16.05,16.05,397,0
2017-04-10,20:30:00,16,16.05,16,16.05,300,0
2017-04-10,20:35:00,16.05,16.05,16.05,16.05,1549,0
2017-04-10,20:40:00,16.025,16.025,16.025,16.025,100,0
2017-04-10,20:50:00,16.025,16.025,16.025,16.025,100,0
2017-04-10,21:00:00,16,16,16,16,200,0
2017-04-10,21:05:00,16.05,16.05,16.05,16.05,300,0
2017-04-10,21:10:00,16.05,16.0625,16.05,16.0625,2100,0
2017-04-10,21:15:00,16.05,16.05,16.05,16.05,100,0
2017-04-10,21:20:00,16.1,16.1,16.075,16.1,1700,0
2017-04-10,21:25:00,16.1,16.1,16.1,16.1,300,0
2017-04-10,21:30:00,16.075,16.075,16.075,16.075,100,0
2017-04-10,21:35:00,16.075,16.1,16.05,16.05,18664,0
2017-04-10,21:40:00,16.05,16.05,16.05,16.05,200,0
2017-04-10,21:45:00,16.05,16.05,16.025,16.05,5944,0
2017-04-10,21:50:00,16.05,16.05,16,16.025,4044,0
2017-04-10,21:55:00,16,16.05,16,16.05,3256,0
2017-04-10,22:00:00,16.05,16.05,16,16.05,14386,0
2017-04-11,15:35:00,16,16,16,16,3386,0
2017-04-11,15:40:00,16,16,15.95,15.95,700,0
2017-04-11,15:45:00,16.05,16.05,16.05,16.05,1100,0
2017-04-11,15:50:00,15.95,15.95,15.95,15.95,300,0
2017-04-11,15:55:00,16.05,16.05,16,16,200,0
2017-04-11,16:05:00,16.05,16.15,16.05,16.125,2946,0
2017-04-11,16:10:00,16.15,16.15,16.15,16.15,200,0
2017-04-11,16:15:00,16.15,16.15,16.1,16.1,2500,0
2017-04-11,16:20:00,16.125,16.125,16.075,16.075,2275,0
2017-04-11,16:25:00,16.05,16.05,16,16.05,2505,0
2017-04-11,16:35:00,16.1,16.1,16.05,16.05,1687,0
2017-04-11,16:40:00,16.05,16.05,16.05,16.05,694,0
2017-04-11,16:45:00,16.05,16.1,16,16.025,1200,0
2017-04-11,16:50:00,16.05,16.05,16.05,16.05,100,0
2017-04-11,16:55:00,16,16,16,16,100,0
2017-04-11,17:00:00,16.05,16.05,16.05,16.05,200,0
2017-04-11,17:05:00,16.05,16.1,16.05,16.1,1100,0
2017-04-11,17:10:00,16.1,16.1,16.05,16.05,1461,0
2017-04-11,17:25:00,16.075,16.1,16.075,16.1,400,0
2017-04-11,17:30:00,16.125,16.125,16.05,16.1,1548,0
2017-04-11,17:40:00,16.1,16.15,16.1,16.15,800,0
2017-04-11,17:45:00,16.15,16.15,16.15,16.15,200,0
2017-04-11,17:50:00,16.15,16.15,16.15,16.15,400,0
2017-04-11,17:55:00,16.2,16.2,16.15,16.2,800,0
2017-04-11,18:05:00,16.15,16.175,16.1,16.125,2451,0
2017-04-11,18:10:00,16.1,16.1,16.1,16.1,200,0
2017-04-11,18:15:00,16.125,16.125,16.1,16.1,200,0
2017-04-11,18:20:00,16.15,16.2,16.15,16.15,3826,0
2017-04-11,18:25:00,16.2,16.25,16.2,16.25,714,0
2017-04-11,18:30:00,16.25,16.25,16.25,16.25,100,0
2017-04-11,18:35:00,16.2,16.2,16.2,16.2,600,0
2017-04-11,18:40:00,16.2,16.2,16.2,16.2,1100,0
2017-04-11,18:45:00,16.2,16.2,16.15,16.15,500,0
2017-04-11,18:50:00,16.15,16.15,16.15,16.15,100,0
2017-04-11,18:55:00,16.15,16.15,16.15,16.15,100,0
2017-04-11,19:00:00,16.175,16.175,16.175,16.175,100,0
2017-04-11,19:05:00,16.2,16.25,16.2,16.25,2300,0
2017-04-11,19:10:00,16.25,16.3,16.25,16.3,5387,0
2017-04-11,19:15:00,16.275,16.275,16.2,16.2,3540,0
2017-04-11,19:20:00,16.2,16.2,16.2,16.2,100,0
2017-04-11,19:25:00,16.225,16.25,16.225,16.225,1600,0
2017-04-11,19:35:00,16.2,16.3,16.2,16.225,6500,0
2017-04-11,19:40:00,16.25,16.3,16.25,16.3,3434,0
2017-04-11,19:45:00,16.3,16.3,16.3,16.3,200,0
2017-04-11,19:50:00,16.275,16.275,16.275,16.275,100,0
2017-04-11,19:55:00,16.275,16.275,16.25,16.25,4652,0
2017-04-11,20:00:00,16.275,16.275,16.25,16.275,1900,0
2017-04-11,20:05:00,16.25,16.25,16.25,16.25,300,0
2017-04-11,20:10:00,16.25,16.3,16.25,16.3,1200,0
2017-04-11,20:15:00,16.3,16.3,16.3,16.3,2323,0
2017-04-11,20:20:00,16.25,16.25,16.25,16.25,200,0
2017-04-11,20:25:00,16.25,16.25,16.25,16.25,100,0
2017-04-11,20:30:00,16.25,16.25,16.25,16.25,100,0
2017-04-11,20:35:00,16.25,16.25,16.25,16.25,400,0
2017-04-11,20:40:00,16.275,16.275,16.25,16.275,600,0
2017-04-11,20:45:00,16.25,16.25,16.25,16.25,200,0
2017-04-11,20:50:00,16.275,16.275,16.25,16.25,2400,0
2017-04-11,20:55:00,16.3,16.3,16.3,16.3,1200,0
2017-04-11,21:00:00,16.3,16.35,16.3,16.325,1300,0
2017-04-11,21:05:00,16.325,16.35,16.3,16.3,500,0
2017-04-11,21:10:00,16.325,16.325,16.3,16.3,400,0
2017-04-11,21:15:00,16.35,16.35,16.3,16.3,300,0
2017-04-11,21:20:00,16.325,16.35,16.3,16.3,500,0
2017-04-11,21:25:00,16.35,16.35,16.3,16.325,800,0
2017-04-11,21:30:00,16.3,16.3,16.275,16.275,1600,0
2017-04-11,21:35:00,16.25,16.3,16.25,16.275,1000,0
2017-04-11,21:40:00,16.3,16.3,16.25,16.25,700,0
2017-04-11,21:45:00,16.3,16.3,16.25,16.25,700,0
2017-04-11,21:50:00,16.25,16.275,16.25,16.25,700,0
2017-04-11,21:55:00,16.275,16.275,16.25,16.25,1500,0
2017-04-11,22:00:00,16.25,16.3,16.25,16.25,19999,0
2017-04-12,15:35:00,16.2,16.2,16.15,16.17,977,0
2017-04-12,15:40:00,16.2,16.25,16.2,16.25,373,0
2017-04-12,15:45:00,16.2,16.225,16.15,16.2,1100,0
2017-04-12,15:50:00,16.2,16.2,16.15,16.2,1500,0
2017-04-12,15:55:00,16.2,16.2,16.2,16.2,400,0
2017-04-12,16:00:00,16.3,16.3,16.3,16.3,200,0
2017-04-12,16:05:00,16.2,16.2,16.2,16.2,1250,0
2017-04-12,16:15:00,16.15,16.175,16.05,16.1,3482,0
2017-04-12,16:20:00,16.15,16.15,16.15,16.15,200,0
2017-04-12,16:30:00,16.2,16.2,16.15,16.15,1029,0
2017-04-12,16:35:00,16.1,16.15,16.05,16.15,1404,0
2017-04-12,16:40:00,16.15,16.15,16.05,16.1,800,0
2017-04-12,16:50:00,16.05,16.05,15.95,16.025,2444,0
2017-04-12,17:00:00,16.05,16.05,16.05,16.05,1600,0
2017-04-12,17:05:00,16,16.025,16,16,400,0
2017-04-12,17:10:00,16.05,16.05,16.05,16.05,600,0
2017-04-12,17:25:00,16.05,16.05,16.05,16.05,879,0
2017-04-12,17:30:00,16,16,16,16,200,0
2017-04-12,17:35:00,16,16.025,16,16,500,0
2017-04-12,17:40:00,16,16,16,16,500,0
2017-04-12,17:45:00,16,16,16,16,200,0
2017-04-12,17:50:00,16,16,16,16,100,0
2017-04-12,17:55:00,16.05,16.05,16,16.05,400,0
2017-04-12,18:00:00,16,16.025,16,16.025,200,0
2017-04-12,18:10:00,16,16.1,16,16.1,1017,0
2017-04-12,18:15:00,16.075,16.075,16.075,16.075,100,0
2017-04-12,18:20:00,16.1,16.1,16.075,16.1,500,0
2017-04-12,18:25:00,16.0615,16.075,16.05,16.05,6780,0
2017-04-12,18:30:00,16.05,16.075,16.05,16.05,300,0
2017-04-12,18:40:00,16.05,16.075,16.025,16.05,1767,0
2017-04-12,18:45:00,16,16.025,16,16,631,0
2017-04-12,18:50:00,16,16,16,16,100,0
2017-04-12,18:55:00,16,16,16,16,200,0
2017-04-12,19:00:00,16.05,16.05,16.05,16.05,200,0
2017-04-12,19:05:00,16.05,16.05,16.05,16.05,790,0
2017-04-12,19:10:00,16.075,16.075,16.075,16.075,100,0
2017-04-12,19:15:00,16.05,16.05,16.05,16.05,147,0
2017-04-12,19:20:00,16.05,16.05,16,16.025,800,0
2017-04-12,19:35:00,16,16,16,16,100,0
2017-04-12,19:40:00,16.025,16.05,16.025,16.05,1481,0
2017-04-12,19:50:00,16.05,16.05,16.05,16.05,100,0
2017-04-12,20:00:00,16.05,16.1,16.05,16.1,1622,0
2017-04-12,20:05:00,16.1,16.1,16.1,16.1,1000,0
2017-04-12,20:10:00,16.075,16.075,16.05,16.05,200,0
2017-04-12,20:15:00,16.1,16.1,16.1,16.1,116,0
2017-04-12,20:20:00,16.05,16.075,16.05,16.05,700,0
2017-04-12,20:25:00,16.05,16.05,16.05,16.05,100,0
2017-04-12,20:35:00,16.05,16.075,16.05,16.05,300,0
2017-04-12,20:45:00,16.05,16.05,16,16,3324,0
2017-04-12,20:50:00,16,16,16,16,300,0
2017-04-12,20:55:00,16.025,16.05,16,16.025,500,0
2017-04-12,21:00:00,16.05,16.1,16.05,16.075,2800,0
2017-04-12,21:05:00,16.075,16.1,16.075,16.1,200,0
2017-04-12,21:15:00,16.05,16.075,16,16,2626,0
2017-04-12,21:20:00,16.025,16.025,16,16,200,0
2017-04-12,21:25:00,15.95,16.1,15.95,16.1,10212,0
2017-04-12,21:30:00,16.05,16.05,16,16,2421,0
2017-04-12,21:35:00,16.025,16.05,16,16.05,900,0
2017-04-12,21:40:00,16,16.05,16,16.05,200,0
2017-04-12,21:45:00,16.025,16.05,16,16.025,700,0
2017-04-12,21:50:00,16,16.05,16,16,1150,0
2017-04-12,21:55:00,16,16.025,16,16,1000,0
2017-04-12,22:00:00,16.025,16.05,16,16,17053,0
2017-04-13,15:35:00,15.95,16,15.9,15.9,926,0
2017-04-13,15:40:00,15.85,15.9,15.85,15.9,600,0
2017-04-13,15:45:00,15.95,16,15.95,15.95,1400,0
2017-04-13,15:50:00,15.95,15.95,15.95,15.95,791,0
2017-04-13,15:55:00,16,16,16,16,300,0
2017-04-13,16:00:00,15.975,15.975,15.975,15.975,100,0
2017-04-13,16:05:00,15.95,15.95,15.925,15.95,984,0
2017-04-13,16:10:00,15.95,15.975,15.95,15.95,500,0
2017-04-13,16:15:00,15.95,15.95,15.9,15.9,700,0
2017-04-13,16:20:00,15.95,16.025,15.925,15.95,4011,0
2017-04-13,16:25:00,15.95,16.025,15.95,16.025,10594,0
2017-04-13,16:30:00,16,16.025,16,16,1891,0
2017-04-13,16:35:00,16.025,16.05,16,16.05,500,0
2017-04-13,16:45:00,16,16,16,16,1800,0
2017-04-13,16:50:00,16,16.05,16,16.025,500,0
2017-04-13,17:00:00,16,16.0252,16,16,2000,0
2017-04-13,17:10:00,16.05,16.05,16,16,400,0
2017-04-13,17:15:00,16,16.025,16,16,800,0
2017-04-13,17:20:00,16.025,16.025,15.95,15.95,4120,0
2017-04-13,17:25:00,15.95,16,15.95,15.975,1500,0
2017-04-13,17:35:00,15.95,15.95,15.95,15.95,100,0
2017-04-13,17:40:00,16,16,15.925,15.95,6188,0
2017-04-13,17:45:00,15.975,15.975,15.9,15.9,700,0
2017-04-13,17:50:00,15.9,15.9,15.9,15.9,100,0
2017-04-13,17:55:00,15.9,16,15.9,16,3380,0
2017-04-13,18:00:00,15.975,15.975,15.95,15.95,200,0
2017-04-13,18:05:00,15.95,15.95,15.9,15.9,1500,0
2017-04-13,18:10:00,15.9,15.9,15.85,15.85,8612,0
2017-04-13,18:15:00,15.875,15.95,15.875,15.925,2300,0
2017-04-13,18:25:00,15.9,15.9,15.875,15.9,5721,0
2017-04-13,18:30:00,15.9,15.9,15.9,15.9,100,0
2017-04-13,18:35:00,15.925,15.925,15.925,15.925,200,0
2017-04-13,18:45:00,15.9,15.95,15.875,15.95,4230,0
2017-04-13,18:50:00,15.925,15.925,15.925,15.925,100,0
2017-04-13,18:55:00,15.95,15.95,15.9,15.9,400,0
2017-04-13,19:00:00,15.9,15.95,15.875,15.95,7790,0
2017-04-13,19:05:00,15.9,15.9,15.875,15.9,2400,0
2017-04-13,19:10:00,15.9,15.95,15.9,15.95,6147,0
2017-04-13,19:15:00,15.925,15.925,15.925,15.925,100,0
2017-04-13,19:20:00,15.925,15.925,15.925,15.925,100,0
2017-04-13,19:25:00,15.95,15.975,15.95,15.975,2000,0
2017-04-13,19:30:00,15.975,15.975,15.975,15.975,100,0
2017-04-13,19:35:00,16,16,15.975,16,4449,0
2017-04-13,19:40:00,16,16,15.975,15.975,200,0
2017-04-13,19:45:00,15.95,15.95,15.95,15.95,8656,0
2017-04-13,19:50:00,15.925,15.95,15.9,15.925,7654,0
2017-04-13,20:00:00,15.9,15.9,15.9,15.9,100,0
2017-04-13,20:05:00,15.925,15.925,15.925,15.925,100,0
2017-04-13,20:15:00,15.95,15.975,15.95,15.95,3467,0
2017-04-13,20:20:00,15.95,15.975,15.95,15.95,500,0
2017-04-13,20:25:00,16,16,15.95,15.95,400,0
2017-04-13,20:30:00,15.975,16,15.95,16,700,0
2017-04-13,20:35:00,15.975,15.975,15.95,15.95,500,0
2017-04-13,20:40:00,15.975,15.975,15.95,15.975,400,0
2017-04-13,20:45:00,15.95,15.95,15.925,15.925,1140,0
2017-04-13,20:50:00,15.9,15.9,15.9,15.9,100,0
2017-04-13,20:55:00,15.9,15.9,15.9,15.9,216,0
2017-04-13,21:00:00,15.9,15.9,15.9,15.9,100,0
2017-04-13,21:05:00,15.9,15.9,15.9,15.9,100,0
2017-04-13,21:10:00,15.9,15.9,15.875,15.9,6882,0
2017-04-13,21:15:00,15.9,15.9,15.85,15.85,1500,0
2017-04-13,21:20:00,15.85,15.85,15.825,15.85,2200,0
2017-04-13,21:25:00,15.85,15.875,15.825,15.85,2000,0
2017-04-13,21:30:00,15.85,15.9,15.825,15.85,2386,0
2017-04-13,21:35:00,15.825,15.9,15.825,15.875,4152,0
2017-04-13,21:40:00,15.85,15.9,15.85,15.9,1400,0
2017-04-13,21:45:00,15.85,15.9,15.85,15.85,1200,0
2017-04-13,21:50:00,15.85,15.9,15.85,15.85,3000,0
2017-04-13,21:55:00,15.85,15.875,15.8,15.875,10830,0
2017-04-13,22:00:00,15.85,15.9,15.85,15.85,25352,0
2017-04-17,15:35:00,15.95,15.95,15.95,15.95,517,0
2017-04-17,15:55:00,15.9,15.9,15.85,15.85,1115,0
2017-04-17,16:05:00,15.85,15.9,15.85,15.9,3300,0
2017-04-17,16:10:00,15.875,15.875,15.85,15.85,900,0
2017-04-17,16:15:00,15.85,15.85,15.8,15.8,745,0
2017-04-17,16:20:00,15.9,15.9,15.8,15.85,300,0
2017-04-17,16:25:00,15.8,15.85,15.75,15.85,3389,0
2017-04-17,16:30:00,15.85,15.9,15.8,15.8,500,0
2017-04-17,16:40:00,15.85,15.85,15.825,15.85,700,0
2017-04-17,16:45:00,15.825,15.825,15.8,15.825,900,0
2017-04-17,16:55:00,15.825,15.825,15.8,15.8,400,0
2017-04-17,17:05:00,15.825,15.825,15.8,15.825,525,0
2017-04-17,17:10:00,15.85,15.9,15.85,15.9,1370,0
2017-04-17,17:15:00,15.9,15.95,15.9,15.925,1900,0
2017-04-17,17:20:00,15.9,15.9,15.9,15.9,1800,0
2017-04-17,17:25:00,15.875,15.875,15.875,15.875,100,0
2017-04-17,17:30:00,15.9,15.9,15.9,15.9,100,0
2017-04-17,17:35:00,15.875,15.875,15.85,15.85,400,0
2017-04-17,17:40:00,15.875,15.95,15.875,15.95,7975,0
2017-04-17,17:45:00,15.95,15.95,15.9,15.9,2173,0
2017-04-17,17:55:00,15.85,15.85,15.85,15.85,300,0
2017-04-17,18:00:00,15.85,15.85,15.85,15.85,100,0
2017-04-17,18:05:00,15.85,15.85,15.85,15.85,400,0
2017-04-17,18:10:00,15.85,15.85,15.85,15.85,100,0
2017-04-17,18:15:00,15.875,15.875,15.875,15.875,500,0
2017-04-17,18:20:00,15.85,15.85,15.85,15.85,300,0
2017-04-17,18:25:00,15.875,15.875,15.85,15.85,500,0
2017-04-17,18:30:00,15.85,15.85,15.85,15.85,100,0
2017-04-17,18:35:00,15.85,15.85,15.85,15.85,400,0
2017-04-17,18:40:00,15.85,15.9,15.85,15.85,1000,0
2017-04-17,18:45:00,15.875,15.875,15.85,15.85,700,0
2017-04-17,18:50:00,15.875,15.875,15.85,15.85,900,0
2017-04-17,18:55:00,15.85,15.875,15.85,15.85,700,0
2017-04-17,19:00:00,15.9,15.9,15.85,15.85,300,0
2017-04-17,19:05:00,15.9,15.9,15.85,15.875,599,0
2017-04-17,19:10:00,15.9,15.9,15.9,15.9,100,0
2017-04-17,19:20:00,15.85,15.85,15.85,15.85,500,0
2017-04-17,19:25:00,15.85,15.875,15.85,15.85,700,0
2017-04-17,19:30:00,15.85,15.85,15.85,15.85,200,0
2017-04-17,19:35:00,15.85,15.85,15.85,15.85,100,0
2017-04-17,19:40:00,15.85,15.855,15.85,15.855,389,0
2017-04-17,19:45:00,15.85,15.875,15.85,15.875,400,0
2017-04-17,19:50:00,15.85,15.85,15.85,15.85,200,0
2017-04-17,19:55:00,15.85,15.85,15.85,15.85,200,0
2017-04-17,20:00:00,15.85,15.875,15.8,15.825,36807,0
2017-04-17,20:05:00,15.8088,15.8088,15.8088,15.8088,2831,0
2017-04-17,20:10:00,15.8,15.85,15.8,15.8,500,0
2017-04-17,20:15:00,15.8,15.8023,15.75,15.75,6510,0
2017-04-17,20:20:00,15.825,15.825,15.8,15.8,4580,0
2017-04-17,20:25:00,15.8,15.8,15.775,15.8,3290,0
2017-04-17,20:30:00,15.8,15.85,15.8,15.805,700,0
2017-04-17,20:35:00,15.8,15.8,15.8,15.8,1000,0
2017-04-17,20:40:00,15.825,15.825,15.825,15.825,100,0
2017-04-17,20:45:00,15.8,15.8,15.8,15.8,200,0
2017-04-17,20:50:00,15.8,15.85,15.8,15.85,1993,0
2017-04-17,20:55:00,15.85,15.85,15.85,15.85,400,0
2017-04-17,21:00:00,15.825,15.825,15.8,15.8,300,0
2017-04-17,21:05:00,15.8,15.8,15.8,15.8,100,0
2017-04-17,21:10:00,15.8,15.8,15.8,15.8,100,0
2017-04-17,21:15:00,15.825,15.825,15.8,15.825,469,0
2017-04-17,21:20:00,15.85,15.95,15.8125,15.95,9005,0
2017-04-17,21:25:00,15.95,15.95,15.9,15.925,4010,0
2017-04-17,21:30:00,15.925,16,15.925,16,2100,0
2017-04-17,21:35:00,15.975,15.975,15.95,15.955,800,0
2017-04-17,21:40:00,15.975,15.975,15.95,15.95,400,0
2017-04-17,21:45:00,16,16,15.95,16,912,0
2017-04-17,21:50:00,15.975,16.05,15.95,16.025,5690,0
2017-04-17,21:55:00,16.05,16.075,16,16.025,12890,0
2017-04-17,22:00:00,16.025,16.05,16,16.05,21633,0
2017-04-18,15:35:00,15.95,16.15,15.95,16,700,0
2017-04-18,15:50:00,16,16,16,16,2266,0
2017-04-18,15:55:00,15.9999,15.9999,15.9999,15.9999,100,0
2017-04-18,16:00:00,16,16,16,16,1582,0
2017-04-18,16:05:00,16,16.05,16,16.05,2300,0
2017-04-18,16:10:00,16.0001,16.0001,16.0001,16.0001,300,0
2017-04-18,16:15:00,16,16.0001,15.95,15.95,2500,0
2017-04-18,16:20:00,15.958,16,15.9,15.9,3108,0
2017-04-18,16:25:00,15.9,15.9,15.9,15.9,1116,0
2017-04-18,16:35:00,15.9,15.925,15.9,15.925,600,0
2017-04-18,16:40:00,15.9001,16,15.9,16,2171,0
2017-04-18,16:45:00,15.95,15.95,15.9,15.925,4662,0
2017-04-18,16:50:00,15.9001,15.9001,15.9001,15.9001,300,0
2017-04-18,16:55:00,15.9,15.925,15.85,15.875,2300,0
2017-04-18,17:00:00,15.85,15.9,15.85,15.875,2300,0
2017-04-18,17:05:00,15.875,15.9,15.85,15.85,900,0
2017-04-18,17:10:00,15.85,15.9,15.8,15.825,4600,0
2017-04-18,17:15:00,15.85,15.85,15.825,15.85,2400,0
2017-04-18,17:20:00,15.85,15.85,15.85,15.85,100,0
2017-04-18,17:25:00,15.85,15.85,15.8,15.8,3509,0
2017-04-18,17:30:00,15.825,15.9,15.8,15.875,3100,0
2017-04-18,17:40:00,15.9,15.9,15.8,15.8,1800,0
2017-04-18,17:45:00,15.8,15.8414,15.75,15.775,6000,0
2017-04-18,17:50:00,15.775,15.8,15.75,15.75,7700,0
2017-04-18,17:55:00,15.775,15.775,15.775,15.775,100,0
2017-04-18,18:00:00,15.8,15.8,15.75,15.775,1100,0
2017-04-18,18:05:00,15.75,15.775,15.7,15.725,6554,0
2017-04-18,18:10:00,15.725,15.75,15.725,15.75,1860,0
2017-04-18,18:15:00,15.775,15.775,15.775,15.775,100,0
2017-04-18,18:25:00,15.7501,15.825,15.7501,15.825,2826,0
2017-04-18,18:30:00,15.825,15.825,15.825,15.825,200,0
2017-04-18,18:35:00,15.825,15.85,15.8,15.8,483,0
2017-04-18,18:40:00,15.825,15.85,15.8,15.8,1900,0
2017-04-18,18:45:00,15.825,15.825,15.825,15.825,100,0
2017-04-18,18:50:00,15.825,15.825,15.8001,15.8001,400,0
2017-04-18,18:55:00,15.825,15.825,15.825,15.825,200,0
2017-04-18,19:00:00,15.8001,15.825,15.8001,15.825,500,0
2017-04-18,19:05:00,15.825,15.825,15.8,15.8,500,0
2017-04-18,19:10:00,15.85,15.85,15.825,15.825,300,0
2017-04-18,19:15:00,15.8001,15.875,15.8001,15.875,3043,0
2017-04-18,19:20:00,15.9,15.9,15.875,15.9,1903,0
2017-04-18,19:30:00,15.85,15.9,15.85,15.9,200,0
2017-04-18,19:35:00,15.9,15.9,15.875,15.9,600,0
2017-04-18,19:40:00,15.925,15.925,15.925,15.925,300,0
2017-04-18,19:45:00,15.9,15.95,15.9,15.95,202,0
2017-04-18,19:50:00,15.95,15.95,15.9001,15.925,500,0
2017-04-18,19:55:00,15.925,15.925,15.925,15.925,212,0
2017-04-18,20:00:00,15.9001,15.9001,15.9001,15.9001,300,0
2017-04-18,20:05:00,15.9001,15.992,15.9001,15.951,8877,0
2017-04-18,20:10:00,15.975,16,15.9501,15.975,7914,0
2017-04-18,20:15:00,15.975,16,15.975,15.975,500,0
2017-04-18,20:20:00,15.975,15.975,15.9501,15.9501,500,0
2017-04-18,20:25:00,16,16,15.975,15.975,300,0
2017-04-18,20:30:00,15.975,15.975,15.9501,15.975,500,0
2017-04-18,20:35:00,16,16,15.9501,15.975,700,0
2017-04-18,20:40:00,15.975,16,15.9501,15.9501,600,0
2017-04-18,20:45:00,15.975,15.975,15.95,15.95,5024,0
2017-04-18,20:50:00,15.925,15.925,15.9,15.925,5548,0
2017-04-18,20:55:00,15.9,15.95,15.9,15.95,1101,0
2017-04-18,21:00:00,15.9,15.925,15.9,15.9,5027,0
2017-04-18,21:05:00,15.925,15.925,15.85,15.875,3089,0
2017-04-18,21:10:00,15.875,15.9,15.875,15.9,2300,0
2017-04-18,21:15:00,15.925,15.925,15.925,15.925,200,0
2017-04-18,21:20:00,15.9001,15.9001,15.9001,15.9001,300,0
2017-04-18,21:25:00,15.95,15.95,15.9001,15.9001,700,0
2017-04-18,21:30:00,15.9,15.95,15.9,15.95,900,0
2017-04-18,21:35:00,15.9001,15.95,15.9,15.9,1900,0
2017-04-18,21:40:00,15.9001,16,15.9,16,7566,0
2017-04-18,21:45:00,16,16,15.9501,16,1500,0
2017-04-18,21:50:00,15.975,16,15.95,16,2937,0
2017-04-18,21:55:00,16,16.05,15.975,16,7416,0
2017-04-18,22:00:00,15.975,16,15.95,15.95,22052,0
2017-04-19,15:35:00,16.05,16.175,16.05,16.1,1918,0
2017-04-19,15:40:00,16.15,16.15,16.15,16.15,700,0
2017-04-19,15:45:00,16.1,16.1,16.05,16.05,1800,0
2017-04-19,15:50:00,16.05,16.2,16.05,16.2,1436,0
2017-04-19,15:55:00,16.15,16.15,16.15,16.15,200,0
2017-04-19,16:05:00,16.175,16.175,16.175,16.175,100,0
2017-04-19,16:10:00,16.2,16.2,16.2,16.2,100,0
2017-04-19,16:15:00,16.15,16.15,16.15,16.15,1300,0
2017-04-19,16:20:00,16.125,16.15,16.125,16.15,300,0
2017-04-19,16:25:00,16.15,16.2,16.15,16.15,4711,0
2017-04-19,16:30:00,16.15,16.2,16.15,16.2,800,0
2017-04-19,16:35:00,16.2,16.2,16.2,16.2,1200,0
2017-04-19,16:40:00,16.2,16.2,16.1999,16.1999,1161,0
2017-04-19,16:45:00,16.2,16.2,16.2,16.2,400,0
2017-04-19,16:50:00,16.2,16.2,16.1,16.1,1500,0
2017-04-19,16:55:00,16.125,16.15,16.1,16.15,1300,0
2017-04-19,17:00:00,16.15,16.2,16.15,16.15,2370,0
2017-04-19,17:05:00,16.15,16.2,16.15,16.15,1150,0
2017-04-19,17:10:00,16.15,16.175,16.15,16.15,681,0
2017-04-19,17:15:00,16.1,16.1,16.1,16.1,200,0
2017-04-19,17:25:00,16.15,16.15,16.125,16.125,800,0
2017-04-19,17:30:00,16.15,16.2,16.15,16.175,1400,0
2017-04-19,17:35:00,16.2,16.225,16.15,16.225,2000,0
2017-04-19,17:40:00,16.15,16.25,16.15,16.225,4391,0
2017-04-19,17:45:00,16.25,16.25,16.25,16.25,100,0
2017-04-19,17:50:00,16.225,16.225,16.225,16.225,100,0
2017-04-19,17:55:00,16.225,16.2375,16.2,16.2375,2100,0
2017-04-19,18:00:00,16.25,16.25,16.25,16.25,100,0
2017-04-19,18:05:00,16.225,16.2375,16.2,16.2375,900,0
2017-04-19,18:15:00,16.2,16.2375,16.15,16.175,1600,0
2017-04-19,18:20:00,16.2,16.2,16.175,16.175,200,0
2017-04-19,18:25:00,16.175,16.175,16.175,16.175,200,0
2017-04-19,18:35:00,16.2,16.2,16.15,16.15,500,0
2017-04-19,18:40:00,16.175,16.175,16.125,16.125,2137,0
2017-04-19,18:45:00,16.125,16.125,16.1,16.1,400,0
2017-04-19,18:50:00,16.1,16.1,16.1,16.1,200,0
2017-04-19,18:55:00,16.125,16.125,16.125,16.125,300,0
2017-04-19,19:00:00,16.1,16.125,16.1,16.1,400,0
2017-04-19,19:10:00,16.1,16.1,16.075,16.075,510,0
2017-04-19,19:15:00,16.075,16.075,16.05,16.05,300,0
2017-04-19,19:20:00,16.075,16.1,16.05,16.05,11500,0
2017-04-19,19:25:00,16.075,16.075,16.075,16.075,400,0
2017-04-19,19:30:00,16.075,16.075,16.075,16.075,100,0
2017-04-19,19:35:00,16.05,16.075,16.05,16.075,2300,0
2017-04-19,19:40:00,16.075,16.075,16.05,16.075,1200,0
2017-04-19,19:45:00,16.05,16.05,16.05,16.05,501,0
2017-04-19,19:50:00,16.075,16.1,16.05,16.1,600,0
2017-04-19,19:55:00,16.075,16.075,16.05,16.075,1600,0
2017-04-19,20:00:00,16.05,16.1,16.05,16.075,600,0
2017-04-19,20:10:00,16.05,16.075,16.05,16.05,596,0
2017-04-19,20:15:00,16.05,16.075,16.05,16.075,400,0
2017-04-19,20:20:00,16.05,16.075,16.05,16.075,500,0
2017-04-19,20:25:00,16.075,16.075,16.075,16.075,200,0
2017-04-19,20:30:00,16.05,16.075,16.05,16.075,300,0
2017-04-19,20:35:00,16.075,16.075,16.075,16.075,100,0
2017-04-19,20:40:00,16.075,16.075,16.05,16.05,400,0
2017-04-19,20:45:00,16.075,16.1,16.075,16.075,600,0
2017-04-19,20:50:00,16.075,16.075,16.05,16.05,400,0
2017-04-19,20:55:00,16.075,16.1,16.05,16.1,400,0
2017-04-19,21:00:00,16.05,16.075,16.05,16.075,900,0
2017-04-19,21:05:00,16.05,16.05,16,16.025,2355,0
2017-04-19,21:10:00,16.05,16.05,16.05,16.05,100,0
2017-04-19,21:15:00,16.05,16.1,16,16.1,5235,0
2017-04-19,21:20:00,16.1,16.15,16.1,16.1,3881,0
2017-04-19,21:25:00,16.1,16.1,16.075,16.1,4601,0
2017-04-19,21:30:00,16.1,16.1,16.1,16.1,1900,0
2017-04-19,21:35:00,16.075,16.1,16.05,16.075,2100,0
2017-04-19,21:40:00,16.1,16.1,16.075,16.1,1000,0
2017-04-19,21:45:00,16.1,16.1,16.075,16.075,2000,0
2017-04-19,21:50:00,16.1,16.1,16.075,16.1,800,0
2017-04-19,21:55:00,16.075,16.1,16.075,16.075,2500,0
2017-04-19,22:00:00,16.1,16.1,16.05,16.05,23385,0
2017-04-20,15:35:00,16.2,16.2,15.85,15.85,912,0
2017-04-20,15:40:00,16.175,16.175,16.05,16.05,2100,0
2017-04-20,15:45:00,16.05,16.05,16.05,16.05,100,0
2017-04-20,15:50:00,16.05,16.075,15.95,15.95,914,0
2017-04-20,15:55:00,16,16.05,16,16.05,600,0
2017-04-20,16:00:00,16,16,16,16,100,0
2017-04-20,16:05:00,16,16.05,16,16.05,200,0
2017-04-20,16:10:00,16,16.05,16,16,3046,0
2017-04-20,16:15:00,16.025,16.025,16,16.025,1550,0
2017-04-20,16:20:00,16.05,16.05,16.025,16.025,700,0
2017-04-20,16:25:00,16.025,16.05,16.025,16.05,800,0
2017-04-20,16:30:00,16.15,16.15,16.125,16.15,500,0
2017-04-20,16:35:00,16.15,16.15,16.1,16.15,467,0
2017-04-20,16:40:00,16.15,16.15,16.125,16.15,500,0
2017-04-20,16:45:00,16.15,16.15,16.15,16.15,100,0
2017-04-20,16:50:00,16.125,16.15,16.125,16.15,300,0
2017-04-20,16:55:00,16.15,16.175,16.15,16.175,1000,0
2017-04-20,17:05:00,16.2,16.2,16.1,16.1,2146,0
2017-04-20,17:10:00,16.15,16.15,16.1,16.1,500,0
2017-04-20,17:15:00,16.15,16.15,16.125,16.125,200,0
2017-04-20,17:20:00,16.125,16.15,16.125,16.15,6100,0
2017-04-20,17:25:00,16.125,16.15,16.1,16.15,700,0
2017-04-20,17:30:00,16.125,16.2,16.125,16.2,3000,0
2017-04-20,17:40:00,16.175,16.2,16.175,16.2,300,0
2017-04-20,17:45:00,16.15,16.2,16.15,16.15,989,0
2017-04-20,17:55:00,16.2,16.2,16.175,16.2,438,0
2017-04-20,18:00:00,16.2,16.2,16.15,16.15,200,0
2017-04-20,18:05:00,16.15,16.175,16.15,16.175,937,0
2017-04-20,18:10:00,16.2,16.2,16.15,16.15,1199,0
2017-04-20,18:15:00,16.15,16.15,16.15,16.15,100,0
2017-04-20,18:20:00,16.15,16.2,16.15,16.2,200,0
2017-04-20,18:25:00,16.15,16.2,16.15,16.2,500,0
2017-04-20,18:30:00,16.2,16.2,16.1,16.1,2579,0
2017-04-20,18:35:00,16.1,16.15,16.1,16.15,517,0
2017-04-20,18:40:00,16.125,16.15,16.1,16.125,4400,0
2017-04-20,18:50:00,16.15,16.15,16.15,16.15,100,0
2017-04-20,18:55:00,16.15,16.15,16.15,16.15,200,0
2017-04-20,19:00:00,16.15,16.15,16.15,16.15,100,0
2017-04-20,19:05:00,16.1,16.15,16.1,16.15,600,0
2017-04-20,19:10:00,16.15,16.15,16.15,16.15,200,0
2017-04-20,19:20:00,16.15,16.15,16.1,16.15,600,0
2017-04-20,19:25:00,16.1,16.15,16.1,16.125,800,0
2017-04-20,19:30:00,16.125,16.15,16.125,16.15,900,0
2017-04-20,19:35:00,16.125,16.15,16.05,16.15,25270,0
2017-04-20,19:40:00,16.15,16.175,16.15,16.175,3000,0
2017-04-20,19:45:00,16.2,16.2,16.125,16.15,4712,0
2017-04-20,19:50:00,16.15,16.15,16.15,16.15,2540,0
2017-04-20,19:55:00,16.15,16.15,16.125,16.125,2621,0
2017-04-20,20:00:00,16.15,16.15,16.15,16.15,2969,0
2017-04-20,20:10:00,16.2,16.2,16.2,16.2,200,0
2017-04-20,20:15:00,16.2,16.2,16.2,16.2,200,0
2017-04-20,20:20:00,16.2,16.2,16.2,16.2,100,0
2017-04-20,20:25:00,16.175,16.2,16.1,16.15,10250,0
2017-04-20,20:30:00,16.2,16.25,16.2,16.25,1500,0
2017-04-20,20:35:00,16.25,16.3,16.25,16.3,1700,0
2017-04-20,20:40:00,16.3,16.35,16.2,16.25,10733,0
2017-04-20,20:45:00,16.25,16.25,16.25,16.25,200,0
2017-04-20,20:50:00,16.225,16.25,16.225,16.25,300,0
2017-04-20,20:55:00,16.225,16.25,16.2,16.25,2600,0
2017-04-20,21:00:00,16.25,16.3,16.25,16.3,900,0
2017-04-20,21:05:00,16.275,16.3,16.25,16.25,4959,0
2017-04-20,21:10:00,16.2375,16.25,16.2375,16.25,200,0
2017-04-20,21:15:00,16.225,16.35,16.225,16.35,4688,0
2017-04-20,21:20:00,16.325,16.35,16.325,16.35,900,0
2017-04-20,21:25:00,16.35,16.4,16.3,16.3,16661,0
2017-04-20,21:30:00,16.3,16.35,16.3,16.35,2500,0
2017-04-20,21:35:00,16.35,16.35,16.325,16.35,1800,0
2017-04-20,21:40:00,16.35,16.35,16.35,16.35,700,0
2017-04-20,21:45:00,16.35,16.35,16.3,16.35,11139,0
2017-04-20,21:50:00,16.35,16.35,16.3,16.35,1500,0
2017-04-20,21:55:00,16.35,16.35,16.3,16.35,4800,0
2017-04-20,22:00:00,16.35,16.35,16.3,16.35,28247,0
2017-04-21,15:35:00,16.4,16.4,15.85,16.4,22793,0
2017-04-21,15:40:00,16.35,16.35,16.35,16.35,100,0
2017-04-21,15:45:00,16.3,16.4,16.3,16.4,1270,0
2017-04-21,15:50:00,16.35,16.4,16.35,16.35,300,0
2017-04-21,15:55:00,16.3499,16.35,16.3499,16.35,340,0
2017-04-21,16:05:00,16.4,16.45,16.4,16.45,2200,0
2017-04-21,16:10:00,16.4,16.45,16.4,16.45,200,0
2017-04-21,16:15:00,16.4,16.4,16.4,16.4,500,0
2017-04-21,16:20:00,16.5,16.6,16.5,16.6,2800,0
2017-04-21,16:25:00,16.6,16.65,16.6,16.65,3700,0
2017-04-21,16:30:00,16.625,16.65,16.575,16.575,1300,0
2017-04-21,16:35:00,16.55,16.55,16.55,16.55,1900,0
2017-04-21,16:45:00,16.5,16.5,16.4,16.5,20850,0
2017-04-21,16:50:00,16.475,16.475,16.35,16.35,1300,0
2017-04-21,16:55:00,16.4,16.4,16.35,16.35,1000,0
2017-04-21,17:00:00,16.35,16.35,16.35,16.35,300,0
2017-04-21,17:05:00,16.35,16.35,16.3,16.35,300,0
2017-04-21,17:10:00,16.325,16.35,16.325,16.35,2444,0
2017-04-21,17:15:00,16.35,16.35,16.3,16.3,400,0
2017-04-21,17:20:00,16.3001,16.35,16.3001,16.35,535,0
2017-04-21,17:25:00,16.4,16.4,16.4,16.4,100,0
2017-04-21,17:30:00,16.4,16.4,16.4,16.4,200,0
2017-04-21,17:35:00,16.4,16.45,16.4,16.4,1600,0
2017-04-21,17:40:00,16.4,16.425,16.4,16.4,900,0
2017-04-21,17:45:00,16.425,16.425,16.3,16.3,2713,0
2017-04-21,17:50:00,16.3,16.3,16.3,16.3,1000,0
2017-04-21,17:55:00,16.3,16.35,16.3,16.35,1800,0
2017-04-21,18:00:00,16.4,16.4,16.4,16.4,100,0
2017-04-21,18:05:00,16.4,16.4,16.35,16.35,400,0
2017-04-21,18:10:00,16.35,16.4,16.35,16.4,300,0
2017-04-21,18:15:00,16.35,16.35,16.3,16.3,991,0
2017-04-21,18:20:00,16.3,16.3,16.3,16.3,500,0
2017-04-21,18:25:00,16.3,16.3,16.3,16.3,100,0
2017-04-21,18:30:00,16.3,16.35,16.3,16.3,600,0
2017-04-21,18:35:00,16.3,16.325,16.3,16.3,700,0
2017-04-21,18:40:00,16.325,16.325,16.3,16.3,600,0
2017-04-21,18:45:00,16.35,16.35,16.3,16.325,600,0
2017-04-21,18:50:00,16.3,16.35,16.25,16.35,2063,0
2017-04-21,18:55:00,16.3,16.3,16.3,16.3,100,0
2017-04-21,19:00:00,16.35,16.35,16.35,16.35,100,0
2017-04-21,19:05:00,16.35,16.35,16.3,16.325,1100,0
2017-04-21,19:10:00,16.35,16.35,16.3,16.325,400,0
2017-04-21,19:15:00,16.3,16.35,16.3,16.325,500,0
2017-04-21,19:20:00,16.325,16.325,16.325,16.325,300,0
2017-04-21,19:25:00,16.35,16.35,16.3,16.3,300,0
2017-04-21,19:30:00,16.3,16.35,16.3,16.325,800,0
2017-04-21,19:35:00,16.325,16.35,16.325,16.35,400,0
2017-04-21,19:40:00,16.3,16.3,16.3,16.3,300,0
2017-04-21,19:45:00,16.35,16.35,16.3,16.3,499,0
2017-04-21,19:50:00,16.35,16.35,16.3,16.3,500,0
2017-04-21,19:55:00,16.3,16.35,16.3,16.35,200,0
2017-04-21,20:00:00,16.325,16.35,16.325,16.35,900,0
2017-04-21,20:05:00,16.325,16.325,16.3,16.325,600,0
2017-04-21,20:10:00,16.35,16.35,16.3,16.3,500,0
2017-04-21,20:15:00,16.3,16.325,16.3,16.3008,700,0
2017-04-21,20:20:00,16.325,16.325,16.25,16.25,4074,0
2017-04-21,20:25:00,16.25,16.25,16.25,16.25,600,0
2017-04-21,20:30:00,16.25,16.3,16.25,16.3,1254,0
2017-04-21,20:35:00,16.325,16.35,16.325,16.325,600,0
2017-04-21,20:40:00,16.3338,16.3338,16.3,16.325,570,0
2017-04-21,20:45:00,16.325,16.35,16.3,16.3,400,0
2017-04-21,20:50:00,16.325,16.325,16.325,16.325,500,0
2017-04-21,20:55:00,16.325,16.325,16.3,16.3,300,0
2017-04-21,21:00:00,16.3,16.3,16.3,16.3,200,0
2017-04-21,21:05:00,16.3,16.35,16.3,16.3,600,0
2017-04-21,21:10:00,16.3,16.3,16.25,16.25,1400,0
2017-04-21,21:15:00,16.275,16.275,16.25,16.25,1200,0
2017-04-21,21:20:00,16.25,16.275,16.225,16.225,2438,0
2017-04-21,21:25:00,16.225,16.3,16.2,16.2,21341,0
2017-04-21,21:30:00,16.225,16.25,16.2,16.25,10677,0
2017-04-21,21:35:00,16.25,16.35,16.225,16.3,19018,0
2017-04-21,21:40:00,16.3,16.325,16.3,16.325,1570,0
2017-04-21,21:45:00,16.325,16.45,16.325,16.45,6749,0
2017-04-21,21:50:00,16.425,16.45,16.425,16.45,3381,0
2017-04-21,21:55:00,16.45,16.45,16.4,16.425,2786,0
2017-04-21,22:00:00,16.425,16.45,16.4,16.45,38012,0
2017-04-24,15:35:00,16.8,16.8,16.7,16.7,1878,0
2017-04-24,15:40:00,16.699,16.9,16.55,16.75,27826,0
2017-04-24,15:45:00,16.8,16.8499,16.75,16.8499,5823,0
2017-04-24,15:50:00,16.8,16.85,16.8,16.85,2300,0
2017-04-24,15:55:00,16.85,16.95,16.85,16.9,2600,0
2017-04-24,16:00:00,16.9,16.95,16.9,16.9,1456,0
2017-04-24,16:05:00,16.95,16.95,16.9,16.9,1728,0
2017-04-24,16:10:00,16.9,16.9,16.9,16.9,1500,0
2017-04-24,16:15:00,16.9,16.9,16.8,16.9,1800,0
2017-04-24,16:20:00,16.8,16.8,16.8,16.8,800,0
2017-04-24,16:25:00,16.75,16.8,16.75,16.8,1020,0
2017-04-24,16:30:00,16.75,16.75,16.7,16.75,900,0
2017-04-24,16:35:00,16.775,16.775,16.65,16.65,2400,0
2017-04-24,16:40:00,16.625,16.625,16.6,16.6,500,0
2017-04-24,16:45:00,16.6,16.7,16.6,16.675,1500,0
2017-04-24,16:50:00,16.7,16.7,16.7,16.7,100,0
2017-04-24,16:55:00,16.7,16.7,16.675,16.7,316,0
2017-04-24,17:00:00,16.7,16.7,16.65,16.7,1700,0
2017-04-24,17:05:00,16.65,16.65,16.65,16.65,100,0
2017-04-24,17:10:00,16.7,16.7,16.7,16.7,100,0
2017-04-24,17:15:00,16.7,16.7,16.7,16.7,100,0
2017-04-24,17:20:00,16.7,16.7,16.7,16.7,100,0
2017-04-24,17:25:00,16.7,16.75,16.7,16.75,2200,0
2017-04-24,17:30:00,16.75,16.8,16.75,16.775,2200,0
2017-04-24,17:35:00,16.75,16.75,16.65,16.7,2800,0
2017-04-24,17:40:00,16.675,16.675,16.675,16.675,200,0
2017-04-24,17:50:00,16.7,16.7,16.7,16.7,100,0
2017-04-24,17:55:00,16.7,16.75,16.7,16.75,2300,0
2017-04-24,18:00:00,16.75,16.75,16.725,16.725,300,0
2017-04-24,18:10:00,16.7,16.7,16.7,16.7,100,0
2017-04-24,18:15:00,16.75,16.75,16.75,16.75,100,0
2017-04-24,18:20:00,16.75,16.75,16.75,16.75,100,0
2017-04-24,18:25:00,16.75,16.75,16.75,16.75,600,0
2017-04-24,18:30:00,16.75,16.775,16.75,16.775,1200,0
2017-04-24,18:35:00,16.775,16.775,16.75,16.75,1262,0
2017-04-24,18:40:00,16.75,16.75,16.75,16.75,100,0
2017-04-24,18:45:00,16.75,16.8,16.75,16.8,1691,0
2017-04-24,18:50:00,16.8,16.85,16.8,16.85,800,0
2017-04-24,18:55:00,16.9,16.9,16.75,16.8,2770,0
2017-04-24,19:00:00,16.775,16.775,16.775,16.775,100,0
2017-04-24,19:05:00,16.775,16.8,16.775,16.8,1300,0
2017-04-24,19:10:00,16.8,16.8,16.8,16.8,200,0
2017-04-24,19:15:00,16.8,16.85,16.8,16.85,1082,0
2017-04-24,19:20:00,16.85,16.85,16.8,16.8,1800,0
2017-04-24,19:25:00,16.75,16.775,16.75,16.775,200,0
2017-04-24,19:30:00,16.75,16.75,16.75,16.75,600,0
2017-04-24,19:35:00,16.775,16.8,16.75,16.75,785,0
2017-04-24,19:40:00,16.8,16.85,16.8,16.85,4500,0
2017-04-24,19:45:00,16.85,16.85,16.85,16.85,100,0
2017-04-24,19:50:00,16.85,16.85,16.85,16.85,200,0
2017-04-24,19:55:00,16.85,16.9,16.85,16.85,2420,0
2017-04-24,20:00:00,16.85,16.85,16.85,16.85,100,0
2017-04-24,20:05:00,16.85,16.85,16.85,16.85,100,0
2017-04-24,20:10:00,16.85,16.85,16.825,16.825,900,0
2017-04-24,20:15:00,16.825,16.825,16.8,16.8,500,0
2017-04-24,20:20:00,16.825,16.825,16.775,16.775,1847,0
2017-04-24,20:25:00,16.75,16.775,16.75,16.775,300,0
2017-04-24,20:30:00,16.775,16.775,16.775,16.775,200,0
2017-04-24,20:35:00,16.775,16.775,16.7,16.725,2371,0
2017-04-24,20:40:00,16.7172,16.75,16.7,16.75,2600,0
2017-04-24,20:50:00,16.75,16.75,16.725,16.75,820,0
2017-04-24,20:55:00,16.75,16.75,16.7,16.75,1000,0
2017-04-24,21:00:00,16.725,16.775,16.7,16.725,5176,0
2017-04-24,21:05:00,16.75,16.75,16.725,16.75,400,0
2017-04-24,21:10:00,16.75,16.8,16.75,16.8,3300,0
2017-04-24,21:15:00,16.8,16.8,16.775,16.775,2100,0
2017-04-24,21:20:00,16.8,16.8,16.775,16.8,1700,0
2017-04-24,21:25:00,16.775,16.85,16.775,16.8,3800,0
2017-04-24,21:30:00,16.825,16.85,16.8,16.85,500,0
2017-04-24,21:35:00,16.85,16.85,16.8,16.85,700,0
2017-04-24,21:40:00,16.8,16.85,16.75,16.825,5400,0
2017-04-24,21:45:00,16.8,16.85,16.8,16.85,1400,0
2017-04-24,21:50:00,16.825,16.85,16.8,16.825,4900,0
2017-04-24,21:55:00,16.85,16.9,16.8,16.9,17423,0
2017-04-24,22:00:00,16.9,16.9,16.75,16.8,69132,0
2017-04-25,15:35:00,16.85,16.85,16.8,16.85,2574,0
2017-04-25,15:40:00,16.85,16.9,16.8,16.8,3500,0
2017-04-25,15:45:00,16.85,16.85,16.8,16.85,900,0
2017-04-25,15:50:00,16.85,16.9,16.825,16.9,1303,0
2017-04-25,15:55:00,16.85,16.85,16.75,16.75,5000,0
2017-04-25,16:00:00,16.8,16.8,16.8,16.8,1668,0
2017-04-25,16:05:00,16.8,16.9,16.8,16.875,2800,0
2017-04-25,16:10:00,16.85,16.85,16.85,16.85,100,0
2017-04-25,16:15:00,16.85,16.85,16.85,16.85,100,0
2017-04-25,16:20:00,16.85,16.85,16.8,16.8,2107,0
2017-04-25,16:25:00,16.8,16.8,16.75,16.75,600,0
2017-04-25,16:30:00,16.775,16.775,16.775,16.775,100,0
2017-04-25,16:35:00,16.75,16.75,16.75,16.75,400,0
2017-04-25,16:40:00,16.75,16.75,16.75,16.75,500,0
2017-04-25,16:45:00,16.75,16.75,16.7,16.7162,1140,0
2017-04-25,16:55:00,16.7,16.75,16.7,16.7,2200,0
2017-04-25,17:00:00,16.7,16.7,16.7,16.7,200,0
2017-04-25,17:05:00,16.75,16.75,16.7,16.7,465,0
2017-04-25,17:10:00,16.7,16.7,16.7,16.7,500,0
2017-04-25,17:15:00,16.7,16.7,16.65,16.7,2800,0
2017-04-25,17:20:00,16.7,16.7511,16.7,16.75,2551,0
2017-04-25,17:25:00,16.75,16.75,16.75,16.75,1000,0
2017-04-25,17:30:00,16.7,16.7,16.7,16.7,400,0
2017-04-25,17:35:00,16.7,16.7,16.65,16.65,1400,0
2017-04-25,17:40:00,16.7,16.75,16.675,16.725,2900,0
2017-04-25,17:50:00,16.75,16.75,16.7,16.7,3000,0
2017-04-25,17:55:00,16.7,16.701,16.7,16.7,500,0
2017-04-25,18:00:00,16.7,16.7,16.7,16.7,100,0
2017-04-25,18:05:00,16.7,16.725,16.7,16.725,400,0
2017-04-25,18:10:00,16.7,16.75,16.7,16.75,200,0
2017-04-25,18:15:00,16.7,16.7,16.7,16.7,800,0
2017-04-25,18:20:00,16.7,16.7,16.7,16.7,4924,0
2017-04-25,18:25:00,16.7,16.7,16.65,16.65,2601,0
2017-04-25,18:30:00,16.725,16.725,16.725,16.725,100,0
2017-04-25,18:35:00,16.7,16.7,16.7,16.7,600,0
2017-04-25,18:40:00,16.7,16.7,16.7,16.7,4105,0
2017-04-25,18:45:00,16.75,16.75,16.7,16.75,2500,0
2017-04-25,18:50:00,16.75,16.75,16.75,16.75,100,0
2017-04-25,19:00:00,16.75,16.75,16.7,16.7,200,0
2017-04-25,19:05:00,16.725,16.725,16.7,16.725,700,0
2017-04-25,19:10:00,16.75,16.8,16.75,16.775,4528,0
2017-04-25,19:15:00,16.751,16.751,16.751,16.751,100,0
2017-04-25,19:20:00,16.75,16.75,16.75,16.75,200,0
2017-04-25,19:25:00,16.775,16.775,16.75,16.75,3900,0
2017-04-25,19:30:00,16.75,16.75,16.75,16.75,800,0
2017-04-25,19:35:00,16.75,16.75,16.75,16.75,200,0
2017-04-25,19:40:00,16.75,16.7999,16.75,16.75,1781,0
2017-04-25,19:45:00,16.75,16.775,16.75,16.775,600,0
2017-04-25,19:50:00,16.751,16.8,16.751,16.8,800,0
2017-04-25,19:55:00,16.75,16.775,16.75,16.775,200,0
2017-04-25,20:00:00,16.75,16.75,16.75,16.75,100,0
2017-04-25,20:05:00,16.75,16.75,16.75,16.75,100,0
2017-04-25,20:10:00,16.75,16.775,16.75,16.775,798,0
2017-04-25,20:15:00,16.75,16.8,16.75,16.8,6320,0
2017-04-25,20:20:00,16.825,16.825,16.8,16.825,2622,0
2017-04-25,20:35:00,16.825,16.85,16.8,16.801,5000,0
2017-04-25,20:50:00,16.85,16.85,16.85,16.85,3140,0
2017-04-25,20:55:00,16.85,16.85,16.85,16.85,200,0
2017-04-25,21:00:00,16.825,16.825,16.825,16.825,100,0
2017-04-25,21:05:00,16.825,16.825,16.825,16.825,100,0
2017-04-25,21:10:00,16.825,16.85,16.825,16.825,1200,0
2017-04-25,21:15:00,16.825,16.825,16.75,16.75,5883,0
2017-04-25,21:20:00,16.75,16.75,16.7,16.7,3000,0
2017-04-25,21:25:00,16.725,16.725,16.65,16.65,5231,0
2017-04-25,21:30:00,16.675,16.675,16.65,16.65,800,0
2017-04-25,21:35:00,16.65,16.675,16.65,16.65,1400,0
2017-04-25,21:40:00,16.675,16.7,16.65,16.65,2900,0
2017-04-25,21:45:00,16.65,16.675,16.65,16.65,3789,0
2017-04-25,21:50:00,16.65,16.675,16.65,16.65,4300,0
2017-04-25,21:55:00,16.675,16.675,16.6,16.6,10540,0
2017-04-25,22:00:00,16.6,16.65,16.55,16.6,41587,0
2017-04-26,15:35:00,16.5,16.6,16.5,16.5501,5296,0
2017-04-26,15:40:00,16.6,16.6,16.6,16.6,2230,0
2017-04-26,15:45:00,16.6,16.65,16.6,16.6,3936,0
2017-04-26,15:50:00,16.625,16.65,16.625,16.65,4494,0
2017-04-26,16:00:00,16.7,16.7,16.65,16.65,1200,0
2017-04-26,16:05:00,16.65,16.65,16.625,16.65,4391,0
2017-04-26,16:10:00,16.65,16.65,16.6,16.6,2300,0
2017-04-26,16:20:00,16.601,16.65,16.601,16.65,5248,0
2017-04-26,16:25:00,16.601,16.65,16.601,16.65,1949,0
2017-04-26,16:30:00,16.65,16.675,16.65,16.675,1442,0
2017-04-26,16:35:00,16.675,16.675,16.675,16.675,300,0
2017-04-26,16:40:00,16.7,16.7,16.7,16.7,7300,0
2017-04-26,16:45:00,16.75,16.75,16.75,16.75,4420,0
2017-04-26,16:50:00,16.75,16.7625,16.75,16.75,1600,0
2017-04-26,16:55:00,16.725,16.75,16.725,16.75,2001,0
2017-04-26,17:00:00,16.75,16.7501,16.75,16.7501,4424,0
2017-04-26,17:05:00,16.7571,16.795,16.75,16.75,1150,0
2017-04-26,17:10:00,16.775,16.775,16.775,16.775,200,0
2017-04-26,17:15:00,16.7995,16.8,16.7995,16.8,837,0
2017-04-26,17:20:00,16.8,16.8,16.775,16.8,800,0
2017-04-26,17:25:00,16.8,16.85,16.8,16.85,4616,0
2017-04-26,17:30:00,16.85,16.9,16.85,16.9,4285,0
2017-04-26,17:35:00,16.8501,16.8501,16.801,16.85,2940,0
2017-04-26,17:45:00,16.9,16.9,16.75,16.8,3900,0
2017-04-26,17:50:00,16.8,16.8,16.7704,16.8,1400,0
2017-04-26,18:10:00,16.85,16.85,16.825,16.825,400,0
2017-04-26,18:15:00,16.8,16.85,16.8,16.85,2855,0
2017-04-26,18:20:00,16.875,16.9,16.875,16.9,200,0
2017-04-26,18:25:00,16.9,16.9,16.85,16.85,2292,0
2017-04-26,18:30:00,16.9,16.9,16.9,16.9,100,0
2017-04-26,18:35:00,16.875,16.9,16.875,16.9,7655,0
2017-04-26,18:40:00,16.9,16.95,16.9,16.95,200,0
2017-04-26,18:45:00,16.95,16.95,16.9,16.95,1800,0
2017-04-26,18:50:00,16.95,17,16.95,17,3159,0
2017-04-26,18:55:00,17,17,16.95,17,5650,0
2017-04-26,19:00:00,17,17,16.975,17,600,0
2017-04-26,19:05:00,17,17,16.95,16.975,5100,0
2017-04-26,19:10:00,17,17,16.975,17,1400,0
2017-04-26,19:15:00,17,17,17,17,500,0
2017-04-26,19:20:00,17,17,16.975,16.975,1200,0
2017-04-26,19:25:00,16.95,17,16.95,16.95,500,0
2017-04-26,19:30:00,16.975,17,16.95,17,1600,0
2017-04-26,19:35:00,16.95,16.95,16.9,16.9,2700,0
2017-04-26,19:40:00,16.95,16.95,16.95,16.95,2498,0
2017-04-26,19:50:00,17,17,16.9,16.9,1800,0
2017-04-26,19:55:00,16.925,16.95,16.9,16.95,3000,0
2017-04-26,20:00:00,16.9501,16.9501,16.9,16.9,1694,0
2017-04-26,20:05:00,16.925,16.925,16.925,16.925,100,0
2017-04-26,20:10:00,16.9,16.9,16.85,16.85,5932,0
2017-04-26,20:15:00,16.875,16.9,16.875,16.875,3200,0
2017-04-26,20:20:00,16.925,16.95,16.925,16.95,200,0
2017-04-26,20:25:00,16.925,16.95,16.9,16.95,6299,0
2017-04-26,20:30:00,16.95,17,16.9,16.95,10559,0
2017-04-26,20:35:00,16.95,16.999,16.95,16.95,456,0
2017-04-26,20:40:00,16.95,16.95,16.95,16.95,1100,0
2017-04-26,20:45:00,16.975,16.975,16.95,16.95,500,0
2017-04-26,20:55:00,16.95,16.95,16.95,16.95,800,0
2017-04-26,21:00:00,16.95,17,16.95,16.95,23058,0
2017-04-26,21:05:00,17,17,16.95,16.975,2700,0
2017-04-26,21:15:00,17,17,16.95,16.975,900,0
2017-04-26,21:20:00,16.975,17,16.975,17,200,0
2017-04-26,21:25:00,17,17,16.975,17,500,0
2017-04-26,21:30:00,17,17,16.95,16.975,700,0
2017-04-26,21:35:00,17,17,16.95,16.975,1600,0
2017-04-26,21:40:00,16.975,16.975,16.95,16.975,883,0
2017-04-26,21:45:00,16.975,16.975,16.95,16.95,1453,0
2017-04-26,21:50:00,16.95,16.975,16.9,16.95,4774,0
2017-04-26,21:55:00,16.9,16.9,16.85,16.85,10052,0
2017-04-26,22:00:00,16.875,16.9,16.85,16.85,38460,0
