Date,Time,Open,High,Low,Close,Volume,OpenInt
2017-03-29,15:35:00,16.69,16.69,16.69,16.69,707,0
2017-03-29,15:40:00,16.87,16.87,16.55,16.55,500,0
2017-03-29,16:00:00,16.8663,16.8663,16.8663,16.8663,300,0
2017-03-29,16:05:00,16.89,16.89,16.89,16.89,100,0
2017-03-29,16:25:00,17.01,17.01,17.01,17.01,100,0
2017-03-29,16:30:00,16.9856,16.9856,16.98,16.98,578,0
2017-03-29,16:55:00,17,17.04,17,17.04,1400,0
2017-03-29,17:00:00,17.05,17.05,16.98,16.98,1078,0
2017-03-29,17:30:00,16.97,16.97,16.97,16.97,100,0
2017-03-29,17:55:00,16.9999,17,16.9999,17,200,0
2017-03-29,18:00:00,17.03,17.03,17.01,17.01,300,0
2017-03-29,18:05:00,17.04,17.04,17.04,17.04,200,0
2017-03-29,18:20:00,17.02,17.02,17.02,17.02,100,0
2017-03-29,18:30:00,17,17,17,17,100,0
2017-03-29,19:05:00,17.05,17.05,17.05,17.05,100,0
2017-03-29,19:10:00,17.02,17.02,17,17,200,0
2017-03-29,19:15:00,17,17.11,17,17.11,200,0
2017-03-29,19:25:00,17.015,17.0736,17,17,1200,0
2017-03-29,19:35:00,17.04,17.04,17.04,17.04,100,0
2017-03-29,20:05:00,17,17,17,17,100,0
2017-03-29,20:15:00,17.02,17.04,17.01,17.01,400,0
2017-03-29,20:25:00,17.02,17.02,17.02,17.02,100,0
2017-03-29,20:45:00,17.065,17.065,17.065,17.065,166,0
2017-03-29,20:50:00,17.07,17.07,17.04,17.04,200,0
2017-03-29,20:55:00,17.07,17.1,17.06,17.06,600,0
2017-03-29,21:00:00,17.08,17.085,17.06,17.07,1100,0
2017-03-29,21:05:00,17.085,17.085,17.07,17.085,2100,0
2017-03-29,21:10:00,17.08,17.09,17.025,17.025,1200,0
2017-03-29,21:15:00,17.055,17.07,17.02,17.07,900,0
2017-03-29,21:20:00,17.07,17.07,17.04,17.07,1500,0
2017-03-29,21:25:00,17.04,17.04,17.04,17.04,200,0
2017-03-29,21:30:00,17.05,17.05,17.04,17.04,200,0
2017-03-29,21:35:00,17.05,17.05,17.005,17.005,300,0
2017-03-29,21:40:00,16.945,16.945,16.945,16.945,100,0
2017-03-29,21:55:00,16.95,16.95,16.95,16.95,100,0
2017-03-29,22:00:00,16.97,16.97,16.88,16.91,2430,0
2017-03-30,15:35:00,16.97,16.97,16.97,16.97,211,0
2017-03-30,15:45:00,16.91,16.91,16.91,16.91,100,0
2017-03-30,16:00:00,17.13,17.13,17.13,17.13,200,0
2017-03-30,16:05:00,17.08,17.08,17.08,17.08,200,0
2017-03-30,16:15:00,16.92,16.92,16.74,16.74,200,0
2017-03-30,16:20:00,16.72,16.84,16.72,16.84,200,0
2017-03-30,16:30:00,16.89,16.89,16.89,16.89,100,0
2017-03-30,16:35:00,17.03,17.03,17.03,17.03,100,0
2017-03-30,16:45:00,16.87,16.87,16.87,16.87,200,0
2017-03-30,16:55:00,16.83,16.83,16.83,16.83,100,0
2017-03-30,17:10:00,16.75,16.8,16.75,16.8,1200,0
2017-03-30,17:15:00,16.86,16.86,16.86,16.86,100,0
2017-03-30,17:25:00,16.98,16.98,16.98,16.98,100,0
2017-03-30,17:35:00,17.02,17.02,17.02,17.02,100,0
2017-03-30,17:40:00,16.8848,16.8848,16.8848,16.8848,238,0
2017-03-30,18:15:00,16.74,16.74,16.74,16.74,100,0
2017-03-30,18:35:00,16.828,16.828,16.828,16.828,425,0
2017-03-30,18:40:00,16.99,17.04,16.91,16.93,700,0
2017-03-30,18:55:00,17,17,17,17,100,0
2017-03-30,19:05:00,16.97,16.97,16.88,16.88,200,0
2017-03-30,19:45:00,16.93,16.95,16.93,16.95,200,0
2017-03-30,19:55:00,16.91,16.91,16.91,16.91,100,0
2017-03-30,20:00:00,16.915,16.915,16.915,16.915,100,0
2017-03-30,20:45:00,17.09,17.09,17.09,17.09,100,0
2017-03-30,20:50:00,17.04,17.04,17.04,17.04,100,0
2017-03-30,21:00:00,17.11,17.12,17.11,17.12,300,0
2017-03-30,21:10:00,17.0944,17.24,17.0944,17.23,700,0
2017-03-30,21:15:00,17.24,17.44,17.23,17.44,800,0
2017-03-30,21:20:00,17.29,17.29,17.29,17.29,100,0
2017-03-30,21:25:00,17.4,17.4,17.4,17.4,100,0
2017-03-30,21:30:00,17.39,17.41,17.25,17.25,975,0
2017-03-30,21:35:00,17.265,17.265,17.237,17.26,1430,0
2017-03-30,21:40:00,17.32,17.32,17.28,17.28,200,0
2017-03-30,21:45:00,17.29,17.29,17.29,17.29,100,0
2017-03-30,21:50:00,17.39,17.42,17.39,17.42,300,0
2017-03-30,21:55:00,17.38,17.57,17.38,17.57,700,0
2017-03-30,22:00:00,17.57,17.57,17.19,17.33,7443,0
2017-03-31,15:35:00,17.17,17.17,17.17,17.17,149,0
2017-03-31,16:05:00,17.35,17.35,17.35,17.35,200,0
2017-03-31,16:20:00,17.38,17.38,17.11,17.11,10255,0
2017-03-31,16:40:00,17.16,17.16,17.16,17.16,100,0
2017-03-31,16:50:00,17.04,17.175,17.03,17.175,10308,0
2017-03-31,16:55:00,17.04,17.04,17.03,17.03,588,0
2017-03-31,17:00:00,17.01,17.01,16.97,16.97,200,0
2017-03-31,17:10:00,16.9216,16.9216,16.9216,16.9216,300,0
2017-03-31,17:25:00,16.73,16.73,16.73,16.73,100,0
2017-03-31,17:45:00,16.94,16.94,16.94,16.94,100,0
2017-03-31,17:55:00,17.03,17.04,17.03,17.03,300,0
2017-03-31,18:00:00,16.86,16.86,16.86,16.86,100,0
2017-03-31,18:20:00,16.9,16.9,16.9,16.9,100,0
2017-03-31,18:35:00,16.93,16.93,16.89,16.89,200,0
2017-03-31,18:50:00,16.95,16.95,16.95,16.95,100,0
2017-03-31,19:30:00,16.935,16.935,16.935,16.935,100,0
2017-03-31,20:05:00,16.87,16.9375,16.87,16.9375,200,0
2017-03-31,20:10:00,16.96,16.96,16.96,16.96,100,0
2017-03-31,20:15:00,16.95,16.98,16.95,16.98,800,0
2017-03-31,20:55:00,16.99,16.99,16.99,16.99,300,0
2017-03-31,21:15:00,17.06,17.06,17.06,17.06,100,0
2017-03-31,21:35:00,17.07,17.07,17.07,17.07,200,0
2017-03-31,21:40:00,16.97,16.97,16.97,16.97,100,0
2017-03-31,21:55:00,17.13,17.13,17.0863,17.0863,299,0
2017-03-31,22:00:00,17.01,17.04,16.94,17.04,10188,0
2017-04-03,15:35:00,17.3,17.5799,17.3,17.5074,2446,0
2017-04-03,15:40:00,17.24,17.24,17.16,17.16,1260,0
2017-04-03,15:45:00,17.15,17.15,16.96,17.04,900,0
2017-04-03,15:50:00,17.02,17.035,16.95,16.95,1000,0
2017-04-03,15:55:00,17.02,17.02,16.95,16.95,5200,0
2017-04-03,16:00:00,17.025,17.025,16.96,17.005,300,0
2017-04-03,16:05:00,17.02,17.02,16.96,16.96,7200,0
2017-04-03,16:10:00,16.95,16.95,16.81,16.8947,4898,0
2017-04-03,16:15:00,16.9,16.9,16.9,16.9,700,0
2017-04-03,16:20:00,16.9,17.01,16.9,17.01,636,0
2017-04-03,16:25:00,16.9,16.9,16.83,16.855,1400,0
2017-04-03,16:30:00,16.8,16.8,16.72,16.72,500,0
2017-04-03,16:35:00,16.68,16.68,16.68,16.68,100,0
2017-04-03,16:40:00,16.7,16.7,16.7,16.7,100,0
2017-04-03,16:45:00,16.7,16.7,16.7,16.7,100,0
2017-04-03,17:00:00,16.72,16.75,16.72,16.75,1600,0
2017-04-03,17:05:00,16.69,16.8,16.69,16.8,300,0
2017-04-03,17:10:00,16.83,16.83,16.83,16.83,100,0
2017-04-03,17:15:00,16.84,16.84,16.84,16.84,100,0
2017-04-03,17:20:00,16.81,16.87,16.81,16.855,300,0
2017-04-03,17:25:00,16.84,16.94,16.84,16.94,500,0
2017-04-03,17:30:00,16.85,16.98,16.83,16.83,1500,0
2017-04-03,17:35:00,16.865,16.9,16.865,16.875,300,0
2017-04-03,17:40:00,16.82,16.91,16.82,16.905,6856,0
2017-04-03,17:45:00,16.87,16.87,16.85,16.85,400,0
2017-04-03,17:50:00,16.82,16.82,16.82,16.82,300,0
2017-04-03,17:55:00,16.74,16.74,16.74,16.74,300,0
2017-04-03,18:00:00,16.71,16.78,16.71,16.78,500,0
2017-04-03,18:05:00,16.76,16.76,16.76,16.76,200,0
2017-04-03,18:15:00,16.74,16.74,16.67,16.72,1600,0
2017-04-03,18:20:00,16.67,16.71,16.62,16.665,500,0
2017-04-03,18:25:00,16.71,16.83,16.71,16.83,400,0
2017-04-03,18:30:00,16.72,16.72,16.72,16.72,100,0
2017-04-03,18:35:00,16.72,16.75,16.72,16.75,300,0
2017-04-03,18:40:00,16.74,16.74,16.735,16.74,500,0
2017-04-03,18:45:00,16.74,16.74,16.74,16.74,500,0
2017-04-03,18:50:00,16.745,16.75,16.745,16.75,500,0
2017-04-03,18:55:00,16.75,16.9,16.74,16.77,700,0
2017-04-03,19:00:00,16.82,16.89,16.76,16.76,1100,0
2017-04-03,19:05:00,16.8,16.86,16.75,16.75,600,0
2017-04-03,19:10:00,16.75,16.76,16.72,16.75,600,0
2017-04-03,19:15:00,16.82,16.82,16.82,16.82,100,0
2017-04-03,19:20:00,16.75,16.75,16.75,16.75,400,0
2017-04-03,19:25:00,16.75,16.75,16.59,16.65,8000,0
2017-04-03,19:40:00,16.67,16.67,16.635,16.635,300,0
2017-04-03,19:45:00,16.69,16.69,16.69,16.69,100,0
2017-04-03,20:10:00,16.71,16.71,16.71,16.71,200,0
2017-04-03,20:15:00,16.7,16.7,16.7,16.7,400,0
2017-04-03,20:20:00,16.68,16.68,16.68,16.68,100,0
2017-04-03,20:25:00,16.73,16.73,16.73,16.73,200,0
2017-04-03,20:30:00,16.87,16.87,16.87,16.87,100,0
2017-04-03,20:35:00,16.775,16.775,16.66,16.72,6500,0
2017-04-03,20:40:00,16.72,16.88,16.62,16.62,3700,0
2017-04-03,20:45:00,16.705,16.705,16.7,16.7,500,0
2017-04-03,20:50:00,16.695,16.695,16.69,16.69,600,0
2017-04-03,20:55:00,16.77,16.77,16.725,16.725,600,0
2017-04-03,21:00:00,16.75,16.75,16.735,16.74,600,0
2017-04-03,21:05:00,16.8,16.84,16.69,16.73,700,0
2017-04-03,21:10:00,16.85,16.9,16.73,16.73,1000,0
2017-04-03,21:15:00,16.73,16.795,16.73,16.795,5668,0
2017-04-03,21:20:00,16.86,16.89,16.795,16.89,500,0
2017-04-03,21:30:00,16.9,16.9,16.9,16.9,195,0
2017-04-03,21:35:00,16.77,16.825,16.73,16.785,5100,0
2017-04-03,21:40:00,16.72,16.75,16.71,16.73,1068,0
2017-04-03,21:45:00,16.725,16.75,16.725,16.745,516,0
2017-04-03,21:50:00,16.79,16.79,16.79,16.79,100,0
2017-04-03,21:55:00,16.79,16.92,16.79,16.92,600,0
2017-04-03,22:00:00,16.92,16.92,16.79,16.83,3376,0
2017-04-04,15:45:00,16.91,17.055,16.91,17.055,5300,0
2017-04-04,15:50:00,17,17.01,16.96,16.96,400,0
2017-04-04,16:00:00,17.12,17.12,17.12,17.12,100,0
2017-04-04,16:15:00,16.96,16.96,16.96,16.96,100,0
2017-04-04,16:20:00,16.81,16.81,16.81,16.81,100,0
2017-04-04,16:30:00,16.89,16.89,16.87,16.8749,1400,0
2017-04-04,16:45:00,16.96,16.96,16.9,16.905,300,0
2017-04-04,16:50:00,16.96,16.96,16.865,16.865,9300,0
2017-04-04,16:55:00,16.87,16.91,16.87,16.87,900,0
2017-04-04,17:00:00,16.87,16.87,16.87,16.87,100,0
2017-04-04,17:10:00,16.96,16.96,16.915,16.915,300,0
2017-04-04,17:30:00,16.99,16.99,16.99,16.99,100,0
2017-04-04,17:35:00,16.98,16.98,16.98,16.98,100,0
2017-04-04,17:40:00,16.905,16.95,16.905,16.95,300,0
2017-04-04,17:45:00,16.95,16.95,16.88,16.88,2800,0
2017-04-04,17:50:00,16.88,16.88,16.87,16.87,908,0
2017-04-04,17:55:00,16.86,16.86,16.86,16.86,100,0
2017-04-04,18:00:00,16.88,16.93,16.85,16.88,9892,0
2017-04-04,18:05:00,16.86,16.89,16.86,16.89,500,0
2017-04-04,18:10:00,16.88,16.89,16.85,16.89,1100,0
2017-04-04,18:15:00,16.92,16.92,16.92,16.92,100,0
2017-04-04,18:20:00,16.93,16.93,16.89,16.92,1300,0
2017-04-04,18:25:00,16.91,17.03,16.91,17.03,1300,0
2017-04-04,18:30:00,17.03,17.03,17,17,600,0
2017-04-04,18:50:00,16.99,16.99,16.93,16.93,500,0
2017-04-04,18:55:00,16.89,16.89,16.845,16.845,500,0
2017-04-04,19:05:00,16.915,16.93,16.915,16.92,900,0
2017-04-04,19:10:00,16.9,16.9,16.87,16.9,500,0
2017-04-04,19:20:00,16.92,16.92,16.92,16.92,100,0
2017-04-04,19:45:00,16.91,16.9449,16.9,16.9316,400,0
2017-04-04,19:50:00,16.85,16.85,16.85,16.85,100,0
2017-04-04,19:55:00,16.785,16.8524,16.5,16.74,15462,0
2017-04-04,20:00:00,16.72,16.72,16.61,16.61,400,0
2017-04-04,20:05:00,16.7,16.7,16.7,16.7,400,0
2017-04-04,21:00:00,16.55,16.55,16.55,16.55,100,0
2017-04-04,21:05:00,16.56,16.6,16.56,16.6,300,0
2017-04-04,21:10:00,16.55,16.55,16.55,16.55,200,0
2017-04-04,21:15:00,16.55,16.55,16.55,16.55,100,0
2017-04-04,21:20:00,16.63,16.63,16.63,16.63,100,0
2017-04-04,21:25:00,16.65,16.65,16.64,16.64,200,0
2017-04-04,21:35:00,16.56,16.56,16.56,16.56,100,0
2017-04-04,21:40:00,16.6,16.6,16.58,16.58,299,0
2017-04-04,21:45:00,16.61,16.61,16.61,16.61,100,0
2017-04-04,21:50:00,16.6,16.6,16.6,16.6,100,0
2017-04-04,21:55:00,16.58,16.58,16.56,16.56,200,0
2017-04-04,22:00:00,16.62,16.64,16.56,16.59,3346,0
2017-04-05,16:30:00,16.81,17.09,16.1101,16.64,2575,0
2017-04-05,16:35:00,16.8,16.94,16.8,16.9,330,0
2017-04-05,16:40:00,16.8,17.07,16.8,16.96,900,0
2017-04-05,16:45:00,16.9,16.9,16.57,16.57,1787,0
2017-04-05,16:50:00,16.67,16.7,16.58,16.69,900,0
2017-04-05,16:55:00,16.44,16.44,16.44,16.44,20000,0
2017-04-05,17:00:00,16.58,16.58,16.58,16.58,100,0
2017-04-05,17:10:00,16.63,16.63,16.57,16.5985,500,0
2017-04-05,17:15:00,16.62,16.62,16.52,16.53,800,0
2017-04-05,18:15:00,16.73,16.73,16.73,16.73,100,0
2017-04-05,18:45:00,16.75,16.75,16.35,16.6235,3500,0
2017-04-05,19:00:00,16.42,16.42,16.42,16.42,100,0
2017-04-05,19:05:00,16.4799,16.7355,16.4799,16.55,2099,0
2017-04-05,19:25:00,16.4,16.4,16.4,16.4,100,0
2017-04-05,19:55:00,16.4,16.4,16.4,16.4,400,0
2017-04-05,20:15:00,16.46,16.46,16.46,16.46,100,0
2017-04-05,20:20:00,16.59,16.59,16.41,16.41,200,0
2017-04-05,20:25:00,16.48,16.48,16.4,16.4,600,0
2017-04-05,20:45:00,16.48,16.48,16.48,16.48,100,0
2017-04-05,20:50:00,16.4,16.46,16.4,16.4,900,0
2017-04-05,20:55:00,16.4,16.4,16.4,16.4,800,0
2017-04-05,21:00:00,16.4,16.4,16.4,16.4,100,0
2017-04-05,21:10:00,16.46,16.47,16.435,16.47,400,0
2017-04-05,21:15:00,16.47,16.5,16.47,16.5,300,0
2017-04-05,21:20:00,16.5,16.52,16.5,16.52,200,0
2017-04-05,21:25:00,16.54,16.54,16.52,16.53,500,0
2017-04-05,21:30:00,16.54,16.54,16.5,16.5,1200,0
2017-04-05,21:35:00,16.5,16.5,16.495,16.495,400,0
2017-04-05,21:40:00,16.42,16.45,16.41,16.45,700,0
2017-04-05,21:45:00,16.48,16.48,16.48,16.48,100,0
2017-04-05,21:50:00,16.42,16.5,16.42,16.465,800,0
2017-04-05,21:55:00,16.5,16.53,16.42,16.43,3900,0
2017-04-05,22:00:00,16.43,16.45,16.4,16.42,11593,0
2017-04-06,15:40:00,16.32,16.32,16.31,16.31,200,0
2017-04-06,16:00:00,16.3,16.3,16.12,16.12,500,0
2017-04-06,16:05:00,16.3069,16.3069,16.3069,16.3069,130,0
2017-04-06,16:10:00,16.125,16.125,16.125,16.125,12700,0
2017-04-06,16:30:00,16.1,16.1,16.04,16.056,600,0
2017-04-06,16:35:00,16.03,16.155,16.03,16.03,3936,0
2017-04-06,16:50:00,16.03,16.04,16.03,16.03,1198,0
2017-04-06,16:55:00,16.05,16.165,16.05,16.165,200,0
2017-04-06,17:05:00,16.03,16.075,16.03,16.075,2338,0
2017-04-06,17:10:00,16.03,16.03,15.98,15.98,2468,0
2017-04-06,17:15:00,15.92,16.115,15.91,15.98,1600,0
2017-04-06,17:20:00,15.96,15.96,15.96,15.96,100,0
2017-04-06,17:25:00,16.11,16.11,16.11,16.11,100,0
2017-04-06,17:30:00,16.05,16.05,16.05,16.05,100,0
2017-04-06,17:40:00,16.09,16.09,16.052,16.052,200,0
2017-04-06,17:45:00,16.175,16.175,16.175,16.175,100,0
2017-04-06,17:50:00,16.17,16.17,16.17,16.17,100,0
2017-04-06,18:05:00,16.22,16.22,16.22,16.22,100,0
2017-04-06,18:25:00,16.35,16.35,16.35,16.35,100,0
2017-04-06,18:30:00,16.245,16.245,16.08,16.08,600,0
2017-04-06,19:00:00,16.04,16.04,16.04,16.04,100,0
2017-04-06,20:15:00,15.95,15.95,15.95,15.95,100,0
2017-04-06,20:20:00,16.0787,16.0787,16.0787,16.0787,124,0
2017-04-06,20:25:00,16.015,16.015,16.015,16.015,100,0
2017-04-06,20:40:00,15.93,15.93,15.93,15.93,100,0
2017-04-06,20:55:00,16,16.02,16,16.01,300,0
2017-04-06,21:10:00,16.04,16.04,16,16,2100,0
2017-04-06,21:25:00,16.04,16.07,16.04,16.07,800,0
2017-04-06,21:35:00,16.04,16.04,16.03,16.03,500,0
2017-04-06,21:45:00,16.07,16.07,15.94,16.07,300,0
2017-04-06,21:50:00,16.01,16.01,15.95,15.95,200,0
2017-04-06,21:55:00,16.01,16.19,16.01,16.19,660,0
2017-04-06,22:00:00,16.06,16.18,16.06,16.18,200,0
2017-04-07,15:35:00,16.12,16.12,16.12,16.12,100,0
2017-04-07,15:45:00,15.985,15.995,15.96,15.98,5107,0
2017-04-07,15:50:00,15.96,15.98,15.96,15.98,13147,0
2017-04-07,16:00:00,16.305,16.305,16.195,16.195,31500,0
2017-04-07,17:05:00,16.32,16.34,16.32,16.34,200,0
2017-04-07,17:10:00,16.335,16.335,16.25,16.335,1600,0
2017-04-07,17:15:00,16.335,16.335,16.335,16.335,100,0
2017-04-07,17:40:00,16.2,16.2,16.2,16.2,100,0
2017-04-07,18:00:00,16.265,16.265,16.265,16.265,300,0
2017-04-07,18:15:00,16.2,16.2,16.2,16.2,100,0
2017-04-07,18:20:00,16.2,16.2,16.2,16.2,100,0
2017-04-07,18:25:00,16.13,16.13,16.13,16.13,100,0
2017-04-07,18:40:00,16.3748,16.3748,16.3748,16.3748,300,0
2017-04-07,18:55:00,16.16,16.16,16.16,16.16,102,0
2017-04-07,19:15:00,16.36,16.36,16.36,16.36,100,0
2017-04-07,19:50:00,16.265,16.33,16.2,16.25,1300,0
2017-04-07,19:55:00,16.5128,16.5128,16.5128,16.5128,200,0
2017-04-07,20:00:00,16.31,16.31,16.31,16.31,200,0
2017-04-07,20:05:00,16.3,16.38,16.255,16.29,2700,0
2017-04-07,20:10:00,16.33,16.33,16.33,16.33,200,0
2017-04-07,20:15:00,16.32,16.59,16.32,16.35,700,0
2017-04-07,20:35:00,16.3,16.3,16.3,16.3,100,0
2017-04-07,21:05:00,16.78,16.78,16.78,16.78,100,0
2017-04-07,21:25:00,16.7,16.7,16.7,16.7,100,0
2017-04-07,21:30:00,16.35,16.39,16.274,16.39,1000,0
2017-04-07,21:35:00,16.3325,16.3325,16.3325,16.3325,500,0
2017-04-07,21:45:00,16.15,16.15,16.15,16.15,100,0
2017-04-07,21:55:00,16.15,16.26,16.15,16.26,200,0
2017-04-07,22:00:00,16.13,16.16,16.13,16.16,1099,0
2017-04-10,15:35:00,16.11,16.83,16.11,16.54,506,0
2017-04-10,15:40:00,16.329,16.47,16.29,16.29,2014,0
2017-04-10,15:45:00,16.17,16.28,16.1,16.18,2000,0
2017-04-10,16:10:00,16.21,16.24,16.21,16.24,200,0
2017-04-10,16:20:00,16.1427,16.1427,16.1427,16.1427,100,0
2017-04-10,16:45:00,16.34,16.34,16.28,16.3,600,0
2017-04-10,16:50:00,16.36,16.36,16.36,16.36,100,0
2017-04-10,16:55:00,16.3,16.3,16.285,16.285,200,0
2017-04-10,17:00:00,16.285,16.285,16.285,16.285,200,0
2017-04-10,17:05:00,16.29,16.29,16.29,16.29,1600,0
2017-04-10,17:10:00,16.29,16.32,16.29,16.32,300,0
2017-04-10,17:15:00,16.33,16.33,16.33,16.33,200,0
2017-04-10,17:20:00,16.28,16.33,16.27,16.33,2100,0
2017-04-10,17:25:00,16.32,16.32,16.32,16.32,100,0
2017-04-10,17:40:00,16.34,16.34,16.34,16.34,100,0
2017-04-10,17:45:00,16.345,16.345,16.345,16.345,100,0
2017-04-10,17:50:00,16.39,16.39,16.31,16.31,400,0
2017-04-10,17:55:00,16.31,16.31,16.31,16.31,100,0
2017-04-10,18:00:00,16.32,16.32,16.32,16.32,200,0
2017-04-10,18:10:00,16.28,16.29,16.28,16.29,300,0
2017-04-10,18:15:00,16.29,16.315,16.23,16.23,1100,0
2017-04-10,18:20:00,16.29,16.29,16.29,16.29,900,0
2017-04-10,18:35:00,16.17,16.17,16.17,16.17,100,0
2017-04-10,18:40:00,16.17,16.17,16.17,16.17,100,0
2017-04-10,18:45:00,16.235,16.235,16.1,16.1,900,0
2017-04-10,18:50:00,16.1,16.1,16.1,16.1,200,0
2017-04-10,19:00:00,16.11,16.11,16.11,16.11,100,0
2017-04-10,19:10:00,16.1,16.13,16.07,16.07,3806,0
2017-04-10,19:15:00,16.06,16.06,16.01,16.01,400,0
2017-04-10,19:30:00,16.04,16.0446,16.04,16.0446,1600,0
2017-04-10,19:40:00,16.01,16.01,16.01,16.01,300,0
2017-04-10,19:45:00,16.04,16.04,16.0149,16.0149,600,0
2017-04-10,19:55:00,16,16,16,16,100,0
2017-04-10,20:00:00,16.01,16.01,15.93,15.97,3212,0
2017-04-10,20:05:00,15.99,15.99,15.93,15.94,800,0
2017-04-10,20:15:00,15.82,15.87,15.82,15.87,200,0
2017-04-10,20:20:00,15.895,15.895,15.895,15.895,100,0
2017-04-10,20:25:00,15.85,15.85,15.8397,15.8397,1300,0
2017-04-10,20:35:00,15.82,15.8373,15.82,15.82,1200,0
2017-04-10,20:40:00,15.8229,15.87,15.8229,15.87,1100,0
2017-04-10,20:55:00,15.8,15.965,15.8,15.9,1300,0
2017-04-10,21:00:00,16.08,16.08,16,16.01,400,0
2017-04-10,21:15:00,16,16.08,16,16.08,300,0
2017-04-10,21:25:00,16.11,16.11,16.02,16.08,300,0
2017-04-10,21:40:00,16.03,16.04,16.02,16.04,400,0
2017-04-10,21:45:00,16.04,16.04,16.04,16.04,100,0
2017-04-10,21:50:00,16.03,16.03,16.03,16.03,100,0
2017-04-10,21:55:00,16.07,16.16,16.04,16.04,900,0
2017-04-10,22:00:00,16.08,16.08,16.03,16.05,1192,0
2017-04-11,15:35:00,15.97,15.97,15.97,15.97,200,0
2017-04-11,15:40:00,15.94,15.94,15.94,15.94,100,0
2017-04-11,15:45:00,15.91,15.91,15.91,15.91,200,0
2017-04-11,15:55:00,15.91,15.91,15.8399,15.84,500,0
2017-04-11,16:35:00,15.91,15.91,15.91,15.91,100,0
2017-04-11,16:50:00,15.89,15.89,15.89,15.89,100,0
2017-04-11,17:00:00,15.87,15.87,15.87,15.87,200,0
2017-04-11,17:05:00,15.87,15.87,15.87,15.87,100,0
2017-04-11,17:10:00,15.87,15.87,15.87,15.87,100,0
2017-04-11,17:15:00,15.83,15.83,15.83,15.83,100,0
2017-04-11,17:20:00,15.85,15.85,15.85,15.85,100,0
2017-04-11,17:25:00,15.85,15.85,15.85,15.85,100,0
2017-04-11,17:35:00,15.85,15.87,15.85,15.87,500,0
2017-04-11,17:50:00,15.89,15.89,15.89,15.89,100,0
2017-04-11,18:05:00,15.9,15.9,15.9,15.9,100,0
2017-04-11,18:40:00,15.8362,15.8362,15.8362,15.8362,655,0
2017-04-11,18:50:00,15.91,15.91,15.91,15.91,100,0
2017-04-11,18:55:00,15.84,15.875,15.84,15.875,200,0
2017-04-11,19:00:00,15.89,15.89,15.89,15.89,400,0
2017-04-11,19:20:00,15.87,15.87,15.87,15.87,100,0
2017-04-11,19:35:00,15.87,15.87,15.87,15.87,200,0
2017-04-11,19:45:00,15.92,15.92,15.92,15.92,100,0
2017-04-11,19:50:00,15.92,15.92,15.92,15.92,100,0
2017-04-11,20:05:00,15.92,15.99,15.92,15.99,353,0
2017-04-11,20:10:00,15.99,15.99,15.99,15.99,100,0
2017-04-11,20:15:00,15.94,15.94,15.94,15.94,100,0
2017-04-11,20:25:00,15.95,15.95,15.95,15.95,100,0
2017-04-11,20:30:00,15.94,15.94,15.94,15.94,200,0
2017-04-11,20:50:00,15.95,15.95,15.95,15.95,100,0
2017-04-11,21:05:00,16.05,16.05,16.05,16.05,100,0
2017-04-11,21:25:00,16.09,16.09,16.09,16.09,100,0
2017-04-11,21:45:00,16.06,16.07,16,16,600,0
2017-04-11,21:55:00,16.07,16.07,16.07,16.07,200,0
2017-04-11,22:00:00,16.04,16.09,16.04,16.05,1489,0
2017-04-12,15:40:00,15.93,15.93,15.93,15.93,200,0
2017-04-12,16:30:00,15.91,15.91,15.91,15.91,100,0
2017-04-12,16:35:00,15.85,15.85,15.85,15.85,100,0
2017-04-12,16:40:00,15.77,15.77,15.77,15.77,100,0
2017-04-12,17:00:00,15.88,15.88,15.88,15.88,100,0
2017-04-12,17:05:00,15.84,15.84,15.84,15.84,100,0
2017-04-12,17:20:00,15.85,15.85,15.79,15.79,200,0
2017-04-12,17:25:00,15.75,15.8,15.7,15.7,700,0
2017-04-12,17:30:00,15.77,15.77,15.77,15.77,200,0
2017-04-12,17:35:00,15.72,15.73,15.72,15.73,200,0
2017-04-12,17:55:00,15.845,15.845,15.845,15.845,100,0
2017-04-12,18:00:00,15.94,15.94,15.94,15.94,100,0
2017-04-12,18:35:00,15.94,15.94,15.94,15.94,100,0
2017-04-12,18:40:00,15.84,15.84,15.84,15.84,100,0
2017-04-12,19:15:00,15.98,15.98,15.98,15.98,100,0
2017-04-12,19:55:00,15.97,15.97,15.97,15.97,100,0
2017-04-12,20:00:00,15.87,15.87,15.83,15.85,300,0
2017-04-12,20:05:00,15.86,15.885,15.86,15.885,200,0
2017-04-12,20:30:00,15.94,15.94,15.94,15.94,100,0
2017-04-12,20:55:00,15.77,15.77,15.77,15.77,100,0
2017-04-12,21:30:00,15.96,15.96,15.96,15.96,100,0
2017-04-12,21:40:00,15.78,15.78,15.78,15.78,100,0
2017-04-12,21:50:00,15.75,15.8,15.75,15.8,500,0
2017-04-12,22:00:00,15.9,15.92,15.76,15.76,742,0
2017-04-13,16:55:00,15.55,15.55,15.55,15.55,100,0
2017-04-13,17:10:00,15.58,15.655,15.58,15.655,200,0
2017-04-13,17:15:00,15.59,15.59,15.58,15.58,213,0
2017-04-13,17:20:00,15.643,15.643,15.58,15.58,550,0
2017-04-13,17:30:00,15.57,15.57,15.57,15.57,200,0
2017-04-13,17:50:00,15.59,15.59,15.59,15.59,100,0
2017-04-13,17:55:00,15.58,15.58,15.57,15.57,200,0
2017-04-13,18:00:00,15.4849,15.4849,15.4849,15.4849,892,0
2017-04-13,18:30:00,15.48,15.48,15.48,15.48,100,0
2017-04-13,18:45:00,15.61,15.61,15.61,15.61,100,0
2017-04-13,18:50:00,15.61,15.61,15.6,15.6,400,0
2017-04-13,18:55:00,15.595,15.595,15.595,15.595,100,0
2017-04-13,19:00:00,15.64,15.64,15.64,15.64,100,0
2017-04-13,19:05:00,15.58,15.67,15.58,15.67,400,0
2017-04-13,19:10:00,15.66,15.66,15.66,15.66,100,0
2017-04-13,19:50:00,15.53,15.53,15.53,15.53,100,0
2017-04-13,20:40:00,15.92,15.92,15.92,15.92,100,0
2017-04-13,20:50:00,15.7,15.7,15.7,15.7,100,0
2017-04-13,20:55:00,15.75,15.9251,15.6899,15.79,1644,0
2017-04-13,21:15:00,15.73,15.73,15.73,15.73,100,0
2017-04-13,21:30:00,15.96,15.96,15.96,15.96,100,0
2017-04-13,21:45:00,15.95,15.95,15.95,15.95,100,0
2017-04-13,21:55:00,15.505,15.525,15.49,15.525,300,0
2017-04-13,22:00:00,15.53,15.94,15.53,15.66,1594,0
2017-04-17,15:45:00,15.69,15.71,15.69,15.71,300,0
2017-04-17,15:55:00,15.72,15.74,15.72,15.74,400,0
2017-04-17,16:00:00,15.8,15.8,15.65,15.7,1200,0
2017-04-17,16:15:00,15.7,15.7,15.7,15.7,200,0
2017-04-17,17:15:00,15.6,15.6,15.6,15.6,100,0
2017-04-17,17:20:00,15.69,15.69,15.69,15.69,300,0
2017-04-17,17:25:00,15.8,15.8,15.8,15.8,100,0
2017-04-17,17:40:00,15.89,15.985,15.89,15.985,300,0
2017-04-17,18:15:00,15.95,15.95,15.95,15.95,100,0
2017-04-17,18:40:00,15.99,15.99,15.99,15.99,100,0
2017-04-17,18:45:00,15.975,15.975,15.975,15.975,100,0
2017-04-17,19:00:00,16.1,16.12,16.1,16.12,1400,0
2017-04-17,19:05:00,16.13,16.17,16.13,16.17,1400,0
2017-04-17,19:10:00,16.4,16.4,16.4,16.4,101,0
2017-04-17,19:20:00,16.39,16.4,16.39,16.4,304,0
2017-04-17,19:40:00,16.39,16.39,16.39,16.39,100,0
2017-04-17,19:50:00,16.39,16.39,16.39,16.39,100,0
2017-04-17,19:55:00,16.21,16.225,16.21,16.21,800,0
2017-04-17,20:15:00,16.324,16.324,16.324,16.324,1000,0
2017-04-17,20:20:00,16.35,16.35,16.35,16.35,200,0
2017-04-17,21:10:00,16.38,16.38,16.38,16.38,100,0
2017-04-17,21:15:00,16.35,16.35,16.35,16.35,100,0
2017-04-17,21:35:00,16.38,16.38,16.38,16.38,100,0
2017-04-17,21:40:00,16.38,16.38,16.38,16.38,100,0
2017-04-17,21:45:00,16.32,16.32,16.3,16.3,200,0
2017-04-17,21:50:00,16.29,16.29,16.18,16.18,300,0
2017-04-17,21:55:00,16.17,16.17,16.17,16.17,100,0
2017-04-17,22:00:00,16.18,16.33,16.17,16.31,1166,0
2017-04-18,15:35:00,14.96,15.15,14.95,15.15,8898,0
2017-04-18,15:40:00,15.15,15.29,14.95,14.95,6650,0
2017-04-18,15:45:00,14.96,14.96,14.86,14.9,8281,0
2017-04-18,15:50:00,14.961,15.1,14.89,15.04,6950,0
2017-04-18,15:55:00,14.9925,15.05,14.9925,15.04,1000,0
2017-04-18,16:00:00,14.995,15.06,14.94,15.06,4850,0
2017-04-18,16:05:00,15.08,15.1,15.005,15.005,1700,0
2017-04-18,16:10:00,15.05,15.05,15,15.05,2000,0
2017-04-18,16:15:00,15.02,15.05,14.98,15.05,2000,0
2017-04-18,16:20:00,15.06,15.06,15.035,15.035,1108,0
2017-04-18,16:25:00,15.035,15.1,14.98,15.1,3001,0
2017-04-18,16:35:00,15.08,15.2,15.08,15.14,3311,0
2017-04-18,16:40:00,15.13,15.13,15.02,15.05,12050,0
2017-04-18,16:45:00,15.05,15.05,15.05,15.05,400,0
2017-04-18,16:50:00,15.025,15.025,15.025,15.025,200,0
2017-04-18,16:55:00,15.025,15.025,14.94,15.02,4750,0
2017-04-18,17:00:00,14.995,15.04,14.995,15.0325,3200,0
2017-04-18,17:05:00,15.035,15.05,15.02,15.02,800,0
2017-04-18,17:15:00,15.0208,15.09,15,15.05,5493,0
2017-04-18,17:20:00,15.1,15.253,15.1,15.253,2600,0
2017-04-18,17:25:00,15.2508,15.46,15.18,15.32,4128,0
2017-04-18,17:30:00,15.27,15.4,15.27,15.4,2000,0
2017-04-18,17:35:00,15.39,15.42,15.3,15.3,5750,0
2017-04-18,17:40:00,15.3505,15.38,15.31,15.31,300,0
2017-04-18,17:50:00,15.41,15.46,15.41,15.46,500,0
2017-04-18,17:55:00,15.46,15.52,15.46,15.52,700,0
2017-04-18,18:00:00,15.51,15.54,15.42,15.48,1200,0
2017-04-18,18:05:00,15.44,15.44,15.44,15.44,300,0
2017-04-18,18:10:00,15.45,15.45,15.45,15.45,400,0
2017-04-18,18:15:00,15.45,15.48,15.45,15.48,800,0
2017-04-18,18:20:00,15.54,15.54,15.54,15.54,100,0
2017-04-18,18:25:00,15.56,15.66,15.56,15.62,4041,0
2017-04-18,18:45:00,15.7,15.7,15.7,15.7,100,0
2017-04-18,18:50:00,15.65,15.65,15.65,15.65,200,0
2017-04-18,18:55:00,15.65,15.65,15.65,15.65,100,0
2017-04-18,19:05:00,15.5,15.5,15.46,15.46,700,0
2017-04-18,19:15:00,15.44,15.44,15.44,15.44,250,0
2017-04-18,19:20:00,15.42,15.42,15.32,15.38,600,0
2017-04-18,19:25:00,15.36,15.36,15.34,15.34,200,0
2017-04-18,19:40:00,15.34,15.34,15.34,15.34,100,0
2017-04-18,19:45:00,15.325,15.35,15.3,15.33,6500,0
2017-04-18,19:50:00,15.35,15.35,15.35,15.35,300,0
2017-04-18,19:55:00,15.26,15.26,15.19,15.2,1490,0
2017-04-18,20:00:00,15.18,15.25,15,15.25,3600,0
2017-04-18,20:05:00,15.25,15.25,15.17,15.23,800,0
2017-04-18,20:10:00,15.24,15.24,15.23,15.23,300,0
2017-04-18,20:15:00,15.21,15.21,15.19,15.19,300,0
2017-04-18,20:20:00,15.19,15.25,15.19,15.23,4500,0
2017-04-18,20:30:00,15.19,15.25,15.19,15.25,500,0
2017-04-18,20:40:00,15.24,15.2736,15.19,15.2736,2416,0
2017-04-18,21:00:00,15.26,15.26,15.25,15.25,300,0
2017-04-18,21:05:00,15.27,15.27,15.19,15.25,1800,0
2017-04-18,21:10:00,15.25,15.25,15.19,15.23,1722,0
2017-04-18,21:15:00,15.23,15.23,15.23,15.23,100,0
2017-04-18,21:20:00,15.25,15.25,15.25,15.25,100,0
2017-04-18,21:25:00,15.23,15.25,15.23,15.23,700,0
2017-04-18,21:30:00,15.2,15.23,15.2,15.23,300,0
2017-04-18,21:35:00,15.25,15.25,15.25,15.25,1000,0
2017-04-18,21:40:00,15.245,15.29,15.18,15.29,3000,0
2017-04-18,21:45:00,15.3,15.3,15.3,15.3,100,0
2017-04-18,21:50:00,15.27,15.27,15.18,15.23,7291,0
2017-04-18,21:55:00,15.24,15.25,15.17,15.23,5787,0
2017-04-18,22:00:00,15.22,15.23,15.19,15.19,5711,0
2017-04-19,15:35:00,15.05,15.1,14.85,15.01,162614,0
2017-04-19,15:40:00,15.03,15.045,14.94,15.04,39969,0
2017-04-19,15:45:00,15.04,15.05,14.95,14.96,13481,0
2017-04-19,15:50:00,14.96,15.01,14.96,15.01,29547,0
2017-04-19,15:55:00,15.0195,15.08,14.95,15.05,20228,0
2017-04-19,16:00:00,15.07,15.1,14.98,15.05,90536,0
2017-04-19,16:05:00,15.0738,15.15,15.05,15.15,42113,0
2017-04-19,16:10:00,15.1317,15.15,15.1,15.135,21641,0
2017-04-19,16:15:00,15.135,15.26,15.135,15.25,55135,0
2017-04-19,16:20:00,15.23,15.25,15.1584,15.185,15072,0
2017-04-19,16:25:00,15.185,15.24,15.1734,15.1734,4100,0
2017-04-19,16:30:00,15.185,15.19,15.15,15.15,3900,0
2017-04-19,16:35:00,15.155,15.16,15.15,15.155,4995,0
2017-04-19,16:40:00,15.16,15.215,15.16,15.2,9200,0
2017-04-19,16:45:00,15.19,15.2,15.165,15.1674,3042,0
2017-04-19,16:50:00,15.15,15.1799,15.0501,15.0501,9681,0
2017-04-19,16:55:00,15.05,15.19,15.01,15.18,10188,0
2017-04-19,17:00:00,15.175,15.175,15.14,15.145,4370,0
2017-04-19,17:05:00,15.145,15.15,15.145,15.145,1900,0
2017-04-19,17:10:00,15.145,15.15,15.14,15.145,13900,0
2017-04-19,17:15:00,15.145,15.15,15.14,15.145,7850,0
2017-04-19,17:20:00,15.145,15.145,15.05,15.055,6700,0
2017-04-19,17:25:00,15.055,15.06,15.0532,15.055,3500,0
2017-04-19,17:30:00,15.055,15.055,15.01,15.01,7675,0
2017-04-19,17:35:00,15.01,15.02,14.88,14.95,58234,0
2017-04-19,17:40:00,14.94,14.98,14.915,14.93,14200,0
2017-04-19,17:45:00,14.94,15.05,14.93,15.05,34200,0
2017-04-19,17:50:00,15.05,15.05,14.94,14.96,11531,0
2017-04-19,17:55:00,14.9709,15.04,14.96,15.015,2475,0
2017-04-19,18:00:00,15.015,15.015,15,15.005,1000,0
2017-04-19,18:05:00,15.015,15.075,15.005,15.06,7100,0
2017-04-19,18:10:00,15.075,15.075,15.035,15.04,3842,0
2017-04-19,18:15:00,15.045,15.07,15.045,15.05,14250,0
2017-04-19,18:20:00,15.06,15.14,15.05,15.05,5116,0
2017-04-19,18:25:00,15.07,15.17,15.05,15.08,10240,0
2017-04-19,18:30:00,15.115,15.18,15.115,15.14,2800,0
2017-04-19,18:35:00,15.0801,15.1,15.08,15.09,1100,0
2017-04-19,18:40:00,15.1,15.15,15.09,15.13,2680,0
2017-04-19,18:45:00,15.14,15.18,15.05,15.05,12313,0
2017-04-19,18:50:00,15.065,15.065,15.05,15.05,1300,0
2017-04-19,18:55:00,15.05,15.07,15,15,11102,0
2017-04-19,19:00:00,14.97,14.9809,14.97,14.98,2200,0
2017-04-19,19:05:00,14.975,14.98,14.97,14.98,4100,0
2017-04-19,19:10:00,14.9775,15,14.97,15,4326,0
2017-04-19,19:15:00,15,15,14.99,14.995,2900,0
2017-04-19,19:20:00,14.995,15.02,14.985,14.985,13400,0
2017-04-19,19:25:00,14.9875,15,14.97,14.975,5500,0
2017-04-19,19:30:00,14.975,15.02,14.88,14.88,20015,0
2017-04-19,19:35:00,14.905,14.905,14.8,14.82,6788,0
2017-04-19,19:40:00,14.81,14.83,14.63,14.78,15766,0
2017-04-19,19:45:00,14.78,14.82,14.725,14.79,8092,0
2017-04-19,19:50:00,14.785,14.8,14.72,14.74,13396,0
2017-04-19,19:55:00,14.71,14.73,14.695,14.73,800,0
2017-04-19,20:00:00,14.705,14.78,14.7,14.73,4300,0
2017-04-19,20:05:00,14.75,14.94,14.74,14.91,12541,0
2017-04-19,20:10:00,14.9,14.94,14.84,14.84,17700,0
2017-04-19,20:15:00,14.845,14.955,14.84,14.91,14684,0
2017-04-19,20:20:00,14.93,14.93,14.77,14.8,15200,0
2017-04-19,20:25:00,14.8,14.8,14.65,14.65,11200,0
2017-04-19,20:30:00,14.63,14.67,14.63,14.645,2900,0
2017-04-19,20:35:00,14.655,14.655,14.57,14.585,10025,0
2017-04-19,20:40:00,14.6,14.62,14.58,14.62,900,0
2017-04-19,20:45:00,14.6,14.625,14.59,14.605,4600,0
2017-04-19,20:50:00,14.63,14.63,14.57,14.57,5584,0
2017-04-19,20:55:00,14.57,14.57,14.5,14.5,19086,0
2017-04-19,21:00:00,14.51,14.525,14.5,14.525,24736,0
2017-04-19,21:05:00,14.52,14.52,14.51,14.515,6000,0
2017-04-19,21:10:00,14.51,14.52,14.51,14.5175,5700,0
2017-04-19,21:15:00,14.515,14.59,14.51,14.565,8748,0
2017-04-19,21:20:00,14.565,14.6,14.54,14.6,6300,0
2017-04-19,21:25:00,14.605,14.64,14.5,14.6,12700,0
2017-04-19,21:30:00,14.61,14.63,14.59,14.61,15605,0
2017-04-19,21:35:00,14.61,14.67,14.58,14.6,18100,0
2017-04-19,21:40:00,14.56,14.67,14.56,14.64,13664,0
2017-04-19,21:45:00,14.6478,14.67,14.51,14.57,13687,0
2017-04-19,21:50:00,14.57,14.67,14.57,14.6,8400,0
2017-04-19,21:55:00,14.62,14.62,14.5,14.51,57355,0
2017-04-19,22:00:00,14.51,14.51,14.4,14.4,172597,0
2017-04-20,15:35:00,14.5,14.55,14.4,14.45,33005,0
2017-04-20,15:40:00,14.45,14.508,14.45,14.46,2700,0
2017-04-20,15:45:00,14.46,14.4816,14.35,14.36,2224,0
2017-04-20,15:50:00,14.36,14.36,14.36,14.36,100,0
2017-04-20,15:55:00,14.36,14.4249,14.35,14.3972,2750,0
2017-04-20,16:00:00,14.385,14.385,14.35,14.375,3800,0
2017-04-20,16:05:00,14.35,14.35,14.25,14.25,6581,0
2017-04-20,16:10:00,14.25,14.2643,14.23,14.25,14600,0
2017-04-20,16:15:00,14.27,14.34,14.27,14.27,6200,0
2017-04-20,16:20:00,14.29,14.3097,14.27,14.27,5442,0
2017-04-20,16:25:00,14.33,14.35,14.25,14.3,16865,0
2017-04-20,16:30:00,14.3052,14.34,14.3052,14.3285,600,0
2017-04-20,16:35:00,14.3247,14.42,14.3247,14.405,2500,0
2017-04-20,16:40:00,14.3938,14.41,14.37,14.4,13925,0
2017-04-20,16:45:00,14.4,14.425,14.36,14.3795,3500,0
2017-04-20,16:50:00,14.375,14.375,14.36,14.37,2939,0
2017-04-20,16:55:00,14.385,14.385,14.35,14.37,1600,0
2017-04-20,17:00:00,14.35,14.37,14.35,14.35,600,0
2017-04-20,17:05:00,14.35,14.37,14.35,14.37,3200,0
2017-04-20,17:10:00,14.36,14.37,14.35,14.35,1400,0
2017-04-20,17:15:00,14.36,14.44,14.36,14.4,3300,0
2017-04-20,17:20:00,14.43,14.46,14.43,14.46,2800,0
2017-04-20,17:25:00,14.46,14.46,14.4,14.4,3200,0
2017-04-20,17:30:00,14.38,14.38,14.37,14.37,200,0
2017-04-20,17:35:00,14.36,14.37,14.36,14.37,200,0
2017-04-20,17:40:00,14.3578,14.37,14.3578,14.37,275,0
2017-04-20,17:45:00,14.35,14.355,14.35,14.355,1400,0
2017-04-20,17:50:00,14.35,14.355,14.35,14.355,500,0
2017-04-20,17:55:00,14.35,14.35,14.35,14.35,590,0
2017-04-20,18:00:00,14.35,14.36,14.35,14.35,2660,0
2017-04-20,18:05:00,14.35,14.36,14.35,14.35,800,0
2017-04-20,18:10:00,14.35,14.35,14.32,14.32,2692,0
2017-04-20,18:15:00,14.31,14.31,14.3,14.3,200,0
2017-04-20,18:20:00,14.31,14.31,14.3,14.3,200,0
2017-04-20,18:25:00,14.3,14.3,14.3,14.3,100,0
2017-04-20,18:30:00,14.3,14.3084,14.3,14.3,1880,0
2017-04-20,18:35:00,14.3,14.3099,14.3,14.3,925,0
2017-04-20,18:40:00,14.3,14.305,14.3,14.305,800,0
2017-04-20,18:45:00,14.305,14.305,14.3,14.3,200,0
2017-04-20,18:50:00,14.3,14.32,14.3,14.32,8500,0
2017-04-20,18:55:00,14.33,14.37,14.31,14.31,3500,0
2017-04-20,19:05:00,14.36,14.36,14.35,14.35,400,0
2017-04-20,19:10:00,14.36,14.36,14.35,14.36,700,0
2017-04-20,19:15:00,14.32,14.33,14.31,14.33,1667,0
2017-04-20,19:20:00,14.315,14.33,14.3,14.3092,1600,0
2017-04-20,19:25:00,14.3,14.3,14.25,14.3,4695,0
2017-04-20,19:30:00,14.26,14.29,14.26,14.27,1400,0
2017-04-20,19:35:00,14.27,14.29,14.25,14.29,300,0
2017-04-20,19:40:00,14.25,14.26,14.25,14.26,900,0
2017-04-20,19:45:00,14.255,14.255,14.255,14.255,100,0
2017-04-20,19:50:00,14.26,14.26,14.25,14.26,1300,0
2017-04-20,20:00:00,14.26,14.26,14.2412,14.2412,200,0
2017-04-20,20:05:00,14.235,14.26,14.22,14.24,1100,0
2017-04-20,20:10:00,14.23,14.31,14.23,14.31,2800,0
2017-04-20,20:15:00,14.33,14.33,14.29,14.3,3400,0
2017-04-20,20:25:00,14.3,14.3,14.25,14.3,3113,0
2017-04-20,20:30:00,14.3,14.3,14.3,14.3,200,0
2017-04-20,20:35:00,14.3,14.3,14.3,14.3,100,0
2017-04-20,20:40:00,14.28,14.3,14.21,14.23,2600,0
2017-04-20,20:45:00,14.22,14.31,14.22,14.31,3500,0
2017-04-20,20:50:00,14.31,14.32,14.3,14.3,1200,0
2017-04-20,20:55:00,14.3,14.3,14.2965,14.3,3000,0
2017-04-20,21:00:00,14.3,14.3,14.25,14.25,1800,0
2017-04-20,21:05:00,14.27,14.27,14.27,14.27,200,0
2017-04-20,21:10:00,14.3,14.35,14.3,14.32,2600,0
2017-04-20,21:15:00,14.34,14.3501,14.34,14.3501,1500,0
2017-04-20,21:20:00,14.36,14.36,14.24,14.265,2896,0
2017-04-20,21:25:00,14.28,14.28,14.1,14.24,6600,0
2017-04-20,21:30:00,14.11,14.19,14.11,14.19,800,0
2017-04-20,21:35:00,14.19,14.23,14.13,14.18,2700,0
2017-04-20,21:40:00,14.2,14.21,14.18,14.18,2800,0
2017-04-20,21:45:00,14.18,14.21,14.17,14.2,4200,0
2017-04-20,21:50:00,14.195,14.2,14.17,14.19,3859,0
2017-04-20,21:55:00,14.2,14.29,14.16,14.16,7093,0
2017-04-20,22:00:00,14.2,14.25,14.12,14.2,14091,0
2017-04-21,15:35:00,14.22,14.31,14.22,14.255,1980,0
2017-04-21,15:40:00,14.265,14.265,14.22,14.22,1300,0
2017-04-21,15:45:00,14.22,14.22,14,14.09,10052,0
2017-04-21,15:50:00,14.09,14.09,14.07,14.08,300,0
2017-04-21,15:55:00,14.2,14.2,14,14,3200,0
2017-04-21,16:00:00,14,14.0721,14,14.02,3502,0
2017-04-21,16:05:00,14.08,14.08,14.01,14.01,1200,0
2017-04-21,16:10:00,14.05,14.05,14.01,14.01,1260,0
2017-04-21,16:15:00,14,14,14,14,2500,0
2017-04-21,16:20:00,14,14.0152,14,14,2100,0
2017-04-21,16:25:00,14,14.02,14,14,865,0
2017-04-21,16:30:00,14.02,14.11,14.02,14.1,1100,0
2017-04-21,16:35:00,14.1,14.115,14.1,14.1,800,0
2017-04-21,16:40:00,14.13,14.13,14.1,14.1,500,0
2017-04-21,16:45:00,14.05,14.0775,14.01,14.0225,1200,0
2017-04-21,16:50:00,14.01,14.03,14,14,2400,0
2017-04-21,16:55:00,14.01,14.02,14,14.02,900,0
2017-04-21,17:00:00,14,14.01,14,14.01,200,0
2017-04-21,17:05:00,14.01,14.01,14,14,200,0
2017-04-21,17:10:00,14,14.01,14,14,2672,0
2017-04-21,17:15:00,14.005,14.005,14,14,400,0
2017-04-21,17:20:00,14,14.2,14,14.2,5600,0
2017-04-21,17:25:00,14.19,14.19,14.16,14.16,700,0
2017-04-21,17:35:00,14.15,14.15,14.12,14.15,1450,0
2017-04-21,17:40:00,14.2,14.21,14.19,14.19,1800,0
2017-04-21,17:50:00,14.195,14.195,14.17,14.17,200,0
2017-04-21,17:55:00,14.2,14.2,14.16,14.1737,1208,0
2017-04-21,18:00:00,14.14,14.14,14.09,14.09,900,0
2017-04-21,18:05:00,14.08,14.08,14.06,14.07,400,0
2017-04-21,18:10:00,14.08,14.13,14.065,14.13,900,0
2017-04-21,18:15:00,14.09,14.09,14.09,14.09,100,0
2017-04-21,18:20:00,14.115,14.115,14.09,14.09,300,0
2017-04-21,18:25:00,14.115,14.115,14.09,14.09,600,0
2017-04-21,18:35:00,14.09,14.09,14.05,14.06,600,0
2017-04-21,18:40:00,14.06,14.06,14.06,14.06,100,0
2017-04-21,18:45:00,14.075,14.09,14.06,14.09,855,0
2017-04-21,18:50:00,14.075,14.075,14.06,14.06,300,0
2017-04-21,18:55:00,14.06,14.06,14.06,14.06,900,0
2017-04-21,19:00:00,14.06,14.0721,14.06,14.0721,550,0
2017-04-21,19:05:00,14.075,14.075,14.06,14.06,400,0
2017-04-21,19:10:00,14.06,14.075,14.06,14.075,400,0
2017-04-21,19:15:00,14.06,14.06,14.05,14.05,4000,0
2017-04-21,19:20:00,14.05,14.055,14,14.01,6715,0
2017-04-21,19:25:00,14.01,14.03,14.01,14.03,1000,0
2017-04-21,19:40:00,14.02,14.0356,14.02,14.02,1575,0
2017-04-21,19:45:00,14.01,14.02,14.01,14.02,500,0
2017-04-21,19:50:00,14.0178,14.02,14.01,14.015,700,0
2017-04-21,19:55:00,14.01,14.02,14.01,14.015,800,0
2017-04-21,20:00:00,14.01,14.03,14.01,14.03,2000,0
2017-04-21,20:05:00,14.06,14.08,14.05,14.08,2400,0
2017-04-21,20:10:00,14.0898,14.0898,14.08,14.08,1150,0
2017-04-21,20:15:00,14.08,14.11,14.08,14.08,500,0
2017-04-21,20:20:00,14.0981,14.0981,14.0981,14.0981,125,0
2017-04-21,20:25:00,14.09,14.09,14.04,14.04,900,0
2017-04-21,20:30:00,14.05,14.05,14.05,14.05,100,0
2017-04-21,20:35:00,14.07,14.0773,14.05,14.05,900,0
2017-04-21,20:40:00,14.08,14.08,14.05,14.07,400,0
2017-04-21,20:45:00,14.06,14.09,14.06,14.07,1000,0
2017-04-21,20:50:00,14.07,14.08,14.07,14.07,1000,0
2017-04-21,20:55:00,14.07,14.07,14.07,14.07,300,0
2017-04-21,21:00:00,14.07,14.115,14.07,14.115,7100,0
2017-04-21,21:05:00,14.1,14.1758,14.1,14.1758,1000,0
2017-04-21,21:10:00,14.16,14.24,14.16,14.2,4100,0
2017-04-21,21:15:00,14.191,14.24,14.19,14.2125,8866,0
2017-04-21,21:20:00,14.225,14.23,14.2,14.23,430,0
2017-04-21,21:25:00,14.236,14.236,14.2,14.2,1532,0
2017-04-21,21:30:00,14.2001,14.2001,14.19,14.19,10400,0
2017-04-21,21:35:00,14.21,14.3,14.2,14.26,2000,0
2017-04-21,21:40:00,14.3,14.31,14.27,14.27,3984,0
2017-04-21,21:45:00,14.285,14.3,14.26,14.27,9337,0
2017-04-21,21:50:00,14.275,14.28,14.27,14.27,3522,0
2017-04-21,21:55:00,14.28,14.28,14.26,14.26,15535,0
2017-04-21,22:00:00,14.26,14.27,14.24,14.25,36074,0
2017-04-24,15:35:00,14.32,14.48,14.2,14.25,6700,0
2017-04-24,15:40:00,14.37,14.37,14.26,14.315,4900,0
2017-04-24,15:45:00,14.25,14.3491,14.25,14.28,5300,0
2017-04-24,15:50:00,14.335,14.36,14.27,14.29,1800,0
2017-04-24,15:55:00,14.28,14.32,14.275,14.32,1000,0
2017-04-24,16:00:00,14.31,14.35,14.251,14.31,2645,0
2017-04-24,16:05:00,14.3,14.35,14.3,14.35,3100,0
2017-04-24,16:10:00,14.31,14.35,14.27,14.27,6500,0
2017-04-24,16:15:00,14.29,14.33,14.29,14.32,1400,0
2017-04-24,16:20:00,14.295,14.375,14.295,14.32,3100,0
2017-04-24,16:25:00,14.32,14.375,14.3,14.31,4400,0
2017-04-24,16:30:00,14.3101,14.33,14.3,14.31,3000,0
2017-04-24,16:35:00,14.315,14.39,14.315,14.39,2900,0
2017-04-24,16:40:00,14.36,14.43,14.35,14.35,5100,0
2017-04-24,16:45:00,14.36,14.42,14.36,14.39,3000,0
2017-04-24,16:50:00,14.4,14.42,14.3901,14.41,4050,0
2017-04-24,16:55:00,14.4,14.44,14.35,14.44,6900,0
2017-04-24,17:00:00,14.41,14.5,14.41,14.44,8283,0
2017-04-24,17:05:00,14.43,14.48,14.43,14.48,4898,0
2017-04-24,17:10:00,14.47,14.47,14.43,14.43,1800,0
2017-04-24,17:15:00,14.43,14.44,14.4,14.4,5000,0
2017-04-24,17:20:00,14.4,14.4,14.39,14.4,1200,0
2017-04-24,17:25:00,14.39,14.41,14.39,14.41,1500,0
2017-04-24,17:30:00,14.4,14.42,14.4,14.4,4200,0
2017-04-24,17:35:00,14.41,14.43,14.4,14.4,2600,0
2017-04-24,17:40:00,14.4,14.415,14.4,14.4,2100,0
2017-04-24,17:45:00,14.405,14.415,14.39,14.39,3600,0
2017-04-24,17:50:00,14.38,14.3873,14.38,14.3873,200,0
2017-04-24,17:55:00,14.385,14.47,14.385,14.47,1300,0
2017-04-24,18:05:00,14.48,14.58,14.45,14.55,3315,0
2017-04-24,18:10:00,14.58,14.68,14.58,14.61,12300,0
2017-04-24,18:15:00,14.62,14.63,14.48,14.48,3600,0
2017-04-24,18:20:00,14.5,14.5,14.42,14.46,2670,0
2017-04-24,18:25:00,14.455,14.66,14.455,14.59,5275,0
2017-04-24,18:30:00,14.59,14.615,14.49,14.5,11950,0
2017-04-24,18:40:00,14.47,14.5,14.45,14.46,5750,0
2017-04-24,18:45:00,14.45,14.46,14.36,14.39,1400,0
2017-04-24,18:50:00,14.41,14.52,14.41,14.51,14966,0
2017-04-24,18:55:00,14.52,14.52,14.47,14.47,2700,0
2017-04-24,19:00:00,14.46,14.46,14.435,14.44,1300,0
2017-04-24,19:05:00,14.435,14.435,14.41,14.41,3100,0
2017-04-24,19:10:00,14.4,14.44,14.4,14.44,2300,0
2017-04-24,19:15:00,14.4747,14.49,14.465,14.49,1500,0
2017-04-24,19:20:00,14.46,14.47,14.41,14.41,3200,0
2017-04-24,19:25:00,14.41,14.44,14.41,14.41,1000,0
2017-04-24,19:30:00,14.41,14.415,14.41,14.41,1200,0
2017-04-24,19:35:00,14.41,14.415,14.385,14.4,17800,0
2017-04-24,19:40:00,14.3999,14.42,14.3999,14.42,1700,0
2017-04-24,19:45:00,14.405,14.405,14.39,14.39,1000,0
2017-04-24,19:50:00,14.39,14.405,14.39,14.39,400,0
2017-04-24,19:55:00,14.39,14.405,14.38,14.39,4400,0
2017-04-24,20:00:00,14.385,14.385,14.38,14.38,1000,0
2017-04-24,20:05:00,14.37,14.37,14.33,14.33,1800,0
2017-04-24,20:10:00,14.32,14.32,14.31,14.31,200,0
2017-04-24,20:15:00,14.31,14.31,14.27,14.27,2100,0
2017-04-24,20:20:00,14.26,14.26,14.26,14.26,600,0
2017-04-24,20:25:00,14.3,14.5,14.28,14.47,12400,0
2017-04-24,20:30:00,14.47,14.47,14.47,14.47,1100,0
2017-04-24,20:35:00,14.455,14.455,14.39,14.39,2700,0
2017-04-24,20:40:00,14.39,14.39,14.39,14.39,100,0
2017-04-24,20:45:00,14.39,14.425,14.39,14.41,3200,0
2017-04-24,20:50:00,14.46,14.46,14.42,14.44,1000,0
2017-04-24,20:55:00,14.43,14.44,14.41,14.41,300,0
2017-04-24,21:00:00,14.42,14.43,14.4,14.42,6700,0
2017-04-24,21:05:00,14.435,14.49,14.42,14.48,5000,0
2017-04-24,21:10:00,14.42,14.42,14.42,14.42,200,0
2017-04-24,21:15:00,14.43,14.45,14.43,14.43,1500,0
2017-04-24,21:20:00,14.45,14.45,14.42,14.43,5900,0
2017-04-24,21:25:00,14.43,14.45,14.42,14.42,2700,0
2017-04-24,21:30:00,14.42,14.44,14.42,14.44,3400,0
2017-04-24,21:35:00,14.42,14.44,14.42,14.42,9500,0
2017-04-24,21:40:00,14.42,14.5,14.42,14.5,2700,0
2017-04-24,21:45:00,14.485,14.5,14.47,14.495,6900,0
2017-04-24,21:50:00,14.49,14.5,14.43,14.43,30944,0
2017-04-24,21:55:00,14.43,14.49,14.43,14.43,17811,0
2017-04-24,22:00:00,14.44,14.49,14.39,14.43,30856,0
2017-04-25,15:35:00,14.5,14.5,14.35,14.36,2422,0
2017-04-25,15:40:00,14.43,14.525,14.405,14.405,3600,0
2017-04-25,15:45:00,14.49,14.49,14.37,14.42,5114,0
2017-04-25,15:50:00,14.38,14.425,14.38,14.405,1800,0
2017-04-25,15:55:00,14.39,14.45,14.385,14.45,1800,0
2017-04-25,16:00:00,14.445,14.445,14.35,14.41,2081,0
2017-04-25,16:05:00,14.445,14.46,14.335,14.37,3300,0
2017-04-25,16:10:00,14.36,14.4,14.34,14.39,2900,0
2017-04-25,16:15:00,14.34,14.4,14.31,14.31,2900,0
2017-04-25,16:20:00,14.32,14.34,14.295,14.31,2400,0
2017-04-25,16:25:00,14.295,14.355,14.295,14.35,3050,0
2017-04-25,16:30:00,14.355,14.42,14.33,14.42,2431,0
2017-04-25,16:35:00,14.4,14.44,14.33,14.355,7533,0
2017-04-25,16:40:00,14.355,14.355,14.355,14.355,300,0
2017-04-25,16:45:00,14.355,14.355,14.355,14.355,1500,0
2017-04-25,16:50:00,14.35,14.36,14.28,14.28,3101,0
2017-04-25,16:55:00,14.295,14.3,14.29,14.3,4600,0
2017-04-25,17:00:00,14.3,14.32,14.3,14.305,5429,0
2017-04-25,17:05:00,14.305,14.31,14.3,14.3,2000,0
2017-04-25,17:10:00,14.3,14.32,14.3,14.32,1400,0
2017-04-25,17:15:00,14.32,14.36,14.3,14.31,4353,0
2017-04-25,17:20:00,14.31,14.32,14.3,14.31,1400,0
2017-04-25,17:25:00,14.305,14.34,14.3,14.32,2600,0
2017-04-25,17:30:00,14.345,14.345,14.3,14.33,4400,0
2017-04-25,17:35:00,14.335,14.4,14.3,14.36,5700,0
2017-04-25,17:40:00,14.38,14.39,14.33,14.39,2200,0
2017-04-25,17:45:00,14.42,14.48,14.42,14.45,1000,0
2017-04-25,17:50:00,14.45,14.45,14.37,14.39,2600,0
2017-04-25,17:55:00,14.37,14.45,14.37,14.45,4200,0
2017-04-25,18:00:00,14.47,14.5,14.3991,14.4634,5410,0
2017-04-25,18:05:00,14.46,14.46,14.43,14.46,1600,0
2017-04-25,18:10:00,14.49,14.52,14.42,14.51,3310,0
2017-04-25,18:15:00,14.515,14.525,14.49,14.49,1700,0
2017-04-25,18:20:00,14.515,14.515,14.49,14.49,2100,0
2017-04-25,18:30:00,14.5,14.5,14.48,14.49,1900,0
2017-04-25,18:35:00,14.5,14.525,14.49,14.49,4706,0
2017-04-25,18:40:00,14.5,14.5,14.5,14.5,600,0
2017-04-25,18:45:00,14.505,14.505,14.5,14.5,200,0
2017-04-25,18:50:00,14.53,14.53,14.5,14.51,1300,0
2017-04-25,18:55:00,14.5056,14.53,14.49,14.49,600,0
2017-04-25,19:00:00,14.51,14.51,14.46,14.46,2100,0
2017-04-25,19:05:00,14.5,14.51,14.46,14.49,2500,0
2017-04-25,19:10:00,14.51,14.51,14.51,14.51,100,0
2017-04-25,19:15:00,14.5168,14.56,14.5,14.56,26258,0
2017-04-25,19:20:00,14.545,14.555,14.5,14.5,800,0
2017-04-25,19:25:00,14.5,14.5,14.5,14.5,1100,0
2017-04-25,19:30:00,14.515,14.515,14.49,14.5,600,0
2017-04-25,19:35:00,14.5,14.51,14.49,14.51,16195,0
2017-04-25,19:40:00,14.49,14.51,14.49,14.51,300,0
2017-04-25,19:45:00,14.515,14.56,14.515,14.56,1000,0
2017-04-25,19:50:00,14.56,14.64,14.56,14.59,2700,0
2017-04-25,19:55:00,14.6084,14.83,14.6084,14.83,1826,0
2017-04-25,20:00:00,14.85,14.99,14.8468,14.99,3134,0
2017-04-25,20:05:00,14.9656,15.07,14.9656,15.07,6200,0
2017-04-25,20:10:00,15.0234,15.07,14.92,14.92,10478,0
2017-04-25,20:15:00,14.93,14.97,14.93,14.965,1300,0
2017-04-25,20:20:00,14.985,15.03,14.9655,15.03,1650,0
2017-04-25,20:25:00,15.035,15.1,14.99,14.99,3200,0
2017-04-25,20:30:00,14.98,15.01,14.9,14.9,4866,0
2017-04-25,20:35:00,14.9,14.9,14.9,14.9,400,0
2017-04-25,20:40:00,14.9,14.905,14.89,14.9,1350,0
2017-04-25,20:45:00,14.895,14.92,14.89,14.9,2300,0
2017-04-25,20:50:00,14.9,14.9075,14.9,14.9075,200,0
2017-04-25,20:55:00,14.9,14.9027,14.8,14.8,4650,0
2017-04-25,21:00:00,14.78,14.81,14.745,14.81,1200,0
2017-04-25,21:05:00,14.805,15.05,14.8,15,2115,0
2017-04-25,21:10:00,15.08,15.105,14.9501,15,5300,0
2017-04-25,21:15:00,15,15.03,14.99,15.005,1500,0
2017-04-25,21:20:00,15.005,15.005,14.9,14.91,7700,0
2017-04-25,21:25:00,14.91,14.92,14.88,14.9,3300,0
2017-04-25,21:30:00,14.9,14.9,14.87,14.87,2700,0
2017-04-25,21:35:00,14.88,14.93,14.79,14.91,4500,0
2017-04-25,21:40:00,14.935,14.96,14.82,14.84,5600,0
2017-04-25,21:45:00,14.84,14.8723,14.66,14.73,9225,0
2017-04-25,21:50:00,14.73,14.745,14.43,14.6,11500,0
2017-04-25,21:55:00,14.75,14.9,14.6,14.6,20539,0
2017-04-25,22:00:00,14.61,14.84,14.61,14.81,81977,0
2017-04-26,15:35:00,14.79,15.1,14.7,14.7,1133,0
2017-04-26,15:40:00,14.78,14.825,14.5,14.55,3000,0
2017-04-26,15:45:00,14.5328,14.85,14.53,14.85,2500,0
2017-04-26,15:50:00,14.62,15.06,14.62,14.99,3345,0
2017-04-26,15:55:00,15,15.08,14.9,14.91,2800,0
2017-04-26,16:00:00,14.88,15.05,14.87,14.995,1600,0
2017-04-26,16:05:00,15.03,15.15,14.98,15.12,1900,0
2017-04-26,16:10:00,15.19,15.19,15.08,15.1,2900,0
2017-04-26,16:15:00,15.08,15.1,15.06,15.1,700,0
2017-04-26,16:20:00,15.02,15.09,15.01,15.09,2300,0
2017-04-26,16:25:00,15.07,15.12,15.065,15.12,5702,0
2017-04-26,16:30:00,15.13,15.35,15.13,15.21,7850,0
2017-04-26,16:35:00,15.11,15.3007,15.11,15.26,2525,0
2017-04-26,16:40:00,15.19,15.225,15.13,15.2,2600,0
2017-04-26,16:45:00,15.22,15.27,15.22,15.265,3500,0
2017-04-26,16:50:00,15.26,15.5,15.26,15.5,4100,0
2017-04-26,16:55:00,15.5,15.55,15.4527,15.4527,3035,0
2017-04-26,17:00:00,15.47,15.66,15.47,15.5221,3770,0
2017-04-26,17:05:00,15.53,15.68,15.5,15.5536,5896,0
2017-04-26,17:10:00,15.48,15.59,15.39,15.43,2300,0
2017-04-26,17:15:00,15.48,15.55,15.44,15.5,2200,0
2017-04-26,17:20:00,15.495,15.62,15.495,15.58,4200,0
2017-04-26,17:25:00,15.51,15.59,15.51,15.59,2800,0
2017-04-26,17:30:00,15.58,15.585,15.56,15.56,900,0
2017-04-26,17:35:00,15.55,15.57,15.44,15.52,5667,0
2017-04-26,17:40:00,15.58,15.63,15.55,15.62,2400,0
2017-04-26,17:45:00,15.53,15.77,15.53,15.72,10818,0
2017-04-26,17:50:00,15.68,15.69,15.59,15.63,2700,0
2017-04-26,17:55:00,15.63,15.675,15.62,15.625,800,0
2017-04-26,18:00:00,15.64,15.64,15.6,15.6034,2700,0
2017-04-26,18:05:00,15.6,15.71,15.5,15.71,4800,0
2017-04-26,18:10:00,15.7,15.78,15.645,15.78,2850,0
2017-04-26,18:15:00,15.88,15.88,15.8,15.8501,2300,0
2017-04-26,18:20:00,15.858,15.86,15.858,15.86,300,0
2017-04-26,18:25:00,15.86,15.86,15.81,15.81,1900,0
2017-04-26,18:30:00,15.775,15.805,15.775,15.805,1500,0
2017-04-26,18:35:00,15.84,15.84,15.805,15.815,600,0
2017-04-26,18:40:00,15.84,15.88,15.82,15.88,1600,0
2017-04-26,18:45:00,15.89,16,15.89,16,11047,0
2017-04-26,18:50:00,16,16.2,15.995,16.09,9841,0
2017-04-26,18:55:00,16.06,16.06,15.99,15.99,600,0
2017-04-26,19:00:00,15.99,16,15.9,15.9,1200,0
2017-04-26,19:05:00,15.86,15.91,15.86,15.865,20400,0
2017-04-26,19:10:00,15.8992,15.97,15.86,15.9,5128,0
2017-04-26,19:15:00,15.915,15.93,15.75,15.8,5700,0
2017-04-26,19:20:00,15.82,15.86,15.82,15.85,2200,0
2017-04-26,19:25:00,15.78,15.83,15.78,15.82,300,0
2017-04-26,19:30:00,15.825,15.86,15.775,15.85,9100,0
2017-04-26,19:35:00,15.82,15.8227,15.81,15.81,475,0
2017-04-26,19:40:00,15.81,15.85,15.81,15.85,750,0
2017-04-26,19:45:00,15.825,15.83,15.76,15.76,1505,0
2017-04-26,19:50:00,15.75,15.75,15.64,15.64,1500,0
2017-04-26,19:55:00,15.645,15.73,15.595,15.72,4600,0
2017-04-26,20:00:00,15.74,15.755,15.73,15.755,300,0
2017-04-26,20:05:00,15.755,15.755,15.65,15.72,1900,0
2017-04-26,20:10:00,15.7,15.79,15.7,15.79,1000,0
2017-04-26,20:15:00,15.7796,15.7796,15.75,15.775,1700,0
2017-04-26,20:20:00,15.775,15.775,15.66,15.66,3800,0
2017-04-26,20:25:00,15.695,15.695,15.695,15.695,200,0
2017-04-26,20:30:00,15.695,15.7,15.66,15.66,1402,0
2017-04-26,20:35:00,15.685,15.685,15.66,15.66,1100,0
2017-04-26,20:40:00,15.685,15.75,15.67,15.7,4900,0
2017-04-26,20:50:00,15.715,15.75,15.7,15.73,6300,0
2017-04-26,20:55:00,15.75,15.79,15.69,15.7,5799,0
2017-04-26,21:00:00,15.63,15.65,15.62,15.62,1200,0
2017-04-26,21:05:00,15.6521,15.66,15.635,15.65,1900,0
2017-04-26,21:10:00,15.7,15.72,15.665,15.68,6920,0
2017-04-26,21:15:00,15.74,15.77,15.7266,15.75,3700,0
2017-04-26,21:20:00,15.735,15.74,15.72,15.72,1700,0
2017-04-26,21:25:00,15.71,15.725,15.71,15.715,1700,0
2017-04-26,21:30:00,15.71,15.73,15.64,15.73,4600,0
2017-04-26,21:35:00,15.73,15.76,15.655,15.68,9100,0
2017-04-26,21:40:00,15.66,15.71,15.605,15.65,9105,0
2017-04-26,21:45:00,15.68,15.68,15.54,15.54,3350,0
2017-04-26,21:50:00,15.52,15.635,15.42,15.42,10800,0
2017-04-26,21:55:00,15.425,15.59,15.425,15.49,7641,0
2017-04-26,22:00:00,15.51,15.56,15.47,15.47,13088,0
