Date,Time,Open,High,Low,Close,Volume,OpenInt
2017-04-07,15:35:00,15.95,16.05,15.85,15.9,7860,0
2017-04-07,15:40:00,15.9,15.95,15.85,15.95,1326,0
2017-04-07,15:45:00,16.05,16.05,15.95,15.95,3800,0
2017-04-07,15:50:00,15.975,15.975,15.9,15.9,1046,0
2017-04-07,15:55:00,15.85,15.85,15.85,15.85,1269,0
2017-04-07,16:00:00,15.8,15.85,15.8,15.85,2610,0
2017-04-07,16:05:00,15.875,15.95,15.85,15.95,4455,0
2017-04-07,16:10:00,15.9,15.925,15.9,15.9,900,0
2017-04-07,16:15:00,15.95,15.95,15.9,15.9,12799,0
2017-04-07,16:20:00,15.9,15.9,15.85,15.9,1752,0
2017-04-07,16:25:00,15.925,15.95,15.9233,15.925,4989,0
2017-04-07,16:30:00,15.95,15.95,15.9,15.95,3769,0
2017-04-07,16:35:00,16,16,15.975,16,700,0
2017-04-07,16:40:00,16,16.075,16,16.05,2532,0
2017-04-07,16:45:00,16.05,16.05,16.025,16.025,700,0
2017-04-07,16:50:00,16,16,15.95,15.95,3005,0
2017-04-07,17:00:00,15.9,15.925,15.9,15.925,200,0
2017-04-07,17:05:00,15.925,15.925,15.9,15.9,3900,0
2017-04-07,17:10:00,15.9,15.925,15.9,15.925,200,0
2017-04-07,17:20:00,15.925,15.95,15.9,15.9,7217,0
2017-04-07,17:25:00,15.925,15.95,15.925,15.95,2380,0
2017-04-07,17:30:00,15.95,15.95,15.925,15.925,200,0
2017-04-07,17:35:00,15.9,15.9,15.875,15.9,4500,0
2017-04-07,17:40:00,15.866,15.9,15.866,15.9,1100,0
2017-04-07,17:45:00,15.9,15.9,15.9,15.9,200,0
2017-04-07,17:50:00,15.9,15.9,15.9,15.9,100,0
2017-04-07,17:55:00,15.9,15.95,15.9,15.95,1308,0
2017-04-07,18:00:00,15.925,15.925,15.925,15.925,200,0
2017-04-07,18:05:00,15.9,15.9,15.9,15.9,200,0
2017-04-07,18:10:00,15.95,15.95,15.925,15.95,1500,0
2017-04-07,18:15:00,15.925,15.925,15.9,15.925,1100,0
2017-04-07,18:20:00,15.95,16,15.95,16,2000,0
2017-04-07,18:25:00,15.975,15.975,15.975,15.975,300,0
2017-04-07,18:35:00,15.975,15.975,15.975,15.975,100,0
2017-04-07,18:40:00,15.975,15.975,15.95,15.95,2200,0
2017-04-07,18:45:00,15.95,15.95,15.925,15.925,300,0
2017-04-07,18:50:00,15.9,15.9,15.9,15.9,200,0
2017-04-07,18:55:00,15.95,16.025,15.95,15.975,8064,0
2017-04-07,19:00:00,16,16.05,16,16.05,1100,0
2017-04-07,19:05:00,16.05,16.05,16.025,16.025,500,0
2017-04-07,19:10:00,16.025,16.025,16,16.025,3922,0
2017-04-07,19:15:00,16.025,16.025,16.025,16.025,400,0
2017-04-07,19:20:00,16.025,16.075,16.025,16.05,6928,0
2017-04-07,19:25:00,16,16,16,16,200,0
2017-04-07,19:30:00,16,16.05,16,16.025,850,0
2017-04-07,19:35:00,16.05,16.125,16.05,16.055,5300,0
2017-04-07,19:40:00,16.05,16.075,16,16,2700,0
2017-04-07,19:45:00,16.025,16.025,16,16,200,0
2017-04-07,19:50:00,16,16,16,16,200,0
2017-04-07,19:55:00,16.025,16.025,16,16.025,400,0
2017-04-07,20:00:00,16.025,16.025,16.025,16.025,400,0
2017-04-07,20:05:00,16.05,16.1,16.05,16.1,2700,0
2017-04-07,20:10:00,16.1,16.1,16.075,16.075,900,0
2017-04-07,20:15:00,16.1,16.1,16.075,16.075,700,0
2017-04-07,20:20:00,16.075,16.075,16.025,16.075,8300,0
2017-04-07,20:25:00,16.05,16.075,16.05,16.075,500,0
2017-04-07,20:30:00,16.075,16.075,16.05,16.075,600,0
2017-04-07,20:35:00,16.05,16.1,16.05,16.075,600,0
2017-04-07,20:40:00,16.075,16.075,16.025,16.075,3600,0
2017-04-07,20:45:00,16.05,16.075,16,16.025,11406,0
2017-04-07,20:50:00,16.025,16.025,16.025,16.025,700,0
2017-04-07,20:55:00,16,16.025,15.9698,15.975,3379,0
2017-04-07,21:00:00,15.975,16,15.975,15.975,400,0
2017-04-07,21:05:00,16,16.025,15.975,16.025,2099,0
2017-04-07,21:10:00,16.025,16.025,15.95,16,2000,0
2017-04-07,21:15:00,16,16.025,16,16.025,600,0
2017-04-07,21:20:00,16,16.05,16,16.05,800,0
2017-04-07,21:25:00,16.025,16.075,16.025,16.05,7513,0
2017-04-07,21:30:00,16.1,16.1,16,16.05,7100,0
2017-04-07,21:35:00,16.05,16.05,16.025,16.05,600,0
2017-04-07,21:40:00,16.05,16.05,16.025,16.025,900,0
2017-04-07,21:45:00,16.025,16.05,16.025,16.025,2100,0
2017-04-07,21:50:00,16.025,16.075,16,16.05,14650,0
2017-04-07,21:55:00,16.05,16.05,16.025,16.05,5541,0
2017-04-07,22:00:00,16.05,16.1,16,16.05,115561,0
2017-04-10,15:35:00,16.1,16.1,16.05,16.1,2503,0
2017-04-10,15:40:00,16.1,16.15,16.1,16.15,1700,0
2017-04-10,15:45:00,16.15,16.175,16.1,16.175,1900,0
2017-04-10,15:50:00,16.2,16.25,16.2,16.25,6773,0
2017-04-10,15:55:00,16.2,16.25,16.2,16.25,200,0
2017-04-10,16:00:00,16.225,16.225,16.15,16.15,2255,0
2017-04-10,16:05:00,16.15,16.2,16.1,16.2,3200,0
2017-04-10,16:10:00,16.25,16.25,16.2,16.2,2595,0
2017-04-10,16:15:00,16.15,16.225,16.15,16.2,1800,0
2017-04-10,16:20:00,16.15,16.2,16.1,16.1,4188,0
2017-04-10,16:25:00,16.1,16.125,16.1,16.1,2100,0
2017-04-10,16:30:00,16.05,16.15,16.05,16.1,1900,0
2017-04-10,16:35:00,16.1,16.15,16.1,16.1,3505,0
2017-04-10,16:40:00,16.05,16.05,16.025,16.05,4240,0
2017-04-10,16:45:00,16.05,16.05,16.05,16.05,1597,0
2017-04-10,16:50:00,16.05,16.05,16.05,16.05,1100,0
2017-04-10,16:55:00,16.05,16.05,16.05,16.05,200,0
2017-04-10,17:00:00,16.025,16.025,15.95,16,1950,0
2017-04-10,17:05:00,15.95,16,15.95,15.975,1425,0
2017-04-10,17:10:00,15.95,15.95,15.925,15.95,1000,0
2017-04-10,17:15:00,16,16,15.96,15.96,700,0
2017-04-10,17:20:00,16.05,16.05,15.95,15.975,1800,0
2017-04-10,17:25:00,16,16,15.975,16,2200,0
2017-04-10,17:30:00,15.95,16.0245,15.95,15.95,1350,0
2017-04-10,17:35:00,15.95,15.95,15.85,15.9,6500,0
2017-04-10,17:40:00,15.875,15.9,15.825,15.85,7021,0
2017-04-10,17:45:00,15.85,15.85,15.8,15.85,4304,0
2017-04-10,17:50:00,15.825,15.875,15.825,15.867,2800,0
2017-04-10,17:55:00,15.9,15.9,15.9,15.9,3355,0
2017-04-10,18:00:00,15.85,15.85,15.8,15.85,1740,0
2017-04-10,18:05:00,15.9,15.9,15.9,15.9,400,0
2017-04-10,18:10:00,15.875,15.875,15.8662,15.8662,417,0
2017-04-10,18:15:00,15.85,15.85,15.775,15.8,5379,0
2017-04-10,18:20:00,15.8,15.875,15.8,15.85,1550,0
2017-04-10,18:25:00,15.85,15.85,15.85,15.85,400,0
2017-04-10,18:30:00,15.8,15.9,15.775,15.9,3701,0
2017-04-10,18:35:00,15.875,15.875,15.8,15.85,3657,0
2017-04-10,18:40:00,15.85,15.875,15.85,15.875,3100,0
2017-04-10,18:45:00,15.9,15.925,15.875,15.9,6768,0
2017-04-10,18:50:00,15.9,15.9,15.9,15.9,400,0
2017-04-10,18:55:00,15.975,16,15.95,15.95,700,0
2017-04-10,19:05:00,15.95,15.95,15.9,15.9,4160,0
2017-04-10,19:10:00,15.9,15.925,15.9,15.925,900,0
2017-04-10,19:15:00,15.9,15.9,15.9,15.9,200,0
2017-04-10,19:20:00,15.925,15.925,15.875,15.9,2600,0
2017-04-10,19:25:00,15.95,15.95,15.925,15.925,1371,0
2017-04-10,19:30:00,15.9,15.95,15.9,15.925,2636,0
2017-04-10,19:35:00,15.95,15.95,15.925,15.95,5350,0
2017-04-10,19:40:00,15.95,16.05,15.95,16.05,500,0
2017-04-10,19:45:00,15.95,16,15.9,15.9661,8546,0
2017-04-10,19:55:00,15.975,15.975,15.975,15.975,100,0
2017-04-10,20:00:00,16,16.025,15.95,15.95,2113,0
2017-04-10,20:05:00,15.975,15.975,15.875,15.875,2400,0
2017-04-10,20:10:00,15.9,15.9,15.9,15.9,1764,0
2017-04-10,20:15:00,15.95,15.95,15.9,15.925,3500,0
2017-04-10,20:20:00,15.9,15.9,15.875,15.875,1100,0
2017-04-10,20:25:00,15.85,15.95,15.85,15.95,7694,0
2017-04-10,20:30:00,15.9,15.925,15.875,15.875,1400,0
2017-04-10,20:35:00,15.9,15.925,15.9,15.925,1500,0
2017-04-10,20:40:00,15.925,15.925,15.925,15.925,200,0
2017-04-10,20:45:00,15.9,15.975,15.875,15.975,5922,0
2017-04-10,20:50:00,15.95,15.95,15.95,15.95,4299,0
2017-04-10,20:55:00,15.95,15.975,15.925,15.95,900,0
2017-04-10,21:00:00,15.95,15.95,15.925,15.925,1917,0
2017-04-10,21:10:00,15.95,16,15.95,15.975,4102,0
2017-04-10,21:15:00,15.975,15.975,15.975,15.975,600,0
2017-04-10,21:20:00,15.975,16,15.95,16,1368,0
2017-04-10,21:25:00,15.975,15.975,15.925,15.95,6540,0
2017-04-10,21:30:00,15.95,15.95,15.95,15.95,2998,0
2017-04-10,21:35:00,15.95,15.95,15.85,15.875,14055,0
2017-04-10,21:40:00,15.9,15.925,15.9,15.925,3240,0
2017-04-10,21:45:00,15.94,15.95,15.925,15.925,1235,0
2017-04-10,21:50:00,15.925,15.95,15.925,15.925,1966,0
2017-04-10,21:55:00,15.95,16,15.9,15.9,33309,0
2017-04-10,22:00:00,15.95,15.95,15.9,15.95,72354,0
2017-04-11,15:35:00,15.85,15.85,15.75,15.85,4683,0
2017-04-11,15:40:00,15.8,15.9,15.8,15.8,1400,0
2017-04-11,15:45:00,15.9,15.9,15.8,15.8,2600,0
2017-04-11,15:50:00,15.825,15.825,15.825,15.825,300,0
2017-04-11,15:55:00,15.85,15.9,15.85,15.9,4100,0
2017-04-11,16:00:00,15.875,15.875,15.8,15.8,3160,0
2017-04-11,16:05:00,15.95,15.95,15.95,15.95,1100,0
2017-04-11,16:10:00,15.95,15.975,15.9,15.975,3987,0
2017-04-11,16:15:00,15.95,15.95,15.95,15.95,400,0
2017-04-11,16:20:00,15.95,15.95,15.85,15.85,18211,0
2017-04-11,16:25:00,15.85,15.85,15.85,15.85,500,0
2017-04-11,16:30:00,15.85,15.85,15.8,15.8,1875,0
2017-04-11,16:35:00,15.85,15.85,15.8,15.8,2107,0
2017-04-11,16:40:00,15.8,15.85,15.8,15.85,2856,0
2017-04-11,16:45:00,15.8,15.8,15.75,15.75,3000,0
2017-04-11,16:50:00,15.8,15.825,15.75,15.75,800,0
2017-04-11,16:55:00,15.8,15.85,15.775,15.85,1457,0
2017-04-11,17:00:00,15.75,15.8,15.75,15.8,1400,0
2017-04-11,17:05:00,15.8,15.85,15.8,15.85,3800,0
2017-04-11,17:10:00,15.85,15.9,15.85,15.875,400,0
2017-04-11,17:15:00,15.875,15.875,15.8,15.825,1300,0
2017-04-11,17:20:00,15.8,15.85,15.775,15.85,2553,0
2017-04-11,17:25:00,15.8,15.9,15.8,15.9,1100,0
2017-04-11,17:30:00,15.875,15.875,15.85,15.875,1100,0
2017-04-11,17:35:00,15.9,15.9,15.9,15.9,1300,0
2017-04-11,17:40:00,15.925,15.975,15.925,15.95,2400,0
2017-04-11,17:45:00,15.9,15.975,15.9,15.95,1000,0
2017-04-11,17:50:00,15.95,15.975,15.95,15.975,1894,0
2017-04-11,17:55:00,16,16.075,16,16.05,19454,0
2017-04-11,18:00:00,16.025,16.05,16.025,16.05,300,0
2017-04-11,18:05:00,16.05,16.05,15.95,15.95,8631,0
2017-04-11,18:10:00,15.9,16,15.9,16,3963,0
2017-04-11,18:15:00,16,16.025,16,16.025,1225,0
2017-04-11,18:20:00,16.025,16.025,16.025,16.025,100,0
2017-04-11,18:25:00,16.05,16.1,16.05,16.1,6631,0
2017-04-11,18:30:00,16.05,16.05,16.025,16.05,1600,0
2017-04-11,18:35:00,16.0661,16.0661,16.05,16.05,1045,0
2017-04-11,18:40:00,16.05,16.075,16.05,16.05,3400,0
2017-04-11,18:45:00,16.025,16.025,15.975,16,1500,0
2017-04-11,18:55:00,16.025,16.075,16.025,16.075,2203,0
2017-04-11,19:00:00,16.05,16.05,16,16.05,3924,0
2017-04-11,19:05:00,16.05,16.075,16.05,16.075,600,0
2017-04-11,19:10:00,16.1,16.125,16.05,16.05,6415,0
2017-04-11,19:15:00,16.075,16.075,16.075,16.075,100,0
2017-04-11,19:20:00,16.1,16.125,16.075,16.1,3700,0
2017-04-11,19:25:00,16.1,16.1,16.075,16.1,1300,0
2017-04-11,19:30:00,16.075,16.1,16.075,16.1,200,0
2017-04-11,19:35:00,16.1,16.1,16.016,16.05,3775,0
2017-04-11,19:40:00,16.05,16.075,16.025,16.075,5093,0
2017-04-11,19:45:00,16.05,16.1,16.05,16.05,2700,0
2017-04-11,19:50:00,16.025,16.1,16.025,16.075,2700,0
2017-04-11,19:55:00,16.05,16.1,16.05,16.05,3038,0
2017-04-11,20:00:00,16.018,16.075,16.018,16.025,3116,0
2017-04-11,20:05:00,16.05,16.075,16.05,16.05,2023,0
2017-04-11,20:10:00,16.05,16.1,16.05,16.1,2740,0
2017-04-11,20:15:00,16.1,16.1,16.025,16.05,3848,0
2017-04-11,20:20:00,16.075,16.075,16.05,16.05,1748,0
2017-04-11,20:25:00,16.025,16.075,16,16.05,2600,0
2017-04-11,20:30:00,16.1,16.1,16.075,16.1,762,0
2017-04-11,20:35:00,16.1,16.1,16.075,16.1,1000,0
2017-04-11,20:40:00,16.1,16.125,16.05,16.05,3700,0
2017-04-11,20:45:00,16.1,16.1,16.1,16.1,800,0
2017-04-11,20:50:00,16.1,16.125,16.075,16.1,1400,0
2017-04-11,20:55:00,16.05,16.125,16.05,16.125,3915,0
2017-04-11,21:00:00,16.15,16.15,16.1,16.1,2000,0
2017-04-11,21:05:00,16.1,16.1,16.075,16.1,2926,0
2017-04-11,21:10:00,16.125,16.15,16.125,16.15,400,0
2017-04-11,21:15:00,16.15,16.15,16.125,16.125,300,0
2017-04-11,21:20:00,16.125,16.15,16.125,16.15,900,0
2017-04-11,21:25:00,16.15,16.15,16.125,16.15,2045,0
2017-04-11,21:30:00,16.15,16.2,16.125,16.2,2651,0
2017-04-11,21:35:00,16.175,16.2,16.15,16.2,8861,0
2017-04-11,21:40:00,16.2,16.25,16.175,16.2,5435,0
2017-04-11,21:45:00,16.2,16.2,16.15,16.175,2200,0
2017-04-11,21:50:00,16.15,16.175,16.125,16.125,12226,0
2017-04-11,21:55:00,16.15,16.2,16.1,16.15,17846,0
2017-04-11,22:00:00,16.15,16.25,16.125,16.25,107894,0
2017-04-12,15:35:00,16.15,16.4,16.15,16.15,14995,0
2017-04-12,15:40:00,16.125,16.2,16.1,16.182,7603,0
2017-04-12,15:50:00,16.15,16.175,16.1,16.15,3901,0
2017-04-12,15:55:00,16.15,16.3,16.15,16.3,4239,0
2017-04-12,16:00:00,16.25,16.3,16.225,16.25,6112,0
2017-04-12,16:05:00,16.25,16.25,16.2,16.225,12500,0
2017-04-12,16:10:00,16.25,16.3,16.2,16.25,10974,0
2017-04-12,16:15:00,16.225,16.225,16.175,16.2,5475,0
2017-04-12,16:20:00,16.175,16.25,16.175,16.225,6374,0
2017-04-12,16:25:00,16.225,16.25,16.2,16.225,3616,0
2017-04-12,16:30:00,16.225,16.225,16.15,16.175,4579,0
2017-04-12,16:35:00,16.2,16.25,16.15,16.175,9525,0
2017-04-12,16:40:00,16.175,16.175,16.125,16.15,13282,0
2017-04-12,16:45:00,16.125,16.15,16.1,16.1,18100,0
2017-04-12,16:50:00,16.05,16.05,15.95,16,9668,0
2017-04-12,16:55:00,16.025,16.025,16,16,800,0
2017-04-12,17:00:00,16,16.05,16,16.05,1600,0
2017-04-12,17:05:00,16.075,16.075,16,16,1700,0
2017-04-12,17:10:00,16.05,16.1,16.05,16.1,3924,0
2017-04-12,17:15:00,16.125,16.125,16.05,16.1,2100,0
2017-04-12,17:25:00,16.1,16.1,16,16,2114,0
2017-04-12,17:30:00,16.05,16.075,16.025,16.05,3847,0
2017-04-12,17:35:00,16.05,16.05,15.975,16.025,3500,0
2017-04-12,17:40:00,16,16,16,16,3278,0
2017-04-12,17:45:00,16,16.025,16,16,1700,0
2017-04-12,17:50:00,16,16,15.95,15.95,1700,0
2017-04-12,17:55:00,15.975,15.975,15.975,15.975,100,0
2017-04-12,18:00:00,15.975,16,15.975,15.975,2493,0
2017-04-12,18:05:00,16.05,16.05,16,16,300,0
2017-04-12,18:10:00,16,16.025,16,16.025,400,0
2017-04-12,18:15:00,16.025,16.1,16.025,16.1,6158,0
2017-04-12,18:20:00,16.075,16.075,16.05,16.075,3700,0
2017-04-12,18:25:00,16.05,16.075,16.05,16.075,2100,0
2017-04-12,18:30:00,16.075,16.075,16.05,16.075,3347,0
2017-04-12,18:35:00,16.075,16.075,16.05,16.075,3400,0
2017-04-12,18:40:00,16.075,16.075,16.05,16.075,3000,0
2017-04-12,18:45:00,16.075,16.075,16.05,16.075,1100,0
2017-04-12,18:50:00,16.075,16.075,16.075,16.075,600,0
2017-04-12,18:55:00,16.05,16.075,16,16.05,9300,0
2017-04-12,19:00:00,16.025,16.025,16.025,16.025,100,0
2017-04-12,19:05:00,16,16.0841,16,16.0841,6114,0
2017-04-12,19:10:00,16.1,16.125,16.05,16.05,4798,0
2017-04-12,19:20:00,16.1,16.1,16.075,16.075,300,0
2017-04-12,19:25:00,16.05,16.05,16.05,16.05,100,0
2017-04-12,19:30:00,16.075,16.1,16.075,16.1,700,0
2017-04-12,19:40:00,16.1,16.125,16.075,16.1,1800,0
2017-04-12,19:50:00,16.15,16.175,16.1,16.15,4000,0
2017-04-12,19:55:00,16.15,16.175,16.15,16.15,2850,0
2017-04-12,20:00:00,16.125,16.175,16.125,16.175,1298,0
2017-04-12,20:05:00,16.15,16.15,16.125,16.15,1100,0
2017-04-12,20:10:00,16.125,16.15,16.125,16.15,630,0
2017-04-12,20:15:00,16.125,16.15,16.125,16.125,600,0
2017-04-12,20:20:00,16.1,16.15,16.1,16.125,500,0
2017-04-12,20:25:00,16.125,16.125,16.1,16.1,600,0
2017-04-12,20:30:00,16.125,16.125,16.121,16.125,1130,0
2017-04-12,20:35:00,16.15,16.175,16.1,16.175,3400,0
2017-04-12,20:40:00,16.15,16.175,16.125,16.125,3507,0
2017-04-12,20:45:00,16.125,16.15,16.05,16.1,7592,0
2017-04-12,20:50:00,16.075,16.15,16.05,16.1,3700,0
2017-04-12,20:55:00,16.1,16.125,16.1,16.1,1100,0
2017-04-12,21:00:00,16.1,16.125,16.1,16.1,3802,0
2017-04-12,21:05:00,16.125,16.125,16.075,16.075,1700,0
2017-04-12,21:10:00,16.075,16.075,16.05,16.075,600,0
2017-04-12,21:15:00,16.075,16.075,16.025,16.05,3307,0
2017-04-12,21:20:00,16.05,16.05,15.95,15.95,7066,0
2017-04-12,21:25:00,15.975,16.05,15.975,16.025,6900,0
2017-04-12,21:30:00,16.025,16.025,15.975,15.975,2700,0
2017-04-12,21:35:00,15.975,16.025,15.975,16.025,2600,0
2017-04-12,21:40:00,16.05,16.05,16.025,16.025,1463,0
2017-04-12,21:45:00,16.025,16.05,15.95,15.975,8001,0
2017-04-12,21:50:00,15.95,16,15.95,15.975,2393,0
2017-04-12,21:55:00,15.95,16.05,15.9,15.975,29660,0
2017-04-12,22:00:00,16,16.025,15.925,15.95,76659,0
2017-04-13,15:35:00,15.8,15.8,15.7,15.75,4456,0
2017-04-13,15:40:00,15.725,15.8,15.7,15.75,3381,0
2017-04-13,15:45:00,15.75,15.85,15.75,15.75,4300,0
2017-04-13,15:50:00,15.775,15.8,15.65,15.7,19239,0
2017-04-13,15:55:00,15.75,15.8,15.725,15.8,4095,0
2017-04-13,16:00:00,15.8,15.8,15.8,15.8,2106,0
2017-04-13,16:05:00,15.8,15.9,15.8,15.9,700,0
2017-04-13,16:10:00,15.85,15.9,15.85,15.9,200,0
2017-04-13,16:15:00,15.9,15.9,15.85,15.85,2900,0
2017-04-13,16:20:00,15.9,15.9,15.85,15.875,1690,0
2017-04-13,16:25:00,15.85,15.85,15.85,15.85,200,0
2017-04-13,16:30:00,15.85,15.85,15.825,15.85,2062,0
2017-04-13,16:35:00,15.85,15.85,15.8,15.8,500,0
2017-04-13,16:40:00,15.875,15.875,15.85,15.85,700,0
2017-04-13,16:45:00,15.8,15.85,15.8,15.85,400,0
2017-04-13,16:55:00,15.9,15.925,15.875,15.9,2524,0
2017-04-13,17:00:00,15.9,15.9,15.85,15.85,1806,0
2017-04-13,17:05:00,15.85,15.875,15.85,15.875,400,0
2017-04-13,17:10:00,15.85,15.85,15.825,15.825,1200,0
2017-04-13,17:15:00,15.825,15.825,15.825,15.825,200,0
2017-04-13,17:20:00,15.8,15.825,15.75,15.75,5624,0
2017-04-13,17:25:00,15.725,15.775,15.725,15.75,2800,0
2017-04-13,17:30:00,15.75,15.8,15.725,15.8,2856,0
2017-04-13,17:35:00,15.75,15.8,15.75,15.775,1600,0
2017-04-13,17:40:00,15.75,15.775,15.725,15.75,3600,0
2017-04-13,17:45:00,15.7,15.7,15.7,15.7,500,0
2017-04-13,17:50:00,15.7,15.725,15.7,15.7,800,0
2017-04-13,17:55:00,15.725,15.775,15.7,15.775,2200,0
2017-04-13,18:00:00,15.75,15.75,15.7,15.7,5217,0
2017-04-13,18:05:00,15.7,15.725,15.675,15.7,4232,0
2017-04-13,18:10:00,15.65,15.675,15.6,15.65,7761,0
2017-04-13,18:15:00,15.6,15.675,15.6,15.65,1200,0
2017-04-13,18:20:00,15.65,15.65,15.625,15.625,4102,0
2017-04-13,18:25:00,15.6,15.625,15.6,15.625,600,0
2017-04-13,18:30:00,15.6,15.6266,15.6,15.6,1030,0
2017-04-13,18:35:00,15.6,15.65,15.6,15.65,3614,0
2017-04-13,18:40:00,15.625,15.65,15.625,15.625,2400,0
2017-04-13,18:45:00,15.625,15.625,15.55,15.575,53800,0
2017-04-13,18:50:00,15.6,15.6,15.575,15.6,3003,0
2017-04-13,18:55:00,15.6,15.6,15.6,15.6,500,0
2017-04-13,19:00:00,15.6,15.625,15.575,15.575,3281,0
2017-04-13,19:05:00,15.575,15.575,15.575,15.575,1000,0
2017-04-13,19:10:00,15.55,15.6,15.525,15.6,3900,0
2017-04-13,19:15:00,15.55,15.6,15.525,15.55,7021,0
2017-04-13,19:20:00,15.55,15.625,15.55,15.6,5275,0
2017-04-13,19:25:00,15.6,15.6,15.55,15.575,1700,0
2017-04-13,19:30:00,15.575,15.6,15.575,15.6,3996,0
2017-04-13,19:35:00,15.625,15.631,15.625,15.631,1600,0
2017-04-13,19:40:00,15.6,15.625,15.6,15.625,600,0
2017-04-13,19:45:00,15.625,15.625,15.525,15.6,4456,0
2017-04-13,19:50:00,15.5,15.55,15.5,15.5,3004,0
2017-04-13,19:55:00,15.525,15.55,15.5,15.55,1628,0
2017-04-13,20:00:00,15.5,15.575,15.5,15.5,3160,0
2017-04-13,20:05:00,15.575,15.6,15.55,15.6,3500,0
2017-04-13,20:10:00,15.6,15.7,15.575,15.625,9962,0
2017-04-13,20:15:00,15.625,15.7,15.625,15.625,5850,0
2017-04-13,20:20:00,15.625,15.65,15.6,15.65,3700,0
2017-04-13,20:25:00,15.65,15.65,15.6,15.6,5126,0
2017-04-13,20:30:00,15.6,15.65,15.575,15.625,3900,0
2017-04-13,20:35:00,15.625,15.65,15.625,15.65,3200,0
2017-04-13,20:40:00,15.65,15.675,15.6,15.625,2660,0
2017-04-13,20:45:00,15.6,15.625,15.6,15.6,590,0
2017-04-13,20:50:00,15.6,15.625,15.6,15.625,1184,0
2017-04-13,20:55:00,15.6,15.6,15.55,15.55,6771,0
2017-04-13,21:00:00,15.55,15.6,15.55,15.6,6208,0
2017-04-13,21:05:00,15.575,15.625,15.575,15.575,4075,0
2017-04-13,21:10:00,15.575,15.6,15.575,15.575,3400,0
2017-04-13,21:15:00,15.575,15.6,15.5,15.575,11423,0
2017-04-13,21:20:00,15.55,15.55,15.5,15.525,3100,0
2017-04-13,21:25:00,15.525,15.525,15.5,15.525,2100,0
2017-04-13,21:30:00,15.525,15.55,15.475,15.55,11622,0
2017-04-13,21:35:00,15.5,15.55,15.475,15.525,12600,0
2017-04-13,21:40:00,15.525,15.55,15.475,15.475,4235,0
2017-04-13,21:45:00,15.475,15.525,15.475,15.475,15621,0
2017-04-13,21:50:00,15.5,15.525,15.475,15.5,20675,0
2017-04-13,21:55:00,15.525,15.55,15.475,15.525,32449,0
2017-04-13,22:00:00,15.525,15.55,15.475,15.55,77304,0
2017-04-17,15:35:00,15.6,15.8,15.46,15.65,2605,0
2017-04-17,15:40:00,15.6,15.6,15.55,15.55,1500,0
2017-04-17,15:45:00,15.5,15.55,15.5,15.55,8794,0
2017-04-17,15:50:00,15.55,15.55,15.5,15.5,600,0
2017-04-17,15:55:00,15.55,15.55,15.55,15.55,1346,0
2017-04-17,16:05:00,15.55,15.55,15.55,15.55,600,0
2017-04-17,16:15:00,15.55,15.575,15.55,15.55,3770,0
2017-04-17,16:20:00,15.55,15.6,15.55,15.6,300,0
2017-04-17,16:25:00,15.55,15.55,15.55,15.55,200,0
2017-04-17,16:30:00,15.55,15.55,15.525,15.525,700,0
2017-04-17,16:35:00,15.517,15.525,15.517,15.525,600,0
2017-04-17,16:40:00,15.5,15.5,15.45,15.45,1540,0
2017-04-17,16:45:00,15.45,15.475,15.425,15.45,2550,0
2017-04-17,16:50:00,15.45,15.525,15.45,15.5,3100,0
2017-04-17,16:55:00,15.5,15.5,15.5,15.5,100,0
2017-04-17,17:00:00,15.5,15.55,15.475,15.55,1500,0
2017-04-17,17:05:00,15.55,15.625,15.55,15.625,2900,0
2017-04-17,17:10:00,15.6,15.625,15.6,15.625,3625,0
2017-04-17,17:15:00,15.624,15.65,15.624,15.625,764,0
2017-04-17,17:20:00,15.6,15.6,15.55,15.6,400,0
2017-04-17,17:25:00,15.6,15.6,15.6,15.6,100,0
2017-04-17,17:30:00,15.6,15.6,15.6,15.6,1182,0
2017-04-17,17:40:00,15.65,15.65,15.65,15.65,2000,0
2017-04-17,17:45:00,15.65,15.7,15.65,15.65,1300,0
2017-04-17,17:55:00,15.6,15.625,15.575,15.575,1600,0
2017-04-17,18:00:00,15.55,15.575,15.55,15.575,800,0
2017-04-17,18:05:00,15.6,15.6,15.6,15.6,1418,0
2017-04-17,18:10:00,15.6,15.6,15.575,15.575,1600,0
2017-04-17,18:15:00,15.6,15.65,15.575,15.65,600,0
2017-04-17,18:20:00,15.65,15.65,15.625,15.625,945,0
2017-04-17,18:25:00,15.65,15.65,15.65,15.65,300,0
2017-04-17,18:35:00,15.65,15.65,15.65,15.65,100,0
2017-04-17,18:40:00,15.6,15.6,15.55,15.575,1634,0
2017-04-17,18:45:00,15.6,15.6,15.575,15.575,412,0
2017-04-17,18:50:00,15.65,15.65,15.65,15.65,100,0
2017-04-17,18:55:00,15.6,15.6,15.5744,15.5744,1597,0
2017-04-17,19:00:00,15.575,15.575,15.575,15.575,100,0
2017-04-17,19:05:00,15.6,15.6,15.6,15.6,100,0
2017-04-17,19:15:00,15.571,15.571,15.571,15.571,800,0
2017-04-17,19:20:00,15.55,15.55,15.55,15.55,100,0
2017-04-17,19:25:00,15.575,15.575,15.55,15.575,400,0
2017-04-17,19:30:00,15.575,15.575,15.575,15.575,100,0
2017-04-17,19:45:00,15.575,15.6,15.575,15.575,300,0
2017-04-17,19:55:00,15.5763,15.6,15.55,15.6,800,0
2017-04-17,20:00:00,15.575,15.575,15.575,15.575,200,0
2017-04-17,20:05:00,15.6,15.65,15.6,15.625,2000,0
2017-04-17,20:10:00,15.625,15.65,15.575,15.6,2600,0
2017-04-17,20:15:00,15.6,15.65,15.6,15.6,2150,0
2017-04-17,20:20:00,15.625,15.625,15.625,15.625,200,0
2017-04-17,20:25:00,15.65,15.65,15.65,15.65,100,0
2017-04-17,20:30:00,15.6,15.6,15.6,15.6,100,0
2017-04-17,20:35:00,15.6,15.65,15.6,15.65,400,0
2017-04-17,20:40:00,15.65,15.675,15.625,15.6372,3014,0
2017-04-17,20:45:00,15.65,15.65,15.65,15.65,1350,0
2017-04-17,20:50:00,15.675,15.675,15.675,15.675,100,0
2017-04-17,20:55:00,15.65,15.675,15.6,15.6,2550,0
2017-04-17,21:05:00,15.625,15.625,15.625,15.625,100,0
2017-04-17,21:10:00,15.625,15.65,15.625,15.625,3953,0
2017-04-17,21:15:00,15.65,15.675,15.6,15.675,3500,0
2017-04-17,21:20:00,15.675,15.75,15.675,15.75,6900,0
2017-04-17,21:25:00,15.725,15.75,15.7,15.725,3000,0
2017-04-17,21:30:00,15.725,15.8,15.71,15.775,5090,0
2017-04-17,21:35:00,15.8,15.825,15.7663,15.8,9736,0
2017-04-17,21:40:00,15.75,15.8,15.75,15.8,900,0
2017-04-17,21:45:00,15.775,15.8,15.75,15.775,3422,0
2017-04-17,21:50:00,15.75,15.85,15.75,15.825,11159,0
2017-04-17,21:55:00,15.825,15.85,15.8,15.825,6821,0
2017-04-17,22:00:00,15.85,15.875,15.8,15.85,47514,0
2017-04-18,15:35:00,15.75,15.75,15.6,15.65,1515,0
2017-04-18,15:40:00,15.7,15.8,15.65,15.8,2985,0
2017-04-18,15:45:00,15.8,15.85,15.75,15.75,900,0
2017-04-18,15:50:00,15.85,15.85,15.85,15.85,300,0
2017-04-18,15:55:00,15.8,15.85,15.8,15.85,800,0
2017-04-18,16:00:00,15.8,15.85,15.8,15.85,2700,0
2017-04-18,16:05:00,15.825,15.85,15.8,15.8,3217,0
2017-04-18,16:10:00,15.75,15.75,15.7,15.75,2700,0
2017-04-18,16:15:00,15.75,15.8,15.7,15.7,600,0
2017-04-18,16:20:00,15.7,15.7,15.65,15.65,544,0
2017-04-18,16:25:00,15.675,15.7,15.65,15.7,1300,0
2017-04-18,16:30:00,15.75,15.8,15.75,15.75,2900,0
2017-04-18,16:35:00,15.75,15.775,15.75,15.75,2000,0
2017-04-18,16:40:00,15.75,15.775,15.7,15.775,2500,0
2017-04-18,16:45:00,15.75,15.8,15.725,15.725,3900,0
2017-04-18,16:50:00,15.75,15.8,15.725,15.725,2508,0
2017-04-18,16:55:00,15.7,15.725,15.7,15.725,3300,0
2017-04-18,17:00:00,15.7,15.7,15.7,15.7,1900,0
2017-04-18,17:05:00,15.675,15.675,15.65,15.675,1600,0
2017-04-18,17:10:00,15.65,15.65,15.65,15.65,2245,0
2017-04-18,17:15:00,15.675,15.675,15.65,15.65,300,0
2017-04-18,17:20:00,15.65,15.675,15.65,15.675,300,0
2017-04-18,17:25:00,15.65,15.7,15.65,15.7,1800,0
2017-04-18,17:30:00,15.65,15.7,15.65,15.7,2378,0
2017-04-18,17:35:00,15.7,15.7,15.65,15.65,2289,0
2017-04-18,17:40:00,15.65,15.65,15.6,15.625,1600,0
2017-04-18,17:45:00,15.6,15.625,15.575,15.6,3963,0
2017-04-18,17:50:00,15.6,15.6,15.5,15.575,2556,0
2017-04-18,17:55:00,15.55,15.625,15.55,15.6,3393,0
2017-04-18,18:00:00,15.6,15.6,15.575,15.6,700,0
2017-04-18,18:05:00,15.55,15.575,15.5,15.567,3200,0
2017-04-18,18:10:00,15.575,15.575,15.575,15.575,300,0
2017-04-18,18:15:00,15.55,15.65,15.55,15.65,3500,0
2017-04-18,18:20:00,15.6,15.6,15.575,15.6,1242,0
2017-04-18,18:25:00,15.6,15.625,15.6,15.625,1600,0
2017-04-18,18:30:00,15.65,15.65,15.65,15.65,200,0
2017-04-18,18:35:00,15.625,15.625,15.625,15.625,300,0
2017-04-18,18:40:00,15.625,15.65,15.625,15.65,600,0
2017-04-18,18:45:00,15.625,15.65,15.625,15.65,2200,0
2017-04-18,18:50:00,15.625,15.625,15.625,15.625,200,0
2017-04-18,18:55:00,15.625,15.7,15.625,15.675,2010,0
2017-04-18,19:00:00,15.675,15.675,15.675,15.675,300,0
2017-04-18,19:05:00,15.675,15.7,15.675,15.7,200,0
2017-04-18,19:10:00,15.675,15.675,15.675,15.675,200,0
2017-04-18,19:15:00,15.675,15.725,15.675,15.7,4600,0
2017-04-18,19:20:00,15.75,15.75,15.725,15.725,1200,0
2017-04-18,19:25:00,15.7,15.725,15.7,15.725,200,0
2017-04-18,19:30:00,15.725,15.725,15.725,15.725,100,0
2017-04-18,19:35:00,15.7,15.75,15.7,15.75,1700,0
2017-04-18,19:40:00,15.7755,15.7755,15.75,15.775,1355,0
2017-04-18,19:45:00,15.8,15.8,15.775,15.775,200,0
2017-04-18,19:50:00,15.8,15.8,15.775,15.775,300,0
2017-04-18,19:55:00,15.775,15.8,15.775,15.8,2800,0
2017-04-18,20:00:00,15.775,15.8,15.775,15.8,678,0
2017-04-18,20:05:00,15.8,15.85,15.8,15.85,5323,0
2017-04-18,20:10:00,15.85,15.85,15.825,15.85,1400,0
2017-04-18,20:15:00,15.85,15.85,15.825,15.825,300,0
2017-04-18,20:25:00,15.85,15.875,15.775,15.775,8586,0
2017-04-18,20:30:00,15.7831,15.8,15.775,15.8,5591,0
2017-04-18,20:35:00,15.8,15.8,15.775,15.775,1100,0
2017-04-18,20:40:00,15.8,15.825,15.775,15.775,2500,0
2017-04-18,20:45:00,15.775,15.775,15.725,15.75,3764,0
2017-04-18,20:50:00,15.725,15.775,15.725,15.775,600,0
2017-04-18,20:55:00,15.75,15.775,15.75,15.775,200,0
2017-04-18,21:00:00,15.75,15.75,15.7,15.725,3300,0
2017-04-18,21:05:00,15.725,15.725,15.7,15.725,900,0
2017-04-18,21:10:00,15.7,15.7,15.7,15.7,200,0
2017-04-18,21:15:00,15.75,15.775,15.65,15.725,7189,0
2017-04-18,21:20:00,15.7267,15.7267,15.725,15.725,651,0
2017-04-18,21:25:00,15.725,15.8,15.725,15.775,5130,0
2017-04-18,21:30:00,15.775,15.8,15.775,15.775,800,0
2017-04-18,21:35:00,15.8,15.8,15.775,15.775,1500,0
2017-04-18,21:40:00,15.775,15.85,15.775,15.85,5737,0
2017-04-18,21:45:00,15.825,15.85,15.825,15.85,1173,0
2017-04-18,21:50:00,15.825,15.85,15.825,15.825,1700,0
2017-04-18,21:55:00,15.8243,15.85,15.75,15.775,17574,0
2017-04-18,22:00:00,15.775,15.8,15.75,15.8,51118,0
2017-04-19,15:35:00,15.9,16,15.754,16,2823,0
2017-04-19,15:40:00,16,16.1,16,16.05,3591,0
2017-04-19,15:45:00,15.9,16,15.9,15.986,4959,0
2017-04-19,15:50:00,15.95,16.05,15.9,16,2492,0
2017-04-19,15:55:00,15.975,16,15.9,15.95,1600,0
2017-04-19,16:00:00,15.975,16.1,15.975,16.1,2468,0
2017-04-19,16:05:00,16.05,16.05,16,16.05,1322,0
2017-04-19,16:10:00,16.025,16.05,16,16.05,900,0
2017-04-19,16:15:00,16.05,16.075,16.05,16.075,4196,0
2017-04-19,16:20:00,16.075,16.1,16.075,16.1,1400,0
2017-04-19,16:25:00,16.1,16.1,16.025,16.025,7000,0
2017-04-19,16:30:00,16.05,16.1,16.05,16.075,2638,0
2017-04-19,16:35:00,16.05,16.05,16.025,16.05,3800,0
2017-04-19,16:40:00,16.05,16.075,16.05,16.075,800,0
2017-04-19,16:45:00,16.05,16.1,16.05,16.075,600,0
2017-04-19,16:50:00,16.075,16.075,16.05,16.05,3615,0
2017-04-19,16:55:00,16.025,16.025,16.025,16.025,100,0
2017-04-19,17:00:00,16.025,16.075,16,16.075,1800,0
2017-04-19,17:05:00,16.075,16.0818,16.025,16.025,3822,0
2017-04-19,17:10:00,16.025,16.025,16.025,16.025,300,0
2017-04-19,17:15:00,16.025,16.05,16.025,16.05,300,0
2017-04-19,17:20:00,16.025,16.025,16.025,16.025,100,0
2017-04-19,17:25:00,16.025,16.05,16.025,16.025,400,0
2017-04-19,17:30:00,16.05,16.125,16.05,16.1,5483,0
2017-04-19,17:35:00,16.125,16.125,16.1,16.1,4781,0
2017-04-19,17:40:00,16.15,16.15,16.1,16.1,600,0
2017-04-19,17:45:00,16.125,16.15,16.125,16.15,400,0
2017-04-19,17:50:00,16.1,16.1251,16.075,16.075,5688,0
2017-04-19,17:55:00,16.1,16.1,16.05,16.075,400,0
2017-04-19,18:00:00,16.1,16.125,16.075,16.1,4000,0
2017-04-19,18:10:00,16.075,16.0829,16.05,16.05,618,0
2017-04-19,18:15:00,16.05,16.075,16.025,16.025,2448,0
2017-04-19,18:20:00,16.025,16.025,16.0078,16.025,5200,0
2017-04-19,18:25:00,16.025,16.075,16.025,16.075,3683,0
2017-04-19,18:30:00,16.1,16.1,16.025,16.075,5241,0
2017-04-19,18:35:00,16.075,16.075,16.05,16.05,400,0
2017-04-19,18:40:00,16.075,16.075,16.05,16.075,500,0
2017-04-19,18:45:00,16.05,16.05,16.025,16.025,2085,0
2017-04-19,18:50:00,16,16,16,16,100,0
2017-04-19,18:55:00,16.025,16.05,16.025,16.025,1400,0
2017-04-19,19:00:00,16.05,16.05,16.05,16.05,3090,0
2017-04-19,19:05:00,16.075,16.075,16,16.025,4614,0
2017-04-19,19:10:00,16.025,16.025,16,16,2000,0
2017-04-19,19:15:00,16,16,15.95,15.975,3500,0
2017-04-19,19:20:00,16,16,16,16,5766,0
2017-04-19,19:25:00,16.05,16.05,16.05,16.05,100,0
2017-04-19,19:30:00,16.05,16.05,16.05,16.05,700,0
2017-04-19,19:35:00,16.05,16.1,16.05,16.05,2200,0
2017-04-19,19:40:00,16,16,16,16,500,0
2017-04-19,19:45:00,16,16.05,16,16.05,3400,0
2017-04-19,19:50:00,16.025,16.025,16.025,16.025,400,0
2017-04-19,19:55:00,16.025,16.025,16.025,16.025,200,0
2017-04-19,20:00:00,16.05,16.05,16.025,16.025,600,0
2017-04-19,20:05:00,16,16.05,16,16.025,1700,0
2017-04-19,20:10:00,16.025,16.025,15.95,16.025,5735,0
2017-04-19,20:15:00,16.025,16.05,16,16.025,2100,0
2017-04-19,20:20:00,16.025,16.025,16,16.025,3400,0
2017-04-19,20:25:00,16.025,16.025,15.95,15.975,2300,0
2017-04-19,20:30:00,15.975,16.025,15.95,16.025,4749,0
2017-04-19,20:35:00,16.025,16.025,16.025,16.025,200,0
2017-04-19,20:40:00,16.025,16.05,16.025,16.025,600,0
2017-04-19,20:45:00,16.05,16.05,16.05,16.05,2500,0
2017-04-19,20:50:00,16.025,16.025,16,16,2700,0
2017-04-19,20:55:00,16.025,16.025,15.975,15.975,4700,0
2017-04-19,21:00:00,15.975,15.975,15.975,15.975,300,0
2017-04-19,21:05:00,15.95,15.975,15.9,15.975,7268,0
2017-04-19,21:10:00,15.95,16,15.95,16,3800,0
2017-04-19,21:15:00,16,16,16,16,2176,0
2017-04-19,21:20:00,16,16,15.975,16,1207,0
2017-04-19,21:25:00,16,16.025,15.975,15.9751,4925,0
2017-04-19,21:30:00,15.975,16,15.9,15.925,13590,0
2017-04-19,21:35:00,15.925,15.95,15.9,15.95,12103,0
2017-04-19,21:40:00,15.95,15.975,15.9,15.925,4488,0
2017-04-19,21:45:00,15.95,15.95,15.9,15.925,2092,0
2017-04-19,21:50:00,15.9,16,15.9,16,16189,0
2017-04-19,21:55:00,15.95,15.9756,15.95,15.95,2566,0
2017-04-19,22:00:00,15.975,16,15.95,16,16891,0
2017-04-20,15:35:00,16.15,16.3,16,16.25,3124,0
2017-04-20,15:40:00,16.2,16.3,16.2,16.25,400,0
2017-04-20,15:45:00,16.25,16.25,16,16.2,11901,0
2017-04-20,15:50:00,16.15,16.2,16.15,16.2,2330,0
2017-04-20,15:55:00,16.175,16.25,16.15,16.2,22812,0
2017-04-20,16:00:00,16.2,16.2,16.1,16.15,3426,0
2017-04-20,16:05:00,16.1,16.2,16.1,16.2,3675,0
2017-04-20,16:10:00,16.1,16.15,16.1,16.1,1600,0
2017-04-20,16:15:00,16.1,16.15,16.05,16.1,17337,0
2017-04-20,16:20:00,16.1,16.15,16.1,16.15,2016,0
2017-04-20,16:25:00,16.15,16.2,16.15,16.2,4100,0
2017-04-20,16:30:00,16.175,16.2,16.15,16.15,19977,0
2017-04-20,16:35:00,16.175,16.175,16.175,16.175,1776,0
2017-04-20,16:40:00,16.175,16.2,16.15,16.175,2400,0
2017-04-20,16:45:00,16.175,16.175,16.175,16.175,400,0
2017-04-20,16:50:00,16.2,16.25,16.2,16.225,4500,0
2017-04-20,16:55:00,16.2,16.25,16.2,16.25,800,0
2017-04-20,17:00:00,16.25,16.25,16.25,16.25,100,0
2017-04-20,17:05:00,16.25,16.25,16.175,16.175,8470,0
2017-04-20,17:10:00,16.175,16.25,16.175,16.225,1600,0
2017-04-20,17:15:00,16.25,16.3,16.25,16.275,8900,0
2017-04-20,17:25:00,16.25,16.3,16.25,16.275,3000,0
2017-04-20,17:30:00,16.3,16.3,16.25,16.26,3600,0
2017-04-20,17:35:00,16.275,16.3,16.275,16.275,1000,0
2017-04-20,17:40:00,16.25,16.325,16.25,16.3,12120,0
2017-04-20,17:45:00,16.325,16.325,16.3,16.3,1100,0
2017-04-20,17:50:00,16.3,16.325,16.3,16.325,5284,0
2017-04-20,17:55:00,16.325,16.325,16.275,16.275,8303,0
2017-04-20,18:00:00,16.275,16.275,16.25,16.25,2746,0
2017-04-20,18:05:00,16.275,16.275,16.275,16.275,200,0
2017-04-20,18:10:00,16.275,16.3,16.275,16.3,1850,0
2017-04-20,18:15:00,16.3,16.3,16.3,16.3,2845,0
2017-04-20,18:20:00,16.275,16.3,16.275,16.3,1500,0
2017-04-20,18:25:00,16.3,16.325,16.3,16.325,3000,0
2017-04-20,18:30:00,16.3,16.325,16.275,16.3,1800,0
2017-04-20,18:35:00,16.275,16.325,16.275,16.3,1600,0
2017-04-20,18:40:00,16.3,16.3,16.3,16.3,100,0
2017-04-20,18:45:00,16.325,16.35,16.3,16.3,1300,0
2017-04-20,18:50:00,16.325,16.35,16.325,16.35,300,0
2017-04-20,18:55:00,16.35,16.375,16.325,16.35,8718,0
2017-04-20,19:00:00,16.35,16.35,16.3,16.325,2323,0
2017-04-20,19:05:00,16.325,16.325,16.3,16.325,400,0
2017-04-20,19:10:00,16.325,16.325,16.275,16.275,2493,0
2017-04-20,19:15:00,16.275,16.3,16.25,16.3,2000,0
2017-04-20,19:20:00,16.3,16.3,16.275,16.275,300,0
2017-04-20,19:25:00,16.275,16.275,16.225,16.25,3590,0
2017-04-20,19:30:00,16.225,16.225,16.225,16.225,100,0
2017-04-20,19:35:00,16.25,16.3,16.25,16.275,1900,0
2017-04-20,19:40:00,16.3,16.35,16.3,16.325,3421,0
2017-04-20,19:45:00,16.35,16.35,16.325,16.325,500,0
2017-04-20,19:50:00,16.275,16.325,16.25,16.3,2300,0
2017-04-20,19:55:00,16.35,16.35,16.3,16.3322,3330,0
2017-04-20,20:00:00,16.35,16.35,16.3,16.3,915,0
2017-04-20,20:05:00,16.35,16.375,16.325,16.35,3400,0
2017-04-20,20:10:00,16.3,16.325,16.3,16.3,3104,0
2017-04-20,20:15:00,16.275,16.3,16.25,16.3,300,0
2017-04-20,20:20:00,16.255,16.325,16.255,16.3,2800,0
2017-04-20,20:25:00,16.3,16.3,16.255,16.3,3700,0
2017-04-20,20:30:00,16.35,16.375,16.35,16.35,4887,0
2017-04-20,20:35:00,16.35,16.35,16.3337,16.3337,202,0
2017-04-20,20:40:00,16.35,16.4,16.35,16.4,3100,0
2017-04-20,20:45:00,16.375,16.375,16.3252,16.35,1800,0
2017-04-20,20:50:00,16.35,16.375,16.3,16.325,3919,0
2017-04-20,20:55:00,16.35,16.35,16.35,16.35,100,0
2017-04-20,21:00:00,16.35,16.35,16.35,16.35,100,0
2017-04-20,21:05:00,16.35,16.35,16.3,16.325,4786,0
2017-04-20,21:10:00,16.325,16.325,16.3,16.325,600,0
2017-04-20,21:15:00,16.325,16.375,16.325,16.35,14183,0
2017-04-20,21:20:00,16.35,16.4,16.35,16.375,4853,0
2017-04-20,21:25:00,16.35,16.4,16.35,16.3747,5560,0
2017-04-20,21:30:00,16.375,16.4,16.35,16.35,900,0
2017-04-20,21:35:00,16.35,16.425,16.35,16.425,8654,0
2017-04-20,21:40:00,16.4,16.425,16.375,16.4,4842,0
2017-04-20,21:45:00,16.375,16.45,16.375,16.45,8275,0
2017-04-20,21:50:00,16.4,16.45,16.375,16.4,15894,0
2017-04-20,21:55:00,16.375,16.4,16.35,16.375,5973,0
2017-04-20,22:00:00,16.375,16.4,16.35,16.4,69594,0
2017-04-21,15:35:00,16.4,16.4,16.3,16.3,25300,0
2017-04-21,15:40:00,16.3,16.4,16.3,16.375,1800,0
2017-04-21,15:45:00,16.35,16.45,16.35,16.425,4400,0
2017-04-21,15:50:00,16.425,16.45,16.4,16.4,4363,0
2017-04-21,15:55:00,16.425,16.425,16.35,16.35,4797,0
2017-04-21,16:00:00,16.375,16.375,16.375,16.375,400,0
2017-04-21,16:05:00,16.4,16.425,16.4,16.425,1885,0
2017-04-21,16:10:00,16.4247,16.4247,16.4247,16.4247,234,0
2017-04-21,16:20:00,16.45,16.475,16.45,16.475,1000,0
2017-04-21,16:25:00,16.5,16.55,16.5,16.525,1200,0
2017-04-21,16:30:00,16.55,16.55,16.55,16.55,300,0
2017-04-21,16:35:00,16.525,16.525,16.45,16.5,25849,0
2017-04-21,16:40:00,16.5,16.525,16.475,16.475,11258,0
2017-04-21,16:45:00,16.5,16.5,16.45,16.5,8800,0
2017-04-21,16:50:00,16.525,16.575,16.525,16.55,9178,0
2017-04-21,16:55:00,16.5,16.575,16.5,16.55,4600,0
2017-04-21,17:00:00,16.55,16.55,16.5,16.55,3490,0
2017-04-21,17:05:00,16.55,16.55,16.475,16.475,39904,0
2017-04-21,17:10:00,16.475,16.475,16.35,16.375,12054,0
2017-04-21,17:15:00,16.375,16.4,16.325,16.4,12666,0
2017-04-21,17:20:00,16.4,16.425,16.35,16.425,6218,0
2017-04-21,17:25:00,16.4,16.425,16.4,16.425,300,0
2017-04-21,17:30:00,16.425,16.425,16.375,16.425,10200,0
2017-04-21,17:35:00,16.425,16.45,16.425,16.425,1200,0
2017-04-21,17:40:00,16.45,16.45,16.4,16.425,2800,0
2017-04-21,17:45:00,16.425,16.425,16.375,16.375,7475,0
2017-04-21,17:50:00,16.375,16.375,16.375,16.375,600,0
2017-04-21,17:55:00,16.375,16.375,16.325,16.375,5004,0
2017-04-21,18:00:00,16.375,16.375,16.375,16.375,500,0
2017-04-21,18:05:00,16.375,16.4,16.375,16.375,1800,0
2017-04-21,18:10:00,16.375,16.375,16.375,16.375,700,0
2017-04-21,18:15:00,16.375,16.4,16.325,16.325,7128,0
2017-04-21,18:20:00,16.325,16.35,16.3,16.325,2300,0
2017-04-21,18:25:00,16.325,16.325,16.325,16.325,700,0
2017-04-21,18:30:00,16.325,16.326,16.275,16.275,3018,0
2017-04-21,18:35:00,16.3,16.325,16.3,16.325,1800,0
2017-04-21,18:40:00,16.325,16.325,16.325,16.325,600,0
2017-04-21,18:45:00,16.325,16.35,16.325,16.325,900,0
2017-04-21,18:50:00,16.325,16.325,16.275,16.325,3400,0
2017-04-21,18:55:00,16.325,16.35,16.325,16.35,300,0
2017-04-21,19:00:00,16.35,16.35,16.325,16.325,4200,0
2017-04-21,19:05:00,16.325,16.35,16.3,16.325,756,0
2017-04-21,19:10:00,16.325,16.325,16.3,16.325,800,0
2017-04-21,19:15:00,16.3,16.3,16.25,16.275,5700,0
2017-04-21,19:20:00,16.275,16.275,16.2,16.25,5836,0
2017-04-21,19:25:00,16.25,16.3,16.25,16.3,2154,0
2017-04-21,19:30:00,16.3,16.325,16.25,16.325,6200,0
2017-04-21,19:35:00,16.325,16.325,16.325,16.325,800,0
2017-04-21,19:40:00,16.3,16.3,16.25,16.275,15692,0
2017-04-21,19:45:00,16.25,16.275,16.25,16.275,1621,0
2017-04-21,19:50:00,16.275,16.3,16.26,16.275,1200,0
2017-04-21,19:55:00,16.275,16.3,16.275,16.275,6221,0
2017-04-21,20:00:00,16.3,16.35,16.3,16.35,12272,0
2017-04-21,20:05:00,16.35,16.375,16.35,16.35,8805,0
2017-04-21,20:10:00,16.35,16.375,16.325,16.35,13404,0
2017-04-21,20:15:00,16.4,16.4,16.4,16.4,200,0
2017-04-21,20:20:00,16.375,16.4,16.375,16.375,2200,0
2017-04-21,20:25:00,16.4,16.425,16.4,16.425,14148,0
2017-04-21,20:30:00,16.425,16.425,16.425,16.425,2200,0
2017-04-21,20:35:00,16.425,16.45,16.4154,16.425,3300,0
2017-04-21,20:40:00,16.41,16.445,16.4,16.425,5937,0
2017-04-21,20:45:00,16.425,16.425,16.4,16.4,5200,0
2017-04-21,20:50:00,16.3743,16.425,16.3743,16.4,6741,0
2017-04-21,20:55:00,16.4,16.4,16.375,16.4,2000,0
2017-04-21,21:00:00,16.375,16.45,16.375,16.45,2600,0
2017-04-21,21:05:00,16.425,16.45,16.4,16.45,2400,0
2017-04-21,21:10:00,16.45,16.45,16.4,16.45,2500,0
2017-04-21,21:15:00,16.45,16.45,16.425,16.45,2300,0
2017-04-21,21:20:00,16.45,16.475,16.425,16.425,7105,0
2017-04-21,21:25:00,16.425,16.425,16.425,16.425,1400,0
2017-04-21,21:30:00,16.425,16.45,16.375,16.425,5500,0
2017-04-21,21:35:00,16.425,16.45,16.4,16.425,2800,0
2017-04-21,21:40:00,16.4,16.45,16.4,16.45,1600,0
2017-04-21,21:45:00,16.45,16.5,16.45,16.5,4420,0
2017-04-21,21:50:00,16.475,16.5,16.45,16.5,3724,0
2017-04-21,21:55:00,16.5,16.5,16.4,16.4,24010,0
2017-04-21,22:00:00,16.425,16.45,16.35,16.35,60333,0
2017-04-24,15:35:00,16.85,16.85,16.65,16.7,6059,0
2017-04-24,15:40:00,16.777,16.8,16.7,16.75,3000,0
2017-04-24,15:45:00,16.8,16.85,16.775,16.8,7812,0
2017-04-24,15:50:00,16.775,16.85,16.775,16.85,4210,0
2017-04-24,15:55:00,16.85,16.95,16.85,16.8752,6335,0
2017-04-24,16:00:00,16.9,16.9,16.875,16.875,5705,0
2017-04-24,16:05:00,16.9,16.9832,16.9,16.9832,8372,0
2017-04-24,16:10:00,16.95,17,16.925,16.95,5490,0
2017-04-24,16:15:00,16.95,17,16.95,17,2277,0
2017-04-24,16:20:00,17,17,16.95,16.95,500,0
2017-04-24,16:25:00,16.925,16.925,16.875,16.875,3871,0
2017-04-24,16:30:00,16.85,16.875,16.8,16.85,11609,0
2017-04-24,16:35:00,16.8,16.85,16.75,16.825,18584,0
2017-04-24,16:40:00,16.75,16.775,16.7,16.75,2200,0
2017-04-24,16:45:00,16.75,16.825,16.7,16.75,3100,0
2017-04-24,16:50:00,16.775,16.8,16.775,16.8,500,0
2017-04-24,16:55:00,16.775,16.825,16.775,16.8,3000,0
2017-04-24,17:00:00,16.8,16.85,16.75,16.85,1621,0
2017-04-24,17:05:00,16.825,16.875,16.8,16.85,3519,0
2017-04-24,17:10:00,16.825,16.9,16.825,16.85,4989,0
2017-04-24,17:15:00,16.875,16.875,16.825,16.825,3424,0
2017-04-24,17:20:00,16.85,16.85,16.81,16.825,2600,0
2017-04-24,17:25:00,16.825,16.875,16.825,16.875,2449,0
2017-04-24,17:30:00,16.85,16.85,16.825,16.85,3070,0
2017-04-24,17:40:00,16.825,16.85,16.8,16.8,1167,0
2017-04-24,17:45:00,16.8,16.825,16.775,16.825,4358,0
2017-04-24,17:50:00,16.8,16.8302,16.75,16.8302,2991,0
2017-04-24,17:55:00,16.85,16.8732,16.8,16.85,1500,0
2017-04-24,18:00:00,16.85,16.85,16.85,16.85,200,0
2017-04-24,18:05:00,16.875,16.882,16.8,16.882,2613,0
2017-04-24,18:10:00,16.85,16.875,16.8,16.875,1100,0
2017-04-24,18:15:00,16.879,16.879,16.8,16.8,1933,0
2017-04-24,18:20:00,16.85,16.85,16.825,16.85,5500,0
2017-04-24,18:25:00,16.825,16.825,16.825,16.825,2100,0
2017-04-24,18:30:00,16.825,16.85,16.75,16.75,19091,0
2017-04-24,18:35:00,16.775,16.775,16.75,16.75,200,0
2017-04-24,18:40:00,16.775,16.8,16.75,16.75,31290,0
2017-04-24,18:45:00,16.75,16.775,16.65,16.65,51684,0
2017-04-24,18:50:00,16.65,16.675,16.65,16.65,1600,0
2017-04-24,18:55:00,16.7,16.7,16.65,16.7,13114,0
2017-04-24,19:00:00,16.725,16.725,16.65,16.7,7168,0
2017-04-24,19:05:00,16.725,16.775,16.725,16.775,3294,0
2017-04-24,19:10:00,16.75,16.775,16.75,16.775,500,0
2017-04-24,19:15:00,16.775,16.775,16.7,16.7,6202,0
2017-04-24,19:20:00,16.725,16.725,16.7,16.7,300,0
2017-04-24,19:25:00,16.725,16.75,16.7,16.7,4283,0
2017-04-24,19:30:00,16.7,16.775,16.7,16.725,2900,0
2017-04-24,19:35:00,16.725,16.725,16.7,16.7,1100,0
2017-04-24,19:40:00,16.725,16.75,16.725,16.725,2250,0
2017-04-24,19:45:00,16.725,16.75,16.725,16.725,5327,0
2017-04-24,19:50:00,16.725,16.725,16.725,16.725,2300,0
2017-04-24,19:55:00,16.725,16.745,16.65,16.725,16640,0
2017-04-24,20:00:00,16.7,16.74,16.7,16.725,911,0
2017-04-24,20:05:00,16.725,16.725,16.65,16.65,2720,0
2017-04-24,20:10:00,16.675,16.675,16.65,16.65,900,0
2017-04-24,20:15:00,16.675,16.675,16.65,16.65,3545,0
2017-04-24,20:20:00,16.65,16.675,16.65,16.675,1400,0
2017-04-24,20:25:00,16.65,16.675,16.65,16.65,1700,0
2017-04-24,20:30:00,16.65,16.725,16.625,16.725,23297,0
2017-04-24,20:35:00,16.725,16.775,16.7,16.7,6092,0
2017-04-24,20:40:00,16.725,16.725,16.675,16.7,6311,0
2017-04-24,20:45:00,16.7,16.725,16.675,16.675,4218,0
2017-04-24,20:50:00,16.675,16.7,16.675,16.675,1300,0
2017-04-24,20:55:00,16.675,16.675,16.625,16.625,4357,0
2017-04-24,21:00:00,16.6,16.625,16.6,16.6,6300,0
2017-04-24,21:05:00,16.625,16.675,16.6,16.675,4100,0
2017-04-24,21:10:00,16.675,16.675,16.65,16.65,600,0
2017-04-24,21:15:00,16.675,16.725,16.65,16.7,6400,0
2017-04-24,21:20:00,16.7,16.725,16.675,16.7,3400,0
2017-04-24,21:25:00,16.7,16.75,16.7,16.725,1800,0
2017-04-24,21:30:00,16.7,16.725,16.675,16.7,9684,0
2017-04-24,21:35:00,16.7,16.725,16.665,16.675,13250,0
2017-04-24,21:40:00,16.675,16.725,16.675,16.725,2305,0
2017-04-24,21:45:00,16.725,16.75,16.7,16.7,3000,0
2017-04-24,21:50:00,16.7,16.725,16.65,16.65,11501,0
2017-04-24,21:55:00,16.675,16.7,16.65,16.7,6412,0
2017-04-24,22:00:00,16.675,16.7,16.65,16.65,53545,0
2017-04-25,15:35:00,16.75,16.9,16.6,16.85,9834,0
2017-04-25,15:40:00,16.8,16.85,16.6,16.75,20967,0
2017-04-25,15:45:00,16.75,16.75,16.75,16.75,500,0
2017-04-25,15:50:00,16.85,16.9,16.85,16.9,11338,0
2017-04-25,15:55:00,16.85,16.85,16.85,16.85,2102,0
2017-04-25,16:00:00,16.85,16.85,16.85,16.85,2100,0
2017-04-25,16:05:00,16.9,16.9,16.875,16.875,3000,0
2017-04-25,16:10:00,16.9,16.95,16.9,16.9,8409,0
2017-04-25,16:20:00,16.85,16.875,16.85,16.85,2000,0
2017-04-25,16:25:00,16.85,16.85,16.85,16.85,800,0
2017-04-25,16:30:00,16.85,16.875,16.8,16.85,1899,0
2017-04-25,16:35:00,16.8,16.85,16.8,16.825,2400,0
2017-04-25,16:40:00,16.85,16.9,16.8,16.85,4691,0
2017-04-25,16:45:00,16.85,16.85,16.8,16.8,1400,0
2017-04-25,16:50:00,16.8,16.81,16.8,16.8,4332,0
2017-04-25,16:55:00,16.8,16.85,16.8,16.85,1675,0
2017-04-25,17:00:00,16.825,16.825,16.825,16.825,100,0
2017-04-25,17:05:00,16.825,16.875,16.825,16.85,10710,0
2017-04-25,17:10:00,16.85,16.9,16.85,16.9,2298,0
2017-04-25,17:15:00,16.9,16.925,16.85,16.875,3475,0
2017-04-25,17:20:00,16.85,16.925,16.85,16.9,1980,0
2017-04-25,17:25:00,16.85,16.85,16.85,16.85,100,0
2017-04-25,17:30:00,16.875,16.95,16.875,16.9,2300,0
2017-04-25,17:35:00,16.85,16.875,16.85,16.85,2999,0
2017-04-25,17:40:00,16.875,16.875,16.875,16.875,100,0
2017-04-25,17:45:00,16.85,16.875,16.8,16.8,2000,0
2017-04-25,17:50:00,16.825,16.875,16.8,16.875,4856,0
2017-04-25,17:55:00,16.85,16.85,16.825,16.825,3648,0
2017-04-25,18:00:00,16.825,16.85,16.825,16.85,2269,0
2017-04-25,18:05:00,16.85,16.9,16.85,16.875,1700,0
2017-04-25,18:10:00,16.875,16.875,16.875,16.875,100,0
2017-04-25,18:15:00,16.875,16.875,16.8,16.8,3619,0
2017-04-25,18:20:00,16.825,16.9,16.825,16.85,4062,0
2017-04-25,18:25:00,16.875,16.875,16.875,16.875,100,0
2017-04-25,18:30:00,16.875,16.875,16.85,16.85,300,0
2017-04-25,18:35:00,16.875,16.875,16.85,16.85,1912,0
2017-04-25,18:40:00,16.85,16.875,16.825,16.85,3732,0
2017-04-25,18:45:00,16.85,16.85,16.825,16.825,1333,0
2017-04-25,18:50:00,16.85,16.85,16.825,16.825,500,0
2017-04-25,18:55:00,16.85,16.85,16.8,16.8,2000,0
2017-04-25,19:00:00,16.85,16.85,16.8,16.825,1300,0
2017-04-25,19:05:00,16.825,16.85,16.8,16.8,12018,0
2017-04-25,19:10:00,16.85,16.85,16.8,16.8,3400,0
2017-04-25,19:15:00,16.825,16.825,16.8,16.825,400,0
2017-04-25,19:20:00,16.825,16.825,16.825,16.825,400,0
2017-04-25,19:25:00,16.8,16.825,16.8,16.825,600,0
2017-04-25,19:30:00,16.825,16.825,16.775,16.775,2906,0
2017-04-25,19:35:00,16.8,16.8,16.75,16.8,7099,0
2017-04-25,19:40:00,16.8,16.8,16.8,16.8,300,0
2017-04-25,19:45:00,16.8,16.825,16.775,16.775,3000,0
2017-04-25,19:50:00,16.775,16.8,16.75,16.8,900,0
2017-04-25,19:55:00,16.8,16.8,16.775,16.775,1000,0
2017-04-25,20:00:00,16.8,16.8,16.775,16.8,8202,0
2017-04-25,20:05:00,16.775,16.85,16.775,16.825,2550,0
2017-04-25,20:10:00,16.825,16.875,16.8,16.8,2806,0
2017-04-25,20:15:00,16.8,16.85,16.8,16.85,1001,0
2017-04-25,20:20:00,16.85,16.9,16.8,16.8648,3020,0
2017-04-25,20:25:00,16.8,16.875,16.8,16.85,3211,0
2017-04-25,20:30:00,16.8848,16.8848,16.85,16.85,1495,0
2017-04-25,20:35:00,16.85,16.875,16.85,16.875,400,0
2017-04-25,20:40:00,16.875,16.875,16.875,16.875,100,0
2017-04-25,20:45:00,16.9,16.925,16.875,16.9,2681,0
2017-04-25,20:50:00,16.9,16.95,16.8853,16.9,2000,0
2017-04-25,20:55:00,16.9,16.95,16.9,16.95,700,0
2017-04-25,21:00:00,16.95,16.95,16.85,16.875,2600,0
2017-04-25,21:05:00,16.85,16.85,16.85,16.85,400,0
2017-04-25,21:10:00,16.85,16.9,16.825,16.85,5503,0
2017-04-25,21:15:00,16.8,16.85,16.8,16.825,500,0
2017-04-25,21:20:00,16.8,16.825,16.8,16.825,400,0
2017-04-25,21:25:00,16.85,16.85,16.8,16.8,2200,0
2017-04-25,21:30:00,16.825,16.8283,16.75,16.8283,8844,0
2017-04-25,21:35:00,16.85,16.85,16.8,16.825,600,0
2017-04-25,21:40:00,16.8,16.85,16.8,16.825,1490,0
2017-04-25,21:45:00,16.8,16.85,16.8,16.825,19344,0
2017-04-25,21:50:00,16.825,16.85,16.8,16.85,1800,0
2017-04-25,21:55:00,16.85,16.85,16.8,16.825,2602,0
2017-04-25,22:00:00,16.825,16.85,16.8,16.8,68594,0
2017-04-26,15:35:00,16.8,16.95,16.7,16.95,2037,0
2017-04-26,15:40:00,16.8,16.85,16.7,16.825,4400,0
2017-04-26,15:45:00,16.75,16.9,16.75,16.85,900,0
2017-04-26,15:50:00,16.9,16.9,16.85,16.85,900,0
2017-04-26,15:55:00,16.9,16.95,16.85,16.9,4767,0
2017-04-26,16:00:00,16.875,16.95,16.85,16.85,1300,0
2017-04-26,16:05:00,16.85,16.9,16.8,16.85,3199,0
2017-04-26,16:10:00,16.8,16.925,16.8,16.9,3107,0
2017-04-26,16:15:00,16.925,16.925,16.925,16.925,200,0
2017-04-26,16:20:00,16.925,16.925,16.9,16.9,1712,0
2017-04-26,16:25:00,16.9,16.925,16.9,16.9,2008,0
2017-04-26,16:30:00,16.85,16.975,16.85,16.95,5494,0
2017-04-26,16:35:00,16.95,17,16.9,16.95,17855,0
2017-04-26,16:40:00,16.9,16.975,16.9,16.95,3973,0
2017-04-26,16:45:00,16.975,16.975,16.95,16.95,1800,0
2017-04-26,16:50:00,16.95,17,16.95,16.975,12478,0
2017-04-26,16:55:00,16.975,17,16.975,17,5045,0
2017-04-26,17:00:00,17,17,16.975,16.975,5833,0
2017-04-26,17:05:00,16.975,17,16.975,16.975,935,0
2017-04-26,17:10:00,16.975,17,16.975,17,899,0
2017-04-26,17:15:00,16.975,17.05,16.975,17,4261,0
2017-04-26,17:20:00,16.95,17,16.95,17,300,0
2017-04-26,17:25:00,17,17.05,16.95,17.05,8400,0
2017-04-26,17:30:00,17.075,17.075,16.975,17.05,8050,0
2017-04-26,17:35:00,17.075,17.075,17.05,17.05,2800,0
2017-04-26,17:40:00,17.025,17.05,17.025,17.025,1100,0
2017-04-26,17:45:00,17.025,17.025,16.975,17.025,2600,0
2017-04-26,17:50:00,17.025,17.025,16.925,16.95,4242,0
2017-04-26,18:00:00,16.95,16.975,16.9,16.975,2350,0
2017-04-26,18:05:00,16.975,16.975,16.975,16.975,300,0
2017-04-26,18:10:00,16.95,17.025,16.95,17.025,2400,0
2017-04-26,18:15:00,17.05,17.05,17.025,17.025,2400,0
2017-04-26,18:20:00,17.05,17.05,17.025,17.025,700,0
2017-04-26,18:25:00,17.05,17.1,17.025,17.025,3673,0
2017-04-26,18:30:00,17.05,17.075,17.05,17.075,3532,0
2017-04-26,18:35:00,17.075,17.075,17.05,17.075,1384,0
2017-04-26,18:40:00,17.075,17.1,17.05,17.075,1500,0
2017-04-26,18:45:00,17.1,17.1,17,17.075,3500,0
2017-04-26,18:50:00,17.1,17.11,17.05,17.075,14950,0
2017-04-26,18:55:00,17.1,17.125,17.067,17.125,5232,0
2017-04-26,19:00:00,17.125,17.15,17.1158,17.15,1843,0
2017-04-26,19:05:00,17.2,17.2,17.105,17.2,800,0
2017-04-26,19:10:00,17.175,17.175,17.1,17.15,5750,0
2017-04-26,19:15:00,17.15,17.1501,17.15,17.15,3154,0
2017-04-26,19:20:00,17.175,17.175,17.125,17.15,6300,0
2017-04-26,19:25:00,17.15,17.15,17.1143,17.15,3600,0
2017-04-26,19:30:00,17.125,17.125,17.125,17.125,200,0
2017-04-26,19:35:00,17.125,17.15,17.125,17.125,1900,0
2017-04-26,19:40:00,17.125,17.15,17.125,17.125,4380,0
2017-04-26,19:45:00,17.15,17.15,17.125,17.125,400,0
2017-04-26,19:50:00,17.125,17.125,17.1,17.1,4100,0
2017-04-26,19:55:00,17.1,17.1,17.05,17.1,2400,0
2017-04-26,20:00:00,17.1,17.1,17.1,17.1,3770,0
2017-04-26,20:05:00,17.05,17.05,17,17.05,4235,0
2017-04-26,20:10:00,17.05,17.05,16.95,17,14434,0
2017-04-26,20:15:00,17,17,16.975,17,900,0
2017-04-26,20:20:00,17,17.025,16.9645,16.975,6289,0
2017-04-26,20:25:00,17,17,16.9,16.95,17257,0
2017-04-26,20:30:00,16.95,17,16.9,16.925,12394,0
2017-04-26,20:35:00,16.95,16.975,16.95,16.975,900,0
2017-04-26,20:40:00,17,17,16.975,16.975,400,0
2017-04-26,20:45:00,16.975,17,16.95,17,15436,0
2017-04-26,20:50:00,17.01,17.01,17.01,17.01,101,0
2017-04-26,20:55:00,17,17.025,17,17,300,0
2017-04-26,21:00:00,17,17.05,16.95,17.05,3896,0
2017-04-26,21:05:00,17,17.025,17,17.025,200,0
2017-04-26,21:10:00,17,17.0253,17,17.025,1567,0
2017-04-26,21:15:00,17,17.05,17,17,20155,0
2017-04-26,21:20:00,17,17.025,17,17,1200,0
2017-04-26,21:25:00,17,17,16.95,16.975,10006,0
2017-04-26,21:30:00,17,17.025,16.975,17,5511,0
2017-04-26,21:35:00,17.025,17.025,16.975,16.975,8854,0
2017-04-26,21:40:00,16.975,17,16.95,17,3588,0
2017-04-26,21:45:00,17,17,16.975,17,3531,0
2017-04-26,21:50:00,16.975,17,16.9,16.9,10120,0
2017-04-26,21:55:00,16.925,17,16.925,16.975,33128,0
2017-04-26,22:00:00,16.975,17,16.95,17,35543,0
