Date,Time,Open,High,Low,Close,Volume,OpenInt
2017-04-06,15:35:00,28.46,28.46,28.46,28.46,746,0
2017-04-06,15:40:00,28.49,28.58,28.42,28.42,1100,0
2017-04-06,15:45:00,28.485,28.485,28.43,28.43,234,0
2017-04-06,15:50:00,28.36,28.44,28.28,28.33,1100,0
2017-04-06,15:55:00,28.4,28.5,28.4,28.5,400,0
2017-04-06,16:00:00,28.52,28.52,28.52,28.52,100,0
2017-04-06,16:05:00,28.38,28.39,28.35,28.35,300,0
2017-04-06,16:10:00,28.415,28.479,28.39,28.39,700,0
2017-04-06,16:15:00,28.45,28.5,28.45,28.5,300,0
2017-04-06,16:20:00,28.45,28.45,28.41,28.41,300,0
2017-04-06,16:25:00,28.43,28.43,28.43,28.43,100,0
2017-04-06,16:30:00,28.42,28.46,28.42,28.45,400,0
2017-04-06,16:35:00,28.54,28.54,28.54,28.54,100,0
2017-04-06,16:40:00,28.56,28.57,28.56,28.57,200,0
2017-04-06,16:45:00,28.54,28.54,28.42,28.47,500,0
2017-04-06,16:55:00,28.5,28.5,28.5,28.5,300,0
2017-04-06,17:00:00,28.51,28.54,28.48,28.51,500,0
2017-04-06,17:05:00,28.47,28.52,28.47,28.52,300,0
2017-04-06,17:15:00,28.54,28.54,28.52,28.52,500,0
2017-04-06,17:20:00,28.56,28.56,28.56,28.56,200,0
2017-04-06,17:25:00,28.6,28.63,28.57,28.62,600,0
2017-04-06,17:30:00,28.7352,28.79,28.7352,28.75,613,0
2017-04-06,17:40:00,28.73,28.755,28.72,28.74,700,0
2017-04-06,17:45:00,28.73,28.75,28.73,28.75,200,0
2017-04-06,17:50:00,28.76,28.76,28.71,28.755,300,0
2017-04-06,17:55:00,28.77,28.77,28.77,28.77,100,0
2017-04-06,18:00:00,28.78,28.81,28.78,28.81,300,0
2017-04-06,18:05:00,28.78,28.78,28.71,28.71,700,0
2017-04-06,18:10:00,28.77,28.77,28.75,28.77,500,0
2017-04-06,18:20:00,28.7,28.7,28.7,28.7,100,0
2017-04-06,18:25:00,28.69,28.69,28.67,28.68,300,0
2017-04-06,18:30:00,28.7,28.7,28.7,28.7,200,0
2017-04-06,18:40:00,28.655,28.67,28.63,28.64,400,0
2017-04-06,18:45:00,28.59,28.59,28.53,28.53,600,0
2017-04-06,18:50:00,28.51,28.57,28.51,28.54,600,0
2017-04-06,18:55:00,28.63,28.63,28.59,28.59,300,0
2017-04-06,19:00:00,28.68,28.68,28.68,28.68,100,0
2017-04-06,19:05:00,28.675,28.675,28.675,28.675,100,0
2017-04-06,19:10:00,28.66,28.71,28.62,28.71,400,0
2017-04-06,19:25:00,28.79,28.83,28.79,28.81,737,0
2017-04-06,19:30:00,28.79,28.79,28.79,28.79,100,0
2017-04-06,19:40:00,28.8,28.8,28.77,28.77,600,0
2017-04-06,19:45:00,28.78,28.78,28.73,28.73,300,0
2017-04-06,19:50:00,28.74,28.74,28.74,28.74,300,0
2017-04-06,19:55:00,28.74,28.76,28.73,28.76,700,0
2017-04-06,20:00:00,28.72,28.72,28.72,28.72,200,0
2017-04-06,20:10:00,28.74,28.74,28.69,28.69,650,0
2017-04-06,20:15:00,28.71,28.71,28.71,28.71,200,0
2017-04-06,20:20:00,28.74,28.74,28.72,28.72,300,0
2017-04-06,20:30:00,28.67,28.675,28.67,28.675,200,0
2017-04-06,20:40:00,28.675,28.691,28.675,28.69,600,0
2017-04-06,20:45:00,28.69,28.72,28.64,28.69,1000,0
2017-04-06,20:50:00,28.75,28.75,28.75,28.75,300,0
2017-04-06,20:55:00,28.62,28.62,28.62,28.62,100,0
2017-04-06,21:00:00,28.6,28.64,28.55,28.64,600,0
2017-04-06,21:05:00,28.57,28.6,28.53,28.6,400,0
2017-04-06,21:10:00,28.58,28.62,28.51,28.56,1400,0
2017-04-06,21:15:00,28.63,28.65,28.56,28.65,1500,0
2017-04-06,21:20:00,28.62,28.64,28.62,28.64,800,0
2017-04-06,21:25:00,28.68,28.7,28.61,28.61,1100,0
2017-04-06,21:30:00,28.62,28.66,28.61,28.66,600,0
2017-04-06,21:35:00,28.61,28.61,28.56,28.56,900,0
2017-04-06,21:40:00,28.56,28.6,28.56,28.6,1000,0
2017-04-06,21:45:00,28.6,28.6,28.57,28.59,1500,0
2017-04-06,21:50:00,28.6,28.62,28.57,28.6,1600,0
2017-04-06,21:55:00,28.57,28.62,28.56,28.58,3500,0
2017-04-06,22:00:00,28.58,28.61,28.58,28.61,1408,0
2017-04-07,15:35:00,28.54,28.54,28.16,28.16,2047,0
2017-04-07,15:50:00,28.48,28.48,28.43,28.43,300,0
2017-04-07,15:55:00,28.41,28.41,28.41,28.41,300,0
2017-04-07,16:05:00,28.42,28.42,28.42,28.42,100,0
2017-04-07,16:10:00,28.445,28.51,28.445,28.465,1000,0
2017-04-07,16:15:00,28.49,28.49,28.43,28.43,800,0
2017-04-07,16:20:00,28.43,28.44,28.37,28.39,700,0
2017-04-07,16:25:00,28.48,28.51,28.46,28.46,900,0
2017-04-07,16:30:00,28.47,28.5,28.43,28.48,2300,0
2017-04-07,16:35:00,28.53,28.53,28.53,28.53,100,0
2017-04-07,16:40:00,28.53,28.6,28.52,28.6,1700,0
2017-04-07,16:45:00,28.58,28.6,28.56,28.56,500,0
2017-04-07,16:50:00,28.51,28.51,28.5,28.51,500,0
2017-04-07,16:55:00,28.52,28.52,28.51,28.51,300,0
2017-04-07,17:00:00,28.53,28.54,28.53,28.54,400,0
2017-04-07,17:05:00,28.54,28.54,28.49,28.49,700,0
2017-04-07,17:15:00,28.52,28.52,28.52,28.52,100,0
2017-04-07,17:20:00,28.47,28.47,28.41,28.43,1500,0
2017-04-07,17:25:00,28.56,28.56,28.56,28.56,100,0
2017-04-07,17:30:00,28.54,28.56,28.54,28.56,400,0
2017-04-07,17:35:00,28.5,28.5,28.5,28.5,200,0
2017-04-07,17:40:00,28.45,28.47,28.45,28.47,900,0
2017-04-07,17:45:00,28.455,28.455,28.455,28.455,100,0
2017-04-07,17:55:00,28.43,28.43,28.43,28.43,100,0
2017-04-07,18:00:00,28.48,28.48,28.48,28.48,100,0
2017-04-07,18:10:00,28.51,28.51,28.51,28.51,400,0
2017-04-07,18:15:00,28.55,28.55,28.55,28.55,100,0
2017-04-07,18:20:00,28.56,28.56,28.56,28.56,100,0
2017-04-07,18:25:00,28.545,28.545,28.545,28.545,100,0
2017-04-07,18:30:00,28.56,28.56,28.56,28.56,100,0
2017-04-07,18:35:00,28.56,28.56,28.55,28.55,268,0
2017-04-07,18:40:00,28.58,28.58,28.58,28.58,100,0
2017-04-07,18:55:00,28.6,28.6,28.6,28.6,300,0
2017-04-07,19:00:00,28.69,28.69,28.69,28.69,100,0
2017-04-07,19:15:00,28.65,28.7,28.65,28.69,300,0
2017-04-07,19:20:00,28.69,28.69,28.69,28.69,200,0
2017-04-07,19:25:00,28.65,28.665,28.65,28.665,300,0
2017-04-07,19:30:00,28.665,28.665,28.665,28.665,148,0
2017-04-07,19:35:00,28.69,28.69,28.69,28.69,200,0
2017-04-07,19:40:00,28.65,28.65,28.62,28.62,300,0
2017-04-07,19:55:00,28.64,28.64,28.63,28.63,200,0
2017-04-07,20:00:00,28.66,28.68,28.66,28.66,300,0
2017-04-07,20:05:00,28.66,28.7,28.66,28.7,500,0
2017-04-07,20:10:00,28.71,28.75,28.71,28.75,600,0
2017-04-07,20:15:00,28.77,28.77,28.77,28.77,100,0
2017-04-07,20:20:00,28.72,28.72,28.67,28.67,600,0
2017-04-07,20:30:00,28.6625,28.67,28.6625,28.67,200,0
2017-04-07,20:35:00,28.65,28.69,28.65,28.69,200,0
2017-04-07,20:40:00,28.63,28.63,28.59,28.63,400,0
2017-04-07,20:45:00,28.65,28.65,28.61,28.61,200,0
2017-04-07,20:50:00,28.63,28.63,28.63,28.63,100,0
2017-04-07,20:55:00,28.58,28.61,28.57,28.57,300,0
2017-04-07,21:00:00,28.54,28.55,28.53,28.55,400,0
2017-04-07,21:05:00,28.52,28.58,28.52,28.58,500,0
2017-04-07,21:15:00,28.55,28.66,28.55,28.66,1336,0
2017-04-07,21:20:00,28.625,28.65,28.6,28.62,500,0
2017-04-07,21:25:00,28.68,28.75,28.68,28.75,400,0
2017-04-07,21:30:00,28.74,28.74,28.69,28.71,1600,0
2017-04-07,21:35:00,28.67,28.68,28.67,28.6706,1800,0
2017-04-07,21:40:00,28.7,28.7,28.69,28.69,700,0
2017-04-07,21:45:00,28.7,28.71,28.7,28.71,300,0
2017-04-07,21:50:00,28.69,28.79,28.69,28.78,3065,0
2017-04-07,21:55:00,28.81,28.84,28.8,28.84,5623,0
2017-04-07,22:00:00,28.84,28.88,28.76,28.78,33603,0
2017-04-10,15:35:00,28.83,29.26,28.83,29.26,411,0
2017-04-10,15:50:00,29.16,29.16,28.87,29.06,899,0
2017-04-10,15:55:00,28.91,29.01,28.91,29.01,200,0
2017-04-10,16:00:00,28.93,28.93,28.82,28.86,1400,0
2017-04-10,16:05:00,28.84,28.87,28.84,28.87,200,0
2017-04-10,16:10:00,28.91,28.91,28.83,28.83,789,0
2017-04-10,16:15:00,28.8,28.8,28.8,28.8,100,0
2017-04-10,16:20:00,28.8,28.83,28.78,28.83,900,0
2017-04-10,16:25:00,28.83,28.83,28.83,28.83,100,0
2017-04-10,16:35:00,28.88,28.88,28.88,28.88,200,0
2017-04-10,16:40:00,28.86,28.86,28.8,28.84,800,0
2017-04-10,16:50:00,28.87,28.87,28.8198,28.84,425,0
2017-04-10,16:55:00,28.86,28.86,28.81,28.81,326,0
2017-04-10,17:00:00,28.87,28.87,28.81,28.81,1000,0
2017-04-10,17:05:00,28.79,28.82,28.79,28.805,800,0
2017-04-10,17:10:00,28.76,28.77,28.71,28.72,1250,0
2017-04-10,17:15:00,28.745,28.745,28.745,28.745,100,0
2017-04-10,17:20:00,28.73,28.755,28.71,28.71,831,0
2017-04-10,17:25:00,28.7,28.74,28.7,28.72,672,0
2017-04-10,17:30:00,28.72,28.735,28.67,28.67,1550,0
2017-04-10,17:35:00,28.67,28.7,28.59,28.62,1771,0
2017-04-10,17:40:00,28.59,28.59,28.53,28.53,200,0
2017-04-10,17:45:00,28.54,28.54,28.42,28.445,1200,0
2017-04-10,17:55:00,28.435,28.47,28.435,28.47,1500,0
2017-04-10,18:05:00,28.48,28.48,28.44,28.44,300,0
2017-04-10,18:15:00,28.44,28.465,28.33,28.33,1200,0
2017-04-10,18:20:00,28.37,28.42,28.36,28.41,800,0
2017-04-10,18:30:00,28.4,28.46,28.39,28.44,700,0
2017-04-10,18:35:00,28.45,28.45,28.39,28.42,500,0
2017-04-10,18:45:00,28.44,28.47,28.44,28.465,500,0
2017-04-10,18:50:00,28.484,28.485,28.47,28.47,963,0
2017-04-10,18:55:00,28.51,28.6,28.505,28.6,900,0
2017-04-10,19:00:00,28.575,28.575,28.5,28.54,6200,0
2017-04-10,19:05:00,28.54,28.54,28.46,28.46,1714,0
2017-04-10,19:10:00,28.46,28.49,28.43,28.49,500,0
2017-04-10,19:15:00,28.47,28.47,28.4,28.4,600,0
2017-04-10,19:20:00,28.47,28.47,28.42,28.42,300,0
2017-04-10,19:25:00,28.48,28.52,28.465,28.52,1200,0
2017-04-10,19:30:00,28.52,28.52,28.49,28.51,900,0
2017-04-10,19:35:00,28.5299,28.5299,28.43,28.44,1338,0
2017-04-10,19:40:00,28.49,28.51,28.47,28.47,2500,0
2017-04-10,19:45:00,28.495,28.51,28.49,28.49,800,0
2017-04-10,19:50:00,28.49,28.49,28.42,28.42,2100,0
2017-04-10,19:55:00,28.45,28.45,28.44,28.44,700,0
2017-04-10,20:00:00,28.46,28.52,28.45,28.52,1300,0
2017-04-10,20:05:00,28.515,28.515,28.4,28.4,1000,0
2017-04-10,20:10:00,28.4,28.4,28.4,28.4,300,0
2017-04-10,20:15:00,28.4119,28.43,28.4,28.43,1110,0
2017-04-10,20:20:00,28.46,28.46,28.43,28.43,300,0
2017-04-10,20:25:00,28.45,28.45,28.45,28.45,188,0
2017-04-10,20:30:00,28.41,28.41,28.41,28.41,100,0
2017-04-10,20:35:00,28.44,28.44,28.4,28.4,300,0
2017-04-10,20:45:00,28.43,28.45,28.43,28.45,500,0
2017-04-10,20:50:00,28.48,28.52,28.46,28.49,700,0
2017-04-10,20:55:00,28.5,28.52,28.5,28.52,500,0
2017-04-10,21:00:00,28.52,28.52,28.52,28.52,100,0
2017-04-10,21:05:00,28.51,28.53,28.51,28.52,1729,0
2017-04-10,21:10:00,28.515,28.535,28.48,28.48,3625,0
2017-04-10,21:15:00,28.48,28.5,28.48,28.5,700,0
2017-04-10,21:20:00,28.505,28.505,28.47,28.47,3700,0
2017-04-10,21:25:00,28.43,28.43,28.4,28.4,700,0
2017-04-10,21:30:00,28.39,28.43,28.39,28.41,1000,0
2017-04-10,21:35:00,28.41,28.43,28.39,28.39,1717,0
2017-04-10,21:40:00,28.39,28.4,28.39,28.4,1100,0
2017-04-10,21:45:00,28.4,28.41,28.395,28.41,400,0
2017-04-10,21:50:00,28.41,28.41,28.38,28.38,1900,0
2017-04-10,21:55:00,28.4,28.5,28.37,28.47,11682,0
2017-04-10,22:00:00,28.47,28.49,28.42,28.45,23821,0
2017-04-11,15:35:00,28.35,28.35,28.35,28.35,473,0
2017-04-11,15:45:00,28.36,28.38,28.36,28.38,900,0
2017-04-11,16:00:00,28.52,28.52,28.5,28.5,600,0
2017-04-11,16:05:00,28.6,28.6,28.6,28.6,200,0
2017-04-11,16:10:00,28.63,28.63,28.63,28.63,100,0
2017-04-11,16:15:00,28.64,28.64,28.63,28.63,203,0
2017-04-11,16:20:00,28.59,28.59,28.57,28.57,200,0
2017-04-11,16:25:00,28.55,28.55,28.55,28.55,100,0
2017-04-11,16:30:00,28.59,28.59,28.59,28.59,100,0
2017-04-11,16:35:00,28.5,28.5,28.5,28.5,100,0
2017-04-11,16:40:00,28.47,28.5,28.46,28.5,500,0
2017-04-11,16:45:00,28.5,28.5,28.46,28.46,300,0
2017-04-11,16:55:00,28.49,28.49,28.49,28.49,100,0
2017-04-11,17:00:00,28.51,28.51,28.51,28.51,100,0
2017-04-11,17:05:00,28.48,28.48,28.48,28.48,100,0
2017-04-11,17:10:00,28.5,28.52,28.5,28.52,200,0
2017-04-11,17:15:00,28.55,28.55,28.55,28.55,100,0
2017-04-11,17:20:00,28.52,28.52,28.49,28.49,1259,0
2017-04-11,17:25:00,28.47,28.55,28.47,28.55,500,0
2017-04-11,17:30:00,28.54,28.55,28.54,28.55,200,0
2017-04-11,17:35:00,28.58,28.59,28.56,28.59,400,0
2017-04-11,17:40:00,28.65,28.7163,28.65,28.7163,2727,0
2017-04-11,17:45:00,28.69,28.69,28.66,28.66,300,0
2017-04-11,17:50:00,28.72,28.73,28.71,28.71,400,0
2017-04-11,17:55:00,28.71,28.785,28.67,28.7472,1200,0
2017-04-11,18:00:00,28.73,28.77,28.72,28.74,1145,0
2017-04-11,18:05:00,28.67,28.67,28.67,28.67,100,0
2017-04-11,18:10:00,28.68,28.68,28.62,28.63,400,0
2017-04-11,18:15:00,28.69,28.69,28.69,28.69,100,0
2017-04-11,18:25:00,28.75,28.75,28.74,28.74,400,0
2017-04-11,18:30:00,28.72,28.73,28.72,28.73,200,0
2017-04-11,18:40:00,28.74,28.76,28.72,28.72,800,0
2017-04-11,18:45:00,28.69,28.69,28.69,28.69,100,0
2017-04-11,18:50:00,28.67,28.68,28.67,28.68,200,0
2017-04-11,18:55:00,28.69,28.69,28.69,28.69,100,0
2017-04-11,19:00:00,28.7425,28.7425,28.69,28.69,200,0
2017-04-11,19:05:00,28.74,28.8,28.74,28.8,500,0
2017-04-11,19:10:00,28.82,28.83,28.81,28.81,300,0
2017-04-11,19:15:00,28.77,28.79,28.74,28.79,300,0
2017-04-11,19:20:00,28.83,28.83,28.83,28.83,100,0
2017-04-11,19:25:00,28.79,28.79,28.79,28.79,300,0
2017-04-11,19:30:00,28.78,28.78,28.775,28.775,200,0
2017-04-11,19:35:00,28.77,28.77,28.74,28.74,200,0
2017-04-11,19:40:00,28.74,28.74,28.725,28.725,200,0
2017-04-11,19:45:00,28.75,28.75,28.63,28.67,1100,0
2017-04-11,19:50:00,28.7,28.7,28.65,28.65,300,0
2017-04-11,20:00:00,28.66,28.66,28.65,28.65,200,0
2017-04-11,20:10:00,28.75,28.75,28.75,28.75,100,0
2017-04-11,20:15:00,28.74,28.74,28.67,28.67,700,0
2017-04-11,20:20:00,28.68,28.68,28.65,28.65,300,0
2017-04-11,20:25:00,28.665,28.665,28.65,28.65,300,0
2017-04-11,20:35:00,28.64,28.69,28.64,28.69,300,0
2017-04-11,20:50:00,28.68,28.73,28.68,28.73,200,0
2017-04-11,20:55:00,28.7,28.75,28.7,28.75,500,0
2017-04-11,21:00:00,28.78,28.84,28.77,28.78,700,0
2017-04-11,21:05:00,28.8,28.805,28.79,28.79,300,0
2017-04-11,21:10:00,28.74,28.74,28.74,28.74,100,0
2017-04-11,21:15:00,28.76,28.76,28.71,28.745,2539,0
2017-04-11,21:20:00,28.72,28.73,28.72,28.73,400,0
2017-04-11,21:25:00,28.76,28.77,28.75,28.77,650,0
2017-04-11,21:30:00,28.75,28.78,28.71,28.775,800,0
2017-04-11,21:35:00,28.82,28.84,28.82,28.83,300,0
2017-04-11,21:40:00,28.83,28.88,28.83,28.88,500,0
2017-04-11,21:45:00,28.855,28.86,28.79,28.79,1400,0
2017-04-11,21:50:00,28.785,28.79,28.77,28.77,461,0
2017-04-11,21:55:00,28.77,28.77,28.75,28.75,500,0
2017-04-11,22:00:00,28.75,28.87,28.74,28.84,9608,0
2017-04-12,15:35:00,28.74,28.83,28.74,28.83,581,0
2017-04-12,15:40:00,28.69,28.79,28.67,28.79,1423,0
2017-04-12,15:50:00,28.78,28.87,28.78,28.87,900,0
2017-04-12,15:55:00,28.9,28.99,28.9,28.97,800,0
2017-04-12,16:00:00,28.91,28.91,28.84,28.84,400,0
2017-04-12,16:05:00,28.91,28.91,28.9,28.9,200,0
2017-04-12,16:10:00,28.88,28.88,28.88,28.88,100,0
2017-04-12,16:15:00,28.9,28.9,28.79,28.82,600,0
2017-04-12,16:20:00,28.8,28.83,28.8,28.83,300,0
2017-04-12,16:30:00,28.75,28.75,28.75,28.75,200,0
2017-04-12,16:35:00,28.75,28.75,28.7,28.7,200,0
2017-04-12,16:40:00,28.7,28.7,28.67,28.67,200,0
2017-04-12,16:45:00,28.57,28.57,28.46,28.46,700,0
2017-04-12,16:50:00,28.45,28.45,28.31,28.36,1200,0
2017-04-12,16:55:00,28.39,28.4,28.39,28.4,200,0
2017-04-12,17:10:00,28.52,28.58,28.52,28.58,600,0
2017-04-12,17:15:00,28.59,28.59,28.59,28.59,344,0
2017-04-12,17:20:00,28.59,28.605,28.55,28.55,900,0
2017-04-12,17:25:00,28.55,28.55,28.53,28.53,200,0
2017-04-12,17:35:00,28.49,28.49,28.48,28.48,300,0
2017-04-12,17:40:00,28.46,28.46,28.41,28.41,765,0
2017-04-12,17:50:00,28.41,28.43,28.41,28.43,500,0
2017-04-12,17:55:00,28.44,28.44,28.44,28.44,100,0
2017-04-12,18:00:00,28.45,28.45,28.45,28.45,100,0
2017-04-12,18:10:00,28.5,28.51,28.5,28.51,400,0
2017-04-12,18:15:00,28.51,28.54,28.51,28.54,300,0
2017-04-12,18:25:00,28.54,28.54,28.54,28.54,300,0
2017-04-12,18:30:00,28.56,28.56,28.52,28.52,200,0
2017-04-12,18:35:00,28.52,28.52,28.5,28.5,300,0
2017-04-12,18:40:00,28.46,28.46,28.45,28.45,726,0
2017-04-12,18:50:00,28.45,28.47,28.44,28.47,600,0
2017-04-12,19:00:00,28.4,28.41,28.4,28.41,200,0
2017-04-12,19:05:00,28.44,28.44,28.44,28.44,100,0
2017-04-12,19:25:00,28.45,28.45,28.45,28.45,200,0
2017-04-12,19:35:00,28.43,28.46,28.41,28.43,600,0
2017-04-12,19:40:00,28.44,28.44,28.44,28.44,200,0
2017-04-12,19:45:00,28.49,28.49,28.49,28.49,295,0
2017-04-12,19:50:00,28.52,28.52,28.52,28.52,100,0
2017-04-12,19:55:00,28.55,28.57,28.55,28.57,200,0
2017-04-12,20:00:00,28.58,28.62,28.58,28.62,300,0
2017-04-12,20:05:00,28.64,28.64,28.51,28.51,700,0
2017-04-12,20:15:00,28.525,28.54,28.525,28.54,300,0
2017-04-12,20:20:00,28.57,28.57,28.55,28.55,400,0
2017-04-12,20:25:00,28.57,28.61,28.57,28.61,200,0
2017-04-12,20:30:00,28.57,28.57,28.53,28.53,297,0
2017-04-12,20:35:00,28.57,28.58,28.57,28.58,300,0
2017-04-12,20:40:00,28.62,28.62,28.55,28.55,300,0
2017-04-12,20:45:00,28.55,28.56,28.55,28.56,200,0
2017-04-12,20:55:00,28.53,28.53,28.53,28.53,500,0
2017-04-12,21:05:00,28.52,28.52,28.52,28.52,200,0
2017-04-12,21:10:00,28.51,28.51,28.51,28.51,200,0
2017-04-12,21:15:00,28.49,28.49,28.45,28.45,900,0
2017-04-12,21:20:00,28.48,28.49,28.31,28.31,600,0
2017-04-12,21:25:00,28.36,28.44,28.31,28.35,1100,0
2017-04-12,21:30:00,28.38,28.38,28.38,28.38,100,0
2017-04-12,21:35:00,28.37,28.38,28.34,28.36,1400,0
2017-04-12,21:40:00,28.37,28.4,28.37,28.37,500,0
2017-04-12,21:45:00,28.32,28.32,28.31,28.31,400,0
2017-04-12,21:50:00,28.32,28.35,28.27,28.27,2755,0
2017-04-12,21:55:00,28.27,28.38,28.27,28.38,28106,0
2017-04-12,22:00:00,28.39,28.45,28.38,28.38,9696,0
2017-04-13,15:35:00,28.2,28.35,28.12,28.27,18625,0
2017-04-13,15:40:00,28.29,28.29,28.11,28.11,3800,0
2017-04-13,15:45:00,28.14,28.29,28.12,28.29,1400,0
2017-04-13,15:50:00,28.32,28.32,28.15,28.17,500,0
2017-04-13,15:55:00,28.22,28.22,28.22,28.22,100,0
2017-04-13,16:00:00,28.21,28.27,28.21,28.25,825,0
2017-04-13,16:05:00,28.27,28.28,28.27,28.27,4410,0
2017-04-13,16:10:00,28.27,28.36,28.27,28.36,932,0
2017-04-13,16:15:00,28.3723,28.3723,28.32,28.34,650,0
2017-04-13,16:20:00,28.32,28.32,28.3,28.3,800,0
2017-04-13,16:25:00,28.23,28.28,28.23,28.28,500,0
2017-04-13,16:30:00,28.29,28.29,28.23,28.23,500,0
2017-04-13,16:35:00,28.22,28.28,28.22,28.26,600,0
2017-04-13,16:40:00,28.27,28.27,28.27,28.27,400,0
2017-04-13,16:45:00,28.29,28.29,28.29,28.29,500,0
2017-04-13,16:50:00,28.33,28.33,28.32,28.32,200,0
2017-04-13,16:55:00,28.32,28.39,28.32,28.33,708,0
2017-04-13,17:00:00,28.31,28.31,28.29,28.29,500,0
2017-04-13,17:10:00,28.255,28.255,28.16,28.16,600,0
2017-04-13,17:15:00,28.18,28.18,28.12,28.12,700,0
2017-04-13,17:20:00,28.16,28.17,28.1,28.1,2020,0
2017-04-13,17:25:00,28.08,28.08,28.05,28.06,5380,0
2017-04-13,17:30:00,28.05,28.1,28.05,28.1,500,0
2017-04-13,17:40:00,28.09,28.09,28.05,28.05,2807,0
2017-04-13,17:45:00,28.06,28.1,28.05,28.1,1000,0
2017-04-13,17:50:00,28.11,28.13,28.11,28.13,500,0
2017-04-13,17:55:00,28.16,28.2,28.16,28.2,200,0
2017-04-13,18:00:00,28.18,28.19,28.16,28.16,325,0
2017-04-13,18:05:00,28.15,28.15,28.1,28.1,200,0
2017-04-13,18:10:00,28.1,28.1,28.04,28.05,8626,0
2017-04-13,18:15:00,28.045,28.105,28.045,28.07,1600,0
2017-04-13,18:20:00,28.095,28.095,28.03,28.04,1058,0
2017-04-13,18:25:00,28.04,28.095,28.04,28.08,1200,0
2017-04-13,18:30:00,28.05,28.08,28.05,28.06,600,0
2017-04-13,18:35:00,28.09,28.14,28.09,28.14,300,0
2017-04-13,18:40:00,28.135,28.135,28.11,28.11,400,0
2017-04-13,18:50:00,28.07,28.0936,28.06,28.0936,700,0
2017-04-13,18:55:00,28.09,28.11,28.09,28.1,400,0
2017-04-13,19:00:00,28.115,28.115,28.08,28.11,1500,0
2017-04-13,19:05:00,28.07,28.12,28.07,28.12,2300,0
2017-04-13,19:10:00,28.11,28.115,28.037,28.05,3745,0
2017-04-13,19:15:00,28.07,28.13,28.07,28.1,1716,0
2017-04-13,19:20:00,28.13,28.13,28.06,28.07,1100,0
2017-04-13,19:25:00,28.07,28.08,28.07,28.07,300,0
2017-04-13,19:30:00,28.08,28.1,28.08,28.09,600,0
2017-04-13,19:35:00,28.1,28.135,28.1,28.12,500,0
2017-04-13,19:45:00,28.06,28.06,28.025,28.03,1221,0
2017-04-13,19:50:00,28.045,28.07,28.035,28.05,6600,0
2017-04-13,19:55:00,28.05,28.07,28.05,28.06,500,0
2017-04-13,20:00:00,28.06,28.06,28.06,28.06,500,0
2017-04-13,20:05:00,28.0352,28.0768,28.0352,28.06,1022,0
2017-04-13,20:10:00,28.08,28.09,28.08,28.09,500,0
2017-04-13,20:20:00,28.1,28.11,28.1,28.1,500,0
2017-04-13,20:25:00,28.12,28.15,28.12,28.13,1200,0
2017-04-13,20:30:00,28.14,28.18,28.14,28.18,400,0
2017-04-13,20:40:00,28.18,28.19,28.16,28.16,700,0
2017-04-13,20:45:00,28.18,28.2,28.18,28.18,500,0
2017-04-13,20:55:00,28.14,28.14,28.12,28.12,1200,0
2017-04-13,21:00:00,28.13,28.17,28.13,28.17,700,0
2017-04-13,21:05:00,28.1746,28.1746,28.1746,28.1746,354,0
2017-04-13,21:10:00,28.15,28.165,28.15,28.165,500,0
2017-04-13,21:15:00,28.165,28.165,28.08,28.08,1599,0
2017-04-13,21:20:00,28.08,28.11,28.08,28.11,1100,0
2017-04-13,21:25:00,28.11,28.14,28.11,28.14,1500,0
2017-04-13,21:30:00,28.14,28.14,28.08,28.09,2270,0
2017-04-13,21:35:00,28.09,28.1,28.05,28.05,2300,0
2017-04-13,21:40:00,28.05,28.09,28.05,28.06,6609,0
2017-04-13,21:45:00,28.06,28.08,28.06,28.065,1300,0
2017-04-13,21:50:00,28.065,28.1,28.06,28.1,2700,0
2017-04-13,21:55:00,28.09,28.09,28.05,28.05,4526,0
2017-04-13,22:00:00,28.06,28.07,28.04,28.05,16573,0
2017-04-17,15:35:00,28.05,28.05,28.05,28.05,2111,0
2017-04-17,15:40:00,28.08,28.08,28.03,28.03,400,0
2017-04-17,15:45:00,28.09,28.09,28.04,28.08,500,0
2017-04-17,15:55:00,28.11,28.11,28.105,28.105,300,0
2017-04-17,16:00:00,28.065,28.09,28.04,28.065,1400,0
2017-04-17,16:05:00,28.05,28.05,28.02,28.02,1100,0
2017-04-17,16:10:00,28.05,28.05,28.05,28.05,467,0
2017-04-17,16:20:00,28.02,28.02,28.02,28.02,200,0
2017-04-17,16:25:00,28.01,28.01,27.94,27.94,2067,0
2017-04-17,16:30:00,27.9,28.0599,27.895,27.97,8378,0
2017-04-17,16:35:00,27.94,27.94,27.94,27.94,100,0
2017-04-17,16:40:00,27.95,27.95,27.95,27.95,100,0
2017-04-17,16:45:00,27.92,27.92,27.92,27.92,100,0
2017-04-17,16:50:00,27.93,27.98,27.93,27.97,1513,0
2017-04-17,16:55:00,27.958,27.958,27.958,27.958,174,0
2017-04-17,17:00:00,27.97,27.99,27.97,27.99,811,0
2017-04-17,17:05:00,28.06,28.09,28.04,28.09,1000,0
2017-04-17,17:10:00,28.1,28.16,28.1,28.14,1400,0
2017-04-17,17:15:00,28.17,28.23,28.17,28.175,1698,0
2017-04-17,17:20:00,28.188,28.188,28.1278,28.1278,424,0
2017-04-17,17:25:00,28.17,28.17,28.095,28.095,2906,0
2017-04-17,17:30:00,28.1238,28.135,28.09,28.135,2265,0
2017-04-17,17:35:00,28.1714,28.1714,28.1714,28.1714,694,0
2017-04-17,17:40:00,28.2,28.27,28.18,28.26,1100,0
2017-04-17,17:45:00,28.21,28.26,28.21,28.25,400,0
2017-04-17,18:00:00,28.11,28.11,28.07,28.11,400,0
2017-04-17,18:05:00,28.0806,28.09,28.0781,28.09,1373,0
2017-04-17,18:10:00,28.1358,28.15,28.13,28.13,847,0
2017-04-17,18:20:00,28.19,28.19,28.19,28.19,100,0
2017-04-17,18:25:00,28.22,28.22,28.22,28.22,300,0
2017-04-17,18:30:00,28.24,28.24,28.24,28.24,200,0
2017-04-17,18:35:00,28.245,28.245,28.245,28.245,200,0
2017-04-17,18:40:00,28.23,28.23,28.14,28.17,1673,0
2017-04-17,18:45:00,28.16,28.16,28.16,28.16,100,0
2017-04-17,18:50:00,28.2,28.2,28.2,28.2,200,0
2017-04-17,19:00:00,28.17,28.21,28.17,28.21,300,0
2017-04-17,19:05:00,28.17,28.17,28.155,28.16,526,0
2017-04-17,19:15:00,28.12,28.12,28.12,28.12,100,0
2017-04-17,19:20:00,28.1,28.1,28.1,28.1,300,0
2017-04-17,19:25:00,28.08,28.08,28.08,28.08,100,0
2017-04-17,19:30:00,28.11,28.19,28.09,28.19,1100,0
2017-04-17,19:35:00,28.1692,28.17,28.16,28.17,521,0
2017-04-17,19:45:00,28.13,28.14,28.07,28.1,2700,0
2017-04-17,19:50:00,28.15,28.15,28.12,28.12,200,0
2017-04-17,19:55:00,28.14,28.14,28.1,28.1,200,0
2017-04-17,20:00:00,28.14,28.14,28.14,28.14,100,0
2017-04-17,20:05:00,28.16,28.16,28.16,28.16,200,0
2017-04-17,20:25:00,28.13,28.16,28.13,28.16,200,0
2017-04-17,20:30:00,28.13,28.13,28.1,28.1,600,0
2017-04-17,20:35:00,28.1,28.12,28.1,28.1175,1400,0
2017-04-17,20:40:00,28.16,28.17,28.15,28.16,500,0
2017-04-17,20:45:00,28.16,28.16,28.16,28.16,855,0
2017-04-17,20:50:00,28.18,28.18,28.18,28.18,100,0
2017-04-17,20:55:00,28.21,28.21,28.21,28.21,100,0
2017-04-17,21:05:00,28.21,28.21,28.17,28.17,700,0
2017-04-17,21:10:00,28.2,28.28,28.18,28.24,2000,0
2017-04-17,21:15:00,28.28,28.29,28.25,28.29,800,0
2017-04-17,21:20:00,28.32,28.365,28.32,28.365,800,0
2017-04-17,21:25:00,28.35,28.35,28.31,28.33,1700,0
2017-04-17,21:30:00,28.37,28.39,28.33,28.38,1600,0
2017-04-17,21:35:00,28.42,28.43,28.38,28.41,1500,0
2017-04-17,21:40:00,28.4,28.4,28.39,28.39,600,0
2017-04-17,21:45:00,28.41,28.41,28.4,28.4,900,0
2017-04-17,21:50:00,28.4,28.47,28.4,28.46,1100,0
2017-04-17,21:55:00,28.46,28.52,28.44,28.49,2800,0
2017-04-17,22:00:00,28.48,28.51,28.44,28.51,7570,0
2017-04-18,15:35:00,28.31,28.68,28.31,28.68,200,0
2017-04-18,15:40:00,28.57,28.57,28.57,28.57,100,0
2017-04-18,15:55:00,28.51,28.51,28.45,28.45,300,0
2017-04-18,16:00:00,28.52,28.52,28.52,28.52,100,0
2017-04-18,16:10:00,28.44,28.44,28.39,28.39,200,0
2017-04-18,16:15:00,28.33,28.33,28.33,28.33,300,0
2017-04-18,16:20:00,28.37,28.37,28.21,28.21,600,0
2017-04-18,16:30:00,28.35,28.35,28.33,28.33,300,0
2017-04-18,16:35:00,28.37,28.37,28.35,28.35,200,0
2017-04-18,16:40:00,28.38,28.38,28.38,28.38,100,0
2017-04-18,16:45:00,28.4,28.46,28.4,28.45,400,0
2017-04-18,16:50:00,28.5,28.5,28.45,28.45,456,0
2017-04-18,16:55:00,28.41,28.41,28.41,28.41,100,0
2017-04-18,17:00:00,28.39,28.39,28.38,28.38,300,0
2017-04-18,17:05:00,28.42,28.45,28.36,28.36,900,0
2017-04-18,17:10:00,28.34,28.35,28.34,28.35,627,0
2017-04-18,17:15:00,28.34,28.35,28.325,28.325,1000,0
2017-04-18,17:20:00,28.35,28.37,28.35,28.37,700,0
2017-04-18,17:25:00,28.33,28.33,28.31,28.31,600,0
2017-04-18,17:30:00,28.37,28.415,28.35,28.37,1100,0
2017-04-18,17:35:00,28.4,28.4001,28.37,28.4,900,0
2017-04-18,17:40:00,28.37,28.37,28.29,28.32,900,0
2017-04-18,17:45:00,28.26,28.27,28.22,28.22,600,0
2017-04-18,17:50:00,28.22,28.24,28.2,28.2,700,0
2017-04-18,17:55:00,28.2,28.23,28.2,28.2,500,0
2017-04-18,18:00:00,28.2,28.22,28.18,28.18,1500,0
2017-04-18,18:05:00,28.17,28.17,28.09,28.13,800,0
2017-04-18,18:10:00,28.19,28.195,28.17,28.17,400,0
2017-04-18,18:15:00,28.16,28.16,28.12,28.14,800,0
2017-04-18,18:20:00,28.13,28.14,28.13,28.13,400,0
2017-04-18,18:25:00,28.14,28.19,28.14,28.19,600,0
2017-04-18,18:30:00,28.22,28.22,28.22,28.22,200,0
2017-04-18,18:35:00,28.22,28.22,28.19,28.19,400,0
2017-04-18,18:40:00,28.18,28.18,28.18,28.18,200,0
2017-04-18,18:45:00,28.22,28.22,28.18,28.19,400,0
2017-04-18,18:50:00,28.19,28.19,28.19,28.19,100,0
2017-04-18,18:55:00,28.18,28.33,28.18,28.33,1200,0
2017-04-18,19:00:00,28.33,28.33,28.27,28.29,700,0
2017-04-18,19:05:00,28.33,28.33,28.33,28.33,200,0
2017-04-18,19:10:00,28.27,28.27,28.27,28.27,300,0
2017-04-18,19:15:00,28.32,28.36,28.32,28.36,300,0
2017-04-18,19:20:00,28.37,28.41,28.37,28.39,800,0
2017-04-18,19:25:00,28.39,28.39,28.39,28.39,100,0
2017-04-18,19:30:00,28.4002,28.5,28.4002,28.5,950,0
2017-04-18,19:35:00,28.47,28.49,28.46,28.46,400,0
2017-04-18,19:40:00,28.56,28.56,28.56,28.56,100,0
2017-04-18,19:45:00,28.5,28.53,28.49,28.5108,4700,0
2017-04-18,19:50:00,28.5,28.5,28.49,28.49,400,0
2017-04-18,19:55:00,28.5,28.52,28.5,28.52,400,0
2017-04-18,20:00:00,28.55,28.6,28.54,28.6,600,0
2017-04-18,20:05:00,28.61,28.61,28.61,28.61,200,0
2017-04-18,20:10:00,28.63,28.64,28.6,28.6,662,0
2017-04-18,20:15:00,28.6,28.6,28.56,28.56,500,0
2017-04-18,20:20:00,28.55,28.55,28.54,28.54,300,0
2017-04-18,20:25:00,28.57,28.57,28.51,28.56,2100,0
2017-04-18,20:30:00,28.541,28.56,28.541,28.56,248,0
2017-04-18,20:35:00,28.5,28.54,28.5,28.54,346,0
2017-04-18,20:40:00,28.6,28.68,28.6,28.62,1100,0
2017-04-18,20:45:00,28.57,28.57,28.5,28.5,400,0
2017-04-18,20:50:00,28.52,28.52,28.49,28.49,300,0
2017-04-18,20:55:00,28.5,28.52,28.5,28.52,300,0
2017-04-18,21:00:00,28.5,28.52,28.44,28.47,1100,0
2017-04-18,21:05:00,28.47,28.47,28.47,28.47,200,0
2017-04-18,21:10:00,28.49,28.53,28.49,28.53,300,0
2017-04-18,21:15:00,28.53,28.62,28.53,28.62,1200,0
2017-04-18,21:20:00,28.6,28.6,28.6,28.6,100,0
2017-04-18,21:25:00,28.6,28.65,28.6,28.65,3187,0
2017-04-18,21:30:00,28.62,28.6572,28.62,28.65,832,0
2017-04-18,21:35:00,28.64,28.67,28.64,28.67,1100,0
2017-04-18,21:40:00,28.67,28.73,28.65,28.73,1500,0
2017-04-18,21:45:00,28.73,28.76,28.72,28.74,2800,0
2017-04-18,21:50:00,28.75,28.75,28.73,28.75,2800,0
2017-04-18,21:55:00,28.75,28.77,28.72,28.75,8800,0
2017-04-18,22:00:00,28.75,28.81,28.74,28.79,21337,0
2017-04-19,15:35:00,28.83,28.83,28.83,28.83,570,0
2017-04-19,15:40:00,28.89,28.89,28.79,28.79,500,0
2017-04-19,15:45:00,28.79,28.79,28.7401,28.7401,200,0
2017-04-19,15:50:00,28.765,28.765,28.76,28.76,1200,0
2017-04-19,15:55:00,28.75,28.75,28.66,28.69,1050,0
2017-04-19,16:00:00,28.74,28.75,28.74,28.75,800,0
2017-04-19,16:05:00,28.77,28.77,28.77,28.77,100,0
2017-04-19,16:10:00,28.76,28.76,28.71,28.71,1400,0
2017-04-19,16:15:00,28.7,28.7,28.69,28.69,300,0
2017-04-19,16:20:00,28.67,28.74,28.67,28.73,400,0
2017-04-19,16:25:00,28.72,28.74,28.72,28.73,2300,0
2017-04-19,16:30:00,28.75,28.76,28.65,28.68,1800,0
2017-04-19,16:35:00,28.68,28.69,28.65,28.68,1600,0
2017-04-19,16:40:00,28.69,28.71,28.66,28.67,4700,0
2017-04-19,16:45:00,28.68,28.69,28.65,28.67,8232,0
2017-04-19,16:50:00,28.69,28.69,28.65,28.65,500,0
2017-04-19,16:55:00,28.61,28.66,28.61,28.62,300,0
2017-04-19,17:00:00,28.65,28.65,28.65,28.65,300,0
2017-04-19,17:05:00,28.69,28.73,28.69,28.73,400,0
2017-04-19,17:10:00,28.69,28.69,28.67,28.67,500,0
2017-04-19,17:15:00,28.68,28.69,28.66,28.69,500,0
2017-04-19,17:20:00,28.75,28.75,28.72,28.72,1000,0
2017-04-19,17:25:00,28.74,28.74,28.74,28.74,100,0
2017-04-19,17:30:00,28.735,28.86,28.735,28.79,1500,0
2017-04-19,17:40:00,28.88,28.96,28.88,28.94,1000,0
2017-04-19,17:50:00,28.9,28.94,28.9,28.94,200,0
2017-04-19,17:55:00,28.91,28.91,28.89,28.89,400,0
2017-04-19,18:00:00,28.93,28.93,28.93,28.93,100,0
2017-04-19,18:05:00,28.93,28.93,28.89,28.9,800,0
2017-04-19,18:15:00,28.87,28.87,28.85,28.85,300,0
2017-04-19,18:20:00,28.8885,28.9018,28.87,28.87,1674,0
2017-04-19,18:25:00,28.88,28.89,28.87,28.87,1500,0
2017-04-19,18:30:00,28.87,28.87,28.87,28.87,300,0
2017-04-19,18:35:00,28.83,28.83,28.83,28.83,200,0
2017-04-19,18:40:00,28.81,28.81,28.81,28.81,300,0
2017-04-19,18:45:00,28.84,28.84,28.84,28.84,100,0
2017-04-19,18:50:00,28.8,28.8,28.74,28.74,300,0
2017-04-19,19:00:00,28.79,28.81,28.79,28.81,300,0
2017-04-19,19:05:00,28.79,28.79,28.79,28.79,300,0
2017-04-19,19:10:00,28.73,28.73,28.73,28.73,300,0
2017-04-19,19:20:00,28.75,28.75,28.73,28.73,200,0
2017-04-19,19:35:00,28.71,28.74,28.7,28.74,700,0
2017-04-19,19:40:00,28.7,28.7,28.69,28.69,200,0
2017-04-19,19:45:00,28.72,28.72,28.72,28.72,100,0
2017-04-19,19:50:00,28.69,28.755,28.69,28.755,917,0
2017-04-19,19:55:00,28.73,28.73,28.725,28.725,200,0
2017-04-19,20:00:00,28.725,28.725,28.725,28.725,200,0
2017-04-19,20:05:00,28.755,28.755,28.755,28.755,100,0
2017-04-19,20:10:00,28.73,28.73,28.73,28.73,200,0
2017-04-19,20:15:00,28.75,28.765,28.75,28.765,400,0
2017-04-19,20:20:00,28.74,28.74,28.72,28.72,300,0
2017-04-19,20:25:00,28.7,28.79,28.7,28.77,1000,0
2017-04-19,20:30:00,28.8,28.8,28.75,28.75,1200,0
2017-04-19,20:35:00,28.76,28.76,28.76,28.76,100,0
2017-04-19,20:40:00,28.78,28.78,28.78,28.78,100,0
2017-04-19,20:45:00,28.8,28.8,28.8,28.8,100,0
2017-04-19,20:50:00,28.76,28.76,28.7,28.7,200,0
2017-04-19,20:55:00,28.73,28.73,28.7,28.7,200,0
2017-04-19,21:00:00,28.67,28.67,28.64,28.64,300,0
2017-04-19,21:05:00,28.68,28.74,28.65,28.69,2232,0
2017-04-19,21:10:00,28.7,28.7,28.7,28.7,200,0
2017-04-19,21:15:00,28.72,28.73,28.72,28.73,300,0
2017-04-19,21:20:00,28.71,28.71,28.71,28.71,100,0
2017-04-19,21:25:00,28.74,28.79,28.74,28.74,700,0
2017-04-19,21:30:00,28.73,28.73,28.59,28.59,2062,0
2017-04-19,21:35:00,28.57,28.58,28.53,28.57,1500,0
2017-04-19,21:40:00,28.62,28.62,28.58,28.59,1600,0
2017-04-19,21:45:00,28.57,28.62,28.57,28.62,1200,0
2017-04-19,21:50:00,28.615,28.69,28.615,28.69,2100,0
2017-04-19,21:55:00,28.69,28.69,28.63,28.66,4400,0
2017-04-19,22:00:00,28.68,28.68,28.65,28.65,9746,0
2017-04-20,15:35:00,28.85,28.95,28.85,28.9,3062,0
2017-04-20,15:40:00,28.9,29.11,28.9,29.11,700,0
2017-04-20,15:45:00,29.11,29.13,29.1,29.13,400,0
2017-04-20,15:50:00,28.98,29.025,28.9,28.98,1000,0
2017-04-20,15:55:00,28.99,29,28.99,29,200,0
2017-04-20,16:00:00,29.04,29.04,29.04,29.04,200,0
2017-04-20,16:05:00,29.01,29.05,29,29.05,300,0
2017-04-20,16:10:00,28.98,28.99,28.98,28.99,200,0
2017-04-20,16:15:00,28.97,29,28.9,28.9,400,0
2017-04-20,16:20:00,28.92,28.92,28.82,28.82,528,0
2017-04-20,16:30:00,28.92,28.935,28.89,28.89,5613,0
2017-04-20,16:35:00,28.91,28.92,28.85,28.85,2000,0
2017-04-20,16:40:00,28.845,28.89,28.79,28.85,5865,0
2017-04-20,16:45:00,28.89,28.97,28.85,28.85,3800,0
2017-04-20,16:50:00,28.85,29.01,28.85,29.01,3300,0
2017-04-20,16:55:00,28.95,29.02,28.95,29,500,0
2017-04-20,17:00:00,29.12,29.14,29.1,29.12,700,0
2017-04-20,17:05:00,29.1,29.11,29.06,29.11,600,0
2017-04-20,17:10:00,29.11,29.14,29.08,29.14,2806,0
2017-04-20,17:15:00,29.14,29.2,29.14,29.2,2383,0
2017-04-20,17:20:00,29.2,29.25,29.2,29.25,2536,0
2017-04-20,17:25:00,29.25,29.28,29.25,29.28,400,0
2017-04-20,17:30:00,29.3,29.34,29.25,29.34,1253,0
2017-04-20,17:40:00,29.32,29.32,29.3,29.32,700,0
2017-04-20,17:45:00,29.29,29.29,29.26,29.26,900,0
2017-04-20,17:50:00,29.3,29.3,29.27,29.27,200,0
2017-04-20,18:00:00,29.29,29.29,29.26,29.26,600,0
2017-04-20,18:05:00,29.28,29.28,29.25,29.25,200,0
2017-04-20,18:10:00,29.2101,29.2101,29.2101,29.2101,1139,0
2017-04-20,18:15:00,29.22,29.29,29.22,29.25,500,0
2017-04-20,18:20:00,29.29,29.29,29.29,29.29,100,0
2017-04-20,18:25:00,29.29,29.29,29.26,29.26,200,0
2017-04-20,18:35:00,29.22,29.22,29.22,29.22,100,0
2017-04-20,18:45:00,29.24,29.24,29.22,29.22,500,0
2017-04-20,18:50:00,29.29,29.29,29.29,29.29,100,0
2017-04-20,18:55:00,29.27,29.34,29.27,29.34,500,0
2017-04-20,19:00:00,29.28,29.32,29.21,29.32,3552,0
2017-04-20,19:05:00,29.26,29.31,29.26,29.3,600,0
2017-04-20,19:10:00,29.32,29.32,29.32,29.32,100,0
2017-04-20,19:15:00,29.27,29.27,29.23,29.23,700,0
2017-04-20,19:20:00,29.29,29.31,29.23,29.23,500,0
2017-04-20,19:25:00,29.24,29.24,29.24,29.24,100,0
2017-04-20,19:30:00,29.27,29.3,29.24,29.24,600,0
2017-04-20,19:40:00,29.28,29.34,29.28,29.34,1500,0
2017-04-20,19:45:00,29.3094,29.3094,29.29,29.29,500,0
2017-04-20,19:50:00,29.31,29.31,29.29,29.29,800,0
2017-04-20,19:55:00,29.33,29.38,29.33,29.35,400,0
2017-04-20,20:00:00,29.365,29.39,29.365,29.39,700,0
2017-04-20,20:05:00,29.39,29.4,29.37,29.37,500,0
2017-04-20,20:10:00,29.38,29.42,29.38,29.42,400,0
2017-04-20,20:15:00,29.4,29.41,29.39,29.39,400,0
2017-04-20,20:20:00,29.4,29.44,29.4,29.4,600,0
2017-04-20,20:25:00,29.43,29.46,29.43,29.46,200,0
2017-04-20,20:30:00,29.47,29.49,29.47,29.49,497,0
2017-04-20,20:35:00,29.5,29.5,29.47,29.47,700,0
2017-04-20,20:40:00,29.44,29.455,29.41,29.41,1200,0
2017-04-20,20:45:00,29.41,29.42,29.4,29.4,700,0
2017-04-20,20:50:00,29.47,29.48,29.43,29.48,400,0
2017-04-20,20:55:00,29.5,29.52,29.47,29.47,1000,0
2017-04-20,21:00:00,29.48,29.48,29.48,29.48,100,0
2017-04-20,21:05:00,29.44,29.44,29.43,29.44,700,0
2017-04-20,21:10:00,29.47,29.47,29.47,29.47,100,0
2017-04-20,21:15:00,29.53,29.53,29.515,29.53,300,0
2017-04-20,21:20:00,29.56,29.56,29.53,29.54,600,0
2017-04-20,21:25:00,29.52,29.54,29.52,29.54,500,0
2017-04-20,21:30:00,29.55,29.57,29.54,29.56,900,0
2017-04-20,21:35:00,29.53,29.545,29.53,29.545,200,0
2017-04-20,21:40:00,29.54,29.58,29.51,29.55,7535,0
2017-04-20,21:45:00,29.57,29.64,29.57,29.63,2800,0
2017-04-20,21:50:00,29.63,29.63,29.57,29.575,2416,0
2017-04-20,21:55:00,29.59,29.64,29.59,29.64,4567,0
2017-04-20,22:00:00,29.64,29.65,29.62,29.65,6793,0
2017-04-21,15:35:00,29.68,30.155,29.63,29.83,17836,0
2017-04-21,15:40:00,29.81,29.88,29.65,29.88,4200,0
2017-04-21,15:45:00,29.85,29.96,29.84,29.9,2000,0
2017-04-21,15:50:00,29.94,30.02,29.88,30.02,1700,0
2017-04-21,15:55:00,29.91,30.315,29.91,30.315,11290,0
2017-04-21,16:00:00,30.3,30.37,30.29,30.37,1100,0
2017-04-21,16:05:00,30.44,30.52,30.405,30.47,1500,0
2017-04-21,16:10:00,30.49,30.49,30.32,30.32,4000,0
2017-04-21,16:15:00,30.33,30.33,30.28,30.3,1700,0
2017-04-21,16:20:00,30.34,30.4,30.31,30.38,3400,0
2017-04-21,16:25:00,30.4,30.41,30.4,30.41,400,0
2017-04-21,16:30:00,30.41,30.41,30.32,30.35,1777,0
2017-04-21,16:35:00,30.33,30.33,30.17,30.17,2400,0
2017-04-21,16:40:00,30.15,30.255,30.15,30.255,1900,0
2017-04-21,16:45:00,30.22,30.22,30.2,30.21,1100,0
2017-04-21,16:50:00,30.2,30.24,30.19,30.225,600,0
2017-04-21,16:55:00,30.2,30.2,30.16,30.16,1800,0
2017-04-21,17:00:00,30.18,30.2,30.14,30.2,1900,0
2017-04-21,17:05:00,30.17,30.17,30.13,30.17,700,0
2017-04-21,17:10:00,30.13,30.15,30.07,30.15,3400,0
2017-04-21,17:15:00,30.15,30.15,30.13,30.15,2202,0
2017-04-21,17:20:00,30.17,30.25,30.17,30.25,2100,0
2017-04-21,17:25:00,30.265,30.29,30.23,30.23,2617,0
2017-04-21,17:30:00,30.22,30.22,30.15,30.19,1300,0
2017-04-21,17:35:00,30.1584,30.21,30.1584,30.195,900,0
2017-04-21,17:40:00,30.1774,30.22,30.1774,30.1944,1000,0
2017-04-21,17:45:00,30.22,30.22,30.14,30.17,2800,0
2017-04-21,17:50:00,30.185,30.19,30.17,30.175,400,0
2017-04-21,17:55:00,30.16,30.16,30.16,30.16,200,0
2017-04-21,18:00:00,30.15,30.165,30.15,30.165,400,0
2017-04-21,18:05:00,30.15,30.165,30.09,30.09,2250,0
2017-04-21,18:15:00,30.05,30.05,30.01,30.01,700,0
2017-04-21,18:20:00,29.98,29.99,29.94,29.95,1100,0
2017-04-21,18:25:00,29.92,29.92,29.87,29.9,1600,0
2017-04-21,18:30:00,29.89,29.89,29.85,29.85,1000,0
2017-04-21,18:35:00,29.84,29.84,29.84,29.84,500,0
2017-04-21,18:40:00,29.83,29.83,29.73,29.76,1400,0
2017-04-21,18:45:00,29.8298,29.83,29.82,29.82,400,0
2017-04-21,18:55:00,29.8,29.86,29.8,29.86,200,0
2017-04-21,19:00:00,29.82,29.82,29.82,29.82,300,0
2017-04-21,19:05:00,29.86,29.87,29.84,29.84,1267,0
2017-04-21,19:15:00,29.86,29.865,29.85,29.855,1000,0
2017-04-21,19:20:00,29.89,29.94,29.87,29.94,4613,0
2017-04-21,19:25:00,29.9,29.94,29.9,29.94,1200,0
2017-04-21,19:30:00,29.91,29.95,29.9,29.94,1300,0
2017-04-21,19:35:00,29.96,29.96,29.91,29.92,1900,0
2017-04-21,19:40:00,29.92,29.92,29.87,29.87,400,0
2017-04-21,19:45:00,29.87,29.88,29.85,29.88,500,0
2017-04-21,19:50:00,29.88,29.9,29.88,29.9,600,0
2017-04-21,19:55:00,29.91,29.945,29.91,29.945,600,0
2017-04-21,20:00:00,29.95,30,29.95,29.95,1400,0
2017-04-21,20:05:00,29.99,30.01,29.96,29.99,2766,0
2017-04-21,20:10:00,30,30,29.99,30,1000,0
2017-04-21,20:15:00,30.02,30.04,29.99,29.99,700,0
2017-04-21,20:25:00,30.03,30.06,30.03,30.06,600,0
2017-04-21,20:35:00,30.08,30.1,30.05,30.05,400,0
2017-04-21,20:40:00,30.095,30.095,30.095,30.095,100,0
2017-04-21,20:50:00,30.03,30.035,30.03,30.035,300,0
2017-04-21,21:00:00,29.98,30,29.98,29.99,600,0
2017-04-21,21:05:00,30.01,30.01,29.97,29.984,1200,0
2017-04-21,21:10:00,29.993,30.02,29.99,29.99,800,0
2017-04-21,21:15:00,29.95,29.96,29.93,29.935,1300,0
2017-04-21,21:20:00,29.92,29.94,29.92,29.93,600,0
2017-04-21,21:25:00,29.93,29.995,29.9,29.97,2500,0
2017-04-21,21:30:00,29.99,30.05,29.97,30.05,2200,0
2017-04-21,21:35:00,30.06,30.1,30.03,30.05,2500,0
2017-04-21,21:40:00,30.04,30.08,30.04,30.07,1100,0
2017-04-21,21:45:00,30.08,30.1,30.07,30.1,1600,0
2017-04-21,21:50:00,30.11,30.13,30.09,30.13,3500,0
2017-04-21,21:55:00,30.15,30.16,30.09,30.09,7230,0
2017-04-21,22:00:00,30.07,30.1,30.03,30.06,16264,0
2017-04-24,15:35:00,30.7,30.7,30.64,30.64,2314,0
2017-04-24,15:40:00,30.53,30.7,30.53,30.7,2700,0
2017-04-24,15:45:00,30.71,30.93,30.69,30.79,2100,0
2017-04-24,15:50:00,30.795,30.88,30.78,30.78,1400,0
2017-04-24,15:55:00,30.86,30.89,30.86,30.89,200,0
2017-04-24,16:00:00,30.88,30.89,30.82,30.89,1500,0
2017-04-24,16:05:00,30.91,30.91,30.91,30.91,300,0
2017-04-24,16:10:00,30.91,30.98,30.89,30.98,2450,0
2017-04-24,16:15:00,30.99,30.99,30.91,30.94,400,0
2017-04-24,16:20:00,30.94,30.94,30.82,30.89,1100,0
2017-04-24,16:25:00,30.78,30.78,30.645,30.68,900,0
2017-04-24,16:30:00,30.68,30.7,30.6,30.64,1200,0
2017-04-24,16:35:00,30.58,30.58,30.49,30.49,300,0
2017-04-24,16:40:00,30.5,30.5,30.48,30.48,200,0
2017-04-24,16:45:00,30.46,30.47,30.435,30.47,930,0
2017-04-24,16:50:00,30.43,30.47,30.38,30.38,400,0
2017-04-24,16:55:00,30.405,30.44,30.32,30.33,1000,0
2017-04-24,17:00:00,30.38,30.42,30.37,30.42,1400,0
2017-04-24,17:05:00,30.43,30.43,30.4,30.42,1200,0
2017-04-24,17:10:00,30.4,30.45,30.37,30.45,1100,0
2017-04-24,17:20:00,30.44,30.46,30.4,30.4,600,0
2017-04-24,17:25:00,30.47,30.49,30.47,30.49,500,0
2017-04-24,17:30:00,30.49,30.49,30.44,30.44,200,0
2017-04-24,17:35:00,30.48,30.48,30.44,30.44,200,0
2017-04-24,17:40:00,30.46,30.46,30.46,30.46,200,0
2017-04-24,17:45:00,30.4,30.4,30.375,30.4,500,0
2017-04-24,17:50:00,30.42,30.42,30.42,30.42,300,0
2017-04-24,17:55:00,30.44,30.45,30.415,30.45,400,0
2017-04-24,18:00:00,30.42,30.47,30.42,30.47,400,0
2017-04-24,18:05:00,30.43,30.47,30.43,30.47,300,0
2017-04-24,18:10:00,30.48,30.48,30.45,30.45,400,0
2017-04-24,18:15:00,30.48,30.49,30.45,30.46,1200,0
2017-04-24,18:25:00,30.43,30.455,30.43,30.455,200,0
2017-04-24,18:30:00,30.47,30.47,30.43,30.43,600,0
2017-04-24,18:35:00,30.43,30.43,30.41,30.41,300,0
2017-04-24,18:40:00,30.44,30.44,30.44,30.44,200,0
2017-04-24,18:45:00,30.43,30.49,30.43,30.49,600,0
2017-04-24,18:50:00,30.5,30.5,30.5,30.5,700,0
2017-04-24,18:55:00,30.51,30.51,30.51,30.51,300,0
2017-04-24,19:00:00,30.5,30.5,30.44,30.44,400,0
2017-04-24,19:05:00,30.45,30.52,30.45,30.52,200,0
2017-04-24,19:10:00,30.54,30.54,30.54,30.54,100,0
2017-04-24,19:15:00,30.53,30.54,30.48,30.54,300,0
2017-04-24,19:20:00,30.49,30.54,30.49,30.54,300,0
2017-04-24,19:25:00,30.5,30.51,30.5,30.51,500,0
2017-04-24,19:30:00,30.51,30.51,30.51,30.51,300,0
2017-04-24,19:40:00,30.505,30.505,30.46,30.46,1100,0
2017-04-24,19:45:00,30.43,30.43,30.425,30.425,1000,0
2017-04-24,19:50:00,30.45,30.45,30.39,30.39,400,0
2017-04-24,19:55:00,30.4,30.42,30.4,30.42,600,0
2017-04-24,20:00:00,30.4,30.41,30.36,30.36,1000,0
2017-04-24,20:05:00,30.37,30.37,30.34,30.35,700,0
2017-04-24,20:10:00,30.345,30.37,30.33,30.33,1400,0
2017-04-24,20:15:00,30.35,30.36,30.35,30.35,1205,0
2017-04-24,20:20:00,30.36,30.39,30.36,30.37,1000,0
2017-04-24,20:25:00,30.39,30.44,30.39,30.43,600,0
2017-04-24,20:35:00,30.39,30.39,30.39,30.39,200,0
2017-04-24,20:40:00,30.39,30.39,30.39,30.39,600,0
2017-04-24,20:45:00,30.37,30.37,30.36,30.36,500,0
2017-04-24,20:50:00,30.36,30.36,30.36,30.36,200,0
2017-04-24,20:55:00,30.38,30.38,30.35,30.365,7823,0
2017-04-24,21:00:00,30.36,30.45,30.35,30.4,5600,0
2017-04-24,21:05:00,30.4,30.41,30.38,30.38,800,0
2017-04-24,21:10:00,30.4,30.41,30.38,30.38,1525,0
2017-04-24,21:20:00,30.42,30.42,30.39,30.42,1500,0
2017-04-24,21:25:00,30.42,30.45,30.41,30.41,2600,0
2017-04-24,21:30:00,30.41,30.42,30.4,30.42,5100,0
2017-04-24,21:35:00,30.43,30.43,30.42,30.42,810,0
2017-04-24,21:40:00,30.42,30.45,30.41,30.45,8535,0
2017-04-24,21:45:00,30.43,30.45,30.42,30.43,800,0
2017-04-24,21:50:00,30.42,30.43,30.36,30.36,2746,0
2017-04-24,21:55:00,30.36,30.36,30.3,30.32,7021,0
2017-04-24,22:00:00,30.32,30.33,30.3,30.31,18352,0
2017-04-25,15:35:00,30.74,30.74,30.5,30.5,2768,0
2017-04-25,15:40:00,30.85,30.85,30.85,30.85,100,0
2017-04-25,15:45:00,30.65,30.792,30.65,30.792,426,0
2017-04-25,15:50:00,30.79,30.8,30.715,30.79,1200,0
2017-04-25,15:55:00,30.76,30.78,30.67,30.67,1200,0
2017-04-25,16:05:00,30.82,30.82,30.75,30.75,200,0
2017-04-25,16:10:00,30.82,30.91,30.82,30.91,1300,0
2017-04-25,16:15:00,30.86,30.89,30.85,30.85,900,0
2017-04-25,16:20:00,30.83,30.83,30.83,30.83,100,0
2017-04-25,16:25:00,30.89,30.89,30.82,30.82,600,0
2017-04-25,16:30:00,30.8,30.86,30.8,30.835,1783,0
2017-04-25,16:35:00,30.81,30.81,30.73,30.75,3806,0
2017-04-25,16:40:00,30.78,30.82,30.77,30.81,2104,0
2017-04-25,16:45:00,30.77,30.79,30.72,30.79,1670,0
2017-04-25,16:50:00,30.75,30.765,30.75,30.765,200,0
2017-04-25,16:55:00,30.78,30.78,30.76,30.76,400,0
2017-04-25,17:00:00,30.76,30.76,30.74,30.74,600,0
2017-04-25,17:05:00,30.77,30.85,30.76,30.84,843,0
2017-04-25,17:10:00,30.87,30.88,30.85,30.85,900,0
2017-04-25,17:15:00,30.88,30.88,30.8,30.8,1900,0
2017-04-25,17:20:00,30.81,30.83,30.78,30.81,1100,0
2017-04-25,17:25:00,30.81,30.82,30.765,30.765,1000,0
2017-04-25,17:30:00,30.78,30.78,30.76,30.76,200,0
2017-04-25,17:35:00,30.75,30.8,30.74,30.8,900,0
2017-04-25,17:40:00,30.77,30.77,30.73,30.73,600,0
2017-04-25,17:50:00,30.69,30.69,30.68,30.68,400,0
2017-04-25,18:00:00,30.71,30.76,30.695,30.76,1200,0
2017-04-25,18:05:00,30.72,30.72,30.72,30.72,100,0
2017-04-25,18:15:00,30.72,30.72,30.6,30.605,1800,0
2017-04-25,18:20:00,30.63,30.64,30.61,30.63,1100,0
2017-04-25,18:25:00,30.63,30.63,30.6,30.61,1500,0
2017-04-25,18:30:00,30.61,30.61,30.61,30.61,100,0
2017-04-25,18:35:00,30.62,30.64,30.62,30.64,300,0
2017-04-25,18:40:00,30.6,30.6,30.57,30.57,1100,0
2017-04-25,18:45:00,30.61,30.61,30.595,30.61,400,0
2017-04-25,18:50:00,30.61,30.63,30.61,30.61,400,0
2017-04-25,18:55:00,30.61,30.61,30.61,30.61,1100,0
2017-04-25,19:00:00,30.59,30.59,30.59,30.59,100,0
2017-04-25,19:05:00,30.58,30.58,30.58,30.58,551,0
2017-04-25,19:10:00,30.56,30.57,30.56,30.565,600,0
2017-04-25,19:15:00,30.61,30.65,30.61,30.65,1200,0
2017-04-25,19:20:00,30.63,30.65,30.61,30.61,1949,0
2017-04-25,19:25:00,30.6,30.6,30.5,30.5,2228,0
2017-04-25,19:30:00,30.59,30.6,30.58,30.58,400,0
2017-04-25,19:35:00,30.61,30.63,30.61,30.63,800,0
2017-04-25,19:40:00,30.61,30.62,30.61,30.61,700,0
2017-04-25,19:45:00,30.61,30.61,30.58,30.58,700,0
2017-04-25,19:50:00,30.63,30.65,30.61,30.65,1184,0
2017-04-25,19:55:00,30.63,30.63,30.61,30.61,300,0
2017-04-25,20:00:00,30.65,30.65,30.65,30.65,800,0
2017-04-25,20:05:00,30.655,30.655,30.61,30.65,2600,0
2017-04-25,20:10:00,30.68,30.7,30.63,30.64,5033,0
2017-04-25,20:15:00,30.66,30.66,30.65,30.65,800,0
2017-04-25,20:25:00,30.71,30.71,30.69,30.69,800,0
2017-04-25,20:30:00,30.73,30.74,30.68,30.74,1900,0
2017-04-25,20:35:00,30.77,30.81,30.77,30.81,400,0
2017-04-25,20:45:00,30.84,30.84,30.83,30.83,200,0
2017-04-25,20:50:00,30.87,30.87,30.8,30.8,700,0
2017-04-25,20:55:00,30.79,30.84,30.79,30.84,300,0
2017-04-25,21:05:00,30.83,30.83,30.79,30.79,600,0
2017-04-25,21:10:00,30.78,30.78,30.73,30.76,1700,0
2017-04-25,21:15:00,30.73,30.75,30.62,30.63,1700,0
2017-04-25,21:20:00,30.67,30.68,30.66,30.66,1000,0
2017-04-25,21:25:00,30.66,30.66,30.65,30.65,600,0
2017-04-25,21:30:00,30.65,30.65,30.65,30.65,100,0
2017-04-25,21:35:00,30.65,30.67,30.6,30.65,3000,0
2017-04-25,21:40:00,30.62,30.66,30.62,30.64,600,0
2017-04-25,21:45:00,30.65,30.66,30.54,30.54,4806,0
2017-04-25,21:50:00,30.55,30.56,30.54,30.56,900,0
2017-04-25,21:55:00,30.56,30.62,30.55,30.59,10055,0
2017-04-25,22:00:00,30.58,30.58,30.54,30.58,19490,0
2017-04-26,15:35:00,30.75,30.75,30.75,30.75,1598,0
2017-04-26,15:40:00,30.81,31,30.7475,31,4132,0
2017-04-26,15:45:00,30.91,31.8,30.91,31.74,19473,0
2017-04-26,15:50:00,31.63,32.17,31.53,32.09,10619,0
2017-04-26,15:55:00,32.095,32.2175,31.935,31.935,2600,0
2017-04-26,16:00:00,31.89,31.89,31.47,31.53,7100,0
2017-04-26,16:05:00,31.6168,31.72,31.54,31.645,5755,0
2017-04-26,16:10:00,31.69,31.69,31.56,31.637,9745,0
2017-04-26,16:15:00,31.634,31.634,31.36,31.435,4298,0
2017-04-26,16:20:00,31.37,31.435,31.32,31.37,2212,0
2017-04-26,16:25:00,31.335,31.37,31.26,31.37,530,0
2017-04-26,16:30:00,31.38,31.38,31.38,31.38,300,0
2017-04-26,16:35:00,31.44,31.44,31.28,31.28,1100,0
2017-04-26,16:40:00,31.37,31.4175,31.325,31.38,1000,0
2017-04-26,16:45:00,31.37,31.52,31.37,31.52,1800,0
2017-04-26,16:50:00,31.49,31.55,31.49,31.55,500,0
2017-04-26,16:55:00,31.55,31.61,31.51,31.585,2300,0
2017-04-26,17:00:00,31.615,31.74,31.59,31.74,2800,0
2017-04-26,17:05:00,31.72,31.79,31.71,31.76,3211,0
2017-04-26,17:10:00,31.77,31.77,31.73,31.73,2900,0
2017-04-26,17:15:00,31.73,31.73,31.62,31.62,4000,0
2017-04-26,17:20:00,31.62,31.72,31.62,31.7,4660,0
2017-04-26,17:25:00,31.705,31.75,31.705,31.75,2756,0
2017-04-26,17:30:00,31.77,31.79,31.75,31.77,6800,0
2017-04-26,17:35:00,31.75,31.75,31.72,31.73,3157,0
2017-04-26,17:40:00,31.73,31.765,31.72,31.74,2600,0
2017-04-26,17:45:00,31.75,31.75,31.66,31.69,3300,0
2017-04-26,17:50:00,31.67,31.68,31.58,31.62,2400,0
2017-04-26,17:55:00,31.62,31.65,31.62,31.65,800,0
2017-04-26,18:00:00,31.66,31.71,31.56,31.56,4300,0
2017-04-26,18:05:00,31.6,31.625,31.6,31.62,3100,0
2017-04-26,18:10:00,31.63,31.66,31.6,31.66,1000,0
2017-04-26,18:15:00,31.61,31.65,31.59,31.62,6600,0
2017-04-26,18:20:00,31.62,31.65,31.5701,31.61,3000,0
2017-04-26,18:25:00,31.64,31.64,31.5701,31.5701,2100,0
2017-04-26,18:30:00,31.58,31.62,31.58,31.62,300,0
2017-04-26,18:35:00,31.58,31.65,31.58,31.64,1800,0
2017-04-26,18:40:00,31.63,31.65,31.59,31.6,5689,0
2017-04-26,18:45:00,31.62,31.64,31.6,31.6,1100,0
2017-04-26,18:50:00,31.62,31.64,31.6003,31.6003,4901,0
2017-04-26,18:55:00,31.6,31.6,31.55,31.6,2500,0
2017-04-26,19:00:00,31.61,31.64,31.61,31.61,700,0
2017-04-26,19:05:00,31.64,31.65,31.59,31.59,4746,0
2017-04-26,19:10:00,31.605,31.64,31.605,31.625,900,0
2017-04-26,19:15:00,31.61,31.65,31.61,31.63,1200,0
2017-04-26,19:20:00,31.62,31.64,31.59,31.635,5800,0
2017-04-26,19:25:00,31.62,31.69,31.61,31.69,11583,0
2017-04-26,19:30:00,31.73,31.75,31.63,31.73,11961,0
2017-04-26,19:35:00,31.74,31.74,31.61,31.63,2600,0
2017-04-26,19:40:00,31.64,31.65,31.61,31.63,3200,0
2017-04-26,19:45:00,31.61,31.63,31.6,31.62,1800,0
2017-04-26,19:50:00,31.65,31.65,31.6,31.6,900,0
2017-04-26,19:55:00,31.61,31.665,31.6,31.6,2845,0
2017-04-26,20:00:00,31.62,31.62,31.57,31.57,1200,0
2017-04-26,20:05:00,31.54,31.54,31.441,31.48,966,0
2017-04-26,20:10:00,31.53,31.55,31.49,31.49,1200,0
2017-04-26,20:15:00,31.49,31.52,31.49,31.52,300,0
2017-04-26,20:20:00,31.55,31.56,31.55,31.55,1000,0
2017-04-26,20:25:00,31.555,31.59,31.555,31.59,1200,0
2017-04-26,20:30:00,31.63,31.655,31.6,31.655,1100,0
2017-04-26,20:35:00,31.66,31.73,31.61,31.67,7843,0
2017-04-26,20:40:00,31.69,31.69,31.675,31.68,400,0
2017-04-26,20:45:00,31.675,31.71,31.64,31.71,6534,0
2017-04-26,20:50:00,31.69,31.69,31.67,31.67,500,0
2017-04-26,20:55:00,31.67,31.69,31.67,31.69,2500,0
2017-04-26,21:00:00,31.69,31.69,31.68,31.68,1800,0
2017-04-26,21:05:00,31.68,31.72,31.66,31.67,4601,0
2017-04-26,21:10:00,31.67,31.68,31.63,31.65,5977,0
2017-04-26,21:15:00,31.68,31.69,31.65,31.65,2526,0
2017-04-26,21:20:00,31.65,31.6553,31.57,31.61,6422,0
2017-04-26,21:25:00,31.65,31.665,31.65,31.65,1700,0
2017-04-26,21:30:00,31.65,31.67,31.65,31.67,3800,0
2017-04-26,21:35:00,31.66,31.67,31.62,31.62,3351,0
2017-04-26,21:40:00,31.62,31.63,31.56,31.58,3200,0
2017-04-26,21:45:00,31.57,31.61,31.57,31.61,1700,0
2017-04-26,21:50:00,31.61,31.61,31.58,31.58,1800,0
2017-04-26,21:55:00,31.6,31.6,31.51,31.53,2800,0
2017-04-26,22:00:00,31.53,31.64,31.51,31.62,28068,0
