Date,Time,Open,High,Low,Close,Volume,OpenInt
2017-03-22,14:35:00,8.1,8.1,8.1,8.1,277,0
2017-03-22,14:50:00,8.1399,8.1399,8.1399,8.1399,100,0
2017-03-22,15:05:00,8.0699,8.0699,8.0699,8.0699,100,0
2017-03-22,15:20:00,8.0099,8.0099,8.0099,8.0099,100,0
2017-03-22,15:25:00,7.86,7.86,7.86,7.86,100,0
2017-03-22,15:30:00,7.81,7.9,7.81,7.9,5600,0
2017-03-22,15:40:00,7.94,7.94,7.94,7.94,100,0
2017-03-22,16:00:00,7.955,7.955,7.955,7.955,100,0
2017-03-22,16:10:00,7.98,7.98,7.98,7.98,100,0
2017-03-22,16:15:00,8,8.01,8,8.01,200,0
2017-03-22,16:20:00,7.965,7.97,7.91,7.91,1100,0
2017-03-22,16:25:00,7.97,7.97,7.97,7.97,300,0
2017-03-22,16:30:00,7.96,7.96,7.96,7.96,100,0
2017-03-22,16:50:00,7.92,7.92,7.92,7.92,100,0
2017-03-22,17:20:00,7.96,7.96,7.96,7.96,100,0
2017-03-22,17:25:00,7.84,7.92,7.84,7.92,7487,0
2017-03-22,17:35:00,7.93,7.93,7.86,7.86,800,0
2017-03-22,17:40:00,7.89,7.9,7.89,7.9,600,0
2017-03-22,17:50:00,7.91,7.91,7.91,7.91,100,0
2017-03-22,18:00:00,7.9,7.9,7.89,7.89,1200,0
2017-03-22,18:15:00,7.91,7.91,7.91,7.91,200,0
2017-03-22,18:25:00,7.92,7.92,7.92,7.92,100,0
2017-03-22,18:30:00,7.93,7.95,7.93,7.95,300,0
2017-03-22,18:40:00,7.97,8.045,7.96,7.96,17200,0
2017-03-22,18:45:00,7.96,8.09,7.96,7.965,900,0
2017-03-22,18:50:00,8,8,8,8,100,0
2017-03-22,18:55:00,7.97,7.97,7.96,7.96,1600,0
2017-03-22,19:10:00,8.03,8.03,7.96,7.96,400,0
2017-03-22,19:15:00,7.96,7.96,7.96,7.96,400,0
2017-03-22,19:20:00,7.96,7.97,7.96,7.97,1400,0
2017-03-22,19:25:00,7.97,7.97,7.97,7.97,100,0
2017-03-22,19:35:00,7.97,7.97,7.97,7.97,400,0
2017-03-22,19:40:00,8.035,8.035,7.98,7.98,200,0
2017-03-22,19:45:00,7.97,7.98,7.97,7.98,400,0
2017-03-22,20:00:00,7.96,8.01,7.96,7.98,900,0
2017-03-22,20:05:00,7.98,7.987,7.96,7.97,3600,0
2017-03-22,20:10:00,7.98,7.98,7.98,7.98,100,0
2017-03-22,20:15:00,7.97,7.97,7.95,7.95,1100,0
2017-03-22,20:20:00,7.93,7.93,7.89,7.91,2600,0
2017-03-22,20:30:00,7.93,7.93,7.92,7.92,200,0
2017-03-22,20:45:00,7.93,7.95,7.93,7.94,6488,0
2017-03-22,20:50:00,7.94,7.94,7.88,7.88,1000,0
2017-03-22,20:55:00,7.87,7.93,7.84,7.84,11646,0
2017-03-22,21:00:00,7.92,8.05,7.92,8.04,4480,0
2017-03-23,14:45:00,7.8699,7.92,7.8699,7.92,1800,0
2017-03-23,14:50:00,7.89,7.89,7.89,7.89,200,0
2017-03-23,14:55:00,7.89,7.89,7.89,7.89,100,0
2017-03-23,15:05:00,7.96,7.98,7.95,7.95,702,0
2017-03-23,15:10:00,7.94,7.94,7.94,7.94,300,0
2017-03-23,15:15:00,7.91,7.95,7.91,7.91,1200,0
2017-03-23,15:20:00,7.95,7.95,7.95,7.95,200,0
2017-03-23,15:45:00,7.99,7.99,7.99,7.99,100,0
2017-03-23,16:10:00,7.9,7.9,7.9,7.9,400,0
2017-03-23,16:20:00,7.926,7.98,7.926,7.98,1900,0
2017-03-23,16:25:00,7.97,7.98,7.97,7.98,200,0
2017-03-23,16:45:00,7.8457,7.8457,7.8457,7.8457,816,0
2017-03-23,17:00:00,7.94,7.94,7.94,7.94,100,0
2017-03-23,17:15:00,7.94,7.94,7.94,7.94,100,0
2017-03-23,17:25:00,7.939,7.94,7.939,7.94,3000,0
2017-03-23,17:30:00,7.95,7.995,7.95,7.96,3400,0
2017-03-23,18:00:00,7.9725,7.9725,7.9725,7.9725,100,0
2017-03-23,18:05:00,7.98,7.98,7.92,7.94,1500,0
2017-03-23,18:45:00,7.91,7.91,7.91,7.91,100,0
2017-03-23,18:50:00,7.93,7.93,7.93,7.93,100,0
2017-03-23,19:05:00,7.95,7.95,7.95,7.95,200,0
2017-03-23,19:15:00,7.95,7.95,7.95,7.95,200,0
2017-03-23,19:20:00,7.87,7.91,7.84,7.9075,8800,0
2017-03-23,19:25:00,7.91,8.01,7.8812,8.01,5560,0
2017-03-23,19:30:00,8,8,7.99,8,595,0
2017-03-23,19:35:00,7.99,8.055,7.98,7.99,1600,0
2017-03-23,19:40:00,7.98,7.98,7.98,7.98,2783,0
2017-03-23,19:45:00,8,8,8,8,100,0
2017-03-23,19:50:00,7.99,7.99,7.99,7.99,100,0
2017-03-23,19:55:00,7.99,7.99,7.99,7.99,200,0
2017-03-23,20:00:00,8.03,8.03,7.98,7.98,200,0
2017-03-23,20:05:00,8,8.01,7.98,7.98,1200,0
2017-03-23,20:10:00,7.99,7.99,7.98,7.98,300,0
2017-03-23,20:25:00,7.99,7.99,7.98,7.98,200,0
2017-03-23,20:30:00,7.99,7.99,7.99,7.99,1600,0
2017-03-23,20:40:00,7.98,7.98,7.9,7.9,5900,0
2017-03-23,20:45:00,7.77,7.86,7.77,7.85,6500,0
2017-03-23,20:50:00,7.86,7.9,7.86,7.88,2200,0
2017-03-23,20:55:00,7.89,7.89,7.8,7.8,4825,0
2017-03-23,21:00:00,7.84,7.88,7.84,7.88,371,0
2017-03-24,14:35:00,7.83,7.83,7.83,7.83,200,0
2017-03-24,14:50:00,7.82,7.82,7.82,7.82,1400,0
2017-03-24,14:55:00,7.82,7.82,7.7,7.7,1300,0
2017-03-24,15:00:00,7.75,7.825,7.75,7.82,10100,0
2017-03-24,15:05:00,7.8,7.8,7.8,7.8,100,0
2017-03-24,15:10:00,7.81,7.81,7.77,7.79,4000,0
2017-03-24,15:15:00,7.82,7.85,7.77,7.8,14800,0
2017-03-24,15:20:00,7.8,7.8,7.8,7.8,5990,0
2017-03-24,15:25:00,7.8,7.8,7.79,7.79,200,0
2017-03-24,15:30:00,7.81,7.81,7.81,7.81,100,0
2017-03-24,15:40:00,7.82,7.85,7.8,7.85,11044,0
2017-03-24,15:55:00,7.8923,7.8923,7.8923,7.8923,600,0
2017-03-24,16:05:00,7.89,7.89,7.89,7.89,100,0
2017-03-24,16:10:00,7.9,7.9,7.9,7.9,500,0
2017-03-24,16:15:00,7.96,7.96,7.96,7.96,100,0
2017-03-24,16:35:00,7.93,7.93,7.83,7.83,4200,0
2017-03-24,16:45:00,7.86,8,7.85,8,10736,0
2017-03-24,16:55:00,7.97,7.99,7.94,7.97,14100,0
2017-03-24,17:00:00,7.9701,7.9701,7.95,7.95,11000,0
2017-03-24,17:15:00,7.93,7.93,7.9,7.9,500,0
2017-03-24,17:20:00,7.93,7.93,7.93,7.93,200,0
2017-03-24,17:25:00,7.94,7.94,7.94,7.94,100,0
2017-03-24,17:30:00,7.97,7.97,7.97,7.97,100,0
2017-03-24,18:10:00,8,8,7.96,7.96,200,0
2017-03-24,18:25:00,7.97,7.97,7.96,7.97,1700,0
2017-03-24,18:40:00,7.94,7.99,7.8553,7.99,9866,0
2017-03-24,18:45:00,7.9,7.98,7.9,7.98,1100,0
2017-03-24,18:50:00,7.97,7.97,7.97,7.97,100,0
2017-03-24,18:55:00,7.93,7.96,7.91,7.94,4600,0
2017-03-24,19:00:00,7.96,7.96,7.96,7.96,100,0
2017-03-24,19:15:00,7.94,7.94,7.9,7.92,3712,0
2017-03-24,19:25:00,7.96,7.96,7.92,7.94,7189,0
2017-03-24,19:40:00,7.96,7.96,7.96,7.96,200,0
2017-03-24,19:50:00,7.97,7.97,7.97,7.97,300,0
2017-03-24,19:55:00,7.99,7.99,7.99,7.99,600,0
2017-03-24,20:00:00,7.95,7.95,7.92,7.95,3700,0
2017-03-24,20:20:00,7.98,7.98,7.98,7.98,100,0
2017-03-24,20:25:00,7.9562,7.9562,7.93,7.93,12180,0
2017-03-24,20:35:00,7.94,8.03,7.93,7.96,9981,0
2017-03-24,20:40:00,7.99,8,7.99,7.99,400,0
2017-03-24,20:45:00,8,8.08,7.96,8.08,6300,0
2017-03-24,20:55:00,8.04,8.08,8.04,8.08,4400,0
2017-03-24,21:00:00,8.01,8.1,8.01,8.1,562,0
2017-03-27,15:35:00,8.08,8.08,7.84,7.86,5493,0
2017-03-27,15:45:00,7.99,7.99,7.8489,7.89,2200,0
2017-03-27,15:50:00,7.89,7.93,7.87,7.93,1400,0
2017-03-27,15:55:00,7.92,7.95,7.8637,7.93,17000,0
2017-03-27,16:00:00,7.92,7.98,7.8439,7.98,6900,0
2017-03-27,16:10:00,7.96,7.97,7.96,7.96,400,0
2017-03-27,16:15:00,7.93,7.93,7.92,7.92,3167,0
2017-03-27,16:20:00,8,8.13,8,8.13,467,0
2017-03-27,16:25:00,8.05,8.3832,8.05,8.19,13601,0
2017-03-27,16:30:00,8.18,8.18,8.09,8.18,18300,0
2017-03-27,16:35:00,8.12,8.13,8.1,8.1,1800,0
2017-03-27,16:40:00,8.11,8.1435,8.1,8.1,1600,0
2017-03-27,16:45:00,8.1,8.11,8.1,8.11,2100,0
2017-03-27,16:50:00,8.12,8.12,8.1,8.1,3700,0
2017-03-27,16:55:00,8.1,8.1,8.1,8.1,3000,0
2017-03-27,17:00:00,8.11,8.11,8.11,8.11,100,0
2017-03-27,17:05:00,8.29,8.29,8.1,8.105,1200,0
2017-03-27,17:10:00,8.11,8.1499,8.07,8.07,3587,0
2017-03-27,17:15:00,8.11,8.11,8.11,8.11,100,0
2017-03-27,17:20:00,8.115,8.15,8.1125,8.1125,650,0
2017-03-27,17:25:00,8.1,8.1,8.1,8.1,1000,0
2017-03-27,17:30:00,8.1492,8.1492,8.1,8.1,200,0
2017-03-27,17:35:00,8.1,8.1499,8.1,8.1499,1500,0
2017-03-27,17:40:00,8.1,8.1372,8.1,8.1372,800,0
2017-03-27,17:45:00,8.1,8.1,8.1,8.1,2113,0
2017-03-27,17:55:00,8.1,8.1,8.1,8.1,600,0
2017-03-27,18:00:00,8.13,8.14,8.13,8.14,400,0
2017-03-27,18:10:00,8.1,8.1,8.1,8.1,200,0
2017-03-27,18:15:00,8.1365,8.1365,8.08,8.08,1700,0
2017-03-27,18:20:00,8.1,8.18,8.08,8.18,1600,0
2017-03-27,18:25:00,8.1,8.25,8.1,8.25,500,0
2017-03-27,18:30:00,8.14,8.147,8.09,8.1,4500,0
2017-03-27,18:35:00,8.02,8.15,7.95,8.15,19000,0
2017-03-27,18:40:00,8.15,8.1725,8.11,8.15,7287,0
2017-03-27,18:50:00,8.15,8.2,8.15,8.15,1321,0
2017-03-27,18:55:00,8.29,8.29,8.11,8.18,1300,0
2017-03-27,19:00:00,8.15,8.15,8.15,8.15,100,0
2017-03-27,19:05:00,8.18,8.2238,8.18,8.22,990,0
2017-03-27,19:10:00,8.08,8.08,8.08,8.08,11900,0
2017-03-27,19:15:00,8.24,8.24,8.24,8.24,300,0
2017-03-27,19:20:00,8.25,8.26,8.2,8.2,700,0
2017-03-27,19:30:00,8.24,8.25,8.24,8.25,500,0
2017-03-27,19:35:00,8.2,8.2,8.2,8.2,300,0
2017-03-27,19:40:00,8.13,8.13,8.13,8.13,400,0
2017-03-27,19:45:00,8.24,8.24,8.24,8.24,400,0
2017-03-27,19:50:00,8.24,8.24,8.24,8.24,400,0
2017-03-27,20:00:00,8.24,8.24,8.24,8.24,400,0
2017-03-27,20:05:00,8.25,8.25,8.17,8.17,300,0
2017-03-27,20:10:00,8.24,8.24,8.24,8.24,400,0
2017-03-27,20:20:00,8.24,8.25,8.24,8.25,600,0
2017-03-27,20:25:00,8.24,8.24,8.24,8.24,200,0
2017-03-27,20:30:00,8.24,8.24,8.24,8.24,400,0
2017-03-27,20:35:00,8.25,8.25,8.24,8.24,200,0
2017-03-27,20:40:00,8.24,8.24,8.23,8.23,500,0
2017-03-27,20:50:00,8.2316,8.24,8.2316,8.24,400,0
2017-03-27,20:55:00,8.2316,8.2316,8.2316,8.2316,400,0
2017-03-27,21:05:00,8.24,8.24,8.237,8.2392,500,0
2017-03-27,21:15:00,8.2323,8.2323,8.2323,8.2323,400,0
2017-03-27,21:20:00,8.22,8.25,8.22,8.25,1682,0
2017-03-27,21:25:00,8.235,8.25,8.225,8.25,1700,0
2017-03-27,21:35:00,8.2589,8.28,8.2479,8.28,500,0
2017-03-27,21:40:00,8.26,8.26,8.24,8.24,506,0
2017-03-27,21:45:00,8.28,8.28,8.18,8.25,1900,0
2017-03-27,21:50:00,8.2989,8.2989,8.2989,8.2989,100,0
2017-03-27,22:00:00,8.2,8.2533,8.2,8.24,600,0
2017-03-28,15:40:00,8.255,8.3,7.8786,7.96,22400,0
2017-03-28,15:45:00,8,8.14,7.9233,8.14,26000,0
2017-03-28,16:00:00,8.13,8.19,8.13,8.19,900,0
2017-03-28,16:05:00,8.22,8.22,8.2,8.2,2700,0
2017-03-28,16:10:00,8.23,8.23,8.23,8.23,100,0
2017-03-28,16:15:00,8.16,8.16,8.16,8.16,100,0
2017-03-28,16:30:00,8.21,8.23,8.19,8.19,400,0
2017-03-28,16:35:00,8.16,8.2,8.16,8.19,800,0
2017-03-28,16:40:00,8.19,8.2,8.18,8.2,1200,0
2017-03-28,16:45:00,8.19,8.19,8.18,8.18,200,0
2017-03-28,16:55:00,8.19,8.19,8.16,8.16,400,0
2017-03-28,17:00:00,8.15,8.18,8.15,8.18,400,0
2017-03-28,17:10:00,8.18,8.18,8.16,8.16,532,0
2017-03-28,17:35:00,8.18,8.18,8.18,8.18,300,0
2017-03-28,17:40:00,8.1896,8.2,8.18,8.2,500,0
2017-03-28,17:50:00,8.19,8.1901,8.19,8.19,600,0
2017-03-28,18:10:00,8.21,8.21,8.21,8.21,200,0
2017-03-28,18:15:00,8.21,8.21,8.08,8.08,200,0
2017-03-28,18:20:00,8.19,8.19,8.19,8.19,100,0
2017-03-28,18:25:00,8.21,8.21,8.21,8.21,100,0
2017-03-28,18:50:00,8.23,8.23,8.23,8.23,100,0
2017-03-28,18:55:00,8.23,8.23,8.23,8.23,100,0
2017-03-28,19:15:00,8.14,8.18,8.14,8.18,300,0
2017-03-28,19:30:00,8.23,8.23,8.19,8.23,600,0
2017-03-28,19:35:00,8.23,8.23,8.14,8.2,8496,0
2017-03-28,19:40:00,8.25,8.251,8.23,8.23,6165,0
2017-03-28,19:45:00,8.3,8.3,8.29,8.3,2300,0
2017-03-28,19:55:00,8.43,8.43,8.39,8.39,3502,0
2017-03-28,20:00:00,8.52,8.67,8.39,8.39,31600,0
2017-03-28,20:05:00,8.4,8.4,8.4,8.4,100,0
2017-03-28,20:15:00,8.4,8.4,8.3399,8.39,4200,0
2017-03-28,20:35:00,8.41,8.41,8.41,8.41,600,0
2017-03-28,20:55:00,8.41,8.42,8.35,8.4,5100,0
2017-03-28,21:00:00,8.42,8.42,8.42,8.42,100,0
2017-03-28,21:05:00,8.44,8.44,8.44,8.44,100,0
2017-03-28,21:10:00,8.36,8.46,8.36,8.46,6801,0
2017-03-28,21:15:00,8.32,8.44,8.32,8.44,200,0
2017-03-28,21:35:00,8.46,8.46,8.46,8.46,100,0
2017-03-28,21:40:00,8.4,8.4,8.3335,8.4,1250,0
2017-03-28,21:45:00,8.42,8.42,8.42,8.42,100,0
2017-03-28,21:50:00,8.42,8.52,8.42,8.52,10400,0
2017-03-28,21:55:00,8.52,8.55,8.47,8.55,17920,0
2017-03-28,22:00:00,8.59,8.59,8.5,8.5,1529,0
2017-03-29,15:50:00,8.51,8.51,8.3799,8.5,6000,0
2017-03-29,15:55:00,8.58,8.58,8.58,8.58,100,0
2017-03-29,16:05:00,8.54,8.54,8.54,8.54,100,0
2017-03-29,16:25:00,8.57,8.57,8.57,8.57,100,0
2017-03-29,16:50:00,8.64,8.64,8.48,8.58,7500,0
2017-03-29,16:55:00,8.58,8.58,8.53,8.55,5112,0
2017-03-29,17:05:00,8.58,8.61,8.58,8.6,300,0
2017-03-29,17:10:00,8.591,8.61,8.59,8.6,1100,0
2017-03-29,17:20:00,8.57,8.57,8.55,8.55,700,0
2017-03-29,17:25:00,8.54,8.54,8.54,8.54,900,0
2017-03-29,17:30:00,8.57,8.57,8.53,8.55,1600,0
2017-03-29,17:35:00,8.62,8.62,8.62,8.62,100,0
2017-03-29,17:40:00,8.61,8.61,8.61,8.61,100,0
2017-03-29,17:45:00,8.61,8.63,8.61,8.63,200,0
2017-03-29,18:25:00,8.57,8.57,8.56,8.56,569,0
2017-03-29,18:40:00,8.55,8.5501,8.53,8.55,5100,0
2017-03-29,18:45:00,8.56,8.56,8.37,8.52,6600,0
2017-03-29,18:50:00,8.51,8.51,8.51,8.51,100,0
2017-03-29,19:00:00,8.52,8.63,8.49,8.49,8100,0
2017-03-29,19:05:00,8.63,8.64,8.52,8.52,13400,0
2017-03-29,19:10:00,8.52,8.54,8.49,8.51,13100,0
2017-03-29,19:15:00,8.5384,8.5384,8.5384,8.5384,1200,0
2017-03-29,19:20:00,8.6799,8.6799,8.53,8.54,2200,0
2017-03-29,19:25:00,8.5,8.5,8.5,8.5,400,0
2017-03-29,19:30:00,8.4,8.4,8.4,8.4,100,0
2017-03-29,19:35:00,8.358,8.358,8.1999,8.25,4000,0
2017-03-29,19:40:00,8.32,8.4,8.299,8.36,13200,0
2017-03-29,19:45:00,8.38,8.45,8.34,8.43,4698,0
2017-03-29,19:50:00,8.46,8.46,8.46,8.46,100,0
2017-03-29,19:55:00,8.43,8.43,8.43,8.43,100,0
2017-03-29,20:00:00,8.46,8.46,8.46,8.46,100,0
2017-03-29,20:10:00,8.4,8.4,8.4,8.4,400,0
2017-03-29,20:15:00,8.41,8.41,8.4,8.4,300,0
2017-03-29,20:25:00,8.46,8.46,8.39,8.39,1000,0
2017-03-29,20:30:00,8.46,8.46,8.46,8.46,100,0
2017-03-29,20:55:00,8.44,8.44,8.44,8.44,100,0
2017-03-29,21:10:00,8.46,8.46,8.46,8.46,100,0
2017-03-29,21:15:00,8.36,8.36,8.36,8.36,2100,0
2017-03-29,21:25:00,8.41,8.66,8.4,8.46,2400,0
2017-03-29,21:30:00,8.5201,8.5201,8.45,8.45,6200,0
2017-03-29,21:35:00,8.29,8.29,8.28,8.28,9000,0
2017-03-29,21:40:00,8.45,8.45,8.45,8.45,100,0
2017-03-29,21:45:00,8.3,8.4899,8.3,8.4899,8798,0
2017-03-29,21:50:00,8.45,8.45,8.45,8.45,100,0
2017-03-29,22:00:00,8.4999,8.53,8.4,8.53,969,0
2017-03-30,15:35:00,8.46,8.46,8.46,8.46,234,0
2017-03-30,15:40:00,8.7,8.7,8.59,8.59,1135,0
2017-03-30,15:45:00,8.4,8.4,8.3801,8.3801,400,0
2017-03-30,15:55:00,8.67,8.67,8.67,8.67,100,0
2017-03-30,16:00:00,8.62,8.71,8.6,8.6,300,0
2017-03-30,16:10:00,8.6,8.64,8.54,8.59,1199,0
2017-03-30,16:15:00,8.55,8.55,8.55,8.55,100,0
2017-03-30,16:35:00,8.5388,8.5388,8.52,8.52,400,0
2017-03-30,16:40:00,8.52,8.52,8.52,8.52,100,0
2017-03-30,16:55:00,8.55,8.55,8.55,8.55,400,0
2017-03-30,17:05:00,8.51,8.51,8.51,8.51,200,0
2017-03-30,17:15:00,8.49,8.49,8.4,8.47,1400,0
2017-03-30,17:30:00,8.46,8.46,8.46,8.46,100,0
2017-03-30,17:40:00,8.5,8.5,8.5,8.5,100,0
2017-03-30,18:00:00,8.48,8.485,8.48,8.485,200,0
2017-03-30,18:20:00,8.53,8.53,8.44,8.44,1761,0
2017-03-30,18:30:00,8.38,8.38,8.38,8.38,100,0
2017-03-30,19:00:00,8.45,8.45,8.45,8.45,100,0
2017-03-30,19:20:00,8.46,8.46,8.46,8.46,100,0
2017-03-30,19:30:00,8.43,8.43,8.41,8.41,300,0
2017-03-30,20:25:00,8.46,8.46,8.46,8.46,300,0
2017-03-30,20:40:00,8.42,8.46,8.42,8.46,400,0
2017-03-30,20:45:00,8.46,8.615,8.46,8.615,1600,0
2017-03-30,21:10:00,8.69,8.69,8.69,8.69,100,0
2017-03-30,21:15:00,8.61,8.615,8.61,8.615,200,0
2017-03-30,21:20:00,8.6375,8.6525,8.55,8.6525,1200,0
2017-03-30,21:25:00,8.6,8.67,8.6,8.67,527,0
2017-03-30,21:30:00,8.64,8.65,8.64,8.65,300,0
2017-03-30,21:35:00,8.65,8.65,8.64,8.64,200,0
2017-03-30,21:45:00,8.68,8.68,8.68,8.68,400,0
2017-03-30,21:55:00,8.69,8.7,8.69,8.7,400,0
2017-03-30,22:00:00,8.68,8.68,8.68,8.68,300,0
2017-03-31,15:40:00,8.6765,8.68,8.6765,8.68,1020,0
2017-03-31,15:55:00,8.47,8.6792,8.47,8.6592,3150,0
2017-03-31,16:00:00,8.6,8.6,8.6,8.6,200,0
2017-03-31,16:05:00,8.6,8.65,8.59,8.6,4300,0
2017-03-31,16:15:00,8.5389,8.5389,8.5389,8.5389,300,0
2017-03-31,16:30:00,8.62,8.62,8.62,8.62,100,0
2017-03-31,16:35:00,8.64,8.6492,8.6,8.61,4300,0
2017-03-31,16:40:00,8.61,8.68,8.6,8.68,1500,0
2017-03-31,16:45:00,8.68,8.68,8.68,8.68,100,0
2017-03-31,16:50:00,8.68,8.78,8.68,8.78,764,0
2017-03-31,16:55:00,8.77,8.8592,8.68,8.79,3600,0
2017-03-31,17:00:00,8.77,8.78,8.6699,8.7,15710,0
2017-03-31,17:05:00,8.76,8.76,8.74,8.74,500,0
2017-03-31,17:10:00,8.77,8.791,8.77,8.79,1300,0
2017-03-31,17:15:00,8.8,8.85,8.8,8.82,4050,0
2017-03-31,17:20:00,8.81,8.88,8.81,8.88,2000,0
2017-03-31,17:25:00,8.87,8.87,8.86,8.86,500,0
2017-03-31,17:30:00,8.9,8.95,8.84,8.94,2599,0
2017-03-31,17:35:00,8.88,8.88,8.87,8.87,300,0
2017-03-31,17:40:00,8.9,8.9,8.83,8.88,400,0
2017-03-31,17:45:00,8.85,8.92,8.79,8.92,900,0
2017-03-31,17:50:00,8.9,8.93,8.9,8.93,388,0
2017-03-31,17:55:00,8.939,8.939,8.93,8.93,900,0
2017-03-31,18:00:00,8.93,8.94,8.93,8.94,566,0
2017-03-31,18:05:00,8.97,8.98,8.9,8.98,630,0
2017-03-31,18:10:00,8.95,8.95,8.92,8.95,1600,0
2017-03-31,18:15:00,8.96,8.97,8.9,8.92,3100,0
2017-03-31,18:20:00,8.98,9.11,8.92,9.11,6385,0
2017-03-31,18:25:00,9.16,9.16,9.13,9.13,300,0
2017-03-31,18:30:00,8.9265,8.9265,8.9265,8.9265,450,0
2017-03-31,18:40:00,9.13,9.15,9.08,9.0992,2250,0
2017-03-31,18:45:00,9.09,9.12,9.05,9.12,2850,0
2017-03-31,18:50:00,9.11,9.13,9.05,9.055,3500,0
2017-03-31,18:55:00,9.05,9.08,9.05,9.07,500,0
2017-03-31,19:10:00,9.055,9.06,9.05,9.05,800,0
2017-03-31,19:15:00,9.055,9.06,9.05,9.05,2600,0
2017-03-31,19:40:00,9.1384,9.1592,9.124,9.1592,2150,0
2017-03-31,19:45:00,9.1493,9.1493,9.13,9.13,2600,0
2017-03-31,19:50:00,9.1499,9.1499,9.1499,9.1499,242,0
2017-03-31,19:55:00,9.15,9.15,9.15,9.15,200,0
2017-03-31,20:05:00,9.15,9.15,9.15,9.15,100,0
2017-03-31,20:15:00,9.13,9.13,9.13,9.13,100,0
2017-03-31,20:20:00,9.14,9.14,9.14,9.14,100,0
2017-03-31,20:30:00,9.15,9.15,9.15,9.15,500,0
2017-03-31,20:35:00,9.15,9.15,9.1381,9.15,2000,0
2017-03-31,20:40:00,9.15,9.15,9.15,9.15,100,0
2017-03-31,20:50:00,9.165,9.165,9.165,9.165,100,0
2017-03-31,21:15:00,9.1,9.1,9.1,9.1,200,0
2017-03-31,21:20:00,9.1,9.12,9.1,9.11,300,0
2017-03-31,21:30:00,9.14,9.14,9.09,9.1,2400,0
2017-03-31,21:35:00,9.1,9.16,9.1,9.1,700,0
2017-03-31,21:40:00,9.1,9.1,9.1,9.1,600,0
2017-03-31,21:45:00,9.1554,9.16,9.0893,9.1535,8100,0
2017-03-31,21:50:00,9.09,9.16,9.09,9.16,1000,0
2017-03-31,21:55:00,9.09,9.101,9.05,9.05,4400,0
2017-03-31,22:00:00,9.0973,9.1,8.73,9.1,5312,0
2017-04-03,15:35:00,9.34,9.34,9.24,9.24,8236,0
2017-04-03,15:40:00,9.24,9.2617,9.24,9.2617,1030,0
2017-04-03,15:45:00,9.28,9.3,9.28,9.3,200,0
2017-04-03,15:50:00,9.28,9.3,9.27,9.28,2130,0
2017-04-03,16:00:00,9.2698,9.2698,9.2698,9.2698,110,0
2017-04-03,16:05:00,9.28,9.29,9.27,9.27,300,0
2017-04-03,16:10:00,9.24,9.25,9.19,9.25,8000,0
2017-04-03,16:15:00,9.25,9.25,9.25,9.25,300,0
2017-04-03,16:30:00,9.24,9.245,9.23,9.245,591,0
2017-04-03,16:35:00,9.23,9.25,9.23,9.2492,3400,0
2017-04-03,16:50:00,9.1738,9.1738,9.1738,9.1738,306,0
2017-04-03,16:55:00,9.21,9.22,9.21,9.22,1034,0
2017-04-03,17:00:00,9.15,9.15,9.1,9.1,5410,0
2017-04-03,17:10:00,9.05,9.12,9.05,9.08,2600,0
2017-04-03,17:15:00,9.12,9.12,9.1189,9.1189,500,0
2017-04-03,17:20:00,9.08,9.08,9.08,9.08,100,0
2017-04-03,17:25:00,9.1,9.1,9.1,9.1,100,0
2017-04-03,17:30:00,9.081,9.081,9.07,9.07,2000,0
2017-04-03,17:45:00,9.0999,9.0999,9.0701,9.0701,755,0
2017-04-03,17:50:00,9.1,9.1,9.1,9.1,200,0
2017-04-03,17:55:00,9.08,9.08,9.08,9.08,200,0
2017-04-03,18:00:00,9.07,9.07,9.06,9.06,400,0
2017-04-03,18:05:00,9.0799,9.08,9.06,9.06,1364,0
2017-04-03,18:10:00,9.07,9.07,9.06,9.06,4598,0
2017-04-03,18:25:00,9.075,9.075,9.05,9.06,1893,0
2017-04-03,18:30:00,9.06,9.06,9.06,9.06,1000,0
2017-04-03,18:35:00,9.075,9.075,9.075,9.075,100,0
2017-04-03,18:45:00,9.06,9.06,9.06,9.06,800,0
2017-04-03,19:00:00,9.09,9.1,8.92,8.95,13800,0
2017-04-03,19:05:00,8.87,8.99,8.828,8.9299,26870,0
2017-04-03,19:10:00,8.94,9.01,8.9,9.01,5998,0
2017-04-03,19:15:00,8.98,9.02,8.98,9.02,400,0
2017-04-03,19:25:00,9.08,9.08,9.08,9.08,100,0
2017-04-03,19:30:00,9.08,9.08,9.08,9.08,100,0
2017-04-03,19:50:00,9.08,9.08,9.08,9.08,200,0
2017-04-03,20:20:00,9.04,9.04,9.04,9.04,100,0
2017-04-03,20:35:00,8.91,8.91,8.91,8.91,100,0
2017-04-03,21:15:00,9.04,9.04,8.92,8.92,200,0
2017-04-03,21:20:00,8.92,8.92,8.9,8.9,200,0
2017-04-03,21:25:00,8.91,8.95,8.91,8.93,300,0
2017-04-03,21:30:00,9.06,9.06,8.94,8.95,300,0
2017-04-03,21:35:00,8.93,9.03,8.93,8.94,2700,0
2017-04-03,21:40:00,8.96,8.96,8.96,8.96,200,0
2017-04-03,21:45:00,8.93,9.06,8.93,9.06,200,0
2017-04-03,21:50:00,8.96,9.04,8.96,8.97,3292,0
2017-04-03,21:55:00,8.97,9.09,8.97,9.03,15314,0
2017-04-03,22:00:00,9.02,9.06,8.88,8.88,10765,0
2017-04-04,15:35:00,8.89,8.89,8.89,8.89,100,0
2017-04-04,15:40:00,8.89,8.89,8.85,8.86,580,0
2017-04-04,15:45:00,9.02,9.02,8.96,8.96,3124,0
2017-04-04,15:50:00,8.94,9.17,8.94,8.975,12800,0
2017-04-04,16:10:00,8.99,8.99,8.94,8.94,200,0
2017-04-04,16:30:00,8.96,8.96,8.81,8.81,800,0
2017-04-04,16:35:00,8.81,8.96,8.8,8.96,1000,0
2017-04-04,17:05:00,8.91,9,8.91,9,200,0
2017-04-04,17:20:00,9.0399,9.0399,9.0399,9.0399,849,0
2017-04-04,17:25:00,8.81,8.83,8.765,8.83,5000,0
2017-04-04,17:35:00,8.83,8.85,8.83,8.85,200,0
2017-04-04,17:55:00,8.8142,8.88,8.8142,8.88,1200,0
2017-04-04,18:05:00,8.88,8.88,8.88,8.88,100,0
2017-04-04,18:15:00,8.73,8.73,8.73,8.73,100,0
2017-04-04,18:35:00,8.82,8.82,8.82,8.82,100,0
2017-04-04,19:15:00,8.81,8.81,8.81,8.81,100,0
2017-04-04,19:25:00,8.78,8.78,8.76,8.76,2765,0
2017-04-04,19:40:00,8.76,8.76,8.72,8.76,2500,0
2017-04-04,19:45:00,8.77,8.77,8.77,8.77,200,0
2017-04-04,20:00:00,8.661,8.68,8.66,8.66,1225,0
2017-04-04,20:05:00,8.55,8.55,8.55,8.55,300,0
2017-04-04,20:15:00,8.68,8.68,8.68,8.68,100,0
2017-04-04,20:20:00,8.67,8.71,8.67,8.71,200,0
2017-04-04,20:25:00,8.71,8.71,8.64,8.64,300,0
2017-04-04,20:30:00,8.64,8.65,8.63,8.63,620,0
2017-04-04,20:40:00,8.7,8.71,8.6,8.6,900,0
2017-04-04,20:45:00,8.6,8.61,8.6,8.61,400,0
2017-04-04,21:00:00,8.49,8.58,8.49,8.57,900,0
2017-04-04,21:05:00,8.59,8.62,8.58,8.58,400,0
2017-04-04,21:10:00,8.63,8.631,8.57,8.585,3400,0
2017-04-04,21:20:00,8.59,8.59,8.59,8.59,200,0
2017-04-04,21:25:00,8.5803,8.62,8.5803,8.5803,500,0
2017-04-04,21:30:00,8.5803,8.5803,8.5803,8.5803,300,0
2017-04-04,21:35:00,8.5803,8.6403,8.58,8.58,3400,0
2017-04-04,21:40:00,8.58,8.59,8.57,8.57,1300,0
2017-04-04,21:45:00,8.58,8.6303,8.58,8.6303,1000,0
2017-04-04,21:50:00,8.6403,8.74,8.6201,8.6203,1800,0
2017-04-04,21:55:00,8.6203,8.69,8.6203,8.63,1000,0
2017-04-04,22:00:00,8.63,8.66,8.5903,8.6,1997,0
2017-04-05,15:50:00,8.62,8.62,8.62,8.62,100,0
2017-04-05,15:55:00,8.6,8.61,8.6,8.61,200,0
2017-04-05,16:00:00,8.68,8.68,8.68,8.68,100,0
2017-04-05,16:10:00,8.67,8.67,8.67,8.67,100,0
2017-04-05,16:30:00,8.75,8.75,8.59,8.67,400,0
2017-04-05,16:35:00,8.65,8.65,8.65,8.65,100,0
2017-04-05,16:55:00,8.615,8.615,8.56,8.56,850,0
2017-04-05,17:00:00,8.545,8.6,8.545,8.6,200,0
2017-04-05,17:05:00,8.6099,8.6099,8.6099,8.6099,323,0
2017-04-05,17:15:00,8.6,8.6,8.6,8.6,100,0
2017-04-05,17:25:00,8.54,8.54,8.54,8.54,100,0
2017-04-05,17:30:00,8.68,8.68,8.68,8.68,100,0
2017-04-05,17:45:00,8.71,8.71,8.71,8.71,100,0
2017-04-05,17:55:00,8.555,8.56,8.555,8.56,200,0
2017-04-05,18:00:00,8.54,8.54,8.52,8.52,300,0
2017-04-05,18:05:00,8.49,8.68,8.49,8.68,300,0
2017-04-05,18:25:00,8.475,8.475,8.475,8.475,100,0
2017-04-05,19:05:00,8.4981,8.4981,8.4981,8.4981,500,0
2017-04-05,19:10:00,8.54,8.54,8.475,8.475,200,0
2017-04-05,19:25:00,8.47,8.54,8.47,8.54,200,0
2017-04-05,19:40:00,8.77,8.79,8.6,8.61,400,0
2017-04-05,19:55:00,8.475,8.475,8.475,8.475,500,0
2017-04-05,20:15:00,8.43,8.4537,8.4178,8.4537,1260,0
2017-04-05,20:20:00,8.46,8.46,8.46,8.46,100,0
2017-04-05,20:45:00,8.47,8.47,8.435,8.435,1100,0
2017-04-05,21:00:00,8.48,8.48,8.48,8.48,100,0
2017-04-05,21:05:00,8.425,8.425,8.425,8.425,260,0
2017-04-05,21:15:00,8.41,8.4751,8.41,8.4103,1700,0
2017-04-05,21:20:00,8.4103,8.4103,8.4103,8.4103,100,0
2017-04-05,21:25:00,8.41,8.46,8.41,8.46,200,0
2017-04-05,21:30:00,8.66,8.66,8.44,8.45,300,0
2017-04-05,21:35:00,8.4501,8.4501,8.45,8.45,200,0
2017-04-05,21:40:00,8.4001,8.4001,8.4001,8.4001,200,0
2017-04-05,21:45:00,8.54,8.54,8.4303,8.4303,300,0
2017-04-05,21:50:00,8.43,8.4403,8.43,8.4403,400,0
2017-04-05,21:55:00,8.4403,8.4603,8.4403,8.4603,200,0
2017-04-05,22:00:00,8.56,8.56,8.42,8.43,4985,0
2017-04-06,16:40:00,8.46,8.47,8.46,8.46,400,0
2017-04-06,16:45:00,8.47,8.47,8.47,8.47,100,0
2017-04-06,16:50:00,8.46,8.49,8.45,8.49,500,0
2017-04-06,16:55:00,8.46,8.46,8.46,8.46,100,0
2017-04-06,17:00:00,8.58,8.58,8.47,8.47,300,0
2017-04-06,17:10:00,8.49,8.63,8.49,8.63,5211,0
2017-04-06,17:15:00,8.67,8.67,8.66,8.66,700,0
2017-04-06,17:25:00,8.65,8.68,8.65,8.68,1100,0
2017-04-06,17:35:00,8.73,8.73,8.73,8.73,100,0
2017-04-06,17:50:00,8.73,8.73,8.73,8.73,100,0
2017-04-06,18:05:00,8.74,8.74,8.74,8.74,200,0
2017-04-06,18:10:00,8.71,8.76,8.71,8.76,200,0
2017-04-06,18:20:00,8.76,8.771,8.75,8.75,1800,0
2017-04-06,18:30:00,8.82,8.87,8.82,8.84,300,0
2017-04-06,18:40:00,8.82,8.82,8.77,8.77,300,0
2017-04-06,18:45:00,8.77,8.78,8.77,8.77,600,0
2017-04-06,19:05:00,8.78,8.82,8.78,8.82,600,0
2017-04-06,19:15:00,8.78,8.78,8.78,8.78,100,0
2017-04-06,19:25:00,8.78,8.78,8.78,8.78,100,0
2017-04-06,19:30:00,8.77,8.78,8.77,8.78,200,0
2017-04-06,19:35:00,8.7,8.7,8.7,8.7,100,0
2017-04-06,19:50:00,8.76,8.79,8.76,8.79,200,0
2017-04-06,19:55:00,8.81,8.81,8.74,8.78,500,0
2017-04-06,20:25:00,8.77,8.77,8.77,8.77,100,0
2017-04-06,20:40:00,8.82,8.82,8.82,8.82,600,0
2017-04-06,20:45:00,8.85,8.92,8.85,8.92,200,0
2017-04-06,20:50:00,8.88,8.88,8.88,8.88,100,0
2017-04-06,20:55:00,8.83,8.83,8.82,8.82,200,0
2017-04-06,21:05:00,8.84,8.84,8.84,8.84,100,0
2017-04-06,21:15:00,8.86,8.86,8.86,8.86,300,0
2017-04-06,21:20:00,8.98,8.98,8.91,8.91,200,0
2017-04-06,21:25:00,8.88,8.88,8.88,8.88,292,0
2017-04-06,21:35:00,8.89,8.94,8.89,8.91,400,0
2017-04-06,21:45:00,8.99,8.99,8.9,8.9,300,0
2017-04-06,21:50:00,8.9299,8.95,8.9,8.95,400,0
2017-04-06,21:55:00,8.88,8.88,8.88,8.88,100,0
2017-04-07,15:35:00,8.88,8.88,8.88,8.88,100,0
2017-04-07,15:55:00,8.76,8.84,8.6984,8.84,2400,0
2017-04-07,16:00:00,8.77,8.78,8.72,8.73,2100,0
2017-04-07,16:05:00,9,9,9,9,100,0
2017-04-07,16:30:00,8.93,8.98,8.88,8.98,500,0
2017-04-07,16:50:00,8.97,8.97,8.97,8.97,100,0
2017-04-07,17:15:00,8.9799,8.9799,8.9799,8.9799,244,0
2017-04-07,17:35:00,8.92,8.92,8.92,8.92,100,0
2017-04-07,17:45:00,8.9,8.9,8.9,8.9,100,0
2017-04-07,18:05:00,8.9,8.9,8.9,8.9,100,0
2017-04-07,19:05:00,8.86,8.86,8.86,8.86,200,0
2017-04-07,19:10:00,8.87,8.91,8.87,8.91,200,0
2017-04-07,19:30:00,8.84,8.8756,8.84,8.8756,1200,0
2017-04-07,19:35:00,8.81,8.81,8.81,8.81,200,0
2017-04-07,19:45:00,8.75,8.75,8.75,8.75,900,0
2017-04-07,20:05:00,8.8,8.8,8.77,8.775,700,0
2017-04-07,20:10:00,8.75,8.76,8.65,8.76,22850,0
2017-04-07,20:15:00,8.79,8.88,8.79,8.88,1200,0
2017-04-07,20:20:00,8.85,8.89,8.85,8.85,800,0
2017-04-07,20:25:00,8.85,8.85,8.78,8.78,3000,0
2017-04-07,20:30:00,8.825,8.84,8.8,8.8,1000,0
2017-04-07,20:35:00,8.84,8.85,8.82,8.835,2933,0
2017-04-07,20:45:00,8.835,8.835,8.78,8.78,800,0
2017-04-07,20:50:00,8.82,8.82,8.82,8.82,100,0
2017-04-07,20:55:00,8.81,8.81,8.81,8.81,400,0
2017-04-07,21:00:00,8.81,8.81,8.81,8.81,200,0
2017-04-07,21:05:00,8.81,8.81,8.77,8.77,500,0
2017-04-07,21:10:00,8.8,8.8,8.8,8.8,200,0
2017-04-07,21:15:00,8.84,8.84,8.8,8.8,300,0
2017-04-07,21:20:00,8.8,8.8045,8.76,8.76,1500,0
2017-04-07,21:25:00,8.76,8.78,8.76,8.76,400,0
2017-04-07,21:30:00,8.76,8.79,8.76,8.76,7300,0
2017-04-07,21:35:00,8.76,8.79,8.76,8.79,2000,0
2017-04-07,21:40:00,8.76,8.78,8.76,8.76,600,0
2017-04-07,21:45:00,8.76,8.76,8.76,8.76,200,0
2017-04-07,21:50:00,8.76,8.76,8.76,8.76,100,0
2017-04-07,21:55:00,8.76,8.76,8.7,8.7,2500,0
2017-04-07,22:00:00,8.69,8.7,8.66,8.7,1576,0
2017-04-10,15:35:00,8.7,8.7,8.64,8.64,4407,0
2017-04-10,15:40:00,8.6199,8.62,8.6199,8.6199,1300,0
2017-04-10,15:45:00,8.695,8.695,8.69,8.69,200,0
2017-04-10,15:55:00,8.79,8.82,8.72,8.7489,1800,0
2017-04-10,16:00:00,8.735,8.74,8.71,8.72,4230,0
2017-04-10,16:05:00,8.69,8.755,8.685,8.755,1200,0
2017-04-10,16:10:00,8.72,8.72,8.71,8.71,400,0
2017-04-10,16:15:00,8.73,8.73,8.73,8.73,570,0
2017-04-10,16:30:00,8.785,8.785,8.785,8.785,100,0
2017-04-10,16:35:00,8.74,8.74,8.74,8.74,300,0
2017-04-10,16:40:00,8.795,8.795,8.74,8.795,400,0
2017-04-10,16:50:00,8.76,8.761,8.75,8.76,2333,0
2017-04-10,16:55:00,8.82,8.85,8.8,8.845,600,0
2017-04-10,17:00:00,8.8,8.8,8.8,8.8,100,0
2017-04-10,17:05:00,8.8499,8.8499,8.8499,8.8499,100,0
2017-04-10,17:10:00,8.825,8.85,8.8001,8.85,858,0
2017-04-10,17:15:00,8.94,8.94,8.94,8.94,100,0
2017-04-10,17:20:00,8.95,9.05,8.95,9.05,300,0
2017-04-10,17:25:00,9.041,9.041,9,9,525,0
2017-04-10,17:40:00,9.03,9.03,9.03,9.03,100,0
2017-04-10,18:10:00,9.025,9.025,9.025,9.025,100,0
2017-04-10,18:15:00,9.05,9.05,9.05,9.05,100,0
2017-04-10,18:25:00,9.07,9.07,9.0699,9.0699,200,0
2017-04-10,18:30:00,9.03,9.03,9.03,9.03,100,0
2017-04-10,18:45:00,9.07,9.07,9.07,9.07,200,0
2017-04-10,18:55:00,9.1147,9.1147,9.1147,9.1147,388,0
2017-04-10,19:10:00,9.04,9.04,9.04,9.04,100,0
2017-04-10,19:15:00,9.04,9.04,9.04,9.04,100,0
2017-04-10,19:55:00,9.06,9.14,9.06,9.14,600,0
2017-04-10,20:05:00,9.14,9.14,9.14,9.14,100,0
2017-04-10,20:15:00,9.14,9.1653,9.065,9.1653,1150,0
2017-04-10,20:20:00,9.2,9.2,9.2,9.2,100,0
2017-04-10,20:25:00,9.08,9.199,9.08,9.199,600,0
2017-04-10,20:45:00,9.095,9.095,9.095,9.095,100,0
2017-04-10,20:50:00,9.1622,9.1622,9.07,9.1403,2300,0
2017-04-10,21:00:00,9.19,9.19,9.17,9.17,200,0
2017-04-10,21:05:00,9.01,9.19,9.01,9.085,400,0
2017-04-10,21:10:00,9.16,9.16,9,9.0825,1400,0
2017-04-10,21:15:00,9.02,9.07,9.02,9.07,300,0
2017-04-10,21:20:00,9.11,9.11,9.11,9.11,200,0
2017-04-10,21:25:00,9.07,9.07,9.07,9.07,100,0
2017-04-10,21:30:00,9.05,9.05,9.05,9.05,100,0
2017-04-10,21:35:00,9.04,9.06,9.04,9.06,600,0
2017-04-10,22:00:00,9.03,9.08,9.03,9.08,1664,0
2017-04-11,15:35:00,8.98,8.98,8.98,8.98,150,0
2017-04-11,15:40:00,9.11,9.11,9.11,9.11,100,0
2017-04-11,15:50:00,9.12,9.12,9.1,9.12,1400,0
2017-04-11,15:55:00,9.2,9.2,9.2,9.2,1300,0
2017-04-11,16:00:00,9.17,9.17,9.17,9.17,100,0
2017-04-11,16:10:00,9.2,9.2,9.2,9.2,600,0
2017-04-11,16:25:00,9.2,9.2,9.2,9.2,100,0
2017-04-11,16:50:00,9.2,9.25,9.16,9.2477,3268,0
2017-04-11,16:55:00,9.21,9.21,9.2,9.2,400,0
2017-04-11,17:00:00,9.31,9.31,9.31,9.31,100,0
2017-04-11,17:05:00,9.1824,9.1824,9.16,9.18,3400,0
2017-04-11,17:15:00,9.3,9.32,9.2,9.3,1800,0
2017-04-11,17:25:00,9.32,9.32,9.32,9.32,200,0
2017-04-11,17:35:00,9.32,9.332,9.3,9.32,3226,0
2017-04-11,17:40:00,9.3499,9.3499,9.3499,9.3499,658,0
2017-04-11,17:55:00,9.21,9.21,9.21,9.21,200,0
2017-04-11,18:00:00,9.24,9.24,9.24,9.24,700,0
2017-04-11,18:05:00,9.31,9.31,9.31,9.31,100,0
2017-04-11,18:10:00,9.32,9.32,9.32,9.32,200,0
2017-04-11,18:15:00,9.31,9.35,9.31,9.35,900,0
2017-04-11,18:20:00,9.42,9.42,9.36,9.36,3125,0
2017-04-11,18:25:00,9.29,9.3599,9.28,9.3599,3400,0
2017-04-11,18:35:00,9.25,9.25,9.25,9.25,100,0
2017-04-11,19:05:00,9.31,9.33,9.31,9.33,1500,0
2017-04-11,19:15:00,9.28,9.3,9.28,9.3,600,0
2017-04-11,19:25:00,9.32,9.32,9.32,9.32,200,0
2017-04-11,19:40:00,9.31,9.31,9.31,9.31,100,0
2017-04-11,19:45:00,9.2799,9.2799,9.2799,9.2799,100,0
2017-04-11,19:50:00,9.28,9.28,9.28,9.28,400,0
2017-04-11,20:15:00,9.3499,9.3499,9.32,9.32,603,0
2017-04-11,20:35:00,9.34,9.34,9.34,9.34,100,0
2017-04-11,20:40:00,9.35,9.35,9.35,9.35,200,0
2017-04-11,20:45:00,9.33,9.33,9.31,9.314,300,0
2017-04-11,20:50:00,9.31,9.33,9.31,9.33,700,0
2017-04-11,20:55:00,9.35,9.35,9.35,9.35,300,0
2017-04-11,21:00:00,9.35,9.35,9.33,9.3325,2200,0
2017-04-11,21:05:00,9.34,9.34,9.34,9.34,100,0
2017-04-11,21:10:00,9.34,9.34,9.3389,9.34,1200,0
2017-04-11,21:15:00,9.34,9.34,9.34,9.34,1620,0
2017-04-11,21:30:00,9.36,9.36,9.36,9.36,100,0
2017-04-11,21:35:00,9.37,9.37,9.37,9.37,100,0
2017-04-11,21:45:00,9.37,9.37,9.37,9.37,100,0
2017-04-11,21:50:00,9.355,9.355,9.355,9.355,100,0
2017-04-11,21:55:00,9.36,9.36,9.36,9.36,400,0
2017-04-11,22:00:00,9.35,9.35,9.33,9.33,1921,0
2017-04-12,16:20:00,9.32,9.32,9.25,9.25,400,0
2017-04-12,16:25:00,9.26,9.26,9.26,9.26,100,0
2017-04-12,17:20:00,9.1299,9.1299,9.1299,9.1299,287,0
2017-04-12,18:10:00,9.11,9.11,9.11,9.11,200,0
2017-04-12,18:15:00,9.08,9.08,9.08,9.08,100,0
2017-04-12,18:25:00,9.07,9.07,9.07,9.07,100,0
2017-04-12,18:50:00,9.03,9.03,9.03,9.03,200,0
2017-04-12,18:55:00,8.96,9,8.92,8.98,1025,0
2017-04-12,19:00:00,9.1,9.1,9.06,9.06,400,0
2017-04-12,19:05:00,8.97,8.97,8.97,8.97,100,0
2017-04-12,19:15:00,8.99,8.99,8.97,8.99,1400,0
2017-04-12,19:55:00,8.98,8.98,8.98,8.98,200,0
2017-04-12,20:05:00,8.97,8.97,8.97,8.97,100,0
2017-04-12,20:15:00,9.08,9.08,9.08,9.08,100,0
2017-04-12,20:25:00,9.01,9.031,9,9,1700,0
2017-04-12,20:40:00,9,9.08,9,9.08,500,0
2017-04-12,20:50:00,9.04,9.04,9.04,9.04,400,0
2017-04-12,21:05:00,9.04,9.05,9.04,9.05,200,0
2017-04-12,21:45:00,9.15,9.15,9.06,9.06,300,0
2017-04-12,22:00:00,9.21,9.21,9.21,9.21,100,0
2017-04-13,15:35:00,9.19,9.19,9.19,9.19,274,0
2017-04-13,16:30:00,9.1,9.1,9.1,9.1,5400,0
2017-04-13,17:00:00,9.16,9.16,9.16,9.16,100,0
2017-04-13,17:20:00,9.08,9.08,9.08,9.08,300,0
2017-04-13,17:50:00,9.05,9.06,9.05,9.06,200,0
2017-04-13,18:25:00,9.03,9.03,8.83,8.93,3781,0
2017-04-13,18:30:00,8.95,8.97,8.93,8.95,700,0
2017-04-13,18:40:00,9.24,9.24,9.24,9.24,200,0
2017-04-13,18:45:00,9.07,9.07,9.07,9.07,100,0
2017-04-13,19:15:00,9.05,9.05,8.964,9.05,600,0
2017-04-13,19:20:00,9.14,9.14,9.14,9.14,100,0
2017-04-13,19:35:00,9.05,9.05,9.05,9.05,100,0
2017-04-13,19:40:00,9.03,9.24,9.03,9.08,2100,0
2017-04-13,19:45:00,9.13,9.15,9.1,9.1,600,0
2017-04-13,20:05:00,9.11,9.11,9.11,9.11,100,0
2017-04-13,20:10:00,9.075,9.075,9.04,9.04,400,0
2017-04-13,20:25:00,9.1,9.1,9.1,9.1,100,0
2017-04-13,21:10:00,9.14,9.15,9.14,9.15,200,0
2017-04-13,21:15:00,9.12,9.12,9.12,9.12,100,0
2017-04-13,22:00:00,9.13,9.24,9.13,9.24,847,0
2017-04-17,15:35:00,8.71,8.85,8.71,8.85,8338,0
2017-04-17,15:40:00,8.83,8.87,8.83,8.87,900,0
2017-04-17,15:45:00,8.85,8.85,8.85,8.85,100,0
2017-04-17,15:50:00,8.85,8.85,8.84,8.84,500,0
2017-04-17,16:05:00,8.87,8.87,8.87,8.87,100,0
2017-04-17,16:20:00,9.05,9.06,9.05,9.05,1100,0
2017-04-17,16:35:00,9.03,9.03,8.87,8.9,710,0
2017-04-17,16:40:00,8.91,8.92,8.91,8.92,500,0
2017-04-17,16:45:00,8.97,8.97,8.97,8.97,500,0
2017-04-17,16:50:00,8.99,8.99,8.99,8.99,100,0
2017-04-17,16:55:00,9.03,9.03,9,9,2200,0
2017-04-17,17:05:00,9.006,9.006,9.006,9.006,600,0
2017-04-17,17:10:00,8.95,8.99,8.95,8.99,600,0
2017-04-17,17:15:00,9,9,9,9,908,0
2017-04-17,17:25:00,9.02,9.02,9,9,266,0
2017-04-17,17:30:00,9.04,9.04,9.04,9.04,180,0
2017-04-17,17:35:00,8.87,8.87,8.8601,8.8601,2165,0
2017-04-17,17:40:00,8.98,8.98,8.9789,8.9789,981,0
2017-04-17,17:50:00,8.96,8.97,8.96,8.97,300,0
2017-04-17,18:10:00,8.98,8.98,8.98,8.98,100,0
2017-04-17,18:20:00,8.98,8.98,8.98,8.98,100,0
2017-04-17,19:20:00,9.0394,9.0394,9.0394,9.0394,500,0
2017-04-17,19:25:00,8.98,8.99,8.98,8.99,200,0
2017-04-17,19:30:00,8.99,8.99,8.95,8.99,1300,0
2017-04-17,20:00:00,9.015,9.015,9.015,9.015,200,0
2017-04-17,20:05:00,9.015,9.015,9.01,9.01,200,0
2017-04-17,20:10:00,9.0297,9.04,9.0297,9.04,376,0
2017-04-17,20:35:00,9,9,8.9889,8.9889,1757,0
2017-04-17,20:40:00,8.99,9.04,8.969,9.04,1535,0
2017-04-17,20:45:00,9.015,9.05,9.015,9.04,300,0
2017-04-17,20:50:00,9.04,9.14,8.96,9.0299,3300,0
2017-04-17,20:55:00,9.03,9.07,9.03,9.07,300,0
2017-04-17,21:00:00,9.15,9.15,9.15,9.15,100,0
2017-04-17,21:05:00,9.08,9.08,9.08,9.08,100,0
2017-04-17,21:25:00,9.03,9.03,9.03,9.03,412,0
2017-04-17,21:40:00,9.135,9.135,9.08,9.08,900,0
2017-04-17,21:45:00,9.08,9.08,9.08,9.08,100,0
2017-04-17,21:50:00,9.1152,9.1152,9.115,9.115,1200,0
2017-04-17,22:00:00,9.165,9.17,9.09,9.16,1704,0
2017-04-18,15:35:00,9.15,9.15,9.15,9.15,450,0
2017-04-18,15:40:00,9.15,9.15,9.15,9.15,200,0
2017-04-18,15:45:00,9.1649,9.1649,9.1649,9.1649,285,0
2017-04-18,15:50:00,9.1686,9.1686,9.1,9.1,10700,0
2017-04-18,15:55:00,8.7527,9.09,8.7527,9.09,14674,0
2017-04-18,16:00:00,9.0995,9.0995,9.04,9.09,7470,0
2017-04-18,16:15:00,9.04,9.04,9.04,9.04,100,0
2017-04-18,16:25:00,9.09,9.09,9.05,9.05,4600,0
2017-04-18,16:30:00,9.07,9.08,9.07,9.08,1129,0
2017-04-18,16:55:00,9.08,9.0831,9.08,9.0831,400,0
2017-04-18,17:05:00,9.08,9.08,9.08,9.08,100,0
2017-04-18,18:20:00,9.03,9.03,9.03,9.03,400,0
2017-04-18,18:45:00,9.08,9.12,9.08,9.12,300,0
2017-04-18,18:55:00,9.12,9.12,9.12,9.12,100,0
2017-04-18,19:45:00,9.15,9.15,9.15,9.15,200,0
2017-04-18,20:05:00,9.16,9.16,9.16,9.16,100,0
2017-04-18,20:10:00,9.16,9.16,9.16,9.16,500,0
2017-04-18,20:20:00,9.19,9.19,9.19,9.19,100,0
2017-04-18,20:40:00,9.18,9.23,9.18,9.23,530,0
2017-04-18,20:45:00,9.19,9.19,9.19,9.19,100,0
2017-04-18,20:50:00,9.171,9.18,9.171,9.18,200,0
2017-04-18,20:55:00,9.2113,9.2113,9.2113,9.2113,215,0
2017-04-18,21:05:00,9.23,9.23,9.18,9.18,200,0
2017-04-18,21:10:00,9.18,9.18,9.18,9.18,100,0
2017-04-18,21:25:00,9.2,9.2,9.14,9.15,900,0
2017-04-18,22:00:00,9.18,9.18,9.18,9.18,218,0
2017-04-19,15:40:00,9.11,9.11,9.11,9.11,100,0
2017-04-19,15:50:00,9.1,9.1,9.09,9.09,900,0
2017-04-19,16:00:00,9.05,9.05,9.05,9.05,100,0
2017-04-19,16:05:00,9.05,9.05,9.05,9.05,100,0
2017-04-19,16:10:00,9.04,9.05,9.04,9.05,847,0
2017-04-19,16:15:00,9.05,9.05,9.05,9.05,300,0
2017-04-19,16:20:00,9.04,9.05,9.04,9.05,500,0
2017-04-19,16:35:00,9.0444,9.0444,9.0444,9.0444,300,0
2017-04-19,16:45:00,9.05,9.05,9.04,9.04,400,0
2017-04-19,17:50:00,9.04,9.04,9.04,9.04,500,0
2017-04-19,17:55:00,9.1,9.1,9.1,9.1,100,0
2017-04-19,18:00:00,9.11,9.11,9.11,9.11,100,0
2017-04-19,18:05:00,9.11,9.17,9.11,9.12,300,0
2017-04-19,18:40:00,9.1,9.1,9.1,9.1,100,0
2017-04-19,19:05:00,9.11,9.11,9.11,9.11,300,0
2017-04-19,19:10:00,9.21,9.21,9.21,9.21,100,0
2017-04-19,19:35:00,9.11,9.11,9.1,9.1,300,0
2017-04-19,19:40:00,9.1001,9.1001,9.1,9.1,300,0
2017-04-19,19:45:00,9.1001,9.1001,9.09,9.09,700,0
2017-04-19,19:55:00,9.1001,9.11,9.1001,9.11,268,0
2017-04-19,20:00:00,9.11,9.11,9.11,9.11,100,0
2017-04-19,20:35:00,9.2,9.2,9.2,9.2,100,0
2017-04-19,20:45:00,9.14,9.14,9.14,9.14,200,0
2017-04-19,21:20:00,9.22,9.22,9.22,9.22,200,0
2017-04-19,21:25:00,9.1401,9.1401,9.13,9.13,400,0
2017-04-19,21:30:00,9.1201,9.1201,9.11,9.11,1053,0
2017-04-19,21:35:00,9.13,9.13,9.13,9.13,100,0
2017-04-19,21:50:00,9.09,9.09,9.09,9.09,100,0
2017-04-19,21:55:00,9.16,9.16,9.16,9.16,100,0
2017-04-19,22:00:00,9.13,9.13,9.04,9.04,2835,0
2017-04-20,15:35:00,9.06,9.06,9.06,9.06,100,0
2017-04-20,16:00:00,9.11,9.11,9.11,9.11,200,0
2017-04-20,16:05:00,9.11,9.11,9.11,9.11,100,0
2017-04-20,16:35:00,9.16,9.16,9.16,9.16,100,0
2017-04-20,16:55:00,9.12,9.16,9.12,9.16,400,0
2017-04-20,17:00:00,9.12,9.12,9.1,9.105,5500,0
2017-04-20,17:05:00,9.0701,9.0701,9.0701,9.0701,335,0
2017-04-20,17:15:00,9.07,9.08,9.07,9.08,231,0
2017-04-20,18:35:00,9.197,9.22,9.197,9.22,1461,0
2017-04-20,18:55:00,9.23,9.25,9.23,9.25,2192,0
2017-04-20,19:00:00,9.2799,9.2799,9.2799,9.2799,100,0
2017-04-20,19:25:00,9.3323,9.3323,9.3323,9.3323,200,0
2017-04-20,20:05:00,9.28,9.28,9.1,9.16,3500,0
2017-04-20,20:10:00,9.151,9.3,9.05,9.28,8088,0
2017-04-20,20:15:00,9.17,9.24,9.1,9.1,1900,0
2017-04-20,20:20:00,9.1,9.11,9.09,9.1,4700,0
2017-04-20,20:25:00,9.16,9.24,9.13,9.23,9917,0
2017-04-20,20:35:00,9.34,9.35,9.33,9.34,1400,0
2017-04-20,20:40:00,9.33,9.34,9.33,9.34,300,0
2017-04-20,20:45:00,9.35,9.35,9.35,9.35,100,0
2017-04-20,21:00:00,9.4,9.4,9.4,9.4,100,0
2017-04-20,21:05:00,9.44,9.44,9.44,9.44,100,0
2017-04-20,21:10:00,9.48,9.48,9.4,9.4,1100,0
2017-04-20,21:20:00,9.4,9.41,9.39,9.39,5300,0
2017-04-20,21:30:00,9.44,9.44,9.38,9.39,900,0
2017-04-20,21:35:00,9.4,9.41,9.39,9.4,1600,0
2017-04-20,21:40:00,9.39,9.4,9.39,9.4,600,0
2017-04-20,21:50:00,9.3964,9.3964,9.3964,9.3964,600,0
2017-04-20,21:55:00,9.41,9.45,9.4051,9.44,2550,0
2017-04-20,22:00:00,9.44,9.5,9.44,9.5,4205,0
2017-04-21,15:35:00,9.45,9.45,9.45,9.45,112,0
2017-04-21,16:00:00,9.5,9.51,9.4,9.4799,3100,0
2017-04-21,16:15:00,9.48,9.48,9.48,9.48,500,0
2017-04-21,16:35:00,9.34,9.34,9.34,9.34,100,0
2017-04-21,16:40:00,9.363,9.44,9.3608,9.44,900,0
2017-04-21,16:50:00,9.3841,9.3841,9.3841,9.3841,500,0
2017-04-21,17:15:00,9.45,9.45,9.44,9.44,500,0
2017-04-21,17:30:00,9.2862,9.4,9.2862,9.39,350,0
2017-04-21,18:00:00,9.38,9.394,9.38,9.38,700,0
2017-04-21,18:50:00,9.37,9.37,9.37,9.37,100,0
2017-04-21,19:20:00,9.32,9.37,9.3,9.3,700,0
2017-04-21,19:25:00,9.2999,9.2999,9.2999,9.2999,1400,0
2017-04-21,19:30:00,9.3,9.53,9.3,9.53,4450,0
2017-04-21,19:35:00,9.5,9.6,9.47,9.47,13117,0
2017-04-21,19:40:00,9.5,9.5,9.47,9.48,2125,0
2017-04-21,19:45:00,9.47,9.47,9.47,9.47,400,0
2017-04-21,19:50:00,9.48,9.48,9.47,9.47,1600,0
2017-04-21,19:55:00,9.47,9.48,9.47,9.47,1300,0
2017-04-21,20:00:00,9.52,9.54,9.47,9.47,1501,0
2017-04-21,20:10:00,9.49,9.5,9.49,9.5,500,0
2017-04-21,20:15:00,9.5,9.52,9.5,9.52,400,0
2017-04-21,20:20:00,9.53,9.53,9.48,9.48,1500,0
2017-04-21,20:25:00,9.5,9.51,9.5,9.51,300,0
2017-04-21,20:30:00,9.48,9.57,9.48,9.5,800,0
2017-04-21,20:35:00,9.5,9.5688,9.5,9.5521,4155,0
2017-04-21,20:40:00,9.5,9.53,9.48,9.48,2713,0
2017-04-21,20:45:00,9.45,9.4989,9.42,9.45,1600,0
2017-04-21,20:50:00,9.3938,9.53,9.3938,9.5,4802,0
2017-04-21,20:55:00,9.49,9.5,9.49,9.5,500,0
2017-04-21,21:00:00,9.52,9.62,9.52,9.58,3300,0
2017-04-21,21:05:00,9.6,9.615,9.53,9.53,400,0
2017-04-21,21:15:00,9.6,9.6389,9.57,9.62,1200,0
2017-04-21,21:20:00,9.62,9.69,9.62,9.69,300,0
2017-04-21,21:25:00,9.7089,9.71,9.45,9.45,7510,0
2017-04-21,21:30:00,9.5,9.5,9.5,9.5,100,0
2017-04-21,21:40:00,9.56,9.58,9.51,9.55,3200,0
2017-04-21,21:45:00,9.56,9.58,9.5558,9.58,1492,0
2017-04-21,21:50:00,9.58,9.64,9.58,9.63,764,0
2017-04-21,21:55:00,9.63,9.6889,9.63,9.6889,6052,0
2017-04-21,22:00:00,9.69,9.84,9.69,9.77,4685,0
2017-04-24,15:35:00,9.99,10.46,9.95,10.2403,7558,0
2017-04-24,15:40:00,10.2853,10.41,10.2,10.41,4539,0
2017-04-24,15:45:00,10.0101,10.04,10,10,2000,0
2017-04-24,15:50:00,10,10,9.84,9.84,2700,0
2017-04-24,15:55:00,9.95,9.95,9.803,9.803,403,0
2017-04-24,16:00:00,9.87,9.87,9.859,9.86,800,0
2017-04-24,16:15:00,9.777,9.85,9.77,9.85,1977,0
2017-04-24,16:20:00,9.86,10.08,9.859,10.04,3060,0
2017-04-24,16:30:00,10.04,10.04,10.04,10.04,100,0
2017-04-24,16:35:00,10,10,9.97,9.97,451,0
2017-04-24,16:50:00,9.83,9.8504,9.8,9.8504,2485,0
2017-04-24,16:55:00,9.8,9.8,9.7707,9.786,1320,0
2017-04-24,17:00:00,9.84,9.84,9.83,9.84,300,0
2017-04-24,17:05:00,9.82,9.82,9.82,9.82,100,0
2017-04-24,17:10:00,9.8,9.83,9.75,9.75,831,0
2017-04-24,17:15:00,9.77,9.77,9.7689,9.7689,537,0
2017-04-24,17:20:00,9.77,9.77,9.77,9.77,100,0
2017-04-24,17:25:00,9.7654,9.7654,9.7654,9.7654,570,0
2017-04-24,17:35:00,9.75,9.75,9.75,9.75,700,0
2017-04-24,17:40:00,9.72,9.72,9.6704,9.71,400,0
2017-04-24,17:45:00,9.6,9.71,9.6,9.71,700,0
2017-04-24,18:05:00,9.72,9.75,9.72,9.75,200,0
2017-04-24,18:30:00,9.77,9.77,9.77,9.77,850,0
2017-04-24,18:45:00,9.88,9.88,9.88,9.88,100,0
2017-04-24,18:50:00,9.889,9.889,9.885,9.885,1110,0
2017-04-24,19:15:00,9.8774,9.8774,9.87,9.87,840,0
2017-04-24,19:20:00,9.8225,9.8225,9.8225,9.8225,1000,0
2017-04-24,19:25:00,9.86,9.88,9.86,9.88,400,0
2017-04-24,20:10:00,9.89,9.89,9.89,9.89,100,0
2017-04-24,20:20:00,9.872,9.872,9.872,9.872,1000,0
2017-04-24,20:40:00,9.89,9.89,9.89,9.89,100,0
2017-04-24,21:05:00,9.89,9.89,9.89,9.89,100,0
2017-04-24,21:20:00,9.9,9.9,9.9,9.9,600,0
2017-04-24,21:25:00,10.03,10.03,10.03,10.03,300,0
2017-04-24,21:30:00,10.0126,10.07,10.0126,10.07,600,0
2017-04-24,21:40:00,10,10,9.88,9.88,300,0
2017-04-24,21:45:00,10,10,9.88,9.89,1860,0
2017-04-24,21:50:00,9.9,9.9,9.88,9.9,820,0
2017-04-24,21:55:00,9.88,9.94,9.88,9.88,2720,0
2017-04-24,22:00:00,9.94,9.94,9.94,9.94,100,0
2017-04-25,15:35:00,10.06,10.0921,10.06,10.0921,400,0
2017-04-25,15:45:00,10,10.1774,10,10.1774,1100,0
2017-04-25,15:55:00,10.1344,10.1344,10.1,10.1,1600,0
2017-04-25,16:05:00,10.21,10.25,10.1,10.1,800,0
2017-04-25,16:10:00,10.2887,10.2887,10.09,10.09,2500,0
2017-04-25,16:15:00,10.05,10.05,10.05,10.05,2600,0
2017-04-25,16:20:00,10.1,10.1,10.1,10.1,600,0
2017-04-25,16:30:00,10.11,10.11,10.11,10.11,100,0
2017-04-25,16:35:00,10.09,10.09,10.07,10.07,200,0
2017-04-25,17:25:00,10.03,10.03,9.9859,9.9859,1600,0
2017-04-25,17:30:00,10.12,10.309,10.0251,10.05,2360,0
2017-04-25,18:35:00,10.149,10.149,10.05,10.05,550,0
2017-04-25,18:55:00,10.0903,10.0903,10.0903,10.0903,277,0
2017-04-25,19:05:00,10.165,10.25,10.097,10.25,1100,0
2017-04-25,19:10:00,10.1,10.24,10.1,10.24,400,0
2017-04-25,19:20:00,10.1,10.1,10.1,10.1,100,0
2017-04-25,20:05:00,10.15,10.15,10.15,10.15,100,0
2017-04-25,20:20:00,10.2,10.25,10.2,10.24,900,0
2017-04-25,20:25:00,10.25,10.25,10.25,10.25,100,0
2017-04-25,20:35:00,10.25,10.25,10.25,10.25,100,0
2017-04-25,20:40:00,10.24,10.25,10.23,10.25,5200,0
2017-04-25,20:45:00,10.25,10.25,10.2301,10.24,1500,0
2017-04-25,20:50:00,10.25,10.25,10.229,10.23,1300,0
2017-04-25,21:20:00,10.2489,10.25,10.2489,10.25,3085,0
2017-04-25,21:25:00,10.25,10.25,10.23,10.23,900,0
2017-04-25,21:45:00,10.2718,10.2794,10.2594,10.2594,877,0
2017-04-25,21:55:00,10.33,10.33,10.33,10.33,100,0
2017-04-25,22:00:00,10.22,10.22,10.22,10.22,100,0
2017-04-26,15:50:00,10.17,10.17,10.17,10.17,200,0
2017-04-26,15:55:00,10.18,10.43,10.17,10.23,500,0
2017-04-26,16:00:00,10.35,10.43,10.35,10.43,300,0
2017-04-26,16:10:00,10.17,10.17,10.0798,10.0798,763,0
2017-04-26,16:15:00,10.19,10.21,10.19,10.21,800,0
2017-04-26,16:25:00,10.28,10.28,10.28,10.28,100,0
2017-04-26,16:30:00,10.28,10.28,9.9901,9.9901,1300,0
2017-04-26,16:50:00,10.22,10.22,10.22,10.22,300,0
2017-04-26,17:00:00,10.2389,10.2389,10.2389,10.2389,150,0
2017-04-26,17:05:00,10.23,10.253,10.23,10.253,1050,0
2017-04-26,17:10:00,10.28,10.28,10.28,10.28,100,0
2017-04-26,17:15:00,10.27,10.4,10.27,10.4,750,0
2017-04-26,17:25:00,10.35,10.35,10.35,10.35,100,0
2017-04-26,17:40:00,10.2514,10.2514,10.2514,10.2514,500,0
2017-04-26,18:00:00,10.19,10.27,10.19,10.26,600,0
2017-04-26,18:10:00,10.2201,10.2201,10.2201,10.2201,100,0
2017-04-26,18:45:00,10.37,10.37,10.3,10.3,800,0
2017-04-26,19:20:00,10.26,10.26,10.14,10.14,5803,0
2017-04-26,19:25:00,10.17,10.25,10.15,10.24,9900,0
2017-04-26,19:35:00,10.27,10.27,10.27,10.27,100,0
2017-04-26,19:50:00,10.23,10.25,10.23,10.25,400,0
2017-04-26,19:55:00,10.17,10.17,10.0768,10.1012,7250,0
2017-04-26,20:00:00,10.12,10.15,10.12,10.15,300,0
2017-04-26,20:10:00,10.21,10.21,10.21,10.21,600,0
2017-04-26,20:15:00,10.2,10.2,10.2,10.2,800,0
2017-04-26,20:25:00,10.17,10.21,10.17,10.21,6600,0
2017-04-26,20:30:00,10.2,10.25,10.194,10.25,2700,0
2017-04-26,20:40:00,10.25,10.25,10.25,10.25,200,0
2017-04-26,20:45:00,10.25,10.25,10.23,10.23,400,0
2017-04-26,20:50:00,10.16,10.16,10.16,10.16,4000,0
2017-04-26,20:55:00,10.19,10.19,10.19,10.19,1000,0
2017-04-26,21:00:00,10.1082,10.23,10.1082,10.23,2000,0
2017-04-26,21:15:00,10.23,10.23,10.23,10.23,100,0
2017-04-26,21:20:00,10.2,10.2,10.2,10.2,200,0
2017-04-26,21:25:00,10.24,10.24,10.24,10.24,100,0
2017-04-26,21:30:00,10.2098,10.2098,10.19,10.19,400,0
2017-04-26,21:35:00,10.19,10.2,10.19,10.2,200,0
2017-04-26,21:50:00,10.16,10.16,10.16,10.16,200,0
2017-04-26,21:55:00,10.17,10.17,10.15,10.15,3500,0
2017-04-26,22:00:00,10.17,10.18,10.17,10.18,200,0
