Date,Time,Open,High,Low,Close,Volume,OpenInt
2017-01-09,16:20:00,24.7699,24.7699,24.7699,24.7699,178,0
2017-01-09,16:50:00,24.6324,24.6324,24.6324,24.6324,1600,0
2017-01-09,17:20:00,24.77,24.84,24.77,24.84,400,0
2017-01-09,17:25:00,24.97,24.97,24.97,24.97,200,0
2017-01-09,17:30:00,24.78,24.78,24.74,24.77,400,0
2017-01-09,17:40:00,24.86,24.86,24.86,24.86,412,0
2017-01-09,17:55:00,24.8092,24.8092,24.75,24.75,289,0
2017-01-09,18:05:00,24.7845,24.7845,24.7845,24.7845,642,0
2017-01-09,19:05:00,24.8,24.8,24.7837,24.7837,300,0
2017-01-09,20:05:00,24.78,24.78,24.78,24.78,100,0
2017-01-09,20:10:00,24.78,24.78,24.78,24.78,100,0
2017-01-09,21:00:00,24.85,24.85,24.8316,24.8316,382,0
2017-01-09,21:20:00,24.8,24.8,24.76,24.76,2200,0
2017-01-09,21:30:00,24.8,24.8,24.8,24.8,100,0
2017-01-09,21:40:00,24.884,24.884,24.884,24.884,1316,0
2017-01-09,21:55:00,24.85,24.87,24.75,24.79,819,0
2017-01-09,22:00:00,24.859,24.859,24.74,24.85,2179,0
2017-01-10,15:40:00,24.85,24.85,24.85,24.85,200,0
2017-01-10,16:05:00,24.8132,24.8132,24.8132,24.8132,500,0
2017-01-10,16:40:00,24.5,24.7,24.5,24.7,600,0
2017-01-10,16:45:00,24.8,24.8,24.65,24.65,1100,0
2017-01-10,17:05:00,24.74,24.79,24.713,24.753,700,0
2017-01-10,17:30:00,24.7,24.7,24.69,24.69,200,0
2017-01-10,17:50:00,24.75,24.75,24.75,24.75,200,0
2017-01-10,18:30:00,24.84,24.89,24.84,24.89,346,0
2017-01-10,18:35:00,24.9094,24.9094,24.9094,24.9094,290,0
2017-01-10,18:45:00,24.8,24.8,24.8,24.8,100,0
2017-01-10,19:00:00,24.935,24.95,24.9327,24.95,300,0
2017-01-10,19:15:00,24.87,24.87,24.87,24.87,200,0
2017-01-10,20:10:00,24.9,24.9,24.85,24.85,400,0
2017-01-10,20:15:00,24.925,24.925,24.925,24.925,100,0
2017-01-10,20:25:00,24.81,24.81,24.81,24.81,100,0
2017-01-10,20:35:00,24.82,24.82,24.82,24.82,160,0
2017-01-10,20:50:00,24.81,24.81,24.81,24.81,100,0
2017-01-10,21:00:00,24.81,24.81,24.81,24.81,100,0
2017-01-10,21:10:00,24.86,24.86,24.86,24.86,100,0
2017-01-11,15:35:00,24.88,24.88,24.88,24.88,1200,0
2017-01-11,16:00:00,24.81,24.81,24.8,24.8,400,0
2017-01-11,16:10:00,24.85,24.85,24.85,24.85,100,0
2017-01-11,16:45:00,24.9,24.9,24.9,24.9,200,0
2017-01-11,17:00:00,24.85,24.86,24.85,24.86,200,0
2017-01-11,17:35:00,24.85,24.85,24.845,24.85,400,0
2017-01-11,19:40:00,24.96,25,24.88,24.9,1182,0
2017-01-11,19:45:00,25,25.047,24.88,24.88,694,0
2017-01-11,20:20:00,24.99,24.99,24.99,24.99,100,0
2017-01-11,20:30:00,24.93,24.98,24.93,24.98,400,0
2017-01-11,20:35:00,24.98,24.98,24.98,24.98,200,0
2017-01-11,21:00:00,25.08,25.08,25.08,25.08,200,0
2017-01-11,21:05:00,24.98,24.98,24.98,24.98,100,0
2017-01-11,21:10:00,25,25,25,25,100,0
2017-01-11,21:20:00,25.05,25.05,24.98,24.98,200,0
2017-01-11,21:50:00,24.994,25.14,24.994,25.14,1470,0
2017-01-12,16:05:00,24.93,24.93,24.93,24.93,100,0
2017-01-12,16:15:00,24.98,24.98,24.98,24.98,100,0
2017-01-12,16:35:00,24.81,24.81,24.81,24.81,100,0
2017-01-12,16:45:00,24.92,24.92,24.92,24.92,100,0
2017-01-12,17:00:00,24.8938,24.8938,24.8938,24.8938,497,0
2017-01-12,17:30:00,24.9794,24.9794,24.9794,24.9794,200,0
2017-01-12,17:45:00,24.95,24.95,24.95,24.95,134,0
2017-01-12,18:00:00,25.03,25.03,25.03,25.03,200,0
2017-01-12,18:30:00,25,25,25,25,200,0
2017-01-12,19:05:00,25,25,25,25,100,0
2017-01-12,19:15:00,25,25,25,25,100,0
2017-01-12,19:50:00,25,25,24.9625,24.9625,400,0
2017-01-12,20:15:00,25,25,25,25,100,0
2017-01-12,20:30:00,25,25,25,25,100,0
2017-01-12,20:35:00,24.96,24.96,24.96,24.96,100,0
2017-01-12,20:40:00,25,25,25,25,100,0
2017-01-12,20:50:00,24.96,24.96,24.96,24.96,100,0
2017-01-12,21:05:00,25,25,25,25,100,0
2017-01-12,21:10:00,25,25,24.9723,24.9723,1000,0
2017-01-12,21:55:00,25.04,25.04,24.96,24.96,753,0
2017-01-12,22:00:00,24.96,24.96,24.95,24.95,300,0
2017-01-13,15:35:00,25.15,25.15,24.92,24.92,255,0
2017-01-13,16:10:00,24.96,25.02,24.96,24.96,424,0
2017-01-13,19:20:00,24.9944,24.9944,24.9944,24.9944,200,0
2017-01-13,21:00:00,24.9848,24.9848,24.9848,24.9848,100,0
2017-01-13,21:35:00,24.96,24.96,24.9312,24.9312,500,0
2017-01-13,21:45:00,24.9301,24.9301,24.9301,24.9301,250,0
2017-01-17,16:35:00,25,25.1,25,25.1,1200,0
2017-01-17,16:40:00,25.05,25.05,25.05,25.05,100,0
2017-01-17,16:50:00,25.06,25.06,25.06,25.06,500,0
2017-01-17,17:05:00,25.06,25.06,25.0586,25.06,900,0
2017-01-17,18:30:00,25.0868,25.0868,25.0628,25.0628,435,0
2017-01-17,18:40:00,25.1,25.1,25.0624,25.0657,1400,0
2017-01-17,18:55:00,25.07,25.07,24.95,24.95,3857,0
2017-01-17,20:50:00,24.93,24.93,24.93,24.93,136,0
2017-01-17,21:00:00,24.96,24.96,24.95,24.96,5002,0
2017-01-17,21:15:00,24.9469,24.97,24.9469,24.97,378,0
2017-01-17,21:45:00,24.96,24.98,24.96,24.98,389,0
2017-01-17,21:55:00,25,25,25,25,182,0
2017-01-17,22:00:00,24.97,24.97,24.97,24.97,221,0
2017-01-18,16:35:00,24.94,24.94,24.94,24.94,400,0
2017-01-18,16:40:00,24.94,24.94,24.94,24.94,135,0
2017-01-18,16:50:00,24.96,24.96,24.96,24.96,200,0
2017-01-18,20:50:00,24.9101,24.9101,24.9101,24.9101,786,0
2017-01-18,21:10:00,25,25,25,25,60318,0
2017-01-18,21:15:00,25.05,25.05,25.05,25.05,30000,0
2017-01-18,21:25:00,25.05,25.05,25.05,25.05,29814,0
2017-01-18,21:35:00,25,25,25,25,186,0
2017-01-18,21:40:00,25,25,25,25,16700,0
2017-01-19,15:50:00,24.9,24.9,24.8,24.8,754,0
2017-01-19,16:10:00,24.92,24.92,24.92,24.92,604,0
2017-01-19,16:30:00,24.77,24.77,24.76,24.76,492,0
2017-01-19,16:55:00,25,25,25,25,200,0
2017-01-19,17:05:00,24.81,24.81,24.81,24.81,200,0
2017-01-19,17:10:00,24.85,24.85,24.8,24.8,1782,0
2017-01-19,17:15:00,24.63,24.63,24.53,24.565,1529,0
2017-01-19,17:20:00,24.62,24.62,24.62,24.62,200,0
2017-01-19,17:35:00,24.57,24.57,24.57,24.57,224,0
2017-01-19,17:40:00,24.57,24.57,24.57,24.57,202,0
2017-01-19,17:45:00,24.66,24.66,24.6599,24.6599,1100,0
2017-01-19,18:00:00,24.55,24.55,24.54,24.54,224,0
2017-01-19,18:15:00,24.56,24.56,24.56,24.56,224,0
2017-01-19,18:30:00,24.56,24.56,24.54,24.54,474,0
2017-01-19,18:55:00,24.66,24.79,24.66,24.79,1900,0
2017-01-19,19:00:00,24.68,24.82,24.68,24.81,2689,0
2017-01-19,19:05:00,24.6391,24.6391,24.57,24.57,400,0
2017-01-19,19:10:00,24.55,24.55,24.54,24.54,300,0
2017-01-19,19:20:00,24.555,24.555,24.555,24.555,200,0
2017-01-19,19:35:00,24.55,24.555,24.55,24.555,200,0
2017-01-19,19:45:00,24.555,24.555,24.555,24.555,200,0
2017-01-19,19:55:00,24.55,24.55,24.54,24.54,284,0
2017-01-19,20:00:00,24.7799,24.7799,24.7799,24.7799,110,0
2017-01-19,20:05:00,24.655,24.655,24.655,24.655,100,0
2017-01-19,20:15:00,24.7416,24.7416,24.54,24.54,210,0
2017-01-19,20:25:00,24.54,24.54,24.54,24.54,169,0
2017-01-19,20:30:00,24.75,24.75,24.75,24.75,700,0
2017-01-19,20:35:00,24.54,24.54,24.3,24.3,1550,0
2017-01-19,20:40:00,24.6,24.6,24.6,24.6,200,0
2017-01-19,20:45:00,24.36,24.36,24.32,24.32,324,0
2017-01-19,20:50:00,24.6534,24.77,24.6534,24.7334,800,0
2017-01-19,21:00:00,24.36,24.36,24.36,24.36,100,0
2017-01-19,21:10:00,24.36,24.36,24.36,24.36,300,0
2017-01-19,21:20:00,24.36,24.38,24.36,24.38,300,0
2017-01-19,21:30:00,24.38,24.38,24.37,24.37,207,0
2017-01-19,21:40:00,24.36,24.36,24.36,24.36,200,0
2017-01-19,21:45:00,24.37,24.37,24.36,24.36,224,0
2017-01-19,21:50:00,24.36,24.55,24.36,24.39,541,0
2017-01-19,21:55:00,24.36,24.36,24.36,24.36,324,0
2017-01-19,22:00:00,24.36,24.36,24.3,24.3,897,0
2017-01-20,15:50:00,24.3,24.3,24.3,24.3,900,0
2017-01-20,15:55:00,24.22,24.8,23.65,23.9,1713,0
2017-01-20,16:00:00,23.92,23.92,23.92,23.92,100,0
2017-01-20,16:35:00,24.01,24.01,24.01,24.01,100,0
2017-01-20,16:50:00,23.99,23.99,23.99,23.99,100,0
2017-01-20,17:15:00,24.03,24.03,24.03,24.03,144,0
2017-01-20,18:05:00,24.2,24.2,24.2,24.2,200,0
2017-01-20,18:30:00,24.01,24.21,24.01,24.21,1921,0
2017-01-20,18:55:00,24.21,24.21,24.21,24.21,200,0
2017-01-20,19:10:00,24.21,24.22,24.21,24.21,983,0
2017-01-20,19:15:00,24.2,24.25,24.2,24.25,2100,0
2017-01-20,19:20:00,24.2,24.2,24.2,24.2,1489,0
2017-01-20,19:45:00,24.04,24.04,24.04,24.04,100,0
2017-01-20,20:10:00,24.01,24.01,24.01,24.01,2350,0
2017-01-20,20:15:00,24.4529,24.4529,24.05,24.05,311,0
2017-01-20,20:30:00,24.02,24.03,24.01,24.01,5150,0
2017-01-20,20:50:00,24.2,24.2,24.2,24.2,300,0
2017-01-20,20:55:00,24.21,24.21,24.21,24.21,200,0
2017-01-20,21:00:00,24.21,24.2285,24.2,24.2,825,0
2017-01-20,21:05:00,24.2,24.2,24.2,24.2,200,0
2017-01-20,21:10:00,24.2,24.2,24.2,24.2,1410,0
2017-01-20,21:15:00,24.2,24.2,24.2,24.2,300,0
2017-01-20,21:30:00,24.2,24.2,24.2,24.2,100,0
2017-01-20,21:45:00,24.2,24.396,24.2,24.2,300,0
2017-01-20,22:00:00,24.2,24.2,24.2,24.2,48122,0
2017-01-23,16:35:00,24.8,24.8,24.68,24.68,535,0
2017-01-23,19:50:00,24.7428,24.7428,24.7428,24.7428,770,0
2017-01-23,21:05:00,24.6611,24.6611,24.6611,24.6611,800,0
2017-01-23,21:15:00,24.5244,24.5244,24.5244,24.5244,1000,0
2017-01-23,21:20:00,24.555,24.555,24.555,24.555,500,0
2017-01-23,21:25:00,24.8,24.8,24.8,24.8,1000,0
2017-01-24,15:35:00,24.7,24.7,24.7,24.7,297,0
2017-01-24,16:35:00,24.7506,24.7506,24.7496,24.7496,904,0
2017-01-24,17:00:00,24.79,24.8,24.79,24.8,200,0
2017-01-24,18:10:00,24.55,24.55,24.55,24.55,100,0
2017-01-24,18:15:00,24.55,24.56,24.55,24.56,300,0
2017-01-24,18:20:00,24.55,24.55,24.55,24.55,100,0
2017-01-24,18:25:00,24.7731,24.7731,24.55,24.55,300,0
2017-01-24,18:55:00,24.81,24.81,24.81,24.81,100,0
2017-01-24,19:00:00,24.55,24.55,24.55,24.55,200,0
2017-01-24,19:20:00,24.56,24.56,24.56,24.56,100,0
2017-01-24,19:30:00,24.628,24.628,24.628,24.628,400,0
2017-01-24,19:45:00,24.55,24.58,24.55,24.55,748,0
2017-01-24,19:50:00,24.4406,24.4406,24.4406,24.4406,332,0
2017-01-24,20:40:00,24.541,24.541,24.541,24.541,225,0
2017-01-24,20:50:00,24.61,24.61,24.61,24.61,100,0
2017-01-25,15:35:00,24.44,24.44,24.44,24.44,270,0
2017-01-25,18:15:00,24.45,24.45,24.45,24.45,111,0
2017-01-25,19:05:00,24.363,24.363,24.363,24.363,770,0
2017-01-25,19:15:00,24.3052,24.33,24.3052,24.33,802,0
2017-01-25,19:40:00,24.31,24.31,24.31,24.31,1100,0
2017-01-25,19:45:00,24.2798,24.31,24.2798,24.31,850,0
2017-01-25,19:50:00,24.25,24.25,24.25,24.25,1638,0
2017-01-25,20:40:00,24.318,24.318,24.318,24.318,500,0
2017-01-25,20:45:00,24.26,24.26,24.26,24.26,100,0
2017-01-25,21:00:00,24.7126,24.7126,24.7126,24.7126,177,0
2017-01-25,21:10:00,24.3744,24.3744,24.3744,24.3744,665,0
2017-01-25,21:40:00,24.27,24.27,24.27,24.27,100,0
2017-01-25,22:00:00,24.28,24.28,24.28,24.28,198,0
2017-01-26,15:55:00,24.28,24.28,24.28,24.28,1000,0
2017-01-26,16:15:00,24.315,24.35,24,24,7247,0
2017-01-26,16:20:00,24,24.175,23.98,24.175,3337,0
2017-01-26,16:25:00,24,24.01,24,24,1400,0
2017-01-26,16:30:00,24,24,23.98,24,600,0
2017-01-26,16:35:00,24,24,23.9968,24,1900,0
2017-01-26,16:45:00,24,24.16,24,24.16,2175,0
2017-01-26,16:50:00,24.01,24.01,23.92,23.97,1202,0
2017-01-26,17:10:00,23.99,23.99,23.99,23.99,100,0
2017-01-26,17:55:00,23.99,23.99,23.99,23.99,500,0
2017-01-26,18:00:00,23.9999,23.9999,23.9999,23.9999,500,0
2017-01-26,18:05:00,24,24,24,24,800,0
2017-01-26,18:15:00,23.96,23.96,23.85,23.85,3500,0
2017-01-26,18:20:00,23.94,23.94,23.92,23.92,900,0
2017-01-26,18:25:00,23.905,23.94,23.905,23.905,1642,0
2017-01-26,18:30:00,23.905,23.905,23.905,23.905,100,0
2017-01-26,18:35:00,23.955,23.98,23.955,23.98,2900,0
2017-01-26,18:40:00,23.94,23.94,23.94,23.94,500,0
2017-01-26,18:55:00,23.95,23.95,23.95,23.95,700,0
2017-01-26,19:00:00,23.91,23.95,23.91,23.925,744,0
2017-01-26,19:05:00,23.94,23.95,23.925,23.95,1795,0
2017-01-26,19:10:00,23.95,23.95,23.88,23.88,2497,0
2017-01-26,19:15:00,23.87,23.87,23.82,23.82,900,0
2017-01-26,19:20:00,23.9,23.9,23.82,23.85,7000,0
2017-01-26,19:30:00,23.86,23.86,23.86,23.86,100,0
2017-01-26,19:35:00,23.82,23.82,23.75,23.79,2970,0
2017-01-26,19:40:00,23.79,23.8,23.76,23.76,400,0
2017-01-26,19:45:00,23.78,23.8,23.77,23.77,3300,0
2017-01-26,19:50:00,23.78,23.785,23.78,23.785,200,0
2017-01-26,19:55:00,23.8,23.8,23.78,23.78,900,0
2017-01-26,20:00:00,23.8,23.8,23.76,23.76,1200,0
2017-01-26,20:05:00,23.77,23.77,23.75,23.75,600,0
2017-01-26,20:10:00,23.76,23.76,23.75,23.75,1465,0
2017-01-26,20:15:00,23.75,23.76,23.75,23.75,3275,0
2017-01-26,20:55:00,23.92,24.0411,23.92,24.0411,687,0
2017-01-26,21:00:00,24,24,24,24,500,0
2017-01-26,21:15:00,24,24,24,24,250,0
2017-01-26,21:30:00,23.91,23.92,23.89,23.89,1200,0
2017-01-26,21:55:00,23.91,24.01,23.91,24.01,621,0
2017-01-26,22:00:00,23.9,24.05,23.9,24.05,200,0
2017-01-27,15:35:00,24.02,24.02,24.02,24.02,500,0
2017-01-27,15:40:00,24,24,24,24,300,0
2017-01-27,16:20:00,24.3999,24.3999,24.3999,24.3999,250,0
2017-01-27,16:55:00,24.1396,24.17,24.1396,24.17,1384,0
2017-01-27,17:25:00,23.951,23.951,23.951,23.951,417,0
2017-01-27,18:10:00,24,24,23.95,23.9501,3930,0
2017-01-27,19:50:00,24.215,24.215,24.215,24.215,300,0
2017-01-27,19:55:00,24.215,24.215,24.2075,24.2075,200,0
2017-01-27,20:05:00,24.215,24.25,24.18,24.18,2200,0
2017-01-27,20:45:00,24.2645,24.2645,24.1425,24.1425,595,0
2017-01-27,21:30:00,24.429,24.43,24.429,24.43,600,0
2017-01-27,21:50:00,24.7129,24.7129,24.0101,24.0101,950,0
2017-01-27,22:00:00,24.1123,24.1975,24.1123,24.1975,300,0
2017-01-30,15:35:00,24.11,24.11,24.11,24.11,500,0
2017-01-30,15:45:00,24.15,24.15,24.07,24.07,2500,0
2017-01-30,15:50:00,24.2,24.27,24.2,24.23,1000,0
2017-01-30,16:45:00,24.14,24.15,24.11,24.11,1000,0
2017-01-30,17:15:00,24.1822,24.1822,24.1822,24.1822,400,0
2017-01-30,17:55:00,24.0871,24.0871,24.0871,24.0871,500,0
2017-01-30,18:00:00,24.24,24.24,24.24,24.24,1225,0
2017-01-30,18:50:00,24.18,24.2,24.18,24.2,1393,0
2017-01-30,19:00:00,24.15,24.21,24.15,24.21,1074,0
2017-01-30,19:30:00,24.19,24.2,24.19,24.2,3900,0
2017-01-30,19:55:00,24.18,24.2,24.175,24.2,1100,0
2017-01-30,20:30:00,24.19,24.2,24.19,24.2,400,0
2017-01-30,20:50:00,24.2,24.21,24.2,24.21,200,0
2017-01-30,20:55:00,24.2,24.2,24.2,24.2,400,0
2017-01-30,21:10:00,24.2,24.23,24.2,24.23,200,0
2017-01-30,21:15:00,24.21,24.22,24.21,24.22,300,0
2017-01-30,21:20:00,24.201,24.201,24.2,24.2,600,0
2017-01-30,21:55:00,24.2,24.2,24.2,24.2,471,0
2017-01-31,15:35:00,24.25,24.25,24.25,24.25,100,0
2017-01-31,16:50:00,24.3034,24.3034,24.3034,24.3034,200,0
2017-01-31,19:20:00,24.3025,24.3025,24.3025,24.3025,169,0
2017-01-31,19:40:00,24.21,24.21,24.21,24.21,200,0
2017-01-31,20:00:00,24.2464,24.2464,24.2464,24.2464,280,0
2017-01-31,20:20:00,24.21,24.21,24.21,24.21,2363,0
2017-01-31,20:50:00,24.35,24.35,24.35,24.35,800,0
2017-01-31,20:55:00,24.11,24.11,24.11,24.11,100,0
2017-01-31,21:35:00,24.14,24.14,24.14,24.14,100,0
2017-01-31,21:40:00,24.14,24.14,24.14,24.14,707,0
2017-01-31,21:45:00,24.12,24.12,24.12,24.12,214,0
2017-01-31,21:50:00,24.086,24.086,24.086,24.086,157,0
2017-01-31,21:55:00,24.11,24.14,24.1,24.14,502,0
2017-01-31,22:00:00,24.17,24.17,24.17,24.17,100,0
2017-02-01,15:35:00,23.9,23.9,23.9,23.9,100,0
2017-02-01,17:00:00,23.9736,23.9736,23.9736,23.9736,465,0
2017-02-01,17:20:00,24.157,24.157,24.157,24.157,119,0
2017-02-01,18:10:00,24.0505,24.0505,24.0505,24.0505,700,0
2017-02-01,18:25:00,24.14,24.14,24.14,24.14,100,0
2017-02-01,19:20:00,23.9126,23.9126,23.9126,23.9126,1000,0
2017-02-01,19:45:00,23.9116,23.9116,23.9116,23.9116,100,0
2017-02-01,20:00:00,23.87,23.87,23.87,23.87,100,0
2017-02-01,20:05:00,23.87,23.87,23.87,23.87,200,0
2017-02-01,20:10:00,23.87,23.87,23.87,23.87,100,0
2017-02-01,20:15:00,23.87,23.87,23.87,23.87,100,0
2017-02-01,20:20:00,23.85,23.86,23.85,23.86,200,0
2017-02-01,20:25:00,23.86,23.86,23.86,23.86,100,0
2017-02-01,20:30:00,23.86,23.86,23.86,23.86,200,0
2017-02-01,20:35:00,23.86,23.86,23.86,23.86,200,0
2017-02-01,20:40:00,23.85,23.85,23.85,23.85,100,0
2017-02-01,20:45:00,23.85,23.85,23.85,23.85,200,0
2017-02-01,20:50:00,23.85,23.85,23.85,23.85,100,0
2017-02-01,20:55:00,24.0155,24.0155,23.84,23.84,500,0
2017-02-01,21:00:00,23.84,23.84,23.84,23.84,200,0
2017-02-01,21:25:00,23.75,23.76,23.75,23.76,800,0
2017-02-01,21:30:00,24.1252,24.1252,23.75,23.75,2170,0
2017-02-01,21:35:00,23.75,23.78,23.75,23.78,200,0
2017-02-01,21:40:00,23.77,23.77,23.76,23.76,200,0
2017-02-01,21:45:00,23.76,23.76,23.76,23.76,100,0
2017-02-01,21:50:00,23.76,23.76,23.76,23.76,200,0
2017-02-01,21:55:00,23.79,23.79,23.79,23.79,100,0
2017-02-01,22:00:00,23.81,23.81,23.76,23.76,2600,0
2017-02-02,19:15:00,23.875,23.875,23.875,23.875,1000,0
2017-02-02,20:00:00,23.89,23.89,23.89,23.89,400,0
2017-02-02,20:15:00,24,24,24,24,200,0
2017-02-02,20:35:00,23.8425,23.8425,23.8425,23.8425,510,0
2017-02-02,20:45:00,24,24,23.9454,23.9715,1480,0
2017-02-02,21:05:00,24.02,24.03,23.93,24.03,9837,0
2017-02-02,21:10:00,23.79,23.79,23.79,23.79,100,0
2017-02-02,21:25:00,23.99,24.05,23.99,24.05,3800,0
2017-02-03,15:50:00,24.165,24.165,24.165,24.165,15,0
2017-02-03,16:10:00,24.1999,24.1999,24.1999,24.1999,30,0
2017-02-03,16:15:00,24.12,24.14,24.11,24.12,917,0
2017-02-03,16:25:00,24.17,24.24,24.17,24.24,558,0
2017-02-03,16:30:00,24.2,24.21,24.15,24.15,500,0
2017-02-03,16:40:00,24.18,24.18,24.18,24.18,100,0
2017-02-03,16:50:00,24.2268,24.2268,24.2268,24.2268,400,0
2017-02-03,16:55:00,24.23,24.23,24.23,24.23,106,0
2017-02-03,17:00:00,24.23,24.2988,24.23,24.2988,1030,0
2017-02-03,17:05:00,24.28,24.28,24.2532,24.2532,1200,0
2017-02-03,17:15:00,24.28,24.28,24.28,24.28,100,0
2017-02-03,17:25:00,24.146,24.146,24.146,24.146,5,0
2017-02-03,17:30:00,24.001,24.001,24.001,24.001,11,0
2017-02-03,17:50:00,24.2225,24.2225,24.22,24.22,251,0
2017-02-03,17:55:00,24.21,24.21,24.2,24.2,374,0
2017-02-03,18:05:00,24.05,24.05,24.05,24.05,100,0
2017-02-03,18:45:00,24.1471,24.1471,24.1471,24.1471,97,0
2017-02-03,18:55:00,24.13,24.13,24.1,24.1,580,0
2017-02-03,20:20:00,24.17,24.17,24.17,24.17,200,0
2017-02-03,20:25:00,24.1475,24.1475,24.1475,24.1475,3,0
2017-02-03,20:35:00,24.101,24.1699,24.101,24.1699,39,0
2017-02-03,20:55:00,24,24,24,24,13,0
2017-02-03,21:10:00,24.14,24.1547,24.1012,24.1012,240,0
2017-02-03,21:35:00,24.1063,24.1063,24.1063,24.1063,192,0
2017-02-03,21:50:00,24,24,24,24,200,0
2017-02-03,22:00:00,24.17,24.17,24.17,24.17,100,0
2017-02-06,18:30:00,24.1,24.185,24.08,24.185,3600,0
2017-02-06,19:15:00,24.23,24.23,24.23,24.23,100,0
2017-02-06,19:40:00,24.25,24.25,24.2,24.2,2560,0
2017-02-06,20:20:00,24.2,24.2,24.2,24.2,700,0
2017-02-06,20:30:00,24.2482,24.2482,24.2482,24.2482,363,0
2017-02-06,20:50:00,24.22,24.22,24.22,24.22,100,0
2017-02-06,21:25:00,24.22,24.22,24.22,24.22,100,0
2017-02-06,21:35:00,24.1,24.14,24.1,24.14,1000,0
2017-02-06,21:40:00,24.22,24.22,24.22,24.22,100,0
2017-02-06,21:45:00,24.1001,24.21,24.1001,24.21,700,0
2017-02-06,21:55:00,24.2,24.2,24.1822,24.1822,500,0
2017-02-06,22:00:00,24.22,24.22,24.22,24.22,100,0
2017-02-07,16:15:00,24.23,24.29,24.23,24.29,847,0
2017-02-07,17:40:00,24.2135,24.2135,24.2135,24.2135,210,0
2017-02-07,21:25:00,24.2,24.2,24.2,24.2,400,0
2017-02-07,21:40:00,24.2891,24.2891,24.2891,24.2891,560,0
2017-02-07,22:00:00,24.2896,24.2896,24.2896,24.2896,207,0
2017-02-08,15:55:00,24.28,24.3,24.28,24.3,2895,0
2017-02-08,16:40:00,24.32,24.32,24.32,24.32,166,0
2017-02-08,16:45:00,24.41,24.41,24.41,24.41,530,0
2017-02-08,17:00:00,24.39,24.39,24.39,24.39,100,0
2017-02-08,17:10:00,24.399,24.399,24.399,24.399,100,0
2017-02-08,17:15:00,24.4099,24.4099,24.4099,24.4099,1000,0
2017-02-08,17:20:00,24.36,24.3671,24.36,24.3671,400,0
2017-02-08,17:35:00,24.4099,24.41,24.3601,24.3601,900,0
2017-02-08,17:40:00,24.3671,24.41,24.322,24.3744,4135,0
2017-02-08,17:45:00,24.3659,24.41,24.322,24.3671,2546,0
2017-02-08,18:00:00,24.41,24.44,24.41,24.44,1300,0
2017-02-08,19:05:00,24.57,24.57,24.57,24.57,391,0
2017-02-08,19:10:00,24.5638,24.5638,24.47,24.47,1100,0
2017-02-08,19:35:00,24.735,24.78,24.735,24.78,200,0
2017-02-08,19:50:00,24.5595,24.5595,24.5595,24.5595,1336,0
2017-02-08,19:55:00,24.64,24.66,24.5652,24.615,1400,0
2017-02-08,20:00:00,24.5595,24.69,24.5595,24.6432,2800,0
2017-02-08,20:05:00,24.69,24.75,24.69,24.692,2123,0
2017-02-08,20:10:00,24.76,24.98,24.692,24.98,1100,0
2017-02-08,20:15:00,24.76,24.89,24.76,24.89,400,0
2017-02-08,20:20:00,24.82,24.82,24.82,24.82,100,0
2017-02-08,20:25:00,24.86,24.8768,24.86,24.8768,600,0
2017-02-08,20:30:00,24.8953,24.8953,24.79,24.8768,2725,0
2017-02-08,20:35:00,24.86,24.9112,24.86,24.9112,1250,0
2017-02-08,20:40:00,24.91,24.98,24.8675,24.87,1600,0
2017-02-08,20:50:00,24.93,24.95,24.93,24.95,1200,0
2017-02-08,20:55:00,24.87,24.87,24.841,24.841,1240,0
2017-02-08,21:10:00,24.94,25.1627,24.913,25.1627,2495,0
2017-02-08,21:15:00,24.9,24.91,24.9,24.91,400,0
2017-02-08,21:45:00,24.91,24.91,24.91,24.91,100,0
2017-02-08,21:55:00,24.95,24.99,24.95,24.99,200,0
2017-02-08,22:00:00,24.98,25.01,24.98,25.01,600,0
2017-02-09,15:35:00,24.9,24.9,24.9,24.9,126,0
2017-02-09,15:55:00,24.89,24.9,24.89,24.9,400,0
2017-02-09,16:10:00,24.9,24.9,24.8358,24.8358,1600,0
2017-02-09,16:35:00,24.8358,24.8358,24.82,24.82,2000,0
2017-02-09,16:50:00,24.94,24.94,24.94,24.94,100,0
2017-02-09,17:40:00,24.895,24.895,24.895,24.895,400,0
2017-02-09,18:00:00,24.895,24.895,24.89,24.89,200,0
2017-02-09,19:05:00,24.89,24.89,24.87,24.87,925,0
2017-02-09,20:20:00,24.87,24.9122,24.87,24.9122,411,0
2017-02-09,20:25:00,24.9192,24.9192,24.9192,24.9192,250,0
2017-02-09,20:40:00,24.98,24.98,24.9371,24.98,3970,0
2017-02-09,20:55:00,24.9,24.995,24.9,24.995,300,0
2017-02-09,21:00:00,24.979,24.9799,24.9425,24.9799,1090,0
2017-02-09,21:25:00,24.95,24.98,24.92,24.98,861,0
2017-02-09,21:30:00,24.92,24.92,24.92,24.92,200,0
2017-02-09,21:45:00,24.93,24.93,24.459,24.82,5527,0
2017-02-09,21:50:00,24.87,24.87,24.8343,24.87,2597,0
2017-02-09,21:55:00,24.85,24.875,24.85,24.875,300,0
2017-02-09,22:00:00,24.89,24.9,24.89,24.9,1584,0
2017-02-10,15:35:00,25.04,25.04,25.04,25.04,718,0
2017-02-10,16:35:00,24.8388,24.88,24.8328,24.8328,900,0
2017-02-10,16:55:00,24.86,24.86,24.81,24.82,1000,0
2017-02-10,17:00:00,24.82,24.82,24.82,24.82,200,0
2017-02-10,17:10:00,24.8748,24.8748,24.81,24.81,367,0
2017-02-10,17:50:00,24.7849,24.7849,24.7849,24.7849,2000,0
2017-02-10,17:55:00,24.8,24.8,24.8,24.8,250,0
2017-02-10,18:15:00,24.82,24.82,24.82,24.82,120,0
2017-02-10,18:45:00,24.842,24.842,24.842,24.842,100,0
2017-02-10,20:25:00,24.87,24.87,24.85,24.85,1200,0
2017-02-10,20:40:00,24.889,24.889,24.836,24.836,2008,0
2017-02-10,21:45:00,24.84,24.84,24.75,24.8,4129,0
2017-02-10,21:50:00,24.85,24.85,24.85,24.85,100,0
2017-02-13,16:50:00,24.88,24.88,24.85,24.85,1089,0
2017-02-13,17:45:00,24.88,24.88,24.8601,24.8601,1000,0
2017-02-13,19:20:00,24.9,24.9,24.9,24.9,100,0
2017-02-13,19:55:00,24.9,24.9,24.9,24.9,100,0
2017-02-13,20:00:00,24.9397,24.9397,24.9397,24.9397,1000,0
2017-02-13,20:10:00,24.95,24.95,24.925,24.925,400,0
2017-02-13,20:40:00,24.9,24.9,24.9,24.9,400,0
2017-02-13,20:45:00,24.97,25.005,24.97,24.97,355,0
2017-02-13,20:50:00,24.9,24.9,24.9,24.9,230,0
2017-02-13,20:55:00,24.9,24.9,24.9,24.9,1000,0
2017-02-13,21:00:00,24.87,24.8756,24.86,24.8756,404,0
2017-02-13,21:20:00,24.8915,24.9,24.8627,24.8627,1263,0
2017-02-13,21:25:00,24.9,24.9,24.8627,24.88,674,0
2017-02-13,22:00:00,24.85,24.85,24.85,24.85,184,0
2017-02-14,15:35:00,25.05,25.05,25.05,25.05,100,0
2017-02-14,15:50:00,25.19,25.19,25.19,25.19,200,0
2017-02-14,16:15:00,24.8901,24.8901,24.8901,24.8901,150,0
2017-02-14,16:20:00,24.87,25.015,24.67,24.67,6800,0
2017-02-14,16:30:00,24.65,24.66,24.65,24.66,200,0
2017-02-14,16:40:00,24.65,24.65,24.6,24.65,1200,0
2017-02-14,18:10:00,24.7113,24.7113,24.7113,24.7113,500,0
2017-02-14,18:20:00,24.713,24.7149,24.713,24.713,800,0
2017-02-14,18:25:00,24.713,24.75,24.713,24.75,551,0
2017-02-14,18:30:00,24.79,24.79,24.79,24.79,200,0
2017-02-14,20:00:00,24.833,24.833,24.833,24.833,2000,0
2017-02-14,20:15:00,24.85,25.05,24.8,24.8,1424,0
2017-02-14,20:40:00,24.8493,24.8493,24.8493,24.8493,187,0
2017-02-14,21:55:00,24.935,24.935,24.81,24.81,500,0
2017-02-15,15:35:00,24.77,24.77,24.77,24.77,949,0
2017-02-15,15:40:00,24.8121,24.8121,24.8121,24.8121,123,0
2017-02-15,15:50:00,24.7454,24.8,24.7454,24.8,8812,0
2017-02-15,15:55:00,24.79,24.8,24.696,24.696,4000,0
2017-02-15,16:00:00,24.7877,24.8,24.77,24.797,2000,0
2017-02-15,16:05:00,24.8,24.8,24.8,24.8,200,0
2017-02-15,16:45:00,24.79,24.79,24.79,24.79,100,0
2017-02-15,17:10:00,24.79,24.8,24.79,24.8,3205,0
2017-02-15,17:15:00,24.8,24.8,24.8,24.8,900,0
2017-02-15,17:20:00,24.8,24.8,24.8,24.8,1100,0
2017-02-15,17:30:00,24.69,24.69,24.69,24.69,200,0
2017-02-15,18:00:00,24.8,24.8,24.8,24.8,100,0
2017-02-15,18:35:00,24.7667,24.7667,24.7667,24.7667,200,0
2017-02-15,18:45:00,24.7773,24.7773,24.7773,24.7773,1200,0
2017-02-15,21:10:00,24.79,24.8,24.79,24.8,960,0
2017-02-15,21:55:00,24.795,24.795,24.795,24.795,100,0
2017-02-15,22:00:00,24.8,24.8,24.8,24.8,2204,0
2017-02-16,16:05:00,24.8385,24.8385,24.8385,24.8385,468,0
2017-02-16,16:30:00,24.76,24.815,24.76,24.815,500,0
2017-02-16,18:40:00,24.8,24.8,24.8,24.8,400,0
2017-02-16,19:00:00,24.81,24.81,24.81,24.81,100,0
2017-02-16,19:45:00,24.81,24.81,24.8,24.81,600,0
2017-02-16,20:55:00,24.805,24.805,24.805,24.805,100,0
2017-02-16,21:05:00,24.8,24.8,24.8,24.8,1100,0
2017-02-16,21:15:00,24.8025,24.8025,24.8025,24.8025,100,0
2017-02-16,21:35:00,24.79,24.79,24.79,24.79,100,0
2017-02-16,21:55:00,24.76,24.76,24.76,24.76,181,0
2017-02-17,15:45:00,24.81,24.82,24.7729,24.7729,400,0
2017-02-17,16:10:00,24.8,24.81,24.8,24.81,1500,0
2017-02-17,16:15:00,24.8,24.8,24.8,24.8,400,0
2017-02-17,16:30:00,25,25,24.8,24.8,3400,0
2017-02-17,16:35:00,24.8,24.82,24.8,24.8,1000,0
2017-02-17,16:40:00,24.8,24.93,24.8,24.865,900,0
2017-02-17,16:50:00,24.87,24.87,24.87,24.87,235,0
2017-02-17,17:25:00,24.8095,24.8095,24.8,24.8,300,0
2017-02-17,17:30:00,24.8095,24.8095,24.8,24.8,200,0
2017-02-17,18:50:00,24.8,24.8,24.8,24.8,100,0
2017-02-17,19:00:00,24.81,24.81,24.81,24.81,100,0
2017-02-17,19:20:00,25,25,24.8,24.8,890,0
2017-02-17,19:35:00,24.83,24.83,24.805,24.805,500,0
2017-02-17,19:40:00,24.84,24.9257,24.8,24.895,600,0
2017-02-17,19:50:00,24.92,24.92,24.8,24.805,1700,0
2017-02-17,21:30:00,24.8,24.895,24.8,24.895,225,0
2017-02-17,21:35:00,24.82,24.82,24.8,24.8,700,0
2017-02-17,21:40:00,24.82,24.9,24.8,24.8,400,0
2017-02-17,22:00:00,24.8,24.8,24.8,24.8,300,0
2017-02-21,15:35:00,24.75,24.75,24.65,24.69,1140,0
2017-02-21,15:40:00,24.6501,24.6501,24.65,24.65,1100,0
2017-02-21,17:00:00,24.7,24.73,24.62,24.62,730,0
2017-02-21,17:15:00,24.65,24.65,24.65,24.65,1200,0
2017-02-21,17:30:00,24.6101,24.65,24.6101,24.65,1064,0
2017-02-21,17:50:00,24.6541,24.6541,24.6541,24.6541,300,0
2017-02-21,17:55:00,24.68,24.68,24.68,24.68,406,0
2017-02-21,18:30:00,24.749,24.75,24.749,24.75,400,0
2017-02-21,18:45:00,24.7301,24.7301,24.7301,24.7301,700,0
2017-02-21,19:15:00,24.89,24.89,24.89,24.89,283,0
2017-02-21,19:20:00,24.8,24.8,24.8,24.8,100,0
2017-02-21,20:20:00,24.76,24.76,24.76,24.76,100,0
2017-02-21,20:45:00,24.8,24.8,24.8,24.8,400,0
2017-02-21,21:10:00,24.8,24.8,24.8,24.8,100,0
2017-02-21,21:20:00,24.8,24.8618,24.8,24.8,1000,0
2017-02-21,22:00:00,24.74,24.74,24.73,24.73,242,0
2017-02-22,16:40:00,24.76,24.7847,24.7598,24.7847,374,0
2017-02-22,16:45:00,24.8,24.8,24.8,24.8,1327,0
2017-02-22,16:50:00,24.7501,24.8,24.7501,24.8,2284,0
2017-02-22,18:35:00,24.7655,24.7655,24.7655,24.7655,500,0
2017-02-22,19:35:00,24.7872,24.7872,24.7872,24.7872,100,0
2017-02-22,19:40:00,24.7918,24.7918,24.7918,24.7918,100,0
2017-02-22,19:50:00,24.7559,24.7559,24.7559,24.7559,500,0
2017-02-22,20:05:00,24.765,24.765,24.75,24.75,1264,0
2017-02-22,20:25:00,24.72,24.72,24.72,24.72,1000,0
2017-02-22,20:35:00,24.7192,24.7192,24.7192,24.7192,101,0
2017-02-22,21:10:00,24.64,24.64,24.64,24.64,200,0
2017-02-22,21:45:00,24.64,24.64,24.64,24.64,200,0
2017-02-22,21:55:00,24.63,24.63,24.63,24.63,238,0
2017-02-23,16:15:00,24.651,24.651,24.65,24.65,400,0
2017-02-23,16:25:00,24.6687,24.6687,24.6687,24.6687,500,0
2017-02-23,17:40:00,24.7912,24.7912,24.7912,24.7912,1000,0
2017-02-23,18:30:00,24.79,24.79,24.79,24.79,800,0
2017-02-23,18:45:00,24.7587,24.7587,24.7587,24.7587,400,0
2017-02-23,19:00:00,24.7518,24.7518,24.7518,24.7518,1000,0
2017-02-23,19:25:00,24.65,24.69,24.65,24.69,3914,0
2017-02-23,19:40:00,24.687,24.687,24.687,24.687,500,0
2017-02-23,20:05:00,24.72,24.72,24.72,24.72,200,0
2017-02-23,21:00:00,24.728,24.728,24.728,24.728,100,0
2017-02-23,21:50:00,24.7102,24.7102,24.7102,24.7102,2800,0
2017-02-24,15:35:00,24.81,24.81,24.81,24.81,100,0
2017-02-24,16:25:00,24.55,24.58,24.55,24.58,950,0
2017-02-24,17:05:00,24.5918,24.5918,24.5918,24.5918,1080,0
2017-02-24,17:30:00,24.8971,24.8971,24.8971,24.8971,100,0
2017-02-24,19:40:00,24.7,24.7,24.7,24.7,100,0
2017-02-24,19:50:00,24.7,24.7,24.7,24.7,100,0
2017-02-24,20:30:00,24.73,24.73,24.73,24.73,100,0
2017-02-24,21:45:00,24.8178,24.8178,24.8178,24.8178,800,0
2017-02-24,21:55:00,24.7,24.7741,24.7,24.7741,250,0
2017-02-27,16:05:00,24.6379,24.6379,24.6379,24.6379,100,0
2017-02-27,17:35:00,24.763,24.763,24.763,24.763,100,0
2017-02-27,17:40:00,24.7304,24.7304,24.7304,24.7304,200,0
2017-02-27,18:40:00,24.65,24.65,24.65,24.65,250,0
2017-02-27,18:55:00,24.762,24.762,24.762,24.762,200,0
2017-02-27,19:10:00,24.78,24.78,24.7655,24.7655,300,0
2017-02-27,19:20:00,24.7999,24.7999,24.7999,24.7999,200,0
2017-02-27,21:35:00,24.7257,24.7257,24.7257,24.7257,134,0
2017-02-27,21:55:00,24.7,24.73,24.7,24.7,1095,0
2017-02-27,22:00:00,24.7,24.7,24.7,24.7,200,0
2017-02-28,15:35:00,24.5,24.6,24.5,24.6,1750,0
2017-02-28,15:45:00,24.69,24.69,24.69,24.69,100,0
2017-02-28,16:10:00,24.7,24.71,24.7,24.71,900,0
2017-02-28,16:15:00,24.75,24.75,24.75,24.75,1737,0
2017-02-28,16:20:00,24.71,24.71,24.71,24.71,200,0
2017-02-28,16:25:00,24.71,24.71,24.55,24.55,4229,0
2017-02-28,18:05:00,24.719,24.72,24.719,24.72,560,0
2017-02-28,19:20:00,24.65,24.65,24.65,24.65,672,0
2017-02-28,20:20:00,24.65,24.65,24.65,24.65,1000,0
2017-02-28,20:40:00,24.65,24.65,24.62,24.62,700,0
2017-02-28,21:05:00,24.7039,24.7039,24.7039,24.7039,400,0
2017-02-28,21:15:00,24.7039,24.7039,24.7039,24.7039,400,0
2017-02-28,21:50:00,24.697,24.697,24.697,24.697,400,0
2017-03-01,15:35:00,24.64,24.64,24.64,24.64,225,0
2017-03-01,15:45:00,24.7085,24.7085,24.65,24.65,600,0
2017-03-01,16:15:00,24.7699,24.7699,24.7699,24.7699,115,0
2017-03-01,17:25:00,24.7999,24.7999,24.7999,24.7999,979,0
2017-03-01,18:15:00,24.67,24.67,24.67,24.67,500,0
2017-03-01,19:25:00,24.7455,24.7455,24.7455,24.7455,700,0
2017-03-01,19:30:00,24.722,24.722,24.722,24.722,200,0
2017-03-01,19:35:00,24.692,24.692,24.692,24.692,350,0
2017-03-01,20:50:00,24.7202,24.7202,24.7202,24.7202,350,0
2017-03-01,20:55:00,24.7578,24.7578,24.7578,24.7578,500,0
2017-03-01,21:00:00,24.7302,24.7302,24.7302,24.7302,200,0
2017-03-01,21:05:00,24.74,24.74,24.7274,24.7274,200,0
2017-03-01,21:20:00,24.7404,24.75,24.7404,24.75,300,0
2017-03-01,21:35:00,24.69,24.69,24.69,24.69,100,0
2017-03-01,22:00:00,24.69,24.69,24.69,24.69,100,0
2017-03-02,15:35:00,24.75,24.75,24.75,24.75,600,0
2017-03-02,16:10:00,24.69,24.69,24.69,24.69,100,0
2017-03-02,16:15:00,24.7341,24.7341,24.7341,24.7341,100,0
2017-03-02,16:25:00,24.7254,24.7254,24.7254,24.7254,200,0
2017-03-02,16:40:00,24.69,24.69,24.69,24.69,100,0
2017-03-02,17:00:00,24.69,24.69,24.69,24.69,100,0
2017-03-02,17:05:00,24.69,24.69,24.677,24.677,858,0
2017-03-02,17:55:00,24.6411,24.6411,24.6411,24.6411,300,0
2017-03-02,19:40:00,24.713,24.713,24.713,24.713,200,0
2017-03-02,19:55:00,24.7499,24.7499,24.7499,24.7499,335,0
2017-03-02,20:50:00,24.64,24.64,24.64,24.64,385,0
2017-03-02,21:10:00,24.7212,24.7212,24.7212,24.7212,200,0
2017-03-03,16:00:00,24.8435,24.8435,24.8435,24.8435,500,0
2017-03-03,16:20:00,24.62,24.62,24.62,24.62,300,0
2017-03-03,16:35:00,24.7415,24.7415,24.7415,24.7415,200,0
2017-03-03,17:15:00,24.7646,24.7646,24.7646,24.7646,300,0
2017-03-03,17:25:00,24.6691,24.6691,24.6691,24.6691,382,0
2017-03-03,19:30:00,24.7,24.7,24.7,24.7,700,0
2017-03-03,20:00:00,24.75,24.75,24.75,24.75,1500,0
2017-03-03,20:05:00,24.75,24.7997,24.75,24.75,2700,0
2017-03-03,20:15:00,24.79,24.79,24.77,24.77,200,0
2017-03-03,20:35:00,24.77,24.77,24.77,24.77,1000,0
2017-03-03,20:40:00,24.771,24.8,24.771,24.8,3808,0
2017-03-03,21:05:00,24.84,24.84,24.84,24.84,200,0
2017-03-03,21:15:00,24.8488,24.8488,24.8488,24.8488,500,0
2017-03-03,21:35:00,24.91,24.9984,24.9093,24.9291,2900,0
2017-03-06,15:35:00,25.05,25.05,25.05,25.05,500,0
2017-03-06,15:50:00,25.025,25.025,24.95,24.95,200,0
2017-03-06,16:00:00,24.95,24.95,24.9251,24.95,2936,0
2017-03-06,16:05:00,24.95,25.09,24.9475,24.9475,692,0
2017-03-06,16:20:00,24.98,24.99,24.98,24.99,300,0
2017-03-06,17:20:00,24.9692,24.9692,24.9692,24.9692,500,0
2017-03-06,18:00:00,24.9477,24.9477,24.9477,24.9477,320,0
2017-03-06,18:45:00,24.928,24.928,24.928,24.928,520,0
2017-03-06,18:55:00,24.8653,24.8653,24.8653,24.8653,500,0
2017-03-06,19:05:00,24.97,24.98,24.97,24.98,1800,0
2017-03-06,19:15:00,24.98,24.99,24.98,24.99,800,0
2017-03-06,19:20:00,24.9076,24.9076,24.9076,24.9076,250,0
2017-03-06,19:50:00,24.92,24.92,24.85,24.89,700,0
2017-03-06,21:15:00,24.9352,24.9352,24.9352,24.9352,750,0
2017-03-06,21:55:00,24.92,24.92,24.92,24.92,100,0
2017-03-07,15:35:00,24.81,24.81,24.81,24.81,267,0
2017-03-07,16:10:00,25.03,25.03,25.02,25.02,400,0
2017-03-07,16:25:00,24.9,24.9,24.9,24.9,100,0
2017-03-07,17:15:00,24.8503,24.8503,24.8503,24.8503,1200,0
2017-03-07,17:30:00,24.99,25.02,24.99,25.02,700,0
2017-03-07,18:50:00,24.8501,24.8501,24.8501,24.8501,1000,0
2017-03-07,19:30:00,24.91,24.91,24.85,24.85,1100,0
2017-03-07,20:40:00,24.85,24.9,24.85,24.9,287,0
2017-03-07,22:00:00,24.97,24.97,24.97,24.97,100,0
2017-03-08,15:35:00,24.75,24.75,24.75,24.75,153,0
2017-03-08,16:15:00,24.6105,24.6105,24.6105,24.6105,350,0
2017-03-08,16:40:00,24.7871,24.7871,24.7871,24.7871,300,0
2017-03-08,17:35:00,24.648,24.648,24.648,24.648,250,0
2017-03-08,18:05:00,24.71,24.71,24.71,24.71,100,0
2017-03-08,19:05:00,24.62,24.62,24.6101,24.6101,2000,0
2017-03-08,20:45:00,24.68,24.68,24.68,24.68,300,0
2017-03-08,20:50:00,24.68,24.68,24.68,24.68,298,0
2017-03-08,20:55:00,24.74,24.74,24.74,24.74,471,0
2017-03-08,21:00:00,24.73,24.73,24.73,24.73,500,0
2017-03-08,21:20:00,24.6,24.6,24.6,24.6,208,0
2017-03-08,21:50:00,24.6316,24.6316,24.6316,24.6316,192,0
2017-03-08,21:55:00,24.64,24.64,24.6,24.6001,502,0
2017-03-08,22:00:00,24.6,24.61,24.6,24.6,900,0
2017-03-09,17:25:00,24.6,24.6,24.55,24.55,1500,0
2017-03-09,17:35:00,24.55,24.55,24.55,24.55,1200,0
2017-03-09,18:20:00,24.5,24.5,24.47,24.47,965,0
2017-03-09,18:25:00,24.46,24.46,24.46,24.46,100,0
2017-03-09,18:50:00,24.26,24.26,24.26,24.26,233,0
2017-03-09,19:05:00,24.32,24.32,24.25,24.25,500,0
2017-03-09,21:30:00,24.4,24.4,24.4,24.4,600,0
2017-03-09,21:55:00,24.3751,24.3751,24.2828,24.2828,460,0
2017-03-09,22:00:00,24.3306,24.3306,24.3306,24.3306,120,0
2017-03-10,15:35:00,24.29,24.29,23.9,23.98,2218,0
2017-03-10,15:50:00,24.01,24.01,24,24,440,0
2017-03-10,16:00:00,24,24,24,24,200,0
2017-03-10,16:05:00,23.9,23.95,23.89,23.95,1800,0
2017-03-10,16:20:00,24.1584,24.1584,24.1584,24.1584,1000,0
2017-03-10,16:35:00,24.05,24.051,24.05,24.05,700,0
2017-03-10,16:45:00,24.05,24.05,24.05,24.05,100,0
2017-03-10,16:50:00,24,24,24,24,200,0
2017-03-10,17:05:00,23.94,23.94,23.93,23.93,428,0
2017-03-10,17:15:00,23.9499,23.9499,23.9499,23.9499,500,0
2017-03-10,17:20:00,23.94,23.94,23.94,23.94,200,0
2017-03-10,17:25:00,23.95,23.95,23.95,23.95,200,0
2017-03-10,17:30:00,23.9332,23.9332,23.9332,23.9332,100,0
2017-03-10,17:45:00,23.95,23.97,23.9492,23.97,2467,0
2017-03-10,18:20:00,24.06,24.06,24.06,24.06,400,0
2017-03-10,18:45:00,23.9,23.9678,23.9,23.9678,325,0
2017-03-10,19:00:00,23.99,23.99,23.99,23.99,140,0
2017-03-10,19:35:00,24.2,24.2,24.1349,24.1349,700,0
2017-03-10,20:35:00,24.07,24.07,24.07,24.07,200,0
2017-03-10,20:50:00,24.0583,24.0583,24.0583,24.0583,300,0
2017-03-10,21:55:00,24.255,24.255,24.008,24.008,1500,0
2017-03-10,22:00:00,24.1345,24.255,24.1345,24.255,1000,0
2017-03-13,14:35:00,24.29,24.29,24.29,24.29,2100,0
2017-03-13,14:40:00,24.4714,24.4714,24.4714,24.4714,500,0
2017-03-13,14:45:00,24.4048,24.4048,24.4048,24.4048,1000,0
2017-03-13,14:50:00,24.496,24.496,24.496,24.496,600,0
2017-03-13,16:20:00,24.34,24.34,24.34,24.34,300,0
2017-03-13,16:30:00,24.3724,24.3724,24.3724,24.3724,500,0
2017-03-13,16:35:00,24.35,24.35,24.34,24.34,600,0
2017-03-13,16:40:00,24.4234,24.4234,24.4234,24.4234,200,0
2017-03-13,16:50:00,24.34,24.46,24.34,24.46,300,0
2017-03-13,17:00:00,24.25,24.3,24.25,24.25,300,0
2017-03-13,18:25:00,24.31,24.31,24.31,24.31,200,0
2017-03-13,18:45:00,24.301,24.301,24.301,24.301,800,0
2017-03-13,19:00:00,24.37,24.37,24.37,24.37,100,0
2017-03-13,19:15:00,24.35,24.35,24.35,24.35,200,0
2017-03-13,20:15:00,24.3742,24.3742,24.3742,24.3742,200,0
2017-03-14,14:35:00,24.32,24.32,24.32,24.32,101,0
2017-03-14,15:45:00,24.91,24.9225,24.546,24.9225,2400,0
2017-03-14,17:45:00,24.5,24.5,24.5,24.5,100,0
2017-03-14,20:35:00,24.64,24.64,24.64,24.64,157,0
2017-03-14,21:00:00,24.68,24.68,24.68,24.68,200,0
2017-03-15,14:35:00,24.7,25.0329,24.7,24.71,467,0
2017-03-15,14:40:00,24.71,24.71,24.7,24.7,800,0
2017-03-15,16:50:00,24.4527,24.4527,24.4527,24.4527,140,0
2017-03-15,16:55:00,24.3601,24.3601,24.3601,24.3601,1000,0
2017-03-15,17:00:00,24.4893,24.4893,24.4893,24.4893,106,0
2017-03-15,17:25:00,24.8046,24.8046,24.8046,24.8046,250,0
2017-03-15,17:55:00,24.85,24.93,24.85,24.9,5147,0
2017-03-15,18:40:00,24.9,24.905,24.9,24.9,300,0
2017-03-15,19:10:00,24.96,25,24.96,25,900,0
2017-03-15,19:25:00,25.04,25.19,25.04,25.19,1352,0
2017-03-15,19:50:00,25.09,25.1,25.09,25.1,327,0
2017-03-15,20:20:00,25.14,25.16,25.12,25.12,1203,0
2017-03-16,15:10:00,25.16,25.16,25.16,25.16,500,0
2017-03-16,15:20:00,25.1505,25.1505,25.1505,25.1505,500,0
2017-03-16,16:05:00,25.099,25.1,25.099,25.1,600,0
2017-03-16,16:20:00,25.05,25.05,25.05,25.05,100,0
2017-03-16,17:20:00,25.11,25.115,25,25,3367,0
2017-03-16,19:00:00,25.02,25.05,24.95,24.99,3600,0
2017-03-16,19:05:00,25.05,25.05,25.05,25.05,110,0
2017-03-16,19:10:00,25.05,25.05,25.05,25.05,200,0
2017-03-16,20:20:00,25.1913,25.1913,25.1913,25.1913,331,0
2017-03-16,20:55:00,25.08,25.1,25.04,25.06,800,0
2017-03-16,21:00:00,25.06,25.06,25.06,25.06,100,0
2017-03-17,14:35:00,25.18,25.18,25.18,25.18,2000,0
2017-03-17,16:05:00,25.17,25.17,25.17,25.17,476,0
2017-03-17,17:00:00,25.16,25.17,25.16,25.17,600,0
2017-03-17,17:05:00,25.17,25.18,25.17,25.18,1323,0
2017-03-17,17:25:00,25.1706,25.25,25.1706,25.25,1817,0
2017-03-17,18:00:00,25.15,25.15,25.11,25.11,932,0
2017-03-17,19:50:00,25.2617,25.2617,25.2617,25.2617,200,0
2017-03-17,20:30:00,25.1648,25.1648,25.1648,25.1648,200,0
2017-03-20,14:35:00,25.12,25.12,25.12,25.12,400,0
2017-03-20,15:50:00,25.1701,25.1701,25.1701,25.1701,134,0
2017-03-20,17:10:00,25.195,25.195,25.195,25.195,300,0
2017-03-20,18:50:00,25.2,25.2,25.2,25.2,1000,0
2017-03-20,19:45:00,25.264,25.264,25.264,25.264,200,0
2017-03-20,20:15:00,25.3599,25.3599,25.3599,25.3599,1100,0
2017-03-20,20:40:00,25.344,25.344,25.344,25.344,100,0
2017-03-20,21:00:00,25.34,25.36,25.34,25.36,800,0
2017-03-21,15:00:00,25.36,25.36,25.36,25.36,700,0
2017-03-21,15:05:00,25.36,25.36,25.36,25.36,100,0
2017-03-21,15:10:00,25.36,25.36,25.36,25.36,1000,0
2017-03-21,15:45:00,25.39,25.45,25.19,25.19,6378,0
2017-03-21,15:50:00,25.35,25.35,25.35,25.35,200,0
2017-03-21,16:20:00,25.24,25.24,25.24,25.24,212,0
2017-03-21,17:05:00,25.1866,25.1866,25.1866,25.1866,220,0
2017-03-21,17:20:00,25.3,25.3,25.3,25.3,400,0
2017-03-21,17:45:00,25.2207,25.2207,25.2207,25.2207,500,0
2017-03-21,19:45:00,25.3,25.3,25.3,25.3,600,0
2017-03-21,20:40:00,25.32,25.32,25.32,25.32,106,0
2017-03-23,16:00:00,25.34,25.34,25.34,25.34,1773,0
2017-03-23,19:15:00,25.35,25.35,25.34,25.34,1000,0
2017-03-24,14:35:00,25.27,25.27,25.27,25.27,270,0
2017-03-24,15:55:00,25.3,25.3,25.3,25.3,400,0
2017-03-24,17:10:00,25.38,25.38,25.3348,25.3348,350,0
2017-03-24,18:10:00,25.22,25.335,25.21,25.335,300,0
2017-03-24,19:00:00,25.35,25.35,25.35,25.35,200,0
2017-03-24,20:10:00,25.45,25.45,25.45,25.45,400,0
2017-03-24,20:45:00,25.47,25.47,25.47,25.47,250,0
2017-03-24,21:00:00,25.47,25.47,25.47,25.47,100,0
2017-03-27,17:05:00,25.38,25.38,25.38,25.38,100,0
2017-03-27,18:05:00,25.43,25.43,25.43,25.43,200,0
2017-03-27,18:15:00,25.44,25.44,25.44,25.44,100,0
2017-03-27,18:25:00,25.48,25.48,25.48,25.48,300,0
2017-03-27,19:20:00,25.47,25.47,25.47,25.47,100,0
2017-03-27,20:50:00,25.4603,25.4603,25.4603,25.4603,295,0
2017-03-27,20:55:00,25.49,25.49,25.49,25.49,100,0
2017-03-27,21:00:00,25.49,25.5,25.49,25.5,377,0
2017-03-27,21:05:00,25.51,25.53,25.51,25.53,900,0
2017-03-27,21:50:00,25.5001,25.5001,25.5001,25.5001,100,0
2017-03-27,21:55:00,25.52,25.52,25.52,25.52,100,0
2017-03-27,22:00:00,25.53,25.53,25.53,25.53,400,0
2017-03-28,16:05:00,25.2401,25.2401,25.2401,25.2401,400,0
2017-03-28,16:15:00,25.2401,25.2401,25.2401,25.2401,1100,0
2017-03-28,16:35:00,25.5299,25.5299,25.5299,25.5299,1100,0
2017-03-28,16:45:00,25.51,25.51,25.51,25.51,100,0
2017-03-28,16:55:00,25.38,25.38,25.38,25.38,100,0
2017-03-28,20:00:00,25.394,25.394,25.394,25.394,464,0
2017-03-29,15:35:00,25.2,25.63,25.2,25.63,857,0
2017-03-29,15:40:00,25.63,25.7,25.62,25.7,2050,0
2017-03-29,16:25:00,25.6163,25.65,25.6101,25.65,400,0
2017-03-29,16:50:00,25.705,25.705,25.705,25.705,1000,0
2017-03-29,17:20:00,25.74,25.74,25.74,25.74,800,0
2017-03-29,17:25:00,25.74,25.74,25.74,25.74,300,0
2017-03-29,17:30:00,25.74,25.74,25.74,25.74,100,0
2017-03-29,17:35:00,25.74,25.74,25.74,25.74,2177,0
2017-03-29,17:40:00,25.74,25.74,25.7,25.7,400,0
2017-03-29,19:35:00,25.66,25.66,25.66,25.66,100,0
2017-03-29,21:55:00,25.6,25.6,25.6,25.6,300,0
2017-03-29,22:00:00,25.69,25.69,25.6512,25.6512,705,0
2017-03-30,15:35:00,25.5,25.5,25.5,25.5,117,0
2017-03-30,17:45:00,25.504,25.504,25.504,25.504,125,0
2017-03-30,19:10:00,25.4795,25.4795,25.4795,25.4795,155,0
2017-03-30,21:40:00,25.3801,25.3801,25.3801,25.3801,500,0
2017-03-31,15:35:00,25.51,25.51,25.51,25.51,1000,0
2017-03-31,17:05:00,25.4081,25.4081,25.4081,25.4081,450,0
2017-03-31,21:10:00,25.45,25.4882,25.43,25.4782,1418,0
2017-03-31,21:35:00,25.51,25.51,25.42,25.42,411,0
2017-03-31,21:55:00,25.42,25.42,25.42,25.42,500,0
2017-03-31,22:00:00,25.42,25.44,25,25,2021,0
2017-04-03,15:35:00,25.22,25.22,25.22,25.22,362,0
2017-04-03,15:55:00,25.42,25.42,25.42,25.42,240,0
2017-04-03,16:00:00,25.41,25.41,25.41,25.41,200,0
2017-04-03,16:25:00,25.42,25.76,25.401,25.46,1379,0
2017-04-03,17:00:00,25.4369,25.4369,25.4369,25.4369,100,0
2017-04-03,17:15:00,25.43,25.47,25.37,25.37,600,0
2017-04-03,17:35:00,25.62,25.62,25.49,25.49,223,0
2017-04-03,17:50:00,25.55,25.55,25.55,25.55,200,0
2017-04-03,18:25:00,25.62,25.62,25.62,25.62,158,0
2017-04-03,18:55:00,25.6319,25.6319,25.6319,25.6319,200,0
2017-04-03,19:55:00,25.79,25.79,25.79,25.79,325,0
2017-04-03,20:15:00,25.5,25.5,25.49,25.5,556,0
2017-04-03,20:45:00,25.79,25.79,25.79,25.79,140,0
2017-04-03,21:00:00,25.79,25.85,25.79,25.813,1426,0
2017-04-03,21:15:00,25.81,25.81,25.81,25.81,600,0
2017-04-03,21:30:00,25.75,25.75,25.75,25.75,1098,0
2017-04-03,21:55:00,25.65,25.65,25.65,25.65,500,0
2017-04-03,22:00:00,25.41,25.41,25.41,25.41,990,0
2017-04-04,15:40:00,25.355,25.454,25.355,25.454,400,0
2017-04-04,17:15:00,25.47,25.49,25.47,25.49,200,0
2017-04-04,18:15:00,25.69,25.69,25.69,25.69,194,0
2017-04-04,19:25:00,25.69,25.69,25.69,25.69,1000,0
2017-04-04,19:55:00,25.6508,25.6508,25.6508,25.6508,118,0
2017-04-04,22:00:00,25.56,25.56,25.56,25.56,198,0
2017-04-05,15:35:00,25.31,25.46,25.31,25.44,2157,0
2017-04-05,15:50:00,25.49,25.49,25.49,25.49,100,0
2017-04-05,17:20:00,25.51,25.51,25.51,25.51,200,0
2017-04-05,17:55:00,25.54,25.54,25.54,25.54,100,0
2017-04-05,18:25:00,25.556,25.556,25.556,25.556,148,0
2017-04-05,19:50:00,25.5553,25.5553,25.5553,25.5553,1000,0
2017-04-05,20:50:00,25.55,25.55,25.55,25.55,100,0
2017-04-05,21:30:00,25.7121,25.7121,25.7121,25.7121,263,0
2017-04-05,21:50:00,25.54,25.54,25.31,25.31,976,0
2017-04-05,22:00:00,25.32,25.51,25.32,25.51,332,0
2017-04-06,16:05:00,25.27,25.28,25.27,25.28,200,0
2017-04-06,16:55:00,25.5445,25.5445,25.5445,25.5445,1000,0
2017-04-06,19:20:00,25.6247,25.6247,25.6247,25.6247,300,0
2017-04-06,20:40:00,25.263,25.263,25.263,25.263,500,0
2017-04-06,20:50:00,25.2601,25.2601,25.2601,25.2601,500,0
2017-04-06,21:40:00,25.599,25.599,25.53,25.5967,1000,0
2017-04-07,15:35:00,25.37,25.37,25.37,25.37,184,0
2017-04-07,16:25:00,25.4,25.4,25.4,25.4,150,0
2017-04-07,19:15:00,25.6073,25.6073,25.6073,25.6073,780,0
2017-04-07,19:25:00,25.46,25.46,25.42,25.42,1100,0
2017-04-10,15:35:00,25.42,25.42,25.42,25.42,116,0
2017-04-10,18:35:00,25.73,25.89,25.73,25.77,2953,0
2017-04-10,19:25:00,25.89,25.89,25.89,25.89,211,0
2017-04-10,21:25:00,25.89,25.9,25.89,25.9,315,0
2017-04-10,21:40:00,25.8,25.8,25.8,25.8,300,0
2017-04-10,21:50:00,25.8,25.8,25.8,25.8,100,0
2017-04-10,22:00:00,25.44,25.44,25.44,25.44,147,0
2017-04-11,15:35:00,25.45,25.45,25.45,25.45,200,0
2017-04-11,16:40:00,25.65,25.65,25.61,25.61,620,0
2017-04-11,18:25:00,25.6,25.6,25.6,25.6,400,0
2017-04-11,20:55:00,25.7347,25.7347,25.7347,25.7347,300,0
2017-04-12,16:05:00,25.6367,25.6367,25.6367,25.6367,100,0
2017-04-12,18:20:00,25.75,25.75,25.75,25.75,100,0
2017-04-12,20:50:00,25.6957,25.6957,25.6957,25.6957,500,0
2017-04-12,22:00:00,25.65,25.88,25.65,25.88,800,0
2017-04-13,15:50:00,25.83,25.83,25.83,25.83,2400,0
2017-04-13,19:55:00,25.77,25.77,25.77,25.77,100,0
2017-04-13,20:30:00,25.7004,25.72,25.7004,25.71,2000,0
2017-04-13,22:00:00,25.75,25.75,25.75,25.75,107,0
2017-04-17,15:35:00,25.66,25.66,25.66,25.66,110,0
2017-04-17,21:30:00,25.76,25.7601,25.72,25.72,1311,0
2017-04-18,17:40:00,25.7885,25.7885,25.5822,25.5822,393,0
2017-04-18,17:45:00,25.43,25.43,25.43,25.43,100,0
2017-04-18,18:55:00,25.7038,25.7038,25.7038,25.7038,200,0
2017-04-18,19:00:00,25.7082,25.7082,25.7082,25.7082,500,0
2017-04-18,19:40:00,25.75,25.75,25.75,25.75,14000,0
2017-04-18,20:15:00,25.7,25.7,25.7,25.7,15000,0
2017-04-18,20:50:00,25.65,25.65,25.65,25.65,15000,0
2017-04-18,21:40:00,25.5864,25.5864,25.5864,25.5864,300,0
2017-04-18,21:45:00,25.6179,25.6179,25.6179,25.6179,100,0
2017-04-18,21:50:00,25.68,25.68,25.68,25.68,100,0
2017-04-18,22:00:00,25.47,25.47,25.44,25.44,200,0
2017-04-19,15:35:00,25.47,25.47,25.47,25.47,100,0
2017-04-19,16:20:00,25.475,25.475,25.475,25.475,205,0
2017-04-19,17:25:00,25.62,25.62,25.62,25.62,200,0
2017-04-19,18:45:00,25.736,25.736,25.736,25.736,400,0
2017-04-19,19:00:00,25.6708,25.6708,25.6708,25.6708,200,0
2017-04-19,19:35:00,25.5012,25.5012,25.5012,25.5012,1000,0
2017-04-19,20:10:00,25.6545,25.6545,25.6545,25.6545,300,0
2017-04-19,21:15:00,25.66,25.66,25.66,25.66,400,0
2017-04-20,16:35:00,25.58,25.58,25.58,25.58,100,0
2017-04-20,16:55:00,25.58,25.58,25.569,25.569,293,0
2017-04-20,18:05:00,25.65,25.65,25.65,25.65,100,0
2017-04-20,20:35:00,25.74,25.7421,25.74,25.7421,200,0
2017-04-20,21:00:00,25.75,25.75,25.74,25.74,761,0
2017-04-20,21:50:00,25.7316,25.7316,25.7316,25.7316,250,0
2017-04-21,15:55:00,25.5,25.5,25.5,25.5,100,0
2017-04-21,17:15:00,25.47,25.47,25.47,25.47,500,0
2017-04-21,17:20:00,25.4715,25.4715,25.4715,25.4715,500,0
2017-04-21,17:40:00,25.53,25.53,25.5,25.5,200,0
2017-04-21,18:05:00,25.66,25.66,25.66,25.66,100,0
2017-04-21,18:25:00,25.52,25.52,25.52,25.52,100,0
2017-04-21,18:30:00,25.55,25.55,25.55,25.55,100,0
2017-04-21,18:55:00,25.53,25.79,25.53,25.79,400,0
2017-04-21,19:10:00,25.79,25.79,25.79,25.79,100,0
2017-04-21,19:20:00,25.52,25.52,25.52,25.52,100,0
2017-04-21,19:45:00,25.55,25.55,25.55,25.55,100,0
2017-04-21,20:05:00,25.6607,25.7517,25.6607,25.7516,400,0
2017-04-21,20:10:00,25.56,25.56,25.56,25.56,100,0
2017-04-21,20:15:00,25.7516,25.7516,25.73,25.73,500,0
2017-04-21,20:50:00,25.79,25.8,25.79,25.8,486,0
2017-04-21,20:55:00,25.778,25.8,25.778,25.7997,688,0
2017-04-21,21:00:00,25.76,25.79,25.73,25.7887,2715,0
2017-04-21,21:05:00,25.75,25.7876,25.6864,25.6864,466,0
2017-04-21,21:35:00,25.6068,25.6068,25.6068,25.6068,500,0
2017-04-21,21:40:00,25.58,25.58,25.58,25.58,100,0
2017-04-21,21:50:00,25.7,25.79,25.7,25.79,300,0
2017-04-21,22:00:00,25.89,25.97,25.78,25.97,584,0
2017-04-24,15:35:00,25.75,25.75,25.75,25.75,100,0
2017-04-24,15:40:00,25.77,25.77,25.75,25.75,1000,0
2017-04-24,15:45:00,25.75,25.7626,25.65,25.65,2250,0
2017-04-24,16:20:00,25.55,25.56,25.55,25.56,300,0
2017-04-24,16:35:00,25.57,25.57,25.57,25.57,100,0
2017-04-24,16:50:00,25.55,25.55,25.55,25.55,100,0
2017-04-24,17:20:00,25.58,25.58,25.58,25.58,100,0
2017-04-24,17:40:00,25.59,25.59,25.59,25.59,100,0
2017-04-24,17:55:00,25.59,25.59,25.59,25.59,100,0
2017-04-24,18:20:00,25.57,25.57,25.57,25.57,100,0
2017-04-24,18:40:00,25.6,25.6,25.6,25.6,200,0
2017-04-24,18:55:00,25.6,25.6,25.6,25.6,100,0
2017-04-24,19:10:00,25.65,25.65,25.65,25.65,1100,0
2017-04-24,20:05:00,25.76,25.76,25.76,25.76,100,0
2017-04-24,20:10:00,25.75,25.75,25.75,25.75,8000,0
2017-04-24,20:30:00,25.62,25.62,25.62,25.62,100,0
2017-04-24,20:50:00,25.61,25.61,25.61,25.61,100,0
2017-04-24,21:05:00,25.61,25.61,25.61,25.61,356,0
2017-04-24,21:35:00,25.62,25.62,25.62,25.62,100,0
2017-04-24,21:45:00,25.62,25.62,25.62,25.62,100,0
2017-04-24,21:50:00,25.62,25.62,25.62,25.62,100,0
2017-04-24,21:55:00,25.63,25.63,25.63,25.63,200,0
2017-04-24,22:00:00,25.63,25.63,25.59,25.59,300,0
2017-04-25,16:00:00,25.63,25.63,25.6,25.6,839,0
2017-04-25,16:05:00,25.5701,25.5701,25.5701,25.5701,785,0
2017-04-25,16:10:00,25.67,25.67,25.67,25.67,100,0
2017-04-25,16:30:00,25.64,25.64,25.64,25.64,100,0
2017-04-25,16:40:00,25.64,25.64,25.64,25.64,100,0
2017-04-25,16:45:00,25.66,25.66,25.66,25.66,100,0
2017-04-25,16:50:00,25.64,25.64,25.64,25.64,100,0
2017-04-25,17:10:00,25.645,25.645,25.645,25.645,100,0
2017-04-25,17:15:00,25.66,25.66,25.66,25.66,100,0
2017-04-25,17:40:00,25.655,25.655,25.655,25.655,100,0
2017-04-25,17:45:00,25.66,25.66,25.66,25.66,100,0
2017-04-25,17:55:00,25.64,25.64,25.64,25.64,100,0
2017-04-25,18:00:00,25.655,25.655,25.64,25.64,481,0
2017-04-25,18:05:00,25.62,25.62,25.62,25.62,100,0
2017-04-25,18:10:00,25.62,25.67,25.57,25.67,700,0
2017-04-25,18:25:00,25.67,25.67,25.67,25.67,614,0
2017-04-25,19:15:00,25.67,25.67,25.67,25.67,100,0
2017-04-25,19:35:00,25.67,25.67,25.67,25.67,100,0
2017-04-25,19:50:00,25.67,25.685,25.41,25.67,2368,0
2017-04-25,19:55:00,25.45,25.46,25.2,25.2,1800,0
2017-04-25,21:15:00,25.4244,25.4244,25.4244,25.4244,300,0
2017-04-25,21:40:00,25.37,25.38,25.37,25.38,200,0
2017-04-25,21:45:00,25.33,25.33,25.26,25.26,800,0
2017-04-25,21:55:00,25.26,25.28,25.26,25.28,400,0
2017-04-25,22:00:00,25.27,25.27,25.24,25.26,500,0
2017-04-26,15:35:00,25.27,25.27,25.27,25.27,100,0
2017-04-26,15:40:00,25.27,25.27,25.27,25.27,300,0
2017-04-26,15:45:00,25.27,25.27,25.27,25.27,216,0
2017-04-26,16:55:00,25.429,25.429,25.19,25.19,500,0
2017-04-26,17:20:00,25.2,25.26,25.2,25.26,200,0
2017-04-26,17:30:00,25.3902,25.3902,25.3902,25.3902,1000,0
2017-04-26,17:50:00,25.22,25.22,25.22,25.22,100,0
2017-04-26,18:15:00,25.2501,25.2501,25.2501,25.2501,200,0
2017-04-26,18:30:00,25.3999,25.3999,25.3999,25.3999,1400,0
2017-04-26,18:35:00,25.3,25.38,25.3,25.38,600,0
2017-04-26,18:55:00,25.3,25.3985,25.3,25.3985,1087,0
2017-04-26,19:15:00,25.27,25.27,25.27,25.27,100,0
2017-04-26,19:20:00,25.27,25.27,25.27,25.27,100,0
2017-04-26,19:45:00,25.27,25.27,25.27,25.27,100,0
2017-04-26,20:05:00,25.28,25.28,25.28,25.28,100,0
2017-04-26,20:20:00,25.28,25.3153,25.28,25.3153,300,0
2017-04-26,20:35:00,25.28,25.28,25.28,25.28,100,0
2017-04-26,20:50:00,25.28,25.28,25.28,25.28,100,0
2017-04-26,21:05:00,25.28,25.28,25.28,25.28,100,0
2017-04-26,21:25:00,25.35,25.35,25.35,25.35,311,0
2017-04-26,21:30:00,25.3447,25.35,25.3447,25.35,400,0
2017-04-26,21:35:00,25.36,25.36,25.36,25.36,100,0
2017-04-26,21:40:00,25.39,25.39,25.39,25.39,100,0
2017-04-26,21:45:00,25.36,25.36,25.36,25.36,100,0
2017-04-26,21:55:00,25.36,25.36,25.36,25.36,100,0
2017-04-26,22:00:00,25.4429,25.4429,25.36,25.36,850,0
