Date,Time,Open,High,Low,Close,Volume,OpenInt
2016-12-28,15:50:00,2.2618,2.2618,2.2618,2.2618,917,0
2016-12-28,16:05:00,2.2415,2.2415,2.2415,2.2415,300,0
2016-12-28,16:10:00,2.154,2.154,2.154,2.154,1000,0
2016-12-28,17:00:00,2.2,2.2,2.2,2.2,117,0
2016-12-28,17:45:00,2.225,2.225,2.225,2.225,120,0
2016-12-28,19:15:00,2.25,2.25,2.25,2.25,166,0
2016-12-29,15:35:00,2.1,2.1,2.1,2.1,1425,0
2016-12-29,18:15:00,2.2533,2.2533,2.2,2.2,2899,0
2016-12-29,18:35:00,2.2,2.225,2.2,2.225,400,0
2016-12-30,19:30:00,2.15,2.1861,2.15,2.1861,300,0
2017-01-03,15:55:00,2.2,2.2,2.2,2.2,201,0
2017-01-03,16:10:00,2.1729,2.1729,2.1729,2.1729,100,0
2017-01-03,18:35:00,2.1,2.1021,2.05,2.0574,864,0
2017-01-03,18:50:00,2.05,2.05,2.05,2.05,200,0
2017-01-03,19:35:00,2,2,2,2,190,0
2017-01-03,21:10:00,2.0493,2.0493,2.0493,2.0493,500,0
2017-01-04,15:35:00,2.05,2.05,2.05,2.05,400,0
2017-01-04,17:15:00,2.135,2.135,2.135,2.135,200,0
2017-01-05,17:35:00,2.0445,2.0445,2.0445,2.0445,590,0
2017-01-05,18:10:00,2.05,2.05,2.05,2.05,253,0
2017-01-05,19:20:00,2.1,2.1,2.1,2.1,400,0
2017-01-06,15:35:00,2.1,2.1,2.1,2.1,494,0
2017-01-06,15:55:00,2.197,2.197,2.197,2.197,151,0
2017-01-06,16:40:00,2.1116,2.1116,2.1116,2.1116,100,0
2017-01-06,20:20:00,2.0999,2.3,2.05,2.3,11564,0
2017-01-06,20:30:00,2.275,2.4,2.275,2.4,900,0
2017-01-06,20:35:00,2.3501,2.3501,2.3,2.3,9289,0
2017-01-06,20:50:00,2.35,2.35,2.35,2.35,900,0
2017-01-06,20:55:00,2.35,2.35,2.35,2.35,200,0
2017-01-06,21:00:00,2.351,2.351,2.351,2.351,151,0
2017-01-06,21:25:00,2.4,2.4,2.4,2.4,253,0
2017-01-06,21:30:00,2.45,2.45,2.45,2.45,300,0
2017-01-06,21:35:00,2.45,2.45,2.45,2.45,600,0
2017-01-06,21:40:00,2.4,2.4214,2.4,2.4214,475,0
2017-01-06,21:55:00,2.4,2.4,2.4,2.4,500,0
2017-01-06,22:00:00,2.35,2.3535,2.3,2.3045,1590,0
2017-01-09,15:45:00,2.3,2.3,2.3,2.3,531,0
2017-01-09,17:15:00,2.3,2.3,2.3,2.3,400,0
2017-01-09,17:45:00,2.2409,2.2409,2.2409,2.2409,475,0
2017-01-09,21:15:00,2.15,2.15,2.1,2.15,9962,0
2017-01-09,21:20:00,2.149,2.25,2.125,2.25,17200,0
2017-01-09,21:45:00,2.2,2.201,2.2,2.2,2700,0
2017-01-09,22:00:00,2.35,2.35,2.35,2.35,513,0
2017-01-10,15:35:00,2.35,2.35,2.35,2.35,411,0
2017-01-10,16:05:00,2.4,2.5,2.4,2.484,3900,0
2017-01-10,16:10:00,2.4,2.4,2.3965,2.4,2000,0
2017-01-10,16:15:00,2.4,2.4001,2.4,2.4,5998,0
2017-01-10,16:45:00,2.4,2.4,2.4,2.4,589,0
2017-01-10,16:50:00,2.4,2.4,2.4,2.4,200,0
2017-01-10,17:00:00,2.4,2.4,2.4,2.4,200,0
2017-01-10,17:15:00,2.4,2.45,2.3001,2.3138,17653,0
2017-01-10,17:30:00,2.35,2.35,2.35,2.35,200,0
2017-01-10,18:00:00,2.4,2.4,2.3,2.3,2100,0
2017-01-10,18:05:00,2.3,2.3,2.3,2.3,500,0
2017-01-10,18:10:00,2.35,2.35,2.35,2.35,400,0
2017-01-10,19:20:00,2.3216,2.3216,2.3216,2.3216,1000,0
2017-01-10,20:35:00,2.3,2.35,2.3,2.3,2000,0
2017-01-10,20:40:00,2.3,2.3,2.275,2.275,600,0
2017-01-10,20:55:00,2.35,2.35,2.3,2.3,200,0
2017-01-10,21:05:00,2.3,2.3,2.25,2.3,300,0
2017-01-10,22:00:00,2.4,2.4,2.4,2.4,271,0
2017-01-11,15:35:00,2.35,2.35,2.35,2.35,525,0
2017-01-11,16:25:00,2.25,2.25,2.25,2.25,1700,0
2017-01-11,16:30:00,2.2565,2.2565,2.2565,2.2565,1700,0
2017-01-11,17:25:00,2.35,2.35,2.35,2.35,100,0
2017-01-11,17:40:00,2.35,2.35,2.35,2.35,800,0
2017-01-11,19:15:00,2.3,2.3,2.2,2.2,381,0
2017-01-11,19:20:00,2.2,2.2,2.2,2.2,348,0
2017-01-11,20:00:00,2.15,2.15,2.15,2.15,695,0
2017-01-11,21:10:00,2.234,2.326,2.234,2.326,3300,0
2017-01-11,21:15:00,2.398,2.5,2.34,2.5,8025,0
2017-01-11,21:20:00,2.5,2.6,2.466,2.6,2300,0
2017-01-11,21:25:00,2.6,2.65,2.55,2.65,2850,0
2017-01-11,21:30:00,2.651,2.8021,2.5,2.5712,7927,0
2017-01-11,21:35:00,2.5741,2.5741,2.5741,2.5741,400,0
2017-01-11,21:50:00,2.6,2.6484,2.6,2.6484,480,0
2017-01-11,21:55:00,2.551,2.551,2.551,2.551,850,0
2017-01-11,22:00:00,2.5961,2.6,2.5961,2.5961,405,0
2017-01-12,15:50:00,2.6,2.6,2.6,2.6,200,0
2017-01-12,16:10:00,2.4,2.4,2.4,2.4,100,0
2017-01-12,16:25:00,2.45,2.45,2.4,2.4,300,0
2017-01-12,17:40:00,2.5001,2.5001,2.5001,2.5001,100,0
2017-01-12,19:15:00,2.5,2.5,2.5,2.5,100,0
2017-01-12,19:30:00,2.5,2.5,2.5,2.5,141,0
2017-01-12,20:55:00,2.5036,2.5036,2.5036,2.5036,100,0
2017-01-13,15:35:00,2.5,2.5,2.35,2.354,700,0
2017-01-13,15:50:00,2.45,2.45,2.375,2.375,2300,0
2017-01-13,17:10:00,2.35,2.35,2.35,2.35,300,0
2017-01-13,18:20:00,2.357,2.357,2.357,2.357,300,0
2017-01-13,21:55:00,2.35,2.35,2.35,2.35,491,0
2017-01-13,22:00:00,2.25,2.25,2.25,2.25,100,0
2017-01-17,15:35:00,2.3,2.3,2.2999,2.3,686,0
2017-01-17,15:45:00,2.25,2.25,2.25,2.25,200,0
2017-01-17,15:55:00,2.25,2.25,2.25,2.25,111,0
2017-01-17,16:30:00,2.25,2.25,2.25,2.25,5684,0
2017-01-17,18:25:00,2.2,2.2,2.2,2.2,300,0
2017-01-17,19:05:00,2.25,2.35,2.2499,2.35,13262,0
2017-01-17,20:50:00,2.35,2.35,2.35,2.35,200,0
2017-01-17,20:55:00,2.35,2.35,2.35,2.35,209,0
2017-01-17,21:35:00,2.25,2.25,2.25,2.25,100,0
2017-01-17,21:55:00,2.3,2.3,2.3,2.3,600,0
2017-01-17,22:00:00,2.45,2.45,2.45,2.45,400,0
2017-01-18,15:45:00,2.4,2.4,2.4,2.4,100,0
2017-01-18,16:05:00,2.45,2.55,2.45,2.4501,1400,0
2017-01-18,16:15:00,2.45,2.45,2.4,2.4,12700,0
2017-01-18,16:40:00,2.4,2.4,2.4,2.4,500,0
2017-01-18,17:35:00,2.4001,2.4001,2.4001,2.4001,100,0
2017-01-18,20:50:00,2.401,2.4072,2.4,2.4,9224,0
2017-01-18,21:45:00,2.35,2.35,2.35,2.35,1000,0
2017-01-18,21:55:00,2.35,2.35,2.3499,2.35,700,0
2017-01-19,15:40:00,2.3,2.3,2.3,2.3,200,0
2017-01-19,16:10:00,2.25,2.25,2.2,2.2,1450,0
2017-01-19,16:15:00,2.25,2.25,2.25,2.25,200,0
2017-01-19,16:20:00,2.2,2.25,2.195,2.25,1168,0
2017-01-19,16:25:00,2.3,2.5,2.3,2.4,2800,0
2017-01-19,16:45:00,2.4,2.819,2.4,2.819,28747,0
2017-01-19,16:50:00,2.8,3.15,2.75,3.062,101719,0
2017-01-19,16:55:00,3,3.15,2.85,2.85,39353,0
2017-01-19,17:00:00,2.825,2.9,2.825,2.9,3551,0
2017-01-19,17:05:00,2.8614,2.9,2.8,2.9,12015,0
2017-01-19,17:10:00,2.85,2.9,2.7,2.7425,32950,0
2017-01-19,17:15:00,2.7501,2.8,2.75,2.8,3400,0
2017-01-19,17:20:00,2.8005,2.85,2.8005,2.85,3379,0
2017-01-19,17:25:00,2.8001,2.8001,2.8001,2.8001,400,0
2017-01-19,17:30:00,2.85,2.85,2.8465,2.8489,500,0
2017-01-19,17:35:00,2.8005,2.8005,2.8005,2.8005,100,0
2017-01-19,17:40:00,2.825,2.825,2.8,2.8,699,0
2017-01-19,17:45:00,2.8001,2.8231,2.8001,2.822,600,0
2017-01-19,17:50:00,2.8001,2.825,2.8,2.825,761,0
2017-01-19,17:55:00,2.85,2.85,2.8465,2.85,800,0
2017-01-19,18:05:00,2.82,2.82,2.82,2.82,975,0
2017-01-19,18:10:00,2.7501,2.775,2.7501,2.76,2400,0
2017-01-19,18:15:00,2.7999,2.8,2.7999,2.8,500,0
2017-01-19,18:20:00,2.7831,2.8,2.75,2.75,1600,0
2017-01-19,18:25:00,2.75,2.7501,2.75,2.7501,6595,0
2017-01-19,18:30:00,2.75,2.75,2.7,2.75,2500,0
2017-01-19,18:35:00,2.7243,2.725,2.7,2.7,1842,0
2017-01-19,18:40:00,2.666,2.675,2.6,2.675,21400,0
2017-01-19,18:45:00,2.65,2.65,2.65,2.65,1100,0
2017-01-19,18:50:00,2.6465,2.65,2.6465,2.65,400,0
2017-01-19,18:55:00,2.65,2.75,2.65,2.75,1400,0
2017-01-19,19:00:00,2.7,2.7,2.7,2.7,400,0
2017-01-19,19:05:00,2.725,2.732,2.725,2.732,1200,0
2017-01-19,19:15:00,2.735,2.735,2.735,2.735,1000,0
2017-01-19,19:40:00,2.7499,2.7499,2.6,2.6,2560,0
2017-01-19,19:50:00,2.6001,2.6001,2.55,2.6,3327,0
2017-01-19,20:00:00,2.55,2.55,2.55,2.55,100,0
2017-01-19,20:05:00,2.5999,2.6,2.5999,2.6,2253,0
2017-01-19,20:45:00,2.65,2.65,2.6,2.6,1500,0
2017-01-19,21:00:00,2.6499,2.6499,2.6499,2.6499,200,0
2017-01-19,21:05:00,2.6,2.6,2.6,2.6,100,0
2017-01-19,21:15:00,2.551,2.65,2.551,2.65,450,0
2017-01-19,21:40:00,2.65,2.65,2.65,2.65,300,0
2017-01-19,21:45:00,2.6,2.6,2.6,2.6,300,0
2017-01-19,21:55:00,2.6,2.6012,2.55,2.6,4102,0
2017-01-20,15:35:00,2.65,2.7,2.65,2.7,1405,0
2017-01-20,15:40:00,2.8,2.95,2.7,2.7125,4500,0
2017-01-20,15:50:00,2.65,2.65,2.65,2.65,700,0
2017-01-20,16:00:00,2.8,2.8,2.7,2.7,200,0
2017-01-20,16:05:00,2.5,2.5123,2.45,2.45,2000,0
2017-01-20,16:10:00,2.5,2.5,2.5,2.5,500,0
2017-01-20,16:15:00,2.5,2.5115,2.5,2.5,1000,0
2017-01-20,16:25:00,2.4873,2.5,2.4873,2.5,500,0
2017-01-20,16:50:00,2.5,2.5001,2.5,2.5,3500,0
2017-01-20,17:10:00,2.5403,2.5403,2.5403,2.5403,1000,0
2017-01-20,17:15:00,2.55,2.6,2.55,2.6,1900,0
2017-01-20,17:25:00,2.745,2.745,2.745,2.745,100,0
2017-01-20,17:50:00,2.75,2.75,2.75,2.75,125,0
2017-01-20,18:00:00,2.75,2.75,2.7489,2.7489,800,0
2017-01-20,18:10:00,2.7,2.7,2.65,2.65,350,0
2017-01-20,18:35:00,2.55,2.55,2.55,2.55,840,0
2017-01-20,19:25:00,2.75,2.9,2.75,2.8628,6595,0
2017-01-20,19:30:00,2.875,2.9,2.875,2.9,4600,0
2017-01-20,19:40:00,2.9,2.9,2.9,2.9,162,0
2017-01-20,19:45:00,2.9,2.9,2.9,2.9,200,0
2017-01-20,19:50:00,2.875,2.875,2.875,2.875,1500,0
2017-01-20,19:55:00,2.85,2.85,2.65,2.65,2977,0
2017-01-20,21:20:00,2.85,2.85,2.85,2.85,300,0
2017-01-20,21:55:00,2.8,2.8,2.8,2.8,100,0
2017-01-20,22:00:00,2.75,2.75,2.7,2.7,2900,0
2017-01-23,15:35:00,2.604,2.604,2.604,2.604,125,0
2017-01-23,15:50:00,2.71,2.75,2.71,2.75,1291,0
2017-01-23,18:20:00,2.7169,2.7169,2.7169,2.7169,200,0
2017-01-23,19:55:00,2.7,2.7,2.7,2.7,700,0
2017-01-23,20:00:00,2.725,2.725,2.725,2.725,200,0
2017-01-23,20:50:00,2.75,2.75,2.75,2.75,200,0
2017-01-23,20:55:00,2.7,2.7,2.7,2.7,100,0
2017-01-23,21:30:00,2.7489,2.7489,2.7489,2.7489,1111,0
2017-01-23,21:45:00,2.704,2.704,2.704,2.704,2000,0
2017-01-23,22:00:00,2.7,2.7,2.55,2.55,1100,0
2017-01-24,15:35:00,2.55,2.7,2.55,2.7,555,0
2017-01-24,15:50:00,2.65,2.65,2.65,2.65,950,0
2017-01-24,15:55:00,2.6,2.6,2.6,2.6,112,0
2017-01-24,16:20:00,2.6,2.6,2.55,2.55,700,0
2017-01-24,16:25:00,2.4,2.4,2.4,2.4,100,0
2017-01-24,16:30:00,2.435,2.435,2.4,2.4,2212,0
2017-01-24,16:35:00,2.45,2.45,2.45,2.45,300,0
2017-01-24,16:40:00,2.405,2.405,2.405,2.405,1000,0
2017-01-24,16:55:00,2.425,2.425,2.425,2.425,100,0
2017-01-24,17:00:00,2.45,2.45,2.45,2.45,200,0
2017-01-24,17:05:00,2.425,2.425,2.425,2.425,100,0
2017-01-24,17:20:00,2.4,2.4,2.4,2.4,629,0
2017-01-24,18:10:00,2.5,2.5,2.5,2.5,100,0
2017-01-24,18:30:00,2.5,2.5,2.5,2.5,300,0
2017-01-24,20:15:00,2.5,2.5,2.5,2.5,200,0
2017-01-24,20:50:00,2.5,2.5,2.5,2.5,100,0
2017-01-24,20:55:00,2.45,2.45,2.45,2.45,100,0
2017-01-24,22:00:00,2.6,2.6,2.45,2.45,300,0
2017-01-25,15:40:00,2.487,2.547,2.487,2.547,2500,0
2017-01-25,15:45:00,2.55,2.55,2.5499,2.5499,880,0
2017-01-25,15:55:00,2.5,2.5125,2.5,2.5,3800,0
2017-01-25,16:05:00,2.605,2.605,2.605,2.605,1000,0
2017-01-25,16:10:00,2.5357,2.5357,2.475,2.5,5820,0
2017-01-25,16:25:00,2.5,2.5,2.5,2.5,100,0
2017-01-25,16:30:00,2.4999,2.4999,2.4999,2.4999,100,0
2017-01-25,16:35:00,2.5,2.5,2.4845,2.4845,800,0
2017-01-25,16:45:00,2.5,2.65,2.5,2.65,400,0
2017-01-25,17:50:00,2.55,2.55,2.55,2.55,200,0
2017-01-25,18:50:00,2.55,2.55,2.55,2.55,100,0
2017-01-26,15:35:00,2.6,2.6,2.6,2.6,120,0
2017-01-26,16:20:00,2.55,2.55,2.45,2.45,1093,0
2017-01-26,17:35:00,2.4585,2.4585,2.45,2.4537,3084,0
2017-01-26,21:00:00,2.55,2.7,2.5225,2.6634,5920,0
2017-01-26,21:15:00,2.575,2.575,2.575,2.575,100,0
2017-01-26,21:55:00,2.65,2.65,2.65,2.65,128,0
2017-01-26,22:00:00,2.65,2.65,2.6,2.65,1317,0
2017-01-27,16:15:00,2.575,2.575,2.575,2.575,400,0
2017-01-27,19:45:00,2.5,2.5,2.5,2.5,844,0
2017-01-27,20:05:00,2.5,2.5604,2.5,2.5604,1300,0
2017-01-27,20:25:00,2.55,2.55,2.55,2.55,100,0
2017-01-27,20:55:00,2.5,2.5,2.5,2.5,200,0
2017-01-27,21:55:00,2.5,2.5,2.5,2.5,200,0
2017-01-27,22:00:00,2.55,2.55,2.5,2.5,200,0
2017-01-30,15:35:00,2.5,2.5,2.5,2.5,210,0
2017-01-30,19:20:00,2.5,2.5,2.45,2.45,3300,0
2017-01-30,19:30:00,2.45,2.65,2.45,2.65,14789,0
2017-01-30,19:40:00,2.6,2.6,2.6,2.6,200,0
2017-01-30,19:55:00,2.6,2.6,2.6,2.6,200,0
2017-01-30,20:20:00,2.616,2.616,2.616,2.616,950,0
2017-01-30,21:05:00,2.65,2.65,2.65,2.65,300,0
2017-01-30,21:10:00,2.625,2.65,2.6,2.6,1000,0
2017-01-30,21:20:00,2.6,2.6,2.6,2.6,300,0
2017-01-30,21:35:00,2.65,2.7,2.6,2.6,2300,0
2017-01-30,22:00:00,2.55,2.65,2.55,2.65,800,0
2017-01-31,15:40:00,2.612,2.612,2.612,2.612,100,0
2017-01-31,16:00:00,2.6501,2.6501,2.65,2.65,3700,0
2017-01-31,16:05:00,2.65,2.65,2.6,2.6,12228,0
2017-01-31,16:45:00,2.55,2.55,2.55,2.55,100,0
2017-01-31,17:55:00,2.5,2.55,2.5,2.55,1100,0
2017-01-31,19:50:00,2.5,2.5,2.5,2.5,100,0
2017-01-31,21:40:00,2.55,2.55,2.55,2.55,300,0
2017-01-31,22:00:00,2.55,2.55,2.55,2.55,100,0
2017-02-01,15:55:00,2.55,2.55,2.35,2.35,2483,0
2017-02-01,16:00:00,2.35,2.35,2.35,2.35,300,0
2017-02-01,16:05:00,2.45,2.6,2.45,2.5925,15399,0
2017-02-01,16:20:00,2.55,2.55,2.55,2.55,200,0
2017-02-01,16:45:00,2.5,2.5,2.479,2.479,1712,0
2017-02-01,16:50:00,2.5,2.5,2.495,2.495,200,0
2017-02-01,16:55:00,2.55,2.55,2.55,2.55,100,0
2017-02-01,17:30:00,2.5,2.5,2.5,2.5,200,0
2017-02-01,18:25:00,2.5001,2.5217,2.5001,2.5217,1000,0
2017-02-01,19:40:00,2.55,2.55,2.55,2.55,100,0
2017-02-01,20:40:00,2.45,2.5,2.45,2.5,900,0
2017-02-01,21:35:00,2.45,2.5,2.45,2.5,1800,0
2017-02-01,21:40:00,2.55,2.55,2.55,2.55,800,0
2017-02-02,15:35:00,2.45,2.45,2.45,2.45,291,0
2017-02-02,16:10:00,2.5,2.5,2.5,2.5,4500,0
2017-02-02,16:15:00,2.45,2.45,2.45,2.45,100,0
2017-02-02,19:25:00,2.5,2.55,2.5,2.55,300,0
2017-02-02,20:10:00,2.6,2.6,2.57,2.5704,1200,0
2017-02-03,15:35:00,2.55,2.6,2.55,2.6,956,0
2017-02-03,15:40:00,2.5995,2.5995,2.5995,2.5995,4500,0
2017-02-03,18:05:00,2.5803,2.5803,2.5803,2.5803,150,0
2017-02-03,18:10:00,2.55,2.55,2.55,2.55,200,0
2017-02-03,18:25:00,2.55,2.55,2.55,2.55,1000,0
2017-02-03,18:30:00,2.6,2.6,2.55,2.55,2900,0
2017-02-03,19:20:00,2.55,2.55,2.5,2.5,4339,0
2017-02-03,21:35:00,2.55,2.55,2.55,2.55,1100,0
2017-02-03,21:40:00,2.55,2.55,2.55,2.55,544,0
2017-02-03,21:45:00,2.501,2.501,2.5,2.5,440,0
2017-02-03,22:00:00,2.5001,2.5001,2.5,2.5,600,0
2017-02-06,15:35:00,2.55,2.55,2.55,2.55,4500,0
2017-02-06,15:45:00,2.55,2.55,2.55,2.55,4500,0
2017-02-06,16:10:00,2.55,2.55,2.55,2.55,400,0
2017-02-06,16:15:00,2.4501,2.46,2.45,2.45,2659,0
2017-02-06,21:45:00,2.5,2.5,2.5,2.5,628,0
2017-02-06,22:00:00,2.5,2.5001,2.5,2.5,675,0
2017-02-07,15:35:00,2.5,2.5,2.5,2.5,700,0
2017-02-07,16:10:00,2.55,2.55,2.55,2.55,4500,0
2017-02-07,16:15:00,2.55,2.55,2.55,2.55,4500,0
2017-02-07,16:25:00,2.575,2.575,2.575,2.575,1612,0
2017-02-07,16:50:00,2.5001,2.5001,2.5001,2.5001,500,0
2017-02-07,17:40:00,2.5,2.505,2.5,2.505,1000,0
2017-02-07,18:10:00,2.5001,2.505,2.5001,2.505,800,0
2017-02-07,21:10:00,2.6,2.6,2.6,2.6,100,0
2017-02-07,21:40:00,2.5,2.6,2.5,2.6,200,0
2017-02-07,22:00:00,2.5001,2.5001,2.5,2.5,800,0
2017-02-08,19:05:00,2.45,2.45,2.45,2.45,3700,0
2017-02-08,21:55:00,2.45,2.45,2.45,2.45,120,0
2017-02-08,22:00:00,2.475,2.475,2.475,2.475,100,0
2017-02-09,16:35:00,2.45,2.45,2.45,2.45,100,0
2017-02-09,17:05:00,2.45,2.45,2.45,2.45,150,0
2017-02-09,17:30:00,2.45,2.4505,2.45,2.4505,6000,0
2017-02-09,20:55:00,2.55,2.55,2.55,2.55,100,0
2017-02-09,21:00:00,2.45,2.4501,2.4071,2.4071,2993,0
2017-02-09,21:05:00,2.52,2.52,2.52,2.52,150,0
2017-02-09,21:15:00,2.45,2.45,2.45,2.45,200,0
2017-02-09,22:00:00,2.45,2.45,2.45,2.45,100,0
2017-02-10,16:35:00,2.45,2.45,2.45,2.45,373,0
2017-02-13,16:40:00,2.45,2.45,2.45,2.45,200,0
2017-02-13,17:05:00,2.45,2.45,2.45,2.45,545,0
2017-02-13,21:25:00,2.45,2.4501,2.45,2.45,1449,0
2017-02-13,21:30:00,2.45,2.45,2.45,2.45,100,0
2017-02-14,15:35:00,2.4,2.4,2.4,2.4,1000,0
2017-02-14,15:40:00,2.315,2.3715,2.315,2.3715,700,0
2017-02-14,16:05:00,2.375,2.375,2.375,2.375,126,0
2017-02-14,17:10:00,2.45,2.45,2.45,2.45,487,0
2017-02-14,19:55:00,2.5,2.5,2.5,2.5,100,0
2017-02-14,20:50:00,2.3965,2.5,2.3965,2.5,19497,0
2017-02-14,21:05:00,2.525,2.525,2.5,2.5,400,0
2017-02-14,21:25:00,2.55,2.55,2.55,2.55,300,0
2017-02-14,21:35:00,2.55,2.55,2.55,2.55,200,0
2017-02-14,21:40:00,2.5,2.5,2.5,2.5,100,0
2017-02-14,21:55:00,2.55,2.55,2.55,2.55,100,0
2017-02-15,15:45:00,2.592,2.5999,2.592,2.5999,1900,0
2017-02-15,15:50:00,2.525,2.525,2.525,2.525,600,0
2017-02-15,16:15:00,2.55,2.55,2.55,2.55,600,0
2017-02-15,16:25:00,2.6,2.6,2.4501,2.4501,17200,0
2017-02-15,16:40:00,2.55,2.5526,2.55,2.55,1200,0
2017-02-15,16:50:00,2.55,2.55,2.55,2.55,100,0
2017-02-15,16:55:00,2.55,2.55,2.5,2.55,1200,0
2017-02-15,17:00:00,2.55,2.55,2.55,2.55,200,0
2017-02-15,17:05:00,2.55,2.55,2.55,2.55,200,0
2017-02-15,17:10:00,2.5,2.5,2.5,2.5,200,0
2017-02-15,20:25:00,2.5,2.5,2.45,2.45,700,0
2017-02-15,22:00:00,2.45,2.45,2.45,2.45,100,0
2017-02-16,15:35:00,2.45,2.4501,2.432,2.432,2600,0
2017-02-16,17:10:00,2.4005,2.4005,2.4005,2.4005,3000,0
2017-02-16,20:35:00,2.4,2.4,2.35,2.35,1500,0
2017-02-16,20:50:00,2.4,2.45,2.4,2.45,7389,0
2017-02-16,20:55:00,2.5,2.5,2.45,2.45,980,0
2017-02-16,21:25:00,2.45,2.55,2.45,2.55,500,0
2017-02-16,21:30:00,2.45,2.5,2.45,2.5,800,0
2017-02-16,21:45:00,2.5,2.5,2.5,2.5,520,0
2017-02-16,21:50:00,2.45,2.45,2.45,2.45,500,0
2017-02-16,22:00:00,2.45,2.45,2.45,2.45,100,0
2017-02-17,19:20:00,2.4,2.4,2.4,2.4,500,0
2017-02-17,19:55:00,2.4,2.4,2.4,2.4,100,0
2017-02-17,20:55:00,2.4,2.55,2.4,2.5,14911,0
2017-02-17,21:00:00,2.5,2.5,2.5,2.5,1021,0
2017-02-17,21:10:00,2.5,2.525,2.5,2.525,1200,0
2017-02-17,21:15:00,2.525,2.525,2.525,2.525,200,0
2017-02-17,21:45:00,2.5,2.5,2.5,2.5,100,0
2017-02-17,22:00:00,2.525,2.55,2.525,2.55,1320,0
2017-02-21,15:35:00,2.55,2.55,2.55,2.55,2001,0
2017-02-21,15:40:00,2.6,2.7,2.6,2.65,1900,0
2017-02-21,15:55:00,2.65,2.7,2.5,2.55,22521,0
2017-02-21,16:10:00,2.55,2.55,2.55,2.55,300,0
2017-02-21,18:20:00,2.55,2.55,2.55,2.55,1400,0
2017-02-21,18:45:00,2.55,2.55,2.55,2.55,400,0
2017-02-21,19:00:00,2.55,2.55,2.55,2.55,500,0
2017-02-21,19:05:00,2.54,2.54,2.54,2.54,600,0
2017-02-21,19:55:00,2.55,2.55,2.55,2.55,100,0
2017-02-21,20:00:00,2.55,2.55,2.55,2.55,400,0
2017-02-21,20:05:00,2.55,2.65,2.55,2.55,1200,0
2017-02-21,20:45:00,2.55,2.55,2.5,2.5,6500,0
2017-02-21,21:05:00,2.5,2.5,2.5,2.5,800,0
2017-02-21,21:55:00,2.576,2.576,2.576,2.576,225,0
2017-02-21,22:00:00,2.55,2.65,2.55,2.65,400,0
2017-02-22,15:35:00,2.55,2.575,2.55,2.575,1202,0
2017-02-22,15:50:00,2.55,2.55,2.549,2.55,2311,0
2017-02-22,15:55:00,2.5,2.5,2.5,2.5,200,0
2017-02-22,16:25:00,2.522,2.522,2.522,2.522,300,0
2017-02-22,16:30:00,2.55,2.75,2.55,2.75,15393,0
2017-02-22,16:35:00,2.75,2.85,2.6,2.65,11650,0
2017-02-22,16:45:00,2.699,2.7,2.699,2.7,600,0
2017-02-22,16:50:00,2.6999,2.7,2.6999,2.6999,600,0
2017-02-22,16:55:00,2.6,2.6,2.6,2.6,800,0
2017-02-22,17:15:00,2.6,2.6,2.5999,2.5999,500,0
2017-02-22,18:05:00,2.5999,2.6,2.5999,2.5999,500,0
2017-02-22,18:20:00,2.6999,2.6999,2.6999,2.6999,150,0
2017-02-22,18:40:00,2.6,2.6,2.6,2.6,100,0
2017-02-22,18:45:00,2.5999,2.6,2.5999,2.5999,700,0
2017-02-22,19:15:00,2.5999,2.5999,2.5999,2.5999,300,0
2017-02-22,19:40:00,2.5,2.55,2.5,2.55,3100,0
2017-02-22,19:50:00,2.5,2.6,2.5,2.6,900,0
2017-02-22,21:25:00,2.6,2.625,2.6,2.625,700,0
2017-02-22,21:40:00,2.65,2.65,2.6499,2.6499,500,0
2017-02-22,22:00:00,2.6,2.65,2.6,2.65,700,0
2017-02-23,17:55:00,2.5,2.55,2.45,2.45,2298,0
2017-02-23,18:00:00,2.5,2.65,2.45,2.65,17500,0
2017-02-23,18:15:00,2.625,2.625,2.625,2.625,300,0
2017-02-23,18:20:00,2.6,2.6,2.6,2.6,250,0
2017-02-23,19:15:00,2.55,2.6,2.55,2.6,10200,0
2017-02-23,19:20:00,2.6,2.8,2.6,2.8,4280,0
2017-02-23,19:45:00,2.7,2.7,2.7,2.7,3000,0
2017-02-23,19:50:00,2.712,2.715,2.712,2.715,1010,0
2017-02-23,20:25:00,2.65,2.65,2.65,2.65,100,0
2017-02-23,20:30:00,2.75,2.75,2.75,2.75,1000,0
2017-02-23,20:40:00,2.7,2.75,2.7,2.7,800,0
2017-02-23,20:45:00,2.75,2.75,2.7,2.75,500,0
2017-02-23,20:55:00,2.75,2.9,2.75,2.8,2900,0
2017-02-23,21:00:00,2.8,2.8,2.8,2.8,200,0
2017-02-23,21:05:00,2.75,2.75,2.75,2.75,200,0
2017-02-23,21:25:00,2.8,2.8,2.8,2.8,1700,0
2017-02-23,21:55:00,2.85,2.85,2.85,2.85,500,0
2017-02-23,22:00:00,2.9,2.9,2.8,2.85,800,0
2017-02-24,15:35:00,2.65,2.65,2.65,2.65,2255,0
2017-02-24,15:50:00,2.7791,2.8499,2.7791,2.8499,500,0
2017-02-24,15:55:00,2.85,2.9,2.8,2.8,20100,0
2017-02-24,16:00:00,2.85,2.85,2.85,2.85,200,0
2017-02-24,16:05:00,2.75,2.775,2.75,2.775,2600,0
2017-02-24,16:40:00,2.7527,2.7527,2.7527,2.7527,150,0
2017-02-24,16:45:00,2.7973,2.7973,2.7973,2.7973,100,0
2017-02-24,17:05:00,2.8,2.8,2.75,2.75,500,0
2017-02-24,17:10:00,2.75,2.75,2.75,2.75,100,0
2017-02-24,17:20:00,2.75,2.75,2.75,2.75,600,0
2017-02-24,17:45:00,2.8,2.8,2.725,2.75,6500,0
2017-02-24,17:50:00,2.75,2.8,2.75,2.75,7400,0
2017-02-24,19:30:00,2.75,2.75,2.75,2.75,700,0
2017-02-24,21:20:00,2.75,2.75,2.75,2.75,900,0
2017-02-24,21:35:00,2.7005,2.7005,2.7,2.7,3200,0
2017-02-24,21:40:00,2.75,2.75,2.75,2.75,2900,0
2017-02-24,21:45:00,2.75,2.75,2.75,2.75,400,0
2017-02-24,21:50:00,2.75,2.75,2.725,2.725,300,0
2017-02-24,22:00:00,2.7001,2.85,2.7,2.85,900,0
2017-02-27,15:35:00,2.7,2.7,2.7,2.7,1037,0
2017-02-27,15:50:00,2.75,2.9,2.75,2.9,1500,0
2017-02-27,18:00:00,2.7,2.7,2.7,2.7,100,0
2017-02-27,19:00:00,2.7001,2.7001,2.7001,2.7001,100,0
2017-02-27,20:55:00,2.75,2.85,2.7,2.85,20463,0
2017-02-27,21:00:00,2.75,2.75,2.7,2.75,8500,0
2017-02-27,21:40:00,2.65,2.65,2.65,2.65,310,0
2017-02-27,21:50:00,2.65,2.65,2.65,2.65,200,0
2017-02-27,22:00:00,2.6501,2.85,2.65,2.85,1300,0
2017-02-28,15:35:00,2.7,2.8,2.7,2.8,6238,0
2017-02-28,15:55:00,2.75,2.75,2.7,2.7,200,0
2017-02-28,17:05:00,2.6,2.65,2.55,2.65,1060,0
2017-02-28,17:15:00,2.7,2.8,2.7,2.8,13261,0
2017-02-28,17:25:00,2.7,2.7,2.7,2.7,7485,0
2017-02-28,18:05:00,2.696,2.696,2.696,2.696,2000,0
2017-02-28,19:00:00,2.6501,2.6967,2.6501,2.6967,400,0
2017-02-28,19:55:00,2.7,2.7,2.7,2.7,127,0
2017-02-28,20:05:00,2.6,2.6,2.6,2.6,100,0
2017-02-28,21:00:00,2.6,2.6,2.5,2.5,3400,0
2017-02-28,21:05:00,2.5,2.55,2.5,2.55,1900,0
2017-02-28,21:10:00,2.55,2.55,2.55,2.55,100,0
2017-02-28,21:55:00,2.55,2.55,2.5,2.5,1296,0
2017-02-28,22:00:00,2.5,2.56,2.5,2.55,2100,0
2017-03-01,15:35:00,2.55,2.55,2.55,2.55,1011,0
2017-03-01,15:40:00,2.473,2.5,2.45,2.5,610,0
2017-03-01,15:45:00,2.4882,2.4882,2.4882,2.4882,199,0
2017-03-01,16:10:00,2.6,2.6,2.6,2.6,166,0
2017-03-01,16:20:00,2.55,2.55,2.55,2.55,9300,0
2017-03-01,16:40:00,2.55,2.55,2.55,2.55,100,0
2017-03-01,16:55:00,2.55,2.55,2.55,2.55,1000,0
2017-03-01,17:10:00,2.55,2.55,2.55,2.55,100,0
2017-03-01,17:15:00,2.575,2.6,2.575,2.6,1600,0
2017-03-01,17:25:00,2.625,2.625,2.625,2.625,273,0
2017-03-01,17:35:00,2.6,2.65,2.6,2.6021,1300,0
2017-03-01,18:35:00,2.6,2.65,2.6,2.65,9700,0
2017-03-01,20:00:00,2.624,2.624,2.624,2.624,188,0
2017-03-01,20:05:00,2.6,2.6,2.6,2.6,100,0
2017-03-01,20:20:00,2.6,2.6,2.6,2.6,200,0
2017-03-01,20:35:00,2.6,2.6,2.6,2.6,100,0
2017-03-01,21:00:00,2.65,2.65,2.65,2.65,200,0
2017-03-01,21:10:00,2.6,2.6,2.6,2.6,500,0
2017-03-01,21:20:00,2.625,2.625,2.625,2.625,100,0
2017-03-01,21:45:00,2.625,2.625,2.625,2.625,400,0
2017-03-01,21:55:00,2.625,2.625,2.6,2.6,1600,0
2017-03-02,16:25:00,2.651,2.651,2.65,2.65,200,0
2017-03-02,17:25:00,2.675,2.675,2.675,2.675,2000,0
2017-03-02,17:30:00,2.6615,2.6615,2.6,2.6375,600,0
2017-03-02,17:35:00,2.6,2.6,2.6,2.6,1311,0
2017-03-02,22:00:00,2.6,2.6,2.6,2.6,100,0
2017-03-03,15:35:00,2.6,2.6,2.6,2.6,130,0
2017-03-03,15:40:00,2.65,2.65,2.6461,2.6461,580,0
2017-03-03,16:00:00,2.7,2.7,2.7,2.7,100,0
2017-03-03,16:05:00,2.7,2.7,2.6995,2.6995,1600,0
2017-03-03,16:20:00,2.65,2.65,2.65,2.65,101,0
2017-03-03,16:30:00,2.65,2.65,2.65,2.65,100,0
2017-03-03,18:00:00,2.6109,2.6109,2.6109,2.6109,193,0
2017-03-03,18:25:00,2.6,2.6001,2.6,2.6001,700,0
2017-03-03,19:10:00,2.7,2.7,2.7,2.7,100,0
2017-03-03,19:25:00,2.6511,2.6511,2.65,2.6505,1100,0
2017-03-03,19:35:00,2.65,2.65,2.65,2.65,100,0
2017-03-03,20:35:00,2.6497,2.6497,2.6,2.6,300,0
2017-03-03,20:50:00,2.65,2.9,2.65,2.65,16909,0
2017-03-03,21:35:00,2.6499,2.65,2.6499,2.65,700,0
2017-03-03,21:50:00,2.7,2.7,2.6999,2.6999,830,0
2017-03-06,15:35:00,2.65,2.65,2.65,2.65,185,0
2017-03-06,16:15:00,2.7,2.7,2.7,2.7,100,0
2017-03-06,18:00:00,2.65,2.65,2.65,2.65,1000,0
2017-03-06,20:55:00,2.7,2.7,2.7,2.7,200,0
2017-03-06,21:55:00,2.7,2.7,2.7,2.7,200,0
2017-03-06,22:00:00,2.6501,2.7,2.6501,2.7,289,0
2017-03-07,18:05:00,2.5,2.5,2.5,2.5,400,0
2017-03-07,18:10:00,2.5,2.651,2.5,2.65,21352,0
2017-03-07,18:15:00,2.675,2.675,2.675,2.675,250,0
2017-03-07,20:40:00,2.65,2.65,2.65,2.65,540,0
2017-03-07,21:40:00,2.7,2.7,2.7,2.7,100,0
2017-03-07,22:00:00,2.75,2.75,2.75,2.75,500,0
2017-03-08,15:35:00,2.7,2.7,2.7,2.7,138,0
2017-03-08,16:00:00,2.75,2.75,2.7,2.7,25507,0
2017-03-08,17:55:00,2.7,2.7,2.7,2.7,700,0
2017-03-08,18:00:00,2.7,2.7,2.7,2.7,1100,0
2017-03-08,18:35:00,2.7,2.7,2.7,2.7,200,0
2017-03-08,19:00:00,2.7,2.7,2.7,2.7,200,0
2017-03-08,19:05:00,2.7,2.7,2.7,2.7,100,0
2017-03-08,20:05:00,2.7,2.7,2.65,2.65,8700,0
2017-03-08,20:10:00,2.65,2.65,2.65,2.65,5699,0
2017-03-08,21:30:00,2.7,2.7,2.6421,2.6421,302,0
2017-03-08,21:50:00,2.575,2.65,2.575,2.65,200,0
2017-03-08,22:00:00,2.75,2.75,2.75,2.75,200,0
2017-03-09,17:30:00,2.75,2.75,2.75,2.75,100,0
2017-03-09,18:55:00,2.6038,2.6038,2.6038,2.6038,200,0
2017-03-09,20:00:00,2.5999,2.6,2.5999,2.6,252,0
2017-03-09,21:20:00,2.55,2.55,2.55,2.55,100,0
2017-03-09,21:25:00,2.55,2.55,2.55,2.55,747,0
2017-03-09,21:30:00,2.5,2.6,2.5,2.6,19247,0
2017-03-09,21:45:00,2.6,2.6,2.6,2.6,400,0
2017-03-09,22:00:00,2.6,2.6,2.55,2.55,300,0
2017-03-10,15:35:00,2.6461,2.6461,2.6461,2.6461,200,0
2017-03-10,16:25:00,2.65,2.7,2.55,2.6,22236,0
2017-03-10,16:30:00,2.6,2.6,2.6,2.6,200,0
2017-03-10,16:35:00,2.6,2.6,2.6,2.6,6123,0
2017-03-10,16:40:00,2.6,2.6,2.6,2.6,553,0
2017-03-10,17:30:00,2.6,2.6,2.6,2.6,6472,0
2017-03-13,14:55:00,2.7,2.7,2.6745,2.7,962,0
2017-03-13,17:05:00,2.7,2.7,2.7,2.7,100,0
2017-03-13,18:05:00,2.8,2.8,2.8,2.8,100,0
2017-03-13,18:35:00,2.746,2.746,2.746,2.746,500,0
2017-03-13,18:45:00,2.75,2.75,2.75,2.75,100,0
2017-03-13,21:00:00,2.75,2.75,2.75,2.75,1200,0
2017-03-14,14:35:00,2.8,2.8,2.6001,2.6001,1095,0
2017-03-14,14:45:00,2.7863,2.7863,2.7863,2.7863,197,0
2017-03-14,15:10:00,2.55,2.7357,2.55,2.7357,6512,0
2017-03-14,15:15:00,2.6,2.6,2.6,2.6,300,0
2017-03-14,15:20:00,2.65,2.65,2.65,2.65,100,0
2017-03-14,15:45:00,2.6,2.6,2.6,2.6,200,0
2017-03-14,17:05:00,2.6,2.6,2.6,2.6,200,0
2017-03-14,19:25:00,2.6001,2.6001,2.6,2.6,408,0
2017-03-15,14:35:00,2.65,2.65,2.65,2.65,200,0
2017-03-15,14:40:00,2.8,2.8,2.8,2.8,6912,0
2017-03-15,16:35:00,2.7,2.7,2.7,2.7,400,0
2017-03-15,17:45:00,2.7,2.7,2.6999,2.6999,300,0
2017-03-15,18:40:00,2.65,2.65,2.6,2.6,5862,0
2017-03-15,19:20:00,2.67,2.67,2.67,2.67,1000,0
2017-03-15,20:10:00,2.6501,2.6501,2.65,2.65,200,0
2017-03-15,20:15:00,2.65,2.65,2.65,2.65,100,0
2017-03-15,20:45:00,2.65,2.65,2.65,2.65,400,0
2017-03-15,21:00:00,2.6001,2.6001,2.6001,2.6001,195,0
2017-03-16,15:55:00,2.65,2.65,2.65,2.65,300,0
2017-03-16,16:50:00,2.65,2.75,2.65,2.65,7027,0
2017-03-16,21:00:00,2.7,2.7,2.7,2.7,400,0
2017-03-17,18:40:00,2.6,2.7,2.5,2.6,27100,0
2017-03-17,19:25:00,2.6,2.6,2.6,2.6,200,0
2017-03-17,19:30:00,2.6,2.6,2.6,2.6,300,0
2017-03-17,20:25:00,2.6,2.6,2.6,2.6,100,0
2017-03-20,14:35:00,2.7,2.7,2.7,2.7,243,0
2017-03-20,15:30:00,2.65,2.85,2.65,2.85,5182,0
2017-03-20,15:35:00,2.85,3,2.8477,2.855,23435,0
2017-03-20,15:50:00,2.9,2.9,2.9,2.9,350,0
2017-03-20,15:55:00,2.8,2.8001,2.75,2.7501,1500,0
2017-03-20,16:00:00,2.8813,2.8813,2.8813,2.8813,108,0
2017-03-20,16:05:00,2.8,2.8,2.75,2.7501,331,0
2017-03-20,16:20:00,2.85,2.85,2.825,2.825,202,0
2017-03-20,16:25:00,2.825,2.825,2.825,2.825,300,0
2017-03-20,17:35:00,2.811,2.811,2.811,2.811,3000,0
2017-03-20,17:55:00,2.784,2.784,2.784,2.784,175,0
2017-03-20,18:05:00,2.7556,2.7556,2.7501,2.7501,200,0
2017-03-20,18:10:00,2.75,2.75,2.75,2.75,100,0
2017-03-20,18:50:00,2.8,2.8,2.8,2.8,100,0
2017-03-20,19:15:00,2.8,2.8,2.8,2.8,700,0
2017-03-20,19:25:00,2.8,2.8,2.8,2.8,100,0
2017-03-20,19:30:00,2.8,2.8,2.8,2.8,600,0
2017-03-20,19:50:00,2.8,2.8,2.8,2.8,300,0
2017-03-20,20:05:00,2.75,2.7541,2.7,2.7001,2070,0
2017-03-20,20:25:00,2.7999,2.7999,2.7,2.7,1000,0
2017-03-20,20:35:00,2.75,2.75,2.75,2.75,300,0
2017-03-20,21:00:00,2.7,2.7,2.7,2.7,200,0
2017-03-21,15:20:00,2.799,2.799,2.65,2.654,2721,0
2017-03-21,15:25:00,2.749,2.749,2.749,2.749,700,0
2017-03-21,16:55:00,2.736,2.736,2.736,2.736,2300,0
2017-03-21,18:45:00,2.75,2.75,2.75,2.75,100,0
2017-03-21,19:40:00,2.65,2.65,2.65,2.65,100,0
2017-03-21,20:05:00,2.65,2.75,2.6,2.75,22245,0
2017-03-21,20:10:00,2.75,2.75,2.75,2.75,400,0
2017-03-21,20:20:00,2.7046,2.7046,2.7046,2.7046,729,0
2017-03-21,20:30:00,2.8,2.8,2.75,2.75,1899,0
2017-03-21,21:00:00,2.75,2.8,2.75,2.8,500,0
2017-03-22,15:20:00,2.75,2.8,2.65,2.7,32990,0
2017-03-22,17:00:00,2.75,2.75,2.75,2.75,200,0
2017-03-22,17:05:00,2.85,2.85,2.8493,2.8493,2000,0
2017-03-22,17:20:00,2.75,2.75,2.75,2.75,100,0
2017-03-22,17:45:00,2.75,2.754,2.7001,2.7001,6600,0
2017-03-22,18:05:00,2.7,2.7,2.7,2.7,100,0
2017-03-22,18:20:00,2.65,2.65,2.6,2.6,730,0
2017-03-22,18:55:00,2.65,2.65,2.6,2.6,1888,0
2017-03-22,19:55:00,2.6,2.6,2.6,2.6,200,0
2017-03-22,20:05:00,2.65,2.65,2.65,2.65,12052,0
2017-03-22,20:25:00,2.675,2.675,2.675,2.675,113,0
2017-03-22,20:35:00,2.65,2.65,2.65,2.65,500,0
2017-03-22,20:50:00,2.6,2.6,2.55,2.6,8208,0
2017-03-23,14:35:00,2.6,2.6,2.6,2.6,1010,0
2017-03-23,14:50:00,2.55,2.55,2.55,2.55,200,0
2017-03-23,17:30:00,2.55,2.7,2.55,2.7,24800,0
2017-03-23,17:35:00,2.7,2.7,2.7,2.7,1000,0
2017-03-23,17:55:00,2.75,2.75,2.75,2.75,100,0
2017-03-23,20:10:00,2.6558,2.6558,2.6558,2.6558,113,0
2017-03-23,20:15:00,2.7,2.7,2.7,2.7,1600,0
2017-03-23,20:20:00,2.7,2.7,2.7,2.7,196,0
2017-03-23,20:30:00,2.7,2.7,2.7,2.7,2800,0
2017-03-23,20:45:00,2.7027,2.7027,2.7027,2.7027,250,0
2017-03-23,21:00:00,2.7,2.7,2.7,2.7,500,0
2017-03-24,14:35:00,2.7,2.7,2.7,2.7,400,0
2017-03-24,14:40:00,2.732,2.732,2.732,2.732,1000,0
2017-03-24,14:55:00,2.7,2.7,2.7,2.7,100,0
2017-03-24,15:35:00,2.7,2.7,2.7,2.7,901,0
2017-03-24,15:45:00,2.7,2.7,2.7,2.7,300,0
2017-03-24,19:50:00,2.75,2.75,2.75,2.75,100,0
2017-03-24,20:15:00,2.725,2.725,2.7,2.7,29771,0
2017-03-24,20:40:00,2.7,2.7,2.7,2.7,200,0
2017-03-24,21:00:00,2.65,2.65,2.65,2.65,2637,0
2017-03-27,15:55:00,2.65,2.65,2.6,2.6,200,0
2017-03-27,16:10:00,2.6,2.6,2.6,2.6,100,0
2017-03-27,20:25:00,2.6,2.6,2.6,2.6,400,0
2017-03-27,20:50:00,2.6399,2.6399,2.6399,2.6399,2000,0
2017-03-27,20:55:00,2.6211,2.6211,2.6211,2.6211,3000,0
2017-03-27,21:35:00,2.6,2.6,2.6,2.6,100,0
2017-03-27,22:00:00,2.6,2.6,2.6,2.6,100,0
2017-03-28,15:35:00,2.6,2.6,2.6,2.6,127,0
2017-03-28,16:10:00,2.6337,2.6337,2.6337,2.6337,500,0
2017-03-28,16:35:00,2.6211,2.6211,2.6211,2.6211,2000,0
2017-03-28,16:40:00,2.632,2.632,2.632,2.632,1000,0
2017-03-28,16:45:00,2.6211,2.632,2.6211,2.632,5000,0
2017-03-28,16:50:00,2.625,2.625,2.625,2.625,1000,0
2017-03-28,17:00:00,2.65,2.65,2.65,2.65,400,0
2017-03-28,17:05:00,2.6816,2.6816,2.68,2.68,700,0
2017-03-28,17:10:00,2.7,2.7,2.7,2.7,11858,0
2017-03-28,17:15:00,2.7,2.73,2.7,2.7291,4100,0
2017-03-28,17:20:00,2.7001,2.718,2.7001,2.718,3000,0
2017-03-28,17:25:00,2.7,2.7,2.7,2.7,600,0
2017-03-28,17:30:00,2.7,2.7,2.7,2.7,100,0
2017-03-28,17:45:00,2.7464,2.7464,2.7464,2.7464,100,0
2017-03-28,18:00:00,2.725,2.725,2.7,2.7,4468,0
2017-03-28,18:10:00,2.672,2.672,2.672,2.672,200,0
2017-03-28,19:35:00,2.7,2.7,2.7,2.7,300,0
2017-03-28,21:15:00,2.7,2.7,2.7,2.7,600,0
2017-03-28,21:45:00,2.7,2.708,2.7,2.7,4000,0
2017-03-29,16:20:00,2.75,2.75,2.7001,2.7001,1000,0
2017-03-29,16:35:00,2.7291,2.7291,2.7291,2.7291,2000,0
2017-03-29,16:50:00,2.75,2.75,2.75,2.75,600,0
2017-03-29,17:00:00,2.7465,2.7465,2.7465,2.7465,100,0
2017-03-29,17:05:00,2.75,2.75,2.75,2.75,997,0
2017-03-29,17:30:00,2.75,2.75,2.75,2.75,100,0
2017-03-29,17:40:00,2.7354,2.7354,2.7354,2.7354,1400,0
2017-03-29,17:45:00,2.7501,2.7501,2.75,2.75,2146,0
2017-03-29,17:50:00,2.7,2.75,2.7,2.75,1432,0
2017-03-29,19:55:00,2.75,2.75,2.75,2.75,100,0
2017-03-29,21:45:00,2.7054,2.7054,2.7054,2.7054,350,0
2017-03-29,22:00:00,2.764,2.764,2.764,2.764,1000,0
2017-03-30,16:00:00,2.75,2.75,2.75,2.75,100,0
2017-03-30,16:10:00,2.8,2.8,2.75,2.7501,1600,0
2017-03-30,16:15:00,2.734,2.734,2.734,2.734,3000,0
2017-03-30,16:25:00,2.8,2.8,2.8,2.8,100,0
2017-03-30,16:30:00,2.75,2.75,2.75,2.75,400,0
2017-03-30,17:15:00,2.7,2.7,2.7,2.7,100,0
2017-03-30,19:45:00,2.7275,2.7275,2.7275,2.7275,1000,0
2017-03-30,19:50:00,2.717,2.717,2.717,2.717,2000,0
2017-03-30,21:20:00,2.65,2.65,2.65,2.65,200,0
2017-03-31,17:10:00,2.65,2.75,2.55,2.75,23366,0
2017-03-31,19:50:00,2.6501,2.6501,2.65,2.65,1739,0
2017-03-31,19:55:00,2.689,2.689,2.689,2.689,408,0
2017-03-31,20:15:00,2.75,2.75,2.75,2.75,100,0
2017-03-31,20:30:00,2.75,2.75,2.75,2.75,100,0
2017-03-31,20:35:00,2.725,2.75,2.725,2.75,754,0
2017-03-31,21:30:00,2.75,2.75,2.7,2.7,700,0
2017-03-31,21:40:00,2.7,2.75,2.7,2.75,300,0
2017-04-03,15:35:00,2.75,2.8,2.75,2.8,1454,0
2017-04-03,15:40:00,2.8,2.8,2.8,2.8,500,0
2017-04-03,15:50:00,2.8,2.8,2.8,2.8,200,0
2017-04-03,16:00:00,2.8,2.8,2.75,2.75,19493,0
2017-04-03,16:15:00,2.8,2.8,2.7965,2.7965,300,0
2017-04-03,16:20:00,2.8,2.8,2.8,2.8,517,0
2017-04-03,16:35:00,2.792,2.792,2.792,2.792,100,0
2017-04-03,16:45:00,2.775,2.775,2.775,2.775,500,0
2017-04-03,17:15:00,2.75,2.7542,2.75,2.75,1457,0
2017-04-03,17:25:00,2.775,2.792,2.742,2.742,7756,0
2017-04-03,17:30:00,2.7,2.75,2.7,2.75,300,0
2017-04-03,18:10:00,2.6973,2.6973,2.6973,2.6973,100,0
2017-04-03,20:35:00,2.696,2.696,2.696,2.696,1000,0
2017-04-03,20:40:00,2.696,2.75,2.696,2.7,2600,0
2017-04-03,20:50:00,2.7495,2.75,2.7495,2.75,2100,0
2017-04-03,21:00:00,2.725,2.725,2.7001,2.7001,500,0
2017-04-03,21:10:00,2.7244,2.75,2.7244,2.75,4100,0
2017-04-03,21:15:00,2.733,2.75,2.733,2.75,3400,0
2017-04-03,21:20:00,2.725,2.9,2.7221,2.9,32636,0
2017-04-03,21:25:00,2.85,3,2.85,2.85,5457,0
2017-04-03,21:30:00,2.8534,2.95,2.8534,2.9,5700,0
2017-04-03,21:35:00,2.8501,2.95,2.8501,2.9,3100,0
2017-04-03,21:40:00,2.9,2.9001,2.8,2.8,2500,0
2017-04-03,21:45:00,2.85,2.85,2.825,2.8499,4900,0
2017-04-03,21:50:00,2.9043,2.9043,2.85,2.85,6629,0
2017-04-03,22:00:00,2.9,2.9,2.85,2.9,2525,0
2017-04-04,15:35:00,2.775,2.775,2.775,2.775,400,0
2017-04-04,15:50:00,2.8,2.8,2.8,2.8,100,0
2017-04-04,16:05:00,2.8,2.8,2.8,2.8,900,0
2017-04-04,16:10:00,2.95,2.95,2.95,2.95,100,0
2017-04-04,16:25:00,2.875,2.875,2.875,2.875,700,0
2017-04-04,16:30:00,2.9043,2.9047,2.9043,2.9047,3000,0
2017-04-04,16:40:00,2.8747,2.8747,2.8747,2.8747,300,0
2017-04-04,16:45:00,2.8707,2.8707,2.85,2.85,350,0
2017-04-04,17:15:00,2.868,2.868,2.868,2.868,1000,0
2017-04-04,17:35:00,2.85,2.8663,2.85,2.8663,900,0
2017-04-04,19:25:00,2.875,2.875,2.875,2.875,150,0
2017-04-04,19:30:00,2.8999,2.9,2.8885,2.9,5179,0
2017-04-04,19:35:00,2.9,2.927,2.9,2.916,3000,0
2017-04-04,19:45:00,2.95,3.2,2.95,3.15,9379,0
2017-04-04,19:50:00,3.125,3.15,3.1,3.15,7594,0
2017-04-04,19:55:00,3.15,3.15,3.1,3.1,3200,0
2017-04-04,20:00:00,3.1001,3.15,3.1001,3.145,1350,0
2017-04-04,20:05:00,3.1,3.1,3.1,3.1,671,0
2017-04-04,20:10:00,3.1346,3.15,3.1346,3.15,1100,0
2017-04-04,20:15:00,3.1,3.1,3.1,3.1,200,0
2017-04-04,20:20:00,3.1,3.1,3.1,3.1,1400,0
2017-04-04,20:40:00,3.1,3.1,3.1,3.1,100,0
2017-04-04,20:45:00,3.0702,3.0702,3.023,3.023,600,0
2017-04-04,21:15:00,3.05,3.05,3.05,3.05,300,0
2017-04-04,21:20:00,3.0985,3.0985,3.0985,3.0985,2000,0
2017-04-04,21:25:00,3.1,3.15,3.1,3.15,2000,0
2017-04-04,21:45:00,3,3,3,3,1750,0
2017-04-04,21:50:00,3.1,3.1,3.1,3.1,132,0
2017-04-04,21:55:00,3.1,3.1,3.0999,3.1,606,0
2017-04-04,22:00:00,3.05,3.05,3,3,250,0
2017-04-05,15:35:00,3.05,3.05,3.05,3.05,176,0
2017-04-05,15:40:00,3.095,3.15,3.095,3.145,1970,0
2017-04-05,15:45:00,3.1,3.1,3.1,3.1,892,0
2017-04-05,15:55:00,3.1499,3.15,3.1499,3.15,1100,0
2017-04-05,16:00:00,3.1,3.1,3.1,3.1,100,0
2017-04-05,16:10:00,3.1,3.1,3.1,3.1,100,0
2017-04-05,16:45:00,3.1,3.1,3.1,3.1,100,0
2017-04-05,17:00:00,3.1,3.1001,3.1,3.1001,535,0
2017-04-05,17:20:00,3.1322,3.15,3.1322,3.15,2600,0
2017-04-05,18:10:00,3.1,3.15,3.1,3.15,252,0
2017-04-05,19:00:00,3.15,3.15,3.15,3.15,250,0
2017-04-05,19:20:00,3.111,3.111,3.111,3.111,317,0
2017-04-05,20:25:00,3.1215,3.1215,3.1215,3.1215,402,0
2017-04-05,20:30:00,3.1081,3.1081,3.1,3.1,1238,0
2017-04-05,20:55:00,3.099,3.108,3.099,3.1,1700,0
2017-04-05,21:10:00,3.0669,3.0669,3.0669,3.0669,501,0
2017-04-05,21:20:00,3.0501,3.0501,3,3.05,4000,0
2017-04-05,21:55:00,3.075,3.075,3,3.0502,746,0
2017-04-05,22:00:00,3.06,3.06,3.06,3.06,400,0
2017-04-06,15:40:00,3.075,3.075,3.075,3.075,200,0
2017-04-06,16:00:00,3.0873,3.0873,3.0873,3.0873,1500,0
2017-04-06,16:35:00,3.0501,3.0501,3.0501,3.0501,500,0
2017-04-06,17:00:00,3.05,3.05,2.9034,2.9034,4150,0
2017-04-06,17:05:00,3.05,3.05,3.05,3.05,100,0
2017-04-06,19:30:00,2.9999,2.9999,2.95,2.95,400,0
2017-04-06,19:55:00,2.95,2.95,2.95,2.95,294,0
2017-04-06,20:10:00,2.99,2.99,2.99,2.99,1000,0
2017-04-06,20:15:00,3,3,3,3,100,0
2017-04-06,21:25:00,3.025,3.025,3.025,3.025,1500,0
2017-04-06,21:30:00,3.0465,3.0465,3.0465,3.0465,100,0
2017-04-06,21:40:00,3.05,3.05,3.05,3.05,100,0
2017-04-06,21:55:00,3.05,3.0501,3.05,3.05,2066,0
2017-04-06,22:00:00,3.05,3.05,3.045,3.05,400,0
2017-04-07,15:35:00,3,3,3,3,333,0
2017-04-07,15:55:00,3,3.05,3,3.05,200,0
2017-04-07,16:05:00,2.912,2.912,2.912,2.912,1500,0
2017-04-07,16:10:00,2.95,2.95,2.95,2.95,100,0
2017-04-07,16:20:00,3.045,3.045,3.0337,3.0337,2000,0
2017-04-07,16:25:00,3.05,3.213,3.05,3.213,4046,0
2017-04-07,16:30:00,3.25,3.45,3.25,3.39,7950,0
2017-04-07,16:35:00,3.36,3.45,3.36,3.4,5050,0
2017-04-07,16:40:00,3.349,3.4,3.349,3.4,600,0
2017-04-07,16:45:00,3.275,3.275,3.275,3.275,500,0
2017-04-07,16:50:00,3.3433,3.65,3.3433,3.61,15317,0
2017-04-07,16:55:00,3.65,3.8,3.45,3.45,12961,0
2017-04-07,17:00:00,3.5047,3.65,3.3453,3.6,8418,0
2017-04-07,17:05:00,3.684,3.684,3.6147,3.6147,2000,0
2017-04-07,17:10:00,3.6001,3.65,3.59,3.65,2226,0
2017-04-07,17:15:00,3.6256,3.6256,3.6035,3.6035,807,0
2017-04-07,17:20:00,3.6152,3.6152,3.55,3.6,6439,0
2017-04-07,17:25:00,3.65,3.6805,3.65,3.6508,1198,0
2017-04-07,17:30:00,3.699,3.7,3.65,3.65,2294,0
2017-04-07,17:35:00,3.75,3.75,3.75,3.75,100,0
2017-04-07,17:45:00,3.6,3.607,3.6,3.6001,1856,0
2017-04-07,17:50:00,3.6554,3.7,3.6,3.7,10488,0
2017-04-07,17:55:00,3.675,3.75,3.675,3.725,10000,0
2017-04-07,18:00:00,3.75,3.75,3.65,3.65,1875,0
2017-04-07,18:05:00,3.675,3.6974,3.675,3.6974,1000,0
2017-04-07,18:10:00,3.6974,3.75,3.65,3.7499,4923,0
2017-04-07,18:15:00,3.7305,3.7499,3.7,3.7,2420,0
2017-04-07,18:20:00,3.7,3.75,3.6,3.6,18250,0
2017-04-07,18:25:00,3.5753,3.5999,3.4,3.5999,16148,0
2017-04-07,18:30:00,3.5,3.65,3.5,3.65,4400,0
2017-04-07,18:35:00,3.55,3.5507,3.5,3.5507,1802,0
2017-04-07,18:40:00,3.525,3.55,3.525,3.55,1200,0
2017-04-07,18:45:00,3.5001,3.5052,3.45,3.5052,2050,0
2017-04-07,18:50:00,3.4999,3.4999,3.374,3.374,2010,0
2017-04-07,18:55:00,3.36,3.5,3.35,3.4999,5351,0
2017-04-07,19:00:00,3.4,3.5,3.4,3.5,2400,0
2017-04-07,19:10:00,3.495,3.5,3.45,3.45,1300,0
2017-04-07,19:15:00,3.4426,3.45,3.4426,3.45,1559,0
2017-04-07,19:20:00,3.408,3.4166,3.408,3.4166,700,0
2017-04-07,19:25:00,3.4,3.4001,3.4,3.4,1579,0
2017-04-07,19:30:00,3.4051,3.4999,3.4,3.4,1201,0
2017-04-07,19:35:00,3.45,3.45,3.45,3.45,229,0
2017-04-07,19:40:00,3.475,3.475,3.4,3.4,1415,0
2017-04-07,19:45:00,3.4355,3.4355,3.4355,3.4355,400,0
2017-04-07,19:50:00,3.4,3.4159,3.4,3.4159,1800,0
2017-04-07,19:55:00,3.45,3.45,3.35,3.35,2200,0
2017-04-07,20:00:00,3.375,3.4,3.375,3.4,1300,0
2017-04-07,20:10:00,3.5,3.5,3.5,3.5,100,0
2017-04-07,20:35:00,3.5,3.5,3.4125,3.4125,500,0
2017-04-07,20:40:00,3.4024,3.45,3.4024,3.45,900,0
2017-04-07,21:05:00,3.425,3.425,3.425,3.425,100,0
2017-04-07,21:15:00,3.45,3.45,3.45,3.45,100,0
2017-04-07,21:25:00,3.425,3.425,3.3937,3.3937,1865,0
2017-04-07,21:30:00,3.35,3.3502,3.325,3.325,1149,0
2017-04-07,21:35:00,3.3146,3.3146,3.25,3.257,1838,0
2017-04-07,21:50:00,3.3,3.3,3.2508,3.2508,700,0
2017-04-07,22:00:00,3.25,3.3,3.1501,3.1501,700,0
2017-04-10,15:35:00,3.25,3.25,3.25,3.25,510,0
2017-04-10,15:40:00,3.2882,3.2882,3.2882,3.2882,1000,0
2017-04-10,15:45:00,3.4,3.4,3.35,3.35,1750,0
2017-04-10,15:50:00,3.3127,3.3127,3.3127,3.3127,500,0
2017-04-10,15:55:00,3.3085,3.5,3.3,3.5,3050,0
2017-04-10,16:00:00,3.4,3.45,3.4,3.4216,3400,0
2017-04-10,16:05:00,3.45,3.5,3.45,3.5,1300,0
2017-04-10,16:10:00,3.5,3.7,3.497,3.55,2809,0
2017-04-10,16:15:00,3.582,3.6,3.55,3.55,2300,0
2017-04-10,16:25:00,3.5,3.501,3.475,3.475,1100,0
2017-04-10,16:35:00,3.4573,3.5,3.45,3.45,3000,0
2017-04-10,16:40:00,3.4626,3.4626,3.4626,3.4626,700,0
2017-04-10,16:45:00,3.475,3.475,3.45,3.45,464,0
2017-04-10,17:00:00,3.45,3.45,3.45,3.45,400,0
2017-04-10,17:10:00,3.45,3.45,3.4,3.4076,5600,0
2017-04-10,17:15:00,3.4,3.4,3.4,3.4,500,0
2017-04-10,17:30:00,3.4144,3.4144,3.4144,3.4144,100,0
2017-04-10,17:35:00,3.45,3.5,3.45,3.5,300,0
2017-04-10,17:40:00,3.429,3.429,3.429,3.429,500,0
2017-04-10,17:45:00,3.4125,3.4328,3.4125,3.4328,1679,0
2017-04-10,18:45:00,3.45,3.45,3.45,3.45,1650,0
2017-04-10,19:05:00,3.45,3.45,3.45,3.45,200,0
2017-04-10,19:25:00,3.4651,3.4651,3.45,3.45,4400,0
2017-04-10,20:00:00,3.405,3.405,3.405,3.405,100,0
2017-04-10,21:35:00,3.4345,3.4345,3.4345,3.4345,1000,0
2017-04-10,21:55:00,3.4375,3.442,3.4001,3.442,1349,0
2017-04-10,22:00:00,3.425,3.45,3.425,3.45,1220,0
2017-04-11,16:10:00,3.4,3.4,3.4,3.4,300,0
2017-04-11,16:15:00,3.45,3.45,3.45,3.45,330,0
2017-04-11,16:40:00,3.425,3.425,3.425,3.425,250,0
2017-04-11,16:45:00,3.42,3.42,3.4,3.4,300,0
2017-04-11,16:50:00,3.4,3.4,3.35,3.35,1200,0
2017-04-11,16:55:00,3.375,3.375,3.375,3.375,500,0
2017-04-11,17:05:00,3.35,3.357,3.35,3.357,800,0
2017-04-11,17:15:00,3.35,3.35,3.35,3.35,4000,0
2017-04-11,17:25:00,3.3,3.3,3.3,3.3,100,0
2017-04-11,17:35:00,3.3,3.307,3.25,3.3,2311,0
2017-04-11,17:45:00,3.2799,3.2799,3.2799,3.2799,200,0
2017-04-11,18:25:00,3.35,3.35,3.35,3.35,800,0
2017-04-11,19:00:00,3.35,3.35,3.35,3.35,100,0
2017-04-11,19:15:00,3.3993,3.3993,3.3993,3.3993,500,0
2017-04-11,19:25:00,3.35,3.35,3.35,3.35,724,0
2017-04-11,19:35:00,3.3907,3.3907,3.3907,3.3907,600,0
2017-04-11,19:40:00,3.351,3.355,3.35,3.355,2300,0
2017-04-11,20:25:00,3.375,3.375,3.375,3.375,100,0
2017-04-11,21:10:00,3.3911,3.3911,3.3911,3.3911,2328,0
2017-04-11,21:25:00,3.375,3.375,3.35,3.35,1250,0
2017-04-11,21:30:00,3.3965,3.3965,3.3965,3.3965,200,0
2017-04-11,21:40:00,3.4,3.4,3.35,3.35,300,0
2017-04-11,21:50:00,3.4,3.4,3.4,3.4,100,0
2017-04-11,21:55:00,3.35,3.35,3.35,3.35,100,0
2017-04-12,15:45:00,3.3675,3.3675,3.3,3.3,250,0
2017-04-12,15:55:00,3.3,3.3,3.3,3.3,1000,0
2017-04-12,16:00:00,3.345,3.345,3.3,3.3,239,0
2017-04-12,16:20:00,3.3065,3.3065,3.3065,3.3065,100,0
2017-04-12,16:30:00,3.3,3.3,3.3,3.3,1386,0
2017-04-12,16:55:00,3.3,3.3,3.3,3.3,200,0
2017-04-12,17:35:00,3.3001,3.3001,3.3001,3.3001,500,0
2017-04-12,21:15:00,3.35,3.35,3.35,3.35,100,0
2017-04-13,16:15:00,3.2886,3.2886,3.2886,3.2886,950,0
2017-04-13,16:20:00,3.2824,3.2824,3.2824,3.2824,200,0
2017-04-13,16:25:00,3.3,3.3,3.3,3.3,900,0
2017-04-13,17:25:00,3.3,3.3,3.3,3.3,1100,0
2017-04-13,18:35:00,3.25,3.25,3.2149,3.2149,8500,0
2017-04-13,19:10:00,3.238,3.238,3.238,3.238,317,0
2017-04-13,20:55:00,3.2,3.2,3.2,3.2,100,0
2017-04-13,21:20:00,3.2,3.2,3.2,3.2,300,0
2017-04-13,22:00:00,3.195,3.195,3.1,3.1,200,0
2017-04-17,15:40:00,3.1,3.1,3.1,3.1,100,0
2017-04-17,16:00:00,3.15,3.15,3.15,3.15,100,0
2017-04-17,18:15:00,3.0999,3.1,3.0999,3.1,200,0
2017-04-17,18:50:00,3.1,3.1,3.1,3.1,100,0
2017-04-17,18:55:00,3.15,3.15,3.15,3.15,100,0
2017-04-17,19:00:00,3.15,3.15,3.15,3.15,100,0
2017-04-17,20:45:00,3.1,3.1,3.05,3.05,800,0
2017-04-17,20:50:00,3.05,3.05,2.95,3,2600,0
2017-04-17,21:35:00,2.975,2.975,2.95,2.95,1050,0
2017-04-17,21:50:00,3,3,3,3,100,0
2017-04-18,15:35:00,2.95,2.95,2.95,2.95,238,0
2017-04-18,15:40:00,3.05,3.05,3,3,600,0
2017-04-18,15:50:00,3.095,3.095,3.095,3.095,300,0
2017-04-18,16:25:00,3.0814,3.0814,3.0814,3.0814,300,0
2017-04-18,17:25:00,3,3,2.85,2.95,1400,0
2017-04-18,17:40:00,2.949,2.949,2.949,2.949,250,0
2017-04-18,18:10:00,2.85,3,2.85,2.95,10220,0
2017-04-18,18:25:00,2.9432,2.9432,2.9432,2.9432,1000,0
2017-04-18,18:50:00,2.95,2.95,2.95,2.95,100,0
2017-04-18,19:00:00,2.9,2.9,2.85,2.85,300,0
2017-04-18,19:05:00,2.85,2.8596,2.85,2.85,2668,0
2017-04-18,19:25:00,2.85,2.85,2.85,2.85,300,0
2017-04-18,20:10:00,2.875,2.875,2.875,2.875,100,0
2017-04-18,21:05:00,2.85,2.85,2.85,2.85,200,0
2017-04-18,21:10:00,2.85,2.85,2.85,2.85,100,0
2017-04-18,21:40:00,2.8343,2.8343,2.8343,2.8343,500,0
2017-04-18,21:45:00,2.847,2.847,2.847,2.847,975,0
2017-04-18,21:50:00,2.85,2.85,2.85,2.85,200,0
2017-04-19,15:35:00,2.85,2.85,2.85,2.85,200,0
2017-04-19,15:45:00,3.018,3.018,3.018,3.018,1500,0
2017-04-19,16:10:00,2.975,2.975,2.975,2.975,770,0
2017-04-19,16:50:00,2.945,2.945,2.945,2.945,100,0
2017-04-19,17:00:00,2.95,2.95,2.9,2.9,900,0
2017-04-19,17:15:00,2.85,2.85,2.8,2.8,1800,0
2017-04-19,17:20:00,2.8,2.8,2.8,2.8,400,0
2017-04-19,17:25:00,2.85,2.85,2.85,2.85,300,0
2017-04-19,18:00:00,2.85,2.85,2.85,2.85,4000,0
2017-04-19,18:35:00,2.9,2.9,2.9,2.9,100,0
2017-04-19,18:40:00,2.8542,2.8542,2.85,2.85,922,0
2017-04-19,18:45:00,2.84,2.95,2.84,2.95,7239,0
2017-04-19,19:05:00,2.95,2.95,2.95,2.95,300,0
2017-04-19,19:20:00,2.9456,2.9456,2.9456,2.9456,421,0
2017-04-19,19:55:00,2.9,2.9,2.9,2.9,100,0
2017-04-19,20:00:00,2.9,2.9,2.9,2.9,400,0
2017-04-19,20:10:00,2.9,2.9,2.9,2.9,4932,0
2017-04-19,20:40:00,2.951,2.951,2.95,2.95,800,0
2017-04-19,21:00:00,3,3,3,3,100,0
2017-04-19,21:15:00,2.95,2.951,2.95,2.95,500,0
2017-04-19,21:40:00,2.95,2.95,2.95,2.95,5341,0
2017-04-19,21:55:00,2.95,2.95,2.95,2.95,200,0
2017-04-20,16:10:00,2.95,2.95,2.95,2.95,100,0
2017-04-20,16:25:00,2.935,2.935,2.935,2.935,600,0
2017-04-20,16:45:00,2.95,2.95,2.95,2.95,100,0
2017-04-20,17:55:00,2.9705,2.9705,2.9705,2.9705,250,0
2017-04-20,18:00:00,2.9999,3.0507,2.9995,3.05,3271,0
2017-04-20,18:05:00,3.05,3.075,3.05,3.05,450,0
2017-04-20,18:25:00,3.099,3.099,3.099,3.099,138,0
2017-04-20,18:30:00,3.0999,3.0999,3.0999,3.0999,260,0
2017-04-20,18:45:00,3.05,3.05,3.05,3.05,250,0
2017-04-20,19:15:00,3.001,3.001,3.001,3.001,792,0
2017-04-21,15:35:00,3,3,3,3,432,0
2017-04-21,16:35:00,3,3,3,3,100,0
2017-04-21,17:20:00,3.05,3.05,3.05,3.05,100,0
2017-04-21,17:25:00,3,3,2.95,2.95,2300,0
2017-04-21,17:35:00,2.9079,2.9079,2.9079,2.9079,779,0
2017-04-21,19:45:00,2.95,2.95,2.95,2.95,4000,0
2017-04-21,20:05:00,2.9,2.9,2.9,2.9,200,0
2017-04-21,21:15:00,2.925,2.925,2.925,2.925,100,0
2017-04-21,21:55:00,2.9001,2.9001,2.9001,2.9001,407,0
2017-04-21,22:00:00,2.95,2.95,2.95,2.95,200,0
2017-04-24,16:20:00,3,3,3,3,100,0
2017-04-24,17:35:00,3.0045,3.0045,3.0045,3.0045,100,0
2017-04-24,19:20:00,3,3,3,3,100,0
2017-04-24,19:25:00,2.9505,2.9505,2.9505,2.9505,1000,0
2017-04-24,21:35:00,2.95,2.95,2.95,2.95,388,0
2017-04-24,22:00:00,3,3,3,3,139,0
2017-04-25,15:50:00,3.0745,3.0745,3.0745,3.0745,118,0
2017-04-25,16:25:00,3,3.099,3,3.099,1800,0
2017-04-25,16:30:00,3,3,2.95,2.95,400,0
2017-04-25,17:05:00,2.85,2.85,2.85,2.85,1050,0
2017-04-25,17:10:00,2.9,3,2.9,3,2600,0
2017-04-25,17:15:00,2.9,2.95,2.9,2.9,700,0
2017-04-25,17:25:00,2.9,3,2.9,3,12600,0
2017-04-25,17:30:00,3,3,3,3,700,0
2017-04-25,17:50:00,3,3,3,3,5599,0
2017-04-25,18:25:00,3,3,3,3,400,0
2017-04-25,18:35:00,2.958,2.958,2.958,2.958,1000,0
2017-04-25,18:55:00,2.95,2.95,2.905,2.95,3000,0
2017-04-25,19:05:00,2.9392,2.9392,2.9392,2.9392,1000,0
2017-04-25,19:10:00,2.95,2.95,2.916,2.916,2000,0
2017-04-25,21:30:00,2.95,2.95,2.95,2.95,100,0
2017-04-26,15:35:00,3,3,3,3,510,0
2017-04-26,16:10:00,2.95,2.95,2.95,2.95,159,0
2017-04-26,21:55:00,2.925,2.925,2.925,2.925,600,0
2017-04-26,22:00:00,2.9,2.9,2.9,2.9,800,0
