Date,Time,Open,High,Low,Close,Volume,OpenInt
2017-02-23,15:35:00,25.169,25.238,25.164,25.238,2326,0
2017-02-23,15:45:00,25.221,25.221,25.221,25.221,101,0
2017-02-23,15:50:00,25.219,25.219,25.219,25.219,101,0
2017-02-23,15:55:00,25.221,25.221,25.221,25.221,101,0
2017-02-23,16:05:00,25.208,25.208,25.208,25.208,101,0
2017-02-23,16:10:00,25.218,25.218,25.208,25.208,202,0
2017-02-23,16:15:00,25.238,25.238,25.238,25.238,101,0
2017-02-23,16:20:00,25.208,25.208,25.208,25.208,202,0
2017-02-23,16:25:00,25.258,25.258,25.208,25.208,607,0
2017-02-23,16:30:00,25.267,25.267,25.208,25.208,506,0
2017-02-23,16:35:00,25.208,25.208,25.208,25.208,202,0
2017-02-23,16:45:00,25.208,25.208,25.208,25.208,202,0
2017-02-23,16:50:00,25.208,25.208,25.208,25.208,202,0
2017-02-23,17:00:00,25.218,25.218,25.218,25.218,101,0
2017-02-23,17:10:00,25.208,25.208,25.208,25.208,202,0
2017-02-23,17:20:00,25.208,25.208,25.188,25.188,1746,0
2017-02-23,17:25:00,25.188,25.188,25.188,25.188,101,0
2017-02-23,17:40:00,25.248,25.258,25.236,25.236,912,0
2017-02-23,17:45:00,25.198,25.198,25.194,25.194,304,0
2017-02-23,17:55:00,25.198,25.198,25.198,25.198,101,0
2017-02-23,18:05:00,25.258,25.258,25.198,25.198,1114,0
2017-02-23,18:10:00,25.267,25.267,25.253,25.253,964,0
2017-02-23,18:15:00,25.218,25.218,25.218,25.218,101,0
2017-02-23,18:30:00,25.198,25.198,25.198,25.198,202,0
2017-02-23,18:40:00,25.198,25.198,25.198,25.198,101,0
2017-02-23,18:55:00,25.198,25.238,25.198,25.238,810,0
2017-02-23,19:10:00,25.198,25.226,25.179,25.179,2850,0
2017-02-23,19:20:00,25.179,25.203,25.179,25.179,4049,0
2017-02-23,19:25:00,25.203,25.203,25.179,25.179,1114,0
2017-02-23,19:30:00,25.203,25.248,25.203,25.248,1923,0
2017-02-23,19:40:00,25.179,25.202,25.179,25.202,1174,0
2017-02-23,19:45:00,25.208,25.208,25.208,25.208,202,0
2017-02-23,20:40:00,25.206,25.206,25.206,25.206,506,0
2017-02-23,20:50:00,25.179,25.179,25.179,25.179,202,0
2017-02-23,20:55:00,25.194,25.194,25.194,25.194,474,0
2017-02-23,21:00:00,25.179,25.179,25.179,25.179,202,0
2017-02-23,21:05:00,25.203,25.203,25.203,25.203,491,0
2017-02-23,21:10:00,25.198,25.198,25.198,25.198,101,0
2017-02-23,21:15:00,25.218,25.218,25.218,25.218,2131,0
2017-02-23,21:20:00,25.223,25.238,25.223,25.238,1373,0
2017-02-23,21:30:00,25.208,25.327,25.208,25.327,2567,0
2017-02-23,21:35:00,25.287,25.287,25.287,25.287,261,0
2017-02-23,21:40:00,25.277,25.298,25.277,25.298,202,0
2017-02-23,21:45:00,25.251,25.251,25.251,25.251,101,0
2017-02-23,21:50:00,25.277,25.307,25.277,25.307,1012,0
2017-02-23,21:55:00,25.297,25.297,25.248,25.248,877,0
2017-02-23,22:00:00,25.258,25.258,25.218,25.218,1114,0
2017-02-24,15:35:00,25.347,25.347,25.347,25.347,2035,0
2017-02-24,15:50:00,25.307,25.307,25.307,25.307,177,0
2017-02-24,16:00:00,25.277,25.277,25.277,25.277,202,0
2017-02-24,16:05:00,25.277,25.287,25.238,25.238,2544,0
2017-02-24,16:10:00,25.248,25.248,25.248,25.248,101,0
2017-02-24,16:20:00,25.248,25.248,25.248,25.248,101,0
2017-02-24,16:25:00,25.248,25.248,25.248,25.248,101,0
2017-02-24,16:30:00,25.248,25.248,25.248,25.248,101,0
2017-02-24,16:35:00,25.263,25.263,25.263,25.263,172,0
2017-02-24,16:40:00,25.238,25.238,25.238,25.238,101,0
2017-02-24,16:45:00,25.238,25.238,25.238,25.238,101,0
2017-02-24,16:50:00,25.228,25.228,25.228,25.228,709,0
2017-02-24,16:55:00,25.228,25.228,25.228,25.228,101,0
2017-02-24,17:20:00,25.208,25.208,25.208,25.208,202,0
2017-02-24,17:30:00,25.223,25.258,25.223,25.258,1620,0
2017-02-24,17:50:00,25.208,25.221,25.208,25.221,304,0
2017-02-24,18:00:00,25.208,25.208,25.208,25.208,101,0
2017-02-24,18:10:00,25.208,25.208,25.208,25.208,101,0
2017-02-24,18:25:00,25.218,25.218,25.218,25.218,101,0
2017-02-24,18:40:00,25.228,25.228,25.228,25.228,101,0
2017-02-24,18:55:00,25.228,25.228,25.228,25.228,101,0
2017-02-24,19:10:00,25.228,25.228,25.228,25.228,384,0
2017-02-24,19:40:00,25.218,25.218,25.218,25.218,101,0
2017-02-24,19:55:00,25.218,25.218,25.218,25.218,101,0
2017-02-24,20:10:00,25.218,25.218,25.218,25.218,101,0
2017-02-24,20:25:00,25.236,25.236,25.218,25.225,891,0
2017-02-24,20:30:00,25.218,25.218,25.208,25.208,1186,0
2017-02-24,20:40:00,25.208,25.208,25.208,25.208,101,0
2017-02-24,20:45:00,25.238,25.267,25.238,25.258,1526,0
2017-02-24,20:55:00,25.248,25.267,25.232,25.257,1824,0
2017-02-24,21:05:00,25.267,25.307,25.248,25.297,5289,0
2017-02-24,21:10:00,25.238,25.238,25.228,25.228,336,0
2017-02-24,21:15:00,25.244,25.244,25.244,25.244,394,0
2017-02-24,21:25:00,25.317,25.317,25.317,25.317,101,0
2017-02-24,21:30:00,25.271,25.317,25.271,25.317,506,0
2017-02-24,21:40:00,25.248,25.248,25.248,25.248,405,0
2017-02-24,21:45:00,25.258,25.277,25.258,25.277,202,0
2017-02-24,21:50:00,25.277,25.277,25.277,25.277,202,0
2017-02-24,22:00:00,25.248,25.272,25.248,25.267,1801,0
2017-02-27,15:35:00,25.34,25.34,25.34,25.34,620,0
2017-02-27,15:40:00,25.32,25.32,25.32,25.32,182,0
2017-02-27,15:45:00,25.33,25.34,25.33,25.34,647,0
2017-02-27,15:50:00,25.35,25.35,25.35,25.35,200,0
2017-02-27,16:15:00,25.35,25.35,25.35,25.35,100,0
2017-02-27,16:20:00,25.375,25.375,25.375,25.375,100,0
2017-02-27,16:25:00,25.36,25.36,25.35,25.35,819,0
2017-02-27,16:50:00,25.35,25.35,25.34,25.34,1200,0
2017-02-27,16:55:00,25.33,25.33,25.32,25.32,286,0
2017-02-27,17:00:00,25.34,25.35,25.34,25.35,848,0
2017-02-27,17:15:00,25.32,25.3203,25.32,25.3203,415,0
2017-02-27,17:20:00,25.32,25.32,25.32,25.32,100,0
2017-02-27,17:30:00,25.32,25.32,25.32,25.32,100,0
2017-02-27,17:35:00,25.32,25.32,25.32,25.32,100,0
2017-02-27,17:45:00,25.32,25.32,25.32,25.32,100,0
2017-02-27,17:55:00,25.32,25.32,25.32,25.32,100,0
2017-02-27,18:05:00,25.32,25.32,25.32,25.32,100,0
2017-02-27,18:15:00,25.32,25.32,25.32,25.32,100,0
2017-02-27,18:25:00,25.32,25.32,25.32,25.32,100,0
2017-02-27,18:35:00,25.32,25.32,25.32,25.32,100,0
2017-02-27,18:40:00,25.35,25.35,25.35,25.35,500,0
2017-02-27,18:45:00,25.33,25.33,25.33,25.33,400,0
2017-02-27,18:50:00,25.33,25.33,25.32,25.32,200,0
2017-02-27,18:55:00,25.32,25.32,25.32,25.32,100,0
2017-02-27,19:05:00,25.32,25.32,25.32,25.32,100,0
2017-02-27,19:10:00,25.34,25.34,25.34,25.34,200,0
2017-02-27,19:25:00,25.33,25.33,25.33,25.33,100,0
2017-02-27,19:35:00,25.33,25.33,25.33,25.33,100,0
2017-02-27,19:45:00,25.32,25.32,25.32,25.32,100,0
2017-02-27,19:55:00,25.32,25.32,25.32,25.32,100,0
2017-02-27,20:05:00,25.32,25.32,25.32,25.32,100,0
2017-02-27,20:10:00,25.32,25.32,25.31,25.31,300,0
2017-02-27,20:20:00,25.31,25.31,25.31,25.31,100,0
2017-02-27,20:25:00,25.31,25.31,25.31,25.31,1055,0
2017-02-27,20:35:00,25.31,25.31,25.31,25.31,100,0
2017-02-27,20:40:00,25.31,25.32,25.31,25.32,200,0
2017-02-27,20:45:00,25.31,25.31,25.31,25.31,100,0
2017-02-27,21:00:00,25.3,25.3,25.3,25.3,100,0
2017-02-27,21:05:00,25.3,25.3,25.3,25.3,100,0
2017-02-27,21:10:00,25.34,25.35,25.32,25.332,1485,0
2017-02-27,21:15:00,25.31,25.31,25.31,25.31,437,0
2017-02-27,21:20:00,25.34,25.39,25.34,25.34,3572,0
2017-02-27,21:30:00,25.31,25.31,25.31,25.31,100,0
2017-02-27,21:35:00,25.31,25.3248,25.31,25.3248,327,0
2017-02-27,21:40:00,25.31,25.31,25.31,25.31,210,0
2017-02-27,21:45:00,25.31,25.31,25.31,25.31,100,0
2017-02-27,21:50:00,25.34,25.34,25.3325,25.3325,294,0
2017-02-27,21:55:00,25.34,25.3442,25.25,25.25,6166,0
2017-02-27,22:00:00,25.26,25.32,25.25,25.32,734,0
2017-02-28,15:35:00,25.3,25.3,25.3,25.3,270,0
2017-02-28,16:00:00,25.3,25.3,25.3,25.3,499,0
2017-02-28,16:35:00,25.3,25.3,25.3,25.3,400,0
2017-02-28,17:05:00,25.31,25.31,25.31,25.31,1000,0
2017-02-28,17:50:00,25.31,25.31,25.31,25.31,155,0
2017-02-28,19:15:00,25.31,25.31,25.31,25.31,500,0
2017-02-28,20:00:00,25.3198,25.3198,25.3198,25.3198,300,0
2017-02-28,20:45:00,25.315,25.315,25.315,25.315,124,0
2017-02-28,20:50:00,25.315,25.315,25.315,25.315,2000,0
2017-02-28,20:55:00,25.3082,25.3082,25.3082,25.3082,104,0
2017-02-28,21:25:00,25.301,25.31,25.3,25.3,1273,0
2017-02-28,21:35:00,25.3,25.3,25.3,25.3,177,0
2017-02-28,21:50:00,25.25,25.29,25.25,25.28,1762,0
2017-02-28,21:55:00,25.289,25.29,25.21,25.256,6260,0
2017-02-28,22:00:00,25.27,25.3,25.27,25.29,1682,0
2017-03-01,15:35:00,25.25,25.25,25.2,25.2,1492,0
2017-03-01,15:40:00,25.2,25.2,25.2,25.2,1800,0
2017-03-01,15:55:00,25.2,25.2,25.19,25.19,669,0
2017-03-01,16:10:00,25.1804,25.1804,25.1804,25.1804,1000,0
2017-03-01,16:15:00,25.19,25.19,25.187,25.19,322,0
2017-03-01,16:35:00,25.19,25.19,25.19,25.19,296,0
2017-03-01,16:45:00,25.18,25.18,25.18,25.18,300,0
2017-03-01,16:55:00,25.16,25.1615,25.16,25.1615,300,0
2017-03-01,17:00:00,25.19,25.19,25.19,25.19,200,0
2017-03-01,17:35:00,25.19,25.19,25.19,25.19,700,0
2017-03-01,17:40:00,25.19,25.19,25.19,25.19,200,0
2017-03-01,17:55:00,25.17,25.18,25.16,25.1781,900,0
2017-03-01,18:15:00,25.23,25.23,25.23,25.23,500,0
2017-03-01,18:25:00,25.215,25.215,25.215,25.215,600,0
2017-03-01,18:30:00,25.23,25.23,25.2297,25.2297,200,0
2017-03-01,18:40:00,25.24,25.29,25.24,25.29,600,0
2017-03-01,18:50:00,25.21,25.21,25.21,25.21,100,0
2017-03-01,19:10:00,25.23,25.245,25.2225,25.2225,771,0
2017-03-01,19:30:00,25.24,25.24,25.24,25.24,100,0
2017-03-01,20:00:00,25.19,25.19,25.16,25.16,1213,0
2017-03-01,20:30:00,25.16,25.16,25.16,25.16,100,0
2017-03-01,20:45:00,25.16,25.1635,25.12,25.12,4788,0
2017-03-01,20:55:00,25.145,25.145,25.145,25.145,127,0
2017-03-01,21:00:00,25.16,25.17,25.1599,25.17,828,0
2017-03-01,21:45:00,25.17,25.17,25.17,25.17,173,0
2017-03-01,22:00:00,25.19,25.19,25.19,25.19,200,0
2017-03-02,15:35:00,25.14,25.14,25.14,25.14,180,0
2017-03-02,15:55:00,25.217,25.217,25.217,25.217,100,0
2017-03-02,16:05:00,25.24,25.28,25.24,25.28,2390,0
2017-03-02,16:10:00,25.16,25.18,25.16,25.16,400,0
2017-03-02,16:55:00,25.18,25.18,25.18,25.18,100,0
2017-03-02,17:00:00,25.205,25.205,25.205,25.205,103,0
2017-03-02,17:10:00,25.17,25.17,25.17,25.17,100,0
2017-03-02,17:40:00,25.176,25.19,25.176,25.19,650,0
2017-03-02,17:50:00,25.17,25.17,25.17,25.17,334,0
2017-03-02,19:00:00,25.17,25.17,25.15,25.17,2829,0
2017-03-02,19:15:00,25.14,25.14,25.11,25.12,614,0
2017-03-02,19:30:00,25.145,25.145,25.145,25.145,100,0
2017-03-02,20:15:00,25.12,25.25,25.12,25.2128,1800,0
2017-03-02,20:20:00,25.24,25.24,25.24,25.24,400,0
2017-03-02,20:25:00,25.2059,25.23,25.2059,25.2059,1100,0
2017-03-02,20:30:00,25.16,25.24,25.16,25.1641,2157,0
2017-03-02,21:40:00,25.16,25.16,25.16,25.16,1901,0
2017-03-02,22:00:00,25.13,25.13,25.13,25.13,103,0
2017-03-03,15:35:00,25.16,25.16,25.1249,25.1249,350,0
2017-03-03,16:10:00,25.1751,25.1751,25.1751,25.1751,170,0
2017-03-03,16:50:00,25.19,25.23,25.11,25.13,4408,0
2017-03-03,16:55:00,25.1548,25.1548,25.1548,25.1548,100,0
2017-03-03,17:00:00,25.23,25.24,25.23,25.24,700,0
2017-03-03,17:05:00,25.23,25.23,25.16,25.16,500,0
2017-03-03,17:15:00,25.15,25.155,25.15,25.155,300,0
2017-03-03,17:40:00,25.19,25.19,25.1896,25.1896,200,0
2017-03-03,17:50:00,25.12,25.12,25.12,25.12,200,0
2017-03-03,18:25:00,25.145,25.145,25.13,25.13,1700,0
2017-03-03,18:30:00,25.14,25.14,25.14,25.14,100,0
2017-03-03,19:10:00,25.15,25.15,25.15,25.15,1000,0
2017-03-03,19:15:00,25.15,25.15,25.15,25.15,200,0
2017-03-03,19:20:00,25.15,25.15,25.15,25.15,165,0
2017-03-03,19:45:00,25.16,25.17,25.16,25.17,600,0
2017-03-03,20:00:00,25.14,25.1475,25.14,25.1475,400,0
2017-03-03,20:05:00,25.14,25.14,25.14,25.14,300,0
2017-03-03,20:25:00,25.17,25.17,25.14,25.14,2100,0
2017-03-03,20:35:00,25.16,25.17,25.16,25.17,649,0
2017-03-03,20:40:00,25.17,25.17,25.17,25.17,200,0
2017-03-03,20:45:00,25.17,25.17,25.17,25.17,600,0
2017-03-03,20:50:00,25.17,25.17,25.17,25.17,5084,0
2017-03-03,21:15:00,25.19,25.19,25.18,25.18,301,0
2017-03-03,21:25:00,25.2,25.2,25.19,25.19,400,0
2017-03-03,21:50:00,25.23,25.23,25.23,25.23,100,0
2017-03-03,22:00:00,25.18,25.24,25.17,25.17,1344,0
2017-03-06,15:35:00,25.15,25.15,25.15,25.15,1302,0
2017-03-06,16:10:00,25.2,25.2,25.15,25.15,1850,0
2017-03-06,16:25:00,25.19,25.19,25.19,25.19,110,0
2017-03-06,16:50:00,25.15,25.15,25.15,25.15,100,0
2017-03-06,17:30:00,25.15,25.1581,25.11,25.11,2766,0
2017-03-06,17:40:00,25.135,25.135,25.135,25.135,156,0
2017-03-06,18:05:00,25.2,25.2,25.1875,25.1875,800,0
2017-03-06,18:25:00,25.162,25.162,25.162,25.162,274,0
2017-03-06,18:35:00,25.13,25.13,25.13,25.13,213,0
2017-03-06,18:45:00,25.12,25.12,25.12,25.12,180,0
2017-03-06,18:50:00,25.15,25.2,25.15,25.2,1734,0
2017-03-06,19:20:00,25.186,25.186,25.186,25.186,1000,0
2017-03-06,19:50:00,25.17,25.17,25.17,25.17,115,0
2017-03-06,20:10:00,25.18,25.18,25.1601,25.18,815,0
2017-03-06,21:05:00,25.18,25.18,25.18,25.18,300,0
2017-03-06,21:20:00,25.17,25.17,25.162,25.162,300,0
2017-03-06,21:30:00,25.17,25.17,25.16,25.16,712,0
2017-03-06,21:45:00,25.1823,25.1823,25.1823,25.1823,100,0
2017-03-06,21:55:00,25.1853,25.1853,25.1769,25.1769,482,0
2017-03-06,22:00:00,25.21,25.21,25.21,25.21,200,0
2017-03-07,15:35:00,25.24,25.24,25.24,25.24,1260,0
2017-03-07,16:05:00,25.17,25.1723,25.17,25.1723,372,0
2017-03-07,16:10:00,25.17,25.17,25.17,25.17,293,0
2017-03-07,16:25:00,25.15,25.15,25.15,25.15,727,0
2017-03-07,17:00:00,25.1604,25.1604,25.12,25.13,800,0
2017-03-07,17:05:00,25.11,25.1477,25.11,25.1285,894,0
2017-03-07,17:30:00,25.12,25.12,25.12,25.12,1000,0
2017-03-07,17:45:00,25.12,25.12,25.12,25.12,100,0
2017-03-07,18:00:00,25.14,25.16,25.135,25.135,646,0
2017-03-07,18:25:00,25.12,25.16,25.12,25.16,700,0
2017-03-07,19:25:00,25.1388,25.1388,25.1388,25.1388,1787,0
2017-03-07,19:45:00,25.17,25.17,25.1699,25.17,914,0
2017-03-07,19:55:00,25.17,25.17,25.17,25.17,400,0
2017-03-07,20:25:00,25.17,25.17,25.17,25.17,600,0
2017-03-07,20:30:00,25.16,25.16,25.16,25.16,108,0
2017-03-07,20:35:00,25.15,25.17,25.15,25.169,729,0
2017-03-07,21:15:00,25.17,25.17,25.17,25.17,1227,0
2017-03-07,21:20:00,25.17,25.17,25.17,25.17,100,0
2017-03-07,21:25:00,25.1769,25.1769,25.1769,25.1769,503,0
2017-03-07,22:00:00,25.2,25.2,25.2,25.2,304,0
2017-03-08,15:35:00,25.18,25.18,25.15,25.15,600,0
2017-03-08,15:40:00,25.11,25.13,25.1,25.1299,2280,0
2017-03-08,15:50:00,25.1103,25.1103,25.1103,25.1103,300,0
2017-03-08,15:55:00,25.14,25.18,25.14,25.18,534,0
2017-03-08,16:00:00,25.145,25.145,25.145,25.145,406,0
2017-03-08,16:10:00,25.17,25.18,25.1699,25.1699,739,0
2017-03-08,16:25:00,25.16,25.16,25.16,25.16,1000,0
2017-03-08,16:45:00,25.16,25.16,25.12,25.16,300,0
2017-03-08,17:50:00,25.065,25.065,25.065,25.065,100,0
2017-03-08,17:55:00,25.11,25.11,25.1097,25.11,446,0
2017-03-08,18:05:00,25.05,25.05,25.03,25.03,582,0
2017-03-08,18:35:00,25.1299,25.1299,25.1299,25.1299,100,0
2017-03-08,18:40:00,25.125,25.125,25.125,25.125,100,0
2017-03-08,20:15:00,25.08,25.08,25.08,25.08,390,0
2017-03-08,20:30:00,25.08,25.08,25.08,25.08,650,0
2017-03-08,20:50:00,25.05,25.05,25.04,25.04,400,0
2017-03-08,21:00:00,25.07,25.07,25.03,25.045,800,0
2017-03-08,21:40:00,25.01,25.03,25.01,25.03,400,0
2017-03-08,21:50:00,25.0228,25.04,25.0228,25.04,205,0
2017-03-08,22:00:00,25.1,25.1,25.1,25.1,786,0
2017-03-09,15:35:00,25.13,25.13,25.13,25.13,500,0
2017-03-09,15:45:00,25.0529,25.0529,25.0529,25.0529,166,0
2017-03-09,15:50:00,25.05,25.0751,25.05,25.0751,246,0
2017-03-09,16:10:00,25.03,25.04,24.99,25,7494,0
2017-03-09,16:20:00,24.99,24.99,24.99,24.99,100,0
2017-03-09,16:25:00,24.9478,24.9478,24.9478,24.9478,325,0
2017-03-09,16:40:00,24.9795,24.9795,24.95,24.95,415,0
2017-03-09,16:45:00,24.97,24.97,24.9698,24.9698,1900,0
2017-03-09,16:55:00,24.98,24.98,24.9645,24.9645,900,0
2017-03-09,17:00:00,24.98,24.99,24.9784,24.99,2943,0
2017-03-09,17:05:00,25,25.06,25,25.06,1200,0
2017-03-09,17:10:00,25.1,25.1,25.06,25.06,300,0
2017-03-09,17:20:00,25.035,25.035,25.035,25.035,600,0
2017-03-09,17:30:00,25.0754,25.0754,25.0754,25.0754,119,0
2017-03-09,17:40:00,25.0686,25.0686,25.0686,25.0686,115,0
2017-03-09,18:20:00,24.99,24.99,24.99,24.99,175,0
2017-03-09,18:55:00,24.98,24.98,24.98,24.98,200,0
2017-03-09,19:00:00,24.9721,24.9721,24.9721,24.9721,400,0
2017-03-09,19:30:00,24.98,25.01,24.98,24.9914,1100,0
2017-03-09,19:35:00,25,25,25,25,400,0
2017-03-09,19:45:00,25.005,25.01,25.005,25.01,2620,0
2017-03-09,20:40:00,25.06,25.0636,25.02,25.0636,379,0
2017-03-09,20:45:00,25.055,25.055,25.055,25.055,476,0
2017-03-09,21:00:00,25.0999,25.0999,25.0999,25.0999,1000,0
2017-03-09,21:25:00,25.0852,25.0852,25.0852,25.0852,215,0
2017-03-09,21:30:00,25.0814,25.1,25.0814,25.1,600,0
2017-03-09,21:50:00,25.1,25.1,25.1,25.1,1900,0
2017-03-09,21:55:00,25.1,25.1,25.1,25.1,200,0
2017-03-09,22:00:00,25.11,25.12,25.1,25.1,330,0
2017-03-10,15:35:00,25.12,25.12,25.12,25.12,543,0
2017-03-10,15:45:00,25.15,25.15,25.1,25.1,649,0
2017-03-10,16:20:00,25.1261,25.1261,25.1261,25.1261,165,0
2017-03-10,16:35:00,25.12,25.17,25.12,25.17,529,0
2017-03-10,16:45:00,25.1216,25.1216,25.1216,25.1216,102,0
2017-03-10,17:00:00,25.14,25.14,25.14,25.14,360,0
2017-03-10,17:20:00,25.125,25.125,25.1,25.1,302,0
2017-03-10,17:35:00,25.0852,25.0852,25.0852,25.0852,100,0
2017-03-10,17:45:00,25.0562,25.0562,25.0562,25.0562,1000,0
2017-03-10,18:00:00,25.12,25.12,25.06,25.06,200,0
2017-03-10,18:10:00,25.05,25.05,25.05,25.05,400,0
2017-03-10,18:35:00,25.0903,25.0903,25.0903,25.0903,150,0
2017-03-10,18:45:00,25.16,25.17,25.16,25.17,300,0
2017-03-10,18:50:00,25.18,25.24,25.14,25.24,2088,0
2017-03-10,18:55:00,25.24,25.3,25.24,25.3,3800,0
2017-03-10,19:05:00,25.34,25.34,25.34,25.34,100,0
2017-03-10,19:10:00,25.31,25.34,25.31,25.34,2082,0
2017-03-10,19:55:00,25.26,25.32,25.26,25.3,1500,0
2017-03-10,21:00:00,25.29,25.3,25.29,25.29,488,0
2017-03-10,21:05:00,25.3,25.3,25.2601,25.2601,993,0
2017-03-10,21:30:00,25.2104,25.2104,25.2104,25.2104,473,0
2017-03-10,21:50:00,25.2965,25.2965,25.2965,25.2965,473,0
2017-03-10,21:55:00,25.26,25.32,25.26,25.32,1941,0
2017-03-10,22:00:00,25.31,25.32,25.27,25.27,500,0
2017-03-13,14:35:00,25.31,25.31,25.31,25.31,300,0
2017-03-13,14:55:00,25.29,25.3,25.29,25.3,500,0
2017-03-13,15:15:00,25.29,25.29,25.29,25.29,600,0
2017-03-13,15:25:00,25.27,25.27,25.2553,25.2553,500,0
2017-03-13,16:00:00,25.2744,25.2744,25.2744,25.2744,135,0
2017-03-13,16:05:00,25.2528,25.2528,25.2528,25.2528,100,0
2017-03-13,16:10:00,25.27,25.27,25.27,25.27,350,0
2017-03-13,16:35:00,25.25,25.25,25.23,25.24,2165,0
2017-03-13,16:40:00,25.221,25.221,25.221,25.221,800,0
2017-03-13,17:35:00,25.2404,25.2596,25.2404,25.2596,1400,0
2017-03-13,18:40:00,25.24,25.24,25.24,25.24,279,0
2017-03-13,19:05:00,25.24,25.24,25.2384,25.2384,400,0
2017-03-13,19:10:00,25.2201,25.2201,25.2201,25.2201,119,0
2017-03-13,19:20:00,25.233,25.233,25.233,25.233,2020,0
2017-03-13,19:50:00,25.22,25.22,25.13,25.15,970,0
2017-03-13,20:20:00,25.17,25.17,25.17,25.17,168,0
2017-03-13,20:40:00,25.181,25.181,25.181,25.181,200,0
2017-03-13,20:55:00,25.2,25.2,25.2,25.2,630,0
2017-03-14,14:35:00,25.13,25.13,25.13,25.13,299,0
2017-03-14,15:35:00,25.1604,25.1729,25.1604,25.1729,311,0
2017-03-14,15:45:00,25.1365,25.1365,25.1365,25.1365,100,0
2017-03-14,16:15:00,25.2248,25.2248,25.2248,25.2248,322,0
2017-03-14,16:25:00,25.23,25.2495,25.23,25.2495,372,0
2017-03-14,18:30:00,25.23,25.23,25.23,25.23,600,0
2017-03-14,18:45:00,25.22,25.2201,25.22,25.2201,394,0
2017-03-14,18:50:00,25.1859,25.23,25.1859,25.23,442,0
2017-03-14,20:10:00,25.242,25.242,25.21,25.21,735,0
2017-03-14,20:25:00,25.2134,25.2134,25.2134,25.2134,384,0
2017-03-14,20:40:00,25.25,25.25,25.25,25.25,1908,0
2017-03-14,21:00:00,25.21,25.24,25.21,25.24,445,0
2017-03-15,14:35:00,25.36,25.3667,25.36,25.3667,1203,0
2017-03-15,14:50:00,25.2895,25.2895,25.2895,25.2895,500,0
2017-03-15,15:25:00,25.3,25.3,25.3,25.3,400,0
2017-03-15,15:55:00,25.2908,25.2908,25.27,25.27,496,0
2017-03-15,16:20:00,25.32,25.32,25.26,25.27,2779,0
2017-03-15,16:25:00,25.27,25.27,25.265,25.265,2400,0
2017-03-15,16:30:00,25.27,25.27,25.27,25.27,200,0
2017-03-15,16:35:00,25.27,25.27,25.27,25.27,392,0
2017-03-15,17:20:00,25.33,25.33,25.33,25.33,115,0
2017-03-15,17:40:00,25.34,25.34,25.34,25.34,400,0
2017-03-15,17:45:00,25.34,25.34,25.34,25.34,500,0
2017-03-15,18:00:00,25.33,25.33,25.33,25.33,396,0
2017-03-15,18:10:00,25.3426,25.3426,25.3426,25.3426,215,0
2017-03-15,19:00:00,25.35,25.35,25.35,25.35,100,0
2017-03-15,19:30:00,25.36,25.395,25.36,25.39,700,0
2017-03-15,19:50:00,25.39,25.39,25.39,25.39,300,0
2017-03-15,20:00:00,25.3643,25.3643,25.3643,25.3643,442,0
2017-03-15,20:25:00,25.4,25.4,25.4,25.4,328,0
2017-03-15,20:30:00,25.39,25.4,25.36,25.36,2328,0
2017-03-15,20:35:00,25.4,25.478,25.4,25.478,348,0
2017-03-15,20:55:00,25.4486,25.4486,25.4486,25.4486,250,0
2017-03-15,21:00:00,25.44,25.44,25.43,25.44,300,0
2017-03-16,14:35:00,25.43,25.4387,25.43,25.4387,688,0
2017-03-16,15:00:00,25.43,25.43,25.4102,25.4102,1300,0
2017-03-16,15:05:00,25.43,25.43,25.43,25.43,947,0
2017-03-16,15:15:00,25.44,25.44,25.44,25.44,312,0
2017-03-16,15:25:00,25.426,25.43,25.426,25.43,432,0
2017-03-16,15:35:00,25.4081,25.4081,25.4081,25.4081,100,0
2017-03-16,15:45:00,25.429,25.43,25.429,25.43,500,0
2017-03-16,15:50:00,25.4205,25.44,25.4205,25.44,300,0
2017-03-16,16:05:00,25.4289,25.44,25.4289,25.44,400,0
2017-03-16,16:30:00,25.44,25.45,25.44,25.45,7205,0
2017-03-16,16:40:00,25.49,25.49,25.49,25.49,100,0
2017-03-16,16:45:00,25.4456,25.4456,25.4456,25.4456,1934,0
2017-03-16,17:00:00,25.41,25.4348,25.41,25.4348,1329,0
2017-03-16,17:05:00,25.4865,25.4865,25.4865,25.4865,120,0
2017-03-16,17:10:00,25.45,25.45,25.45,25.45,400,0
2017-03-16,17:25:00,25.45,25.45,25.45,25.45,100,0
2017-03-16,17:30:00,25.4808,25.4808,25.4808,25.4808,100,0
2017-03-16,17:35:00,25.4501,25.4501,25.4501,25.4501,1100,0
2017-03-16,17:45:00,25.48,25.49,25.48,25.49,867,0
2017-03-16,18:40:00,25.49,25.55,25.49,25.55,2200,0
2017-03-16,18:50:00,25.52,25.52,25.52,25.52,140,0
2017-03-16,19:35:00,25.49,25.5199,25.49,25.5199,965,0
2017-03-16,19:45:00,25.51,25.52,25.4973,25.5199,3900,0
2017-03-16,19:55:00,25.5041,25.5041,25.48,25.48,612,0
2017-03-16,20:00:00,25.484,25.484,25.484,25.484,750,0
2017-03-16,20:05:00,25.499,25.5,25.48,25.48,1260,0
2017-03-16,20:20:00,25.5,25.52,25.49,25.49,3341,0
2017-03-16,20:55:00,25.5173,25.5173,25.5173,25.5173,165,0
2017-03-16,21:00:00,25.53,25.53,25.53,25.53,100,0
2017-03-17,14:35:00,25.44,25.44,25.44,25.44,223,0
2017-03-17,14:45:00,25.49,25.49,25.3601,25.3601,539,0
2017-03-17,16:00:00,25.495,25.5805,25.495,25.57,571,0
2017-03-17,16:40:00,25.56,25.58,25.56,25.58,900,0
2017-03-17,17:25:00,25.58,25.68,25.58,25.68,4700,0
2017-03-17,17:35:00,25.58,25.58,25.58,25.58,1000,0
2017-03-17,17:50:00,25.67,25.67,25.67,25.67,100,0
2017-03-17,17:55:00,25.5877,25.5877,25.5877,25.5877,168,0
2017-03-17,18:30:00,25.59,25.59,25.59,25.59,217,0
2017-03-17,18:35:00,25.5552,25.5552,25.5552,25.5552,600,0
2017-03-17,18:45:00,25.5922,25.5922,25.5922,25.5922,562,0
2017-03-17,19:10:00,25.68,25.68,25.68,25.68,100,0
2017-03-17,19:50:00,25.615,25.615,25.615,25.615,240,0
2017-03-17,20:10:00,25.6777,25.6777,25.5513,25.5513,622,0
2017-03-17,20:20:00,25.6433,25.6433,25.6433,25.6433,1000,0
2017-03-17,20:25:00,25.68,25.68,25.6301,25.6301,1081,0
2017-03-17,20:50:00,25.68,25.68,25.68,25.68,200,0
2017-03-17,21:00:00,25.66,25.66,25.64,25.64,500,0
2017-03-20,14:35:00,25.62,25.62,25.61,25.61,2031,0
2017-03-20,14:50:00,25.76,25.76,25.76,25.76,2000,0
2017-03-20,15:20:00,25.725,25.725,25.725,25.725,150,0
2017-03-20,15:25:00,25.68,25.68,25.68,25.68,300,0
2017-03-20,15:50:00,25.6901,25.6901,25.6901,25.6901,233,0
2017-03-20,16:35:00,25.69,25.69,25.69,25.69,400,0
2017-03-20,16:40:00,25.67,25.67,25.67,25.67,500,0
2017-03-20,17:10:00,25.67,25.6701,25.67,25.6701,1400,0
2017-03-20,17:25:00,25.6843,25.6843,25.6843,25.6843,277,0
2017-03-20,17:40:00,25.693,25.693,25.6701,25.6701,939,0
2017-03-20,18:25:00,25.66,25.6786,25.66,25.6786,600,0
2017-03-20,18:55:00,25.675,25.6786,25.66,25.6786,1800,0
2017-03-20,19:00:00,25.66,25.716,25.65,25.716,700,0
2017-03-20,19:35:00,25.64,25.64,25.64,25.64,300,0
2017-03-20,19:40:00,25.7018,25.7018,25.7018,25.7018,1000,0
2017-03-20,19:55:00,25.64,25.64,25.64,25.64,300,0
2017-03-20,20:00:00,25.65,25.65,25.6401,25.6401,400,0
2017-03-20,20:25:00,25.6916,25.6916,25.6916,25.6916,105,0
2017-03-20,20:30:00,25.71,25.71,25.6961,25.6961,200,0
2017-03-20,20:45:00,25.6714,25.6714,25.6714,25.6714,342,0
2017-03-20,20:50:00,25.64,25.64,25.64,25.64,300,0
2017-03-20,20:55:00,25.66,25.66,25.66,25.66,197,0
2017-03-20,21:00:00,25.67,25.67,25.67,25.67,100,0
2017-03-21,14:35:00,25.63,25.6588,25.63,25.6588,1100,0
2017-03-21,14:45:00,25.68,25.68,25.68,25.68,1000,0
2017-03-21,15:05:00,25.6878,25.6878,25.6878,25.6878,100,0
2017-03-21,15:15:00,25.68,25.68,25.68,25.68,1986,0
2017-03-21,15:20:00,25.68,25.68,25.68,25.68,2142,0
2017-03-21,15:35:00,25.6608,25.669,25.6608,25.669,1195,0
2017-03-21,15:40:00,25.6459,25.6459,25.6459,25.6459,301,0
2017-03-21,15:55:00,25.6454,25.6454,25.6454,25.6454,160,0
2017-03-21,16:30:00,25.63,25.63,25.63,25.63,1280,0
2017-03-21,16:35:00,25.63,25.63,25.63,25.63,300,0
2017-03-21,16:40:00,25.63,25.63,25.63,25.63,3400,0
2017-03-21,16:45:00,25.63,25.63,25.63,25.63,600,0
2017-03-21,16:50:00,25.63,25.63,25.63,25.63,7600,0
2017-03-21,17:00:00,25.605,25.605,25.605,25.605,500,0
2017-03-21,17:20:00,25.61,25.61,25.61,25.61,300,0
2017-03-21,17:55:00,25.63,25.63,25.63,25.63,795,0
2017-03-21,18:05:00,25.6295,25.6295,25.6295,25.6295,130,0
2017-03-21,18:10:00,25.625,25.635,25.625,25.635,400,0
2017-03-21,18:20:00,25.63,25.63,25.63,25.63,200,0
2017-03-21,18:40:00,25.61,25.61,25.6,25.6,2546,0
2017-03-21,19:05:00,25.6195,25.6195,25.6195,25.6195,102,0
2017-03-21,19:10:00,25.6195,25.6195,25.6195,25.6195,270,0
2017-03-21,19:15:00,25.62,25.62,25.62,25.62,400,0
2017-03-21,20:05:00,25.6,25.6,25.6,25.6,439,0
2017-03-21,20:15:00,25.61,25.63,25.61,25.63,1500,0
2017-03-21,20:20:00,25.63,25.63,25.63,25.63,550,0
2017-03-21,20:45:00,25.63,25.639,25.63,25.639,1797,0
2017-03-21,21:00:00,25.6415,25.6415,25.6415,25.6415,195,0
2017-03-22,14:35:00,25.61,25.61,25.5907,25.5907,1150,0
2017-03-22,14:45:00,25.5901,25.5901,25.59,25.59,1500,0
2017-03-22,15:10:00,25.641,25.641,25.641,25.641,230,0
2017-03-22,15:30:00,25.62,25.62,25.62,25.62,100,0
2017-03-22,15:35:00,25.62,25.62,25.62,25.62,183,0
2017-03-22,15:55:00,25.64,25.64,25.64,25.64,359,0
2017-03-22,17:00:00,25.5941,25.5941,25.5941,25.5941,153,0
2017-03-22,17:55:00,25.62,25.62,25.62,25.62,858,0
2017-03-22,18:25:00,25.62,25.62,25.62,25.62,500,0
2017-03-22,18:45:00,25.64,25.64,25.6276,25.6276,987,0
2017-03-22,19:00:00,25.6181,25.6181,25.6,25.6,200,0
2017-03-22,19:10:00,25.6039,25.6039,25.6039,25.6039,300,0
2017-03-22,19:15:00,25.6085,25.6085,25.6085,25.6085,147,0
2017-03-22,19:25:00,25.6394,25.6394,25.6394,25.6394,308,0
2017-03-22,20:00:00,25.64,25.64,25.64,25.64,100,0
2017-03-22,20:20:00,25.6122,25.6122,25.6122,25.6122,1000,0
2017-03-22,20:25:00,25.64,25.65,25.6399,25.65,900,0
2017-03-22,20:45:00,25.6499,25.6499,25.6499,25.6499,755,0
2017-03-23,14:35:00,25.58,25.58,25.58,25.58,1001,0
2017-03-23,15:05:00,25.665,25.665,25.665,25.665,300,0
2017-03-23,15:50:00,25.68,25.68,25.68,25.68,225,0
2017-03-23,15:55:00,25.68,25.68,25.68,25.68,430,0
2017-03-23,16:30:00,25.6832,25.706,25.6832,25.706,2000,0
2017-03-23,16:35:00,25.7,25.7,25.7,25.7,125,0
2017-03-23,17:00:00,25.729,25.74,25.729,25.74,2400,0
2017-03-23,18:00:00,25.74,25.74,25.732,25.732,460,0
2017-03-23,18:30:00,25.735,25.735,25.73,25.7303,3778,0
2017-03-23,19:10:00,25.72,25.72,25.72,25.72,200,0
2017-03-23,19:20:00,25.7,25.7,25.6384,25.6384,2347,0
2017-03-23,19:50:00,25.68,25.68,25.68,25.68,165,0
2017-03-23,20:00:00,25.7093,25.7093,25.7093,25.7093,109,0
2017-03-23,20:25:00,25.68,25.68,25.68,25.68,500,0
2017-03-23,20:35:00,25.68,25.68,25.68,25.68,500,0
2017-03-23,21:00:00,25.69,25.69,25.69,25.69,100,0
2017-03-24,14:35:00,25.65,25.65,25.65,25.65,333,0
2017-03-24,14:45:00,25.6628,25.6628,25.6628,25.6628,184,0
2017-03-24,15:15:00,25.641,25.641,25.641,25.641,500,0
2017-03-24,15:55:00,25.64,25.64,25.64,25.64,640,0
2017-03-24,16:00:00,25.67,25.67,25.67,25.67,700,0
2017-03-24,16:40:00,25.6463,25.6463,25.6463,25.6463,116,0
2017-03-24,18:00:00,25.64,25.66,25.64,25.66,200,0
2017-03-24,18:15:00,25.65,25.65,25.64,25.64,599,0
2017-03-24,18:20:00,25.66,25.66,25.6503,25.66,969,0
2017-03-24,18:45:00,25.66,25.66,25.64,25.64,2179,0
2017-03-24,19:05:00,25.5961,25.5961,25.5961,25.5961,102,0
2017-03-24,19:25:00,25.615,25.615,25.615,25.615,209,0
2017-03-24,20:10:00,25.615,25.615,25.615,25.615,785,0
2017-03-24,20:20:00,25.561,25.561,25.56,25.56,960,0
2017-03-24,20:45:00,25.59,25.59,25.59,25.59,300,0
2017-03-24,20:50:00,25.6,25.6,25.56,25.56,1260,0
2017-03-24,20:55:00,25.56,25.56,25.56,25.56,100,0
2017-03-27,15:35:00,25.49,25.49,25.49,25.49,286,0
2017-03-27,15:55:00,25.57,25.57,25.49,25.49,1322,0
2017-03-27,16:45:00,25.65,25.65,25.65,25.65,119,0
2017-03-27,16:50:00,25.55,25.55,25.55,25.55,100,0
2017-03-27,17:45:00,25.6,25.6,25.6,25.6,200,0
2017-03-27,18:15:00,25.57,25.57,25.57,25.57,381,0
2017-03-27,19:50:00,25.57,25.57,25.57,25.57,102,0
2017-03-27,20:50:00,25.67,25.67,25.65,25.67,510,0
2017-03-27,21:30:00,25.59,25.59,25.59,25.59,123,0
2017-03-27,21:35:00,25.67,25.67,25.67,25.67,198,0
2017-03-27,21:40:00,25.63,25.67,25.63,25.67,359,0
2017-03-27,22:00:00,25.64,25.64,25.64,25.64,105,0
2017-03-28,15:35:00,25.71,25.71,25.71,25.71,797,0
2017-03-28,17:20:00,25.67,25.6701,25.67,25.6701,410,0
2017-03-28,17:35:00,25.694,25.694,25.694,25.694,100,0
2017-03-28,18:05:00,25.7,25.7,25.7,25.7,200,0
2017-03-28,18:40:00,25.6901,25.6901,25.6901,25.6901,1294,0
2017-03-28,19:35:00,25.685,25.685,25.685,25.685,171,0
2017-03-28,19:40:00,25.685,25.685,25.685,25.685,216,0
2017-03-28,19:55:00,25.67,25.7,25.67,25.7,1072,0
2017-03-28,20:05:00,25.6877,25.6877,25.6877,25.6877,583,0
2017-03-28,20:20:00,25.685,25.685,25.685,25.685,121,0
2017-03-28,20:25:00,25.69,25.69,25.69,25.69,200,0
2017-03-28,20:35:00,25.69,25.7,25.69,25.7,4016,0
2017-03-28,20:40:00,25.7,25.7,25.7,25.7,300,0
2017-03-28,20:55:00,25.73,25.73,25.7225,25.73,1144,0
2017-03-28,21:05:00,25.7,25.72,25.7,25.72,1000,0
2017-03-28,21:15:00,25.7234,25.7234,25.7,25.7232,1440,0
2017-03-28,21:20:00,25.7,25.73,25.7,25.72,1200,0
2017-03-28,21:25:00,25.72,25.736,25.7,25.73,1788,0
2017-03-28,21:30:00,25.7,25.74,25.7,25.74,1000,0
2017-03-28,21:35:00,25.7,25.74,25.7,25.7,1900,0
2017-03-28,21:40:00,25.7,25.74,25.7,25.7,1000,0
2017-03-28,21:45:00,25.7,25.7,25.7,25.7,1800,0
2017-03-28,21:50:00,25.74,25.74,25.7,25.7,2279,0
2017-03-28,21:55:00,25.67,25.67,25.65,25.65,500,0
2017-03-28,22:00:00,25.71,25.71,25.65,25.65,2200,0
2017-03-29,15:35:00,25.68,25.68,25.68,25.68,152,0
2017-03-29,15:40:00,25.68,25.6801,25.5714,25.5714,1932,0
2017-03-29,16:10:00,25.628,25.628,25.628,25.628,300,0
2017-03-29,16:15:00,25.6604,25.6604,25.64,25.64,700,0
2017-03-29,16:30:00,25.6967,25.6967,25.6967,25.6967,113,0
2017-03-29,16:35:00,25.625,25.68,25.62,25.67,492,0
2017-03-29,16:45:00,25.69,25.7,25.69,25.7,1070,0
2017-03-29,16:50:00,25.6954,25.6954,25.6954,25.6954,420,0
2017-03-29,17:05:00,25.699,25.7,25.699,25.7,200,0
2017-03-29,17:20:00,25.69,25.69,25.69,25.69,100,0
2017-03-29,17:35:00,25.69,25.69,25.69,25.69,719,0
2017-03-29,18:10:00,25.69,25.69,25.69,25.69,100,0
2017-03-29,18:45:00,25.71,25.71,25.7085,25.7085,1180,0
2017-03-29,18:50:00,25.701,25.701,25.701,25.701,240,0
2017-03-29,19:40:00,25.69,25.69,25.69,25.69,500,0
2017-03-29,20:00:00,25.7,25.7,25.7,25.7,1280,0
2017-03-29,20:10:00,25.6806,25.6806,25.6806,25.6806,128,0
2017-03-29,20:40:00,25.66,25.66,25.66,25.66,278,0
2017-03-29,20:45:00,25.66,25.66,25.62,25.64,1800,0
2017-03-29,21:25:00,25.6441,25.6441,25.6441,25.6441,190,0
2017-03-30,15:35:00,25.62,25.62,25.62,25.62,180,0
2017-03-30,16:05:00,25.695,25.695,25.695,25.695,200,0
2017-03-30,16:25:00,25.6891,25.6891,25.6891,25.6891,200,0
2017-03-30,16:40:00,25.695,25.695,25.695,25.695,300,0
2017-03-30,16:45:00,25.7082,25.7082,25.7082,25.7082,107,0
2017-03-30,17:25:00,25.69,25.69,25.69,25.69,128,0
2017-03-30,17:30:00,25.7027,25.7027,25.7027,25.7027,400,0
2017-03-30,18:00:00,25.72,25.73,25.72,25.73,1000,0
2017-03-30,18:20:00,25.73,25.75,25.73,25.75,702,0
2017-03-30,19:45:00,25.7232,25.7232,25.7232,25.7232,260,0
2017-03-30,19:55:00,25.7836,25.7836,25.7836,25.7836,274,0
2017-03-30,20:15:00,25.72,25.72,25.72,25.72,500,0
2017-03-31,15:50:00,25.719,25.72,25.719,25.72,500,0
2017-03-31,16:05:00,25.7425,25.7425,25.7425,25.7425,1000,0
2017-03-31,16:10:00,25.75,25.75,25.75,25.75,236,0
2017-03-31,16:15:00,25.78,25.78,25.78,25.78,200,0
2017-03-31,16:35:00,25.78,25.78,25.78,25.78,200,0
2017-03-31,17:00:00,25.7164,25.7164,25.7164,25.7164,200,0
2017-03-31,17:20:00,25.78,25.78,25.7575,25.78,1662,0
2017-03-31,20:40:00,25.8,25.8,25.7813,25.7813,200,0
2017-03-31,20:50:00,25.8,25.8,25.7498,25.7498,364,0
2017-03-31,21:00:00,25.7573,25.7573,25.7573,25.7573,200,0
2017-03-31,21:55:00,25.79,25.79,25.79,25.79,200,0
2017-03-31,22:00:00,25.7999,25.8,25.78,25.8,3813,0
2017-04-03,15:35:00,25.75,25.8,25.75,25.8,1381,0
2017-04-03,16:10:00,25.79,25.8,25.7659,25.7659,797,0
2017-04-03,16:20:00,25.74,25.74,25.73,25.73,240,0
2017-04-03,16:50:00,25.81,25.91,25.81,25.89,2002,0
2017-04-03,17:00:00,25.89,25.92,25.89,25.92,1800,0
2017-04-03,17:15:00,25.92,25.92,25.88,25.88,3999,0
2017-04-03,17:40:00,25.95,25.95,25.95,25.95,136,0
2017-04-03,17:45:00,25.96,25.96,25.96,25.96,240,0
2017-04-03,17:50:00,25.93,25.93,25.91,25.91,777,0
2017-04-03,18:05:00,25.8837,25.8837,25.8837,25.8837,500,0
2017-04-03,18:40:00,25.93,25.93,25.93,25.93,500,0
2017-04-03,18:50:00,25.94,25.94,25.94,25.94,231,0
2017-04-03,19:00:00,25.89,25.9141,25.88,25.88,900,0
2017-04-03,19:30:00,26,26,26,26,1000,0
2017-04-03,19:35:00,26.0028,26.0028,26.0028,26.0028,156,0
2017-04-03,19:40:00,25.991,26.01,25.991,26.01,977,0
2017-04-03,19:45:00,26.025,26.025,26.025,26.025,152,0
2017-04-03,19:50:00,26.14,26.14,26.14,26.14,471,0
2017-04-03,20:00:00,26.06,26.06,26.06,26.06,192,0
2017-04-03,20:10:00,26.12,26.12,26.12,26.12,200,0
2017-04-03,20:15:00,26.19,26.19,26.19,26.19,100,0
2017-04-03,20:30:00,26.06,26.06,25.97,25.97,2458,0
2017-04-03,20:40:00,26.14,26.14,26.14,26.14,208,0
2017-04-03,20:45:00,25.9126,25.9126,25.9126,25.9126,500,0
2017-04-03,21:00:00,26.15,26.18,26.15,26.18,1010,0
2017-04-03,21:05:00,26.19,26.2,26.19,26.2,400,0
2017-04-03,21:15:00,26.16,26.17,25.95,25.95,1954,0
2017-04-03,21:30:00,26.065,26.065,26.065,26.065,612,0
2017-04-03,21:50:00,26.13,26.13,26.13,26.13,100,0
2017-04-04,15:35:00,25.93,25.93,25.93,25.93,940,0
2017-04-04,15:45:00,26.035,26.035,26.035,26.035,200,0
2017-04-04,15:50:00,25.9911,25.9911,25.9911,25.9911,100,0
2017-04-04,16:15:00,26.1399,26.1399,26.1399,26.1399,100,0
2017-04-04,16:30:00,26.015,26.015,26.015,26.015,200,0
2017-04-04,16:50:00,26.03,26.03,26.015,26.015,200,0
2017-04-04,17:10:00,26.005,26.005,26.0025,26.0025,200,0
2017-04-04,17:15:00,26.005,26.005,26.005,26.005,2000,0
2017-04-04,17:35:00,26.07,26.08,26.07,26.08,200,0
2017-04-04,17:55:00,26.0244,26.0999,26.0244,26.0999,300,0
2017-04-04,18:25:00,26.1,26.1,26.1,26.1,200,0
2017-04-04,18:30:00,26.07,26.07,26.07,26.07,198,0
2017-04-04,18:50:00,26.1,26.1,26.1,26.1,100,0
2017-04-04,19:05:00,26.07,26.0849,26.07,26.0849,200,0
2017-04-04,19:25:00,26.0922,26.0922,26.0922,26.0922,625,0
2017-04-04,19:30:00,26.08,26.0941,26.08,26.0941,372,0
2017-04-04,19:35:00,26.08,26.08,26.08,26.08,719,0
2017-04-04,19:55:00,26.0386,26.0386,26.02,26.0386,1050,0
2017-04-04,20:20:00,26.0477,26.0477,26.0477,26.0477,1000,0
2017-04-04,20:35:00,26.0545,26.0799,26.0545,26.0799,617,0
2017-04-04,20:50:00,26.08,26.08,26.08,26.08,100,0
2017-04-04,20:55:00,26.09,26.1,26.09,26.1,300,0
2017-04-04,21:05:00,26.14,26.14,26.14,26.14,200,0
2017-04-04,21:15:00,26.14,26.14,26.14,26.14,200,0
2017-04-04,21:20:00,26.14,26.14,26.14,26.14,100,0
2017-04-04,21:30:00,26.14,26.14,26.1399,26.1399,300,0
2017-04-04,21:35:00,26.14,26.14,26.14,26.14,100,0
2017-04-04,21:40:00,26.13,26.13,26.13,26.13,1200,0
2017-04-04,21:50:00,26.13,26.13,26.1,26.1,2108,0
2017-04-04,22:00:00,26.09,26.09,26.09,26.09,200,0
2017-04-05,15:35:00,26.03,26.03,26.03,26.03,330,0
2017-04-05,15:45:00,26.0969,26.0969,26.0969,26.0969,300,0
2017-04-05,15:50:00,26.06,26.06,26.06,26.06,150,0
2017-04-05,16:05:00,26.02,26.076,26.02,26.076,200,0
2017-04-05,16:50:00,26.05,26.05,26.05,26.05,130,0
2017-04-05,17:00:00,26.03,26.03,26.03,26.03,200,0
2017-04-05,17:40:00,26.04,26.06,26.04,26.06,600,0
2017-04-05,17:50:00,26.04,26.05,26.04,26.0401,3748,0
2017-04-05,17:55:00,26.03,26.03,26.03,26.03,100,0
2017-04-05,18:00:00,26.04,26.04,26.04,26.04,300,0
2017-04-05,18:10:00,26.02,26.0215,26.02,26.0215,1218,0
2017-04-05,18:25:00,26.02,26.0201,26,26,722,0
2017-04-05,18:55:00,25.944,25.9599,25.944,25.9599,432,0
2017-04-05,19:00:00,25.975,25.975,25.975,25.975,200,0
2017-04-05,19:45:00,25.94,25.94,25.94,25.94,500,0
2017-04-05,20:15:00,25.9705,25.9705,25.9705,25.9705,229,0
2017-04-05,20:20:00,25.98,25.9862,25.98,25.9862,250,0
2017-04-05,20:30:00,25.97,25.97,25.97,25.97,133,0
2017-04-05,20:55:00,25.94,25.94,25.94,25.94,100,0
2017-04-05,21:10:00,25.95,25.95,25.95,25.95,150,0
2017-04-05,21:20:00,25.95,25.97,25.95,25.95,3424,0
2017-04-05,21:55:00,25.91,25.91,25.91,25.91,439,0
2017-04-05,22:00:00,25.95,25.95,25.95,25.95,228,0
2017-04-06,15:35:00,25.92,26.138,25.92,26.138,381,0
2017-04-06,15:50:00,26.0389,26.0389,26.0389,26.0389,500,0
2017-04-06,16:05:00,26.07,26.07,26.0525,26.0525,200,0
2017-04-06,16:25:00,26.034,26.034,26.034,26.034,1000,0
2017-04-06,17:00:00,25.9118,25.9118,25.9118,25.9118,165,0
2017-04-06,17:20:00,26.07,26.08,26.006,26.006,500,0
2017-04-06,17:30:00,26.08,26.14,26.08,26.14,2923,0
2017-04-06,17:40:00,26.09,26.09,26.09,26.09,100,0
2017-04-06,18:55:00,26.0628,26.0628,26.0628,26.0628,200,0
2017-04-06,19:00:00,26.114,26.114,26.114,26.114,200,0
2017-04-06,19:25:00,26.045,26.0532,26.045,26.0532,838,0
2017-04-06,19:40:00,26.06,26.06,26.06,26.06,400,0
2017-04-06,19:55:00,26.02,26.06,26.02,26.0242,2612,0
2017-04-06,20:25:00,26.11,26.11,26.11,26.11,100,0
2017-04-06,20:30:00,26.11,26.11,26.11,26.11,600,0
2017-04-06,20:35:00,26.11,26.11,26.11,26.11,100,0
2017-04-06,20:40:00,26.11,26.11,26.11,26.11,100,0
2017-04-06,20:45:00,26.11,26.11,26.11,26.11,100,0
2017-04-06,20:50:00,26.11,26.11,26.11,26.11,100,0
2017-04-06,20:55:00,26.11,26.11,26.11,26.11,100,0
2017-04-06,21:00:00,26.11,26.11,26.11,26.11,100,0
2017-04-06,21:10:00,26.11,26.11,26.11,26.11,100,0
2017-04-06,21:15:00,26.11,26.11,26.11,26.11,100,0
2017-04-06,21:20:00,26.11,26.11,26.11,26.11,100,0
2017-04-06,21:25:00,26.1,26.1,26.1,26.1,100,0
2017-04-06,21:30:00,26.1,26.1,26.1,26.1,100,0
2017-04-06,21:40:00,26.1,26.1,26.1,26.1,100,0
2017-04-06,21:45:00,26.11,26.11,26.11,26.11,100,0
2017-04-06,21:50:00,26.1,26.1,26.1,26.1,100,0
2017-04-06,21:55:00,26.1,26.1,26.1,26.1,100,0
2017-04-07,15:35:00,26.05,26.05,26.05,26.05,174,0
2017-04-07,16:00:00,26.0736,26.0736,26.0736,26.0736,400,0
2017-04-07,17:25:00,26.07,26.07,26.07,26.07,500,0
2017-04-07,18:05:00,26.07,26.07,26.07,26.07,688,0
2017-04-07,18:30:00,26.006,26.006,26.006,26.006,1000,0
2017-04-07,18:35:00,26.057,26.057,26.057,26.057,500,0
2017-04-07,19:10:00,25.99,25.99,25.86,25.86,13541,0
2017-04-07,19:15:00,25.86,25.86,25.86,25.86,100,0
2017-04-07,19:35:00,25.83,25.83,25.82,25.82,2500,0
2017-04-07,19:45:00,25.8451,25.8451,25.8451,25.8451,100,0
2017-04-07,20:10:00,25.87,25.93,25.865,25.87,1626,0
2017-04-07,20:35:00,25.867,25.867,25.867,25.867,902,0
2017-04-07,20:55:00,25.8788,25.8788,25.8788,25.8788,142,0
2017-04-07,21:00:00,25.9,25.9,25.9,25.9,256,0
2017-04-07,21:30:00,25.8406,25.8406,25.8406,25.8406,126,0
2017-04-07,22:00:00,25.84,25.86,25.84,25.86,1435,0
2017-04-10,15:35:00,25.85,25.85,25.85,25.85,152,0
2017-04-10,16:05:00,25.9155,25.9155,25.9155,25.9155,119,0
2017-04-10,16:10:00,25.93,25.93,25.9299,25.9299,244,0
2017-04-10,16:15:00,25.93,25.93,25.93,25.93,400,0
2017-04-10,16:50:00,25.8977,25.96,25.8977,25.93,3390,0
2017-04-10,17:00:00,25.912,25.912,25.912,25.912,235,0
2017-04-10,17:05:00,25.93,25.93,25.93,25.93,2600,0
2017-04-10,17:30:00,25.9,25.9,25.9,25.9,100,0
2017-04-10,17:45:00,25.9295,25.9295,25.9295,25.9295,200,0
2017-04-10,18:25:00,25.92,25.92,25.9136,25.9136,293,0
2017-04-10,18:55:00,25.94,25.94,25.94,25.94,100,0
2017-04-10,19:05:00,25.9703,25.9703,25.9703,25.9703,400,0
2017-04-10,19:30:00,25.9864,25.99,25.9864,25.99,505,0
2017-04-10,19:35:00,25.985,25.99,25.985,25.99,855,0
2017-04-10,19:40:00,25.9899,25.99,25.985,25.985,712,0
2017-04-10,19:50:00,25.98,25.9831,25.98,25.9831,600,0
2017-04-10,20:00:00,25.98,25.98,25.98,25.98,521,0
2017-04-10,20:20:00,25.9575,25.9575,25.9575,25.9575,445,0
2017-04-10,21:05:00,25.9704,25.9704,25.9704,25.9704,123,0
2017-04-10,21:35:00,25.945,25.945,25.945,25.945,400,0
2017-04-10,21:55:00,25.9406,25.9406,25.9406,25.9406,190,0
2017-04-11,15:35:00,26,26,26,26,1201,0
2017-04-11,16:00:00,25.9699,25.9699,25.9699,25.9699,200,0
2017-04-11,16:10:00,25.98,25.98,25.91,25.91,671,0
2017-04-11,16:35:00,25.91,25.91,25.8873,25.8873,2033,0
2017-04-11,16:40:00,25.86,25.86,25.86,25.86,100,0
2017-04-11,16:50:00,25.85,25.85,25.85,25.85,285,0
2017-04-11,16:55:00,25.875,25.875,25.875,25.875,200,0
2017-04-11,17:05:00,25.85,25.85,25.85,25.85,215,0
2017-04-11,17:55:00,25.8844,25.8993,25.8844,25.8993,800,0
2017-04-11,18:45:00,25.9017,25.9017,25.9017,25.9017,400,0
2017-04-11,19:10:00,25.8707,25.8707,25.8707,25.8707,200,0
2017-04-11,19:35:00,25.8605,25.8605,25.8605,25.8605,525,0
2017-04-11,20:05:00,25.885,25.885,25.885,25.885,167,0
2017-04-11,20:10:00,25.9,25.9,25.9,25.9,100,0
2017-04-11,20:15:00,25.9038,25.9038,25.9038,25.9038,115,0
2017-04-11,20:45:00,25.8512,25.8512,25.8512,25.8512,462,0
2017-04-11,21:00:00,25.8975,25.8975,25.8975,25.8975,230,0
2017-04-11,21:05:00,25.908,25.908,25.908,25.908,100,0
2017-04-11,21:35:00,25.89,25.89,25.89,25.89,140,0
2017-04-11,21:50:00,25.9214,25.9214,25.9214,25.9214,159,0
2017-04-11,22:00:00,25.93,25.93,25.9172,25.9172,1700,0
2017-04-12,15:35:00,25.86,25.86,25.86,25.86,132,0
2017-04-12,18:30:00,25.952,25.952,25.952,25.952,124,0
2017-04-12,18:35:00,25.888,25.888,25.888,25.888,102,0
2017-04-12,18:55:00,25.941,25.941,25.941,25.941,550,0
2017-04-12,19:15:00,25.95,25.95,25.95,25.95,200,0
2017-04-12,20:25:00,25.9392,25.9392,25.9392,25.9392,175,0
2017-04-12,20:40:00,25.9267,25.96,25.9267,25.96,200,0
2017-04-12,21:25:00,25.96,25.96,25.96,25.96,200,0
2017-04-12,21:40:00,25.9522,25.9522,25.9522,25.9522,219,0
2017-04-12,22:00:00,25.96,26.05,25.96,26.05,4400,0
2017-04-13,15:35:00,25.96,25.96,25.96,25.96,580,0
2017-04-13,16:00:00,25.9456,25.9456,25.9456,25.9456,685,0
2017-04-13,16:10:00,25.96,25.96,25.96,25.96,100,0
2017-04-13,16:25:00,25.96,25.96,25.934,25.934,2000,0
2017-04-13,16:45:00,25.9564,25.9564,25.9564,25.9564,192,0
2017-04-13,16:50:00,25.95,25.95,25.95,25.95,200,0
2017-04-13,17:05:00,25.96,25.96,25.96,25.96,100,0
2017-04-13,17:15:00,25.96,25.96,25.96,25.96,200,0
2017-04-13,17:20:00,25.955,25.955,25.955,25.955,700,0
2017-04-13,17:25:00,25.96,25.96,25.95,25.95,1486,0
2017-04-13,18:45:00,25.9864,25.9864,25.9864,25.9864,200,0
2017-04-13,19:25:00,26.0075,26.0075,26.0075,26.0075,1000,0
2017-04-13,19:50:00,26.0317,26.0317,26.0317,26.0317,500,0
2017-04-13,19:55:00,26.03,26.04,26.03,26.04,1771,0
2017-04-13,20:10:00,26.05,26.05,26.05,26.05,100,0
2017-04-13,20:20:00,26.05,26.05,26.05,26.05,200,0
2017-04-13,20:25:00,26.05,26.05,26.05,26.05,100,0
2017-04-13,20:30:00,26.0352,26.0352,26.0352,26.0352,307,0
2017-04-13,20:35:00,26.05,26.05,26.05,26.05,100,0
2017-04-13,20:45:00,26.05,26.05,26.05,26.05,100,0
2017-04-13,20:50:00,26.05,26.05,26.05,26.05,100,0
2017-04-13,20:55:00,26.0414,26.0414,26.03,26.03,2084,0
2017-04-13,21:00:00,26.0494,26.0494,26.0494,26.0494,450,0
2017-04-13,21:15:00,26.02,26.06,26.02,26.06,200,0
2017-04-13,21:25:00,26.05,26.06,26.05,26.06,277,0
2017-04-13,21:35:00,26.05,26.05,26.05,26.05,100,0
2017-04-13,21:45:00,26.06,26.06,26.06,26.06,100,0
2017-04-13,21:50:00,26.05,26.05,26.05,26.05,100,0
2017-04-13,21:55:00,26.06,26.06,26.06,26.06,400,0
2017-04-13,22:00:00,26.055,26.06,25.97,26.06,2146,0
2017-04-17,15:35:00,26.01,26.01,26,26,1983,0
2017-04-17,15:50:00,26,26,26,26,125,0
2017-04-17,16:45:00,25.9967,25.9967,25.9967,25.9967,101,0
2017-04-17,16:55:00,26.1,26.1,26.1,26.1,100,0
2017-04-17,17:10:00,26.116,26.118,26.0337,26.08,600,0
2017-04-17,17:40:00,26.02,26.02,26.02,26.02,300,0
2017-04-17,18:10:00,25.9983,25.9983,25.9983,25.9983,146,0
2017-04-17,18:15:00,25.9516,25.9516,25.9516,25.9516,400,0
2017-04-17,20:40:00,26.05,26.05,26.05,26.05,100,0
2017-04-17,20:45:00,26.0298,26.0298,26,26,1115,0
2017-04-17,21:15:00,26,26,26,26,100,0
2017-04-17,21:20:00,26.02,26.02,26.02,26.02,200,0
2017-04-17,21:25:00,26.016,26.016,26.016,26.016,171,0
2017-04-18,15:35:00,25.97,25.97,25.97,25.97,347,0
2017-04-18,17:30:00,25.96,25.96,25.96,25.96,100,0
2017-04-18,17:35:00,25.9952,25.9952,25.9952,25.9952,100,0
2017-04-18,17:40:00,25.96,25.96,25.96,25.96,100,0
2017-04-18,18:20:00,25.96,25.96,25.96,25.96,122,0
2017-04-18,18:50:00,25.96,25.96,25.96,25.96,100,0
2017-04-18,18:55:00,25.9903,25.9903,25.9903,25.9903,250,0
2017-04-18,19:10:00,25.9606,25.9606,25.9606,25.9606,300,0
2017-04-18,19:45:00,26,26.0025,26,26.0025,477,0
2017-04-18,19:50:00,25.95,25.95,25.95,25.95,160,0
2017-04-18,20:15:00,25.99,25.99,25.9775,25.9775,570,0
2017-04-18,20:30:00,25.96,25.96,25.9516,25.9516,771,0
2017-04-18,21:10:00,25.93,25.93,25.93,25.93,100,0
2017-04-18,21:25:00,25.95,25.9558,25.95,25.9558,1900,0
2017-04-19,15:35:00,25.94,25.94,25.93,25.93,388,0
2017-04-19,16:00:00,25.97,25.97,25.97,25.97,400,0
2017-04-19,16:15:00,25.92,25.92,25.92,25.92,321,0
2017-04-19,16:35:00,25.9224,25.9224,25.9224,25.9224,1600,0
2017-04-19,17:15:00,25.91,25.91,25.91,25.91,200,0
2017-04-19,17:40:00,25.93,25.93,25.93,25.93,300,0
2017-04-19,18:35:00,25.9207,25.9207,25.9207,25.9207,500,0
2017-04-19,18:55:00,25.901,25.901,25.9,25.9,1000,0
2017-04-19,19:15:00,25.9297,25.9297,25.9297,25.9297,229,0
2017-04-19,19:20:00,25.9153,25.9153,25.9153,25.9153,200,0
2017-04-19,19:25:00,25.915,25.915,25.915,25.915,100,0
2017-04-19,19:40:00,25.915,25.915,25.915,25.915,500,0
2017-04-19,19:45:00,25.93,25.93,25.9299,25.9299,222,0
2017-04-19,19:50:00,25.93,25.93,25.9226,25.9226,242,0
2017-04-19,20:35:00,25.9106,25.9106,25.9106,25.9106,176,0
2017-04-19,20:50:00,25.8964,25.8964,25.8964,25.8964,900,0
2017-04-19,20:55:00,25.8689,25.8689,25.8689,25.8689,120,0
2017-04-19,21:15:00,25.8981,25.93,25.8981,25.93,261,0
2017-04-19,21:25:00,25.9174,25.92,25.8995,25.92,1309,0
2017-04-19,21:45:00,25.9035,25.9035,25.9035,25.9035,400,0
2017-04-20,15:35:00,25.95,25.95,25.95,25.95,682,0
2017-04-20,15:40:00,25.992,25.992,25.992,25.992,600,0
2017-04-20,16:00:00,25.92,25.93,25.92,25.93,300,0
2017-04-20,16:05:00,25.92,25.92,25.92,25.92,100,0
2017-04-20,16:25:00,25.92,25.92,25.9,25.9,329,0
2017-04-20,16:50:00,25.8942,25.8942,25.8942,25.8942,765,0
2017-04-20,17:35:00,25.9087,25.9087,25.9087,25.9087,200,0
2017-04-20,17:40:00,25.9,25.92,25.9,25.9199,1200,0
2017-04-20,17:50:00,25.8913,25.8913,25.8913,25.8913,1200,0
2017-04-20,18:05:00,25.9125,25.9125,25.9125,25.9125,137,0
2017-04-20,18:10:00,25.904,25.904,25.904,25.904,195,0
2017-04-20,18:35:00,25.8962,25.8962,25.8962,25.8962,400,0
2017-04-20,18:50:00,25.914,25.914,25.914,25.914,433,0
2017-04-20,19:10:00,25.91,25.91,25.8924,25.8924,700,0
2017-04-20,19:20:00,25.9003,25.9003,25.9003,25.9003,215,0
2017-04-20,19:25:00,25.919,25.919,25.919,25.919,200,0
2017-04-20,19:50:00,25.89,25.9055,25.89,25.9055,200,0
2017-04-20,20:15:00,25.9083,25.9083,25.9083,25.9083,400,0
2017-04-20,20:35:00,25.95,26.02,25.95,26.02,3443,0
2017-04-20,21:15:00,25.975,25.975,25.975,25.975,150,0
2017-04-20,21:20:00,25.9678,25.9678,25.9678,25.9678,400,0
2017-04-20,22:00:00,26.0173,26.0173,25.9872,25.9872,2566,0
2017-04-21,15:35:00,25.94,25.94,25.94,25.94,190,0
2017-04-21,16:10:00,25.96,25.96,25.96,25.96,128,0
2017-04-21,16:15:00,25.9387,25.9387,25.9387,25.9387,155,0
2017-04-21,16:20:00,25.985,25.985,25.985,25.985,300,0
2017-04-21,16:55:00,25.97,25.97,25.97,25.97,300,0
2017-04-21,17:25:00,25.995,25.995,25.995,25.995,134,0
2017-04-21,18:05:00,26,26.01,26,26.01,700,0
2017-04-21,18:10:00,25.9861,25.9861,25.9861,25.9861,1165,0
2017-04-21,18:25:00,25.99,25.99,25.96,25.9652,2122,0
2017-04-21,18:45:00,25.92,25.923,25.88,25.88,2755,0
2017-04-21,18:55:00,25.85,25.85,25.85,25.85,1254,0
2017-04-21,19:00:00,25.86,25.86,25.86,25.86,100,0
2017-04-21,19:55:00,25.9142,25.9142,25.9142,25.9142,200,0
2017-04-21,20:30:00,25.92,25.92,25.92,25.92,116,0
2017-04-21,20:40:00,25.915,25.915,25.915,25.915,190,0
2017-04-21,20:45:00,25.98,25.98,25.91,25.91,1170,0
2017-04-21,20:50:00,25.96,25.96,25.913,25.9163,1166,0
2017-04-21,20:55:00,25.9163,25.9163,25.9163,25.9163,200,0
2017-04-21,21:00:00,25.9163,25.9163,25.91,25.9163,1300,0
2017-04-21,21:05:00,25.9163,25.9163,25.9163,25.9163,200,0
2017-04-21,21:10:00,25.9163,25.9163,25.9163,25.9163,300,0
2017-04-21,21:15:00,25.9163,25.9163,25.9163,25.9163,200,0
2017-04-21,21:20:00,25.9163,25.9163,25.9135,25.9135,200,0
2017-04-21,21:25:00,25.9135,25.92,25.9135,25.92,200,0
2017-04-21,21:30:00,25.91,25.91,25.91,25.91,300,0
2017-04-21,21:35:00,25.91,25.91,25.91,25.91,200,0
2017-04-21,21:45:00,25.95,25.95,25.95,25.95,300,0
2017-04-21,21:50:00,25.917,25.95,25.917,25.95,200,0
2017-04-21,21:55:00,25.95,25.95,25.95,25.95,100,0
2017-04-21,22:00:00,25.94,26.01,25.94,26.01,3548,0
2017-04-24,15:35:00,25.97,25.97,25.97,25.97,613,0
2017-04-24,15:45:00,25.9737,25.9737,25.9737,25.9737,750,0
2017-04-24,15:50:00,25.9548,25.9548,25.9548,25.9548,100,0
2017-04-24,16:20:00,25.92,25.9391,25.92,25.9391,1353,0
2017-04-24,16:35:00,25.945,25.945,25.945,25.945,200,0
2017-04-24,16:40:00,25.97,25.97,25.97,25.97,100,0
2017-04-24,17:05:00,25.92,25.92,25.92,25.92,100,0
2017-04-24,17:20:00,25.92,25.92,25.92,25.92,100,0
2017-04-24,18:15:00,25.93,25.93,25.93,25.93,100,0
2017-04-24,18:30:00,25.99,26.01,25.95,25.95,732,0
2017-04-24,18:35:00,25.96,25.96,25.91,25.92,1046,0
2017-04-24,19:35:00,25.96,25.96,25.92,25.944,1800,0
2017-04-24,20:25:00,25.91,25.9214,25.89,25.89,815,0
2017-04-24,20:40:00,25.95,25.95,25.9497,25.9497,644,0
2017-04-24,20:45:00,25.95,25.95,25.89,25.9094,1282,0
2017-04-24,21:00:00,25.92,25.92,25.92,25.92,1400,0
2017-04-24,21:40:00,25.89,25.9055,25.89,25.9055,800,0
2017-04-24,21:50:00,25.92,25.92,25.9185,25.9185,1126,0
2017-04-25,15:35:00,25.9,25.9,25.9,25.9,271,0
2017-04-25,16:15:00,26.02,26.02,26.02,26.02,100,0
2017-04-25,16:30:00,25.99,25.99,25.97,25.98,1232,0
2017-04-25,16:35:00,26.01,26.01,26.01,26.01,100,0
2017-04-25,17:05:00,26.01,26.01,26.01,26.01,100,0
2017-04-25,17:10:00,25.995,25.995,25.995,25.995,250,0
2017-04-25,17:35:00,26.02,26.02,26.02,26.02,300,0
2017-04-25,17:45:00,26.02,26.02,26.02,26.02,100,0
2017-04-25,18:20:00,26,26.01,26,26,1082,0
2017-04-25,19:00:00,25.995,25.995,25.995,25.995,100,0
2017-04-25,19:25:00,26,26,26,26,100,0
2017-04-25,19:35:00,25.9738,25.9738,25.9738,25.9738,103,0
2017-04-25,19:40:00,25.965,26.01,25.965,26.01,341,0
2017-04-25,19:55:00,25.97,25.97,25.97,25.97,100,0
2017-04-25,20:10:00,25.965,25.965,25.965,25.965,343,0
2017-04-25,20:45:00,26.01,26.01,26.01,26.01,100,0
2017-04-25,21:10:00,26,26,26,26,100,0
2017-04-25,21:15:00,25.995,25.995,25.995,25.995,192,0
2017-04-25,21:35:00,25.995,25.995,25.995,25.995,100,0
2017-04-25,21:40:00,25.995,26.01,25.995,26.01,850,0
2017-04-25,21:55:00,25.98,25.98,25.98,25.98,200,0
2017-04-25,22:00:00,26,26.01,26,26.01,1824,0
2017-04-26,15:35:00,25.93,25.93,25.93,25.93,140,0
2017-04-26,15:45:00,25.97,25.97,25.97,25.97,299,0
2017-04-26,16:20:00,25.83,25.83,25.83,25.83,100,0
2017-04-26,16:40:00,25.81,25.81,25.81,25.81,500,0
2017-04-26,16:50:00,25.76,25.8025,25.66,25.7893,9615,0
2017-04-26,17:25:00,25.75,25.75,25.75,25.75,110,0
2017-04-26,17:45:00,25.7465,25.75,25.7465,25.75,600,0
2017-04-26,18:30:00,25.66,25.68,25.66,25.68,830,0
2017-04-26,18:35:00,25.6888,25.6888,25.6888,25.6888,325,0
2017-04-26,18:50:00,25.7,25.7,25.6363,25.6363,528,0
2017-04-26,18:55:00,25.61,25.7,25.6,25.61,2246,0
2017-04-26,19:00:00,25.66,25.66,25.66,25.66,300,0
2017-04-26,19:05:00,25.595,25.595,25.58,25.58,1179,0
2017-04-26,19:20:00,25.58,25.59,25.58,25.58,430,0
2017-04-26,19:30:00,25.64,25.64,25.64,25.64,400,0
2017-04-26,19:35:00,25.615,25.7144,25.615,25.7144,1365,0
2017-04-26,19:50:00,25.62,25.62,25.62,25.62,100,0
2017-04-26,19:55:00,25.6,25.6,25.6,25.6,100,0
2017-04-26,20:15:00,25.6,25.645,25.6,25.645,200,0
2017-04-26,20:30:00,25.635,25.635,25.635,25.635,202,0
2017-04-26,20:35:00,25.686,25.686,25.635,25.635,300,0
2017-04-26,20:40:00,25.67,25.67,25.67,25.67,100,0
2017-04-26,21:05:00,25.649,25.649,25.649,25.649,200,0
2017-04-26,21:10:00,25.6,25.6,25.6,25.6,100,0
2017-04-26,21:15:00,25.63,25.63,25.6,25.63,400,0
2017-04-26,21:30:00,25.58,25.58,25.57,25.57,200,0
2017-04-26,21:35:00,25.57,25.57,25.57,25.57,100,0
2017-04-26,21:40:00,25.56,25.56,25.56,25.56,200,0
2017-04-26,21:45:00,25.56,25.57,25.56,25.57,200,0
2017-04-26,21:50:00,25.58,25.58,25.58,25.58,200,0
2017-04-26,21:55:00,25.6,25.64,25.6,25.62,2276,0
2017-04-26,22:00:00,25.6,25.65,25.58,25.59,7720,0
