Date,Time,Open,High,Low,Close,Volume,OpenInt
2017-04-10,15:35:00,33.8,34,33.64,33.835,13097,0
2017-04-10,15:40:00,33.81,34.25,33.72,34,23400,0
2017-04-10,15:45:00,34.025,34.25,34.01,34.15,15980,0
2017-04-10,15:50:00,34.145,34.35,34.05,34.3,14505,0
2017-04-10,15:55:00,34.3,34.43,34.25,34.4,24250,0
2017-04-10,16:00:00,34.43,34.43,34.32,34.345,8000,0
2017-04-10,16:05:00,34.34,34.44,34.34,34.3645,16150,0
2017-04-10,16:10:00,34.36,34.37,34.26,34.335,10105,0
2017-04-10,16:15:00,34.34,34.38,34.29,34.29,12006,0
2017-04-10,16:20:00,34.27,34.31,34.27,34.29,5460,0
2017-04-10,16:25:00,34.3,34.3,34.03,34.09,25863,0
2017-04-10,16:30:00,34.0801,34.0801,33.94,33.95,14088,0
2017-04-10,16:35:00,33.94,33.95,33.81,33.95,11761,0
2017-04-10,16:40:00,33.92,34.19,33.92,34.18,6400,0
2017-04-10,16:45:00,34.1458,34.23,33.99,34.05,19035,0
2017-04-10,16:50:00,34.1,34.19,34.05,34.19,6100,0
2017-04-10,16:55:00,34.2,34.25,34.15,34.23,9996,0
2017-04-10,17:00:00,34.235,34.245,34.11,34.125,17580,0
2017-04-10,17:05:00,34.13,34.14,34.02,34.11,13021,0
2017-04-10,17:10:00,34.14,34.15,33.93,33.94,15820,0
2017-04-10,17:15:00,33.98,33.9801,33.66,33.72,11950,0
2017-04-10,17:20:00,33.78,33.813,33.65,33.81,15867,0
2017-04-10,17:25:00,33.805,34.02,33.79,33.96,13000,0
2017-04-10,17:30:00,33.96,34.285,33.91,33.91,15204,0
2017-04-10,17:35:00,34.01,34.07,33.9,33.9,10355,0
2017-04-10,17:40:00,33.9,33.915,33.72,33.74,10200,0
2017-04-10,17:45:00,33.74,33.91,33.74,33.79,6800,0
2017-04-10,17:50:00,33.79,33.9523,33.7402,33.93,8238,0
2017-04-10,17:55:00,33.94,33.96,33.89,33.89,8334,0
2017-04-10,18:00:00,33.88,33.97,33.87,33.97,5060,0
2017-04-10,18:05:00,33.97,34.06,33.95,33.96,8050,0
2017-04-10,18:10:00,33.95,33.98,33.76,33.79,10300,0
2017-04-10,18:15:00,33.785,33.87,33.68,33.87,26640,0
2017-04-10,18:20:00,33.885,33.885,33.77,33.78,4400,0
2017-04-10,18:25:00,33.77,33.85,33.75,33.7501,8400,0
2017-04-10,18:30:00,33.755,33.77,33.67,33.74,15711,0
2017-04-10,18:35:00,33.725,33.85,33.72,33.85,7000,0
2017-04-10,18:40:00,33.86,33.9,33.86,33.88,4920,0
2017-04-10,18:45:00,33.8701,33.98,33.8401,33.915,7651,0
2017-04-10,18:50:00,33.9101,33.955,33.8175,33.8175,7435,0
2017-04-10,18:55:00,33.83,33.945,33.83,33.88,11180,0
2017-04-10,19:00:00,33.93,33.94,33.87,33.93,5400,0
2017-04-10,19:05:00,33.95,34.17,33.95,34.115,36500,0
2017-04-10,19:10:00,34.12,34.25,34.09,34.22,36032,0
2017-04-10,19:15:00,34.24,34.25,34.2,34.22,7450,0
2017-04-10,19:20:00,34.22,34.25,34.2,34.21,11735,0
2017-04-10,19:25:00,34.21,34.21,34.1159,34.17,2025,0
2017-04-10,19:30:00,34.145,34.17,33.99,34.08,4530,0
2017-04-10,19:35:00,34.035,34.07,33.78,33.835,8420,0
2017-04-10,19:40:00,33.85,34,33.82,33.85,10720,0
2017-04-10,19:45:00,33.86,33.99,33.855,33.96,6200,0
2017-04-10,19:50:00,33.94,33.97,33.85,33.88,4600,0
2017-04-10,19:55:00,33.88,33.92,33.88,33.92,4900,0
2017-04-10,20:00:00,33.92,33.97,33.895,33.92,5100,0
2017-04-10,20:05:00,33.92,33.92,33.87,33.88,3210,0
2017-04-10,20:10:00,33.86,33.89,33.8,33.805,15400,0
2017-04-10,20:15:00,33.81,33.83,33.79,33.83,5260,0
2017-04-10,20:20:00,33.835,34.12,33.83,34.12,13180,0
2017-04-10,20:25:00,34.095,34.11,33.99,34.04,16920,0
2017-04-10,20:30:00,34.04,34.11,34.04,34.0701,4345,0
2017-04-10,20:35:00,34.0601,34.07,33.99,34.05,8875,0
2017-04-10,20:40:00,34.0401,34.0501,34,34.025,4850,0
2017-04-10,20:45:00,34.04,34.04,33.9901,33.9901,7680,0
2017-04-10,20:50:00,33.98,33.9801,33.9,33.98,12292,0
2017-04-10,20:55:00,33.99,34.06,33.97,34,82060,0
2017-04-10,21:00:00,34,34.02,33.94,33.99,9200,0
2017-04-10,21:05:00,34,34.15,33.9901,34.08,14530,0
2017-04-10,21:10:00,34.0701,34.21,34.04,34.13,13936,0
2017-04-10,21:15:00,34.12,34.15,34.075,34.13,7967,0
2017-04-10,21:20:00,34.125,34.23,34.125,34.175,14056,0
2017-04-10,21:25:00,34.175,34.21,34.08,34.09,11607,0
2017-04-10,21:30:00,34.085,34.25,34.085,34.23,48519,0
2017-04-10,21:35:00,34.23,34.41,34.21,34.385,32648,0
2017-04-10,21:40:00,34.41,34.5,34.38,34.43,56818,0
2017-04-10,21:45:00,34.46,34.62,34.435,34.575,44010,0
2017-04-10,21:50:00,34.58,34.6,34.48,34.59,62257,0
2017-04-10,21:55:00,34.585,34.59,34.49,34.51,47898,0
2017-04-10,22:00:00,34.53,34.61,34.24,34.24,125542,0
2017-04-11,15:35:00,34,34.22,33.85,33.85,2201,0
2017-04-11,15:40:00,33.85,34.86,33.85,34.86,6200,0
2017-04-11,15:45:00,34.305,34.57,34.24,34.3,14427,0
2017-04-11,15:50:00,34.36,34.53,34.325,34.5,8200,0
2017-04-11,15:55:00,34.5,34.5,34.42,34.42,5500,0
2017-04-11,16:00:00,34.42,34.42,34.3,34.3,8400,0
2017-04-11,16:05:00,34.325,34.325,34.15,34.25,12525,0
2017-04-11,16:10:00,34.22,34.2399,34.2,34.2,9800,0
2017-04-11,16:15:00,34.2,34.2,34.1,34.16,7200,0
2017-04-11,16:20:00,34.1,34.15,33.985,34.01,11300,0
2017-04-11,16:25:00,34.005,34.065,33.98,34.065,5700,0
2017-04-11,16:30:00,34.05,34.22,34.045,34.15,5400,0
2017-04-11,16:35:00,34.164,34.17,34.05,34.05,13600,0
2017-04-11,16:40:00,34.05,34.08,34.05,34.07,2300,0
2017-04-11,16:45:00,34.07,34.135,34.05,34.05,5100,0
2017-04-11,16:50:00,34.05,34.135,34.05,34.05,4890,0
2017-04-11,16:55:00,34.05,34.05,33.95,33.95,5700,0
2017-04-11,17:00:00,33.95,33.95,33.735,33.85,7900,0
2017-04-11,17:05:00,33.85,34,33.8288,33.95,4825,0
2017-04-11,17:10:00,33.99,34,33.9,33.9,8100,0
2017-04-11,17:15:00,33.9,33.92,33.71,33.85,5475,0
2017-04-11,17:20:00,33.9,33.9,33.73,33.845,3408,0
2017-04-11,17:25:00,33.8,33.8,33.65,33.65,3280,0
2017-04-11,17:30:00,33.65,33.68,33.63,33.65,6700,0
2017-04-11,17:35:00,33.735,33.735,33.65,33.65,1500,0
2017-04-11,17:40:00,33.68,33.75,33.68,33.72,5310,0
2017-04-11,17:45:00,33.675,33.7,33.67,33.67,1600,0
2017-04-11,17:50:00,33.67,33.705,33.65,33.69,1900,0
2017-04-11,17:55:00,33.715,33.715,33.68,33.68,1400,0
2017-04-11,18:00:00,33.69,33.75,33.68,33.695,10699,0
2017-04-11,18:05:00,33.7,33.73,33.65,33.65,1800,0
2017-04-11,18:10:00,33.65,33.75,33.65,33.75,2310,0
2017-04-11,18:15:00,33.75,33.75,33.69,33.75,8300,0
2017-04-11,18:20:00,33.745,33.75,33.72,33.75,7700,0
2017-04-11,18:25:00,33.75,33.75,33.73,33.73,11000,0
2017-04-11,18:30:00,33.74,33.93,33.67,33.9199,5500,0
2017-04-11,18:35:00,34,34.02,33.81,33.82,6750,0
2017-04-11,18:40:00,33.82,34,33.82,34,5000,0
2017-04-11,18:45:00,33.99,33.99,33.95,33.95,2000,0
2017-04-11,18:50:00,33.95,33.975,33.8,33.8,2100,0
2017-04-11,18:55:00,33.8,33.9,33.7,33.9,4400,0
2017-04-11,19:00:00,33.77,33.95,33.77,33.93,1700,0
2017-04-11,19:05:00,33.94,34,33.8,34,6721,0
2017-04-11,19:10:00,34,34,33.85,33.85,12100,0
2017-04-11,19:15:00,33.89,34,33.89,33.94,4600,0
2017-04-11,19:20:00,33.97,34,33.96,34,2500,0
2017-04-11,19:25:00,33.985,34.21,33.94,34.15,7534,0
2017-04-11,19:30:00,34.13,34.24,34.04,34.16,2600,0
2017-04-11,19:35:00,34.23,34.23,34.08,34.16,4040,0
2017-04-11,19:40:00,34.16,34.16,34.075,34.1,2500,0
2017-04-11,19:45:00,34.11,34.17,34,34,2700,0
2017-04-11,19:50:00,34,34.1,34,34.06,3200,0
2017-04-11,19:55:00,34.06,34.25,34.06,34.2,3000,0
2017-04-11,20:00:00,34.25,34.25,34.06,34.2,4200,0
2017-04-11,20:05:00,34.19,34.19,34.07,34.12,4400,0
2017-04-11,20:10:00,34.12,34.13,33.99,34.09,4500,0
2017-04-11,20:15:00,34.215,34.215,34.02,34.02,3300,0
2017-04-11,20:20:00,33.96,33.98,33.88,33.88,4100,0
2017-04-11,20:25:00,33.86,34.25,33.82,34.1111,6400,0
2017-04-11,20:30:00,34.12,34.14,34.05,34.1,3900,0
2017-04-11,20:35:00,34.165,34.25,34.165,34.2,6500,0
2017-04-11,20:40:00,34.18,34.18,34.04,34.07,3400,0
2017-04-11,20:45:00,34.07,34.14,34.065,34.1,23200,0
2017-04-11,20:50:00,34.1,34.18,34.05,34.13,4500,0
2017-04-11,20:55:00,34.13,34.165,33.88,34.12,9300,0
2017-04-11,21:00:00,34.12,34.145,34.07,34.07,4800,0
2017-04-11,21:05:00,34.07,34.2,34.04,34.15,4700,0
2017-04-11,21:10:00,34.15,34.25,34.15,34.17,14747,0
2017-04-11,21:15:00,34.15,34.24,34.11,34.24,5300,0
2017-04-11,21:20:00,34.23,34.31,34.23,34.25,9325,0
2017-04-11,21:25:00,34.25,34.29,34.16,34.16,7800,0
2017-04-11,21:30:00,34.23,34.255,34.215,34.255,3000,0
2017-04-11,21:35:00,34.24,34.245,34.21,34.23,6600,0
2017-04-11,21:40:00,34.23,34.34,34.23,34.32,11177,0
2017-04-11,21:45:00,34.32,34.32,34.21,34.25,10868,0
2017-04-11,21:50:00,34.24,34.24,34.07,34.19,12400,0
2017-04-11,21:55:00,34.18,34.25,34.16,34.2,9600,0
2017-04-11,22:00:00,34.18,34.31,34.145,34.18,26188,0
2017-04-12,15:35:00,34.12,34.53,33.98,33.98,577,0
2017-04-12,15:40:00,33.97,34.0696,33.97,34.0696,300,0
2017-04-12,15:45:00,33.98,34.37,33.97,34.37,400,0
2017-04-12,15:50:00,34.175,34.175,33.98,33.98,600,0
2017-04-12,15:55:00,33.98,34.37,33.82,33.82,1100,0
2017-04-12,16:00:00,33.82,34.115,33.82,33.92,600,0
2017-04-12,16:05:00,33.93,34.175,33.93,34.175,500,0
2017-04-12,16:10:00,34.175,34.69,34.1,34.69,6800,0
2017-04-12,16:15:00,34.8,34.95,34.72,34.94,7920,0
2017-04-12,16:20:00,34.88,34.88,34.45,34.6,4700,0
2017-04-12,16:25:00,34.6499,34.65,34.35,34.65,5000,0
2017-04-12,16:30:00,34.65,34.65,34.44,34.555,3912,0
2017-04-12,16:35:00,34.58,34.58,34.46,34.57,3600,0
2017-04-12,16:40:00,34.48,34.57,34.45,34.5,2800,0
2017-04-12,16:45:00,34.5,34.5,34.46,34.5,3480,0
2017-04-12,16:50:00,34.46,34.51,34.41,34.51,1100,0
2017-04-12,16:55:00,34.38,34.51,34.38,34.51,500,0
2017-04-12,17:00:00,34.51,34.51,34.39,34.51,532,0
2017-04-12,17:05:00,34.47,34.51,34.12,34.301,8400,0
2017-04-12,17:10:00,34.29,34.33,34.16,34.27,1800,0
2017-04-12,17:15:00,34.2,34.28,34.1,34.28,900,0
2017-04-12,17:20:00,34.13,34.26,34.1,34.115,2939,0
2017-04-12,17:25:00,34.11,34.11,34,34,1100,0
2017-04-12,17:30:00,34,34.025,33.9,33.9,2900,0
2017-04-12,17:35:00,33.93,33.93,33.735,33.735,10890,0
2017-04-12,17:40:00,33.725,33.8,33.67,33.745,8950,0
2017-04-12,17:45:00,33.74,33.87,33.65,33.65,7316,0
2017-04-12,17:50:00,33.695,33.955,33.65,33.9,22900,0
2017-04-12,17:55:00,34.06,34.06,33.83,33.99,13556,0
2017-04-12,18:00:00,33.95,34.15,33.95,34.05,3300,0
2017-04-12,18:05:00,33.99,34.1,33.975,34.1,1538,0
2017-04-12,18:10:00,33.92,34.12,33.79,34.12,3000,0
2017-04-12,18:15:00,34.18,34.18,34.085,34.18,900,0
2017-04-12,18:20:00,34.18,34.24,34.1,34.1,2600,0
2017-04-12,18:25:00,34.08,34.15,34.08,34.105,1100,0
2017-04-12,18:30:00,34.15,34.15,33.99,34.05,2400,0
2017-04-12,18:35:00,33.99,34.08,33.97,34.08,4292,0
2017-04-12,18:40:00,34.08,34.08,33.995,34.08,1800,0
2017-04-12,18:45:00,34.09,34.09,34.05,34.05,400,0
2017-04-12,18:50:00,34.09,34.09,34.06,34.07,2400,0
2017-04-12,18:55:00,34.1,34.1,34.04,34.1,1300,0
2017-04-12,19:00:00,34.05,34.1,34.03,34.03,1550,0
2017-04-12,19:05:00,34.1,34.23,34.065,34.23,4700,0
2017-04-12,19:10:00,34.22,34.22,34.18,34.18,700,0
2017-04-12,19:15:00,34.18,34.18,34.015,34.1,3800,0
2017-04-12,19:20:00,34.1,34.1,34.05,34.05,1500,0
2017-04-12,19:25:00,34.05,34.05,34,34.05,1000,0
2017-04-12,19:30:00,34.06,34.09,34.02,34.045,1500,0
2017-04-12,19:35:00,34.02,34.07,34.02,34.045,2000,0
2017-04-12,19:40:00,34.07,34.1,34.045,34.06,8710,0
2017-04-12,19:45:00,34.05,34.0728,34.045,34.05,7400,0
2017-04-12,19:50:00,34.05,34.05,34.045,34.05,4300,0
2017-04-12,19:55:00,34.05,34.05,34.015,34.015,8800,0
2017-04-12,20:00:00,34.01,34.05,33.95,34.05,1500,0
2017-04-12,20:05:00,34,34.01,33.99,33.99,800,0
2017-04-12,20:10:00,33.97,34.02,33.93,34.02,600,0
2017-04-12,20:15:00,33.92,33.98,33.87,33.98,900,0
2017-04-12,20:20:00,33.95,34.03,33.95,34.03,1700,0
2017-04-12,20:25:00,33.99,34.03,33.96,33.96,1200,0
2017-04-12,20:30:00,33.97,34.03,33.96,33.99,1400,0
2017-04-12,20:35:00,34.03,34.03,34,34.015,1343,0
2017-04-12,20:40:00,34,34.015,33.99,33.99,2300,0
2017-04-12,20:45:00,34,34,33.96,33.985,4400,0
2017-04-12,20:50:00,33.985,34.01,33.96,33.985,1300,0
2017-04-12,20:55:00,33.98,34,33.96,33.99,7300,0
2017-04-12,21:00:00,33.98,34,33.95,34,1200,0
2017-04-12,21:05:00,34,34,33.95,33.95,1600,0
2017-04-12,21:10:00,33.975,33.98,33.9,33.9,2000,0
2017-04-12,21:15:00,33.94,33.99,33.9,33.94,2600,0
2017-04-12,21:20:00,33.94,33.99,33.9,33.98,2776,0
2017-04-12,21:25:00,33.92,34,33.92,33.99,3167,0
2017-04-12,21:30:00,34,34,33.94,33.945,3684,0
2017-04-12,21:35:00,33.96,34,33.96,33.985,1600,0
2017-04-12,21:40:00,33.97,33.985,33.87,33.88,5493,0
2017-04-12,21:45:00,33.9488,33.96,33.89,33.89,4500,0
2017-04-12,21:50:00,33.89,33.91,33.89,33.89,5900,0
2017-04-12,21:55:00,33.88,34.01,33.88,33.98,8590,0
2017-04-12,22:00:00,33.94,34.09,33.79,34.09,12511,0
2017-04-13,15:35:00,34.64,34.64,34.01,34.01,5907,0
2017-04-13,15:40:00,34.02,34.02,33.85,33.85,2200,0
2017-04-13,15:45:00,33.95,33.97,33.89,33.89,1100,0
2017-04-13,15:50:00,33.955,33.955,33.87,33.89,2500,0
2017-04-13,15:55:00,33.86,33.93,33.86,33.91,1300,0
2017-04-13,16:00:00,33.96,33.96,33.9227,33.9227,200,0
2017-04-13,16:05:00,33.91,33.935,33.9,33.92,6920,0
2017-04-13,16:10:00,33.965,34.1,33.965,34.05,9198,0
2017-04-13,16:15:00,34.105,34.105,34.07,34.07,1300,0
2017-04-13,16:20:00,34.07,34.21,34.06,34.19,7700,0
2017-04-13,16:25:00,34.17,34.33,34.14,34.33,6250,0
2017-04-13,16:30:00,34.32,34.4,34.25,34.28,6400,0
2017-04-13,16:35:00,34.19,34.245,34.19,34.19,600,0
2017-04-13,16:40:00,34.196,34.196,34.12,34.14,3400,0
2017-04-13,16:45:00,34.12,34.18,34.08,34.08,3000,0
2017-04-13,16:50:00,34.06,34.06,33.98,33.98,4050,0
2017-04-13,16:55:00,33.985,34.06,33.985,33.995,5900,0
2017-04-13,17:00:00,33.97,33.97,33.9,33.92,3100,0
2017-04-13,17:05:00,33.93,34.02,33.91,34,5000,0
2017-04-13,17:10:00,33.99,33.99,33.95,33.95,2500,0
2017-04-13,17:15:00,33.95,33.96,33.89,33.9,5800,0
2017-04-13,17:20:00,33.89,33.915,33.85,33.9,6225,0
2017-04-13,17:25:00,33.9,34.03,33.88,33.95,7050,0
2017-04-13,17:30:00,33.95,33.975,33.95,33.95,500,0
2017-04-13,17:35:00,33.95,33.95,33.89,33.905,1700,0
2017-04-13,17:40:00,33.89,33.96,33.89,33.9,8300,0
2017-04-13,17:45:00,33.9,33.94,33.89,33.9,6800,0
2017-04-13,17:50:00,33.9,33.91,33.895,33.9,4644,0
2017-04-13,17:55:00,33.9,34.03,33.89,34.03,5625,0
2017-04-13,18:00:00,34,34,33.835,33.9,15075,0
2017-04-13,18:05:00,33.9,33.92,33.855,33.9,14222,0
2017-04-13,18:10:00,33.87,33.9299,33.73,33.8,19300,0
2017-04-13,18:15:00,33.81,33.835,33.5,33.51,5943,0
2017-04-13,18:20:00,33.53,33.71,33.5,33.71,3400,0
2017-04-13,18:25:00,33.71,33.845,33.6644,33.71,3700,0
2017-04-13,18:30:00,33.65,33.7,33.63,33.63,2200,0
2017-04-13,18:35:00,33.63,33.63,33.45,33.45,2000,0
2017-04-13,18:40:00,33.44,33.55,33.08,33.53,14486,0
2017-04-13,18:45:00,33.55,33.55,33.41,33.46,3500,0
2017-04-13,18:50:00,33.42,33.43,33.39,33.4099,4700,0
2017-04-13,18:55:00,33.395,33.55,33.395,33.55,2100,0
2017-04-13,19:00:00,33.535,33.535,33.4,33.45,1800,0
2017-04-13,19:05:00,33.5,33.57,33.43,33.54,4325,0
2017-04-13,19:10:00,33.54,33.54,33.5,33.5,1400,0
2017-04-13,19:15:00,33.4801,33.5,33.46,33.46,1600,0
2017-04-13,19:20:00,33.48,33.68,33.48,33.59,3300,0
2017-04-13,19:25:00,33.6,33.62,33.55,33.62,400,0
2017-04-13,19:30:00,33.61,33.8275,33.58,33.78,3300,0
2017-04-13,19:35:00,33.78,33.86,33.775,33.78,800,0
2017-04-13,19:40:00,33.78,33.92,33.7,33.75,4345,0
2017-04-13,19:45:00,33.82,33.825,33.8197,33.825,750,0
2017-04-13,19:50:00,33.75,33.75,33.59,33.7,3750,0
2017-04-13,19:55:00,33.7,33.795,33.7,33.77,1000,0
2017-04-13,20:00:00,33.77,33.77,33.67,33.72,1555,0
2017-04-13,20:05:00,33.72,33.72,33.65,33.715,400,0
2017-04-13,20:10:00,33.65,33.695,33.55,33.65,3400,0
2017-04-13,20:15:00,33.65,33.7775,33.625,33.755,1800,0
2017-04-13,20:20:00,33.755,33.755,33.755,33.755,300,0
2017-04-13,20:25:00,33.755,33.7775,33.71,33.7775,700,0
2017-04-13,20:30:00,33.76,33.76,33.58,33.7,5231,0
2017-04-13,20:35:00,33.72,33.73,33.61,33.61,1000,0
2017-04-13,20:40:00,33.61,33.61,33.61,33.61,200,0
2017-04-13,20:45:00,33.615,33.75,33.615,33.75,2700,0
2017-04-13,20:50:00,33.75,33.79,33.7,33.7,3682,0
2017-04-13,20:55:00,33.7,33.72,33.69,33.7,3520,0
2017-04-13,21:00:00,33.71,33.71,33.685,33.69,400,0
2017-04-13,21:05:00,33.69,33.85,33.68,33.85,9075,0
2017-04-13,21:10:00,33.87,33.87,33.73,33.76,6820,0
2017-04-13,21:15:00,33.68,34.05,33.68,34.05,7866,0
2017-04-13,21:20:00,34.02,34.15,33.9493,33.99,11965,0
2017-04-13,21:25:00,33.99,34,33.89,33.98,11369,0
2017-04-13,21:30:00,34,34,33.97,33.99,3300,0
2017-04-13,21:35:00,33.99,34,33.9201,33.9201,12630,0
2017-04-13,21:40:00,33.92,33.92,33.67,33.8,16815,0
2017-04-13,21:45:00,33.79,33.83,33.7,33.82,9820,0
2017-04-13,21:50:00,33.76,33.97,33.74,33.95,11430,0
2017-04-13,21:55:00,33.95,34,33.845,33.95,15814,0
2017-04-13,22:00:00,33.98,34,33.73,33.91,29469,0
2017-04-17,15:35:00,33.98,34.1899,33.53,34.1,1333,0
2017-04-17,15:40:00,33.85,33.96,33.85,33.9,400,0
2017-04-17,15:45:00,33.85,33.92,33.66,33.7,1200,0
2017-04-17,15:50:00,33.715,33.715,33.71,33.71,200,0
2017-04-17,15:55:00,33.45,33.64,33.33,33.34,500,0
2017-04-17,16:00:00,33.54,33.54,33.15,33.15,1600,0
2017-04-17,16:05:00,33.35,33.86,33.2,33.7,10300,0
2017-04-17,16:10:00,33.7,33.88,33.56,33.75,8200,0
2017-04-17,16:15:00,33.75,33.81,33.6,33.645,3300,0
2017-04-17,16:20:00,33.69,33.8,33.55,33.62,4210,0
2017-04-17,16:25:00,33.61,33.62,33.47,33.47,1000,0
2017-04-17,16:30:00,33.52,33.66,33.5,33.5,2535,0
2017-04-17,16:35:00,33.5,33.555,33.5,33.55,600,0
2017-04-17,16:40:00,33.52,33.55,33.52,33.55,800,0
2017-04-17,16:45:00,33.52,33.61,33.45,33.45,10028,0
2017-04-17,16:50:00,33.465,33.58,33.37,33.5,19075,0
2017-04-17,16:55:00,33.47,33.495,33.47,33.495,500,0
2017-04-17,17:00:00,33.495,33.52,33.47,33.49,3400,0
2017-04-17,17:05:00,33.5,33.53,33.48,33.48,3524,0
2017-04-17,17:10:00,33.5,33.515,33.48,33.515,5200,0
2017-04-17,17:15:00,33.505,33.51,33.47,33.47,4520,0
2017-04-17,17:20:00,33.47,33.49,33.45,33.49,1625,0
2017-04-17,17:25:00,33.5,33.59,33.48,33.525,24123,0
2017-04-17,17:30:00,33.58,33.58,33.55,33.58,1100,0
2017-04-17,17:35:00,33.56,33.64,33.54,33.6107,2100,0
2017-04-17,17:40:00,33.57,33.67,33.57,33.64,1600,0
2017-04-17,17:45:00,33.645,33.83,33.645,33.67,3900,0
2017-04-17,17:50:00,33.67,33.765,33.67,33.74,3200,0
2017-04-17,17:55:00,33.73,33.82,33.67,33.7,1900,0
2017-04-17,18:00:00,33.76,33.83,33.68,33.72,1600,0
2017-04-17,18:05:00,33.67,33.74,33.67,33.74,1400,0
2017-04-17,18:10:00,33.74,33.7775,33.74,33.7675,3104,0
2017-04-17,18:15:00,33.765,33.765,33.72,33.74,3200,0
2017-04-17,18:20:00,33.72,33.74,33.7,33.7,700,0
2017-04-17,18:25:00,33.72,33.72,33.71,33.71,300,0
2017-04-17,18:30:00,33.71,33.74,33.71,33.74,400,0
2017-04-17,18:35:00,33.74,33.77,33.74,33.76,1800,0
2017-04-17,18:40:00,33.78,33.85,33.74,33.85,4369,0
2017-04-17,18:45:00,33.85,33.9,33.815,33.815,4021,0
2017-04-17,18:50:00,33.82,33.82,33.73,33.73,1900,0
2017-04-17,18:55:00,33.745,33.795,33.74,33.795,2300,0
2017-04-17,19:00:00,33.77,33.83,33.77,33.83,200,0
2017-04-17,19:05:00,33.815,33.84,33.805,33.84,2400,0
2017-04-17,19:10:00,33.84,33.84,33.78,33.79,2200,0
2017-04-17,19:15:00,33.78,33.87,33.75,33.79,4706,0
2017-04-17,19:20:00,33.8,33.8,33.77,33.77,1100,0
2017-04-17,19:25:00,33.77,33.77,33.725,33.73,3900,0
2017-04-17,19:30:00,33.72,33.72,33.71,33.72,1800,0
2017-04-17,19:35:00,33.7,33.725,33.7,33.725,400,0
2017-04-17,19:40:00,33.71,33.725,33.5,33.6,9760,0
2017-04-17,19:45:00,33.62,33.625,33.58,33.625,800,0
2017-04-17,19:50:00,33.6,33.625,33.51,33.54,1500,0
2017-04-17,19:55:00,33.51,33.53,33.45,33.505,8669,0
2017-04-17,20:00:00,33.49,33.51,33.46,33.485,6480,0
2017-04-17,20:05:00,33.5,33.565,33.48,33.565,3100,0
2017-04-17,20:10:00,33.56,33.62,33.53,33.6,14222,0
2017-04-17,20:15:00,33.6,33.6,33.5,33.5,3307,0
2017-04-17,20:20:00,33.5,33.52,33.49,33.5,2100,0
2017-04-17,20:25:00,33.48,33.505,33.45,33.495,16553,0
2017-04-17,20:30:00,33.5,33.51,33.495,33.5,1500,0
2017-04-17,20:35:00,33.5,33.505,33.495,33.505,2100,0
2017-04-17,20:40:00,33.51,33.51,33.49,33.49,2661,0
2017-04-17,20:45:00,33.48,33.48,33.43,33.45,12676,0
2017-04-17,20:50:00,33.455,33.46,33.4401,33.45,5200,0
2017-04-17,20:55:00,33.45,33.455,33.45,33.45,1200,0
2017-04-17,21:00:00,33.45,33.455,33.44,33.45,2700,0
2017-04-17,21:05:00,33.45,33.455,33.43,33.445,1900,0
2017-04-17,21:10:00,33.45,33.46,33.43,33.445,5503,0
2017-04-17,21:15:00,33.45,33.455,33.14,33.14,18046,0
2017-04-17,21:20:00,33.14,33.34,33.12,33.26,8946,0
2017-04-17,21:25:00,33.25,33.26,33.15,33.17,2700,0
2017-04-17,21:30:00,33.16,33.2,32.95,32.9925,11382,0
2017-04-17,21:35:00,33.05,33.27,33.02,33.04,6500,0
2017-04-17,21:40:00,33.02,33.26,33,33.21,5600,0
2017-04-17,21:45:00,33.15,33.26,33.1,33.135,5713,0
2017-04-17,21:50:00,33.15,33.26,33.12,33.185,5971,0
2017-04-17,21:55:00,33.22,33.245,33.15,33.15,3571,0
2017-04-17,22:00:00,33.165,33.18,33.07,33.09,12990,0
2017-04-18,15:35:00,32.76,32.76,32.39,32.39,910,0
2017-04-18,15:40:00,32.6501,32.83,32.65,32.67,900,0
2017-04-18,15:45:00,32.73,32.73,32.55,32.61,6207,0
2017-04-18,15:50:00,32.65,32.725,32.58,32.725,4908,0
2017-04-18,15:55:00,32.66,32.91,32.66,32.91,2700,0
2017-04-18,16:00:00,32.9,33.025,32.85,33,4472,0
2017-04-18,16:05:00,33,33.1904,33,33.02,8200,0
2017-04-18,16:10:00,33.04,33.04,33,33.01,10700,0
2017-04-18,16:15:00,33.01,33.12,33.01,33.08,3300,0
2017-04-18,16:20:00,33.14,33.19,33.02,33.04,24850,0
2017-04-18,16:25:00,33.025,33.04,32.85,32.85,15058,0
2017-04-18,16:30:00,32.73,32.73,32.73,32.73,100,0
2017-04-18,16:35:00,32.9,32.98,32.88,32.88,3000,0
2017-04-18,16:40:00,32.88,32.88,32.83,32.84,2823,0
2017-04-18,16:45:00,32.855,32.94,32.85,32.94,3599,0
2017-04-18,16:50:00,32.94,32.98,32.87,32.94,15022,0
2017-04-18,16:55:00,32.95,32.98,32.88,32.91,4300,0
2017-04-18,17:00:00,32.96,32.96,32.86,32.915,950,0
2017-04-18,17:05:00,32.95,32.95,32.9,32.9,3700,0
2017-04-18,17:10:00,32.93,32.93,32.9,32.9,2300,0
2017-04-18,17:15:00,32.92,32.935,32.9,32.93,3400,0
2017-04-18,17:20:00,32.92,32.97,32.92,32.97,1627,0
2017-04-18,17:25:00,32.95,32.95,32.93,32.93,300,0
2017-04-18,17:30:00,32.93,32.94,32.91,32.91,2927,0
2017-04-18,17:35:00,32.91,32.93,32.78,32.8,7450,0
2017-04-18,17:40:00,32.79,32.81,32.75,32.79,2400,0
2017-04-18,17:45:00,32.76,32.81,32.75,32.75,4900,0
2017-04-18,17:50:00,32.76,32.83,32.75,32.83,7059,0
2017-04-18,17:55:00,32.84,32.87,32.82,32.84,3000,0
2017-04-18,18:00:00,32.84,32.92,32.79,32.8,5000,0
2017-04-18,18:05:00,32.79,32.81,32.76,32.79,2400,0
2017-04-18,18:10:00,32.76,32.7875,32.75,32.76,1800,0
2017-04-18,18:15:00,32.78,32.78,32.75,32.75,2386,0
2017-04-18,18:20:00,32.75,32.77,32.75,32.75,1100,0
2017-04-18,18:25:00,32.75,32.75,32.75,32.75,700,0
2017-04-18,18:30:00,32.75,32.765,32.52,32.58,28135,0
2017-04-18,18:35:00,32.6,32.65,32.5901,32.6475,2464,0
2017-04-18,18:40:00,32.63,32.63,32.57,32.6,2387,0
2017-04-18,18:45:00,32.6,32.6,32.57,32.57,800,0
2017-04-18,18:50:00,32.59,32.59,32.54,32.55,5886,0
2017-04-18,18:55:00,32.56,32.58,32.56,32.58,1900,0
2017-04-18,19:00:00,32.56,32.56,32.56,32.56,100,0
2017-04-18,19:05:00,32.56,32.56,32.55,32.55,1000,0
2017-04-18,19:10:00,32.545,32.545,32.44,32.49,3700,0
2017-04-18,19:15:00,32.49,32.52,32.46,32.52,3600,0
2017-04-18,19:20:00,32.52,32.52,32.4,32.4,3700,0
2017-04-18,19:25:00,32.39,32.39,32.29,32.3475,3900,0
2017-04-18,19:30:00,32.3,32.3,32.15,32.19,4300,0
2017-04-18,19:35:00,32.19,32.36,32.18,32.36,8900,0
2017-04-18,19:40:00,32.41,32.58,32.41,32.58,5255,0
2017-04-18,19:45:00,32.6,32.81,32.57,32.67,10421,0
2017-04-18,19:50:00,32.67,32.76,32.57,32.57,5578,0
2017-04-18,19:55:00,32.51,32.51,32.305,32.44,8800,0
2017-04-18,20:00:00,32.42,32.48,32.36,32.48,7500,0
2017-04-18,20:05:00,32.385,32.42,32.265,32.35,5400,0
2017-04-18,20:10:00,32.35,32.35,32.26,32.26,4300,0
2017-04-18,20:15:00,32.25,32.27,32.14,32.14,1700,0
2017-04-18,20:20:00,32.11,32.33,32.11,32.3,8825,0
2017-04-18,20:25:00,32.27,32.33,32.22,32.22,5368,0
2017-04-18,20:30:00,32.22,32.22,32.1,32.12,2600,0
2017-04-18,20:35:00,32.12,32.12,31.94,31.975,8250,0
2017-04-18,20:40:00,31.975,32.07,31.968,32.02,7700,0
2017-04-18,20:45:00,32.02,32.09,32.005,32.025,6900,0
2017-04-18,20:50:00,32.04,32.21,32.025,32.21,6000,0
2017-04-18,20:55:00,32.12,32.2,32.12,32.17,7700,0
2017-04-18,21:00:00,32.17,32.19,32.06,32.19,7200,0
2017-04-18,21:05:00,32.19,32.205,32.165,32.175,2400,0
2017-04-18,21:10:00,32.18,32.18,32.16,32.16,2600,0
2017-04-18,21:15:00,32.155,32.16,32.12,32.13,11600,0
2017-04-18,21:20:00,32.12,32.14,32.105,32.13,2500,0
2017-04-18,21:25:00,32.13,32.13,32.11,32.11,3800,0
2017-04-18,21:30:00,32.11,32.13,32.06,32.06,3500,0
2017-04-18,21:35:00,32.06,32.07,32.01,32.06,12617,0
2017-04-18,21:40:00,32.08,32.12,32.06,32.12,10045,0
2017-04-18,21:45:00,32.115,32.12,32.1,32.11,12264,0
2017-04-18,21:50:00,32.1,32.12,32.07,32.12,7915,0
2017-04-18,21:55:00,32.12,32.12,32.1,32.11,9100,0
2017-04-18,22:00:00,32.11,32.115,31.96,31.96,42017,0
2017-04-19,15:35:00,32.14,32.37,31.98,32.35,2999,0
2017-04-19,15:40:00,32.46,32.78,32.46,32.47,2300,0
2017-04-19,15:45:00,32.5809,32.74,32.455,32.73,21600,0
2017-04-19,15:50:00,32.7,32.75,32.5,32.74,11900,0
2017-04-19,15:55:00,32.54,32.63,32.54,32.6,11494,0
2017-04-19,16:00:00,32.62,32.63,32.595,32.62,22872,0
2017-04-19,16:05:00,32.61,32.71,32.6,32.695,4345,0
2017-04-19,16:10:00,32.72,32.73,32.6,32.625,3530,0
2017-04-19,16:15:00,32.6,32.65,32.59,32.59,2600,0
2017-04-19,16:20:00,32.57,32.57,32.52,32.54,1600,0
2017-04-19,16:25:00,32.54,32.58,32.46,32.46,1900,0
2017-04-19,16:30:00,32.46,32.46,32.315,32.4,24720,0
2017-04-19,16:35:00,32.4,32.4,32.15,32.19,6000,0
2017-04-19,16:40:00,32.19,32.21,31.97,32.17,10492,0
2017-04-19,16:45:00,32.16,32.16,32,32,10250,0
2017-04-19,16:50:00,32.01,32.05,31.9,32.046,33407,0
2017-04-19,16:55:00,32,32.04,31.86,31.89,36645,0
2017-04-19,17:00:00,31.85,31.96,31.55,31.62,16580,0
2017-04-19,17:05:00,31.62,31.62,30.97,31.23,22390,0
2017-04-19,17:10:00,31.285,31.48,31.25,31.48,11394,0
2017-04-19,17:15:00,31.46,31.54,31.3401,31.54,6259,0
2017-04-19,17:20:00,31.51,31.64,31.39,31.42,12161,0
2017-04-19,17:25:00,31.38,31.48,31.285,31.3299,12900,0
2017-04-19,17:30:00,31.3,31.4,31.3,31.36,5186,0
2017-04-19,17:35:00,31.395,31.44,31.29,31.34,11500,0
2017-04-19,17:40:00,31.385,31.385,31.33,31.33,1456,0
2017-04-19,17:45:00,31.33,31.33,31.16,31.16,3800,0
2017-04-19,17:50:00,31.16,31.16,31.06,31.06,3700,0
2017-04-19,17:55:00,31.06,31.13,31.01,31.02,18440,0
2017-04-19,18:00:00,31.065,31.09,30.88,30.8905,12155,0
2017-04-19,18:05:00,30.89,30.95,30.73,30.95,14550,0
2017-04-19,18:10:00,30.905,30.97,30.86,30.86,4000,0
2017-04-19,18:15:00,30.9,31.04,30.85,31.04,24250,0
2017-04-19,18:20:00,30.99,31,30.84,30.845,5700,0
2017-04-19,18:25:00,30.8,30.89,30.71,30.75,2800,0
2017-04-19,18:30:00,30.8,30.97,30.75,30.88,37600,0
2017-04-19,18:35:00,30.89,30.89,30.89,30.89,350,0
2017-04-19,18:40:00,30.94,30.97,30.94,30.94,4000,0
2017-04-19,18:45:00,30.99,30.99,30.86,30.97,3100,0
2017-04-19,18:50:00,30.87,30.95,30.86,30.86,3100,0
2017-04-19,18:55:00,30.86,30.8875,30.79,30.79,1700,0
2017-04-19,19:00:00,30.79,30.82,30.79,30.79,1100,0
2017-04-19,19:05:00,30.83,30.83,30.6,30.72,8277,0
2017-04-19,19:10:00,30.71,30.76,30.63,30.66,2400,0
2017-04-19,19:15:00,30.66,30.7275,30.58,30.64,5380,0
2017-04-19,19:20:00,30.635,30.71,30.635,30.71,2555,0
2017-04-19,19:25:00,30.76,30.76,30.71,30.71,900,0
2017-04-19,19:30:00,30.71,30.86,30.71,30.86,12500,0
2017-04-19,19:35:00,30.86,30.8945,30.71,30.87,12458,0
2017-04-19,19:40:00,30.76,30.865,30.54,30.74,10551,0
2017-04-19,19:45:00,30.79,30.79,30.64,30.64,1600,0
2017-04-19,19:50:00,30.64,30.73,30.57,30.6,3400,0
2017-04-19,19:55:00,30.6531,30.6531,30.58,30.6,4000,0
2017-04-19,20:00:00,30.58,30.6,30.3,30.33,10800,0
2017-04-19,20:05:00,30.35,30.35,30.1,30.265,15567,0
2017-04-19,20:10:00,30.24,30.34,30.23,30.23,15974,0
2017-04-19,20:15:00,30.22,30.3,30.15,30.2,13809,0
2017-04-19,20:20:00,30.18,30.2,30.01,30.02,7537,0
2017-04-19,20:25:00,30,30.08,29.87,29.945,33964,0
2017-04-19,20:30:00,29.99,30.03,29.9225,29.935,16264,0
2017-04-19,20:35:00,29.935,30.44,29.935,30.28,143461,0
2017-04-19,20:40:00,30.285,30.54,30.25,30.5,74397,0
2017-04-19,20:45:00,30.535,30.59,30.39,30.415,61520,0
2017-04-19,20:50:00,30.41,30.43,30.26,30.3894,16533,0
2017-04-19,20:55:00,30.36,30.36,30.29,30.3,10732,0
2017-04-19,21:00:00,30.3,30.439,30.29,30.42,19213,0
2017-04-19,21:05:00,30.38,30.44,30.295,30.305,7700,0
2017-04-19,21:10:00,30.31,30.31,30.28,30.3,10500,0
2017-04-19,21:15:00,30.3,30.35,30.29,30.32,17130,0
2017-04-19,21:20:00,30.32,30.33,30.125,30.18,25258,0
2017-04-19,21:25:00,30.15,30.16,30.01,30.01,16235,0
2017-04-19,21:30:00,30.01,30.01,29.88,29.97,130186,0
2017-04-19,21:35:00,29.98,30.09,29.965,30.065,34077,0
2017-04-19,21:40:00,30.065,30.3,30.05,30.244,42839,0
2017-04-19,21:45:00,30.24,30.24,30.03,30.055,42762,0
2017-04-19,21:50:00,30.05,30.12,29.92,30.095,48769,0
2017-04-19,21:55:00,30.095,30.29,30.095,30.27,57640,0
2017-04-19,22:00:00,30.27,30.44,30.14,30.3,75695,0
2017-04-20,15:35:00,30.25,30.25,30.2,30.21,616,0
2017-04-20,15:40:00,30.2,30.54,30.2,30.425,2700,0
2017-04-20,15:45:00,30.22,30.59,30.22,30.56,2700,0
2017-04-20,15:50:00,30.32,30.49,30.31,30.31,2100,0
2017-04-20,15:55:00,30.3,30.47,30.29,30.4156,2400,0
2017-04-20,16:00:00,30.4,30.4,30.36,30.4,1000,0
2017-04-20,16:05:00,30.49,30.78,30.485,30.74,8480,0
2017-04-20,16:10:00,30.735,30.75,30.61,30.63,8600,0
2017-04-20,16:15:00,30.635,30.75,30.635,30.72,1400,0
2017-04-20,16:20:00,30.75,31.02,30.72,30.885,6200,0
2017-04-20,16:25:00,30.865,30.91,30.62,30.69,5980,0
2017-04-20,16:30:00,30.67,30.9,30.67,30.89,2100,0
2017-04-20,16:35:00,30.845,30.95,30.71,30.71,7300,0
2017-04-20,16:40:00,30.72,30.72,30.66,30.695,2900,0
2017-04-20,16:45:00,30.71,30.76,30.71,30.75,5422,0
2017-04-20,16:50:00,30.77,30.85,30.46,30.46,10400,0
2017-04-20,16:55:00,30.465,30.535,30.35,30.495,2500,0
2017-04-20,17:00:00,30.52,30.52,30.42,30.42,2300,0
2017-04-20,17:05:00,30.42,30.535,30.24,30.48,8600,0
2017-04-20,17:10:00,30.48,30.5,30.395,30.5,2300,0
2017-04-20,17:15:00,30.5,30.5,30.31,30.38,4080,0
2017-04-20,17:20:00,30.41,30.54,30.38,30.47,4700,0
2017-04-20,17:25:00,30.48,30.545,30.475,30.49,3500,0
2017-04-20,17:30:00,30.545,30.56,30.345,30.5,5630,0
2017-04-20,17:35:00,30.5,30.76,30.45,30.76,34000,0
2017-04-20,17:40:00,30.735,30.86,30.715,30.715,3000,0
2017-04-20,17:45:00,30.617,30.83,30.617,30.74,4198,0
2017-04-20,17:50:00,30.8,30.87,30.73,30.74,1900,0
2017-04-20,17:55:00,30.68,30.75,30.68,30.75,400,0
2017-04-20,18:00:00,30.72,30.83,30.613,30.83,6120,0
2017-04-20,18:05:00,30.85,30.97,30.8,30.8,5800,0
2017-04-20,18:10:00,30.82,31.02,30.805,30.9,8090,0
2017-04-20,18:15:00,30.84,30.93,30.84,30.93,1700,0
2017-04-20,18:20:00,30.865,31.14,30.821,31.005,7350,0
2017-04-20,18:25:00,31.1,31.1,30.93,30.94,2627,0
2017-04-20,18:30:00,30.94,30.94,30.72,30.72,1500,0
2017-04-20,18:35:00,30.795,31.11,30.74,30.85,7718,0
2017-04-20,18:40:00,30.85,31.13,30.82,31.13,3241,0
2017-04-20,18:45:00,31.05,31.39,31.035,31.13,7940,0
2017-04-20,18:50:00,31.045,31.2,31.0332,31.2,2200,0
2017-04-20,18:55:00,31.1,31.16,30.98,30.98,6400,0
2017-04-20,19:00:00,30.95,30.96,30.93,30.93,2375,0
2017-04-20,19:05:00,30.85,30.9,30.68,30.9,3600,0
2017-04-20,19:10:00,30.95,30.95,30.76,30.85,2700,0
2017-04-20,19:15:00,30.86,31.05,30.83,31.02,14400,0
2017-04-20,19:20:00,30.99,31.05,30.97,31.05,7528,0
2017-04-20,19:25:00,31.05,31.25,31.046,31.12,8300,0
2017-04-20,19:30:00,31.13,31.7,31.11,31.46,5902,0
2017-04-20,19:35:00,31.545,31.545,31.41,31.47,2300,0
2017-04-20,19:40:00,31.51,31.51,31.17,31.22,10500,0
2017-04-20,19:45:00,31.2,31.5,31.2,31.4,9900,0
2017-04-20,19:50:00,31.42,31.42,31.135,31.14,3600,0
2017-04-20,19:55:00,31.2,31.4,31.18,31.395,4000,0
2017-04-20,20:00:00,31.395,31.49,31.365,31.49,1898,0
2017-04-20,20:05:00,31.49,31.5,31.43,31.46,1700,0
2017-04-20,20:10:00,31.42,31.45,31.25,31.35,7294,0
2017-04-20,20:15:00,31.28,31.5,31.28,31.5,1900,0
2017-04-20,20:20:00,31.41,31.49,31.41,31.41,2400,0
2017-04-20,20:25:00,31.41,31.41,31.34,31.34,3400,0
2017-04-20,20:30:00,31.33,31.33,31.22,31.28,4400,0
2017-04-20,20:35:00,31.27,31.37,31.27,31.34,2700,0
2017-04-20,20:40:00,31.32,31.35,31.31,31.35,3250,0
2017-04-20,20:45:00,31.35,31.48,31.335,31.41,8800,0
2017-04-20,20:50:00,31.4,31.415,31.32,31.32,2235,0
2017-04-20,20:55:00,31.325,31.38,31.31,31.33,4639,0
2017-04-20,21:00:00,31.32,31.32,31.07,31.26,6300,0
2017-04-20,21:05:00,31.2,31.33,31.115,31.3,5000,0
2017-04-20,21:10:00,31.27,31.33,31.27,31.3,5100,0
2017-04-20,21:15:00,31.3,31.3,31.215,31.22,4700,0
2017-04-20,21:20:00,31.235,31.29,31.225,31.225,7418,0
2017-04-20,21:25:00,31.24,31.24,31,31.09,14652,0
2017-04-20,21:30:00,31.05,31.22,31.05,31.15,9629,0
2017-04-20,21:35:00,31.12,31.15,31.1,31.11,6585,0
2017-04-20,21:40:00,31.1,31.13,31.08,31.08,12364,0
2017-04-20,21:45:00,31.09,31.165,31.08,31.13,9824,0
2017-04-20,21:50:00,31.13,31.14,31.095,31.1,9359,0
2017-04-20,21:55:00,31.1,31.1,31.01,31.05,18397,0
2017-04-20,22:00:00,31.04,31.15,30.99,31.07,44353,0
2017-04-21,15:35:00,30.82,30.82,30.82,30.82,1223,0
2017-04-21,15:45:00,30.89,31,30.89,31,15000,0
2017-04-21,15:50:00,31.08,31.17,31.03,31.07,3305,0
2017-04-21,15:55:00,31.07,31.11,31.07,31.11,15600,0
2017-04-21,16:00:00,30.75,30.99,30.75,30.865,1180,0
2017-04-21,16:05:00,30.87,30.97,30.785,30.785,800,0
2017-04-21,16:10:00,30.87,31.05,30.73,31.05,33412,0
2017-04-21,16:15:00,30.92,31.09,30.9,31,11200,0
2017-04-21,16:20:00,31,31.05,30.94,30.95,3900,0
2017-04-21,16:25:00,30.9,31.12,30.9,31.09,12300,0
2017-04-21,16:35:00,31.15,31.15,31.05,31.05,2100,0
2017-04-21,16:40:00,31.05,31.09,30.895,30.93,2867,0
2017-04-21,16:45:00,30.9,31.04,30.87,30.96,3100,0
2017-04-21,16:50:00,31.04,31.04,31.03,31.03,200,0
2017-04-21,16:55:00,30.94,30.94,30.85,30.855,5400,0
2017-04-21,17:00:00,30.75,30.85,30.73,30.8,24400,0
2017-04-21,17:05:00,30.79,30.87,30.75,30.81,6285,0
2017-04-21,17:10:00,30.8,30.81,30.75,30.75,20175,0
2017-04-21,17:15:00,30.75,30.75,30.7301,30.75,3700,0
2017-04-21,17:20:00,30.73,30.81,30.72,30.73,6531,0
2017-04-21,17:25:00,30.75,30.75,30.73,30.75,4000,0
2017-04-21,17:30:00,30.81,30.81,30.74,30.81,300,0
2017-04-21,17:35:00,30.81,30.8199,30.8,30.8,1100,0
2017-04-21,17:40:00,30.82,30.82,30.789,30.8,1600,0
2017-04-21,17:45:00,30.82,30.82,30.77,30.77,400,0
2017-04-21,17:50:00,30.77,30.79,30.7449,30.75,8534,0
2017-04-21,17:55:00,30.75,30.84,30.75,30.83,8220,0
2017-04-21,18:00:00,30.82,30.83,30.78,30.805,900,0
2017-04-21,18:05:00,30.79,30.8,30.74,30.74,1300,0
2017-04-21,18:10:00,30.72,30.78,30.72,30.78,2720,0
2017-04-21,18:15:00,30.74,30.75,30.73,30.75,6000,0
2017-04-21,18:20:00,30.765,30.765,30.73,30.73,600,0
2017-04-21,18:25:00,30.75,30.75,30.75,30.75,100,0
2017-04-21,18:30:00,30.71,30.74,30.71,30.74,300,0
2017-04-21,18:35:00,30.74,30.76,30.74,30.75,2800,0
2017-04-21,18:40:00,30.7525,30.755,30.7,30.7,2300,0
2017-04-21,18:45:00,30.7,30.7,30.5,30.56,6390,0
2017-04-21,18:50:00,30.56,30.595,30.45,30.52,6000,0
2017-04-21,18:55:00,30.54,30.64,30.54,30.63,965,0
2017-04-21,19:00:00,30.62,30.71,30.62,30.68,1725,0
2017-04-21,19:05:00,30.685,30.7,30.65,30.65,2125,0
2017-04-21,19:10:00,30.66,30.76,30.65,30.65,3200,0
2017-04-21,19:15:00,30.65,30.69,30.63,30.63,600,0
2017-04-21,19:25:00,30.69,30.795,30.69,30.75,4700,0
2017-04-21,19:30:00,30.7125,30.7125,30.7125,30.7125,100,0
2017-04-21,19:40:00,30.7,30.82,30.7,30.82,1306,0
2017-04-21,19:45:00,30.82,31.11,30.79,31.11,8550,0
2017-04-21,19:50:00,31.17,31.2,31.1,31.2,900,0
2017-04-21,19:55:00,31.14,31.14,30.93,30.93,2200,0
2017-04-21,20:00:00,30.9,30.9,30.9,30.9,100,0
2017-04-21,20:05:00,30.86,31.09,30.86,31.09,900,0
2017-04-21,20:10:00,31.09,31.09,31.04,31.09,380,0
2017-04-21,20:15:00,31.09,31.09,31.09,31.09,200,0
2017-04-21,20:20:00,31.04,31.235,31.04,31.235,2426,0
2017-04-21,20:25:00,31.26,31.28,31.23,31.24,5195,0
2017-04-21,20:30:00,31.24,31.245,31.23,31.24,1796,0
2017-04-21,20:35:00,31.28,31.28,31.2,31.235,2000,0
2017-04-21,20:40:00,31.2,31.31,31.11,31.31,4690,0
2017-04-21,20:45:00,31.31,31.31,31.31,31.31,100,0
2017-04-21,20:50:00,31.28,31.35,31.28,31.35,300,0
2017-04-21,20:55:00,31.35,31.35,31.21,31.3,4800,0
2017-04-21,21:00:00,31.28,31.28,31.28,31.28,200,0
2017-04-21,21:05:00,31.28,31.285,31.28,31.285,200,0
2017-04-21,21:10:00,31.295,31.295,31.26,31.265,700,0
2017-04-21,21:15:00,31.265,31.28,31.18,31.27,2309,0
2017-04-21,21:20:00,31.27,31.27,31.27,31.27,100,0
2017-04-21,21:25:00,31.27,31.36,31.225,31.33,3964,0
2017-04-21,21:30:00,31.29,31.29,31.29,31.29,500,0
2017-04-21,21:35:00,31.29,31.295,31.16,31.16,2300,0
2017-04-21,21:40:00,31.2,31.2,31.16,31.17,2932,0
2017-04-21,21:45:00,31.17,31.19,31.09,31.14,4450,0
2017-04-21,21:50:00,31.1,31.1,31.02,31.03,1600,0
2017-04-21,21:55:00,31.03,31.06,31.03,31.04,1879,0
2017-04-21,22:00:00,31.07,31.13,31.05,31.05,12341,0
2017-04-24,15:35:00,31.45,31.62,31.29,31.405,3354,0
2017-04-24,15:45:00,31.25,31.39,31.1,31.34,1600,0
2017-04-24,15:50:00,31.34,31.36,30.77,30.91,3095,0
2017-04-24,15:55:00,30.9,31,30.83,30.875,12903,0
2017-04-24,16:00:00,30.945,30.975,30.82,30.84,8620,0
2017-04-24,16:05:00,30.83,30.86,30.8,30.845,3830,0
2017-04-24,16:10:00,30.845,31.07,30.83,30.99,6770,0
2017-04-24,16:15:00,30.95,31.04,30.92,30.92,10800,0
2017-04-24,16:20:00,30.99,30.99,30.97,30.97,400,0
2017-04-24,16:25:00,31.02,31.04,30.745,30.97,15560,0
2017-04-24,16:30:00,30.835,30.9,30.815,30.86,30630,0
2017-04-24,16:35:00,30.8725,30.96,30.74,30.96,27830,0
2017-04-24,16:40:00,30.845,30.86,30.82,30.82,3900,0
2017-04-24,16:45:00,30.82,30.85,30.82,30.82,12800,0
2017-04-24,16:50:00,30.82,30.8299,30.82,30.82,4800,0
2017-04-24,16:55:00,30.83,30.83,30.605,30.65,11798,0
2017-04-24,17:00:00,30.66,30.66,30.5,30.6,9178,0
2017-04-24,17:05:00,30.6,30.72,30.6,30.72,6630,0
2017-04-24,17:10:00,30.75,30.77,30.7,30.7,600,0
2017-04-24,17:15:00,30.79,30.79,30.79,30.79,100,0
2017-04-24,17:20:00,30.71,30.755,30.7,30.755,1100,0
2017-04-24,17:25:00,30.755,30.79,30.65,30.69,16274,0
2017-04-24,17:30:00,30.69,30.7,30.63,30.69,3300,0
2017-04-24,17:35:00,30.66,30.76,30.66,30.66,2900,0
2017-04-24,17:40:00,30.705,30.72,30.65,30.72,500,0
2017-04-24,17:45:00,30.685,30.72,30.685,30.685,300,0
2017-04-24,17:50:00,30.71,30.71,30.61,30.61,5740,0
2017-04-24,17:55:00,30.63,30.63,30.61,30.63,1800,0
2017-04-24,18:00:00,30.61,30.62,30.6,30.62,2300,0
2017-04-24,18:05:00,30.64,30.7,30.6,30.6,10500,0
2017-04-24,18:10:00,30.605,30.605,30.52,30.52,8300,0
2017-04-24,18:15:00,30.53,30.595,30.5,30.5125,2735,0
2017-04-24,18:20:00,30.5,30.56,30.495,30.54,7100,0
2017-04-24,18:25:00,30.54,30.59,30.53,30.59,6100,0
2017-04-24,18:30:00,30.625,30.65,30.435,30.62,6400,0
2017-04-24,18:35:00,30.56,30.56,30.4,30.46,3220,0
2017-04-24,18:40:00,30.375,30.42,30.345,30.345,600,0
2017-04-24,18:45:00,30.46,30.47,30.42,30.45,1400,0
2017-04-24,18:50:00,30.37,30.37,30.37,30.37,100,0
2017-04-24,18:55:00,30.38,30.5,30.23,30.37,7878,0
2017-04-24,19:00:00,30.38,30.51,30.38,30.51,4933,0
2017-04-24,19:05:00,30.475,30.59,30.4,30.59,6268,0
2017-04-24,19:10:00,30.65,30.72,30.575,30.6,1230,0
2017-04-24,19:15:00,30.65,30.65,30.56,30.595,1700,0
2017-04-24,19:20:00,30.595,30.72,30.595,30.72,2923,0
2017-04-24,19:25:00,30.68,30.73,30.68,30.7,8200,0
2017-04-24,19:30:00,30.675,30.725,30.675,30.725,1200,0
2017-04-24,19:35:00,30.7,30.7,30.67,30.68,2550,0
2017-04-24,19:40:00,30.67,30.73,30.67,30.72,3000,0
2017-04-24,19:45:00,30.675,30.71,30.67,30.71,1100,0
2017-04-24,19:50:00,30.665,30.665,30.64,30.64,500,0
2017-04-24,19:55:00,30.64,30.69,30.61,30.62,1700,0
2017-04-24,20:00:00,30.55,30.67,30.55,30.67,1877,0
2017-04-24,20:05:00,30.69,30.8,30.69,30.8,800,0
2017-04-24,20:10:00,30.76,30.83,30.755,30.83,1700,0
2017-04-24,20:15:00,30.805,30.83,30.78,30.8,5500,0
2017-04-24,20:20:00,30.805,30.82,30.78,30.78,37100,0
2017-04-24,20:25:00,30.8,30.96,30.8,30.945,4200,0
2017-04-24,20:30:00,30.87,30.955,30.77,30.94,8067,0
2017-04-24,20:35:00,30.94,30.98,30.87,30.87,1102,0
2017-04-24,20:40:00,30.97,30.99,30.96,30.99,1000,0
2017-04-24,20:45:00,30.99,31.01,30.99,30.99,7476,0
2017-04-24,20:50:00,30.99,30.995,30.98,30.99,3400,0
2017-04-24,20:55:00,30.99,30.995,30.965,30.965,2100,0
2017-04-24,21:00:00,30.965,30.99,30.94,30.99,400,0
2017-04-24,21:05:00,30.96,31,30.96,30.99,1646,0
2017-04-24,21:10:00,30.99,31,30.99,31,600,0
2017-04-24,21:15:00,31,31,30.995,31,1090,0
2017-04-24,21:20:00,31,31,30.995,31,1200,0
2017-04-24,21:25:00,31,31,30.99,30.995,4300,0
2017-04-24,21:30:00,30.99,31,30.99,30.99,2000,0
2017-04-24,21:35:00,30.99,31.01,30.99,31,20212,0
2017-04-24,21:40:00,30.995,31,30.99,30.995,45232,0
2017-04-24,21:45:00,31,31,30.99,30.995,20760,0
2017-04-24,21:50:00,30.99,31,30.98,30.995,11850,0
2017-04-24,21:55:00,30.995,31.03,30.93,30.94,33558,0
2017-04-24,22:00:00,30.95,30.97,30.85,30.94,27813,0
2017-04-25,15:35:00,30.92,30.935,30.92,30.935,35455,0
2017-04-25,15:40:00,31.07,31.07,30.9,30.9,50300,0
2017-04-25,15:45:00,30.9,30.975,30.85,30.9,7200,0
2017-04-25,15:50:00,31,31,30.9,31,2700,0
2017-04-25,15:55:00,31.035,31.035,30.8989,30.97,5000,0
2017-04-25,16:00:00,30.98,30.98,30.9,30.93,1300,0
2017-04-25,16:05:00,30.93,30.93,30.92,30.92,200,0
2017-04-25,16:10:00,30.92,31.12,30.895,31.12,1900,0
2017-04-25,16:15:00,31.155,31.16,31,31.12,800,0
2017-04-25,16:20:00,31.15,31.38,31.12,31.38,1100,0
2017-04-25,16:25:00,31.33,31.35,31.32,31.32,700,0
2017-04-25,16:30:00,31.345,31.58,31.25,31.25,14015,0
2017-04-25,16:35:00,31.2,31.23,31,31,2238,0
2017-04-25,16:40:00,31,31.065,31,31.03,800,0
2017-04-25,16:45:00,31.0775,31.11,31.03,31.03,1400,0
2017-04-25,16:50:00,31.05,31.05,30.94,31,6225,0
2017-04-25,16:55:00,30.92,30.99,30.92,30.99,300,0
2017-04-25,17:00:00,30.99,30.99,30.9402,30.9599,900,0
2017-04-25,17:05:00,30.96,31.09,30.96,31.01,4700,0
2017-04-25,17:10:00,31.01,31.01,30.99,30.99,800,0
2017-04-25,17:15:00,31.005,31.09,30.97,31.05,63000,0
2017-04-25,17:20:00,31.12,31.29,31.12,31.26,4030,0
2017-04-25,17:25:00,31.37,31.37,31.3,31.32,700,0
2017-04-25,17:30:00,31.31,31.52,31.31,31.45,11200,0
2017-04-25,17:35:00,31.46,31.46,31.31,31.32,11900,0
2017-04-25,17:40:00,31.32,31.32,31.25,31.2501,1300,0
2017-04-25,17:45:00,31.25,31.25,31.11,31.127,1310,0
2017-04-25,17:50:00,31.1,31.23,31.1,31.23,1844,0
2017-04-25,17:55:00,31.25,31.25,31.18,31.184,2522,0
2017-04-25,18:00:00,31.17,31.17,31.1261,31.1261,600,0
2017-04-25,18:05:00,31.13,31.17,31.13,31.17,800,0
2017-04-25,18:10:00,31.2,31.2,31.2,31.2,100,0
2017-04-25,18:15:00,31.25,31.25,31.225,31.25,900,0
2017-04-25,18:20:00,31.25,31.25,31.225,31.225,500,0
2017-04-25,18:25:00,31.24,31.25,31.24,31.25,300,0
2017-04-25,18:30:00,31.23,31.25,31.23,31.25,400,0
2017-04-25,18:35:00,31.245,31.245,31.19,31.19,6456,0
2017-04-25,18:40:00,31.17,31.17,31.06,31.12,6300,0
2017-04-25,18:45:00,31.08,31.1,31.08,31.09,700,0
2017-04-25,18:50:00,31.12,31.12,31.12,31.12,100,0
2017-04-25,19:00:00,31.12,31.25,31.1,31.1,6292,0
2017-04-25,19:05:00,31.125,31.16,31.1,31.16,900,0
2017-04-25,19:10:00,31.2,31.25,31.2,31.25,300,0
2017-04-25,19:15:00,31.24,31.24,31.24,31.24,100,0
2017-04-25,19:20:00,31.25,31.25,31.23,31.25,400,0
2017-04-25,19:25:00,31.23,31.25,31.22,31.25,1566,0
2017-04-25,19:30:00,31.22,31.25,31.22,31.24,5400,0
2017-04-25,19:35:00,31.23,31.23,31.17,31.21,2700,0
2017-04-25,19:40:00,31.19,31.23,31.19,31.19,2700,0
2017-04-25,19:45:00,31.21,31.21,31.13,31.13,7600,0
2017-04-25,19:50:00,31.14,31.17,31.11,31.14,3134,0
2017-04-25,19:55:00,31.14,31.14,31.12,31.12,600,0
2017-04-25,20:00:00,31.13,31.13,31.09,31.1,9700,0
2017-04-25,20:05:00,31.08,31.14,31.07,31.13,2000,0
2017-04-25,20:10:00,31.14,31.1699,31.14,31.1699,200,0
2017-04-25,20:15:00,31.15,31.16,31.14,31.14,300,0
2017-04-25,20:20:00,31.13,31.1301,31.13,31.1301,800,0
2017-04-25,20:25:00,31.13,31.14,30.97,30.99,6650,0
2017-04-25,20:30:00,31.01,31.045,30.94,30.95,4799,0
2017-04-25,20:35:00,30.93,31.005,30.93,31,5800,0
2017-04-25,20:40:00,30.98,31,30.98,31,300,0
2017-04-25,20:45:00,31,31.31,30.98,31.31,62801,0
2017-04-25,20:50:00,31.31,31.31,31.2,31.26,6143,0
2017-04-25,20:55:00,31.17,31.25,31.15,31.25,1400,0
2017-04-25,21:00:00,31.27,31.31,31.21,31.215,6345,0
2017-04-25,21:05:00,31.2,31.225,31.1,31.2,9797,0
2017-04-25,21:10:00,31.2,31.21,31.19,31.2,22665,0
2017-04-25,21:15:00,31.2,31.2,31.11,31.13,7785,0
2017-04-25,21:20:00,31.12,31.17,31.12,31.17,2400,0
2017-04-25,21:25:00,31.17,31.17,31.12,31.12,6300,0
2017-04-25,21:30:00,31.12,31.1201,31.1,31.1,5261,0
2017-04-25,21:35:00,31.1,31.11,31.08,31.08,33575,0
2017-04-25,21:40:00,31.0801,31.09,31.07,31.075,7850,0
2017-04-25,21:45:00,31.07,31.08,31.0601,31.08,8002,0
2017-04-25,21:50:00,31.08,31.1,31.08,31.1,6085,0
2017-04-25,21:55:00,31.1,31.14,31.09,31.11,15194,0
2017-04-25,22:00:00,31.14,31.14,30.99,31.06,38268,0
2017-04-26,15:35:00,31,31,31,31,482,0
2017-04-26,15:40:00,31.165,31.165,30.99,31,7600,0
2017-04-26,15:45:00,31,31,30.92,31,15300,0
2017-04-26,15:50:00,30.99,31.07,30.9,31.07,60100,0
2017-04-26,15:55:00,31.045,31.25,31.02,31.25,11950,0
2017-04-26,16:00:00,31.24,31.42,31.12,31.25,3700,0
2017-04-26,16:05:00,31.12,31.25,31.04,31.25,3500,0
2017-04-26,16:10:00,31.115,31.335,31.115,31.22,32000,0
2017-04-26,16:15:00,31.195,31.205,31.15,31.15,2200,0
2017-04-26,16:20:00,31.1,31.21,31.04,31.1,3234,0
2017-04-26,16:25:00,31.19,31.19,31.19,31.19,100,0
2017-04-26,16:30:00,31.21,31.37,31.18,31.37,3274,0
2017-04-26,16:35:00,31.36,31.5,31.36,31.44,18353,0
2017-04-26,16:40:00,31.45,31.47,31.34,31.43,7520,0
2017-04-26,16:45:00,31.44,31.5,31.43,31.5,4000,0
2017-04-26,16:50:00,31.5,31.71,31.4901,31.69,21667,0
2017-04-26,16:55:00,31.66,31.755,31.65,31.72,10512,0
2017-04-26,17:00:00,31.66,31.685,31.49,31.52,4300,0
2017-04-26,17:05:00,31.46,31.5,31.45,31.5,400,0
2017-04-26,17:10:00,31.44,31.495,31.13,31.13,5790,0
2017-04-26,17:15:00,31.13,31.21,31.05,31.08,3900,0
2017-04-26,17:20:00,31.1,31.28,31.1,31.28,7830,0
2017-04-26,17:25:00,31.3,31.42,31.22,31.2501,1600,0
2017-04-26,17:30:00,31.25,31.28,31.155,31.2,1700,0
2017-04-26,17:35:00,31.15,31.25,31.15,31.25,200,0
2017-04-26,17:40:00,31.22,31.27,31.17,31.215,1400,0
2017-04-26,17:45:00,31.25,31.26,31.13,31.13,5300,0
2017-04-26,17:50:00,31.095,31.11,31.08,31.1,2650,0
2017-04-26,17:55:00,31.1,31.19,31.1,31.19,4100,0
2017-04-26,18:00:00,31.12,31.2,31.12,31.16,900,0
2017-04-26,18:05:00,31.11,31.2,31.11,31.12,500,0
2017-04-26,18:10:00,31.12,31.19,31.1,31.1825,2700,0
2017-04-26,18:15:00,31.14,31.14,31.14,31.14,600,0
2017-04-26,18:20:00,31.19,31.19,31.1,31.11,2000,0
2017-04-26,18:25:00,31.1108,31.15,31.1108,31.13,600,0
2017-04-26,18:30:00,31.13,31.15,31.13,31.15,700,0
2017-04-26,18:35:00,31.14,31.15,31.11,31.14,4460,0
2017-04-26,18:40:00,31.13,31.13,31.13,31.13,800,0
2017-04-26,18:45:00,31.13,31.15,31.12,31.14,1600,0
2017-04-26,18:50:00,31.14,31.15,31.12,31.15,700,0
2017-04-26,18:55:00,31.12,31.14,31.12,31.14,2600,0
2017-04-26,19:00:00,31.14,31.175,31.14,31.17,16596,0
2017-04-26,19:05:00,31.17,31.18,31.15,31.18,2600,0
2017-04-26,19:10:00,31.15,31.18,31.15,31.15,2200,0
2017-04-26,19:15:00,31.16,31.21,31.16,31.16,4971,0
2017-04-26,19:20:00,31.18,31.185,31.18,31.185,200,0
2017-04-26,19:25:00,31.18,31.21,31.18,31.2,2300,0
2017-04-26,19:30:00,31.2,31.21,31.19,31.21,3475,0
2017-04-26,19:35:00,31.2,31.2,31.18,31.19,1900,0
2017-04-26,19:40:00,31.19,31.19,31.16,31.16,2900,0
2017-04-26,19:45:00,31.16,31.19,31.15,31.19,3600,0
2017-04-26,19:50:00,31.18,31.18,31.13,31.13,2900,0
2017-04-26,19:55:00,31.14,31.165,31.14,31.165,300,0
2017-04-26,20:00:00,31.15,31.19,31.15,31.17,1900,0
2017-04-26,20:05:00,31.16,31.19,31.15,31.18,1400,0
2017-04-26,20:10:00,31.17,31.2,31.17,31.2,2442,0
2017-04-26,20:15:00,31.25,31.33,31.23,31.23,4395,0
2017-04-26,20:20:00,31.22,31.3,31.22,31.24,600,0
2017-04-26,20:25:00,31.24,31.3,31.24,31.26,500,0
2017-04-26,20:30:00,31.33,31.405,31.27,31.405,1300,0
2017-04-26,20:35:00,31.335,31.36,31.28,31.29,2807,0
2017-04-26,20:40:00,31.29,31.31,31.29,31.295,1300,0
2017-04-26,20:45:00,31.29,31.44,31.29,31.33,4000,0
2017-04-26,20:50:00,31.33,31.4,31.33,31.4,400,0
2017-04-26,20:55:00,31.38,31.45,31.35,31.45,1300,0
2017-04-26,21:00:00,31.415,31.48,31.41,31.43,2000,0
2017-04-26,21:05:00,31.4975,31.53,31.45,31.45,2795,0
2017-04-26,21:10:00,31.45,31.46,31.41,31.435,1500,0
2017-04-26,21:15:00,31.46,31.49,31.45,31.49,1500,0
2017-04-26,21:20:00,31.46,31.46,31.46,31.46,900,0
2017-04-26,21:25:00,31.4775,31.5,31.46,31.5,1600,0
2017-04-26,21:30:00,31.51,31.51,31.47,31.47,9750,0
2017-04-26,21:35:00,31.48,31.5,31.45,31.45,14800,0
2017-04-26,21:40:00,31.465,31.49,31.43,31.485,10300,0
2017-04-26,21:45:00,31.485,31.5,31.43,31.43,11200,0
2017-04-26,21:50:00,31.43,31.46,31.385,31.44,6710,0
2017-04-26,21:55:00,31.46,31.5,31.44,31.45,24771,0
2017-04-26,22:00:00,31.45,31.45,31.41,31.41,16472,0
