Date,Time,Open,High,Low,Close,Volume,OpenInt
2017-04-06,15:35:00,8.3,8.3,8.3,8.3,2194,0
2017-04-06,15:45:00,8.25,8.25,8.25,8.25,100,0
2017-04-06,15:55:00,8.24,8.24,8.24,8.24,1000,0
2017-04-06,16:00:00,8.3,8.3,8.3,8.3,100,0
2017-04-06,16:05:00,8.282,8.282,8.216,8.216,2620,0
2017-04-06,16:10:00,8.255,8.255,8.255,8.255,1000,0
2017-04-06,16:15:00,8.2828,8.2828,8.25,8.2627,2100,0
2017-04-06,16:20:00,8.3,8.3,8.3,8.3,100,0
2017-04-06,16:25:00,8.3,8.3,8.3,8.3,100,0
2017-04-06,16:30:00,8.2817,8.2848,8.28,8.28,3240,0
2017-04-06,16:35:00,8.25,8.25,8.25,8.25,500,0
2017-04-06,16:40:00,8.25,8.25,8.25,8.25,100,0
2017-04-06,16:55:00,8.25,8.25,8.25,8.25,100,0
2017-04-06,17:10:00,8.2,8.2,8.2,8.2,100,0
2017-04-06,17:15:00,8.25,8.25,8.25,8.25,100,0
2017-04-06,17:30:00,8.3,8.3,8.3,8.3,100,0
2017-04-06,17:35:00,8.2669,8.2669,8.2669,8.2669,50000,0
2017-04-06,17:50:00,8.3,8.3,8.3,8.3,100,0
2017-04-06,17:55:00,8.3,8.3,8.25,8.25,300,0
2017-04-06,18:10:00,8.275,8.3,8.275,8.275,500,0
2017-04-06,18:15:00,8.3,8.325,8.28,8.28,5240,0
2017-04-06,18:25:00,8.3,8.3,8.3,8.3,200,0
2017-04-06,18:30:00,8.35,8.35,8.35,8.35,200,0
2017-04-06,18:40:00,8.325,8.325,8.325,8.325,300,0
2017-04-06,18:45:00,8.35,8.35,8.3,8.3,290,0
2017-04-06,18:50:00,8.345,8.345,8.345,8.345,200,0
2017-04-06,19:05:00,8.325,8.35,8.325,8.325,3200,0
2017-04-06,19:10:00,8.35,8.35,8.35,8.35,200,0
2017-04-06,19:15:00,8.35,8.4,8.35,8.395,42081,0
2017-04-06,19:20:00,8.4,8.425,8.35,8.4,3172,0
2017-04-06,19:25:00,8.4,8.45,8.4,8.425,2516,0
2017-04-06,19:30:00,8.45,8.45,8.445,8.445,1000,0
2017-04-06,19:35:00,8.4,8.4264,8.4,8.4264,1510,0
2017-04-06,19:40:00,8.4274,8.4274,8.4184,8.4184,922,0
2017-04-06,20:00:00,8.425,8.425,8.425,8.425,140,0
2017-04-06,20:05:00,8.45,8.45,8.425,8.425,600,0
2017-04-06,20:15:00,8.4315,8.45,8.425,8.425,2100,0
2017-04-06,20:20:00,8.4,8.4197,8.4,8.4197,591,0
2017-04-06,20:25:00,8.45,8.45,8.42,8.42,2260,0
2017-04-06,20:30:00,8.425,8.425,8.425,8.425,200,0
2017-04-06,20:35:00,8.425,8.425,8.425,8.425,800,0
2017-04-06,20:40:00,8.45,8.45,8.425,8.425,768,0
2017-04-06,20:45:00,8.425,8.425,8.425,8.425,100,0
2017-04-06,20:50:00,8.425,8.45,8.425,8.45,400,0
2017-04-06,21:00:00,8.43,8.45,8.43,8.45,800,0
2017-04-06,21:05:00,8.45,8.45,8.433,8.433,300,0
2017-04-06,21:10:00,8.405,8.405,8.405,8.405,6000,0
2017-04-06,21:15:00,8.41,8.45,8.41,8.4264,7700,0
2017-04-06,21:20:00,8.4264,8.475,8.4264,8.4561,7900,0
2017-04-06,21:25:00,8.475,8.505,8.4637,8.5,12950,0
2017-04-06,21:30:00,8.5,8.525,8.4569,8.4648,1600,0
2017-04-06,21:35:00,8.4717,8.5,8.4631,8.4631,6495,0
2017-04-06,21:40:00,8.4642,8.475,8.45,8.4718,3600,0
2017-04-06,21:45:00,8.4642,8.5,8.4631,8.4631,1100,0
2017-04-06,21:50:00,8.4626,8.5,8.45,8.45,7900,0
2017-04-06,21:55:00,8.4625,8.5,8.45,8.45,12639,0
2017-04-06,22:00:00,8.475,8.5,8.455,8.5,5100,0
2017-04-07,15:35:00,8.5,8.5,8.5,8.5,2078,0
2017-04-07,15:40:00,8.55,8.55,8.55,8.55,300,0
2017-04-07,15:45:00,8.545,8.55,8.5145,8.525,1050,0
2017-04-07,16:00:00,8.5,8.5,8.41,8.5,4367,0
2017-04-07,16:05:00,8.45,8.45,8.45,8.45,300,0
2017-04-07,16:10:00,8.46,8.46,8.46,8.46,1000,0
2017-04-07,16:15:00,8.5,8.5,8.5,8.5,200,0
2017-04-07,16:25:00,8.475,8.475,8.475,8.475,100,0
2017-04-07,16:35:00,8.5,8.5,8.5,8.5,1500,0
2017-04-07,16:40:00,8.531,8.55,8.5,8.55,600,0
2017-04-07,16:45:00,8.51,8.51,8.505,8.505,2000,0
2017-04-07,16:50:00,8.55,8.55,8.5,8.54,700,0
2017-04-07,16:55:00,8.525,8.525,8.523,8.523,500,0
2017-04-07,17:00:00,8.55,8.55,8.5,8.5,2050,0
2017-04-07,17:05:00,8.525,8.525,8.525,8.525,100,0
2017-04-07,17:10:00,8.5193,8.525,8.5193,8.525,400,0
2017-04-07,17:15:00,8.51,8.525,8.51,8.525,1100,0
2017-04-07,17:20:00,8.525,8.555,8.525,8.555,3400,0
2017-04-07,17:25:00,8.6,8.65,8.6,8.65,4877,0
2017-04-07,17:30:00,8.645,8.7,8.6247,8.7,7517,0
2017-04-07,17:35:00,8.65,8.65,8.65,8.65,100,0
2017-04-07,17:40:00,8.65,8.7,8.65,8.7,600,0
2017-04-07,17:45:00,8.625,8.625,8.625,8.625,150,0
2017-04-07,17:50:00,8.65,8.65,8.64,8.64,600,0
2017-04-07,17:55:00,8.65,8.65,8.65,8.65,100,0
2017-04-07,18:00:00,8.6,8.6,8.6,8.6,700,0
2017-04-07,18:05:00,8.61,8.65,8.61,8.65,600,0
2017-04-07,18:10:00,8.65,8.65,8.605,8.605,2002,0
2017-04-07,18:20:00,8.625,8.625,8.6,8.6,200,0
2017-04-07,18:25:00,8.6,8.6,8.6,8.6,100,0
2017-04-07,18:35:00,8.605,8.65,8.605,8.65,2116,0
2017-04-07,18:45:00,8.65,8.65,8.65,8.65,100,0
2017-04-07,18:50:00,8.625,8.625,8.625,8.625,100,0
2017-04-07,18:55:00,8.6,8.625,8.6,8.625,400,0
2017-04-07,19:00:00,8.6,8.625,8.6,8.625,200,0
2017-04-07,19:05:00,8.6,8.6,8.56,8.6,5471,0
2017-04-07,19:10:00,8.575,8.575,8.575,8.575,1600,0
2017-04-07,19:15:00,8.55,8.56,8.55,8.56,600,0
2017-04-07,19:20:00,8.57,8.6,8.57,8.595,2500,0
2017-04-07,19:25:00,8.575,8.575,8.575,8.575,100,0
2017-04-07,19:30:00,8.6,8.6,8.575,8.595,2100,0
2017-04-07,19:40:00,8.6,8.6,8.6,8.6,100,0
2017-04-07,19:50:00,8.55,8.555,8.55,8.555,700,0
2017-04-07,19:55:00,8.575,8.575,8.575,8.575,100,0
2017-04-07,20:00:00,8.55,8.55,8.55,8.55,300,0
2017-04-07,20:05:00,8.5,8.5,8.5,8.5,100,0
2017-04-07,20:15:00,8.55,8.55,8.55,8.55,200,0
2017-04-07,20:20:00,8.525,8.525,8.5,8.5,800,0
2017-04-07,20:25:00,8.55,8.55,8.55,8.55,100,0
2017-04-07,20:45:00,8.5,8.525,8.5,8.505,4109,0
2017-04-07,20:50:00,8.55,8.55,8.55,8.55,200,0
2017-04-07,21:00:00,8.52,8.5332,8.52,8.5332,900,0
2017-04-07,21:05:00,8.525,8.525,8.525,8.525,651,0
2017-04-07,21:10:00,8.54,8.55,8.525,8.55,1250,0
2017-04-07,21:15:00,8.55,8.6,8.5263,8.6,2420,0
2017-04-07,21:20:00,8.555,8.6,8.55,8.6,3100,0
2017-04-07,21:25:00,8.6,8.6,8.555,8.5593,2200,0
2017-04-07,21:30:00,8.555,8.555,8.555,8.555,991,0
2017-04-07,21:35:00,8.575,8.575,8.555,8.555,300,0
2017-04-07,21:40:00,8.5591,8.5591,8.55,8.55,10605,0
2017-04-07,21:50:00,8.575,8.6,8.575,8.6,3415,0
2017-04-07,21:55:00,8.575,8.575,8.55,8.55,300,0
2017-04-07,22:00:00,8.575,8.6,8.55,8.55,2101,0
2017-04-10,15:35:00,8.7,8.7,8.6,8.6,14994,0
2017-04-10,15:40:00,8.6,8.6,8.6,8.6,2300,0
2017-04-10,15:45:00,8.626,8.626,8.625,8.625,1500,0
2017-04-10,15:50:00,8.625,8.65,8.625,8.65,1400,0
2017-04-10,15:55:00,8.65,8.75,8.65,8.7,26638,0
2017-04-10,16:00:00,8.73,8.73,8.69,8.7,1125,0
2017-04-10,16:05:00,8.7,8.7163,8.7,8.7163,909,0
2017-04-10,16:10:00,8.73,8.75,8.705,8.75,4000,0
2017-04-10,16:15:00,8.75,8.85,8.75,8.84,20087,0
2017-04-10,16:20:00,8.85,8.85,8.805,8.805,1300,0
2017-04-10,16:30:00,8.8315,8.85,8.83,8.85,3091,0
2017-04-10,16:35:00,8.9,8.95,8.9,8.95,2400,0
2017-04-10,16:40:00,8.95,8.95,8.925,8.95,6500,0
2017-04-10,16:45:00,8.925,8.9261,8.9,8.9,400,0
2017-04-10,16:55:00,8.9,8.925,8.85,8.85,5000,0
2017-04-10,17:00:00,8.9,8.9,8.85,8.875,1100,0
2017-04-10,17:05:00,8.875,8.9,8.85,8.875,5429,0
2017-04-10,17:10:00,8.855,8.855,8.855,8.855,1000,0
2017-04-10,17:15:00,8.865,8.9,8.865,8.9,470,0
2017-04-10,17:20:00,8.89,8.95,8.86,8.9266,6970,0
2017-04-10,17:25:00,8.95,8.95,8.9,8.9,7200,0
2017-04-10,17:30:00,8.9,8.9,8.875,8.875,1500,0
2017-04-10,17:35:00,8.875,8.875,8.85,8.85,4900,0
2017-04-10,17:40:00,8.85,8.85,8.85,8.85,8180,0
2017-04-10,17:45:00,8.875,8.95,8.875,8.925,16600,0
2017-04-10,17:50:00,8.925,8.95,8.925,8.925,300,0
2017-04-10,17:55:00,8.91,8.925,8.905,8.925,7118,0
2017-04-10,18:00:00,8.95,8.95,8.9,8.9,300,0
2017-04-10,18:05:00,8.95,8.95,8.95,8.95,100,0
2017-04-10,18:10:00,8.925,8.925,8.925,8.925,200,0
2017-04-10,18:15:00,8.931,8.931,8.931,8.931,1200,0
2017-04-10,18:20:00,8.9,8.925,8.9,8.9,6350,0
2017-04-10,18:25:00,8.9,8.95,8.875,8.9,5652,0
2017-04-10,18:30:00,8.925,8.95,8.925,8.925,2100,0
2017-04-10,18:35:00,8.925,8.9276,8.925,8.9276,1000,0
2017-04-10,18:40:00,8.95,8.95,8.94,8.94,380,0
2017-04-10,18:50:00,8.929,8.929,8.905,8.905,3204,0
2017-04-10,18:55:00,8.95,8.95,8.95,8.95,300,0
2017-04-10,19:05:00,8.94,8.945,8.9202,8.9202,3357,0
2017-04-10,19:10:00,8.9441,8.9441,8.9441,8.9441,200,0
2017-04-10,19:15:00,8.9331,8.9331,8.9,8.925,5003,0
2017-04-10,19:20:00,8.9429,8.95,8.925,8.925,900,0
2017-04-10,19:25:00,8.95,8.95,8.95,8.95,100,0
2017-04-10,19:30:00,8.95,9,8.925,8.955,30076,0
2017-04-10,19:35:00,8.95,8.975,8.95,8.975,450,0
2017-04-10,19:40:00,9,9,9,9,100,0
2017-04-10,19:50:00,8.95,8.99,8.95,8.99,1910,0
2017-04-10,20:00:00,8.975,8.9804,8.975,8.9804,600,0
2017-04-10,20:05:00,8.975,9.05,8.975,9,35377,0
2017-04-10,20:10:00,9.04,9.05,8.975,9,15582,0
2017-04-10,20:15:00,8.995,9,8.96,9,1250,0
2017-04-10,20:25:00,9.025,9.025,9.025,9.025,100,0
2017-04-10,20:30:00,9,9,9,9,100,0
2017-04-10,20:35:00,9.005,9.025,9,9.005,14540,0
2017-04-10,20:40:00,9,9.025,8.975,8.975,6429,0
2017-04-10,20:45:00,8.95,8.95,8.95,8.95,1100,0
2017-04-10,20:50:00,9,9,8.975,8.975,12024,0
2017-04-10,20:55:00,8.975,8.975,8.9,8.925,11261,0
2017-04-10,21:00:00,8.905,8.905,8.905,8.905,1000,0
2017-04-10,21:10:00,8.95,8.95,8.95,8.95,100,0
2017-04-10,21:15:00,8.94,8.94,8.94,8.94,167,0
2017-04-10,21:20:00,8.945,8.95,8.85,8.95,8061,0
2017-04-10,21:30:00,8.925,8.925,8.925,8.925,100,0
2017-04-10,21:35:00,8.925,8.925,8.9,8.9,500,0
2017-04-10,21:40:00,8.9,8.95,8.9,8.95,13821,0
2017-04-10,21:45:00,8.95,9,8.95,8.995,17805,0
2017-04-10,21:50:00,9,9.05,8.95,9.018,10868,0
2017-04-10,21:55:00,9.0265,9.05,9.025,9.025,2661,0
2017-04-10,22:00:00,9,9.05,9,9,12323,0
2017-04-11,15:35:00,9.25,9.25,8.91,8.95,18004,0
2017-04-11,15:40:00,8.95,9,8.85,8.95,7850,0
2017-04-11,15:45:00,8.95,8.952,8.91,8.91,6100,0
2017-04-11,15:50:00,8.95,8.95,8.9,8.9,11200,0
2017-04-11,15:55:00,8.925,8.925,8.905,8.905,5100,0
2017-04-11,16:00:00,8.9343,8.95,8.9343,8.95,2781,0
2017-04-11,16:05:00,9,9.05,9,9.05,2856,0
2017-04-11,16:10:00,9.1,9.1,9.05,9.05,2889,0
2017-04-11,16:20:00,9.1,9.1,9.05,9.05,1600,0
2017-04-11,16:25:00,9.05,9.05,9,9,3300,0
2017-04-11,16:30:00,9,9,9,9,400,0
2017-04-11,16:40:00,9,9,9,9,100,0
2017-04-11,16:45:00,8.95,8.95,8.95,8.95,944,0
2017-04-11,16:50:00,8.955,8.975,8.95,8.975,12437,0
2017-04-11,16:55:00,9,9,8.95,8.95,1286,0
2017-04-11,17:00:00,8.95,8.975,8.95,8.975,4969,0
2017-04-11,17:05:00,8.95,8.95,8.95,8.95,100,0
2017-04-11,17:10:00,9,9,9,9,100,0
2017-04-11,17:20:00,8.974,8.975,8.955,8.975,3100,0
2017-04-11,17:25:00,8.995,9,8.95,8.95,740,0
2017-04-11,17:30:00,9,9,9,9,500,0
2017-04-11,17:35:00,9,9,9,9,300,0
2017-04-11,17:40:00,8.971,9,8.971,9,2628,0
2017-04-11,17:45:00,9,9,9,9,400,0
2017-04-11,17:55:00,9,9,8.955,8.9773,2400,0
2017-04-11,18:00:00,8.9795,8.9795,8.95,8.975,6700,0
2017-04-11,18:05:00,8.97,8.975,8.97,8.975,270,0
2017-04-11,18:30:00,9,9,8.975,9,1800,0
2017-04-11,18:35:00,9,9,9,9,400,0
2017-04-11,18:40:00,9.0312,9.0312,9.0312,9.0312,2100,0
2017-04-11,18:45:00,9.05,9.05,9.05,9.05,100,0
2017-04-11,18:50:00,9,9,9,9,100,0
2017-04-11,18:55:00,9.025,9.05,9,9,1300,0
2017-04-11,19:00:00,9.05,9.05,9.05,9.05,200,0
2017-04-11,19:20:00,9,9,8.975,8.975,3115,0
2017-04-11,19:25:00,8.9748,9,8.9748,9,200,0
2017-04-11,19:30:00,8.9648,8.975,8.9648,8.975,1605,0
2017-04-11,19:40:00,9,9,9,9,100,0
2017-04-11,19:45:00,9,9,8.975,8.975,8100,0
2017-04-11,20:00:00,9,9,8.9732,8.9732,300,0
2017-04-11,20:15:00,9,9,8.975,8.975,200,0
2017-04-11,20:20:00,8.975,8.975,8.975,8.975,100,0
2017-04-11,20:25:00,9,9,9,9,100,0
2017-04-11,20:30:00,9,9,8.95,8.95,400,0
2017-04-11,20:35:00,9,9,9,9,100,0
2017-04-11,20:40:00,9,9,8.995,9,1574,0
2017-04-11,20:45:00,9,9,9,9,600,0
2017-04-11,20:50:00,9,9,9,9,1364,0
2017-04-11,20:55:00,9.05,9.05,9.05,9.05,100,0
2017-04-11,21:05:00,9.05,9.05,9.05,9.05,100,0
2017-04-11,21:10:00,9.025,9.05,9.025,9.05,5000,0
2017-04-11,21:15:00,9.025,9.025,9,9,400,0
2017-04-11,21:20:00,9.025,9.025,8.975,9,2989,0
2017-04-11,21:30:00,8.95,9,8.95,9,200,0
2017-04-11,21:35:00,8.975,8.975,8.95,8.95,200,0
2017-04-11,21:40:00,9,9,8.95,9,500,0
2017-04-11,21:45:00,8.95,8.95,8.95,8.95,100,0
2017-04-11,21:50:00,8.975,9,8.975,9,800,0
2017-04-11,21:55:00,8.955,9,8.955,9,6400,0
2017-04-11,22:00:00,9,9.05,9,9.05,10018,0
2017-04-12,15:35:00,9.05,9.05,9.05,9.05,4783,0
2017-04-12,15:40:00,9.05,9.05,9.05,9.05,4442,0
2017-04-12,15:45:00,9.025,9.05,9.025,9.05,1000,0
2017-04-12,15:50:00,9.1,9.1,9.075,9.075,800,0
2017-04-12,15:55:00,9.055,9.06,9.05,9.05,5900,0
2017-04-12,16:00:00,9.05,9.05,9.01,9.01,4223,0
2017-04-12,16:05:00,9.05,9.05,9,9,3589,0
2017-04-12,16:10:00,9.025,9.05,9,9,2700,0
2017-04-12,16:15:00,9,9,9,9,4500,0
2017-04-12,16:20:00,9,9.025,9,9.025,200,0
2017-04-12,16:25:00,9.038,9.038,9.038,9.038,300,0
2017-04-12,16:30:00,9.025,9.025,9.025,9.025,100,0
2017-04-12,16:35:00,9.025,9.043,9,9,1840,0
2017-04-12,16:40:00,9.025,9.025,9,9,700,0
2017-04-12,16:45:00,9.05,9.05,9,9,400,0
2017-04-12,16:50:00,9.025,9.025,9.025,9.025,100,0
2017-04-12,16:55:00,9,9,9,9,1600,0
2017-04-12,17:00:00,9.0125,9.0265,9.0125,9.0265,1100,0
2017-04-12,17:05:00,9.05,9.05,9.0112,9.0112,1100,0
2017-04-12,17:10:00,9.025,9.025,9,9.01,2354,0
2017-04-12,17:15:00,9.05,9.05,9.05,9.05,455,0
2017-04-12,17:20:00,9.05,9.05,9.025,9.025,667,0
2017-04-12,17:25:00,9.025,9.025,9,9.025,1400,0
2017-04-12,17:30:00,9,9.025,9,9.025,300,0
2017-04-12,17:35:00,9.025,9.05,9.0058,9.05,650,0
2017-04-12,17:40:00,9.025,9.025,9.025,9.025,701,0
2017-04-12,17:45:00,9.025,9.025,9,9.025,300,0
2017-04-12,17:50:00,9.025,9.05,9.025,9.025,300,0
2017-04-12,17:55:00,9.025,9.025,8.95,8.975,14780,0
2017-04-12,18:00:00,8.975,9,8.95,9,10898,0
2017-04-12,18:05:00,9,9,9,9,300,0
2017-04-12,18:10:00,9,9.025,8.975,9.025,11488,0
2017-04-12,18:15:00,9.025,9.0261,9,9.0261,1700,0
2017-04-12,18:20:00,9,9.05,9,9.05,2200,0
2017-04-12,18:25:00,9,9,9,9,100,0
2017-04-12,18:30:00,9,9,9,9,200,0
2017-04-12,18:35:00,9,9.05,9,9,400,0
2017-04-12,18:40:00,9,9,9,9,100,0
2017-04-12,18:45:00,9,9,9,9,200,0
2017-04-12,18:50:00,9.025,9.05,9,9,400,0
2017-04-12,18:55:00,9,9.005,9,9.005,2200,0
2017-04-12,19:00:00,9,9.05,9,9,700,0
2017-04-12,19:05:00,9,9,9,9,200,0
2017-04-12,19:10:00,9,9,8.975,8.975,4065,0
2017-04-12,19:15:00,8.975,8.975,8.975,8.975,900,0
2017-04-12,19:20:00,8.975,8.975,8.975,8.975,400,0
2017-04-12,19:25:00,9,9,8.975,8.975,200,0
2017-04-12,19:30:00,9,9,9,9,100,0
2017-04-12,19:35:00,8.975,9,8.975,9,200,0
2017-04-12,19:40:00,9,9,8.975,8.975,300,0
2017-04-12,19:45:00,8.95,8.95,8.95,8.95,100,0
2017-04-12,19:50:00,8.975,9,8.975,8.975,1200,0
2017-04-12,19:55:00,9,9,8.975,8.975,400,0
2017-04-12,20:00:00,8.975,9,8.975,9,700,0
2017-04-12,20:05:00,8.975,9,8.975,8.975,600,0
2017-04-12,20:10:00,8.975,8.975,8.95,8.975,2000,0
2017-04-12,20:15:00,8.975,8.975,8.975,8.975,400,0
2017-04-12,20:20:00,8.975,8.975,8.95,8.95,300,0
2017-04-12,20:25:00,9,9,8.95,8.95,1500,0
2017-04-12,20:30:00,8.95,8.975,8.95,8.975,1100,0
2017-04-12,20:35:00,8.975,9,8.975,8.975,500,0
2017-04-12,20:40:00,8.975,8.975,8.975,8.975,500,0
2017-04-12,20:45:00,8.975,9,8.975,9,800,0
2017-04-12,20:50:00,8.95,8.995,8.95,8.995,655,0
2017-04-12,20:55:00,8.975,8.995,8.975,8.975,800,0
2017-04-12,21:00:00,8.975,8.975,8.975,8.975,600,0
2017-04-12,21:05:00,8.975,8.975,8.95,8.975,900,0
2017-04-12,21:10:00,8.975,8.975,8.975,8.975,500,0
2017-04-12,21:15:00,8.975,9,8.975,8.975,300,0
2017-04-12,21:20:00,8.975,9,8.975,8.975,600,0
2017-04-12,21:25:00,8.975,9.025,8.95,9,6811,0
2017-04-12,21:30:00,9,9.025,9,9.025,2216,0
2017-04-12,21:35:00,9.05,9.05,9.05,9.05,100,0
2017-04-12,21:40:00,9.025,9.0354,9,9,4081,0
2017-04-12,21:45:00,9.005,9.05,9,9.0255,11629,0
2017-04-12,21:50:00,9.025,9.025,9.025,9.025,100,0
2017-04-12,21:55:00,9,9.05,9,9.05,1150,0
2017-04-12,22:00:00,9,9.05,9,9.05,3469,0
2017-04-13,15:35:00,9.1,9.1,9.05,9.05,835,0
2017-04-13,15:40:00,8.99,8.99,8.98,8.98,2738,0
2017-04-13,15:45:00,9,9.05,9,9.05,900,0
2017-04-13,16:00:00,9.075,9.1,9.075,9.1,400,0
2017-04-13,16:10:00,9.1,9.15,9.1,9.15,2500,0
2017-04-13,16:15:00,9.1,9.1,9.075,9.075,800,0
2017-04-13,16:20:00,9.075,9.1,9.05,9.1,2700,0
2017-04-13,16:25:00,9.05,9.05,9.05,9.05,500,0
2017-04-13,16:30:00,9.05,9.075,9.05,9.05,900,0
2017-04-13,16:35:00,9.05,9.05,9.05,9.05,400,0
2017-04-13,16:40:00,9.05,9.05,9.05,9.05,500,0
2017-04-13,16:45:00,9.05,9.05,9,9,1400,0
2017-04-13,16:50:00,9,9.1,9,9.05,800,0
2017-04-13,16:55:00,9.025,9.025,9,9,500,0
2017-04-13,17:00:00,9,9.025,9,9.025,700,0
2017-04-13,17:05:00,9,9.05,9,9,500,0
2017-04-13,17:10:00,9,9.05,9,9,1050,0
2017-04-13,17:15:00,9,9.05,9,9.025,600,0
2017-04-13,17:20:00,9.0314,9.05,9,9,1200,0
2017-04-13,17:25:00,9,9.025,9,9,500,0
2017-04-13,17:30:00,9.025,9.045,9,9,10269,0
2017-04-13,17:35:00,9,9.025,9,9,500,0
2017-04-13,17:40:00,9,9.025,9,9,700,0
2017-04-13,17:45:00,9,9.025,9,9.025,1000,0
2017-04-13,17:50:00,9,9.025,9,9,600,0
2017-04-13,17:55:00,9,9.025,9,9,400,0
2017-04-13,18:00:00,9.025,9.025,9,9.025,700,0
2017-04-13,18:05:00,9.025,9.025,9,9,915,0
2017-04-13,18:10:00,9,9,9,9,500,0
2017-04-13,18:15:00,9,9.025,9,9,400,0
2017-04-13,18:20:00,9,9.031,9,9,500,0
2017-04-13,18:25:00,9,9,9,9,300,0
2017-04-13,18:30:00,9,9,9,9,300,0
2017-04-13,18:35:00,9,9,9,9,300,0
2017-04-13,18:40:00,9,9,9,9,300,0
2017-04-13,18:45:00,9,9,9,9,300,0
2017-04-13,18:50:00,9,9.025,9,9,600,0
2017-04-13,18:55:00,9,9.045,9,9,500,0
2017-04-13,19:00:00,9,9,9,9,689,0
2017-04-13,19:05:00,9,9,9,9,300,0
2017-04-13,19:10:00,9,9.0235,8.99,9.0235,4288,0
2017-04-13,19:15:00,9,9,9,9,400,0
2017-04-13,19:20:00,9,9.025,9,9,300,0
2017-04-13,19:25:00,9,9.05,9,9,500,0
2017-04-13,19:30:00,9.0252,9.0252,9,9,500,0
2017-04-13,19:35:00,9,9.0329,9,9,400,0
2017-04-13,19:40:00,9,9.025,9,9,500,0
2017-04-13,19:45:00,9,9,9,9,300,0
2017-04-13,19:50:00,9,9.025,9,9,2598,0
2017-04-13,19:55:00,9,9,8.98,8.98,1350,0
2017-04-13,20:00:00,9,9.0276,9,9.025,1555,0
2017-04-13,20:05:00,9,9,9,9,400,0
2017-04-13,20:10:00,9,9.025,9,9.025,300,0
2017-04-13,20:15:00,9,9,9,9,100,0
2017-04-13,20:20:00,9,9,9,9,300,0
2017-04-13,20:25:00,9,9,8.9671,8.9671,991,0
2017-04-13,20:30:00,8.975,8.975,8.975,8.975,400,0
2017-04-13,20:45:00,9,9,9,9,100,0
2017-04-13,20:55:00,9,9,8.95,8.975,1500,0
2017-04-13,21:10:00,8.95,9,8.95,8.9802,1377,0
2017-04-13,21:20:00,8.9625,8.975,8.95,8.975,1000,0
2017-04-13,21:25:00,8.95,8.975,8.9,8.95,1400,0
2017-04-13,21:30:00,8.9,8.95,8.9,8.9,300,0
2017-04-13,21:35:00,8.95,8.975,8.95,8.975,2300,0
2017-04-13,21:40:00,8.95,8.95,8.95,8.95,3200,0
2017-04-13,21:45:00,8.95,8.95,8.95,8.95,633,0
2017-04-13,21:50:00,8.955,9,8.95,8.95,650,0
2017-04-13,21:55:00,8.95,8.95,8.9,8.9,2400,0
2017-04-13,22:00:00,8.9,8.95,8.9,8.9,2126,0
2017-04-17,15:35:00,8.75,8.9,8.7,8.85,20839,0
2017-04-17,15:40:00,8.8605,8.91,8.8605,8.9,7000,0
2017-04-17,15:45:00,8.95,8.95,8.9,8.92,1300,0
2017-04-17,15:50:00,8.905,8.9134,8.9,8.9134,1700,0
2017-04-17,15:55:00,8.925,9,8.925,8.99,2676,0
2017-04-17,16:00:00,8.95,8.975,8.95,8.975,200,0
2017-04-17,16:05:00,8.975,9.025,8.975,9.025,1130,0
2017-04-17,16:10:00,9,9.05,9,9.05,800,0
2017-04-17,16:15:00,9.025,9.075,9.025,9.075,900,0
2017-04-17,16:20:00,9.075,9.075,9.05,9.075,6142,0
2017-04-17,16:25:00,9.1,9.1,9.075,9.1,3477,0
2017-04-17,16:30:00,9.125,9.15,9.1,9.1,3536,0
2017-04-17,16:35:00,9.1,9.1318,9.1,9.1318,580,0
2017-04-17,16:40:00,9.1,9.1,9.05,9.1,700,0
2017-04-17,16:45:00,9.075,9.1,9.075,9.1,1288,0
2017-04-17,16:50:00,9.1,9.1,9.05,9.1,2000,0
2017-04-17,16:55:00,9.05,9.0935,9.05,9.0935,840,0
2017-04-17,17:00:00,9.1,9.1,9.05,9.05,700,0
2017-04-17,17:05:00,9.05,9.1,9.05,9.1,200,0
2017-04-17,17:10:00,9.0764,9.0764,9.0764,9.0764,500,0
2017-04-17,17:15:00,9.05,9.05,9.025,9.025,200,0
2017-04-17,17:20:00,9.05,9.05,9.05,9.05,400,0
2017-04-17,17:25:00,9,9.04,9,9.04,1000,0
2017-04-17,17:30:00,9.0265,9.0265,9.025,9.025,1910,0
2017-04-17,17:35:00,9,9.05,9,9.05,900,0
2017-04-17,17:40:00,9,9,8.9735,8.9735,2040,0
2017-04-17,17:45:00,9,9.05,9,9.05,600,0
2017-04-17,17:50:00,9.05,9.05,9,9.05,490,0
2017-04-17,17:55:00,9,9,9,9,100,0
2017-04-17,18:00:00,9.04,9.04,9,9,250,0
2017-04-17,18:05:00,9.04,9.04,9,9,593,0
2017-04-17,18:10:00,9.05,9.05,9,9.0217,750,0
2017-04-17,18:15:00,9.025,9.025,9,9,200,0
2017-04-17,18:20:00,9.025,9.05,9.025,9.05,200,0
2017-04-17,18:25:00,9.01,9.05,9,9.005,6200,0
2017-04-17,18:30:00,9,9,9,9,100,0
2017-04-17,18:35:00,9.025,9.025,9,9,200,0
2017-04-17,18:40:00,9.025,9.025,9.025,9.025,100,0
2017-04-17,18:45:00,9,9,9,9,100,0
2017-04-17,18:50:00,9,9.025,9,9.025,550,0
2017-04-17,18:55:00,9,9.025,9,9,300,0
2017-04-17,19:00:00,9,9,9,9,100,0
2017-04-17,19:05:00,9,9,9,9,200,0
2017-04-17,19:10:00,9,9.031,9,9.031,855,0
2017-04-17,19:15:00,9,9.025,9,9.025,300,0
2017-04-17,19:20:00,9,9,8.95,9,9940,0
2017-04-17,19:25:00,9,9,9,9,200,0
2017-04-17,19:30:00,9,9,9,9,200,0
2017-04-17,19:35:00,9,9.04,9,9.04,761,0
2017-04-17,19:40:00,9,9.05,9,9,400,0
2017-04-17,19:45:00,9,9.01,9,9,380,0
2017-04-17,19:50:00,9,9.005,8.9562,8.9562,4300,0
2017-04-17,19:55:00,8.975,9,8.975,8.975,1100,0
2017-04-17,20:00:00,8.975,8.975,8.975,8.975,200,0
2017-04-17,20:05:00,8.975,8.9836,8.95,8.9836,852,0
2017-04-17,20:10:00,8.95,8.95,8.95,8.95,200,0
2017-04-17,20:15:00,9,9,9,9,2511,0
2017-04-17,20:20:00,9,9,9,9,980,0
2017-04-17,20:25:00,9,9,9,9,200,0
2017-04-17,20:30:00,9,9.05,9,9,1200,0
2017-04-17,20:35:00,9,9,9,9,200,0
2017-04-17,20:40:00,9,9.025,9,9.025,1675,0
2017-04-17,20:45:00,9,9,8.95,8.95,600,0
2017-04-17,20:50:00,8.975,9,8.95,9,400,0
2017-04-17,20:55:00,8.95,8.95,8.95,8.95,200,0
2017-04-17,21:00:00,8.95,8.955,8.95,8.95,2801,0
2017-04-17,21:05:00,8.975,8.975,8.975,8.975,200,0
2017-04-17,21:10:00,9,9,8.975,8.975,500,0
2017-04-17,21:15:00,8.95,8.95,8.95,8.95,1300,0
2017-04-17,21:20:00,8.975,8.975,8.95,8.95,200,0
2017-04-17,21:25:00,8.975,8.975,8.95,8.95,300,0
2017-04-17,21:30:00,8.95,8.975,8.95,8.975,300,0
2017-04-17,21:35:00,8.95,8.95,8.95,8.95,100,0
2017-04-17,21:45:00,8.95,8.96,8.95,8.96,260,0
2017-04-17,21:50:00,8.95,9,8.95,9,300,0
2017-04-17,21:55:00,8.95,9,8.95,8.95,728,0
2017-04-17,22:00:00,8.95,9,8.95,9,2464,0
2017-04-18,15:35:00,9,9,9,9,1237,0
2017-04-18,15:40:00,8.969,8.969,8.969,8.969,500,0
2017-04-18,15:50:00,8.975,8.975,8.975,8.975,100,0
2017-04-18,15:55:00,9,9,9,9,100,0
2017-04-18,16:00:00,8.969,8.969,8.969,8.969,300,0
2017-04-18,16:05:00,9,9,9,9,400,0
2017-04-18,16:10:00,8.95,9,8.95,9,1350,0
2017-04-18,16:15:00,9,9,8.9681,9,4780,0
2017-04-18,16:20:00,9,9.025,8.975,8.975,1757,0
2017-04-18,16:25:00,9,9,9,9,100,0
2017-04-18,16:30:00,9,9,9,9,100,0
2017-04-18,16:50:00,9,9,9,9,100,0
2017-04-18,16:55:00,8.975,8.9802,8.975,8.9802,810,0
2017-04-18,17:00:00,8.9705,8.975,8.9705,8.975,200,0
2017-04-18,17:05:00,9,9,9,9,100,0
2017-04-18,17:10:00,8.975,8.975,8.975,8.975,800,0
2017-04-18,17:15:00,8.975,8.975,8.95,8.95,1300,0
2017-04-18,17:20:00,8.975,8.975,8.975,8.975,600,0
2017-04-18,17:25:00,8.95,9,8.95,9,300,0
2017-04-18,17:30:00,8.95,8.975,8.95,8.975,500,0
2017-04-18,17:35:00,8.975,8.975,8.975,8.975,300,0
2017-04-18,17:40:00,8.95,9,8.95,9,400,0
2017-04-18,17:45:00,8.95,8.955,8.95,8.955,3590,0
2017-04-18,17:50:00,8.975,8.975,8.95,8.95,200,0
2017-04-18,17:55:00,9,9,9,9,100,0
2017-04-18,18:00:00,8.95,8.9753,8.925,8.9753,17016,0
2017-04-18,18:05:00,9,9,8.95,8.95,200,0
2017-04-18,18:10:00,8.95,8.95,8.95,8.95,1400,0
2017-04-18,18:20:00,9,9,9,9,100,0
2017-04-18,18:30:00,8.95,8.955,8.95,8.955,1900,0
2017-04-18,18:35:00,9,9,9,9,200,0
2017-04-18,18:40:00,8.975,8.975,8.975,8.975,100,0
2017-04-18,19:00:00,9,9,8.975,8.975,200,0
2017-04-18,19:25:00,9,9,9,9,100,0
2017-04-18,19:30:00,8.975,9,8.975,9,760,0
2017-04-18,19:35:00,9,9.025,9,9.025,890,0
2017-04-18,19:45:00,9.025,9.0268,9.025,9.0268,2250,0
2017-04-18,19:55:00,9.05,9.05,9.05,9.05,100,0
2017-04-18,20:00:00,9.05,9.05,9.05,9.05,200,0
2017-04-18,20:05:00,9.05,9.1,9.05,9.1,400,0
2017-04-18,20:10:00,9.06,9.06,9.06,9.06,1000,0
2017-04-18,20:25:00,9.1,9.11,9.1,9.1,1090,0
2017-04-18,20:30:00,9.1257,9.1257,9.1,9.1,2800,0
2017-04-18,20:35:00,9.15,9.15,9.15,9.15,100,0
2017-04-18,20:40:00,9.15,9.15,9.15,9.15,200,0
2017-04-18,20:45:00,9.15,9.15,9.1,9.1,926,0
2017-04-18,20:50:00,9.15,9.15,9.0805,9.1,400,0
2017-04-18,21:00:00,9.1,9.1,9.1,9.1,100,0
2017-04-18,21:05:00,9.079,9.1127,9.079,9.1127,500,0
2017-04-18,21:10:00,9.1,9.1,9.1,9.1,700,0
2017-04-18,21:25:00,9.1,9.1,9.1,9.1,200,0
2017-04-18,21:30:00,9.05,9.05,9.05,9.05,300,0
2017-04-18,21:35:00,9.05,9.1,9.05,9.1,1500,0
2017-04-18,21:40:00,9.05,9.05,9.05,9.05,200,0
2017-04-18,21:45:00,9.05,9.05,9.05,9.05,400,0
2017-04-18,21:50:00,9.1,9.1,9.05,9.05,1300,0
2017-04-18,21:55:00,9.05,9.05,9,9,3100,0
2017-04-18,22:00:00,9,9.05,9,9.05,3507,0
2017-04-19,15:35:00,9.05,9.1,9,9.1,4373,0
2017-04-19,15:40:00,9.1,9.1,9.1,9.1,200,0
2017-04-19,15:45:00,9.06,9.1,9.06,9.1,1400,0
2017-04-19,15:50:00,9.1,9.105,9.055,9.055,1500,0
2017-04-19,15:55:00,9.1,9.15,9.1,9.15,400,0
2017-04-19,16:00:00,9.125,9.125,9.1,9.1,500,0
2017-04-19,16:05:00,9.11,9.11,9.11,9.11,1000,0
2017-04-19,16:10:00,9.1,9.1,9.075,9.1,1000,0
2017-04-19,16:15:00,9.0628,9.0628,9.0628,9.0628,400,0
2017-04-19,16:35:00,9.05,9.1,9.05,9.075,800,0
2017-04-19,16:40:00,9.0809,9.0809,9.0809,9.0809,1444,0
2017-04-19,16:45:00,9.075,9.075,9.075,9.075,100,0
2017-04-19,16:50:00,9.05,9.075,9.025,9.025,3937,0
2017-04-19,16:55:00,9.01,9.02,9.01,9.02,2190,0
2017-04-19,17:00:00,9.05,9.05,9.05,9.05,100,0
2017-04-19,17:15:00,9.0217,9.0217,9.0217,9.0217,350,0
2017-04-19,17:20:00,9.05,9.05,9.05,9.05,100,0
2017-04-19,17:25:00,9.025,9.05,9.025,9.05,600,0
2017-04-19,17:30:00,9.025,9.05,9.025,9.05,803,0
2017-04-19,17:35:00,9.05,9.09,9.05,9.09,710,0
2017-04-19,17:45:00,9.05,9.1,9.05,9.1,500,0
2017-04-19,17:50:00,9.05,9.075,9.025,9.05,7000,0
2017-04-19,17:55:00,9.05,9.05,9.05,9.05,100,0
2017-04-19,18:00:00,9.05,9.05,9.021,9.05,1567,0
2017-04-19,18:05:00,9.025,9.025,9.025,9.025,400,0
2017-04-19,18:25:00,9.05,9.05,9.025,9.025,1200,0
2017-04-19,18:45:00,9.025,9.025,9.025,9.025,500,0
2017-04-19,18:50:00,9.05,9.05,9.05,9.05,100,0
2017-04-19,18:55:00,9.05,9.05,9.05,9.05,700,0
2017-04-19,19:00:00,9.025,9.05,9.025,9.05,1100,0
2017-04-19,19:05:00,9.05,9.05,9.05,9.05,400,0
2017-04-19,19:10:00,9.05,9.075,9.05,9.05,1000,0
2017-04-19,19:15:00,9.05,9.05,9.05,9.05,1600,0
2017-04-19,19:20:00,9.1,9.1,9.1,9.1,155,0
2017-04-19,19:30:00,9.05,9.1,9.05,9.075,8520,0
2017-04-19,19:40:00,9.1,9.1,9.05,9.05,300,0
2017-04-19,19:45:00,9.1,9.1,9.1,9.1,200,0
2017-04-19,20:00:00,9.1,9.1,9.07,9.1,465,0
2017-04-19,20:05:00,9.1,9.1,9.1,9.1,1400,0
2017-04-19,20:15:00,9.1,9.1,9.0771,9.0771,600,0
2017-04-19,20:20:00,9.095,9.095,9.095,9.095,910,0
2017-04-19,20:25:00,9.09,9.09,9.09,9.09,777,0
2017-04-19,20:30:00,9.0802,9.1,9.05,9.1,1250,0
2017-04-19,20:40:00,9.05,9.05,9.025,9.025,3809,0
2017-04-19,20:45:00,9.04,9.04,9.04,9.04,600,0
2017-04-19,20:50:00,9.05,9.05,9.05,9.05,100,0
2017-04-19,20:55:00,9.025,9.025,9.025,9.025,400,0
2017-04-19,21:05:00,9.05,9.05,9.05,9.05,100,0
2017-04-19,21:15:00,9.05,9.05,9.05,9.05,100,0
2017-04-19,21:30:00,9,9,9,9,1465,0
2017-04-19,21:35:00,9,9,9,9,940,0
2017-04-19,21:40:00,9.025,9.025,9.02,9.02,200,0
2017-04-19,21:45:00,9.05,9.05,9.025,9.025,300,0
2017-04-19,21:50:00,9.025,9.025,9.025,9.025,200,0
2017-04-19,21:55:00,9.025,9.05,9,9.025,800,0
2017-04-19,22:00:00,9.025,9.05,9.025,9.05,2278,0
2017-04-20,15:35:00,9.1,9.15,9.1,9.15,303,0
2017-04-20,15:40:00,9.15,9.15,9.1,9.125,700,0
2017-04-20,15:45:00,9.1,9.15,9.1,9.15,1400,0
2017-04-20,15:50:00,9.1,9.1263,9.1,9.1263,700,0
2017-04-20,16:00:00,9.1,9.125,9.1,9.1,700,0
2017-04-20,16:05:00,9.15,9.15,9.125,9.125,300,0
2017-04-20,16:15:00,9.14,9.14,9.14,9.14,900,0
2017-04-20,16:20:00,9.125,9.125,9.125,9.125,100,0
2017-04-20,16:25:00,9.1,9.1,9.05,9.1,2700,0
2017-04-20,16:40:00,9.125,9.125,9.075,9.1,12900,0
2017-04-20,16:45:00,9.1,9.125,9.05,9.075,11800,0
2017-04-20,16:50:00,9.075,9.1,9.05,9.075,10300,0
2017-04-20,16:55:00,9.1,9.1,9.045,9.05,37700,0
2017-04-20,17:00:00,9.05,9.075,9,9,16649,0
2017-04-20,17:05:00,9.05,9.075,9,9.05,29288,0
2017-04-20,17:10:00,9.0724,9.1,9,9.05,4500,0
2017-04-20,17:15:00,9.05,9.05,9,9.025,10845,0
2017-04-20,17:20:00,9.05,9.05,9.05,9.05,3411,0
2017-04-20,17:25:00,9.05,9.075,9.05,9.05,7600,0
2017-04-20,17:30:00,9.075,9.075,9.05,9.05,2800,0
2017-04-20,17:35:00,9.075,9.075,9.05,9.0662,460,0
2017-04-20,17:40:00,9.05,9.1,9.05,9.05,7891,0
2017-04-20,17:45:00,9.05,9.05,9.05,9.05,1600,0
2017-04-20,17:50:00,9.05,9.075,9.05,9.075,300,0
2017-04-20,17:55:00,9.075,9.125,9.075,9.125,1200,0
2017-04-20,18:00:00,9.1253,9.1253,9.05,9.1,7101,0
2017-04-20,18:05:00,9.1,9.1,9.05,9.05,6400,0
2017-04-20,18:10:00,9.075,9.1,9.05,9.05,1601,0
2017-04-20,18:15:00,9.05,9.1,9.05,9.1,200,0
2017-04-20,18:20:00,9.06,9.06,9.05,9.05,9308,0
2017-04-20,18:25:00,9.075,9.1,9.05,9.05,4673,0
2017-04-20,18:30:00,9.05,9.05,9.05,9.05,700,0
2017-04-20,18:35:00,9.05,9.05,9.05,9.05,5600,0
2017-04-20,18:40:00,9.05,9.05,9,9,12600,0
2017-04-20,18:45:00,9.05,9.05,9,9,2112,0
2017-04-20,18:50:00,9.05,9.05,9,9,862,0
2017-04-20,18:55:00,9.025,9.025,9,9,9800,0
2017-04-20,19:00:00,9.05,9.05,9,9,2138,0
2017-04-20,19:05:00,9,9.025,9,9,11439,0
2017-04-20,19:10:00,9,9,9,9,4100,0
2017-04-20,19:15:00,9,9,9,9,500,0
2017-04-20,19:20:00,9,9.025,9,9.025,3661,0
2017-04-20,19:25:00,9.025,9.05,9.025,9.025,3195,0
2017-04-20,19:30:00,9.025,9.025,9,9.025,1400,0
2017-04-20,19:35:00,9.025,9.025,9,9,13800,0
2017-04-20,19:40:00,9.05,9.05,9,9,2200,0
2017-04-20,19:45:00,9,9,9,9,700,0
2017-04-20,19:50:00,9.025,9.09,9,9,22720,0
2017-04-20,19:55:00,9,9.025,9,9,11000,0
2017-04-20,20:00:00,9.025,9.025,9.025,9.025,200,0
2017-04-20,20:10:00,9.05,9.05,9.05,9.05,100,0
2017-04-20,20:15:00,9,9.05,9,9.05,200,0
2017-04-20,20:25:00,9.025,9.025,9,9.025,1280,0
2017-04-20,20:30:00,9.05,9.05,9.025,9.05,300,0
2017-04-20,20:45:00,9,9,9,9,100,0
2017-04-20,20:55:00,9.025,9.025,9.016,9.016,400,0
2017-04-20,21:05:00,9.025,9.025,9,9.005,2939,0
2017-04-20,21:10:00,9.029,9.029,9.029,9.029,200,0
2017-04-20,21:25:00,9.05,9.05,9.05,9.05,100,0
2017-04-20,21:30:00,9.05,9.05,9.05,9.05,100,0
2017-04-20,21:35:00,9.05,9.05,9.05,9.05,500,0
2017-04-20,21:40:00,9.05,9.05,9.05,9.05,600,0
2017-04-20,21:45:00,9.05,9.05,9.05,9.05,300,0
2017-04-20,21:50:00,9.025,9.025,9.025,9.025,100,0
2017-04-20,21:55:00,9.05,9.05,9.05,9.05,300,0
2017-04-20,22:00:00,9.025,9.05,9,9.05,4450,0
2017-04-21,15:35:00,9.1,9.1,8.31,8.55,49100,0
2017-04-21,15:40:00,8.727,8.75,8.6229,8.7,8025,0
2017-04-21,15:45:00,8.65,8.65,8.55,8.55,7078,0
2017-04-21,15:50:00,8.65,8.65,8.6,8.6,800,0
2017-04-21,15:55:00,8.6,8.625,8.55,8.55,1700,0
2017-04-21,16:00:00,8.5941,8.6,8.56,8.575,5565,0
2017-04-21,16:05:00,8.6,8.6,8.55,8.55,2829,0
2017-04-21,16:10:00,8.5,8.5,8.4,8.45,17641,0
2017-04-21,16:15:00,8.471,8.4748,8.355,8.425,11475,0
2017-04-21,16:20:00,8.4,8.4,8.35,8.35,4639,0
2017-04-21,16:25:00,8.386,8.386,7.8,7.85,62418,0
2017-04-21,16:30:00,7.85,7.95,7.55,7.9164,109454,0
2017-04-21,16:35:00,7.85,8.15,7.85,8.1,38358,0
2017-04-21,16:40:00,8.11,8.15,8.05,8.1,8887,0
2017-04-21,16:45:00,8.125,8.15,8,8.05,9962,0
2017-04-21,16:50:00,8.0689,8.15,8.0689,8.1,2000,0
2017-04-21,16:55:00,8.15,8.25,8.1413,8.25,5274,0
2017-04-21,17:00:00,8.2156,8.345,8.2,8.3,29645,0
2017-04-21,17:05:00,8.25,8.3,8.2,8.2,1500,0
2017-04-21,17:10:00,8.175,8.195,8.045,8.1,11127,0
2017-04-21,17:15:00,8.05,8.05,7.9695,7.9695,9513,0
2017-04-21,17:20:00,8,8,7.775,7.805,6513,0
2017-04-21,17:25:00,7.85,7.9,7.75,7.85,2762,0
2017-04-21,17:30:00,7.9,7.9,7.85,7.85,4400,0
2017-04-21,17:35:00,7.9,7.905,7.86,7.86,6100,0
2017-04-21,17:40:00,7.8753,7.89,7.825,7.845,7200,0
2017-04-21,17:45:00,7.85,7.85,7.7915,7.7915,3600,0
2017-04-21,17:50:00,7.775,7.8,7.7,7.74,25955,0
2017-04-21,17:55:00,7.725,7.8,7.6998,7.8,14278,0
2017-04-21,18:00:00,7.8,7.9,7.8,7.85,4011,0
2017-04-21,18:05:00,7.825,7.9,7.825,7.85,7400,0
2017-04-21,18:10:00,7.845,7.9,7.845,7.881,5400,0
2017-04-21,18:15:00,7.85,8,7.85,7.9643,1450,0
2017-04-21,18:20:00,7.95,7.9805,7.95,7.9805,400,0
2017-04-21,18:25:00,7.95,7.95,7.9375,7.945,1600,0
2017-04-21,18:30:00,7.95,7.95,7.9,7.9,2624,0
2017-04-21,18:35:00,7.8718,7.8718,7.85,7.85,2500,0
2017-04-21,18:40:00,7.841,7.85,7.775,7.85,8612,0
2017-04-21,18:45:00,7.825,7.9,7.825,7.9,4675,0
2017-04-21,18:50:00,7.8679,7.8718,7.773,7.773,2010,0
2017-04-21,18:55:00,7.8,7.8,7.8,7.8,720,0
2017-04-21,19:00:00,7.8,7.8322,7.8,7.8178,3842,0
2017-04-21,19:10:00,7.8,7.85,7.75,7.8,13406,0
2017-04-21,19:15:00,7.8,7.8,7.75,7.75,8300,0
2017-04-21,19:20:00,7.76,7.8,7.65,7.7,14957,0
2017-04-21,19:25:00,7.732,7.732,7.65,7.65,2749,0
2017-04-21,19:30:00,7.69,7.7,7.65,7.6677,3000,0
2017-04-21,19:35:00,7.695,7.75,7.675,7.74,2680,0
2017-04-21,19:40:00,7.675,7.675,7.675,7.675,100,0
2017-04-21,19:45:00,7.6785,7.7,7.675,7.7,900,0
2017-04-21,19:50:00,7.7,7.75,7.7,7.7,2800,0
2017-04-21,19:55:00,7.73,7.8,7.73,7.8,1049,0
2017-04-21,20:00:00,7.75,7.7917,7.725,7.75,4600,0
2017-04-21,20:05:00,7.75,7.795,7.7,7.7,1856,0
2017-04-21,20:10:00,7.7,7.7,7.6678,7.7,1200,0
2017-04-21,20:15:00,7.65,7.6575,7.65,7.6575,3944,0
2017-04-21,20:20:00,7.6286,7.65,7.6,7.6,1000,0
2017-04-21,20:25:00,7.6,7.645,7.6,7.6,3000,0
2017-04-21,20:30:00,7.6,7.6252,7.575,7.575,4120,0
2017-04-21,20:35:00,7.55,7.55,7.545,7.545,3950,0
2017-04-21,20:40:00,7.55,7.55,7.4,7.455,24304,0
2017-04-21,20:45:00,7.455,7.5,7.4,7.4743,5801,0
2017-04-21,20:50:00,7.46,7.5,7.45,7.5,2700,0
2017-04-21,20:55:00,7.55,7.55,7.45,7.45,3054,0
2017-04-21,21:00:00,7.5,7.5,7.45,7.45,2600,0
2017-04-21,21:05:00,7.5,7.5,7.4,7.455,7098,0
2017-04-21,21:10:00,7.4,7.4,7.35,7.35,7205,0
2017-04-21,21:15:00,7.35,7.4,7.3,7.4,26126,0
2017-04-21,21:20:00,7.384,7.4,7.3,7.375,35728,0
2017-04-21,21:25:00,7.35,7.4,7.35,7.4,8440,0
2017-04-21,21:30:00,7.4,7.45,7.4,7.4,2301,0
2017-04-21,21:35:00,7.395,7.4,7.3,7.35,27535,0
2017-04-21,21:40:00,7.3,7.375,7.2,7.3,43944,0
2017-04-21,21:45:00,7.25,7.275,7.2,7.25,26484,0
2017-04-21,21:50:00,7.25,7.3,7.25,7.3,8700,0
2017-04-21,21:55:00,7.3,7.35,7.3,7.336,22240,0
2017-04-21,22:00:00,7.35,7.4353,7.3,7.35,45492,0
2017-04-24,15:35:00,7.2,7.3,6.65,6.8,61927,0
2017-04-24,15:40:00,6.85,7.15,6.81,7.15,59307,0
2017-04-24,15:45:00,7.15,7.345,7.1,7.21,21865,0
2017-04-24,15:50:00,7.2,7.25,7.1,7.2,14328,0
2017-04-24,15:55:00,7.2,7.3,7.2,7.25,4362,0
2017-04-24,16:00:00,7.2,7.24,7.15,7.15,16536,0
2017-04-24,16:05:00,7.15,7.1803,6.95,7,19706,0
2017-04-24,16:10:00,7,7.05,6.95,7,15707,0
2017-04-24,16:15:00,7,7.1,6.95,6.95,7300,0
2017-04-24,16:20:00,6.95,6.96,6.8,6.85,17310,0
2017-04-24,16:25:00,6.85,6.875,6.505,6.5575,41998,0
2017-04-24,16:30:00,6.5,6.6,6.4,6.55,39396,0
2017-04-24,16:35:00,6.5,6.65,6.4665,6.6,15699,0
2017-04-24,16:40:00,6.65,6.7,6.55,6.625,41832,0
2017-04-24,16:45:00,6.625,6.75,6.6,6.7,44751,0
2017-04-24,16:50:00,6.7,6.75,6.65,6.7,19300,0
2017-04-24,16:55:00,6.75,6.9,6.7,6.8,15380,0
2017-04-24,17:00:00,6.8,6.81,6.65,6.7,10825,0
2017-04-24,17:05:00,6.725,6.725,6.575,6.65,12173,0
2017-04-24,17:10:00,6.65,6.75,6.625,6.75,6569,0
2017-04-24,17:15:00,6.725,6.85,6.705,6.8,49188,0
2017-04-24,17:20:00,6.825,6.9,6.7,6.733,19239,0
2017-04-24,17:25:00,6.7,6.75,6.6,6.6,11332,0
2017-04-24,17:30:00,6.625,6.625,6.4,6.45,20351,0
2017-04-24,17:35:00,6.475,6.475,6.21,6.3,37400,0
2017-04-24,17:40:00,6.3,6.5,6.2,6.325,40288,0
2017-04-24,17:45:00,6.33,6.49,6.33,6.405,7150,0
2017-04-24,17:50:00,6.5,6.5,6.4,6.4,5050,0
2017-04-24,17:55:00,6.45,6.45,6.3,6.3,30619,0
2017-04-24,18:00:00,6.255,6.325,6.175,6.2,16919,0
2017-04-24,18:05:00,6.25,6.25,6,6.15,60909,0
2017-04-24,18:10:00,6.125,6.25,6.1,6.14,30992,0
2017-04-24,18:15:00,6.125,6.125,5.85,5.95,63077,0
2017-04-24,18:20:00,6,6.05,5.85,5.9,28308,0
2017-04-24,18:25:00,5.9,5.95,5.65,5.7,35445,0
2017-04-24,18:30:00,5.7,5.9,5.64,5.65,76046,0
2017-04-24,18:35:00,5.65,5.75,5.6,5.75,29637,0
2017-04-24,18:40:00,5.7,5.825,5.675,5.75,18630,0
2017-04-24,18:45:00,5.75,5.9,5.725,5.8,63908,0
2017-04-24,18:50:00,5.85,5.85,5.75,5.825,30479,0
2017-04-24,18:55:00,5.85,6,5.85,6,30250,0
2017-04-24,19:00:00,6,6.1,5.95,6.075,45247,0
2017-04-24,19:05:00,6.05,6.2,6.05,6.05,55520,0
2017-04-24,19:10:00,6.05,6.15,6.025,6.15,5355,0
2017-04-24,19:15:00,6.1339,6.2,6.0688,6.1,14349,0
2017-04-24,19:20:00,6.06,6.11,6.025,6.025,8408,0
2017-04-24,19:25:00,6,6.1,5.96,6.1,11407,0
2017-04-24,19:30:00,6.1,6.1,6.05,6.075,4223,0
2017-04-24,19:35:00,6.067,6.067,5.9,5.925,23172,0
2017-04-24,19:40:00,5.9775,6,5.9,6,6440,0
2017-04-24,19:45:00,5.99,6.05,5.96,6.05,5150,0
2017-04-24,19:50:00,6,6.05,5.95,6.05,11121,0
2017-04-24,19:55:00,6.05,6.05,5.955,6.025,18828,0
2017-04-24,20:00:00,6.05,6.129,6.025,6.1,9700,0
2017-04-24,20:05:00,6.083,6.1,6.0721,6.1,2869,0
2017-04-24,20:10:00,6.09,6.2,6.09,6.15,13862,0
2017-04-24,20:15:00,6.2,6.3,6.2,6.25,20227,0
2017-04-24,20:20:00,6.25,6.3,6.25,6.29,3795,0
2017-04-24,20:25:00,6.29,6.4,6.26,6.4,54498,0
2017-04-24,20:30:00,6.375,6.4,6.2735,6.3,50640,0
2017-04-24,20:35:00,6.3,6.37,6.3,6.315,9615,0
2017-04-24,20:40:00,6.35,6.45,6.35,6.4,2990,0
2017-04-24,20:45:00,6.45,6.55,6.425,6.55,17242,0
2017-04-24,20:50:00,6.55,6.55,6.4,6.45,7865,0
2017-04-24,20:55:00,6.45,6.5,6.4,6.5,11365,0
2017-04-24,21:00:00,6.51,6.55,6.5,6.55,6800,0
2017-04-24,21:05:00,6.525,6.6,6.525,6.5572,3380,0
2017-04-24,21:10:00,6.6,6.65,6.575,6.6,16984,0
2017-04-24,21:15:00,6.633,6.65,6.6,6.65,5700,0
2017-04-24,21:20:00,6.625,6.75,6.625,6.75,12899,0
2017-04-24,21:25:00,6.8,6.8,6.55,6.625,24320,0
2017-04-24,21:30:00,6.6,6.7,6.6,6.7,5050,0
2017-04-24,21:35:00,6.7,6.8,6.7,6.8,15550,0
2017-04-24,21:40:00,6.75,6.85,6.75,6.85,16462,0
2017-04-24,21:45:00,6.85,6.85,6.75,6.75,19487,0
2017-04-24,21:50:00,6.8,6.8,6.7171,6.725,7144,0
2017-04-24,21:55:00,6.75,6.8,6.71,6.71,15402,0
2017-04-24,22:00:00,6.7252,6.8,6.6,6.8,166323,0
2017-04-25,15:35:00,6.8,7.05,6.6,7,31047,0
2017-04-25,15:40:00,6.95,6.95,6.771,6.9,8150,0
2017-04-25,15:45:00,6.904,6.904,6.8,6.85,6845,0
2017-04-25,15:50:00,6.81,6.85,6.795,6.8,5445,0
2017-04-25,15:55:00,6.85,6.9,6.85,6.895,7800,0
2017-04-25,16:00:00,6.9,6.95,6.9,6.9193,3908,0
2017-04-25,16:05:00,6.95,6.95,6.9118,6.9118,6550,0
2017-04-25,16:10:00,6.925,7.05,6.925,7.0102,11387,0
2017-04-25,16:15:00,7.05,7.195,7.05,7.15,18155,0
2017-04-25,16:20:00,7.15,7.15,7.01,7.1,8600,0
2017-04-25,16:25:00,7.05,7.061,6.99,7,3305,0
2017-04-25,16:30:00,6.984,7.05,6.95,7.025,4664,0
2017-04-25,16:35:00,7.05,7.1,7.05,7.1,1700,0
2017-04-25,16:40:00,7.15,7.2,7.1241,7.1241,3295,0
2017-04-25,16:45:00,7.15,7.19,7.15,7.1683,4811,0
2017-04-25,16:50:00,7.1,7.1,7.05,7.05,800,0
2017-04-25,16:55:00,7.1,7.15,7.1,7.15,600,0
2017-04-25,17:00:00,7.1,7.1,7.1,7.1,986,0
2017-04-25,17:05:00,7.1,7.125,7.1,7.1,701,0
2017-04-25,17:10:00,7.1,7.125,7.09,7.1,5600,0
2017-04-25,17:15:00,7.1,7.2,7.0894,7.183,14450,0
2017-04-25,17:20:00,7.2,7.2,7.15,7.2,1612,0
2017-04-25,17:25:00,7.25,7.25,7.2,7.2,700,0
2017-04-25,17:30:00,7.2,7.2,7.16,7.16,500,0
2017-04-25,17:35:00,7.195,7.2,7.195,7.2,2100,0
2017-04-25,17:40:00,7.225,7.3,7.225,7.3,6944,0
2017-04-25,17:45:00,7.3,7.35,7.3,7.3276,12360,0
2017-04-25,17:50:00,7.35,7.35,7.3,7.325,2400,0
2017-04-25,17:55:00,7.35,7.35,7.3,7.345,1774,0
2017-04-25,18:00:00,7.325,7.35,7.325,7.34,2100,0
2017-04-25,18:05:00,7.35,7.35,7.3,7.3254,8915,0
2017-04-25,18:10:00,7.325,7.3251,7.3,7.3,1800,0
2017-04-25,18:15:00,7.308,7.3246,7.308,7.3246,2575,0
2017-04-25,18:20:00,7.3,7.35,7.3,7.35,200,0
2017-04-25,18:25:00,7.3,7.3,7.275,7.295,5400,0
2017-04-25,18:30:00,7.3,7.325,7.3,7.3,1700,0
2017-04-25,18:35:00,7.3,7.3,7.15,7.175,9534,0
2017-04-25,18:40:00,7.175,7.25,7.125,7.205,4900,0
2017-04-25,18:45:00,7.2,7.2,7.165,7.165,3500,0
2017-04-25,18:50:00,7.225,7.225,7.2,7.2,300,0
2017-04-25,18:55:00,7.125,7.15,7.075,7.075,6044,0
2017-04-25,19:00:00,7.06,7.125,7.06,7.1,5300,0
2017-04-25,19:05:00,7.05,7.1,7.05,7.1,3498,0
2017-04-25,19:10:00,7.1,7.1285,7.0752,7.1,5710,0
2017-04-25,19:15:00,7.125,7.25,7.1,7.19,5930,0
2017-04-25,19:20:00,7.225,7.225,7.225,7.225,500,0
2017-04-25,19:25:00,7.2,7.25,7.15,7.15,1000,0
2017-04-25,19:30:00,7.2,7.2,7.175,7.2,1400,0
2017-04-25,19:35:00,7.2,7.2,7.2,7.2,1100,0
2017-04-25,19:40:00,7.175,7.2,7.175,7.2,200,0
2017-04-25,19:50:00,7.15,7.15,7.15,7.15,800,0
2017-04-25,19:55:00,7.125,7.13,7.05,7.05,6500,0
2017-04-25,20:00:00,7.05,7.075,7.05,7.05,8483,0
2017-04-25,20:05:00,7.05,7.05,7.05,7.05,500,0
2017-04-25,20:10:00,7.05,7.075,6.83,6.83,15481,0
2017-04-25,20:15:00,6.9,7,6.9,7,3275,0
2017-04-25,20:20:00,7,7.025,6.975,6.995,3371,0
2017-04-25,20:25:00,7,7,6.9931,6.9931,400,0
2017-04-25,20:30:00,7,7,6.967,6.967,1431,0
2017-04-25,20:35:00,7,7,6.95,6.96,800,0
2017-04-25,20:40:00,7,7,6.975,7,600,0
2017-04-25,20:45:00,7,7,6.995,6.995,600,0
2017-04-25,20:50:00,6.975,6.975,6.975,6.975,100,0
2017-04-25,20:55:00,7,7.0322,6.975,7.0322,4575,0
2017-04-25,21:00:00,7,7.045,7,7,2449,0
2017-04-25,21:05:00,7,7.05,6.99,7.05,1830,0
2017-04-25,21:10:00,7,7.025,6.95,6.975,4322,0
2017-04-25,21:15:00,6.9837,6.9837,6.9837,6.9837,1000,0
2017-04-25,21:20:00,6.975,6.975,6.9645,6.975,500,0
2017-04-25,21:25:00,6.95,6.975,6.95,6.95,900,0
2017-04-25,21:30:00,7,7,7,7,100,0
2017-04-25,21:35:00,7,7.025,6.975,7,1800,0
2017-04-25,21:40:00,7,7,6.975,7,729,0
2017-04-25,21:45:00,7.05,7.05,7.025,7.05,1200,0
2017-04-25,21:50:00,7.05,7.1,7.025,7.1,3251,0
2017-04-25,21:55:00,7.075,7.1,7.017,7.05,6655,0
2017-04-25,22:00:00,7,7.05,7,7,8669,0
2017-04-26,15:35:00,7.05,7.25,6.6,7.25,20147,0
2017-04-26,15:40:00,7.2,7.2,6.95,7.05,10333,0
2017-04-26,15:45:00,7.05,7.1,7,7.1,1000,0
2017-04-26,15:50:00,7.1,7.1,7.05,7.1,1500,0
2017-04-26,15:55:00,7.025,7.05,6.95,6.9705,4000,0
2017-04-26,16:00:00,7,7,6.975,7,800,0
2017-04-26,16:05:00,7.025,7.025,6.95,7,1081,0
2017-04-26,16:10:00,7.04,7.04,6.95,7,2728,0
2017-04-26,16:15:00,7,7,6.95,6.95,800,0
2017-04-26,16:20:00,6.95,6.95,6.85,6.85,1752,0
2017-04-26,16:25:00,6.86,6.9,6.8,6.9,2700,0
2017-04-26,16:30:00,6.85,6.9,6.825,6.9,1800,0
2017-04-26,16:35:00,6.85,6.875,6.8,6.85,6135,0
2017-04-26,16:40:00,6.8,6.8,6.65,6.65,4250,0
2017-04-26,16:45:00,6.7,6.75,6.7,6.75,3500,0
2017-04-26,16:50:00,6.8,6.8669,6.75,6.85,10980,0
2017-04-26,16:55:00,6.85,6.9,6.825,6.875,17435,0
2017-04-26,17:00:00,6.85,6.85,6.8,6.85,1700,0
2017-04-26,17:05:00,6.805,6.85,6.805,6.825,350,0
2017-04-26,17:10:00,6.845,6.85,6.825,6.85,1100,0
2017-04-26,17:15:00,6.825,6.85,6.82,6.82,1200,0
2017-04-26,17:20:00,6.825,6.9,6.825,6.9,4200,0
2017-04-26,17:25:00,6.9,6.9,6.875,6.9,400,0
2017-04-26,17:30:00,6.875,6.9,6.855,6.875,6300,0
2017-04-26,17:35:00,6.9,6.9,6.9,6.9,100,0
2017-04-26,17:40:00,6.85,6.85,6.775,6.775,4500,0
2017-04-26,17:45:00,6.8,6.8,6.775,6.775,600,0
2017-04-26,17:50:00,6.8,6.8,6.775,6.775,600,0
2017-04-26,17:55:00,6.8,6.85,6.8,6.85,900,0
2017-04-26,18:00:00,6.8375,6.8375,6.825,6.825,693,0
2017-04-26,18:10:00,6.85,6.85,6.775,6.775,1700,0
2017-04-26,18:15:00,6.775,6.775,6.775,6.775,100,0
2017-04-26,18:20:00,6.8,6.8,6.8,6.8,200,0
2017-04-26,18:25:00,6.755,6.755,6.75,6.75,2300,0
2017-04-26,18:30:00,6.75,6.775,6.75,6.75,3890,0
2017-04-26,18:35:00,6.75,6.75,6.725,6.725,2690,0
2017-04-26,18:40:00,6.7262,6.7262,6.7,6.725,2035,0
2017-04-26,18:45:00,6.725,6.725,6.675,6.675,700,0
2017-04-26,18:50:00,6.7,6.7,6.675,6.7,1900,0
2017-04-26,18:55:00,6.66,6.66,6.66,6.66,200,0
2017-04-26,19:05:00,6.7,6.7,6.7,6.7,300,0
2017-04-26,19:10:00,6.7,6.7,6.671,6.7,897,0
2017-04-26,19:15:00,6.75,6.75,6.7,6.7,800,0
2017-04-26,19:20:00,6.7,6.7,6.6667,6.675,2295,0
2017-04-26,19:25:00,6.675,6.7,6.625,6.625,3365,0
2017-04-26,19:30:00,6.7,6.7,6.625,6.625,800,0
2017-04-26,19:35:00,6.65,6.65,6.6,6.6,400,0
2017-04-26,19:40:00,6.6,6.61,6.6,6.61,2100,0
2017-04-26,19:45:00,6.65,6.675,6.65,6.675,3200,0
2017-04-26,19:50:00,6.65,6.65,6.65,6.65,100,0
2017-04-26,19:55:00,6.675,6.675,6.675,6.675,100,0
2017-04-26,20:00:00,6.675,6.675,6.675,6.675,100,0
2017-04-26,20:05:00,6.6833,6.6833,6.675,6.675,2100,0
2017-04-26,20:10:00,6.65,6.7,6.65,6.7,500,0
2017-04-26,20:15:00,6.675,6.7,6.675,6.675,941,0
2017-04-26,20:20:00,6.675,6.675,6.625,6.625,1760,0
2017-04-26,20:25:00,6.7,6.7,6.7,6.7,100,0
2017-04-26,20:30:00,6.7,6.7,6.7,6.7,100,0
2017-04-26,20:35:00,6.65,6.65,6.625,6.625,1300,0
2017-04-26,20:40:00,6.65,6.75,6.625,6.7,10100,0
2017-04-26,20:45:00,6.7,6.7199,6.7,6.7,1140,0
2017-04-26,20:50:00,6.7,6.7,6.7,6.7,900,0
2017-04-26,20:55:00,6.7,6.725,6.69,6.69,5200,0
2017-04-26,21:00:00,6.6667,6.675,6.6667,6.67,1200,0
2017-04-26,21:05:00,6.675,6.675,6.655,6.655,1500,0
2017-04-26,21:10:00,6.7,6.7,6.7,6.7,100,0
2017-04-26,21:15:00,6.6747,6.68,6.6667,6.671,2500,0
2017-04-26,21:20:00,6.675,6.7,6.675,6.7,1200,0
2017-04-26,21:25:00,6.6667,6.675,6.64,6.64,6225,0
2017-04-26,21:30:00,6.65,6.65,6.65,6.65,100,0
2017-04-26,21:35:00,6.625,6.65,6.625,6.625,1400,0
2017-04-26,21:40:00,6.65,6.65,6.64,6.65,1300,0
2017-04-26,21:45:00,6.65,6.65,6.625,6.6321,1400,0
2017-04-26,21:50:00,6.625,6.65,6.6,6.625,3075,0
2017-04-26,21:55:00,6.625,6.65,6.56,6.625,11210,0
2017-04-26,22:00:00,6.625,6.625,6.55,6.6,22016,0
