Date,Time,Open,High,Low,Close,Volume,OpenInt
2017-03-30,15:35:00,26.48,26.48,26.4555,26.46,4376,0
2017-03-30,15:40:00,26.4566,26.4566,26.45,26.45,1935,0
2017-03-30,16:00:00,26.435,26.45,26.435,26.45,5700,0
2017-03-30,16:05:00,26.45,26.45,26.4,26.45,16554,0
2017-03-30,16:10:00,26.4125,26.4125,26.4,26.4,3236,0
2017-03-30,16:15:00,26.4,26.4,26.4,26.4,600,0
2017-03-30,16:20:00,26.4,26.4293,26.4,26.4293,3003,0
2017-03-30,16:25:00,26.43,26.43,26.42,26.42,493,0
2017-03-30,16:30:00,26.42,26.42,26.42,26.42,400,0
2017-03-30,16:50:00,26.41,26.41,26.394,26.394,7014,0
2017-03-30,16:55:00,26.41,26.43,26.41,26.43,3700,0
2017-03-30,17:00:00,26.4399,26.4399,26.425,26.425,1100,0
2017-03-30,17:20:00,26.44,26.44,26.44,26.44,100,0
2017-03-30,17:25:00,26.431,26.431,26.43,26.43,3100,0
2017-03-30,17:30:00,26.44,26.44,26.44,26.44,100,0
2017-03-30,17:35:00,26.44,26.44,26.4348,26.4348,700,0
2017-03-30,17:40:00,26.44,26.44,26.44,26.44,1100,0
2017-03-30,17:50:00,26.4499,26.45,26.43,26.43,9632,0
2017-03-30,18:00:00,26.44,26.44,26.4362,26.4362,420,0
2017-03-30,18:30:00,26.431,26.45,26.431,26.45,1341,0
2017-03-30,18:35:00,26.4366,26.4366,26.4366,26.4366,1000,0
2017-03-30,18:40:00,26.4301,26.4301,26.4301,26.4301,1000,0
2017-03-30,18:50:00,26.45,26.45,26.4401,26.4401,2714,0
2017-03-30,18:55:00,26.45,26.45,26.45,26.45,130,0
2017-03-30,19:00:00,26.44,26.45,26.44,26.45,11179,0
2017-03-30,19:10:00,26.4469,26.4469,26.4469,26.4469,107,0
2017-03-30,19:25:00,26.4431,26.4431,26.4431,26.4431,250,0
2017-03-30,20:00:00,26.446,26.446,26.446,26.446,625,0
2017-03-30,20:30:00,26.45,26.45,26.45,26.45,500,0
2017-03-30,20:35:00,26.44,26.4401,26.44,26.44,4200,0
2017-03-30,20:40:00,26.46,26.46,26.46,26.46,572,0
2017-03-30,20:45:00,26.46,26.46,26.45,26.45,713,0
2017-03-30,20:50:00,26.45,26.45,26.4499,26.45,600,0
2017-03-30,20:55:00,26.45,26.45,26.4499,26.4499,400,0
2017-03-30,21:05:00,26.459,26.459,26.459,26.459,351,0
2017-03-30,21:15:00,26.4441,26.4441,26.4441,26.4441,434,0
2017-03-30,21:20:00,26.4554,26.4554,26.4554,26.4554,100,0
2017-03-30,21:25:00,26.4599,26.4599,26.4599,26.4599,100,0
2017-03-30,21:45:00,26.4499,26.45,26.4499,26.45,2000,0
2017-03-30,21:50:00,26.44,26.44,26.44,26.44,500,0
2017-03-30,22:00:00,26.44,26.45,26.44,26.45,398,0
2017-03-31,15:35:00,26.41,26.41,26.31,26.31,7179,0
2017-03-31,15:40:00,26.36,26.36,26.35,26.35,425,0
2017-03-31,15:45:00,26.37,26.37,26.37,26.37,200,0
2017-03-31,15:50:00,26.36,26.36,26.35,26.35,2400,0
2017-03-31,15:55:00,26.35,26.35,26.35,26.35,400,0
2017-03-31,16:00:00,26.35,26.35,26.35,26.35,200,0
2017-03-31,16:05:00,26.399,26.399,26.3501,26.3601,5456,0
2017-03-31,16:10:00,26.3601,26.3601,26.3601,26.3601,200,0
2017-03-31,16:15:00,26.4,26.45,26.4,26.41,3200,0
2017-03-31,16:20:00,26.41,26.41,26.4,26.4,700,0
2017-03-31,16:25:00,26.4,26.4001,26.4,26.4,3200,0
2017-03-31,16:30:00,26.4,26.4,26.4,26.4,100,0
2017-03-31,16:35:00,26.4,26.4,26.4,26.4,4400,0
2017-03-31,16:40:00,26.4,26.4,26.4,26.4,400,0
2017-03-31,16:50:00,26.42,26.44,26.41,26.44,850,0
2017-03-31,16:55:00,26.4121,26.4121,26.4121,26.4121,2000,0
2017-03-31,17:10:00,26.4,26.4,26.4,26.4,500,0
2017-03-31,17:15:00,26.4,26.41,26.36,26.36,6432,0
2017-03-31,17:20:00,26.39,26.3908,26.39,26.3908,300,0
2017-03-31,17:25:00,26.39,26.39,26.39,26.39,200,0
2017-03-31,17:35:00,26.39,26.4,26.39,26.4,1200,0
2017-03-31,17:55:00,26.41,26.41,26.41,26.41,241,0
2017-03-31,18:05:00,26.41,26.4139,26.405,26.4139,1000,0
2017-03-31,18:10:00,26.415,26.42,26.415,26.42,432,0
2017-03-31,18:15:00,26.41,26.41,26.41,26.41,319,0
2017-03-31,18:20:00,26.41,26.41,26.4,26.4,2400,0
2017-03-31,18:25:00,26.4,26.4,26.4,26.4,1300,0
2017-03-31,18:30:00,26.4,26.4,26.4,26.4,1825,0
2017-03-31,18:35:00,26.4001,26.4001,26.4001,26.4001,450,0
2017-03-31,18:50:00,26.4,26.4,26.4,26.4,1500,0
2017-03-31,19:15:00,26.4,26.4,26.4,26.4,200,0
2017-03-31,19:30:00,26.41,26.41,26.41,26.41,1100,0
2017-03-31,19:40:00,26.44,26.44,26.44,26.44,730,0
2017-03-31,19:45:00,26.43,26.44,26.43,26.4373,1073,0
2017-03-31,19:50:00,26.43,26.43,26.43,26.43,1465,0
2017-03-31,20:00:00,26.4101,26.4101,26.4101,26.4101,520,0
2017-03-31,20:05:00,26.412,26.412,26.4101,26.4101,1465,0
2017-03-31,20:10:00,26.42,26.42,26.42,26.42,289,0
2017-03-31,20:15:00,26.415,26.42,26.415,26.42,600,0
2017-03-31,20:20:00,26.4101,26.4101,26.4101,26.4101,670,0
2017-03-31,20:25:00,26.44,26.44,26.44,26.44,327,0
2017-03-31,20:30:00,26.44,26.44,26.4346,26.4346,350,0
2017-03-31,20:35:00,26.4301,26.4301,26.43,26.43,616,0
2017-03-31,20:40:00,26.44,26.44,26.44,26.44,192,0
2017-03-31,20:55:00,26.43,26.45,26.43,26.45,1527,0
2017-03-31,21:00:00,26.4577,26.4577,26.4577,26.4577,450,0
2017-03-31,21:10:00,26.46,26.46,26.45,26.45,1800,0
2017-03-31,21:20:00,26.4599,26.4599,26.4599,26.4599,430,0
2017-03-31,21:25:00,26.45,26.45,26.45,26.45,6495,0
2017-03-31,21:30:00,26.45,26.45,26.45,26.45,5771,0
2017-03-31,21:40:00,26.4558,26.4558,26.4558,26.4558,1000,0
2017-03-31,21:50:00,26.46,26.46,26.45,26.45,1112,0
2017-03-31,21:55:00,26.46,26.46,26.45,26.46,488,0
2017-03-31,22:00:00,26.4599,26.46,26.4599,26.46,2044,0
2017-04-03,15:35:00,26.44,26.4521,26.44,26.4521,2049,0
2017-04-03,15:45:00,26.48,26.48,26.48,26.48,233,0
2017-04-03,16:00:00,26.48,26.49,26.46,26.49,6610,0
2017-04-03,16:05:00,26.4654,26.4654,26.4654,26.4654,2000,0
2017-04-03,16:10:00,26.48,26.48,26.48,26.48,600,0
2017-04-03,16:15:00,26.48,26.48,26.47,26.47,2282,0
2017-04-03,16:20:00,26.47,26.48,26.47,26.47,1200,0
2017-04-03,16:25:00,26.48,26.48,26.48,26.48,224,0
2017-04-03,16:30:00,26.47,26.49,26.47,26.49,2006,0
2017-04-03,16:35:00,26.49,26.49,26.48,26.48,920,0
2017-04-03,16:40:00,26.4871,26.4871,26.48,26.48,400,0
2017-04-03,16:45:00,26.485,26.485,26.48,26.48,200,0
2017-04-03,16:50:00,26.48,26.48,26.48,26.48,100,0
2017-04-03,16:55:00,26.48,26.48,26.48,26.48,100,0
2017-04-03,17:05:00,26.485,26.49,26.48,26.48,9107,0
2017-04-03,17:15:00,26.49,26.49,26.49,26.49,1303,0
2017-04-03,17:20:00,26.481,26.5,26.48,26.49,4760,0
2017-04-03,17:25:00,26.48,26.5,26.48,26.5,4600,0
2017-04-03,17:30:00,26.49,26.5,26.49,26.5,3123,0
2017-04-03,17:35:00,26.5,26.501,26.49,26.501,13477,0
2017-04-03,17:40:00,26.51,26.53,26.51,26.53,900,0
2017-04-03,17:45:00,26.53,26.54,26.53,26.54,3244,0
2017-04-03,17:50:00,26.54,26.57,26.54,26.57,5600,0
2017-04-03,17:55:00,26.58,26.58,26.58,26.58,642,0
2017-04-03,18:00:00,26.57,26.57,26.57,26.57,587,0
2017-04-03,18:05:00,26.561,26.561,26.561,26.561,200,0
2017-04-03,18:20:00,26.571,26.63,26.57,26.58,2606,0
2017-04-03,18:25:00,26.58,26.62,26.57,26.61,2716,0
2017-04-03,18:30:00,26.6,26.6,26.595,26.6,810,0
2017-04-03,18:35:00,26.6,26.6177,26.6,26.6,1700,0
2017-04-03,18:40:00,26.61,26.61,26.61,26.61,1585,0
2017-04-03,18:45:00,26.61,26.61,26.61,26.61,941,0
2017-04-03,18:55:00,26.61,26.62,26.61,26.62,1462,0
2017-04-03,19:10:00,26.61,26.61,26.61,26.61,1900,0
2017-04-03,19:15:00,26.62,26.62,26.62,26.62,300,0
2017-04-03,19:20:00,26.63,26.63,26.625,26.625,800,0
2017-04-03,19:30:00,26.63,26.71,26.63,26.71,19995,0
2017-04-03,19:35:00,26.69,26.6999,26.68,26.68,1781,0
2017-04-03,19:40:00,26.67,26.68,26.67,26.68,5184,0
2017-04-03,19:45:00,26.671,26.6781,26.67,26.67,6166,0
2017-04-03,19:50:00,26.67,26.68,26.6699,26.68,6264,0
2017-04-03,19:55:00,26.68,26.68,26.68,26.68,405,0
2017-04-03,20:05:00,26.6795,26.6795,26.67,26.67,850,0
2017-04-03,20:10:00,26.68,26.68,26.68,26.68,100,0
2017-04-03,20:15:00,26.65,26.67,26.65,26.67,604,0
2017-04-03,20:20:00,26.67,26.68,26.66,26.66,400,0
2017-04-03,20:25:00,26.65,26.65,26.63,26.65,800,0
2017-04-03,20:30:00,26.65,26.65,26.6346,26.65,1350,0
2017-04-03,20:35:00,26.631,26.65,26.631,26.64,2410,0
2017-04-03,20:40:00,26.68,26.68,26.4,26.64,15440,0
2017-04-03,20:45:00,26.64,26.64,26.63,26.63,745,0
2017-04-03,20:50:00,26.62,26.63,26.6,26.63,3923,0
2017-04-03,20:55:00,26.65,26.65,26.65,26.65,539,0
2017-04-03,21:00:00,26.68,26.68,26.67,26.68,13355,0
2017-04-03,21:05:00,26.69,26.69,26.69,26.69,6500,0
2017-04-03,21:10:00,26.69,26.69,26.69,26.69,12589,0
2017-04-03,21:15:00,26.69,26.69,26.67,26.67,1237,0
2017-04-03,21:20:00,26.61,26.62,26.61,26.62,200,0
2017-04-03,21:25:00,26.62,26.62,26.62,26.62,300,0
2017-04-03,21:30:00,26.62,26.62,26.6,26.6,300,0
2017-04-03,21:35:00,26.62,26.62,26.62,26.62,1100,0
2017-04-03,21:40:00,26.62,26.62,26.62,26.62,966,0
2017-04-03,21:45:00,26.62,26.6398,26.58,26.62,8159,0
2017-04-03,21:50:00,26.5899,26.6,26.5899,26.6,503,0
2017-04-03,21:55:00,26.59,26.59,26.57,26.57,300,0
2017-04-03,22:00:00,26.57,26.58,26.54,26.58,737,0
2017-04-04,15:35:00,26.57,26.57,26.57,26.57,6000,0
2017-04-04,15:45:00,26.56,26.56,26.56,26.56,226,0
2017-04-04,15:55:00,26.57,26.6,26.57,26.6,5789,0
2017-04-04,16:00:00,26.62,26.62,26.62,26.62,128,0
2017-04-04,16:05:00,26.61,26.61,26.61,26.61,233,0
2017-04-04,16:15:00,26.6099,26.6099,26.6099,26.6099,100,0
2017-04-04,16:20:00,26.59,26.59,26.5899,26.5899,521,0
2017-04-04,16:25:00,26.58,26.58,26.58,26.58,100,0
2017-04-04,16:30:00,26.56,26.56,26.56,26.56,300,0
2017-04-04,16:35:00,26.52,26.6,26.52,26.5899,1130,0
2017-04-04,16:45:00,26.58,26.58,26.58,26.58,347,0
2017-04-04,16:50:00,26.57,26.57,26.54,26.54,5372,0
2017-04-04,16:55:00,26.55,26.59,26.55,26.576,3946,0
2017-04-04,17:00:00,26.59,26.61,26.57,26.585,5914,0
2017-04-04,17:05:00,26.57,26.57,26.56,26.5666,6397,0
2017-04-04,17:10:00,26.5762,26.5762,26.5762,26.5762,601,0
2017-04-04,17:15:00,26.59,26.59,26.59,26.59,200,0
2017-04-04,17:20:00,26.57,26.5759,26.57,26.57,1400,0
2017-04-04,17:35:00,26.57,26.58,26.57,26.58,3000,0
2017-04-04,17:45:00,26.56,26.56,26.56,26.56,2000,0
2017-04-04,17:55:00,26.58,26.59,26.58,26.59,2300,0
2017-04-04,18:00:00,26.57,26.5701,26.57,26.57,1945,0
2017-04-04,18:05:00,26.5623,26.57,26.56,26.56,2169,0
2017-04-04,18:10:00,26.57,26.57,26.57,26.57,195,0
2017-04-04,18:15:00,26.57,26.57,26.57,26.57,1100,0
2017-04-04,18:20:00,26.57,26.57,26.5677,26.57,5559,0
2017-04-04,18:25:00,26.5777,26.5777,26.5777,26.5777,122,0
2017-04-04,18:30:00,26.58,26.58,26.57,26.57,700,0
2017-04-04,18:35:00,26.58,26.59,26.58,26.59,286,0
2017-04-04,18:40:00,26.5801,26.5801,26.5801,26.5801,215,0
2017-04-04,18:50:00,26.58,26.58,26.53,26.57,8071,0
2017-04-04,18:55:00,26.5419,26.5419,26.5419,26.5419,1955,0
2017-04-04,19:05:00,26.5201,26.5201,26.5201,26.5201,400,0
2017-04-04,19:10:00,26.52,26.52,26.52,26.52,1223,0
2017-04-04,19:25:00,26.51,26.5177,26.51,26.51,1750,0
2017-04-04,19:30:00,26.51,26.52,26.51,26.5177,2313,0
2017-04-04,19:35:00,26.52,26.52,26.5177,26.5177,614,0
2017-04-04,19:40:00,26.5177,26.52,26.5177,26.52,735,0
2017-04-04,19:45:00,26.5177,26.52,26.5177,26.52,3002,0
2017-04-04,19:50:00,26.521,26.55,26.5201,26.5499,4195,0
2017-04-04,20:00:00,26.57,26.57,26.53,26.5508,9408,0
2017-04-04,20:05:00,26.5599,26.5599,26.5599,26.5599,600,0
2017-04-04,20:10:00,26.51,26.51,26.5,26.5,1000,0
2017-04-04,20:15:00,26.54,26.55,26.5345,26.5345,1500,0
2017-04-04,20:20:00,26.55,26.55,26.5,26.53,3470,0
2017-04-04,20:25:00,26.52,26.52,26.51,26.51,5081,0
2017-04-04,20:30:00,26.5472,26.5472,26.48,26.48,6700,0
2017-04-04,20:35:00,26.48,26.48,26.44,26.45,10872,0
2017-04-04,20:40:00,26.47,26.4761,26.42,26.43,7352,0
2017-04-04,20:45:00,26.43,26.49,26.42,26.45,8984,0
2017-04-04,20:50:00,26.44,26.46,26.44,26.46,6154,0
2017-04-04,20:55:00,26.48,26.5,26.47,26.47,3613,0
2017-04-04,21:00:00,26.471,26.471,26.471,26.471,300,0
2017-04-04,21:05:00,26.49,26.49,26.48,26.48,1712,0
2017-04-04,21:10:00,26.5,26.5,26.5,26.5,2000,0
2017-04-04,21:15:00,26.486,26.486,26.486,26.486,600,0
2017-04-04,21:20:00,26.5,26.5,26.5,26.5,200,0
2017-04-04,21:25:00,26.5,26.52,26.49,26.52,2596,0
2017-04-04,21:30:00,26.52,26.52,26.52,26.52,200,0
2017-04-04,21:35:00,26.52,26.52,26.5138,26.5177,3089,0
2017-04-04,21:40:00,26.52,26.52,26.52,26.52,300,0
2017-04-04,21:45:00,26.52,26.52,26.5169,26.5169,2265,0
2017-04-04,21:50:00,26.51,26.52,26.51,26.52,1272,0
2017-04-04,21:55:00,26.51,26.5135,26.47,26.5,28142,0
2017-04-04,22:00:00,26.53,26.55,26.52,26.55,9519,0
2017-04-05,15:35:00,26.53,26.53,26.53,26.53,4863,0
2017-04-05,15:45:00,26.53,26.533,26.53,26.533,1300,0
2017-04-05,15:50:00,26.52,26.52,26.52,26.52,700,0
2017-04-05,16:00:00,26.53,26.54,26.53,26.54,982,0
2017-04-05,16:05:00,26.58,26.58,26.58,26.58,259,0
2017-04-05,16:10:00,26.58,26.58,26.58,26.58,300,0
2017-04-05,16:15:00,26.5861,26.5861,26.57,26.57,1884,0
2017-04-05,16:20:00,26.56,26.56,26.54,26.5401,3591,0
2017-04-05,16:25:00,26.55,26.55,26.55,26.55,4000,0
2017-04-05,16:30:00,26.5599,26.5599,26.55,26.55,1110,0
2017-04-05,16:35:00,26.54,26.54,26.53,26.53,13135,0
2017-04-05,16:40:00,26.53,26.53,26.53,26.53,200,0
2017-04-05,16:45:00,26.54,26.55,26.54,26.55,6844,0
2017-04-05,16:50:00,26.56,26.56,26.56,26.56,1100,0
2017-04-05,17:10:00,26.55,26.55,26.55,26.55,5000,0
2017-04-05,17:15:00,26.55,26.55,26.55,26.55,1395,0
2017-04-05,17:20:00,26.56,26.56,26.55,26.55,700,0
2017-04-05,17:35:00,26.5562,26.5686,26.5562,26.5686,300,0
2017-04-05,17:45:00,26.56,26.5669,26.5599,26.5669,1071,0
2017-04-05,18:05:00,26.57,26.57,26.5677,26.5677,369,0
2017-04-05,18:10:00,26.5677,26.5677,26.5677,26.5677,144,0
2017-04-05,18:20:00,26.57,26.57,26.5635,26.5635,550,0
2017-04-05,18:25:00,26.5699,26.5699,26.5682,26.5682,750,0
2017-04-05,18:40:00,26.57,26.57,26.57,26.57,100,0
2017-04-05,18:55:00,26.57,26.58,26.57,26.57,1174,0
2017-04-05,19:05:00,26.58,26.58,26.58,26.58,100,0
2017-04-05,19:15:00,26.58,26.59,26.58,26.59,5100,0
2017-04-05,19:30:00,26.59,26.59,26.57,26.57,5262,0
2017-04-05,19:45:00,26.58,26.58,26.5769,26.5769,685,0
2017-04-05,19:50:00,26.57,26.57,26.57,26.57,100,0
2017-04-05,19:55:00,26.57,26.57,26.56,26.56,293,0
2017-04-05,20:00:00,26.5799,26.58,26.5799,26.58,485,0
2017-04-05,20:10:00,26.56,26.56,26.56,26.56,3837,0
2017-04-05,20:15:00,26.58,26.58,26.57,26.57,2287,0
2017-04-05,20:20:00,26.5503,26.5503,26.5503,26.5503,2000,0
2017-04-05,20:25:00,26.58,26.58,26.58,26.58,1900,0
2017-04-05,20:35:00,26.57,26.57,26.5653,26.5653,2050,0
2017-04-05,20:50:00,26.56,26.56,26.56,26.56,100,0
2017-04-05,20:55:00,26.55,26.55,26.55,26.55,1913,0
2017-04-05,21:10:00,26.55,26.55,26.53,26.53,600,0
2017-04-05,21:15:00,26.54,26.55,26.51,26.53,12158,0
2017-04-05,21:20:00,26.53,26.53,26.53,26.53,700,0
2017-04-05,21:25:00,26.5299,26.5299,26.5299,26.5299,2000,0
2017-04-05,21:30:00,26.52,26.52,26.5072,26.5072,308,0
2017-04-05,21:35:00,26.53,26.53,26.4931,26.4931,1310,0
2017-04-05,21:40:00,26.5105,26.5105,26.5105,26.5105,565,0
2017-04-05,21:45:00,26.51,26.53,26.51,26.53,2480,0
2017-04-05,21:50:00,26.5146,26.5146,26.5,26.5,2787,0
2017-04-05,22:00:00,26.47,26.47,26.45,26.45,4753,0
2017-04-06,15:35:00,26.36,26.36,26.35,26.35,11823,0
2017-04-06,15:45:00,26.39,26.39,26.37,26.38,2384,0
2017-04-06,15:50:00,26.38,26.39,26.3769,26.39,5200,0
2017-04-06,16:00:00,26.4,26.43,26.4,26.43,1500,0
2017-04-06,16:10:00,26.44,26.45,26.44,26.45,500,0
2017-04-06,16:15:00,26.45,26.45,26.45,26.45,200,0
2017-04-06,16:20:00,26.45,26.48,26.4499,26.48,758,0
2017-04-06,16:25:00,26.48,26.48,26.4655,26.48,1700,0
2017-04-06,16:30:00,26.49,26.52,26.483,26.5187,7712,0
2017-04-06,16:35:00,26.52,26.52,26.52,26.52,200,0
2017-04-06,16:40:00,26.52,26.52,26.52,26.52,100,0
2017-04-06,16:45:00,26.52,26.52,26.52,26.52,200,0
2017-04-06,16:50:00,26.52,26.52,26.5086,26.5086,297,0
2017-04-06,16:55:00,26.52,26.52,26.51,26.51,5825,0
2017-04-06,17:05:00,26.53,26.54,26.53,26.54,200,0
2017-04-06,17:10:00,26.54,26.54,26.54,26.54,100,0
2017-04-06,17:15:00,26.54,26.54,26.54,26.54,200,0
2017-04-06,17:20:00,26.54,26.54,26.54,26.54,1000,0
2017-04-06,17:25:00,26.54,26.54,26.52,26.5245,1400,0
2017-04-06,17:30:00,26.52,26.52,26.52,26.52,400,0
2017-04-06,17:35:00,26.52,26.52,26.49,26.52,689,0
2017-04-06,17:40:00,26.52,26.54,26.52,26.54,11110,0
2017-04-06,17:45:00,26.52,26.52,26.52,26.52,200,0
2017-04-06,17:50:00,26.53,26.53,26.53,26.53,100,0
2017-04-06,17:55:00,26.53,26.53,26.51,26.53,1521,0
2017-04-06,18:05:00,26.53,26.53,26.53,26.53,300,0
2017-04-06,18:10:00,26.53,26.54,26.53,26.54,1400,0
2017-04-06,18:15:00,26.54,26.56,26.54,26.56,1665,0
2017-04-06,18:20:00,26.56,26.56,26.56,26.56,500,0
2017-04-06,18:25:00,26.56,26.56,26.56,26.56,400,0
2017-04-06,18:30:00,26.56,26.56,26.56,26.56,700,0
2017-04-06,18:35:00,26.56,26.56,26.555,26.56,900,0
2017-04-06,18:40:00,26.56,26.56,26.553,26.56,1300,0
2017-04-06,18:45:00,26.56,26.57,26.56,26.57,300,0
2017-04-06,18:50:00,26.57,26.58,26.57,26.57,400,0
2017-04-06,18:55:00,26.58,26.58,26.56,26.5618,3131,0
2017-04-06,19:00:00,26.57,26.58,26.57,26.58,300,0
2017-04-06,19:05:00,26.58,26.58,26.58,26.58,500,0
2017-04-06,19:10:00,26.58,26.58,26.566,26.58,1600,0
2017-04-06,19:15:00,26.58,26.58,26.57,26.57,500,0
2017-04-06,19:20:00,26.58,26.58,26.57,26.57,400,0
2017-04-06,19:25:00,26.58,26.58,26.5667,26.58,2300,0
2017-04-06,19:30:00,26.57,26.58,26.57,26.57,500,0
2017-04-06,19:35:00,26.58,26.58,26.57,26.58,400,0
2017-04-06,19:40:00,26.58,26.58,26.57,26.58,400,0
2017-04-06,19:45:00,26.58,26.58,26.55,26.56,1579,0
2017-04-06,19:50:00,26.569,26.57,26.56,26.57,700,0
2017-04-06,19:55:00,26.57,26.58,26.57,26.57,400,0
2017-04-06,20:00:00,26.58,26.58,26.55,26.55,20070,0
2017-04-06,20:05:00,26.55,26.57,26.55,26.56,1494,0
2017-04-06,20:10:00,26.57,26.57,26.55,26.55,932,0
2017-04-06,20:15:00,26.56,26.57,26.56,26.56,400,0
2017-04-06,20:20:00,26.56,26.57,26.56,26.57,726,0
2017-04-06,20:25:00,26.56,26.57,26.555,26.555,400,0
2017-04-06,20:30:00,26.56,26.57,26.56,26.565,4600,0
2017-04-06,20:35:00,26.56,26.57,26.56,26.57,4960,0
2017-04-06,20:40:00,26.57,26.57,26.56,26.56,800,0
2017-04-06,20:45:00,26.57,26.57,26.57,26.57,2350,0
2017-04-06,20:50:00,26.56,26.57,26.56,26.57,600,0
2017-04-06,20:55:00,26.5654,26.58,26.56,26.58,900,0
2017-04-06,21:00:00,26.58,26.58,26.56,26.56,700,0
2017-04-06,21:05:00,26.58,26.58,26.56,26.56,700,0
2017-04-06,21:10:00,26.56,26.57,26.55,26.57,4044,0
2017-04-06,21:15:00,26.57,26.58,26.55,26.58,2400,0
2017-04-06,21:20:00,26.58,26.58,26.56,26.5601,800,0
2017-04-06,21:25:00,26.58,26.58,26.54,26.55,1599,0
2017-04-06,21:30:00,26.56,26.57,26.56,26.56,1500,0
2017-04-06,21:35:00,26.57,26.57,26.5686,26.57,1315,0
2017-04-06,21:40:00,26.57,26.57,26.53,26.55,4661,0
2017-04-06,21:45:00,26.55,26.57,26.55,26.57,500,0
2017-04-06,21:50:00,26.57,26.57,26.57,26.57,400,0
2017-04-06,21:55:00,26.57,26.57,26.56,26.56,2000,0
2017-04-06,22:00:00,26.57,26.58,26.56,26.57,3015,0
2017-04-07,15:35:00,26.61,26.61,26.61,26.61,6548,0
2017-04-07,15:40:00,26.61,26.61,26.61,26.61,1200,0
2017-04-07,15:45:00,26.61,26.62,26.61,26.62,2103,0
2017-04-07,15:50:00,26.6,26.6,26.6,26.6,300,0
2017-04-07,16:00:00,26.6078,26.6078,26.58,26.58,3034,0
2017-04-07,16:10:00,26.5923,26.5923,26.5923,26.5923,485,0
2017-04-07,16:20:00,26.59,26.59,26.56,26.5762,2594,0
2017-04-07,16:25:00,26.56,26.56,26.51,26.51,3134,0
2017-04-07,16:30:00,26.57,26.62,26.57,26.6,6080,0
2017-04-07,16:40:00,26.5676,26.5676,26.5676,26.5676,1000,0
2017-04-07,16:55:00,26.6,26.6,26.54,26.575,4346,0
2017-04-07,18:00:00,26.51,26.5366,26.51,26.5366,1400,0
2017-04-07,18:05:00,26.5229,26.531,26.52,26.52,14772,0
2017-04-07,18:10:00,26.54,26.54,26.54,26.54,250,0
2017-04-07,18:15:00,26.533,26.533,26.533,26.533,186,0
2017-04-07,18:20:00,26.5431,26.5431,26.5431,26.5431,370,0
2017-04-07,18:50:00,26.5483,26.5483,26.5483,26.5483,370,0
2017-04-07,18:55:00,26.55,26.557,26.55,26.557,500,0
2017-04-07,19:00:00,26.56,26.56,26.56,26.56,1400,0
2017-04-07,19:05:00,26.56,26.56,26.56,26.56,930,0
2017-04-07,19:10:00,26.55,26.55,26.55,26.55,3300,0
2017-04-07,19:20:00,26.553,26.553,26.55,26.55,841,0
2017-04-07,19:30:00,26.5459,26.5459,26.5431,26.5431,462,0
2017-04-07,19:35:00,26.5431,26.5431,26.5431,26.5431,104,0
2017-04-07,19:45:00,26.5218,26.5218,26.5218,26.5218,100,0
2017-04-07,19:50:00,26.5277,26.53,26.5277,26.53,613,0
2017-04-07,20:00:00,26.5382,26.5382,26.537,26.537,2001,0
2017-04-07,20:10:00,26.55,26.5502,26.55,26.5502,269,0
2017-04-07,20:15:00,26.5401,26.5401,26.5401,26.5401,1287,0
2017-04-07,20:40:00,26.5455,26.5455,26.5455,26.5455,103,0
2017-04-07,20:45:00,26.56,26.56,26.56,26.56,1307,0
2017-04-07,20:50:00,26.5589,26.58,26.5589,26.58,2414,0
2017-04-07,20:55:00,26.59,26.6,26.59,26.6,1394,0
2017-04-07,21:10:00,26.5993,26.6,26.5993,26.6,330,0
2017-04-07,21:25:00,26.59,26.59,26.58,26.5823,325,0
2017-04-07,21:40:00,26.59,26.59,26.59,26.59,100,0
2017-04-07,21:50:00,26.59,26.59,26.59,26.59,200,0
2017-04-07,21:55:00,26.58,26.59,26.58,26.59,523,0
2017-04-07,22:00:00,26.58,26.6,26.58,26.6,1469,0
2017-04-10,15:35:00,26.54,26.555,26.54,26.555,4242,0
2017-04-10,15:40:00,26.564,26.564,26.564,26.564,175,0
2017-04-10,15:45:00,26.5889,26.6,26.56,26.56,6249,0
2017-04-10,15:50:00,26.5799,26.5799,26.5799,26.5799,575,0
2017-04-10,15:55:00,26.5799,26.5799,26.5799,26.5799,802,0
2017-04-10,16:00:00,26.58,26.58,26.58,26.58,400,0
2017-04-10,16:05:00,26.6,26.6,26.6,26.6,367,0
2017-04-10,16:10:00,26.6,26.6,26.6,26.6,119,0
2017-04-10,16:15:00,26.6,26.6,26.59,26.5931,6502,0
2017-04-10,16:20:00,26.61,26.61,26.61,26.61,1100,0
2017-04-10,16:25:00,26.6231,26.6231,26.6231,26.6231,111,0
2017-04-10,16:30:00,26.63,26.63,26.63,26.63,600,0
2017-04-10,16:35:00,26.6286,26.6286,26.6238,26.6238,893,0
2017-04-10,16:40:00,26.6223,26.6223,26.6223,26.6223,265,0
2017-04-10,16:45:00,26.63,26.63,26.6269,26.6277,1550,0
2017-04-10,16:55:00,26.62,26.6277,26.62,26.621,2175,0
2017-04-10,17:00:00,26.6275,26.6275,26.6275,26.6275,2000,0
2017-04-10,17:10:00,26.62,26.62,26.61,26.61,1356,0
2017-04-10,17:20:00,26.6298,26.6298,26.62,26.62,6100,0
2017-04-10,17:35:00,26.611,26.611,26.61,26.61,1701,0
2017-04-10,17:45:00,26.6,26.6,26.6,26.6,2000,0
2017-04-10,17:55:00,26.6,26.6,26.6,26.6,900,0
2017-04-10,18:25:00,26.5984,26.5984,26.5984,26.5984,253,0
2017-04-10,18:30:00,26.6101,26.6101,26.6101,26.6101,500,0
2017-04-10,18:40:00,26.601,26.601,26.601,26.601,770,0
2017-04-10,18:45:00,26.61,26.61,26.61,26.61,310,0
2017-04-10,18:55:00,26.61,26.61,26.61,26.61,393,0
2017-04-10,19:00:00,26.62,26.65,26.62,26.65,11617,0
2017-04-10,19:05:00,26.65,26.6502,26.6486,26.6486,2000,0
2017-04-10,19:25:00,26.65,26.67,26.65,26.67,2952,0
2017-04-10,19:30:00,26.67,26.695,26.67,26.69,2568,0
2017-04-10,19:35:00,26.6912,26.6912,26.6912,26.6912,390,0
2017-04-10,19:50:00,26.7,26.7,26.7,26.7,600,0
2017-04-10,19:55:00,26.69,26.69,26.69,26.69,200,0
2017-04-10,20:00:00,26.6801,26.6954,26.6801,26.6954,3148,0
2017-04-10,20:05:00,26.7,26.71,26.7,26.71,600,0
2017-04-10,20:10:00,26.71,26.72,26.7097,26.72,7140,0
2017-04-10,20:15:00,26.7001,26.7116,26.7001,26.7116,1129,0
2017-04-10,20:30:00,26.72,26.73,26.72,26.73,300,0
2017-04-10,20:35:00,26.721,26.723,26.72,26.723,3000,0
2017-04-10,20:40:00,26.73,26.73,26.73,26.73,328,0
2017-04-10,20:45:00,26.73,26.73,26.73,26.73,100,0
2017-04-10,21:10:00,26.72,26.72,26.72,26.72,100,0
2017-04-10,21:15:00,26.72,26.72,26.72,26.72,100,0
2017-04-10,21:20:00,26.7211,26.7211,26.72,26.72,3200,0
2017-04-10,21:25:00,26.72,26.72,26.72,26.72,6295,0
2017-04-10,21:35:00,26.71,26.71,26.71,26.71,1973,0
2017-04-10,21:50:00,26.71,26.71,26.71,26.71,100,0
2017-04-10,21:55:00,26.72,26.72,26.71,26.71,2773,0
2017-04-10,22:00:00,26.71,26.71,26.69,26.69,3615,0
2017-04-11,15:35:00,26.68,26.7,26.66,26.6814,6345,0
2017-04-11,15:40:00,26.7,26.7,26.69,26.69,531,0
2017-04-11,15:45:00,26.68,26.69,26.6776,26.6776,1861,0
2017-04-11,16:15:00,26.64,26.64,26.64,26.64,400,0
2017-04-11,16:20:00,26.64,26.64,26.64,26.64,600,0
2017-04-11,16:30:00,26.64,26.65,26.635,26.65,6300,0
2017-04-11,16:35:00,26.64,26.64,26.64,26.64,3407,0
2017-04-11,16:55:00,26.61,26.61,26.61,26.61,400,0
2017-04-11,17:15:00,26.6177,26.6177,26.6,26.6,1135,0
2017-04-11,17:20:00,26.6054,26.6231,26.59,26.59,2993,0
2017-04-11,17:25:00,26.6,26.6,26.59,26.59,1116,0
2017-04-11,17:30:00,26.5977,26.6,26.5977,26.6,834,0
2017-04-11,17:40:00,26.6119,26.6119,26.6119,26.6119,100,0
2017-04-11,17:50:00,26.62,26.62,26.62,26.62,100,0
2017-04-11,17:55:00,26.61,26.6224,26.61,26.6224,365,0
2017-04-11,18:00:00,26.61,26.61,26.6,26.6,500,0
2017-04-11,18:15:00,26.6,26.61,26.6,26.61,2090,0
2017-04-11,18:20:00,26.61,26.61,26.61,26.61,100,0
2017-04-11,18:25:00,26.615,26.6277,26.615,26.6223,927,0
2017-04-11,18:30:00,26.62,26.62,26.61,26.61,300,0
2017-04-11,18:35:00,26.61,26.61,26.6,26.6,2350,0
2017-04-11,18:40:00,26.6093,26.6093,26.6093,26.6093,200,0
2017-04-11,18:45:00,26.6085,26.6085,26.6085,26.6085,800,0
2017-04-11,18:50:00,26.6,26.6,26.6,26.6,3700,0
2017-04-11,19:00:00,26.5999,26.5999,26.56,26.56,1995,0
2017-04-11,19:05:00,26.5786,26.5786,26.5786,26.5786,100,0
2017-04-11,19:10:00,26.56,26.56,26.56,26.56,100,0
2017-04-11,19:25:00,26.55,26.55,26.55,26.55,100,0
2017-04-11,19:30:00,26.5501,26.5638,26.5501,26.5638,1773,0
2017-04-11,19:35:00,26.55,26.57,26.52,26.52,11700,0
2017-04-11,19:40:00,26.53,26.53,26.53,26.53,590,0
2017-04-11,19:45:00,26.53,26.53,26.52,26.52,200,0
2017-04-11,19:50:00,26.5499,26.5499,26.52,26.52,1250,0
2017-04-11,20:15:00,26.52,26.521,26.52,26.521,600,0
2017-04-11,20:25:00,26.5461,26.55,26.52,26.54,1580,0
2017-04-11,20:30:00,26.544,26.57,26.53,26.5638,3286,0
2017-04-11,20:40:00,26.5569,26.5731,26.5569,26.5731,761,0
2017-04-11,20:45:00,26.565,26.58,26.565,26.5707,1271,0
2017-04-11,20:50:00,26.55,26.5731,26.55,26.55,641,0
2017-04-11,20:55:00,26.58,26.58,26.55,26.55,1624,0
2017-04-11,21:00:00,26.5654,26.5654,26.55,26.56,2722,0
2017-04-11,21:05:00,26.55,26.55,26.55,26.55,1140,0
2017-04-11,21:10:00,26.5577,26.5577,26.5577,26.5577,410,0
2017-04-11,21:15:00,26.5577,26.56,26.5577,26.5577,879,0
2017-04-11,21:20:00,26.5577,26.5577,26.5538,26.5538,307,0
2017-04-11,21:25:00,26.555,26.56,26.555,26.555,3138,0
2017-04-11,21:35:00,26.59,26.59,26.58,26.58,200,0
2017-04-11,21:40:00,26.58,26.58,26.58,26.58,100,0
2017-04-11,21:45:00,26.5999,26.5999,26.5999,26.5999,1195,0
2017-04-11,21:50:00,26.58,26.58,26.58,26.58,200,0
2017-04-11,21:55:00,26.584,26.5931,26.584,26.5931,2103,0
2017-04-11,22:00:00,26.58,26.58,26.56,26.56,3200,0
2017-04-12,15:35:00,26.56,26.56,26.56,26.56,2315,0
2017-04-12,15:50:00,26.57,26.57,26.56,26.56,1350,0
2017-04-12,16:05:00,26.55,26.55,26.55,26.55,100,0
2017-04-12,16:30:00,26.55,26.55,26.55,26.55,465,0
2017-04-12,17:05:00,26.51,26.53,26.51,26.53,5730,0
2017-04-12,17:15:00,26.52,26.52,26.52,26.52,100,0
2017-04-12,17:25:00,26.52,26.52,26.51,26.51,1840,0
2017-04-12,17:30:00,26.51,26.51,26.5,26.5,5721,0
2017-04-12,17:35:00,26.5111,26.52,26.51,26.52,1400,0
2017-04-12,17:40:00,26.52,26.52,26.51,26.5192,1100,0
2017-04-12,17:50:00,26.52,26.521,26.5062,26.5062,1005,0
2017-04-12,17:55:00,26.5161,26.5161,26.5,26.5154,563,0
2017-04-12,18:00:00,26.501,26.5129,26.47,26.47,12750,0
2017-04-12,18:10:00,26.485,26.51,26.485,26.5007,4324,0
2017-04-12,18:30:00,26.48,26.48,26.47,26.47,900,0
2017-04-12,18:35:00,26.47,26.5,26.47,26.5,991,0
2017-04-12,18:45:00,26.47,26.47,26.47,26.47,100,0
2017-04-12,18:50:00,26.47,26.4701,26.47,26.47,800,0
2017-04-12,18:55:00,26.47,26.48,26.47,26.47,4722,0
2017-04-12,19:00:00,26.46,26.4748,26.46,26.4748,300,0
2017-04-12,19:05:00,26.4799,26.4799,26.4799,26.4799,1200,0
2017-04-12,19:10:00,26.47,26.48,26.46,26.47,500,0
2017-04-12,19:15:00,26.46,26.46,26.46,26.46,100,0
2017-04-12,19:20:00,26.46,26.46,26.46,26.46,200,0
2017-04-12,19:25:00,26.46,26.46,26.46,26.46,500,0
2017-04-12,19:30:00,26.46,26.46,26.44,26.44,4500,0
2017-04-12,19:35:00,26.44,26.44,26.43,26.43,1100,0
2017-04-12,19:50:00,26.44,26.47,26.44,26.47,1441,0
2017-04-12,20:10:00,26.48,26.48,26.4738,26.4738,2030,0
2017-04-12,20:15:00,26.48,26.5,26.48,26.4945,987,0
2017-04-12,20:20:00,26.5299,26.5299,26.5299,26.5299,727,0
2017-04-12,21:10:00,26.5199,26.5228,26.5199,26.5228,940,0
2017-04-12,21:15:00,26.53,26.53,26.5238,26.5238,624,0
2017-04-12,21:20:00,26.514,26.514,26.514,26.514,900,0
2017-04-12,21:25:00,26.5254,26.53,26.5254,26.53,1691,0
2017-04-12,21:35:00,26.54,26.55,26.54,26.55,1099,0
2017-04-12,21:40:00,26.54,26.54,26.54,26.54,100,0
2017-04-12,21:50:00,26.55,26.55,26.54,26.54,2100,0
2017-04-12,21:55:00,26.54,26.54,26.54,26.54,250,0
2017-04-12,22:00:00,26.53,26.54,26.53,26.54,3164,0
2017-04-13,15:35:00,26.58,26.58,26.55,26.55,18885,0
2017-04-13,15:40:00,26.56,26.6,26.56,26.6,200,0
2017-04-13,15:45:00,26.57,26.588,26.57,26.588,3250,0
2017-04-13,15:50:00,26.5849,26.5849,26.5849,26.5849,360,0
2017-04-13,15:55:00,26.57,26.5741,26.55,26.5741,2206,0
2017-04-13,16:05:00,26.5562,26.5562,26.54,26.54,4314,0
2017-04-13,16:10:00,26.53,26.53,26.49,26.49,712,0
2017-04-13,16:15:00,26.5,26.5,26.5,26.5,200,0
2017-04-13,16:20:00,26.5,26.5,26.5,26.5,200,0
2017-04-13,16:25:00,26.5,26.52,26.4801,26.52,1100,0
2017-04-13,16:35:00,26.5023,26.51,26.5,26.5,4400,0
2017-04-13,17:15:00,26.52,26.52,26.52,26.52,100,0
2017-04-13,17:30:00,26.54,26.54,26.54,26.54,817,0
2017-04-13,17:35:00,26.54,26.54,26.54,26.54,100,0
2017-04-13,18:05:00,26.549,26.55,26.549,26.55,3100,0
2017-04-13,18:40:00,26.53,26.53,26.5,26.53,5984,0
2017-04-13,18:45:00,26.51,26.51,26.51,26.51,400,0
2017-04-13,18:50:00,26.5109,26.53,26.5109,26.53,1747,0
2017-04-13,19:00:00,26.52,26.5685,26.52,26.5685,691,0
2017-04-13,19:05:00,26.5641,26.5641,26.5641,26.5641,1000,0
2017-04-13,19:30:00,26.56,26.56,26.531,26.5516,1200,0
2017-04-13,19:45:00,26.5346,26.5346,26.5346,26.5346,200,0
2017-04-13,20:00:00,26.5499,26.5499,26.5499,26.5499,2000,0
2017-04-13,20:25:00,26.5346,26.5346,26.5346,26.5346,700,0
2017-04-13,20:55:00,26.54,26.54,26.54,26.54,200,0
2017-04-13,21:00:00,26.56,26.58,26.56,26.58,2700,0
2017-04-13,21:20:00,26.56,26.56,26.56,26.56,100,0
2017-04-13,21:30:00,26.5636,26.5636,26.5636,26.5636,1000,0
2017-04-13,21:50:00,26.56,26.56,26.56,26.56,370,0
2017-04-13,21:55:00,26.53,26.5301,26.53,26.53,2065,0
2017-04-13,22:00:00,26.56,26.62,26.56,26.62,3306,0
2017-04-17,15:35:00,26.6,26.6,26.6,26.6,1218,0
2017-04-17,16:05:00,26.56,26.56,26.56,26.56,100,0
2017-04-17,16:10:00,26.57,26.57,26.57,26.57,100,0
2017-04-17,16:25:00,26.7,26.7,26.6832,26.6832,1200,0
2017-04-17,16:35:00,26.66,26.66,26.66,26.66,200,0
2017-04-17,16:40:00,26.66,26.66,26.66,26.66,200,0
2017-04-17,16:45:00,26.64,26.6511,26.64,26.6511,1235,0
2017-04-17,16:55:00,26.64,26.64,26.64,26.64,100,0
2017-04-17,17:05:00,26.64,26.65,26.64,26.64,1152,0
2017-04-17,17:15:00,26.59,26.59,26.59,26.59,100,0
2017-04-17,17:20:00,26.649,26.66,26.6146,26.66,6050,0
2017-04-17,17:25:00,26.6,26.7,26.6,26.6801,1770,0
2017-04-17,17:30:00,26.7067,26.7088,26.7,26.7088,1200,0
2017-04-17,17:35:00,26.72,26.73,26.71,26.73,5900,0
2017-04-17,17:40:00,26.7001,26.73,26.7001,26.73,1106,0
2017-04-17,17:45:00,26.7123,26.7123,26.7,26.7,1721,0
2017-04-17,17:50:00,26.7158,26.7211,26.7158,26.7211,976,0
2017-04-17,18:00:00,26.729,26.729,26.69,26.7196,4149,0
2017-04-17,18:20:00,26.6963,26.6963,26.6963,26.6963,400,0
2017-04-17,18:25:00,26.72,26.72,26.72,26.72,100,0
2017-04-17,18:40:00,26.68,26.694,26.68,26.68,800,0
2017-04-17,18:45:00,26.68,26.68,26.67,26.67,1675,0
2017-04-17,19:00:00,26.67,26.67,26.67,26.67,100,0
2017-04-17,19:10:00,26.67,26.67,26.65,26.6593,811,0
2017-04-17,19:20:00,26.65,26.65,26.65,26.65,3950,0
2017-04-17,19:25:00,26.6201,26.6201,26.6201,26.6201,100,0
2017-04-17,19:45:00,26.62,26.62,26.62,26.62,100,0
2017-04-17,20:10:00,26.64,26.64,26.62,26.62,1043,0
2017-04-17,20:15:00,26.6418,26.65,26.6219,26.6219,920,0
2017-04-17,20:20:00,26.63,26.63,26.62,26.62,800,0
2017-04-17,20:25:00,26.615,26.6169,26.615,26.6169,1000,0
2017-04-17,20:30:00,26.62,26.62,26.6193,26.62,451,0
2017-04-17,20:40:00,26.615,26.615,26.615,26.615,100,0
2017-04-17,20:45:00,26.61,26.61,26.61,26.61,100,0
2017-04-17,20:55:00,26.61,26.61,26.61,26.61,100,0
2017-04-17,21:25:00,26.62,26.62,26.615,26.62,9878,0
2017-04-17,21:30:00,26.621,26.68,26.62,26.68,3290,0
2017-04-17,21:35:00,26.6651,26.687,26.6651,26.687,1150,0
2017-04-17,21:50:00,26.69,26.69,26.68,26.69,966,0
2017-04-17,21:55:00,26.69,26.69,26.69,26.69,400,0
2017-04-17,22:00:00,26.69,26.7,26.69,26.7,1100,0
2017-04-18,15:35:00,26.62,26.62,26.52,26.56,5177,0
2017-04-18,15:40:00,26.56,26.56,26.49,26.51,5982,0
2017-04-18,15:45:00,26.51,26.52,26.48,26.5,4325,0
2017-04-18,15:50:00,26.5,26.5,26.48,26.48,3800,0
2017-04-18,15:55:00,26.47,26.49,26.44,26.48,9493,0
2017-04-18,16:00:00,26.48,26.48,26.45,26.46,3900,0
2017-04-18,16:05:00,26.46,26.5,26.46,26.5,9776,0
2017-04-18,16:10:00,26.5,26.5,26.45,26.45,4245,0
2017-04-18,16:15:00,26.45,26.45,26.42,26.42,7083,0
2017-04-18,16:20:00,26.42,26.43,26.41,26.41,5000,0
2017-04-18,16:25:00,26.42,26.4499,26.4,26.4,27010,0
2017-04-18,16:30:00,26.4,26.43,26.37,26.38,4600,0
2017-04-18,16:35:00,26.38,26.4128,26.38,26.4,5300,0
2017-04-18,16:40:00,26.4,26.49,26.4,26.46,12588,0
2017-04-18,16:45:00,26.42,26.42,26.4,26.41,2800,0
2017-04-18,16:50:00,26.4,26.43,26.38,26.43,5900,0
2017-04-18,16:55:00,26.38,26.3924,26.37,26.37,4200,0
2017-04-18,17:00:00,26.37,26.38,26.26,26.26,21111,0
2017-04-18,17:05:00,26.26,26.36,26.26,26.36,10600,0
2017-04-18,17:10:00,26.325,26.325,26.31,26.31,6218,0
2017-04-18,17:15:00,26.31,26.33,26.29,26.32,7296,0
2017-04-18,17:20:00,26.32,26.36,26.32,26.33,4700,0
2017-04-18,17:25:00,26.33,26.33,26.28,26.29,6100,0
2017-04-18,17:30:00,26.28,26.32,26.28,26.32,5600,0
2017-04-18,17:35:00,26.32,26.32,26.32,26.32,400,0
2017-04-18,17:40:00,26.32,26.33,26.31,26.327,2150,0
2017-04-18,17:45:00,26.3164,26.3164,26.301,26.301,3930,0
2017-04-18,17:50:00,26.32,26.34,26.32,26.3397,2500,0
2017-04-18,17:55:00,26.325,26.3299,26.3,26.3299,2671,0
2017-04-18,18:00:00,26.29,26.39,26.29,26.38,3025,0
2017-04-18,18:15:00,26.37,26.41,26.37,26.37,7834,0
2017-04-18,18:20:00,26.37,26.37,26.37,26.37,100,0
2017-04-18,18:30:00,26.3624,26.38,26.3624,26.38,3296,0
2017-04-18,18:40:00,26.39,26.4,26.39,26.39,3200,0
2017-04-18,18:45:00,26.4,26.43,26.4,26.425,1200,0
2017-04-18,18:50:00,26.43,26.43,26.43,26.43,500,0
2017-04-18,19:05:00,26.43,26.43,26.43,26.43,800,0
2017-04-18,19:15:00,26.44,26.44,26.44,26.44,100,0
2017-04-18,19:20:00,26.43,26.43,26.43,26.43,100,0
2017-04-18,19:25:00,26.44,26.46,26.44,26.46,5657,0
2017-04-18,19:35:00,26.455,26.46,26.45,26.46,13640,0
2017-04-18,19:40:00,26.45,26.455,26.45,26.45,1777,0
2017-04-18,20:00:00,26.45,26.45,26.45,26.45,900,0
2017-04-18,20:05:00,26.45,26.46,26.45,26.455,2088,0
2017-04-18,20:10:00,26.455,26.455,26.45,26.45,1845,0
2017-04-18,20:15:00,26.45,26.46,26.45,26.45,3347,0
2017-04-18,20:20:00,26.45,26.45,26.4,26.41,2758,0
2017-04-18,20:25:00,26.41,26.41,26.41,26.41,400,0
2017-04-18,20:30:00,26.39,26.39,26.38,26.38,1300,0
2017-04-18,20:35:00,26.39,26.39,26.3769,26.3769,500,0
2017-04-18,20:40:00,26.37,26.37,26.37,26.37,100,0
2017-04-18,20:50:00,26.37,26.37,26.37,26.37,953,0
2017-04-18,20:55:00,26.37,26.37,26.37,26.37,528,0
2017-04-18,21:00:00,26.37,26.37,26.37,26.37,500,0
2017-04-18,21:10:00,26.3999,26.3999,26.38,26.3999,806,0
2017-04-18,21:15:00,26.38,26.3999,26.38,26.3825,409,0
2017-04-18,21:20:00,26.38,26.38,26.38,26.38,1028,0
2017-04-18,21:35:00,26.37,26.37,26.37,26.37,200,0
2017-04-18,21:40:00,26.37,26.37,26.35,26.35,2868,0
2017-04-18,21:45:00,26.34,26.35,26.34,26.35,5127,0
2017-04-18,21:50:00,26.39,26.42,26.39,26.41,2604,0
2017-04-18,21:55:00,26.4,26.4,26.3749,26.3749,350,0
2017-04-18,22:00:00,26.35,26.37,26.35,26.36,1408,0
2017-04-19,15:35:00,26.31,26.31,26.31,26.31,18395,0
2017-04-19,15:40:00,26.34,26.34,26.3369,26.3369,800,0
2017-04-19,15:45:00,26.34,26.38,26.34,26.38,500,0
2017-04-19,15:50:00,26.364,26.364,26.364,26.364,100,0
2017-04-19,15:55:00,26.35,26.35,26.35,26.35,200,0
2017-04-19,16:00:00,26.35,26.35,26.35,26.35,1900,0
2017-04-19,16:10:00,26.3799,26.3799,26.3799,26.3799,1140,0
2017-04-19,16:20:00,26.37,26.3719,26.37,26.3719,300,0
2017-04-19,16:35:00,26.3711,26.3711,26.37,26.37,325,0
2017-04-19,16:50:00,26.38,26.38,26.38,26.38,550,0
2017-04-19,17:05:00,26.38,26.38,26.37,26.38,2300,0
2017-04-19,17:15:00,26.38,26.39,26.34,26.38,3459,0
2017-04-19,17:20:00,26.385,26.385,26.38,26.38,600,0
2017-04-19,17:30:00,26.38,26.38,26.38,26.38,760,0
2017-04-19,17:35:00,26.3569,26.3569,26.3569,26.3569,104,0
2017-04-19,17:55:00,26.35,26.4,26.35,26.3725,4957,0
2017-04-19,18:00:00,26.3784,26.3784,26.3784,26.3784,200,0
2017-04-19,18:05:00,26.395,26.4,26.3798,26.3798,6485,0
2017-04-19,18:15:00,26.39,26.4,26.37,26.3999,2500,0
2017-04-19,18:50:00,26.38,26.39,26.38,26.39,2000,0
2017-04-19,18:55:00,26.3741,26.3741,26.3741,26.3741,500,0
2017-04-19,19:00:00,26.39,26.39,26.3821,26.39,2827,0
2017-04-19,19:05:00,26.4,26.4,26.3814,26.3814,1300,0
2017-04-19,19:20:00,26.3959,26.3959,26.3959,26.3959,500,0
2017-04-19,19:25:00,26.4,26.41,26.4,26.41,1664,0
2017-04-19,19:30:00,26.41,26.41,26.39,26.393,1500,0
2017-04-19,19:35:00,26.41,26.41,26.41,26.41,300,0
2017-04-19,19:45:00,26.41,26.41,26.41,26.41,200,0
2017-04-19,19:50:00,26.4,26.4,26.4,26.4,200,0
2017-04-19,20:00:00,26.415,26.415,26.4,26.4,1876,0
2017-04-19,20:10:00,26.4,26.4,26.4,26.4,735,0
2017-04-19,20:30:00,26.39,26.39,26.39,26.39,200,0
2017-04-19,20:35:00,26.3942,26.3942,26.3942,26.3942,125,0
2017-04-19,20:45:00,26.39,26.39,26.39,26.39,1120,0
2017-04-19,20:50:00,26.39,26.392,26.38,26.3868,5466,0
2017-04-19,21:00:00,26.36,26.36,26.36,26.36,671,0
2017-04-19,21:05:00,26.3731,26.3731,26.3731,26.3731,200,0
2017-04-19,21:10:00,26.36,26.36,26.36,26.36,850,0
2017-04-19,21:15:00,26.36,26.36,26.36,26.36,200,0
2017-04-19,21:35:00,26.37,26.39,26.36,26.3854,600,0
2017-04-19,21:45:00,26.38,26.39,26.3701,26.39,3000,0
2017-04-19,21:50:00,26.3965,26.3965,26.3965,26.3965,400,0
2017-04-19,21:55:00,26.41,26.41,26.4054,26.4054,231,0
2017-04-19,22:00:00,26.39,26.41,26.39,26.41,6100,0
2017-04-20,15:35:00,26.41,26.41,26.36,26.36,5329,0
2017-04-20,15:40:00,26.38,26.38,26.38,26.38,700,0
2017-04-20,15:45:00,26.39,26.39,26.39,26.39,100,0
2017-04-20,15:50:00,26.39,26.39,26.39,26.39,600,0
2017-04-20,16:00:00,26.41,26.42,26.4,26.4041,2900,0
2017-04-20,16:05:00,26.4,26.4021,26.4,26.4,417,0
2017-04-20,16:10:00,26.4,26.4,26.37,26.37,1542,0
2017-04-20,16:15:00,26.38,26.3986,26.38,26.38,800,0
2017-04-20,16:20:00,26.39,26.4,26.38,26.39,3121,0
2017-04-20,16:25:00,26.38,26.39,26.38,26.39,200,0
2017-04-20,16:30:00,26.3903,26.3903,26.36,26.36,3049,0
2017-04-20,16:35:00,26.36,26.36,26.31,26.32,13034,0
2017-04-20,16:40:00,26.32,26.32,26.32,26.32,200,0
2017-04-20,16:45:00,26.33,26.33,26.33,26.33,3100,0
2017-04-20,16:50:00,26.38,26.38,26.373,26.373,2000,0
2017-04-20,16:55:00,26.3674,26.3674,26.36,26.36,2200,0
2017-04-20,17:05:00,26.35,26.36,26.35,26.36,600,0
2017-04-20,17:10:00,26.36,26.3662,26.35,26.35,807,0
2017-04-20,17:15:00,26.33,26.35,26.32,26.347,1200,0
2017-04-20,17:20:00,26.33,26.33,26.33,26.33,200,0
2017-04-20,17:25:00,26.33,26.34,26.33,26.34,200,0
2017-04-20,17:30:00,26.34,26.34,26.34,26.34,1300,0
2017-04-20,17:35:00,26.34,26.34,26.31,26.31,2566,0
2017-04-20,17:40:00,26.31,26.31,26.31,26.31,300,0
2017-04-20,17:45:00,26.33,26.33,26.31,26.31,3200,0
2017-04-20,17:50:00,26.31,26.31,26.31,26.31,1100,0
2017-04-20,17:55:00,26.31,26.31,26.31,26.31,200,0
2017-04-20,18:00:00,26.32,26.32,26.31,26.31,1234,0
2017-04-20,18:05:00,26.31,26.32,26.31,26.32,1570,0
2017-04-20,18:10:00,26.32,26.3291,26.32,26.32,2300,0
2017-04-20,18:15:00,26.33,26.33,26.32,26.33,1400,0
2017-04-20,18:20:00,26.35,26.35,26.35,26.35,100,0
2017-04-20,18:25:00,26.32,26.35,26.32,26.35,634,0
2017-04-20,18:30:00,26.32,26.35,26.32,26.35,1200,0
2017-04-20,18:35:00,26.35,26.35,26.32,26.3431,5176,0
2017-04-20,18:40:00,26.32,26.32,26.32,26.32,2300,0
2017-04-20,18:45:00,26.32,26.32,26.32,26.32,200,0
2017-04-20,18:50:00,26.32,26.32,26.3,26.31,10336,0
2017-04-20,18:55:00,26.29,26.3,26.29,26.3,200,0
2017-04-20,19:00:00,26.29,26.2902,26.29,26.2902,1100,0
2017-04-20,19:05:00,26.28,26.309,26.28,26.309,2200,0
2017-04-20,19:10:00,26.28,26.28,26.28,26.28,100,0
2017-04-20,19:15:00,26.28,26.2981,26.28,26.28,1000,0
2017-04-20,19:20:00,26.3,26.3,26.3,26.3,1188,0
2017-04-20,19:25:00,26.291,26.3118,26.291,26.3118,2716,0
2017-04-20,19:35:00,26.29,26.29,26.29,26.29,100,0
2017-04-20,19:40:00,26.29,26.29,26.29,26.29,200,0
2017-04-20,19:45:00,26.29,26.29,26.29,26.29,830,0
2017-04-20,19:50:00,26.29,26.3,26.29,26.29,2410,0
2017-04-20,19:55:00,26.29,26.29,26.29,26.29,100,0
2017-04-20,20:00:00,26.29,26.29,26.29,26.29,2283,0
2017-04-20,20:05:00,26.28,26.28,26.28,26.28,1000,0
2017-04-20,20:10:00,26.28,26.28,26.28,26.28,600,0
2017-04-20,20:15:00,26.2999,26.2999,26.28,26.28,1660,0
2017-04-20,20:20:00,26.28,26.29,26.28,26.29,1300,0
2017-04-20,20:25:00,26.28,26.2803,26.27,26.2803,1600,0
2017-04-20,20:30:00,26.27,26.27,26.27,26.27,300,0
2017-04-20,20:35:00,26.27,26.28,26.26,26.26,4000,0
2017-04-20,20:40:00,26.26,26.26,26.26,26.26,2100,0
2017-04-20,20:45:00,26.26,26.26,26.26,26.26,200,0
2017-04-20,20:50:00,26.26,26.28,26.26,26.27,3800,0
2017-04-20,20:55:00,26.2672,26.28,26.2672,26.28,3361,0
2017-04-20,21:00:00,26.2966,26.2966,26.2966,26.2966,958,0
2017-04-20,21:05:00,26.29,26.29,26.29,26.29,100,0
2017-04-20,21:10:00,26.295,26.3,26.29,26.3,2600,0
2017-04-20,21:15:00,26.29,26.3,26.29,26.295,1300,0
2017-04-20,21:20:00,26.3,26.3,26.29,26.3,1211,0
2017-04-20,21:25:00,26.3,26.3,26.29,26.3,2600,0
2017-04-20,21:30:00,26.3,26.3,26.29,26.3,1200,0
2017-04-20,21:35:00,26.3,26.3,26.29,26.3,2250,0
2017-04-20,21:40:00,26.2967,26.3,26.29,26.3,5536,0
2017-04-20,21:45:00,26.3,26.3,26.3,26.3,500,0
2017-04-20,21:50:00,26.3,26.32,26.295,26.32,4462,0
2017-04-20,21:55:00,26.32,26.34,26.32,26.33,4412,0
2017-04-20,22:00:00,26.32,26.33,26.31,26.33,2873,0
2017-04-21,15:35:00,26.34,26.34,26.32,26.32,4252,0
2017-04-21,15:45:00,26.3295,26.34,26.3295,26.34,2300,0
2017-04-21,15:50:00,26.34,26.38,26.3373,26.38,6900,0
2017-04-21,15:55:00,26.37,26.39,26.37,26.39,4580,0
2017-04-21,16:05:00,26.39,26.39,26.38,26.39,1700,0
2017-04-21,16:10:00,26.39,26.39,26.38,26.38,600,0
2017-04-21,16:15:00,26.4,26.41,26.39,26.41,8300,0
2017-04-21,16:20:00,26.41,26.4226,26.41,26.4226,1700,0
2017-04-21,16:25:00,26.43,26.43,26.43,26.43,400,0
2017-04-21,16:30:00,26.45,26.45,26.45,26.45,300,0
2017-04-21,16:40:00,26.4419,26.46,26.44,26.45,11511,0
2017-04-21,16:45:00,26.45,26.45,26.45,26.45,200,0
2017-04-21,16:50:00,26.46,26.4699,26.4498,26.4498,2799,0
2017-04-21,17:00:00,26.44,26.44,26.39,26.41,3168,0
2017-04-21,17:05:00,26.4,26.4,26.4,26.4,600,0
2017-04-21,17:10:00,26.4,26.4,26.4,26.4,500,0
2017-04-21,17:15:00,26.4,26.4,26.4,26.4,501,0
2017-04-21,17:20:00,26.4,26.4,26.4,26.4,700,0
2017-04-21,17:25:00,26.39,26.44,26.39,26.44,2827,0
2017-04-21,17:30:00,26.43,26.43,26.43,26.43,240,0
2017-04-21,17:40:00,26.43,26.43,26.43,26.43,2000,0
2017-04-21,17:50:00,26.41,26.41,26.41,26.41,300,0
2017-04-21,17:55:00,26.39,26.39,26.39,26.39,400,0
2017-04-21,18:00:00,26.3835,26.39,26.3835,26.39,1470,0
2017-04-21,18:15:00,26.39,26.39,26.39,26.39,100,0
2017-04-21,18:25:00,26.4029,26.42,26.4029,26.4189,6175,0
2017-04-21,18:30:00,26.42,26.45,26.4198,26.4499,5600,0
2017-04-21,18:35:00,26.445,26.445,26.44,26.44,600,0
2017-04-21,18:40:00,26.41,26.41,26.4,26.4,500,0
2017-04-21,19:00:00,26.4107,26.4107,26.4107,26.4107,363,0
2017-04-21,19:05:00,26.4,26.43,26.4,26.43,600,0
2017-04-21,19:20:00,26.43,26.43,26.43,26.43,100,0
2017-04-21,19:25:00,26.43,26.43,26.4266,26.4266,400,0
2017-04-21,19:30:00,26.42,26.42,26.42,26.42,100,0
2017-04-21,19:35:00,26.43,26.43,26.43,26.43,100,0
2017-04-21,19:50:00,26.43,26.43,26.43,26.43,100,0
2017-04-21,19:55:00,26.43,26.43,26.43,26.43,100,0
2017-04-21,20:00:00,26.4247,26.44,26.4247,26.4355,3603,0
2017-04-21,20:15:00,26.44,26.44,26.43,26.43,200,0
2017-04-21,20:25:00,26.44,26.45,26.44,26.45,200,0
2017-04-21,20:40:00,26.45,26.45,26.45,26.45,100,0
2017-04-21,20:50:00,26.45,26.45,26.45,26.45,200,0
2017-04-21,21:00:00,26.45,26.45,26.4438,26.4438,1010,0
2017-04-21,21:05:00,26.45,26.45,26.45,26.45,200,0
2017-04-21,21:20:00,26.43,26.45,26.43,26.4384,2285,0
2017-04-21,21:25:00,26.45,26.45,26.45,26.45,400,0
2017-04-21,21:35:00,26.45,26.45,26.4499,26.45,487,0
2017-04-21,21:40:00,26.47,26.47,26.4699,26.47,309,0
2017-04-21,21:50:00,26.48,26.48,26.4799,26.4799,668,0
2017-04-21,21:55:00,26.47,26.48,26.47,26.47,300,0
2017-04-21,22:00:00,26.47,26.48,26.47,26.47,6064,0
2017-04-24,15:35:00,26.53,26.59,26.53,26.59,12987,0
2017-04-24,15:40:00,26.6,26.61,26.6,26.6,970,0
2017-04-24,15:50:00,26.59,26.59,26.59,26.59,8045,0
2017-04-24,15:55:00,26.59,26.59,26.59,26.59,981,0
2017-04-24,16:00:00,26.55,26.55,26.55,26.55,200,0
2017-04-24,16:10:00,26.55,26.55,26.55,26.55,100,0
2017-04-24,16:30:00,26.54,26.54,26.5317,26.5317,2189,0
2017-04-24,16:35:00,26.54,26.57,26.53,26.57,5070,0
2017-04-24,16:40:00,26.56,26.56,26.56,26.56,100,0
2017-04-24,16:55:00,26.56,26.56,26.56,26.56,118,0
2017-04-24,17:00:00,26.54,26.56,26.54,26.54,1598,0
2017-04-24,17:05:00,26.54,26.55,26.53,26.55,2100,0
2017-04-24,17:10:00,26.545,26.55,26.53,26.54,600,0
2017-04-24,17:30:00,26.54,26.54,26.54,26.54,200,0
2017-04-24,17:35:00,26.54,26.54,26.54,26.54,300,0
2017-04-24,17:40:00,26.5214,26.5214,26.5114,26.5114,1000,0
2017-04-24,17:45:00,26.5234,26.53,26.5234,26.53,500,0
2017-04-24,17:50:00,26.53,26.54,26.52,26.54,1400,0
2017-04-24,18:00:00,26.54,26.54,26.54,26.54,100,0
2017-04-24,18:10:00,26.54,26.54,26.54,26.54,400,0
2017-04-24,18:25:00,26.54,26.54,26.52,26.52,290,0
2017-04-24,18:30:00,26.54,26.54,26.54,26.54,1139,0
2017-04-24,18:40:00,26.58,26.58,26.58,26.58,300,0
2017-04-24,18:45:00,26.59,26.59,26.59,26.59,100,0
2017-04-24,18:55:00,26.59,26.59,26.59,26.59,200,0
2017-04-24,19:00:00,26.59,26.59,26.59,26.59,500,0
2017-04-24,19:05:00,26.58,26.58,26.58,26.58,1000,0
2017-04-24,19:10:00,26.6,26.6,26.59,26.59,300,0
2017-04-24,19:15:00,26.6,26.6,26.6,26.6,200,0
2017-04-24,19:25:00,26.6,26.6,26.59,26.59,300,0
2017-04-24,19:30:00,26.59,26.59,26.59,26.59,175,0
2017-04-24,19:35:00,26.59,26.59,26.59,26.59,1346,0
2017-04-24,19:50:00,26.59,26.59,26.59,26.59,303,0
2017-04-24,19:55:00,26.59,26.59,26.5858,26.5858,665,0
2017-04-24,20:00:00,26.5801,26.585,26.5801,26.585,200,0
2017-04-24,20:20:00,26.5839,26.59,26.5839,26.59,430,0
2017-04-24,20:30:00,26.6,26.6,26.6,26.6,100,0
2017-04-24,20:40:00,26.5761,26.5768,26.56,26.5768,400,0
2017-04-24,20:45:00,26.59,26.59,26.59,26.59,100,0
2017-04-24,20:55:00,26.6,26.6,26.6,26.6,100,0
2017-04-24,21:00:00,26.5979,26.5979,26.5979,26.5979,975,0
2017-04-24,21:05:00,26.59,26.6,26.59,26.6,600,0
2017-04-24,21:15:00,26.6,26.6,26.6,26.6,100,0
2017-04-24,21:20:00,26.59,26.6,26.59,26.6,900,0
2017-04-24,21:25:00,26.6,26.6,26.6,26.6,1431,0
2017-04-24,21:30:00,26.605,26.605,26.6,26.6007,500,0
2017-04-24,21:35:00,26.61,26.61,26.6,26.6,7300,0
2017-04-24,21:45:00,26.63,26.63,26.63,26.63,300,0
2017-04-24,21:50:00,26.65,26.65,26.63,26.63,924,0
2017-04-24,21:55:00,26.63,26.63,26.6207,26.6207,428,0
2017-04-24,22:00:00,26.63,26.65,26.63,26.63,815,0
2017-04-25,15:35:00,26.63,26.63,26.63,26.63,1336,0
2017-04-25,15:40:00,26.63,26.65,26.63,26.65,1637,0
2017-04-25,15:45:00,26.65,26.65,26.65,26.65,271,0
2017-04-25,15:50:00,26.6779,26.6779,26.6779,26.6779,1413,0
2017-04-25,15:55:00,26.67,26.67,26.67,26.67,894,0
2017-04-25,16:00:00,26.67,26.67,26.67,26.67,745,0
2017-04-25,16:10:00,26.64,26.6401,26.6164,26.6164,2022,0
2017-04-25,16:15:00,26.62,26.62,26.62,26.62,100,0
2017-04-25,16:20:00,26.63,26.63,26.63,26.63,500,0
2017-04-25,16:35:00,26.6259,26.64,26.6259,26.64,3812,0
2017-04-25,17:05:00,26.65,26.65,26.65,26.65,100,0
2017-04-25,17:10:00,26.6454,26.65,26.6454,26.65,250,0
2017-04-25,17:15:00,26.65,26.65,26.6499,26.65,808,0
2017-04-25,17:20:00,26.65,26.65,26.65,26.65,1698,0
2017-04-25,17:25:00,26.65,26.65,26.65,26.65,200,0
2017-04-25,17:30:00,26.65,26.65,26.62,26.63,2265,0
2017-04-25,17:40:00,26.64,26.66,26.63,26.63,7472,0
2017-04-25,17:55:00,26.65,26.65,26.65,26.65,960,0
2017-04-25,18:00:00,26.63,26.63,26.63,26.63,125,0
2017-04-25,18:15:00,26.64,26.64,26.62,26.62,1769,0
2017-04-25,18:20:00,26.64,26.64,26.64,26.64,100,0
2017-04-25,18:40:00,26.65,26.65,26.65,26.65,117,0
2017-04-25,18:45:00,26.6463,26.6463,26.6463,26.6463,1019,0
2017-04-25,18:50:00,26.64,26.65,26.64,26.65,300,0
2017-04-25,19:15:00,26.65,26.65,26.65,26.65,100,0
2017-04-25,19:35:00,26.65,26.65,26.65,26.65,100,0
2017-04-25,19:40:00,26.65,26.65,26.58,26.58,4900,0
2017-04-25,20:00:00,26.63,26.63,26.63,26.63,100,0
2017-04-25,20:10:00,26.63,26.63,26.63,26.63,100,0
2017-04-25,20:20:00,26.65,26.65,26.65,26.65,136,0
2017-04-25,20:25:00,26.6439,26.6439,26.6439,26.6439,400,0
2017-04-25,20:40:00,26.64,26.65,26.64,26.65,1100,0
2017-04-25,20:55:00,26.65,26.65,26.64,26.64,1575,0
2017-04-25,21:00:00,26.6423,26.6423,26.6423,26.6423,450,0
2017-04-25,21:05:00,26.64,26.64,26.64,26.64,550,0
2017-04-25,21:10:00,26.645,26.65,26.6401,26.6431,1814,0
2017-04-25,21:15:00,26.64,26.64,26.6201,26.6399,2776,0
2017-04-25,21:20:00,26.6263,26.6325,26.62,26.6325,3000,0
2017-04-25,21:25:00,26.62,26.62,26.62,26.62,100,0
2017-04-25,21:30:00,26.6,26.6,26.6,26.6,200,0
2017-04-25,21:35:00,26.63,26.63,26.6,26.6,2837,0
2017-04-25,21:40:00,26.6,26.6,26.6,26.6,200,0
2017-04-25,21:45:00,26.6,26.6,26.6,26.6,300,0
2017-04-25,21:50:00,26.6,26.6,26.6,26.6,200,0
2017-04-25,21:55:00,26.6,26.6,26.6,26.6,661,0
2017-04-25,22:00:00,26.6,26.61,26.6,26.6,1420,0
2017-04-26,15:35:00,26.61,26.61,26.61,26.61,179,0
2017-04-26,15:40:00,26.5991,26.5991,26.59,26.59,649,0
2017-04-26,15:45:00,26.58,26.58,26.57,26.57,2900,0
2017-04-26,15:50:00,26.578,26.578,26.578,26.578,1100,0
2017-04-26,15:55:00,26.55,26.55,26.51,26.51,1948,0
2017-04-26,16:00:00,26.51,26.51,26.51,26.51,600,0
2017-04-26,16:20:00,26.5528,26.5528,26.5528,26.5528,350,0
2017-04-26,16:30:00,26.5531,26.5531,26.5531,26.5531,100,0
2017-04-26,16:35:00,26.5446,26.56,26.5446,26.56,1400,0
2017-04-26,16:40:00,26.5531,26.5531,26.5531,26.5531,100,0
2017-04-26,16:45:00,26.56,26.6,26.56,26.5954,1583,0
2017-04-26,17:00:00,26.58,26.6,26.58,26.59,2370,0
2017-04-26,17:10:00,26.575,26.6,26.555,26.56,10670,0
2017-04-26,17:20:00,26.6,26.6,26.6,26.6,1300,0
2017-04-26,17:40:00,26.6299,26.6299,26.6299,26.6299,350,0
2017-04-26,17:55:00,26.6101,26.6101,26.6101,26.6101,2000,0
2017-04-26,18:25:00,26.6383,26.6383,26.6383,26.6383,750,0
2017-04-26,18:30:00,26.63,26.63,26.63,26.63,100,0
2017-04-26,18:35:00,26.62,26.62,26.62,26.62,700,0
2017-04-26,18:40:00,26.63,26.63,26.63,26.63,100,0
2017-04-26,18:45:00,26.61,26.6114,26.61,26.61,1596,0
2017-04-26,18:55:00,26.63,26.65,26.63,26.65,600,0
2017-04-26,19:00:00,26.64,26.64,26.64,26.64,100,0
2017-04-26,19:05:00,26.64,26.64,26.63,26.63,1900,0
2017-04-26,19:10:00,26.63,26.63,26.63,26.63,604,0
2017-04-26,19:15:00,26.6205,26.6205,26.6205,26.6205,300,0
2017-04-26,19:20:00,26.622,26.622,26.622,26.622,400,0
2017-04-26,19:35:00,26.62,26.6299,26.62,26.6299,200,0
2017-04-26,19:50:00,26.62,26.62,26.62,26.62,200,0
2017-04-26,20:00:00,26.61,26.61,26.61,26.61,190,0
2017-04-26,20:05:00,26.6299,26.6299,26.6299,26.6299,200,0
2017-04-26,20:10:00,26.69,26.69,26.63,26.63,3050,0
2017-04-26,20:15:00,26.64,26.64,26.64,26.64,100,0
2017-04-26,20:20:00,26.6406,26.65,26.63,26.63,2979,0
2017-04-26,20:25:00,26.63,26.63,26.63,26.63,200,0
2017-04-26,20:35:00,26.62,26.62,26.6,26.6,4400,0
2017-04-26,20:40:00,26.6299,26.6299,26.58,26.58,6300,0
2017-04-26,20:45:00,26.561,26.561,26.561,26.561,1090,0
2017-04-26,21:00:00,26.57,26.58,26.57,26.58,581,0
2017-04-26,21:05:00,26.5941,26.6299,26.5941,26.6299,900,0
2017-04-26,21:10:00,26.61,26.61,26.61,26.61,100,0
2017-04-26,21:15:00,26.63,26.63,26.62,26.62,500,0
2017-04-26,21:20:00,26.58,26.6099,26.58,26.5843,500,0
2017-04-26,21:30:00,26.59,26.61,26.59,26.59,726,0
2017-04-26,21:35:00,26.6186,26.6192,26.6186,26.6192,1093,0
2017-04-26,21:40:00,26.63,26.63,26.63,26.63,200,0
2017-04-26,21:45:00,26.6,26.6,26.6,26.6,100,0
2017-04-26,21:50:00,26.62,26.62,26.61,26.61,600,0
2017-04-26,21:55:00,26.62,26.62,26.6,26.6,1000,0
2017-04-26,22:00:00,26.62,26.63,26.6,26.63,1186,0
