Date,Time,Open,High,Low,Close,Volume,OpenInt
2017-04-07,15:35:00,15.15,15.15,15.15,15.15,4574,0
2017-04-07,15:40:00,15.2,15.3,15.15,15.25,2124,0
2017-04-07,15:45:00,15.2,15.262,15.2,15.262,600,0
2017-04-07,15:50:00,15.2,15.2,15.125,15.2,25700,0
2017-04-07,15:55:00,15.2,15.25,15.1752,15.25,991,0
2017-04-07,16:00:00,15.2,15.2,15.15,15.15,200,0
2017-04-07,16:05:00,15.15,15.175,15.15,15.175,200,0
2017-04-07,16:10:00,15.175,15.225,15.175,15.225,3800,0
2017-04-07,16:15:00,15.225,15.25,15.2,15.225,2440,0
2017-04-07,16:20:00,15.2,15.2,15.1,15.125,6000,0
2017-04-07,16:30:00,15.125,15.15,15.1,15.1,1300,0
2017-04-07,16:35:00,15.1,15.1,15.075,15.0999,550,0
2017-04-07,16:40:00,15.1,15.2,15.075,15.2,5949,0
2017-04-07,16:45:00,15.2,15.2,15.175,15.175,500,0
2017-04-07,16:50:00,15.175,15.175,15.125,15.175,4338,0
2017-04-07,17:00:00,15.15,15.15,15.1,15.125,1852,0
2017-04-07,17:05:00,15.125,15.125,15.125,15.125,300,0
2017-04-07,17:10:00,15.1,15.1,15.05,15.075,1400,0
2017-04-07,17:15:00,15.05,15.075,15.05,15.05,1915,0
2017-04-07,17:20:00,15.025,15.1,15.025,15.075,4387,0
2017-04-07,17:25:00,15.15,15.15,15.15,15.15,100,0
2017-04-07,17:30:00,15.15,15.15,15.125,15.125,700,0
2017-04-07,17:35:00,15.125,15.125,15.05,15.05,2657,0
2017-04-07,17:40:00,15.05,15.075,15,15,5293,0
2017-04-07,17:45:00,15.05,15.05,15.05,15.05,100,0
2017-04-07,17:50:00,15.025,15.05,15.025,15.05,300,0
2017-04-07,17:55:00,15.05,15.05,15.025,15.05,1600,0
2017-04-07,18:00:00,15.05,15.1,15.05,15.075,1188,0
2017-04-07,18:05:00,15.1,15.1,15.075,15.1,300,0
2017-04-07,18:10:00,15.1,15.125,15.1,15.125,600,0
2017-04-07,18:15:00,15.125,15.15,15.075,15.075,1600,0
2017-04-07,18:20:00,15.1,15.15,15.075,15.075,2900,0
2017-04-07,18:25:00,15.075,15.1,15.075,15.1,600,0
2017-04-07,18:30:00,15.125,15.125,15.125,15.125,100,0
2017-04-07,18:35:00,15.125,15.15,15.1236,15.15,570,0
2017-04-07,18:40:00,15.1,15.15,15.1,15.1,900,0
2017-04-07,18:45:00,15.05,15.05,15.05,15.05,300,0
2017-04-07,18:50:00,15.05,15.075,15.05,15.05,800,0
2017-04-07,18:55:00,15.05,15.0856,15.05,15.05,3550,0
2017-04-07,19:00:00,15.05,15.125,15.05,15.1,1333,0
2017-04-07,19:05:00,15.1,15.1,15.05,15.05,1968,0
2017-04-07,19:10:00,15.05,15.05,15.05,15.05,200,0
2017-04-07,19:15:00,15.05,15.075,15.05,15.075,400,0
2017-04-07,19:20:00,15.05,15.05,15.05,15.05,300,0
2017-04-07,19:25:00,15.05,15.05,15.05,15.05,900,0
2017-04-07,19:30:00,15.0769,15.0769,15.05,15.05,200,0
2017-04-07,19:35:00,15.05,15.075,15.05,15.05,500,0
2017-04-07,19:40:00,15.05,15.1,15.05,15.05,800,0
2017-04-07,19:45:00,15.075,15.075,15.075,15.075,100,0
2017-04-07,19:50:00,15.075,15.075,15.05,15.075,400,0
2017-04-07,19:55:00,15.05,15.05,15.05,15.05,300,0
2017-04-07,20:00:00,15.05,15.075,15.05,15.05,500,0
2017-04-07,20:05:00,15.05,15.075,15.05,15.05,600,0
2017-04-07,20:10:00,15.075,15.1,15.05,15.05,500,0
2017-04-07,20:15:00,15.1,15.1,15.05,15.075,920,0
2017-04-07,20:20:00,15.05,15.1,15.05,15.05,1200,0
2017-04-07,20:25:00,15.05,15.075,15.025,15.075,3297,0
2017-04-07,20:30:00,15.05,15.05,15,15.025,4500,0
2017-04-07,20:35:00,15.025,15.025,15.025,15.025,400,0
2017-04-07,20:40:00,15.025,15.05,15.0001,15.025,1600,0
2017-04-07,20:45:00,15,15.05,15,15.05,21000,0
2017-04-07,20:50:00,15.05,15.05,15,15.05,4349,0
2017-04-07,20:55:00,15.05,15.05,15,15.025,3300,0
2017-04-07,21:00:00,15.05,15.1,15.025,15.075,2500,0
2017-04-07,21:05:00,15.1,15.1,15.05,15.075,1300,0
2017-04-07,21:10:00,15.1,15.1,15.0608,15.075,5397,0
2017-04-07,21:15:00,15.05,15.1,15.05,15.075,1600,0
2017-04-07,21:20:00,15.05,15.1,15.05,15.05,1700,0
2017-04-07,21:25:00,15.05,15.15,15.05,15.15,6550,0
2017-04-07,21:30:00,15.15,15.2,15.15,15.2,2567,0
2017-04-07,21:35:00,15.175,15.2,15.1,15.1,1735,0
2017-04-07,21:40:00,15.125,15.15,15.1,15.125,1500,0
2017-04-07,21:45:00,15.1459,15.15,15.1,15.125,2858,0
2017-04-07,21:50:00,15.1,15.15,15.1,15.15,5923,0
2017-04-07,21:55:00,15.15,15.2,15.15,15.2,15752,0
2017-04-07,22:00:00,15.2,15.25,15.15,15.2,156259,0
2017-04-10,15:35:00,15.15,15.2,15.05,15.2,10033,0
2017-04-10,15:40:00,15.2,15.25,15.2,15.25,1400,0
2017-04-10,15:45:00,15.25,15.275,15.25,15.275,1000,0
2017-04-10,15:50:00,15.25,15.3,15.25,15.25,5263,0
2017-04-10,15:55:00,15.29,15.29,15.25,15.275,610,0
2017-04-10,16:05:00,15.275,15.3,15.275,15.275,1300,0
2017-04-10,16:10:00,15.3,15.325,15.275,15.275,12230,0
2017-04-10,16:15:00,15.3,15.3,15.27,15.275,1400,0
2017-04-10,16:20:00,15.275,15.3,15.225,15.275,8600,0
2017-04-10,16:25:00,15.325,15.325,15.25,15.25,2193,0
2017-04-10,16:30:00,15.275,15.275,15.275,15.275,400,0
2017-04-10,16:35:00,15.275,15.275,15.275,15.275,800,0
2017-04-10,16:40:00,15.275,15.275,15.25,15.275,700,0
2017-04-10,16:45:00,15.25,15.3,15.25,15.275,4400,0
2017-04-10,16:55:00,15.25,15.3,15.25,15.25,2400,0
2017-04-10,17:00:00,15.25,15.2744,15.25,15.25,9060,0
2017-04-10,17:05:00,15.25,15.3,15.25,15.25,2443,0
2017-04-10,17:10:00,15.275,15.275,15.275,15.275,100,0
2017-04-10,17:15:00,15.275,15.275,15.25,15.275,300,0
2017-04-10,17:20:00,15.25,15.26,15.25,15.26,200,0
2017-04-10,17:25:00,15.25,15.3,15.225,15.275,11857,0
2017-04-10,17:30:00,15.25,15.275,15.25,15.25,1500,0
2017-04-10,17:35:00,15.25,15.3,15.225,15.25,16296,0
2017-04-10,17:40:00,15.25,15.3,15.225,15.25,3330,0
2017-04-10,17:45:00,15.25,15.3,15.225,15.25,19643,0
2017-04-10,17:50:00,15.25,15.25,15.25,15.25,4800,0
2017-04-10,17:55:00,15.275,15.275,15.275,15.275,2300,0
2017-04-10,18:00:00,15.25,15.275,15.25,15.25,2300,0
2017-04-10,18:05:00,15.25,15.25,15.225,15.25,6279,0
2017-04-10,18:10:00,15.25,15.275,15.225,15.25,2704,0
2017-04-10,18:15:00,15.25,15.3,15.225,15.25,37234,0
2017-04-10,18:20:00,15.25,15.25,15.25,15.25,1661,0
2017-04-10,18:25:00,15.25,15.3,15.25,15.3,3300,0
2017-04-10,18:30:00,15.25,15.25,15.25,15.25,4000,0
2017-04-10,18:35:00,15.25,15.25,15.25,15.25,1152,0
2017-04-10,18:40:00,15.25,15.275,15.25,15.275,200,0
2017-04-10,18:45:00,15.25,15.25,15.225,15.25,1300,0
2017-04-10,18:55:00,15.275,15.275,15.275,15.275,5000,0
2017-04-10,19:00:00,15.275,15.275,15.25,15.27,700,0
2017-04-10,19:05:00,15.25,15.25,15.25,15.25,200,0
2017-04-10,19:10:00,15.25,15.25,15.25,15.25,200,0
2017-04-10,19:15:00,15.25,15.3,15.25,15.25,10613,0
2017-04-10,19:20:00,15.275,15.275,15.25,15.25,200,0
2017-04-10,19:25:00,15.25,15.275,15.2,15.25,9333,0
2017-04-10,19:30:00,15.275,15.3,15.225,15.3,10100,0
2017-04-10,19:35:00,15.25,15.25,15.25,15.25,600,0
2017-04-10,19:40:00,15.3,15.325,15.275,15.3,8927,0
2017-04-10,19:45:00,15.3,15.3,15.275,15.3,1300,0
2017-04-10,19:55:00,15.325,15.325,15.325,15.325,100,0
2017-04-10,20:05:00,15.3,15.325,15.275,15.275,3759,0
2017-04-10,20:10:00,15.275,15.275,15.275,15.275,200,0
2017-04-10,20:15:00,15.275,15.275,15.26,15.275,6307,0
2017-04-10,20:20:00,15.275,15.275,15.275,15.275,3400,0
2017-04-10,20:25:00,15.2917,15.3,15.275,15.275,2083,0
2017-04-10,20:30:00,15.275,15.288,15.275,15.275,1400,0
2017-04-10,20:35:00,15.275,15.275,15.275,15.275,300,0
2017-04-10,20:40:00,15.3,15.3,15.27,15.275,9788,0
2017-04-10,20:45:00,15.275,15.275,15.275,15.275,700,0
2017-04-10,20:50:00,15.275,15.275,15.275,15.275,300,0
2017-04-10,21:00:00,15.275,15.275,15.25,15.275,9391,0
2017-04-10,21:05:00,15.2835,15.3,15.275,15.275,3000,0
2017-04-10,21:10:00,15.3,15.325,15.275,15.275,13898,0
2017-04-10,21:15:00,15.275,15.275,15.25,15.275,3000,0
2017-04-10,21:20:00,15.275,15.275,15.25,15.25,1200,0
2017-04-10,21:25:00,15.25,15.25,15.2,15.25,22861,0
2017-04-10,21:30:00,15.25,15.275,15.25,15.25,900,0
2017-04-10,21:35:00,15.25,15.25,15.25,15.25,2532,0
2017-04-10,21:40:00,15.25,15.35,15.25,15.325,17975,0
2017-04-10,21:45:00,15.35,15.35,15.3,15.325,1900,0
2017-04-10,21:50:00,15.3,15.3,15.25,15.25,6224,0
2017-04-10,21:55:00,15.25,15.3,15.25,15.275,3400,0
2017-04-10,22:00:00,15.25,15.3,15.25,15.25,44541,0
2017-04-11,15:35:00,15.1,15.295,15.1,15.2,9142,0
2017-04-11,15:40:00,15.2,15.25,15.2,15.2,3900,0
2017-04-11,15:45:00,15.2,15.2,15.175,15.2,4556,0
2017-04-11,15:50:00,15.2,15.25,15.1,15.25,4100,0
2017-04-11,15:55:00,15.25,15.25,15.225,15.225,200,0
2017-04-11,16:00:00,15.2,15.2,15.2,15.2,200,0
2017-04-11,16:05:00,15.25,15.275,15.2,15.2,3635,0
2017-04-11,16:10:00,15.25,15.3,15.225,15.275,2400,0
2017-04-11,16:15:00,15.275,15.2845,15.25,15.2845,3300,0
2017-04-11,16:20:00,15.275,15.275,15.275,15.275,200,0
2017-04-11,16:25:00,15.275,15.275,15.2,15.225,1600,0
2017-04-11,16:30:00,15.25,15.25,15.25,15.25,100,0
2017-04-11,16:35:00,15.225,15.25,15.2,15.2,2054,0
2017-04-11,16:40:00,15.175,15.175,15.15,15.175,2500,0
2017-04-11,16:45:00,15.175,15.175,15.1,15.1,2200,0
2017-04-11,16:50:00,15.125,15.175,15.1,15.15,10300,0
2017-04-11,16:55:00,15.15,15.15,15.125,15.125,500,0
2017-04-11,17:00:00,15.125,15.125,15.05,15.05,10097,0
2017-04-11,17:05:00,15.075,15.15,15.05,15.125,8071,0
2017-04-11,17:10:00,15.125,15.125,15.125,15.125,100,0
2017-04-11,17:15:00,15.125,15.15,15.125,15.125,700,0
2017-04-11,17:20:00,15.1253,15.1253,15.1,15.1,450,0
2017-04-11,17:25:00,15.125,15.125,15.125,15.125,1100,0
2017-04-11,17:30:00,15.125,15.125,15.125,15.125,700,0
2017-04-11,17:35:00,15.125,15.125,15.1,15.1,200,0
2017-04-11,17:40:00,15.15,15.175,15.125,15.175,3000,0
2017-04-11,17:50:00,15.15,15.175,15.15,15.15,3200,0
2017-04-11,17:55:00,15.2,15.225,15.2,15.225,900,0
2017-04-11,18:00:00,15.225,15.225,15.225,15.225,100,0
2017-04-11,18:10:00,15.2,15.225,15.15,15.175,7045,0
2017-04-11,18:15:00,15.15,15.175,15.15,15.15,300,0
2017-04-11,18:20:00,15.2,15.225,15.2,15.225,2700,0
2017-04-11,18:25:00,15.225,15.225,15.225,15.225,100,0
2017-04-11,18:30:00,15.225,15.225,15.2,15.225,600,0
2017-04-11,18:35:00,15.225,15.25,15.225,15.225,1800,0
2017-04-11,18:40:00,15.225,15.275,15.225,15.225,3700,0
2017-04-11,18:45:00,15.25,15.25,15.225,15.25,910,0
2017-04-11,18:50:00,15.25,15.25,15.25,15.25,200,0
2017-04-11,18:55:00,15.25,15.29,15.25,15.275,8645,0
2017-04-11,19:05:00,15.275,15.275,15.275,15.275,100,0
2017-04-11,19:10:00,15.275,15.3,15.25,15.25,2218,0
2017-04-11,19:15:00,15.2747,15.2747,15.2747,15.2747,200,0
2017-04-11,19:20:00,15.25,15.275,15.25,15.275,400,0
2017-04-11,19:25:00,15.275,15.275,15.25,15.275,500,0
2017-04-11,19:30:00,15.275,15.275,15.275,15.275,100,0
2017-04-11,19:35:00,15.275,15.275,15.175,15.175,4905,0
2017-04-11,19:40:00,15.175,15.175,15.15,15.175,1000,0
2017-04-11,19:45:00,15.15,15.175,15.15,15.175,500,0
2017-04-11,19:50:00,15.1748,15.175,15.15,15.15,500,0
2017-04-11,19:55:00,15.15,15.175,15.15,15.175,300,0
2017-04-11,20:00:00,15.15,15.175,15.125,15.15,3700,0
2017-04-11,20:05:00,15.15,15.175,15.1,15.1,6333,0
2017-04-11,20:10:00,15.125,15.125,15.05,15.075,6793,0
2017-04-11,20:15:00,15.075,15.0832,15.05,15.075,905,0
2017-04-11,20:20:00,15.075,15.075,15.05,15.075,600,0
2017-04-11,20:25:00,15.05,15.075,15.05,15.075,3200,0
2017-04-11,20:30:00,15.05,15.075,15.05,15.075,800,0
2017-04-11,20:35:00,15.075,15.075,15.075,15.075,200,0
2017-04-11,20:40:00,15.075,15.0898,15.05,15.075,2200,0
2017-04-11,20:45:00,15.075,15.075,15.075,15.075,400,0
2017-04-11,20:55:00,15.075,15.125,15.075,15.125,13671,0
2017-04-11,21:00:00,15.1,15.125,15.1,15.125,1100,0
2017-04-11,21:05:00,15.1,15.1,15.1,15.1,100,0
2017-04-11,21:10:00,15.125,15.125,15.125,15.125,1300,0
2017-04-11,21:15:00,15.125,15.15,15.1,15.125,900,0
2017-04-11,21:20:00,15.125,15.15,15,15,17901,0
2017-04-11,21:25:00,15,15.025,15,15.025,1200,0
2017-04-11,21:30:00,15.025,15.1,15.025,15.1,16184,0
2017-04-11,21:35:00,15.1,15.15,15.1,15.15,10259,0
2017-04-11,21:40:00,15.15,15.15,15.125,15.15,1180,0
2017-04-11,21:45:00,15.125,15.15,15.075,15.1,24848,0
2017-04-11,21:50:00,15.125,15.125,15.1,15.125,3513,0
2017-04-11,21:55:00,15.1,15.1,15.05,15.05,12186,0
2017-04-11,22:00:00,15.075,15.1,15.05,15.05,92145,0
2017-04-12,15:35:00,15.1,15.15,15.05,15.0972,3217,0
2017-04-12,15:40:00,15.05,15.1,15.05,15.0751,600,0
2017-04-12,15:45:00,15.088,15.1,15.088,15.1,1215,0
2017-04-12,15:50:00,15.1,15.15,15.1,15.15,1781,0
2017-04-12,15:55:00,15.125,15.15,15.1,15.1,4408,0
2017-04-12,16:00:00,15.125,15.15,15.1,15.15,1400,0
2017-04-12,16:05:00,15.15,15.2,15.1,15.1,3700,0
2017-04-12,16:10:00,15.05,15.05,15.05,15.05,100,0
2017-04-12,16:15:00,15.05,15.05,15.015,15.05,2300,0
2017-04-12,16:20:00,15,15.05,15,15.05,1000,0
2017-04-12,16:25:00,15,15.05,15,15,1100,0
2017-04-12,16:30:00,15,15.05,14.925,14.925,9169,0
2017-04-12,16:35:00,14.9,14.925,14.9,14.925,1200,0
2017-04-12,16:40:00,14.925,14.95,14.9,14.9,4200,0
2017-04-12,16:45:00,14.9,14.95,14.875,14.925,7276,0
2017-04-12,16:50:00,14.9,14.925,14.8,14.925,7901,0
2017-04-12,16:55:00,14.925,14.95,14.925,14.95,400,0
2017-04-12,17:00:00,14.95,15,14.95,15,1100,0
2017-04-12,17:05:00,14.975,15,14.975,15,600,0
2017-04-12,17:10:00,15,15,14.96,14.975,1300,0
2017-04-12,17:15:00,14.975,14.975,14.95,14.95,600,0
2017-04-12,17:20:00,14.95,14.975,14.9,14.9,2800,0
2017-04-12,17:25:00,14.9,14.925,14.9,14.9,2300,0
2017-04-12,17:30:00,14.925,14.925,14.9,14.925,1300,0
2017-04-12,17:35:00,14.925,14.95,14.9,14.95,700,0
2017-04-12,17:40:00,14.925,14.925,14.875,14.875,1700,0
2017-04-12,17:45:00,14.875,14.88,14.85,14.875,1000,0
2017-04-12,17:50:00,14.875,14.875,14.875,14.875,100,0
2017-04-12,17:55:00,14.875,14.9,14.85,14.85,500,0
2017-04-12,18:00:00,14.875,14.875,14.85,14.85,7400,0
2017-04-12,18:05:00,14.85,14.875,14.85,14.85,1500,0
2017-04-12,18:10:00,14.85,14.875,14.85,14.85,1200,0
2017-04-12,18:15:00,14.875,14.875,14.85,14.85,500,0
2017-04-12,18:20:00,14.875,14.925,14.875,14.925,5807,0
2017-04-12,18:25:00,14.925,14.925,14.925,14.925,300,0
2017-04-12,18:30:00,14.925,14.925,14.925,14.925,700,0
2017-04-12,18:35:00,14.925,14.925,14.9,14.9,200,0
2017-04-12,18:40:00,14.925,14.925,14.9,14.9,950,0
2017-04-12,18:45:00,14.925,14.95,14.9,14.925,600,0
2017-04-12,18:50:00,14.925,14.95,14.925,14.95,600,0
2017-04-12,18:55:00,14.9,14.925,14.85,14.875,2400,0
2017-04-12,19:00:00,14.875,14.875,14.85,14.875,700,0
2017-04-12,19:05:00,14.875,14.875,14.875,14.875,200,0
2017-04-12,19:10:00,14.875,14.875,14.875,14.875,100,0
2017-04-12,19:15:00,14.875,14.95,14.875,14.9,6000,0
2017-04-12,19:20:00,14.925,14.95,14.925,14.925,600,0
2017-04-12,19:25:00,14.925,14.925,14.925,14.925,200,0
2017-04-12,19:30:00,14.925,14.929,14.925,14.929,200,0
2017-04-12,19:35:00,14.9,14.9,14.875,14.875,3600,0
2017-04-12,19:40:00,14.875,14.9,14.875,14.9,2500,0
2017-04-12,19:45:00,14.95,14.95,14.95,14.95,100,0
2017-04-12,19:50:00,14.925,14.95,14.9,14.9,500,0
2017-04-12,19:55:00,14.925,14.925,14.925,14.925,100,0
2017-04-12,20:00:00,14.925,14.975,14.9,14.975,6407,0
2017-04-12,20:05:00,14.975,15,14.95,15,5100,0
2017-04-12,20:10:00,14.975,14.975,14.95,14.95,800,0
2017-04-12,20:15:00,14.95,15,14.95,14.95,1200,0
2017-04-12,20:20:00,14.95,14.975,14.95,14.95,1700,0
2017-04-12,20:25:00,14.95,14.975,14.95,14.975,800,0
2017-04-12,20:30:00,14.975,14.975,14.95,14.95,1400,0
2017-04-12,20:35:00,14.95,14.975,14.9,14.9,2650,0
2017-04-12,20:40:00,14.925,14.925,14.9,14.925,1360,0
2017-04-12,20:45:00,14.9,14.925,14.9,14.925,600,0
2017-04-12,20:50:00,14.9,14.925,14.875,14.925,9727,0
2017-04-12,20:55:00,14.9,14.925,14.9,14.925,1000,0
2017-04-12,21:00:00,14.925,14.95,14.9,14.9,1300,0
2017-04-12,21:05:00,14.925,14.925,14.9,14.9,400,0
2017-04-12,21:10:00,14.9,14.925,14.9,14.9,7060,0
2017-04-12,21:15:00,14.925,14.95,14.85,14.875,3572,0
2017-04-12,21:20:00,14.875,14.875,14.85,14.85,2550,0
2017-04-12,21:25:00,14.875,14.875,14.85,14.875,2144,0
2017-04-12,21:30:00,14.85,14.9,14.85,14.875,1100,0
2017-04-12,21:35:00,14.85,14.9,14.85,14.85,4000,0
2017-04-12,21:40:00,14.875,14.9,14.825,14.875,26457,0
2017-04-12,21:45:00,14.875,14.875,14.85,14.875,4300,0
2017-04-12,21:50:00,14.875,14.875,14.85,14.85,4905,0
2017-04-12,21:55:00,14.875,14.875,14.85,14.85,4800,0
2017-04-12,22:00:00,14.875,14.9,14.85,14.9,45020,0
2017-04-13,15:35:00,14.85,14.85,14.76,14.76,5427,0
2017-04-13,15:40:00,14.75,14.8,14.75,14.8,3700,0
2017-04-13,15:45:00,14.85,14.85,14.85,14.85,200,0
2017-04-13,15:50:00,14.9,14.9251,14.9,14.9251,800,0
2017-04-13,15:55:00,14.95,15,14.95,15,1000,0
2017-04-13,16:00:00,14.975,14.975,14.95,14.975,1800,0
2017-04-13,16:05:00,15,15.05,15,15.025,4169,0
2017-04-13,16:10:00,15.05,15.05,14.975,14.975,1600,0
2017-04-13,16:15:00,14.975,15,14.975,14.975,404,0
2017-04-13,16:20:00,15,15,14.9,14.9,2601,0
2017-04-13,16:25:00,14.9,14.9,14.9,14.9,200,0
2017-04-13,16:30:00,14.85,14.875,14.85,14.85,600,0
2017-04-13,16:35:00,14.85,14.9,14.85,14.875,1500,0
2017-04-13,16:40:00,14.875,14.875,14.85,14.875,800,0
2017-04-13,16:45:00,14.875,14.875,14.855,14.875,1100,0
2017-04-13,16:50:00,14.875,15,14.875,14.95,8060,0
2017-04-13,16:55:00,14.95,15,14.925,14.925,4246,0
2017-04-13,17:00:00,14.925,14.95,14.925,14.95,400,0
2017-04-13,17:05:00,14.925,14.95,14.925,14.925,800,0
2017-04-13,17:10:00,14.925,14.925,14.85,14.85,5658,0
2017-04-13,17:15:00,14.85,14.9,14.85,14.85,1600,0
2017-04-13,17:20:00,14.85,14.875,14.85,14.875,3700,0
2017-04-13,17:25:00,14.85,14.875,14.85,14.85,500,0
2017-04-13,17:30:00,14.875,14.875,14.85,14.85,900,0
2017-04-13,17:35:00,14.85,14.875,14.85,14.85,600,0
2017-04-13,17:40:00,14.85,14.875,14.85,14.85,1600,0
2017-04-13,17:45:00,14.85,14.85,14.85,14.85,2000,0
2017-04-13,17:50:00,14.85,14.85,14.85,14.85,600,0
2017-04-13,17:55:00,14.8,14.9,14.8,14.85,1330,0
2017-04-13,18:00:00,14.85,14.875,14.85,14.85,1000,0
2017-04-13,18:05:00,14.85,14.875,14.825,14.875,3700,0
2017-04-13,18:10:00,14.85,14.85,14.8,14.8,6861,0
2017-04-13,18:15:00,14.825,14.825,14.8,14.8,300,0
2017-04-13,18:20:00,14.8,14.85,14.8,14.825,1200,0
2017-04-13,18:30:00,14.825,14.825,14.825,14.825,300,0
2017-04-13,18:35:00,14.825,14.825,14.8,14.825,700,0
2017-04-13,18:40:00,14.825,14.825,14.8,14.825,1200,0
2017-04-13,18:45:00,14.85,14.85,14.8,14.8,1700,0
2017-04-13,18:50:00,14.8,14.8,14.8,14.8,300,0
2017-04-13,18:55:00,14.8,14.8,14.8,14.8,600,0
2017-04-13,19:00:00,14.8,14.825,14.8,14.825,500,0
2017-04-13,19:05:00,14.8,14.825,14.75,14.825,5999,0
2017-04-13,19:10:00,14.8,14.85,14.775,14.8,2700,0
2017-04-13,19:15:00,14.8,14.8,14.8,14.8,1785,0
2017-04-13,19:20:00,14.8,14.85,14.8,14.825,2790,0
2017-04-13,19:25:00,14.8,14.825,14.8,14.825,200,0
2017-04-13,19:30:00,14.85,14.85,14.8,14.85,300,0
2017-04-13,19:35:00,14.805,14.825,14.8,14.825,6200,0
2017-04-13,19:40:00,14.8,14.825,14.8,14.8,700,0
2017-04-13,19:45:00,14.8,14.825,14.75,14.8,4531,0
2017-04-13,19:50:00,14.8,14.825,14.8,14.8,6248,0
2017-04-13,19:55:00,14.8,14.825,14.8,14.825,1600,0
2017-04-13,20:00:00,14.825,14.825,14.8,14.8,1300,0
2017-04-13,20:05:00,14.825,14.825,14.825,14.825,300,0
2017-04-13,20:10:00,14.825,14.85,14.8,14.825,1500,0
2017-04-13,20:15:00,14.85,14.85,14.825,14.825,1100,0
2017-04-13,20:20:00,14.825,14.825,14.8,14.8,1300,0
2017-04-13,20:25:00,14.825,14.825,14.8,14.8,200,0
2017-04-13,20:30:00,14.825,14.85,14.8,14.825,1307,0
2017-04-13,20:35:00,14.8,14.8,14.8,14.8,500,0
2017-04-13,20:40:00,14.825,14.825,14.775,14.825,6734,0
2017-04-13,20:45:00,14.825,14.825,14.8,14.825,2900,0
2017-04-13,20:50:00,14.825,14.825,14.8,14.8,1231,0
2017-04-13,20:55:00,14.8,14.825,14.8,14.825,2300,0
2017-04-13,21:00:00,14.8,14.825,14.8,14.8,700,0
2017-04-13,21:05:00,14.8,14.8,14.8,14.8,200,0
2017-04-13,21:10:00,14.825,14.825,14.8,14.825,3200,0
2017-04-13,21:15:00,14.825,14.825,14.775,14.8,5850,0
2017-04-13,21:20:00,14.8,14.825,14.8,14.8,9920,0
2017-04-13,21:25:00,14.8,14.825,14.8,14.8,600,0
2017-04-13,21:30:00,14.825,14.825,14.8,14.8,1900,0
2017-04-13,21:35:00,14.8,14.85,14.775,14.825,11000,0
2017-04-13,21:40:00,14.825,14.825,14.8,14.825,2856,0
2017-04-13,21:45:00,14.8,14.85,14.8,14.8,2605,0
2017-04-13,21:50:00,14.8,14.85,14.8,14.8,3221,0
2017-04-13,21:55:00,14.8,14.85,14.8,14.8,5803,0
2017-04-13,22:00:00,14.8,14.85,14.75,14.8,68382,0
2017-04-17,15:35:00,14.85,14.9,14.85,14.9,9146,0
2017-04-17,15:50:00,15,15,14.9,14.9,3900,0
2017-04-17,15:55:00,14.9,14.95,14.9,14.925,1500,0
2017-04-17,16:00:00,14.95,14.95,14.9,14.9,200,0
2017-04-17,16:05:00,14.9,14.9,14.9,14.9,100,0
2017-04-17,16:10:00,14.95,14.95,14.9,14.9,700,0
2017-04-17,16:15:00,14.9,14.9,14.9,14.9,499,0
2017-04-17,16:20:00,14.9,14.95,14.9,14.95,1300,0
2017-04-17,16:25:00,14.95,14.95,14.95,14.95,800,0
2017-04-17,16:30:00,14.925,14.975,14.925,14.975,5201,0
2017-04-17,16:35:00,14.95,14.95,14.95,14.95,600,0
2017-04-17,16:40:00,14.95,14.95,14.925,14.95,1000,0
2017-04-17,16:45:00,14.95,14.95,14.95,14.95,400,0
2017-04-17,16:50:00,14.95,14.95,14.9,14.925,1000,0
2017-04-17,16:55:00,14.95,14.95,14.925,14.95,700,0
2017-04-17,17:00:00,14.925,14.95,14.9,14.925,900,0
2017-04-17,17:05:00,14.925,14.95,14.925,14.95,2200,0
2017-04-17,17:10:00,14.925,14.95,14.925,14.95,1000,0
2017-04-17,17:15:00,14.925,15,14.925,14.95,4282,0
2017-04-17,17:20:00,14.975,15,14.95,15,2200,0
2017-04-17,17:25:00,14.95,15,14.95,14.975,1000,0
2017-04-17,17:30:00,15,15,14.96,14.975,2302,0
2017-04-17,17:35:00,15,15,14.95,14.95,882,0
2017-04-17,17:40:00,14.975,14.975,14.975,14.975,1135,0
2017-04-17,17:45:00,14.975,15.1,14.975,15,25213,0
2017-04-17,17:50:00,15.025,15.025,15,15,2400,0
2017-04-17,17:55:00,14.95,14.975,14.95,14.95,700,0
2017-04-17,18:00:00,14.95,14.975,14.925,14.95,1457,0
2017-04-17,18:05:00,14.925,14.925,14.925,14.925,400,0
2017-04-17,18:10:00,14.925,14.95,14.9,14.925,1635,0
2017-04-17,18:15:00,14.925,14.95,14.9,14.925,1196,0
2017-04-17,18:20:00,14.925,14.975,14.9,14.9,9000,0
2017-04-17,18:25:00,14.9,14.925,14.9,14.9,2300,0
2017-04-17,18:30:00,14.9,14.9,14.85,14.875,800,0
2017-04-17,18:35:00,14.85,14.875,14.85,14.875,500,0
2017-04-17,18:40:00,14.85,14.875,14.85,14.85,1200,0
2017-04-17,18:45:00,14.85,14.875,14.85,14.85,1000,0
2017-04-17,18:50:00,14.85,14.8753,14.85,14.85,1500,0
2017-04-17,18:55:00,14.875,14.875,14.8,14.825,1550,0
2017-04-17,19:00:00,14.8,14.8258,14.8,14.8,1050,0
2017-04-17,19:05:00,14.8,14.85,14.8,14.8,2000,0
2017-04-17,19:10:00,14.825,14.825,14.8,14.825,800,0
2017-04-17,19:15:00,14.825,14.825,14.8,14.8,1700,0
2017-04-17,19:20:00,14.825,14.825,14.8,14.8,1400,0
2017-04-17,19:25:00,14.8,14.825,14.8,14.8,800,0
2017-04-17,19:30:00,14.8,14.825,14.8,14.8,500,0
2017-04-17,19:35:00,14.8,14.825,14.8,14.8,1400,0
2017-04-17,19:40:00,14.8,14.8,14.75,14.75,1100,0
2017-04-17,19:45:00,14.8,14.825,14.7707,14.825,4822,0
2017-04-17,19:50:00,14.8,14.825,14.8,14.8,1000,0
2017-04-17,19:55:00,14.8,14.825,14.8,14.8,800,0
2017-04-17,20:00:00,14.8,14.825,14.8,14.8,2800,0
2017-04-17,20:05:00,14.8,14.825,14.8,14.825,900,0
2017-04-17,20:10:00,14.825,14.85,14.8,14.825,1100,0
2017-04-17,20:15:00,14.825,14.85,14.8,14.825,1100,0
2017-04-17,20:20:00,14.825,14.825,14.8,14.825,600,0
2017-04-17,20:25:00,14.825,14.85,14.8,14.825,2600,0
2017-04-17,20:30:00,14.825,14.85,14.8,14.8,1300,0
2017-04-17,20:35:00,14.8,14.825,14.8,14.825,1300,0
2017-04-17,20:40:00,14.825,14.825,14.8,14.825,1000,0
2017-04-17,20:45:00,14.825,14.85,14.8,14.8,900,0
2017-04-17,20:50:00,14.825,14.825,14.8,14.8,1000,0
2017-04-17,20:55:00,14.825,14.825,14.825,14.825,900,0
2017-04-17,21:00:00,14.825,14.85,14.75,14.75,9643,0
2017-04-17,21:05:00,14.75,14.825,14.75,14.825,17154,0
2017-04-17,21:10:00,14.825,14.84,14.8,14.825,1600,0
2017-04-17,21:15:00,14.825,14.9,14.8,14.9,3358,0
2017-04-17,21:20:00,14.85,14.9,14.85,14.875,900,0
2017-04-17,21:25:00,14.9,14.9,14.8,14.9,12230,0
2017-04-17,21:30:00,14.875,14.925,14.85,14.9,9805,0
2017-04-17,21:35:00,14.875,14.9,14.85,14.875,1563,0
2017-04-17,21:40:00,14.9,14.9,14.85,14.9,2164,0
2017-04-17,21:45:00,14.875,14.9,14.85,14.875,9988,0
2017-04-17,21:50:00,14.875,14.9,14.85,14.875,11928,0
2017-04-17,21:55:00,14.875,14.95,14.85,14.925,37799,0
2017-04-17,22:00:00,14.925,14.95,14.9,14.95,58995,0
2017-04-18,15:35:00,14.95,14.95,14.8,14.9,15731,0
2017-04-18,15:40:00,14.925,14.925,14.9,14.9,600,0
2017-04-18,15:45:00,14.95,14.975,14.925,14.95,3603,0
2017-04-18,15:50:00,14.95,14.95,14.8,14.85,4300,0
2017-04-18,16:00:00,14.825,14.85,14.825,14.85,2100,0
2017-04-18,16:05:00,14.9,15,14.8,14.8,4779,0
2017-04-18,16:10:00,14.792,14.792,14.75,14.75,400,0
2017-04-18,16:20:00,14.75,14.775,14.7,14.75,5522,0
2017-04-18,16:25:00,14.7,14.75,14.7,14.7,620,0
2017-04-18,16:30:00,14.7253,14.75,14.7253,14.75,3546,0
2017-04-18,16:35:00,14.75,14.75,14.7,14.7,2642,0
2017-04-18,16:40:00,14.74,14.75,14.7,14.7,7345,0
2017-04-18,16:45:00,14.75,14.75,14.725,14.75,2000,0
2017-04-18,16:50:00,14.75,14.8,14.75,14.775,700,0
2017-04-18,16:55:00,14.75,14.75,14.7,14.7,3200,0
2017-04-18,17:05:00,14.7,14.75,14.65,14.65,17597,0
2017-04-18,17:10:00,14.65,14.675,14.625,14.65,4700,0
2017-04-18,17:15:00,14.65,14.675,14.65,14.675,2100,0
2017-04-18,17:20:00,14.65,14.675,14.65,14.675,1100,0
2017-04-18,17:25:00,14.6836,14.75,14.65,14.75,4291,0
2017-04-18,17:30:00,14.7,14.8,14.7,14.775,1100,0
2017-04-18,17:35:00,14.75,14.75,14.7,14.725,2400,0
2017-04-18,17:40:00,14.725,14.74,14.725,14.74,268,0
2017-04-18,17:45:00,14.7,14.7,14.7,14.7,100,0
2017-04-18,17:50:00,14.7,14.725,14.7,14.725,500,0
2017-04-18,17:55:00,14.75,14.75,14.75,14.75,200,0
2017-04-18,18:00:00,14.725,14.75,14.725,14.75,300,0
2017-04-18,18:05:00,14.7,14.725,14.65,14.675,9401,0
2017-04-18,18:10:00,14.65,14.65,14.65,14.65,200,0
2017-04-18,18:15:00,14.675,14.675,14.65,14.675,1400,0
2017-04-18,18:20:00,14.65,14.7,14.65,14.65,600,0
2017-04-18,18:25:00,14.65,14.675,14.65,14.675,400,0
2017-04-18,18:30:00,14.7,14.7,14.65,14.65,900,0
2017-04-18,18:35:00,14.675,14.675,14.65,14.65,900,0
2017-04-18,18:40:00,14.65,14.675,14.65,14.675,800,0
2017-04-18,18:45:00,14.655,14.655,14.6,14.6,11800,0
2017-04-18,18:50:00,14.6,14.6,14.6,14.6,100,0
2017-04-18,18:55:00,14.6,14.625,14.55,14.55,7300,0
2017-04-18,19:00:00,14.5834,14.5834,14.55,14.575,1400,0
2017-04-18,19:05:00,14.55,14.575,14.55,14.55,446,0
2017-04-18,19:10:00,14.575,14.583,14.55,14.55,1600,0
2017-04-18,19:15:00,14.575,14.575,14.55,14.55,1900,0
2017-04-18,19:20:00,14.5556,14.575,14.55,14.55,1696,0
2017-04-18,19:25:00,14.55,14.575,14.55,14.55,3500,0
2017-04-18,19:30:00,14.575,14.6,14.575,14.575,700,0
2017-04-18,19:35:00,14.55,14.575,14.55,14.575,1100,0
2017-04-18,19:40:00,14.59,14.59,14.59,14.59,200,0
2017-04-18,19:45:00,14.55,14.575,14.55,14.55,900,0
2017-04-18,19:50:00,14.575,14.6,14.55,14.575,9600,0
2017-04-18,19:55:00,14.6,14.6,14.55,14.55,500,0
2017-04-18,20:00:00,14.55,14.575,14.55,14.55,2367,0
2017-04-18,20:05:00,14.55,14.575,14.525,14.55,17129,0
2017-04-18,20:10:00,14.5832,14.5832,14.55,14.55,4600,0
2017-04-18,20:15:00,14.55,14.55,14.5,14.5,12068,0
2017-04-18,20:20:00,14.5,14.55,14.5,14.525,1200,0
2017-04-18,20:25:00,14.5,14.5,14.5,14.5,300,0
2017-04-18,20:30:00,14.5,14.525,14.5,14.5,1493,0
2017-04-18,20:35:00,14.525,14.525,14.5,14.525,700,0
2017-04-18,20:40:00,14.525,14.525,14.5,14.5,1100,0
2017-04-18,20:45:00,14.525,14.575,14.5,14.55,21472,0
2017-04-18,20:50:00,14.55,14.575,14.55,14.575,1900,0
2017-04-18,20:55:00,14.575,14.575,14.55,14.575,1247,0
2017-04-18,21:00:00,14.575,14.6,14.55,14.575,1421,0
2017-04-18,21:05:00,14.575,14.6,14.55,14.575,8874,0
2017-04-18,21:10:00,14.6,14.65,14.6,14.625,6081,0
2017-04-18,21:15:00,14.65,14.675,14.6,14.65,11025,0
2017-04-18,21:20:00,14.65,14.65,14.65,14.65,2128,0
2017-04-18,21:25:00,14.65,14.7,14.65,14.65,3400,0
2017-04-18,21:30:00,14.65,14.7,14.65,14.65,7000,0
2017-04-18,21:35:00,14.65,14.7,14.65,14.7,3728,0
2017-04-18,21:40:00,14.675,14.675,14.65,14.65,4172,0
2017-04-18,21:45:00,14.65,14.675,14.65,14.65,5194,0
2017-04-18,21:50:00,14.65,14.675,14.65,14.65,6313,0
2017-04-18,21:55:00,14.65,14.65,14.6,14.625,24707,0
2017-04-18,22:00:00,14.625,14.65,14.6,14.65,64572,0
2017-04-19,15:35:00,14.75,14.75,14.75,14.75,2111,0
2017-04-19,15:40:00,14.719,14.719,14.719,14.719,167,0
2017-04-19,15:45:00,14.75,14.75,14.75,14.75,100,0
2017-04-19,15:50:00,14.725,14.8,14.725,14.75,4260,0
2017-04-19,15:55:00,14.75,14.75,14.725,14.725,800,0
2017-04-19,16:00:00,14.725,14.725,14.725,14.725,200,0
2017-04-19,16:05:00,14.725,14.725,14.725,14.725,885,0
2017-04-19,16:10:00,14.725,14.75,14.725,14.75,300,0
2017-04-19,16:20:00,14.725,14.725,14.725,14.725,200,0
2017-04-19,16:25:00,14.725,14.75,14.725,14.75,600,0
2017-04-19,16:30:00,14.75,14.75,14.75,14.75,200,0
2017-04-19,16:35:00,14.7,14.9,14.7,14.875,17170,0
2017-04-19,16:40:00,14.875,14.9,14.85,14.85,3600,0
2017-04-19,16:45:00,14.85,14.85,14.825,14.825,1400,0
2017-04-19,16:50:00,14.825,14.85,14.825,14.85,300,0
2017-04-19,16:55:00,14.825,14.9,14.825,14.9,2500,0
2017-04-19,17:00:00,14.875,14.9,14.86,14.862,2527,0
2017-04-19,17:05:00,14.875,14.95,14.875,14.95,1600,0
2017-04-19,17:10:00,14.95,14.95,14.9,14.95,2200,0
2017-04-19,17:15:00,14.95,14.95,14.95,14.95,300,0
2017-04-19,17:20:00,14.95,14.95,14.925,14.925,2100,0
2017-04-19,17:25:00,14.925,14.95,14.9,14.9,1900,0
2017-04-19,17:30:00,14.925,14.95,14.85,14.95,7631,0
2017-04-19,17:35:00,14.925,14.95,14.925,14.925,500,0
2017-04-19,17:40:00,14.93,14.93,14.9,14.925,923,0
2017-04-19,17:45:00,14.9119,14.925,14.9,14.9,3551,0
2017-04-19,17:50:00,14.925,14.95,14.925,14.925,1100,0
2017-04-19,17:55:00,14.9,14.9,14.9,14.9,500,0
2017-04-19,18:00:00,14.9,14.925,14.9,14.9,900,0
2017-04-19,18:05:00,14.9,14.9,14.875,14.875,3700,0
2017-04-19,18:10:00,14.875,14.875,14.8,14.825,4900,0
2017-04-19,18:15:00,14.8,14.825,14.8,14.825,2700,0
2017-04-19,18:20:00,14.825,14.825,14.8,14.825,400,0
2017-04-19,18:25:00,14.8,14.9,14.8,14.875,9660,0
2017-04-19,18:30:00,14.875,14.875,14.875,14.875,500,0
2017-04-19,18:35:00,14.9,14.9,14.875,14.875,300,0
2017-04-19,18:40:00,14.9,14.9,14.875,14.875,400,0
2017-04-19,18:45:00,14.9,14.9,14.85,14.9,800,0
2017-04-19,18:50:00,14.85,14.85,14.85,14.85,900,0
2017-04-19,18:55:00,14.875,14.9,14.8,14.8,2693,0
2017-04-19,19:00:00,14.8,14.85,14.8,14.825,300,0
2017-04-19,19:05:00,14.8,14.8,14.8,14.8,900,0
2017-04-19,19:10:00,14.8,14.8,14.775,14.775,2000,0
2017-04-19,19:15:00,14.8,14.875,14.8,14.8,4547,0
2017-04-19,19:20:00,14.825,14.825,14.8,14.8,500,0
2017-04-19,19:25:00,14.825,14.825,14.8,14.8,429,0
2017-04-19,19:30:00,14.8,14.8,14.775,14.8,3298,0
2017-04-19,19:35:00,14.8122,14.85,14.8122,14.825,1800,0
2017-04-19,19:40:00,14.85,14.85,14.8,14.825,400,0
2017-04-19,19:45:00,14.85,14.85,14.825,14.825,600,0
2017-04-19,19:50:00,14.825,14.85,14.75,14.85,20363,0
2017-04-19,19:55:00,14.825,14.85,14.75,14.75,30360,0
2017-04-19,20:00:00,14.775,14.8,14.75,14.8,500,0
2017-04-19,20:05:00,14.75,14.8,14.75,14.75,1780,0
2017-04-19,20:10:00,14.7692,14.8,14.75,14.775,950,0
2017-04-19,20:15:00,14.75,14.8,14.75,14.75,1601,0
2017-04-19,20:20:00,14.75,14.775,14.65,14.75,25575,0
2017-04-19,20:25:00,14.75,14.8,14.7,14.7,15743,0
2017-04-19,20:30:00,14.725,14.75,14.725,14.75,2300,0
2017-04-19,20:35:00,14.75,14.775,14.7,14.7,2700,0
2017-04-19,20:40:00,14.725,14.8,14.7,14.8,7276,0
2017-04-19,20:45:00,14.775,14.775,14.7,14.7,7400,0
2017-04-19,20:50:00,14.725,14.725,14.7,14.7,600,0
2017-04-19,20:55:00,14.725,14.725,14.65,14.65,4129,0
2017-04-19,21:00:00,14.7,14.75,14.675,14.725,6260,0
2017-04-19,21:05:00,14.7,14.7,14.675,14.7,14554,0
2017-04-19,21:10:00,14.7,14.75,14.675,14.675,10700,0
2017-04-19,21:15:00,14.675,14.7,14.65,14.675,800,0
2017-04-19,21:20:00,14.65,14.75,14.65,14.7,13464,0
2017-04-19,21:25:00,14.7,14.7,14.675,14.7,1000,0
2017-04-19,21:30:00,14.7,14.7,14.675,14.675,1761,0
2017-04-19,21:35:00,14.7,14.7,14.6,14.625,20045,0
2017-04-19,21:40:00,14.65,14.7,14.6,14.7,7856,0
2017-04-19,21:45:00,14.675,14.75,14.675,14.725,27198,0
2017-04-19,21:50:00,14.7,14.7,14.65,14.7,6430,0
2017-04-19,21:55:00,14.675,14.7,14.65,14.65,6400,0
2017-04-19,22:00:00,14.7,14.7,14.65,14.7,54974,0
2017-04-20,15:35:00,14.8,14.85,14.75,14.85,6255,0
2017-04-20,15:40:00,14.85,14.85,14.8,14.8,1426,0
2017-04-20,15:45:00,14.8,14.9,14.75,14.9,7288,0
2017-04-20,15:50:00,14.9,14.9,14.8,14.8,1000,0
2017-04-20,15:55:00,14.85,14.85,14.85,14.85,100,0
2017-04-20,16:00:00,14.825,14.825,14.8,14.8,2300,0
2017-04-20,16:05:00,14.775,14.8,14.75,14.8,3100,0
2017-04-20,16:10:00,14.8,14.825,14.8,14.825,1200,0
2017-04-20,16:15:00,14.775,14.8,14.775,14.775,300,0
2017-04-20,16:20:00,14.7788,14.7788,14.775,14.775,440,0
2017-04-20,16:25:00,14.775,14.775,14.75,14.775,500,0
2017-04-20,16:30:00,14.8,14.8,14.7,14.725,2738,0
2017-04-20,16:35:00,14.75,14.75,14.7,14.7,2400,0
2017-04-20,16:40:00,14.675,14.675,14.65,14.65,432,0
2017-04-20,16:45:00,14.7,14.75,14.7,14.7,3900,0
2017-04-20,16:50:00,14.7,14.75,14.7,14.75,16800,0
2017-04-20,16:55:00,14.75,14.75,14.7,14.7,2500,0
2017-04-20,17:00:00,14.7,14.725,14.65,14.675,15700,0
2017-04-20,17:05:00,14.675,14.7,14.65,14.65,27050,0
2017-04-20,17:10:00,14.675,14.7,14.65,14.675,600,0
2017-04-20,17:15:00,14.675,14.7,14.675,14.675,3000,0
2017-04-20,17:20:00,14.675,14.7,14.675,14.675,3000,0
2017-04-20,17:25:00,14.675,14.7,14.675,14.675,300,0
2017-04-20,17:30:00,14.675,14.7,14.65,14.675,6000,0
2017-04-20,17:35:00,14.675,14.7,14.675,14.675,700,0
2017-04-20,17:40:00,14.675,14.7,14.675,14.7,2000,0
2017-04-20,17:45:00,14.675,14.675,14.65,14.65,750,0
2017-04-20,17:50:00,14.675,14.675,14.65,14.675,1700,0
2017-04-20,17:55:00,14.65,14.675,14.525,14.59,25574,0
2017-04-20,18:00:00,14.575,14.6,14.575,14.575,8315,0
2017-04-20,18:05:00,14.575,14.575,14.5,14.525,12905,0
2017-04-20,18:10:00,14.525,14.525,14.525,14.525,800,0
2017-04-20,18:15:00,14.55,14.575,14.525,14.525,5698,0
2017-04-20,18:20:00,14.525,14.575,14.525,14.575,4638,0
2017-04-20,18:25:00,14.6,14.6,14.525,14.55,29900,0
2017-04-20,18:30:00,14.525,14.5318,14.525,14.525,1670,0
2017-04-20,18:35:00,14.525,14.5352,14.5,14.5,2400,0
2017-04-20,18:40:00,14.545,14.545,14.475,14.475,19230,0
2017-04-20,18:45:00,14.475,14.5,14.475,14.475,10900,0
2017-04-20,18:50:00,14.475,14.5,14.475,14.475,4778,0
2017-04-20,18:55:00,14.475,14.5,14.45,14.46,2080,0
2017-04-20,19:00:00,14.475,14.5,14.45,14.45,4650,0
2017-04-20,19:05:00,14.475,14.495,14.45,14.45,700,0
2017-04-20,19:10:00,14.475,14.5,14.45,14.475,2600,0
2017-04-20,19:15:00,14.475,14.5,14.45,14.482,1800,0
2017-04-20,19:20:00,14.5,14.5,14.45,14.45,3918,0
2017-04-20,19:25:00,14.45,14.5,14.45,14.475,5700,0
2017-04-20,19:30:00,14.4852,14.5,14.45,14.475,3469,0
2017-04-20,19:35:00,14.45,14.5,14.45,14.4726,8897,0
2017-04-20,19:40:00,14.5,14.5,14.455,14.475,5600,0
2017-04-20,19:45:00,14.45,14.475,14.45,14.475,900,0
2017-04-20,19:50:00,14.5,14.5,14.4,14.425,19924,0
2017-04-20,19:55:00,14.4,14.45,14.4,14.425,1000,0
2017-04-20,20:00:00,14.425,14.425,14.35,14.425,9807,0
2017-04-20,20:05:00,14.425,14.45,14.41,14.425,10090,0
2017-04-20,20:10:00,14.4,14.425,14.35,14.375,25739,0
2017-04-20,20:15:00,14.379,14.4,14.35,14.375,9919,0
2017-04-20,20:20:00,14.4,14.4,14.375,14.375,300,0
2017-04-20,20:25:00,14.375,14.4,14.3748,14.375,1300,0
2017-04-20,20:30:00,14.35,14.4,14.35,14.375,6272,0
2017-04-20,20:35:00,14.375,14.4,14.35,14.35,2736,0
2017-04-20,20:40:00,14.4,14.4,14.375,14.375,5700,0
2017-04-20,20:45:00,14.4,14.4,14.375,14.375,3500,0
2017-04-20,20:50:00,14.375,14.425,14.3594,14.425,16725,0
2017-04-20,20:55:00,14.425,14.45,14.425,14.425,4700,0
2017-04-20,21:00:00,14.425,14.45,14.375,14.425,70862,0
2017-04-20,21:05:00,14.425,14.45,14.425,14.425,29833,0
2017-04-20,21:10:00,14.425,14.45,14.425,14.425,1500,0
2017-04-20,21:15:00,14.425,14.55,14.425,14.45,13867,0
2017-04-20,21:20:00,14.475,14.475,14.475,14.475,350,0
2017-04-20,21:25:00,14.475,14.475,14.425,14.425,4160,0
2017-04-20,21:30:00,14.4,14.475,14.4,14.45,23561,0
2017-04-20,21:35:00,14.5,14.5,14.45,14.475,10587,0
2017-04-20,21:40:00,14.45,14.55,14.45,14.525,9494,0
2017-04-20,21:45:00,14.55,14.55,14.5,14.525,3501,0
2017-04-20,21:50:00,14.525,14.55,14.475,14.525,49286,0
2017-04-20,21:55:00,14.525,14.55,14.5,14.525,73600,0
2017-04-20,22:00:00,14.525,14.55,14.5,14.55,86233,0
2017-04-21,15:35:00,14.55,14.55,14.45,14.45,26099,0
2017-04-21,15:40:00,14.475,14.6,14.475,14.6,13365,0
2017-04-21,15:45:00,14.55,14.55,14.55,14.55,2000,0
2017-04-21,15:50:00,14.575,14.575,14.575,14.575,300,0
2017-04-21,15:55:00,14.575,14.575,14.56,14.5743,2700,0
2017-04-21,16:00:00,14.55,14.575,14.5,14.525,4900,0
2017-04-21,16:05:00,14.525,14.54,14.52,14.52,2350,0
2017-04-21,16:10:00,14.525,14.55,14.525,14.525,900,0
2017-04-21,16:15:00,14.525,14.6,14.525,14.575,7200,0
2017-04-21,16:20:00,14.6,14.6,14.575,14.575,1000,0
2017-04-21,16:25:00,14.575,14.575,14.55,14.55,900,0
2017-04-21,16:30:00,14.575,14.575,14.55,14.55,400,0
2017-04-21,16:35:00,14.55,14.55,14.45,14.5,29416,0
2017-04-21,16:40:00,14.475,14.5,14.45,14.5,800,0
2017-04-21,16:45:00,14.475,14.475,14.45,14.475,600,0
2017-04-21,16:50:00,14.475,14.475,14.4,14.425,30695,0
2017-04-21,16:55:00,14.425,14.425,14.4,14.425,700,0
2017-04-21,17:00:00,14.425,14.425,14.4,14.4,1100,0
2017-04-21,17:05:00,14.425,14.425,14.417,14.425,800,0
2017-04-21,17:10:00,14.4,14.4,14.3,14.3,10440,0
2017-04-21,17:15:00,14.35,14.35,14.275,14.3,8829,0
2017-04-21,17:20:00,14.3,14.5,14.25,14.5,28999,0
2017-04-21,17:25:00,14.45,14.5,14.45,14.475,1600,0
2017-04-21,17:30:00,14.5,14.5,14.45,14.5,2900,0
2017-04-21,17:35:00,14.475,14.5,14.45,14.45,500,0
2017-04-21,17:40:00,14.475,14.5,14.475,14.5,400,0
2017-04-21,17:45:00,14.475,14.5,14.45,14.5,4100,0
2017-04-21,17:50:00,14.5,14.5,14.475,14.475,3300,0
2017-04-21,17:55:00,14.475,14.5,14.45,14.5,815,0
2017-04-21,18:00:00,14.475,14.475,14.475,14.475,100,0
2017-04-21,18:05:00,14.475,14.5,14.475,14.475,400,0
2017-04-21,18:10:00,14.475,14.5,14.475,14.475,500,0
2017-04-21,18:15:00,14.475,14.5,14.464,14.5,1900,0
2017-04-21,18:20:00,14.5,14.5,14.475,14.475,500,0
2017-04-21,18:25:00,14.5,14.5,14.5,14.5,600,0
2017-04-21,18:30:00,14.498,14.55,14.498,14.525,717,0
2017-04-21,18:35:00,14.525,14.55,14.525,14.525,1100,0
2017-04-21,18:40:00,14.525,14.525,14.45,14.45,9801,0
2017-04-21,18:45:00,14.45,14.45,14.45,14.45,400,0
2017-04-21,18:50:00,14.475,14.475,14.45,14.475,900,0
2017-04-21,18:55:00,14.475,14.475,14.475,14.475,200,0
2017-04-21,19:00:00,14.475,14.475,14.475,14.475,200,0
2017-04-21,19:05:00,14.475,14.5,14.455,14.5,17980,0
2017-04-21,19:10:00,14.5,14.55,14.5,14.525,6190,0
2017-04-21,19:15:00,14.525,14.525,14.525,14.525,300,0
2017-04-21,19:20:00,14.525,14.525,14.525,14.525,200,0
2017-04-21,19:25:00,14.525,14.55,14.525,14.55,800,0
2017-04-21,19:30:00,14.525,14.55,14.525,14.525,500,0
2017-04-21,19:35:00,14.525,14.55,14.45,14.475,13765,0
2017-04-21,19:40:00,14.475,14.475,14.45,14.475,700,0
2017-04-21,19:45:00,14.475,14.475,14.475,14.475,200,0
2017-04-21,19:50:00,14.475,14.55,14.45,14.5,4315,0
2017-04-21,19:55:00,14.5,14.525,14.5,14.5,3000,0
2017-04-21,20:00:00,14.5,14.525,14.475,14.5,5485,0
2017-04-21,20:05:00,14.5,14.5,14.45,14.475,2400,0
2017-04-21,20:10:00,14.475,14.525,14.475,14.525,3100,0
2017-04-21,20:15:00,14.55,14.55,14.55,14.55,100,0
2017-04-21,20:20:00,14.525,14.525,14.525,14.525,200,0
2017-04-21,20:25:00,14.5,14.55,14.5,14.525,1000,0
2017-04-21,20:30:00,14.55,14.55,14.55,14.55,300,0
2017-04-21,20:35:00,14.55,14.55,14.525,14.525,400,0
2017-04-21,20:40:00,14.525,14.55,14.5,14.525,1876,0
2017-04-21,20:45:00,14.5,14.525,14.45,14.45,8939,0
2017-04-21,20:50:00,14.475,14.475,14.4,14.425,2528,0
2017-04-21,20:55:00,14.4001,14.45,14.4001,14.425,2200,0
2017-04-21,21:00:00,14.45,14.45,14.45,14.45,200,0
2017-04-21,21:05:00,14.425,14.425,14.4,14.4,600,0
2017-04-21,21:10:00,14.425,14.45,14.425,14.45,300,0
2017-04-21,21:15:00,14.425,14.45,14.425,14.45,800,0
2017-04-21,21:20:00,14.425,14.5,14.425,14.5,2453,0
2017-04-21,21:25:00,14.5,14.5,14.4683,14.5,1150,0
2017-04-21,21:30:00,14.5,14.525,14.475,14.5,4700,0
2017-04-21,21:35:00,14.475,14.5,14.475,14.5,2150,0
2017-04-21,21:40:00,14.5,14.55,14.5,14.525,4017,0
2017-04-21,21:45:00,14.55,14.6,14.55,14.6,10473,0
2017-04-21,21:50:00,14.6,14.6,14.575,14.575,3080,0
2017-04-21,21:55:00,14.575,14.575,14.5,14.5,12212,0
2017-04-21,22:00:00,14.55,14.55,14.45,14.45,78272,0
2017-04-24,15:35:00,14.7,14.7,14.65,14.67,5412,0
2017-04-24,15:40:00,14.675,14.675,14.6,14.625,2300,0
2017-04-24,15:45:00,14.65,14.75,14.6,14.75,10770,0
2017-04-24,15:50:00,14.7,14.8,14.7,14.8,5347,0
2017-04-24,15:55:00,14.85,14.9,14.825,14.9,2400,0
2017-04-24,16:00:00,14.825,14.825,14.8,14.825,6278,0
2017-04-24,16:05:00,14.85,14.875,14.825,14.825,3410,0
2017-04-24,16:10:00,14.825,14.85,14.825,14.825,1300,0
2017-04-24,16:15:00,14.825,14.85,14.825,14.825,9070,0
2017-04-24,16:20:00,14.8,14.825,14.775,14.775,2385,0
2017-04-24,16:25:00,14.775,14.8,14.775,14.8,1700,0
2017-04-24,16:30:00,14.7863,14.8,14.775,14.775,1661,0
2017-04-24,16:35:00,14.8,14.8,14.775,14.775,400,0
2017-04-24,16:40:00,14.775,14.775,14.7,14.7,5479,0
2017-04-24,16:45:00,14.725,14.75,14.7,14.7,18316,0
2017-04-24,16:50:00,14.7,14.725,14.7,14.725,1100,0
2017-04-24,16:55:00,14.725,14.725,14.7,14.725,400,0
2017-04-24,17:00:00,14.7,14.725,14.7,14.7,1699,0
2017-04-24,17:05:00,14.7,14.725,14.65,14.65,3000,0
2017-04-24,17:10:00,14.65,14.675,14.65,14.675,800,0
2017-04-24,17:15:00,14.675,14.675,14.65,14.65,650,0
2017-04-24,17:20:00,14.65,14.7,14.6,14.7,11800,0
2017-04-24,17:25:00,14.7,14.725,14.7,14.725,814,0
2017-04-24,17:30:00,14.725,14.725,14.7,14.7,700,0
2017-04-24,17:35:00,14.7,14.7,14.65,14.65,3399,0
2017-04-24,17:40:00,14.7,14.725,14.675,14.675,4900,0
2017-04-24,17:45:00,14.69,14.69,14.65,14.675,1726,0
2017-04-24,17:50:00,14.65,14.65,14.65,14.65,200,0
2017-04-24,17:55:00,14.675,14.675,14.65,14.675,500,0
2017-04-24,18:00:00,14.68,14.68,14.65,14.675,1100,0
2017-04-24,18:05:00,14.65,14.65,14.65,14.65,743,0
2017-04-24,18:10:00,14.65,14.65,14.65,14.65,200,0
2017-04-24,18:15:00,14.65,14.675,14.65,14.65,1700,0
2017-04-24,18:20:00,14.675,14.675,14.65,14.65,500,0
2017-04-24,18:25:00,14.65,14.695,14.65,14.65,1012,0
2017-04-24,18:30:00,14.65,14.7,14.65,14.7,400,0
2017-04-24,18:35:00,14.675,14.675,14.625,14.65,5439,0
2017-04-24,18:40:00,14.65,14.65,14.65,14.65,100,0
2017-04-24,18:45:00,14.675,14.7,14.65,14.65,2200,0
2017-04-24,18:50:00,14.65,14.65,14.65,14.65,600,0
2017-04-24,18:55:00,14.675,14.675,14.65,14.65,801,0
2017-04-24,19:00:00,14.65,14.675,14.65,14.675,900,0
2017-04-24,19:05:00,14.675,14.7,14.65,14.675,8618,0
2017-04-24,19:10:00,14.675,14.675,14.675,14.675,200,0
2017-04-24,19:15:00,14.675,14.7,14.675,14.7,400,0
2017-04-24,19:20:00,14.65,14.65,14.65,14.65,100,0
2017-04-24,19:25:00,14.65,14.65,14.65,14.65,800,0
2017-04-24,19:30:00,14.65,14.675,14.625,14.675,7403,0
2017-04-24,19:35:00,14.65,14.65,14.65,14.65,200,0
2017-04-24,19:40:00,14.65,14.675,14.65,14.668,1150,0
2017-04-24,19:45:00,14.65,14.675,14.65,14.65,600,0
2017-04-24,19:50:00,14.675,14.675,14.65,14.675,500,0
2017-04-24,19:55:00,14.65,14.675,14.65,14.65,600,0
2017-04-24,20:00:00,14.65,14.7,14.65,14.65,5598,0
2017-04-24,20:05:00,14.675,14.675,14.675,14.675,1300,0
2017-04-24,20:10:00,14.65,14.65,14.65,14.65,100,0
2017-04-24,20:15:00,14.65,14.675,14.65,14.675,850,0
2017-04-24,20:20:00,14.675,14.675,14.65,14.65,5014,0
2017-04-24,20:25:00,14.65,14.675,14.65,14.65,1032,0
2017-04-24,20:30:00,14.65,14.65,14.65,14.65,700,0
2017-04-24,20:35:00,14.675,14.675,14.65,14.65,700,0
2017-04-24,20:40:00,14.65,14.7,14.65,14.682,3900,0
2017-04-24,20:45:00,14.65,14.675,14.6,14.6,2515,0
2017-04-24,20:50:00,14.625,14.7,14.6,14.65,18645,0
2017-04-24,20:55:00,14.675,14.675,14.675,14.675,2781,0
2017-04-24,21:00:00,14.675,14.7,14.65,14.65,2655,0
2017-04-24,21:05:00,14.675,14.675,14.65,14.65,1171,0
2017-04-24,21:10:00,14.7,14.7,14.65,14.7,4629,0
2017-04-24,21:15:00,14.65,14.7,14.65,14.675,1300,0
2017-04-24,21:20:00,14.65,14.725,14.6,14.725,42016,0
2017-04-24,21:25:00,14.725,14.775,14.725,14.775,7046,0
2017-04-24,21:30:00,14.775,14.8,14.75,14.775,6200,0
2017-04-24,21:35:00,14.775,14.775,14.75,14.775,3200,0
2017-04-24,21:40:00,14.75,14.8,14.75,14.8,16013,0
2017-04-24,21:45:00,14.775,14.9,14.75,14.8,42943,0
2017-04-24,21:50:00,14.825,14.825,14.8,14.825,2000,0
2017-04-24,21:55:00,14.825,14.85,14.8,14.85,20203,0
2017-04-24,22:00:00,14.8,14.85,14.8,14.85,67600,0
2017-04-25,15:35:00,14.9,14.95,14.886,14.95,7579,0
2017-04-25,15:40:00,14.925,14.95,14.925,14.95,400,0
2017-04-25,15:45:00,15,15.1,15,15.05,27275,0
2017-04-25,15:50:00,15.025,15.175,15.025,15.15,11592,0
2017-04-25,15:55:00,15.1,15.1502,15.1,15.1502,600,0
2017-04-25,16:00:00,15.15,15.175,15.15,15.15,2002,0
2017-04-25,16:05:00,15.175,15.2,15.175,15.2,1100,0
2017-04-25,16:10:00,15.2,15.2,15.175,15.2,2600,0
2017-04-25,16:15:00,15.175,15.175,15.1,15.1,8064,0
2017-04-25,16:20:00,15.05,15.05,14.95,14.95,5436,0
2017-04-25,16:25:00,14.95,14.983,14.85,14.9,3237,0
2017-04-25,16:30:00,14.85,14.875,14.8,14.825,2205,0
2017-04-25,16:35:00,14.8305,14.8305,14.8,14.8,1778,0
2017-04-25,16:40:00,14.8,14.9,14.8,14.85,5300,0
2017-04-25,16:45:00,14.887,14.887,14.8,14.8,7240,0
2017-04-25,16:50:00,14.8,14.8,14.8,14.8,200,0
2017-04-25,16:55:00,14.8,14.8,14.8,14.8,3286,0
2017-04-25,17:00:00,14.8,14.85,14.7,14.725,3602,0
2017-04-25,17:05:00,14.75,14.8,14.725,14.775,7522,0
2017-04-25,17:10:00,14.8,14.825,14.775,14.825,1600,0
2017-04-25,17:15:00,14.825,14.85,14.825,14.825,1100,0
2017-04-25,17:20:00,14.825,14.85,14.825,14.825,2780,0
2017-04-25,17:25:00,14.85,14.85,14.8,14.825,3200,0
2017-04-25,17:30:00,14.825,14.85,14.8,14.85,1800,0
2017-04-25,17:35:00,14.825,14.85,14.8,14.8,2385,0
2017-04-25,17:40:00,14.825,14.825,14.8,14.8,1300,0
2017-04-25,17:45:00,14.825,14.85,14.8,14.8,1800,0
2017-04-25,17:50:00,14.85,14.85,14.8,14.825,2675,0
2017-04-25,17:55:00,14.825,14.85,14.825,14.825,600,0
2017-04-25,18:00:00,14.825,14.85,14.825,14.825,1200,0
2017-04-25,18:05:00,14.825,14.825,14.8,14.825,1800,0
2017-04-25,18:10:00,14.825,14.825,14.8,14.825,2377,0
2017-04-25,18:15:00,14.825,14.85,14.75,14.75,7793,0
2017-04-25,18:20:00,14.75,14.79,14.75,14.75,700,0
2017-04-25,18:25:00,14.75,14.775,14.725,14.725,4323,0
2017-04-25,18:30:00,14.775,14.8,14.7678,14.775,1300,0
2017-04-25,18:35:00,14.7822,14.7822,14.75,14.771,3600,0
2017-04-25,18:40:00,14.775,14.8,14.725,14.725,6419,0
2017-04-25,18:45:00,14.725,14.8,14.675,14.675,10762,0
2017-04-25,18:50:00,14.65,14.7,14.6,14.625,11028,0
2017-04-25,18:55:00,14.625,14.7,14.625,14.675,8473,0
2017-04-25,19:00:00,14.65,14.7,14.65,14.7,1900,0
2017-04-25,19:05:00,14.7,14.745,14.7,14.745,1885,0
2017-04-25,19:10:00,14.7,14.75,14.7,14.7,2350,0
2017-04-25,19:15:00,14.7,14.72,14.7,14.7,870,0
2017-04-25,19:20:00,14.7,14.725,14.65,14.7,1900,0
2017-04-25,19:25:00,14.7,14.7321,14.7,14.7,850,0
2017-04-25,19:30:00,14.7,14.725,14.7,14.7,842,0
2017-04-25,19:35:00,14.7,14.7,14.65,14.65,3700,0
2017-04-25,19:40:00,14.675,14.675,14.65,14.65,800,0
2017-04-25,19:45:00,14.65,14.675,14.65,14.675,1250,0
2017-04-25,19:50:00,14.65,14.675,14.65,14.65,1200,0
2017-04-25,19:55:00,14.675,14.675,14.65,14.675,1000,0
2017-04-25,20:00:00,14.65,14.675,14.65,14.65,1700,0
2017-04-25,20:05:00,14.65,14.675,14.65,14.66,3828,0
2017-04-25,20:10:00,14.675,14.675,14.65,14.65,927,0
2017-04-25,20:15:00,14.679,14.679,14.65,14.65,3660,0
2017-04-25,20:20:00,14.65,14.7,14.625,14.65,30721,0
2017-04-25,20:25:00,14.65,14.65,14.61,14.625,14068,0
2017-04-25,20:30:00,14.65,14.6602,14.625,14.6602,3739,0
2017-04-25,20:35:00,14.675,14.675,14.65,14.65,400,0
2017-04-25,20:40:00,14.675,14.7,14.625,14.625,8080,0
2017-04-25,20:45:00,14.625,14.65,14.625,14.65,3000,0
2017-04-25,20:50:00,14.65,14.675,14.65,14.675,1400,0
2017-04-25,20:55:00,14.675,14.675,14.65,14.65,1205,0
2017-04-25,21:00:00,14.65,14.6841,14.65,14.65,900,0
2017-04-25,21:05:00,14.675,14.7,14.625,14.65,12151,0
2017-04-25,21:10:00,14.65,14.675,14.62,14.625,16229,0
2017-04-25,21:15:00,14.65,14.65,14.625,14.625,400,0
2017-04-25,21:20:00,14.65,14.65,14.6,14.6,1100,0
2017-04-25,21:25:00,14.625,14.625,14.625,14.625,384,0
2017-04-25,21:30:00,14.625,14.625,14.55,14.55,13359,0
2017-04-25,21:35:00,14.55,14.575,14.45,14.45,77189,0
2017-04-25,21:40:00,14.4683,14.5,14.45,14.475,9766,0
2017-04-25,21:45:00,14.475,14.5,14.45,14.5,4981,0
2017-04-25,21:50:00,14.475,14.475,14.425,14.45,32312,0
2017-04-25,21:55:00,14.5,14.55,14.4,14.425,43960,0
2017-04-25,22:00:00,14.425,14.45,14.4,14.45,65263,0
2017-04-26,15:35:00,14.4,14.75,14.4,14.6,4839,0
2017-04-26,15:40:00,14.6,14.6,14.4,14.55,15675,0
2017-04-26,15:45:00,14.55,14.575,14.5,14.55,2700,0
2017-04-26,15:50:00,14.5,14.5,14.45,14.45,8107,0
2017-04-26,15:55:00,14.4,14.475,14.4,14.4,8705,0
2017-04-26,16:00:00,14.4,14.425,14.4,14.425,500,0
2017-04-26,16:05:00,14.425,14.55,14.425,14.525,7200,0
2017-04-26,16:10:00,14.525,14.55,14.512,14.525,5500,0
2017-04-26,16:15:00,14.525,14.55,14.45,14.5,15013,0
2017-04-26,16:20:00,14.5,14.525,14.475,14.525,4290,0
2017-04-26,16:25:00,14.525,14.525,14.475,14.475,5200,0
2017-04-26,16:30:00,14.475,14.5,14.455,14.5,3072,0
2017-04-26,16:35:00,14.5,14.5,14.5,14.5,200,0
2017-04-26,16:40:00,14.475,14.525,14.475,14.525,1400,0
2017-04-26,16:45:00,14.5,14.5,14.425,14.475,6929,0
2017-04-26,16:50:00,14.5,14.5,14.475,14.475,3000,0
2017-04-26,16:55:00,14.475,14.525,14.475,14.5,2283,0
2017-04-26,17:00:00,14.525,14.55,14.45,14.475,6724,0
2017-04-26,17:05:00,14.475,14.475,14.45,14.475,1200,0
2017-04-26,17:10:00,14.475,14.5,14.45,14.45,4400,0
2017-04-26,17:15:00,14.45,14.5,14.45,14.475,8008,0
2017-04-26,17:20:00,14.475,14.475,14.35,14.425,13601,0
2017-04-26,17:25:00,14.425,14.45,14.425,14.425,7180,0
2017-04-26,17:30:00,14.425,14.45,14.4,14.425,4200,0
2017-04-26,17:35:00,14.425,14.475,14.4,14.475,4634,0
2017-04-26,17:40:00,14.475,14.5,14.45,14.45,2000,0
2017-04-26,17:45:00,14.45,14.45,14.4,14.4,8535,0
2017-04-26,17:50:00,14.35,14.375,14.3,14.35,5364,0
2017-04-26,17:55:00,14.35,14.35,14.35,14.35,700,0
2017-04-26,18:00:00,14.35,14.45,14.35,14.35,5200,0
2017-04-26,18:05:00,14.45,14.45,14.35,14.35,8986,0
2017-04-26,18:10:00,14.35,14.375,14.35,14.35,2465,0
2017-04-26,18:15:00,14.35,14.35,14.325,14.35,3514,0
2017-04-26,18:20:00,14.35,14.375,14.35,14.35,1500,0
2017-04-26,18:25:00,14.4,14.4,14.35,14.35,1300,0
2017-04-26,18:30:00,14.35,14.425,14.35,14.4,6986,0
2017-04-26,18:35:00,14.4,14.425,14.35,14.35,2100,0
2017-04-26,18:40:00,14.35,14.4,14.35,14.35,9068,0
2017-04-26,18:45:00,14.375,14.375,14.35,14.35,1900,0
2017-04-26,18:50:00,14.35,14.4,14.35,14.375,12478,0
2017-04-26,18:55:00,14.4,14.4,14.35,14.35,4393,0
2017-04-26,19:00:00,14.4,14.4,14.35,14.35,1015,0
2017-04-26,19:05:00,14.35,14.375,14.35,14.35,2446,0
2017-04-26,19:10:00,14.35,14.375,14.35,14.35,1500,0
2017-04-26,19:15:00,14.35,14.375,14.35,14.375,2100,0
2017-04-26,19:20:00,14.375,14.45,14.35,14.425,7874,0
2017-04-26,19:25:00,14.45,14.45,14.414,14.425,2500,0
2017-04-26,19:30:00,14.425,14.45,14.425,14.45,2400,0
2017-04-26,19:35:00,14.425,14.5,14.425,14.475,5247,0
2017-04-26,19:40:00,14.475,14.5,14.475,14.475,2000,0
2017-04-26,19:45:00,14.475,14.5,14.475,14.475,1901,0
2017-04-26,19:50:00,14.475,14.475,14.45,14.475,2300,0
2017-04-26,19:55:00,14.45,14.55,14.45,14.525,16551,0
2017-04-26,20:00:00,14.525,14.525,14.5,14.5,1200,0
2017-04-26,20:05:00,14.5,14.5,14.45,14.475,8496,0
2017-04-26,20:10:00,14.475,14.525,14.475,14.525,3400,0
2017-04-26,20:15:00,14.5,14.55,14.5,14.525,4075,0
2017-04-26,20:20:00,14.55,14.55,14.5,14.525,4000,0
2017-04-26,20:25:00,14.5,14.55,14.5,14.525,3900,0
2017-04-26,20:30:00,14.525,14.6,14.525,14.575,7500,0
2017-04-26,20:35:00,14.6,14.6,14.575,14.575,800,0
2017-04-26,20:40:00,14.575,14.575,14.55,14.55,800,0
2017-04-26,20:45:00,14.55,14.6,14.55,14.6,5239,0
2017-04-26,20:50:00,14.575,14.575,14.55,14.575,1600,0
2017-04-26,20:55:00,14.6,14.65,14.575,14.625,7530,0
2017-04-26,21:00:00,14.625,14.625,14.6,14.625,4800,0
2017-04-26,21:05:00,14.625,14.64,14.6,14.625,2800,0
2017-04-26,21:10:00,14.625,14.65,14.625,14.625,4100,0
2017-04-26,21:15:00,14.625,14.65,14.6,14.65,16467,0
2017-04-26,21:20:00,14.625,14.7,14.6,14.65,3100,0
2017-04-26,21:25:00,14.675,14.675,14.6,14.65,5574,0
2017-04-26,21:30:00,14.625,14.675,14.625,14.625,4237,0
2017-04-26,21:35:00,14.65,14.675,14.625,14.65,14346,0
2017-04-26,21:40:00,14.675,14.675,14.65,14.65,2000,0
2017-04-26,21:45:00,14.675,14.7,14.65,14.7,5659,0
2017-04-26,21:50:00,14.675,14.7,14.65,14.65,2700,0
2017-04-26,21:55:00,14.675,14.7,14.65,14.65,11194,0
2017-04-26,22:00:00,14.675,14.7,14.65,14.7,127256,0
