Date,Time,Open,High,Low,Close,Volume,OpenInt
2017-02-09,15:35:00,24.659,24.659,24.659,24.659,423,0
2017-02-09,15:45:00,24.659,24.659,24.659,24.659,149,0
2017-02-09,15:50:00,24.659,24.659,24.659,24.659,304,0
2017-02-09,16:00:00,24.679,24.679,24.659,24.659,406,0
2017-02-09,16:25:00,24.717,24.717,24.717,24.717,150,0
2017-02-09,16:30:00,24.742,24.758,24.674,24.674,12354,0
2017-02-09,16:35:00,24.674,24.706,24.674,24.706,700,0
2017-02-09,17:00:00,24.618,24.618,24.618,24.618,140,0
2017-02-09,17:20:00,24.618,24.618,24.618,24.618,1759,0
2017-02-09,17:30:00,24.59,24.59,24.56,24.56,846,0
2017-02-09,18:35:00,24.607,24.607,24.607,24.607,406,0
2017-02-09,19:15:00,24.56,24.56,24.56,24.56,811,0
2017-02-09,19:30:00,24.566,24.566,24.566,24.566,193,0
2017-02-09,19:35:00,24.601,24.601,24.601,24.601,203,0
2017-02-09,19:50:00,24.613,24.613,24.613,24.613,304,0
2017-02-09,20:20:00,24.634,24.634,24.629,24.629,203,0
2017-02-09,21:35:00,24.61,24.61,24.61,24.61,101,0
2017-02-09,21:40:00,24.649,24.649,24.649,24.649,101,0
2017-02-09,21:50:00,24.641,24.641,24.641,24.641,1014,0
2017-02-09,21:55:00,24.633,24.659,24.633,24.659,760,0
2017-02-10,15:35:00,24.669,24.669,24.669,24.669,384,0
2017-02-10,16:30:00,24.649,24.649,24.649,24.649,234,0
2017-02-10,16:40:00,24.669,24.669,24.669,24.669,304,0
2017-02-10,17:00:00,24.659,24.679,24.659,24.659,687,0
2017-02-10,17:05:00,24.659,24.659,24.659,24.659,101,0
2017-02-10,17:15:00,24.57,24.57,24.57,24.57,101,0
2017-02-10,17:20:00,24.57,24.649,24.57,24.649,203,0
2017-02-10,17:30:00,24.578,24.578,24.578,24.578,689,0
2017-02-10,18:35:00,24.649,24.649,24.649,24.649,203,0
2017-02-10,19:10:00,24.669,24.669,24.669,24.669,406,0
2017-02-10,19:15:00,24.669,24.669,24.669,24.669,256,0
2017-02-10,20:00:00,24.659,24.659,24.659,24.659,101,0
2017-02-10,20:10:00,24.654,24.669,24.654,24.669,233,0
2017-02-10,20:15:00,24.659,24.669,24.659,24.669,203,0
2017-02-10,20:20:00,24.669,24.669,24.654,24.654,507,0
2017-02-10,20:35:00,24.659,24.659,24.659,24.659,101,0
2017-02-10,21:00:00,24.654,24.654,24.654,24.654,157,0
2017-02-10,21:30:00,24.629,24.629,24.629,24.629,303,0
2017-02-10,22:00:00,24.6,24.6,24.6,24.6,101,0
2017-02-13,15:35:00,24.639,24.639,24.639,24.639,326,0
2017-02-13,15:40:00,24.56,24.56,24.56,24.56,906,0
2017-02-13,16:05:00,24.59,24.59,24.59,24.59,406,0
2017-02-13,17:25:00,24.614,24.614,24.614,24.614,114,0
2017-02-13,18:10:00,24.6,24.6,24.6,24.6,406,0
2017-02-13,18:35:00,24.623,24.623,24.623,24.623,169,0
2017-02-13,19:25:00,24.618,24.618,24.618,24.618,203,0
2017-02-13,19:50:00,24.649,24.649,24.628,24.628,1014,0
2017-02-13,20:20:00,24.645,24.645,24.645,24.645,507,0
2017-02-13,20:25:00,24.649,24.649,24.649,24.649,1419,0
2017-02-13,20:30:00,24.649,24.649,24.649,24.649,203,0
2017-02-13,21:05:00,24.639,24.639,24.639,24.639,101,0
2017-02-13,21:40:00,24.621,24.621,24.621,24.621,113,0
2017-02-13,21:50:00,24.639,24.649,24.639,24.649,226,0
2017-02-14,15:35:00,24.62,24.62,24.62,24.62,485,0
2017-02-14,15:50:00,24.652,24.652,24.652,24.652,887,0
2017-02-14,16:10:00,24.62,24.664,24.56,24.56,3708,0
2017-02-14,16:40:00,24.56,24.56,24.56,24.56,101,0
2017-02-14,16:45:00,24.56,24.6,24.56,24.6,2130,0
2017-02-14,17:15:00,24.6,24.6,24.6,24.6,101,0
2017-02-14,17:45:00,24.552,24.552,24.552,24.552,338,0
2017-02-14,18:00:00,24.58,24.59,24.58,24.59,1389,0
2017-02-14,18:15:00,24.538,24.59,24.538,24.59,1349,0
2017-02-14,18:30:00,24.454,24.454,24.454,24.454,128,0
2017-02-14,18:50:00,24.567,24.567,24.567,24.567,811,0
2017-02-14,19:20:00,24.531,24.649,24.531,24.649,1125,0
2017-02-14,20:05:00,24.6,24.6,24.6,24.6,811,0
2017-02-14,20:30:00,24.62,24.62,24.62,24.62,304,0
2017-02-14,20:40:00,24.632,24.632,24.632,24.632,181,0
2017-02-14,20:50:00,24.6,24.6,24.6,24.6,406,0
2017-02-14,21:00:00,24.595,24.649,24.595,24.649,2028,0
2017-02-14,21:05:00,24.649,24.649,24.649,24.649,406,0
2017-02-14,21:10:00,24.624,24.624,24.624,24.624,101,0
2017-02-14,21:15:00,24.6,24.6,24.6,24.6,269,0
2017-02-14,21:50:00,24.629,24.629,24.577,24.577,314,0
2017-02-14,21:55:00,24.507,24.507,24.507,24.507,111,0
2017-02-14,22:00:00,24.694,24.698,24.694,24.698,203,0
2017-02-15,15:35:00,24.738,24.738,24.738,24.738,648,0
2017-02-15,16:10:00,24.758,24.758,24.758,24.758,101,0
2017-02-15,16:45:00,24.753,24.753,24.753,24.753,203,0
2017-02-15,17:10:00,24.748,24.748,24.748,24.748,101,0
2017-02-15,17:35:00,24.748,24.748,24.748,24.748,101,0
2017-02-15,17:50:00,24.742,24.742,24.742,24.742,832,0
2017-02-15,18:05:00,24.739,24.739,24.739,24.739,284,0
2017-02-15,18:45:00,24.777,24.777,24.763,24.763,304,0
2017-02-15,19:20:00,24.748,24.748,24.748,24.748,1014,0
2017-02-15,19:45:00,24.767,24.767,24.767,24.767,811,0
2017-02-15,19:55:00,24.744,24.744,24.744,24.744,198,0
2017-02-15,20:55:00,24.758,24.758,24.758,24.758,119,0
2017-02-15,21:00:00,24.699,24.699,24.699,24.699,284,0
2017-02-15,21:50:00,24.748,24.748,24.748,24.748,101,0
2017-02-16,15:35:00,24.708,24.708,24.708,24.708,546,0
2017-02-16,15:40:00,24.694,24.694,24.694,24.694,1622,0
2017-02-16,16:10:00,24.767,24.767,24.767,24.767,101,0
2017-02-16,16:35:00,24.708,24.708,24.708,24.708,101,0
2017-02-16,17:50:00,24.689,24.689,24.689,24.689,101,0
2017-02-16,17:55:00,24.689,24.708,24.687,24.687,811,0
2017-02-16,18:00:00,24.708,24.708,24.708,24.708,101,0
2017-02-16,18:10:00,24.669,24.669,24.669,24.669,101,0
2017-02-16,18:15:00,24.708,24.708,24.708,24.708,101,0
2017-02-16,18:30:00,24.708,24.708,24.708,24.708,101,0
2017-02-16,19:10:00,24.705,24.705,24.659,24.659,470,0
2017-02-16,20:15:00,24.699,24.699,24.699,24.699,162,0
2017-02-16,20:20:00,24.676,24.696,24.659,24.696,1531,0
2017-02-16,20:40:00,24.699,24.708,24.684,24.708,1626,0
2017-02-16,20:55:00,24.712,24.712,24.712,24.712,203,0
2017-02-16,21:20:00,24.718,24.718,24.718,24.718,304,0
2017-02-16,21:40:00,24.718,24.728,24.708,24.718,1825,0
2017-02-16,21:45:00,24.708,24.718,24.708,24.708,1419,0
2017-02-16,22:00:00,24.659,24.659,24.659,24.659,101,0
2017-02-17,15:35:00,24.679,24.679,24.679,24.679,388,0
2017-02-17,16:10:00,24.679,24.679,24.679,24.679,203,0
2017-02-17,16:25:00,24.787,24.787,24.787,24.787,101,0
2017-02-17,16:35:00,24.758,24.758,24.758,24.758,136,0
2017-02-17,17:00:00,24.767,24.767,24.767,24.767,101,0
2017-02-17,17:45:00,24.703,24.703,24.703,24.703,101,0
2017-02-17,18:00:00,24.708,24.708,24.708,24.708,101,0
2017-02-17,19:10:00,24.712,24.712,24.712,24.712,251,0
2017-02-17,19:30:00,24.689,24.689,24.689,24.689,1036,0
2017-02-17,19:40:00,24.679,24.679,24.679,24.679,203,0
2017-02-17,19:55:00,24.679,24.679,24.679,24.679,507,0
2017-02-17,20:45:00,24.679,24.704,24.679,24.704,233,0
2017-02-17,21:10:00,24.674,24.674,24.674,24.674,229,0
2017-02-17,21:15:00,24.755,24.755,24.755,24.755,1162,0
2017-02-17,21:25:00,24.718,24.718,24.718,24.718,475,0
2017-02-17,21:30:00,24.689,24.689,24.689,24.689,787,0
2017-02-17,21:50:00,24.758,24.758,24.758,24.758,101,0
2017-02-21,15:35:00,24.827,24.827,24.827,24.827,1007,0
2017-02-21,17:10:00,24.664,24.664,24.664,24.664,1267,0
2017-02-21,17:25:00,24.797,24.797,24.797,24.797,1014,0
2017-02-21,18:20:00,24.718,24.718,24.718,24.718,101,0
2017-02-21,18:50:00,24.713,24.713,24.713,24.713,101,0
2017-02-21,19:25:00,24.718,24.718,24.718,24.718,101,0
2017-02-21,20:10:00,24.692,24.692,24.692,24.692,161,0
2017-02-21,21:10:00,24.685,24.685,24.685,24.685,196,0
2017-02-21,21:20:00,24.698,24.708,24.698,24.708,588,0
2017-02-21,21:25:00,24.708,24.708,24.696,24.708,1014,0
2017-02-21,21:35:00,24.693,24.708,24.693,24.708,677,0
2017-02-22,15:35:00,24.679,24.679,24.679,24.679,588,0
2017-02-22,16:30:00,24.689,24.689,24.669,24.669,811,0
2017-02-22,16:45:00,24.679,24.679,24.679,24.679,101,0
2017-02-22,17:10:00,24.718,24.718,24.718,24.718,745,0
2017-02-22,18:05:00,24.659,24.659,24.659,24.659,203,0
2017-02-22,19:35:00,24.674,24.674,24.674,24.674,122,0
2017-02-22,19:50:00,24.667,24.667,24.667,24.667,175,0
2017-02-22,20:05:00,24.689,24.689,24.689,24.689,101,0
2017-02-22,20:25:00,24.688,24.688,24.688,24.688,131,0
2017-02-22,20:30:00,24.689,24.689,24.689,24.689,101,0
2017-02-22,20:35:00,24.674,24.674,24.674,24.674,103,0
2017-02-22,20:40:00,24.686,24.686,24.674,24.674,703,0
2017-02-22,20:55:00,24.683,24.683,24.683,24.683,507,0
2017-02-22,21:00:00,24.659,24.659,24.659,24.659,278,0
2017-02-22,21:50:00,24.689,24.689,24.689,24.689,101,0
2017-02-23,15:35:00,24.61,24.61,24.61,24.61,1170,0
2017-02-23,16:05:00,24.753,24.753,24.753,24.753,284,0
2017-02-23,16:15:00,24.693,24.693,24.682,24.682,298,0
2017-02-23,17:40:00,24.647,24.698,24.647,24.698,1217,0
2017-02-23,17:55:00,24.664,24.664,24.664,24.664,304,0
2017-02-23,19:50:00,24.674,24.674,24.674,24.674,114,0
2017-02-23,20:25:00,24.679,24.679,24.679,24.679,101,0
2017-02-23,20:50:00,24.689,24.689,24.689,24.689,203,0
2017-02-23,21:05:00,24.689,24.689,24.689,24.689,101,0
2017-02-23,21:20:00,24.679,24.689,24.674,24.681,819,0
2017-02-23,21:45:00,24.669,24.669,24.669,24.669,203,0
2017-02-23,21:50:00,24.689,24.689,24.689,24.689,101,0
2017-02-23,22:00:00,24.689,24.689,24.689,24.689,236,0
2017-02-24,15:35:00,24.679,24.679,24.679,24.679,956,0
2017-02-24,16:00:00,24.679,24.679,24.679,24.679,811,0
2017-02-24,16:20:00,24.679,24.679,24.679,24.679,1926,0
2017-02-24,16:25:00,24.653,24.653,24.653,24.653,710,0
2017-02-24,16:30:00,24.679,24.694,24.679,24.694,608,0
2017-02-24,17:55:00,24.698,24.698,24.698,24.698,1217,0
2017-02-24,18:10:00,24.573,24.573,24.573,24.573,318,0
2017-02-24,18:35:00,24.59,24.59,24.59,24.59,1014,0
2017-02-24,18:55:00,24.657,24.657,24.657,24.657,227,0
2017-02-24,19:55:00,24.652,24.652,24.652,24.652,507,0
2017-02-24,20:25:00,24.644,24.644,24.644,24.644,147,0
2017-02-24,20:45:00,24.648,24.649,24.641,24.641,829,0
2017-02-27,15:35:00,24.777,24.777,24.777,24.777,473,0
2017-02-27,15:50:00,24.764,24.764,24.764,24.764,1521,0
2017-02-27,16:05:00,24.797,24.797,24.797,24.797,406,0
2017-02-27,16:15:00,24.846,24.846,24.846,24.846,406,0
2017-02-27,20:40:00,24.717,24.717,24.717,24.717,1774,0
2017-02-27,20:45:00,24.824,24.824,24.824,24.824,406,0
2017-02-27,20:50:00,24.758,24.758,24.758,24.758,101,0
2017-02-27,21:00:00,24.797,24.797,24.797,24.797,203,0
2017-02-27,21:35:00,24.768,24.768,24.768,24.768,119,0
2017-02-27,21:40:00,24.799,24.799,24.799,24.799,224,0
2017-02-27,21:45:00,24.808,24.808,24.808,24.808,406,0
2017-02-27,22:00:00,24.837,24.837,24.837,24.837,101,0
2017-02-28,15:35:00,24.807,24.807,24.807,24.807,571,0
2017-02-28,16:40:00,24.807,24.807,24.807,24.807,101,0
2017-02-28,16:50:00,24.758,24.758,24.758,24.758,1014,0
2017-02-28,17:45:00,24.629,24.629,24.629,24.629,101,0
2017-02-28,17:50:00,24.629,24.629,24.629,24.629,101,0
2017-02-28,19:30:00,24.721,24.721,24.721,24.721,203,0
2017-02-28,20:40:00,24.725,24.725,24.725,24.725,456,0
2017-02-28,20:45:00,24.728,24.728,24.728,24.728,101,0
2017-02-28,20:50:00,24.721,24.721,24.718,24.718,346,0
2017-02-28,21:50:00,24.708,24.708,24.708,24.708,152,0
2017-03-01,15:35:00,24.718,24.718,24.718,24.718,468,0
2017-03-01,15:45:00,24.639,24.639,24.639,24.639,1629,0
2017-03-01,16:10:00,24.679,24.679,24.679,24.679,101,0
2017-03-01,16:45:00,24.656,24.656,24.656,24.656,152,0
2017-03-01,17:40:00,24.654,24.654,24.654,24.654,355,0
2017-03-01,18:20:00,24.659,24.659,24.659,24.659,101,0
2017-03-01,18:35:00,24.659,24.659,24.659,24.659,1014,0
2017-03-01,18:40:00,24.659,24.659,24.659,24.659,912,0
2017-03-01,19:10:00,24.649,24.649,24.649,24.649,1014,0
2017-03-01,19:20:00,24.639,24.639,24.639,24.639,390,0
2017-03-01,20:00:00,24.639,24.639,24.639,24.639,689,0
2017-03-01,20:15:00,24.499,24.499,24.499,24.499,119,0
2017-03-01,20:50:00,24.521,24.521,24.521,24.521,811,0
2017-03-01,20:55:00,24.611,24.611,24.611,24.611,167,0
2017-03-01,21:10:00,24.617,24.617,24.617,24.617,269,0
2017-03-01,21:20:00,24.596,24.596,24.569,24.569,655,0
2017-03-01,21:45:00,24.573,24.573,24.573,24.573,264,0
2017-03-02,15:35:00,24.531,24.531,24.531,24.531,940,0
2017-03-02,15:50:00,24.626,24.626,24.626,24.626,127,0
2017-03-02,16:15:00,24.531,24.531,24.531,24.531,211,0
2017-03-02,16:25:00,24.609,24.609,24.609,24.609,1014,0
2017-03-02,16:30:00,24.543,24.543,24.543,24.543,203,0
2017-03-02,16:35:00,24.531,24.531,24.531,24.531,101,0
2017-03-02,16:45:00,24.58,24.58,24.58,24.58,203,0
2017-03-02,17:50:00,24.556,24.556,24.556,24.556,101,0
2017-03-02,18:25:00,24.58,24.728,24.58,24.71,948,0
2017-03-02,19:40:00,24.636,24.636,24.636,24.636,109,0
2017-03-02,19:55:00,24.634,24.634,24.634,24.634,406,0
2017-03-02,21:55:00,24.67,24.67,24.67,24.67,203,0
2017-03-03,15:35:00,24.698,24.698,24.698,24.698,320,0
2017-03-03,16:10:00,24.511,24.511,24.511,24.511,101,0
2017-03-03,16:50:00,24.511,24.511,24.511,24.511,101,0
2017-03-03,17:30:00,24.511,24.511,24.511,24.511,101,0
2017-03-03,17:50:00,24.511,24.511,24.511,24.511,135,0
2017-03-03,18:00:00,24.56,24.56,24.56,24.56,155,0
2017-03-03,18:40:00,24.593,24.593,24.593,24.593,117,0
2017-03-03,19:45:00,24.606,24.606,24.606,24.606,336,0
2017-03-03,19:50:00,24.62,24.649,24.62,24.649,1115,0
2017-03-03,20:05:00,24.639,24.639,24.639,24.639,304,0
2017-03-03,20:20:00,24.639,24.649,24.635,24.635,853,0
2017-03-03,20:35:00,24.649,24.649,24.649,24.649,101,0
2017-03-03,20:45:00,24.542,24.542,24.542,24.542,132,0
2017-03-03,21:25:00,24.659,24.659,24.622,24.622,677,0
2017-03-03,21:55:00,24.57,24.57,24.56,24.56,1950,0
2017-03-03,22:00:00,24.61,24.61,24.61,24.61,101,0
2017-03-06,15:35:00,24.62,24.629,24.62,24.629,1492,0
2017-03-06,17:00:00,24.62,24.62,24.62,24.62,1014,0
2017-03-06,17:40:00,24.747,24.747,24.747,24.747,135,0
2017-03-06,18:15:00,24.648,24.648,24.648,24.648,2028,0
2017-03-06,20:10:00,24.691,24.691,24.691,24.691,113,0
2017-03-06,20:15:00,24.674,24.674,24.655,24.674,1014,0
2017-03-06,21:50:00,24.649,24.669,24.649,24.669,203,0
2017-03-06,21:55:00,24.649,24.649,24.649,24.649,203,0
2017-03-06,22:00:00,24.649,24.649,24.62,24.62,637,0
2017-03-07,15:35:00,24.511,24.511,24.511,24.511,174,0
2017-03-07,16:15:00,24.57,24.57,24.57,24.57,101,0
2017-03-07,16:55:00,24.619,24.619,24.619,24.619,406,0
2017-03-07,17:15:00,24.57,24.57,24.57,24.57,238,0
2017-03-07,17:40:00,24.571,24.571,24.571,24.571,862,0
2017-03-07,19:35:00,24.649,24.659,24.63,24.659,1622,0
2017-03-07,19:45:00,24.648,24.648,24.648,24.648,108,0
2017-03-07,20:00:00,24.624,24.624,24.624,24.624,445,0
2017-03-07,21:20:00,24.58,24.58,24.58,24.58,101,0
2017-03-07,21:25:00,24.623,24.623,24.623,24.623,264,0
2017-03-07,21:30:00,24.649,24.649,24.635,24.635,710,0
2017-03-07,21:35:00,24.584,24.584,24.584,24.584,608,0
2017-03-07,21:40:00,24.648,24.659,24.597,24.659,1586,0
2017-03-07,21:45:00,24.58,24.58,24.58,24.58,101,0
2017-03-07,21:50:00,24.61,24.61,24.61,24.61,101,0
2017-03-07,21:55:00,24.61,24.61,24.61,24.61,203,0
2017-03-07,22:00:00,24.57,24.57,24.57,24.57,101,0
2017-03-08,15:35:00,24.511,24.511,24.511,24.511,1622,0
2017-03-08,16:00:00,24.614,24.614,24.614,24.614,192,0
2017-03-08,16:55:00,24.566,24.566,24.566,24.566,101,0
2017-03-08,17:00:00,24.538,24.538,24.538,24.538,101,0
2017-03-08,17:05:00,24.521,24.531,24.462,24.508,2789,0
2017-03-08,17:10:00,24.698,24.698,24.698,24.698,608,0
2017-03-08,17:35:00,24.511,24.659,24.511,24.659,1612,0
2017-03-08,18:00:00,24.521,24.521,24.521,24.521,101,0
2017-03-08,18:35:00,24.649,24.649,24.649,24.649,101,0
2017-03-08,18:40:00,24.521,24.627,24.521,24.627,245,0
2017-03-08,18:45:00,24.511,24.511,24.511,24.511,101,0
2017-03-08,19:20:00,24.612,24.612,24.612,24.612,114,0
2017-03-08,19:40:00,24.511,24.511,24.511,24.511,101,0
2017-03-08,19:45:00,24.601,24.601,24.462,24.462,1633,0
2017-03-08,19:50:00,24.462,24.462,24.314,24.314,1217,0
2017-03-08,19:55:00,24.343,24.343,24.215,24.225,912,0
2017-03-08,20:00:00,24.245,24.245,24.215,24.215,895,0
2017-03-08,20:05:00,24.14,24.14,24.14,24.14,1014,0
2017-03-08,20:10:00,24.463,24.463,24.463,24.463,134,0
2017-03-08,20:30:00,24.146,24.146,24.146,24.146,101,0
2017-03-08,21:05:00,24.215,24.215,24.215,24.215,203,0
2017-03-08,21:10:00,24.502,24.56,24.502,24.56,227,0
2017-03-08,21:15:00,24.235,24.235,24.235,24.235,101,0
2017-03-08,21:35:00,24.55,24.55,24.55,24.55,558,0
2017-03-08,21:50:00,24.245,24.245,24.245,24.245,101,0
2017-03-08,22:00:00,24.235,24.235,24.235,24.235,101,0
2017-03-09,15:35:00,24.472,24.472,24.472,24.472,1205,0
2017-03-09,17:15:00,24.324,24.324,24.314,24.314,1187,0
2017-03-09,17:55:00,24.282,24.343,24.282,24.343,1115,0
2017-03-09,18:35:00,24.213,24.274,24.213,24.274,253,0
2017-03-09,18:55:00,24.176,24.176,24.166,24.166,547,0
2017-03-09,19:00:00,24.176,24.176,24.176,24.176,101,0
2017-03-09,19:35:00,24.213,24.213,24.213,24.213,111,0
2017-03-09,20:00:00,24.166,24.204,24.166,24.204,1977,0
2017-03-09,20:05:00,24.077,24.166,24.077,24.166,426,0
2017-03-09,20:20:00,24.177,24.177,24.115,24.115,400,0
2017-03-09,20:55:00,24.078,24.078,24.067,24.067,334,0
2017-03-09,21:00:00,24.067,24.067,24.067,24.067,456,0
2017-03-09,21:30:00,24.043,24.043,23.989,23.989,1018,0
2017-03-10,15:35:00,23.978,23.978,23.978,23.978,316,0
2017-03-10,15:45:00,24.166,24.166,24.166,24.166,113,0
2017-03-10,15:50:00,24.166,24.166,24.166,24.166,304,0
2017-03-10,16:25:00,24.2,24.2,24.2,24.2,606,0
2017-03-10,16:35:00,24.166,24.166,24.166,24.166,608,0
2017-03-10,16:55:00,24.1,24.107,24.097,24.107,1622,0
2017-03-10,17:25:00,24.146,24.146,24.028,24.028,2028,0
2017-03-10,19:35:00,24.114,24.114,24.114,24.114,1014,0
2017-03-10,20:35:00,24.116,24.126,24.116,24.126,811,0
2017-03-10,20:45:00,24.126,24.126,24.126,24.126,811,0
2017-03-10,21:05:00,24.126,24.215,24.126,24.215,608,0
2017-03-10,21:25:00,24.204,24.204,24.204,24.204,199,0
2017-03-10,21:30:00,24.188,24.188,24.188,24.188,287,0
2017-03-10,21:40:00,24.215,24.215,24.215,24.215,1014,0
2017-03-10,21:50:00,24.215,24.215,24.215,24.215,116,0
2017-03-10,22:00:00,24.292,24.292,24.292,24.292,101,0
2017-03-13,14:35:00,24.245,24.245,24.245,24.245,428,0
2017-03-13,15:20:00,24.294,24.294,24.255,24.255,406,0
2017-03-13,15:50:00,24.264,24.264,24.264,24.264,304,0
2017-03-13,16:30:00,24.412,24.412,24.412,24.412,811,0
2017-03-13,17:15:00,24.368,24.368,24.368,24.368,101,0
2017-03-13,18:55:00,24.44,24.44,24.44,24.44,137,0
2017-03-13,19:10:00,24.295,24.295,24.295,24.295,101,0
2017-03-13,19:50:00,24.273,24.351,24.273,24.351,681,0
2017-03-13,20:25:00,24.314,24.314,24.314,24.314,462,0
2017-03-13,20:50:00,24.341,24.341,24.264,24.264,608,0
2017-03-13,20:55:00,24.255,24.255,24.235,24.235,304,0
2017-03-13,21:00:00,24.235,24.235,24.235,24.235,203,0
2017-03-14,14:35:00,24.047,24.047,24.047,24.047,160,0
2017-03-14,16:25:00,24.103,24.103,24.103,24.103,113,0
2017-03-14,16:45:00,24.176,24.176,24.176,24.176,1318,0
2017-03-14,17:15:00,24.238,24.238,24.238,24.238,1014,0
2017-03-14,17:40:00,24.242,24.242,24.242,24.242,173,0
2017-03-14,18:45:00,24.181,24.181,24.181,24.181,282,0
2017-03-14,19:10:00,24.187,24.187,24.187,24.187,138,0
2017-03-15,14:35:00,24.087,24.087,24.087,24.087,500,0
2017-03-15,14:50:00,24.087,24.087,24.087,24.087,101,0
2017-03-15,15:05:00,24.097,24.097,24.097,24.097,101,0
2017-03-15,15:20:00,24.097,24.097,24.097,24.097,135,0
2017-03-15,15:25:00,24.097,24.097,24.087,24.087,249,0
2017-03-15,15:35:00,24.087,24.166,24.087,24.166,406,0
2017-03-15,15:55:00,24.097,24.097,24.097,24.097,203,0
2017-03-15,16:10:00,24.156,24.166,24.156,24.166,562,0
2017-03-15,16:20:00,24.166,24.166,24.166,24.166,203,0
2017-03-15,16:25:00,24.166,24.176,24.166,24.166,811,0
2017-03-15,16:40:00,24.25,24.25,24.242,24.25,2433,0
2017-03-15,16:55:00,24.156,24.156,24.156,24.156,203,0
2017-03-15,17:00:00,24.264,24.333,24.264,24.33,17499,0
2017-03-15,17:20:00,24.284,24.284,24.284,24.284,203,0
2017-03-15,17:45:00,24.284,24.284,24.284,24.284,182,0
2017-03-15,17:55:00,24.274,24.274,24.264,24.264,3244,0
2017-03-15,18:00:00,24.156,24.333,24.156,24.333,264,0
2017-03-15,18:10:00,24.156,24.156,24.156,24.156,101,0
2017-03-15,18:20:00,24.304,24.304,24.304,24.304,19972,0
2017-03-15,18:25:00,24.156,24.156,24.156,24.156,101,0
2017-03-15,18:30:00,24.209,24.209,24.209,24.209,174,0
2017-03-15,18:40:00,24.215,24.215,24.215,24.215,101,0
2017-03-15,18:50:00,24.245,24.245,24.245,24.245,101,0
2017-03-15,18:55:00,24.245,24.264,24.215,24.264,1627,0
2017-03-15,19:00:00,24.255,24.264,24.255,24.264,2028,0
2017-03-15,19:05:00,24.215,24.215,24.215,24.215,101,0
2017-03-15,19:20:00,24.255,24.255,24.255,24.255,101,0
2017-03-15,19:30:00,24.215,24.24,24.215,24.24,203,0
2017-03-15,19:40:00,24.263,24.263,24.24,24.24,304,0
2017-03-15,19:50:00,24.264,24.264,24.245,24.245,608,0
2017-03-15,19:55:00,24.255,24.264,24.254,24.264,612,0
2017-03-15,20:00:00,24.26,24.289,24.26,24.289,1014,0
2017-03-15,20:05:00,24.289,24.289,24.215,24.215,392,0
2017-03-15,20:15:00,24.215,24.215,24.166,24.166,203,0
2017-03-15,20:25:00,24.186,24.186,24.186,24.186,101,0
2017-03-15,20:30:00,24.195,24.195,24.195,24.195,101,0
2017-03-15,20:35:00,24.186,24.361,24.186,24.361,458,0
2017-03-15,20:40:00,24.205,24.205,24.205,24.205,101,0
2017-03-15,20:45:00,24.205,24.205,24.205,24.205,101,0
2017-03-15,20:50:00,24.195,24.195,24.195,24.195,203,0
2017-03-15,20:55:00,24.195,24.205,24.195,24.195,304,0
2017-03-15,21:00:00,24.205,24.264,24.205,24.205,919,0
2017-03-16,14:35:00,24.255,24.255,24.255,24.255,190,0
2017-03-16,15:30:00,24.294,24.294,24.264,24.264,1622,0
2017-03-16,17:35:00,24.264,24.264,24.264,24.264,1389,0
2017-03-16,18:10:00,24.264,24.264,24.264,24.264,335,0
2017-03-16,18:30:00,24.353,24.353,24.353,24.353,406,0
2017-03-16,19:10:00,24.261,24.261,24.261,24.261,186,0
2017-03-16,19:30:00,24.313,24.313,24.313,24.313,362,0
2017-03-16,20:05:00,24.329,24.329,24.329,24.329,406,0
2017-03-16,20:20:00,24.245,24.314,24.215,24.314,941,0
2017-03-16,20:25:00,24.293,24.293,24.255,24.255,3742,0
2017-03-16,20:35:00,24.284,24.284,24.284,24.284,203,0
2017-03-16,20:45:00,24.294,24.294,24.294,24.294,618,0
2017-03-16,21:00:00,24.264,24.264,24.264,24.264,203,0
2017-03-17,14:35:00,24.383,24.452,24.378,24.452,1705,0
2017-03-17,16:45:00,24.403,24.403,24.394,24.394,608,0
2017-03-17,16:50:00,24.403,24.403,24.403,24.403,811,0
2017-03-17,16:55:00,24.422,24.422,24.422,24.422,203,0
2017-03-17,18:45:00,24.376,24.376,24.376,24.376,384,0
2017-03-17,18:50:00,24.324,24.324,24.314,24.314,1812,0
2017-03-17,19:30:00,24.363,24.363,24.363,24.363,203,0
2017-03-17,19:40:00,24.363,24.363,24.363,24.363,304,0
2017-03-17,19:45:00,24.372,24.372,24.372,24.372,617,0
2017-03-17,20:25:00,24.363,24.363,24.362,24.362,1058,0
2017-03-17,20:50:00,24.363,24.363,24.363,24.363,203,0
2017-03-20,14:35:00,24.541,24.541,24.541,24.541,597,0
2017-03-20,15:15:00,24.274,24.412,24.274,24.412,1115,0
2017-03-20,15:50:00,24.347,24.392,24.347,24.392,322,0
2017-03-20,16:00:00,24.428,24.428,24.403,24.403,1014,0
2017-03-20,16:05:00,24.412,24.412,24.364,24.364,811,0
2017-03-20,16:45:00,24.412,24.412,24.383,24.412,406,0
2017-03-20,17:25:00,24.394,24.394,24.394,24.394,166,0
2017-03-20,17:40:00,24.394,24.394,24.394,24.394,145,0
2017-03-20,18:00:00,24.412,24.412,24.412,24.412,101,0
2017-03-20,19:45:00,24.406,24.406,24.406,24.406,101,0
2017-03-20,20:35:00,24.412,24.412,24.412,24.412,406,0
2017-03-20,21:00:00,24.412,24.412,24.412,24.412,1622,0
2017-03-21,14:35:00,24.412,24.412,24.412,24.412,133,0
2017-03-21,14:50:00,24.42,24.42,24.42,24.42,304,0
2017-03-21,15:00:00,24.442,24.442,24.422,24.442,406,0
2017-03-21,15:50:00,24.333,24.333,24.314,24.314,912,0
2017-03-21,15:55:00,24.333,24.333,24.333,24.333,406,0
2017-03-21,16:25:00,24.324,24.324,24.324,24.324,203,0
2017-03-21,17:10:00,24.314,24.314,24.245,24.245,1794,0
2017-03-21,17:20:00,24.235,24.276,24.235,24.276,304,0
2017-03-21,17:25:00,24.235,24.303,24.235,24.303,406,0
2017-03-21,17:30:00,24.264,24.264,24.264,24.264,203,0
2017-03-21,17:35:00,24.28,24.28,24.265,24.265,507,0
2017-03-21,17:45:00,24.304,24.314,24.304,24.314,514,0
2017-03-21,17:50:00,24.304,24.304,24.304,24.304,203,0
2017-03-21,17:55:00,24.304,24.304,24.304,24.304,203,0
2017-03-21,18:00:00,24.314,24.335,24.304,24.304,879,0
2017-03-21,18:05:00,24.314,24.314,24.304,24.304,2230,0
2017-03-21,18:10:00,24.324,24.324,24.324,24.324,398,0
2017-03-21,18:15:00,24.235,24.332,24.235,24.332,608,0
2017-03-21,18:20:00,24.235,24.235,24.235,24.235,203,0
2017-03-21,18:25:00,24.235,24.235,24.235,24.235,304,0
2017-03-21,18:35:00,24.235,24.235,24.235,24.235,203,0
2017-03-21,18:40:00,24.235,24.285,24.235,24.285,379,0
2017-03-21,18:45:00,24.235,24.235,24.235,24.235,203,0
2017-03-21,18:55:00,24.235,24.235,24.235,24.235,203,0
2017-03-21,19:00:00,24.107,24.107,24.107,24.107,203,0
2017-03-21,19:05:00,24.107,24.107,24.107,24.107,203,0
2017-03-21,19:10:00,24.107,24.107,24.107,24.107,203,0
2017-03-21,19:15:00,24.107,24.107,24.107,24.107,203,0
2017-03-21,19:20:00,24.284,24.312,24.283,24.312,3224,0
2017-03-21,19:25:00,24.107,24.107,24.107,24.107,203,0
2017-03-21,19:30:00,24.126,24.126,24.126,24.126,203,0
2017-03-21,19:35:00,24.304,24.313,24.126,24.126,612,0
2017-03-21,19:40:00,24.136,24.136,24.136,24.136,203,0
2017-03-21,19:45:00,24.249,24.249,24.136,24.136,406,0
2017-03-21,19:50:00,24.136,24.136,24.136,24.136,203,0
2017-03-21,19:55:00,24.136,24.136,24.136,24.136,203,0
2017-03-21,20:00:00,24.136,24.136,24.136,24.136,203,0
2017-03-21,20:05:00,24.313,24.313,24.136,24.136,406,0
2017-03-21,20:10:00,24.136,24.136,24.136,24.136,203,0
2017-03-21,20:15:00,24.136,24.136,24.136,24.136,203,0
2017-03-21,20:20:00,24.136,24.136,24.136,24.136,203,0
2017-03-21,20:25:00,24.136,24.141,24.136,24.141,203,0
2017-03-21,20:30:00,24.156,24.156,24.146,24.156,406,0
2017-03-21,20:35:00,24.161,24.161,24.161,24.161,203,0
2017-03-21,20:40:00,24.156,24.161,24.156,24.156,406,0
2017-03-21,20:45:00,24.166,24.186,24.166,24.186,304,0
2017-03-21,20:50:00,24.176,24.176,24.166,24.166,304,0
2017-03-21,20:55:00,24.166,24.264,24.166,24.234,1014,0
2017-03-21,21:00:00,24.186,24.255,24.166,24.255,1419,0
2017-03-22,14:35:00,24.353,24.353,24.353,24.353,1248,0
2017-03-22,15:25:00,24.401,24.401,24.401,24.401,250,0
2017-03-22,15:40:00,24.363,24.363,24.363,24.363,406,0
2017-03-22,16:10:00,24.375,24.375,24.375,24.375,811,0
2017-03-22,16:15:00,24.379,24.379,24.379,24.379,406,0
2017-03-22,18:20:00,24.361,24.373,24.361,24.373,304,0
2017-03-22,18:50:00,24.327,24.327,24.327,24.327,1014,0
2017-03-22,19:00:00,24.365,24.365,24.34,24.34,336,0
2017-03-22,19:05:00,24.324,24.324,24.324,24.324,697,0
2017-03-22,19:10:00,24.373,24.392,24.363,24.392,811,0
2017-03-22,19:15:00,24.321,24.321,24.321,24.321,137,0
2017-03-22,19:40:00,24.362,24.363,24.362,24.363,507,0
2017-03-22,19:55:00,24.363,24.363,24.354,24.354,651,0
2017-03-22,20:55:00,24.343,24.343,24.343,24.343,304,0
2017-03-23,14:35:00,24.422,24.422,24.422,24.422,336,0
2017-03-23,14:50:00,24.407,24.407,24.407,24.407,101,0
2017-03-23,16:00:00,24.422,24.422,24.422,24.422,939,0
2017-03-23,16:15:00,24.462,24.462,24.462,24.462,507,0
2017-03-23,16:25:00,24.462,24.462,24.462,24.462,507,0
2017-03-23,16:40:00,24.432,24.432,24.432,24.432,101,0
2017-03-23,18:10:00,24.511,24.511,24.511,24.511,300,0
2017-03-23,18:30:00,24.549,24.613,24.549,24.613,901,0
2017-03-23,18:50:00,24.511,24.511,24.511,24.511,1419,0
2017-03-23,19:10:00,24.642,24.642,24.555,24.555,545,0
2017-03-23,19:35:00,24.669,24.669,24.669,24.669,253,0
2017-03-23,20:05:00,24.594,24.594,24.594,24.594,406,0
2017-03-23,20:10:00,24.629,24.659,24.629,24.659,811,0
2017-03-23,20:15:00,24.573,24.689,24.573,24.689,1217,0
2017-03-23,20:30:00,24.718,24.718,24.718,24.718,406,0
2017-03-23,20:35:00,24.698,24.698,24.698,24.698,135,0
2017-03-23,20:50:00,24.728,24.728,24.728,24.728,135,0
2017-03-24,14:35:00,24.57,24.57,24.57,24.57,1074,0
2017-03-24,14:45:00,24.531,24.531,24.531,24.531,109,0
2017-03-24,15:05:00,24.689,24.689,24.689,24.689,203,0
2017-03-24,15:10:00,24.718,24.718,24.689,24.689,203,0
2017-03-24,15:40:00,24.728,24.728,24.728,24.728,417,0
2017-03-24,15:55:00,24.659,24.659,24.659,24.659,406,0
2017-03-24,16:05:00,24.623,24.623,24.623,24.623,406,0
2017-03-24,16:10:00,24.678,24.678,24.678,24.678,406,0
2017-03-24,16:15:00,24.718,24.728,24.718,24.728,507,0
2017-03-24,16:25:00,24.827,24.827,24.827,24.827,299,0
2017-03-24,16:30:00,24.846,24.846,24.837,24.837,732,0
2017-03-24,16:40:00,24.835,24.835,24.835,24.835,122,0
2017-03-24,17:05:00,24.837,24.837,24.837,24.837,101,0
2017-03-24,17:25:00,24.827,24.827,24.827,24.827,202,0
2017-03-24,17:45:00,24.827,24.835,24.827,24.835,1014,0
2017-03-24,17:55:00,24.841,24.841,24.841,24.841,203,0
2017-03-24,18:20:00,24.838,24.838,24.838,24.838,270,0
2017-03-24,18:25:00,24.839,24.839,24.839,24.839,234,0
2017-03-24,18:50:00,24.841,24.841,24.841,24.841,114,0
2017-03-24,19:10:00,24.845,24.846,24.845,24.846,363,0
2017-03-24,19:55:00,24.635,24.635,24.635,24.635,507,0
2017-03-24,20:00:00,24.649,24.659,24.643,24.659,992,0
2017-03-24,20:10:00,24.64,24.647,24.64,24.647,447,0
2017-03-24,20:20:00,24.629,24.629,24.629,24.629,101,0
2017-03-24,20:45:00,24.689,24.689,24.669,24.669,1926,0
2017-03-27,15:35:00,24.837,24.837,24.837,24.837,665,0
2017-03-27,15:55:00,24.67,24.67,24.67,24.67,756,0
2017-03-27,16:05:00,24.809,24.809,24.809,24.809,406,0
2017-03-27,16:10:00,24.837,24.837,24.837,24.837,304,0
2017-03-27,17:25:00,24.826,24.826,24.826,24.826,406,0
2017-03-27,17:35:00,24.758,24.763,24.758,24.763,406,0
2017-03-27,17:45:00,24.698,24.698,24.698,24.698,203,0
2017-03-27,18:05:00,24.797,24.797,24.738,24.792,1870,0
2017-03-27,18:10:00,24.758,24.758,24.758,24.758,304,0
2017-03-27,19:50:00,24.758,24.758,24.758,24.758,811,0
2017-03-27,20:50:00,24.758,24.758,24.726,24.758,1298,0
2017-03-27,21:05:00,24.719,24.719,24.719,24.719,161,0
2017-03-27,21:20:00,24.744,24.744,24.744,24.744,608,0
2017-03-27,21:40:00,24.738,24.738,24.738,24.738,101,0
2017-03-27,21:45:00,24.758,24.758,24.719,24.719,2970,0
2017-03-28,15:35:00,24.846,24.846,24.846,24.846,854,0
2017-03-28,16:05:00,24.856,24.906,24.851,24.906,1245,0
2017-03-28,16:40:00,24.943,24.943,24.943,24.943,190,0
2017-03-28,17:45:00,24.876,24.888,24.876,24.876,437,0
2017-03-28,17:50:00,24.856,24.856,24.856,24.856,203,0
2017-03-28,18:40:00,24.858,24.858,24.858,24.858,766,0
2017-03-28,19:45:00,24.876,24.876,24.858,24.858,811,0
2017-03-28,20:05:00,24.839,24.839,24.808,24.808,1174,0
2017-03-28,20:15:00,24.856,24.856,24.856,24.856,146,0
2017-03-28,21:10:00,24.856,24.856,24.856,24.856,608,0
2017-03-28,21:15:00,24.856,24.856,24.856,24.856,380,0
2017-03-28,21:25:00,24.856,24.856,24.846,24.856,1419,0
2017-03-28,21:50:00,24.856,24.856,24.856,24.856,113,0
2017-03-29,15:35:00,25.01,25.01,25.01,25.01,339,0
2017-03-29,15:45:00,25.05,25.05,25.05,25.05,200,0
2017-03-29,16:35:00,24.9,24.9,24.9,24.9,1965,0
2017-03-29,17:00:00,24.91,24.91,24.9,24.9,637,0
2017-03-29,17:35:00,25.0199,25.0199,24.9786,24.9786,1234,0
2017-03-29,17:55:00,24.8785,24.8785,24.8785,24.8785,182,0
2017-03-29,18:10:00,24.8776,24.8776,24.8776,24.8776,420,0
2017-03-29,18:40:00,24.9,24.9,24.9,24.9,600,0
2017-03-29,18:45:00,25.0299,25.0299,25.0299,25.0299,234,0
2017-03-29,20:00:00,24.9848,24.9848,24.9848,24.9848,799,0
2017-03-29,20:05:00,24.9,24.99,24.8991,24.972,1600,0
2017-03-29,20:10:00,24.798,24.798,24.798,24.798,106,0
2017-03-29,20:15:00,24.9064,24.9064,24.9064,24.9064,261,0
2017-03-29,21:10:00,24.888,24.888,24.888,24.888,100,0
2017-03-29,22:00:00,24.9,24.9,24.9,24.9,263,0
2017-03-30,15:35:00,24.75,24.75,24.75,24.75,1097,0
2017-03-30,17:00:00,24.79,24.79,24.77,24.77,694,0
2017-03-30,18:20:00,24.8832,24.8832,24.8832,24.8832,200,0
2017-03-30,18:55:00,24.835,24.88,24.835,24.86,1700,0
2017-03-30,19:00:00,24.8,24.8,24.8,24.8,2000,0
2017-03-30,20:25:00,24.77,24.77,24.77,24.77,100,0
2017-03-30,20:30:00,24.8,24.8,24.8,24.8,1075,0
2017-03-30,20:35:00,24.8,24.86,24.8,24.86,251,0
2017-03-30,21:10:00,24.77,24.77,24.77,24.77,100,0
2017-03-30,21:55:00,24.72,24.72,24.72,24.72,240,0
2017-03-31,15:35:00,24.72,24.72,24.72,24.72,452,0
2017-03-31,16:10:00,24.864,24.864,24.864,24.864,100,0
2017-03-31,16:25:00,24.8314,24.8314,24.8314,24.8314,400,0
2017-03-31,16:50:00,24.7554,24.7554,24.7554,24.7554,700,0
2017-03-31,17:05:00,24.8602,24.8602,24.8602,24.8602,100,0
2017-03-31,18:55:00,24.7635,24.7635,24.7635,24.7635,190,0
2017-03-31,19:00:00,24.75,24.75,24.73,24.73,238,0
2017-03-31,20:55:00,24.7588,24.7588,24.7588,24.7588,120,0
2017-03-31,21:35:00,24.75,24.758,24.75,24.758,1400,0
2017-03-31,21:50:00,24.75,24.75,24.7,24.7,600,0
2017-03-31,22:00:00,24.74,24.74,24.74,24.74,126,0
2017-04-03,15:35:00,25.05,25.06,24.9,25.05,2798,0
2017-04-03,16:00:00,24.84,24.84,24.82,24.82,2250,0
2017-04-03,16:10:00,24.9313,24.9313,24.9313,24.9313,125,0
2017-04-03,16:55:00,24.8689,24.8689,24.8689,24.8689,126,0
2017-04-03,17:00:00,24.9074,24.9074,24.9074,24.9074,1000,0
2017-04-03,17:10:00,24.898,24.898,24.898,24.898,300,0
2017-04-03,17:30:00,24.91,24.91,24.91,24.91,200,0
2017-04-03,18:25:00,24.93,24.93,24.93,24.93,113,0
2017-04-03,18:30:00,24.93,24.93,24.93,24.93,187,0
2017-04-03,18:35:00,24.9384,24.95,24.93,24.93,493,0
2017-04-03,18:50:00,24.9397,24.9397,24.9397,24.9397,114,0
2017-04-03,19:00:00,24.91,24.91,24.91,24.91,200,0
2017-04-03,19:10:00,24.9364,24.9364,24.9364,24.9364,136,0
2017-04-03,19:15:00,24.92,24.92,24.92,24.92,175,0
2017-04-03,19:20:00,24.94,24.95,24.94,24.95,250,0
2017-04-03,19:30:00,24.94,24.98,24.94,24.98,332,0
2017-04-03,19:35:00,24.9314,24.9314,24.9314,24.9314,100,0
2017-04-03,19:40:00,24.95,24.95,24.9314,24.95,1400,0
2017-04-03,19:45:00,24.95,24.95,24.95,24.95,1110,0
2017-04-03,19:50:00,24.9842,24.9842,24.96,24.97,1184,0
2017-04-03,20:00:00,24.9628,24.9628,24.9628,24.9628,123,0
2017-04-03,20:15:00,24.958,24.958,24.958,24.958,135,0
2017-04-03,20:30:00,24.9427,24.9427,24.9427,24.9427,133,0
2017-04-03,20:45:00,24.955,24.955,24.955,24.955,200,0
2017-04-03,20:50:00,24.96,24.96,24.96,24.96,252,0
2017-04-03,21:00:00,24.96,24.97,24.95,24.95,1024,0
2017-04-03,21:05:00,24.955,24.972,24.95,24.965,1156,0
2017-04-03,21:10:00,24.9552,24.9552,24.95,24.95,302,0
2017-04-03,21:20:00,24.95,24.95,24.95,24.95,200,0
2017-04-03,21:45:00,24.9308,24.9308,24.9308,24.9308,155,0
2017-04-03,21:50:00,24.9424,24.9424,24.9424,24.9424,128,0
2017-04-03,21:55:00,24.95,24.95,24.9283,24.95,3920,0
2017-04-03,22:00:00,24.9263,24.9325,24.9263,24.9325,400,0
2017-04-04,15:35:00,24.95,24.95,24.95,24.95,209,0
2017-04-04,15:45:00,24.9049,24.9049,24.9049,24.9049,200,0
2017-04-04,15:55:00,24.95,24.95,24.9204,24.9204,255,0
2017-04-04,16:00:00,24.9057,24.9057,24.9057,24.9057,1000,0
2017-04-04,17:00:00,24.9071,24.9071,24.9071,24.9071,200,0
2017-04-04,17:40:00,24.8794,24.8794,24.8794,24.8794,113,0
2017-04-04,18:15:00,24.8818,24.8818,24.87,24.87,244,0
2017-04-04,18:35:00,24.88,24.88,24.88,24.88,124,0
2017-04-04,18:40:00,24.88,24.88,24.88,24.88,400,0
2017-04-04,19:20:00,24.9,24.92,24.9,24.9,1000,0
2017-04-04,19:35:00,24.9632,24.9632,24.9632,24.9632,229,0
2017-04-04,19:45:00,24.91,24.91,24.89,24.89,627,0
2017-04-04,19:55:00,24.96,24.9766,24.96,24.9766,1200,0
2017-04-04,20:15:00,24.93,24.93,24.93,24.93,100,0
2017-04-04,20:20:00,24.91,24.91,24.91,24.91,358,0
2017-04-04,20:30:00,24.915,24.915,24.915,24.915,1200,0
2017-04-04,20:35:00,24.9,24.9,24.9,24.9,300,0
2017-04-04,20:40:00,24.945,24.96,24.945,24.96,2100,0
2017-04-04,20:45:00,24.9703,24.9703,24.9,24.9,1500,0
2017-04-04,20:50:00,24.9958,24.9958,24.9,24.905,1662,0
2017-04-04,21:05:00,24.9,24.9,24.9,24.9,500,0
2017-04-04,21:10:00,24.935,24.95,24.935,24.95,1100,0
2017-04-04,21:15:00,24.9,24.9,24.9,24.9,110,0
2017-04-04,21:40:00,24.8998,24.8998,24.8998,24.8998,121,0
2017-04-04,21:45:00,24.94,24.94,24.92,24.94,410,0
2017-04-04,21:50:00,24.94,24.94,24.92,24.92,600,0
2017-04-04,21:55:00,24.92,24.92,24.92,24.92,340,0
2017-04-04,22:00:00,24.9,24.9,24.88,24.88,200,0
2017-04-05,15:35:00,24.85,24.85,24.85,24.85,145,0
2017-04-05,16:15:00,24.9316,24.9316,24.9316,24.9316,250,0
2017-04-05,16:25:00,25,25,25,25,100,0
2017-04-05,16:30:00,24.95,24.95,24.95,24.95,100,0
2017-04-05,16:35:00,24.93,24.95,24.93,24.95,600,0
2017-04-05,16:40:00,24.97,24.97,24.97,24.97,600,0
2017-04-05,16:45:00,24.97,25,24.93,24.93,1868,0
2017-04-05,16:50:00,24.99,24.99,24.9899,24.9899,500,0
2017-04-05,16:55:00,24.99,24.99,24.99,24.99,200,0
2017-04-05,17:00:00,25,25,25,25,700,0
2017-04-05,17:05:00,25.01,25.01,25.01,25.01,500,0
2017-04-05,17:10:00,25.01,25.01,25.01,25.01,500,0
2017-04-05,17:15:00,25.01,25.01,25.005,25.005,600,0
2017-04-05,17:20:00,24.98,25.01,24.9762,24.9762,1100,0
2017-04-05,17:25:00,25.01,25.01,25.01,25.01,500,0
2017-04-05,17:30:00,25.01,25.01,25.01,25.01,500,0
2017-04-05,17:35:00,25,25,25,25,500,0
2017-04-05,17:40:00,25,25,25,25,500,0
2017-04-05,17:45:00,25,25,25,25,500,0
2017-04-05,17:50:00,25,25,25,25,500,0
2017-04-05,17:55:00,25,25,25,25,1494,0
2017-04-05,18:00:00,25,25,25,25,500,0
2017-04-05,18:10:00,25,25,25,25,500,0
2017-04-05,18:15:00,25,25,25,25,500,0
2017-04-05,18:20:00,25,25,25,25,500,0
2017-04-05,18:30:00,25,25,25,25,500,0
2017-04-05,18:35:00,25,25,25,25,500,0
2017-04-05,18:40:00,25,25,25,25,500,0
2017-04-05,18:50:00,25,25,25,25,500,0
2017-04-05,18:55:00,25,25,25,25,500,0
2017-04-05,19:00:00,25,25.0007,25,25,1000,0
2017-04-05,19:05:00,25,25,25,25,500,0
2017-04-05,19:15:00,25,25,25,25,500,0
2017-04-05,19:20:00,25,25,25,25,500,0
2017-04-05,19:25:00,25.0099,25.0099,25.0099,25.0099,200,0
2017-04-05,19:30:00,25,25,25,25,500,0
2017-04-05,19:35:00,25,25,24.99,24.99,694,0
2017-04-05,19:40:00,24.9999,24.9999,24.9999,24.9999,400,0
2017-04-05,19:45:00,24.9999,24.9999,24.9999,24.9999,400,0
2017-04-05,19:50:00,24.9999,24.9999,24.9999,24.9999,400,0
2017-04-05,19:55:00,24.9999,24.9999,24.9999,24.9999,400,0
2017-04-05,20:00:00,24.984,24.984,24.984,24.984,1000,0
2017-04-05,20:05:00,24.9999,24.9999,24.9999,24.9999,800,0
2017-04-05,20:10:00,24.9999,24.9999,24.9999,24.9999,400,0
2017-04-05,20:15:00,25,25,25,25,400,0
2017-04-05,20:20:00,24.9655,25,24.9655,25,1106,0
2017-04-05,20:25:00,25.0199,25.02,25.0199,25.02,400,0
2017-04-05,20:30:00,25.02,25.02,25.02,25.02,400,0
2017-04-05,20:35:00,24.98,24.98,24.98,24.98,200,0
2017-04-05,20:40:00,25.01,25.01,25.01,25.01,400,0
2017-04-05,20:45:00,25.02,25.02,24.941,25.0199,1840,0
2017-04-05,20:50:00,25.0199,25.02,25.0199,25.02,400,0
2017-04-05,20:55:00,25.0099,25.0099,25.0099,25.0099,400,0
2017-04-05,21:00:00,24.9949,25.01,24.9949,25.01,546,0
2017-04-05,21:05:00,24.99,24.99,24.99,24.99,400,0
2017-04-05,21:10:00,24.99,25.02,24.99,25.02,600,0
2017-04-05,21:15:00,25.02,25.02,25.02,25.02,400,0
2017-04-05,21:20:00,25.02,25.02,24.9584,25.01,937,0
2017-04-05,21:25:00,24.9327,25,24.9327,25,575,0
2017-04-05,21:30:00,25.0099,25.02,25.0099,25.02,800,0
2017-04-05,21:35:00,24.99,24.99,24.9336,24.9336,525,0
2017-04-05,21:40:00,24.98,25.01,24.98,25.01,1000,0
2017-04-05,21:45:00,25.01,25.01,25.0099,25.0099,800,0
2017-04-05,21:50:00,25.0099,25.01,25.0099,25.01,1200,0
2017-04-05,21:55:00,25.01,25.01,24.9999,25,1600,0
2017-04-05,22:00:00,25,25.01,24.99,25,2600,0
2017-04-06,17:05:00,25.0046,25.0046,24.99,24.99,1453,0
2017-04-06,17:10:00,24.9104,24.9104,24.9104,24.9104,200,0
2017-04-06,17:30:00,24.98,24.99,24.9468,24.99,1174,0
2017-04-06,19:10:00,24.99,24.99,24.99,24.99,800,0
2017-04-06,19:30:00,24.99,24.99,24.99,24.99,561,0
2017-04-06,19:35:00,24.99,24.99,24.99,24.99,400,0
2017-04-06,20:20:00,24.99,24.99,24.99,24.99,100,0
2017-04-06,20:35:00,25,25,24.99,24.99,200,0
2017-04-06,20:45:00,25.02,25.02,25.02,25.02,100,0
2017-04-06,20:55:00,25.02,25.02,25.02,25.02,100,0
2017-04-06,21:00:00,25.02,25.02,25.02,25.02,100,0
2017-04-06,21:10:00,25.02,25.02,25.02,25.02,100,0
2017-04-06,21:20:00,25.02,25.02,25.02,25.02,100,0
2017-04-06,21:30:00,25.02,25.02,24.99,25.0023,2100,0
2017-04-06,21:35:00,25.02,25.02,24.99,25.02,700,0
2017-04-06,21:40:00,25.02,25.0398,24.995,25.0398,2500,0
2017-04-06,21:45:00,25,25.03,24.99,25.03,300,0
2017-04-06,21:50:00,25.03,25.05,25.02,25.02,1450,0
2017-04-06,21:55:00,25.03,25.03,24.99,24.99,500,0
2017-04-06,22:00:00,25,25,25,25,200,0
2017-04-07,15:35:00,24.94,24.94,24.94,24.94,220,0
2017-04-07,15:45:00,25.06,25.06,25.06,25.06,800,0
2017-04-07,16:30:00,25.0499,25.0499,25.0499,25.0499,400,0
2017-04-07,16:40:00,25.05,25.1,25.05,25.1,1200,0
2017-04-07,16:45:00,25.1,25.1,25.1,25.1,150,0
2017-04-07,16:50:00,25.03,25.03,25.03,25.03,200,0
2017-04-07,17:05:00,25.04,25.04,25.04,25.04,800,0
2017-04-07,17:25:00,25.03,25.06,25.03,25.06,1175,0
2017-04-07,18:45:00,25.0117,25.0117,25.0117,25.0117,231,0
2017-04-07,18:55:00,25.03,25.03,25.03,25.03,500,0
2017-04-07,19:40:00,25.054,25.054,25.054,25.054,100,0
2017-04-07,19:50:00,25.06,25.06,25.06,25.06,117,0
2017-04-07,19:55:00,25.055,25.055,25.055,25.055,200,0
2017-04-07,20:10:00,25.035,25.035,25.035,25.035,550,0
2017-04-07,20:25:00,25.035,25.06,25.035,25.035,600,0
2017-04-07,20:40:00,25.01,25.01,25.01,25.01,124,0
2017-04-07,20:45:00,25.0485,25.0485,25.035,25.035,255,0
2017-04-07,20:55:00,25.035,25.035,25.035,25.035,300,0
2017-04-07,21:15:00,25.04,25.04,25.04,25.04,155,0
2017-04-07,21:30:00,25.0215,25.0215,25.0215,25.0215,140,0
2017-04-07,21:50:00,25.056,25.056,25.056,25.056,100,0
2017-04-07,21:55:00,25.04,25.04,25.03,25.03,500,0
2017-04-07,22:00:00,25.03,25.03,25.03,25.03,521,0
2017-04-10,15:35:00,24.98,24.98,24.98,24.98,296,0
2017-04-10,15:55:00,25,25,24.9898,24.9898,200,0
2017-04-10,16:50:00,24.9501,24.9501,24.9501,24.9501,140,0
2017-04-10,17:00:00,24.988,24.988,24.9702,24.9702,600,0
2017-04-10,17:15:00,24.98,24.98,24.98,24.98,2000,0
2017-04-10,17:20:00,24.98,24.98,24.955,24.955,200,0
2017-04-10,17:30:00,24.9832,24.9832,24.9832,24.9832,150,0
2017-04-10,17:50:00,25,25,24.996,24.996,300,0
2017-04-10,18:20:00,24.988,24.988,24.988,24.988,200,0
2017-04-10,18:25:00,24.98,24.98,24.98,24.98,200,0
2017-04-10,19:05:00,24.9845,24.9845,24.9845,24.9845,600,0
2017-04-10,19:25:00,25,25,25,25,400,0
2017-04-10,19:30:00,25,25.024,25,25,1200,0
2017-04-10,19:35:00,25,25,25,25,100,0
2017-04-10,19:50:00,25.03,25.0839,25.03,25.0839,2000,0
2017-04-10,19:55:00,25,25,24.98,24.985,2000,0
2017-04-10,20:00:00,25.0588,25.0588,25.0588,25.0588,400,0
2017-04-10,20:10:00,25.0371,25.0371,25.0371,25.0371,187,0
2017-04-10,20:35:00,24.98,24.98,24.98,24.98,1200,0
2017-04-10,21:05:00,25.02,25.02,25.02,25.02,100,0
2017-04-10,21:25:00,24.99,25,24.9845,24.9845,679,0
2017-04-10,21:35:00,24.988,24.988,24.988,24.988,400,0
2017-04-10,21:40:00,24.98,25,24.98,25,600,0
2017-04-10,22:00:00,24.97,24.98,24.97,24.98,4100,0
2017-04-11,15:35:00,25.06,25.06,25.06,25.06,791,0
2017-04-11,16:10:00,25.0366,25.0366,25.003,25.003,513,0
2017-04-11,16:20:00,25.03,25.0311,25.03,25.03,300,0
2017-04-11,16:40:00,25.0311,25.0311,25.03,25.03,250,0
2017-04-11,16:45:00,25.03,25.03,25.03,25.03,200,0
2017-04-11,17:10:00,25.03,25.03,25.03,25.03,300,0
2017-04-11,17:15:00,25.02,25.02,25.02,25.02,1200,0
2017-04-11,18:20:00,25.02,25.02,25,25.0168,800,0
2017-04-11,19:15:00,25.0028,25.0028,25.0028,25.0028,300,0
2017-04-11,19:20:00,25.0132,25.0132,25.0132,25.0132,792,0
2017-04-11,19:30:00,25.02,25.02,25.02,25.02,350,0
2017-04-11,20:05:00,25.02,25.02,25.0159,25.02,2000,0
2017-04-11,20:40:00,25.02,25.02,25.02,25.02,100,0
2017-04-11,21:40:00,25.028,25.028,25.028,25.028,600,0
2017-04-11,21:50:00,25.025,25.025,25.02,25.02,200,0
2017-04-12,15:40:00,25.0293,25.0293,25.0293,25.0293,400,0
2017-04-12,16:35:00,25.0251,25.0251,25.0251,25.0251,400,0
2017-04-12,19:05:00,25.03,25.03,25.03,25.03,1449,0
2017-04-12,19:45:00,25.0249,25.0249,25.0249,25.0249,141,0
2017-04-12,20:05:00,25.03,25.03,25.0265,25.0265,400,0
2017-04-12,20:10:00,25.02,25.02,25.02,25.02,400,0
2017-04-12,20:25:00,25.0661,25.0661,25.0661,25.0661,114,0
2017-04-12,20:35:00,25.05,25.05,25.05,25.05,100,0
2017-04-12,20:40:00,25.05,25.05,25.05,25.05,100,0
2017-04-12,21:05:00,25.06,25.06,25.06,25.06,1000,0
2017-04-13,15:35:00,25,25,25,25,340,0
2017-04-13,16:35:00,25.1,25.1,25.092,25.092,770,0
2017-04-13,17:45:00,25.0586,25.0586,25.0586,25.0586,750,0
2017-04-13,18:00:00,25.02,25.02,25.02,25.02,400,0
2017-04-13,18:15:00,24.91,24.91,24.91,24.91,17400,0
2017-04-13,20:05:00,25,25,24.975,24.975,400,0
2017-04-13,20:20:00,25,25,25,25,382,0
2017-04-13,20:25:00,25,25,25,25,116,0
2017-04-13,20:30:00,24.9737,24.9737,24.9737,24.9737,292,0
2017-04-13,20:45:00,25.02,25.04,25,25.005,925,0
2017-04-13,20:55:00,25.027,25.027,25.027,25.027,240,0
2017-04-13,21:15:00,25.017,25.017,25.017,25.017,1000,0
2017-04-13,21:30:00,25,25.004,25,25.004,890,0
2017-04-13,21:45:00,25.0116,25.03,25.0116,25.03,700,0
2017-04-17,15:35:00,25.07,25.07,25.0649,25.0649,2020,0
2017-04-17,16:35:00,25.06,25.06,25.05,25.05,200,0
2017-04-17,16:40:00,25.06,25.06,25.06,25.06,700,0
2017-04-17,16:45:00,25.062,25.062,25.05,25.05,1000,0
2017-04-17,16:55:00,25.0673,25.0673,25.0673,25.0673,100,0
2017-04-17,17:10:00,25.05,25.05,25.05,25.05,100,0
2017-04-17,17:25:00,25.05,25.05,25.05,25.05,1600,0
2017-04-17,17:35:00,25.055,25.055,25.055,25.055,100,0
2017-04-17,17:55:00,25.0634,25.0634,25.0634,25.0634,700,0
2017-04-17,18:05:00,25.05,25.05,25.05,25.05,500,0
2017-04-17,18:10:00,25.054,25.055,25.05,25.055,360,0
2017-04-17,18:30:00,25.06,25.06,25.06,25.06,100,0
2017-04-17,19:05:00,25.055,25.055,25.05,25.05,400,0
2017-04-17,19:40:00,25.0539,25.0539,25.0539,25.0539,178,0
2017-04-17,19:50:00,25.05,25.05,25.05,25.05,373,0
2017-04-17,19:55:00,25.05,25.05,25.05,25.05,100,0
2017-04-17,20:25:00,25.049,25.049,25.049,25.049,132,0
2017-04-17,20:40:00,25.0426,25.0426,25.0426,25.0426,113,0
2017-04-17,21:10:00,25.049,25.049,25.049,25.049,400,0
2017-04-17,21:20:00,25.05,25.05,25.05,25.05,100,0
2017-04-17,21:35:00,25.05,25.05,25.05,25.05,1100,0
2017-04-17,21:40:00,25.04,25.05,25.04,25.05,500,0
2017-04-17,21:45:00,25.05,25.05,25.05,25.05,700,0
2017-04-17,21:50:00,25.0459,25.05,25.0459,25.05,1300,0
2017-04-17,22:00:00,25.05,25.05,25.05,25.05,423,0
2017-04-18,15:35:00,25.05,25.05,25.05,25.05,911,0
2017-04-18,15:50:00,25.07,25.09,25.0659,25.0659,4000,0
2017-04-18,16:00:00,25.072,25.072,25.072,25.072,1000,0
2017-04-18,16:10:00,25.07,25.07,25.07,25.07,118,0
2017-04-18,16:35:00,25.0701,25.0701,25.0701,25.0701,1500,0
2017-04-18,16:40:00,25.09,25.09,25.07,25.07,500,0
2017-04-18,16:45:00,25.071,25.071,25.05,25.05,997,0
2017-04-18,16:55:00,25.0732,25.0732,25.05,25.05,1600,0
2017-04-18,17:30:00,25.021,25.05,25.01,25.04,2662,0
2017-04-18,18:05:00,25.0499,25.0499,25.0499,25.0499,600,0
2017-04-18,18:15:00,25.0375,25.0375,25.0375,25.0375,1000,0
2017-04-18,18:55:00,25.0381,25.0381,25.0381,25.0381,1000,0
2017-04-18,19:00:00,25.05,25.05,25.05,25.05,100,0
2017-04-18,19:15:00,25.05,25.05,25.05,25.05,300,0
2017-04-18,19:20:00,25.05,25.05,25.05,25.05,1300,0
2017-04-18,19:35:00,25.05,25.05,25.05,25.05,200,0
2017-04-18,19:50:00,25.0595,25.0595,25.05,25.05,1168,0
2017-04-18,19:55:00,25.0421,25.0421,25.04,25.04,355,0
2017-04-18,20:30:00,25.0393,25.0393,25.0285,25.0285,1455,0
2017-04-18,20:40:00,25.05,25.05,25.05,25.05,100,0
2017-04-18,21:00:00,25.011,25.011,25.011,25.011,200,0
2017-04-18,21:15:00,25.05,25.05,25.0256,25.0256,400,0
2017-04-18,21:45:00,25.05,25.05,25.05,25.05,100,0
2017-04-19,15:35:00,25.09,25.09,25.09,25.09,338,0
2017-04-19,15:50:00,25,25,25,25,400,0
2017-04-19,16:15:00,24.9682,24.9682,24.9682,24.9682,112,0
2017-04-19,16:20:00,24.9999,24.9999,24.9999,24.9999,100,0
2017-04-19,16:45:00,24.9956,24.9956,24.9956,24.9956,600,0
2017-04-19,18:10:00,24.98,24.98,24.98,24.98,100,0
2017-04-19,18:15:00,24.96,24.96,24.96,24.96,258,0
2017-04-19,18:30:00,24.99,24.99,24.99,24.99,200,0
2017-04-19,18:45:00,25,25,24.9995,25,2100,0
2017-04-19,18:50:00,24.99,24.99,24.99,24.99,100,0
2017-04-19,19:00:00,25,25,25,25,300,0
2017-04-19,19:50:00,25,25,25,25,400,0
2017-04-19,20:20:00,25,25,25,25,136,0
2017-04-19,20:30:00,25,25,25,25,400,0
2017-04-19,20:35:00,25,25,24.99,25,1167,0
2017-04-19,20:55:00,25,25,24.995,24.995,800,0
2017-04-19,21:15:00,25,25,25,25,333,0
2017-04-19,21:20:00,24.99,24.99,24.99,24.99,1526,0
2017-04-19,21:25:00,24.987,24.987,24.987,24.987,290,0
2017-04-19,21:30:00,24.99,24.99,24.987,24.987,1000,0
2017-04-19,21:40:00,24.99,24.99,24.99,24.99,890,0
2017-04-19,21:50:00,24.97,24.97,24.96,24.96,1000,0
2017-04-19,21:55:00,24.96,24.96,24.95,24.95,1200,0
2017-04-20,15:35:00,24.91,24.91,24.91,24.91,232,0
2017-04-20,15:45:00,25.03,25.03,25.03,25.03,100,0
2017-04-20,15:55:00,24.92,24.92,24.88,24.9,4200,0
2017-04-20,16:15:00,24.91,24.919,24.9,24.919,1549,0
2017-04-20,17:25:00,24.92,24.92,24.9138,24.9138,400,0
2017-04-20,17:30:00,24.9247,24.9247,24.9247,24.9247,500,0
2017-04-20,17:40:00,24.92,24.92,24.9,24.9,703,0
2017-04-20,17:45:00,24.9,24.95,24.9,24.91,2103,0
2017-04-20,18:30:00,24.9,24.9,24.9,24.9,122,0
2017-04-20,18:35:00,24.97,24.98,24.97,24.98,201,0
2017-04-20,19:05:00,24.9899,24.9899,24.9899,24.9899,400,0
2017-04-20,19:10:00,24.98,24.98,24.9526,24.9526,500,0
2017-04-20,19:50:00,24.919,24.919,24.9,24.9,1046,0
2017-04-20,20:00:00,24.9596,24.9596,24.9596,24.9596,178,0
2017-04-20,20:35:00,24.9475,24.9475,24.9475,24.9475,238,0
2017-04-20,21:00:00,24.941,24.96,24.9382,24.946,700,0
2017-04-20,21:10:00,24.9093,24.9409,24.9093,24.9409,530,0
2017-04-20,21:40:00,24.95,24.96,24.9191,24.9287,2000,0
2017-04-20,21:55:00,24.94,24.95,24.94,24.95,1400,0
2017-04-21,15:35:00,25.01,25.01,25,25,875,0
2017-04-21,15:40:00,24.89,24.89,24.89,24.89,100,0
2017-04-21,16:00:00,24.955,24.9992,24.955,24.9992,900,0
2017-04-21,17:05:00,24.955,24.955,24.955,24.955,100,0
2017-04-21,17:40:00,24.96,24.96,24.96,24.96,1000,0
2017-04-21,18:30:00,24.96,24.96,24.96,24.96,1500,0
2017-04-21,18:50:00,24.8918,24.8918,24.8918,24.8918,400,0
2017-04-21,18:55:00,25,25.02,25,25.02,448,0
2017-04-21,19:00:00,25.037,25.037,25.037,25.037,374,0
2017-04-21,20:00:00,25.027,25.027,25.027,25.027,194,0
2017-04-21,20:05:00,25.015,25.015,25.015,25.015,700,0
2017-04-21,20:30:00,25.0283,25.0283,25.0283,25.0283,302,0
2017-04-21,20:40:00,25.025,25.04,25.025,25.04,800,0
2017-04-21,21:10:00,25,25.02,25,25.02,1100,0
2017-04-21,21:15:00,25,25,25,25,100,0
2017-04-21,21:20:00,25.0124,25.0124,25.0124,25.0124,213,0
2017-04-21,21:50:00,25.025,25.025,25.025,25.025,100,0
2017-04-21,21:55:00,25.037,25.04,25.015,25.04,1872,0
2017-04-21,22:00:00,25.03,25.03,25.03,25.03,103,0
2017-04-24,15:35:00,25.09,25.09,25.09,25.09,383,0
2017-04-24,16:15:00,25.1,25.1,25.1,25.1,1100,0
2017-04-24,16:20:00,25.03,25.03,25.03,25.03,400,0
2017-04-24,17:15:00,25.08,25.08,25.0558,25.0558,200,0
2017-04-24,19:00:00,25.08,25.08,25.08,25.08,700,0
2017-04-24,19:20:00,25.08,25.08,25.08,25.08,500,0
2017-04-24,19:45:00,25.06,25.08,25,25.08,2892,0
2017-04-24,19:50:00,25.0799,25.0799,25.0799,25.0799,100,0
2017-04-24,19:55:00,25,25,24.98,24.98,692,0
2017-04-24,20:20:00,25.06,25.08,25.059,25.059,1000,0
2017-04-24,20:25:00,25.08,25.08,25.08,25.08,389,0
2017-04-24,20:35:00,25.07,25.08,25.07,25.075,4073,0
2017-04-24,20:55:00,25.1,25.12,25.1,25.1138,1100,0
2017-04-24,21:10:00,25.108,25.12,25.1054,25.12,2400,0
2017-04-24,21:15:00,25.41,25.43,25.3707,25.43,1400,0
2017-04-24,22:00:00,25.28,25.28,25.26,25.28,572,0
2017-04-25,15:35:00,25.21,25.21,25.21,25.21,302,0
2017-04-25,16:35:00,25.28,25.28,25.28,25.28,105,0
2017-04-25,16:40:00,25.268,25.268,25.268,25.268,1000,0
2017-04-25,17:05:00,25.27,25.27,25.27,25.27,375,0
2017-04-25,17:40:00,25.22,25.28,25.22,25.2548,1680,0
2017-04-25,17:50:00,25.28,25.28,25.28,25.28,100,0
2017-04-25,18:10:00,25.28,25.28,25.23,25.23,1100,0
2017-04-25,18:40:00,25.28,25.28,25.28,25.28,1500,0
2017-04-25,19:05:00,25.2338,25.2338,25.2338,25.2338,200,0
2017-04-25,19:25:00,25.28,25.28,25.2677,25.2677,326,0
2017-04-25,20:10:00,25.28,25.28,25.2575,25.2575,297,0
2017-04-25,21:05:00,25.223,25.223,25.223,25.223,1000,0
2017-04-25,21:20:00,25.25,25.25,25.25,25.25,952,0
2017-04-25,21:25:00,25.2482,25.2482,25.2482,25.2482,175,0
2017-04-25,21:50:00,25.25,25.25,25.25,25.25,100,0
2017-04-26,15:35:00,25.25,25.25,25.25,25.25,147,0
2017-04-26,15:55:00,25.2124,25.2124,25.2124,25.2124,414,0
2017-04-26,17:05:00,25.24,25.245,25.2125,25.2125,400,0
2017-04-26,17:30:00,25.26,25.35,25.26,25.3201,400,0
2017-04-26,17:35:00,25.3248,25.3248,25.3248,25.3248,300,0
2017-04-26,19:50:00,25.35,25.35,25.35,25.35,200,0
2017-04-26,20:35:00,25.2993,25.2993,25.2993,25.2993,230,0
2017-04-26,21:05:00,25.32,25.32,25.2949,25.2949,200,0
2017-04-26,22:00:00,25.35,25.35,25.35,25.35,400,0
