Date,Time,Open,High,Low,Close,Volume,OpenInt
2017-03-31,15:35:00,13.14,13.14,13.12,13.1399,9913,0
2017-03-31,15:40:00,13.14,13.14,13.14,13.14,100,0
2017-03-31,15:55:00,13.13,13.13,13.12,13.13,3097,0
2017-03-31,16:00:00,13.13,13.13,13.13,13.13,1390,0
2017-03-31,16:05:00,13.12,13.129,13.12,13.12,2445,0
2017-03-31,16:10:00,13.12,13.1239,13.12,13.1239,1000,0
2017-03-31,16:15:00,13.1274,13.1274,13.1274,13.1274,380,0
2017-03-31,16:20:00,13.1299,13.13,13.12,13.13,14467,0
2017-03-31,16:25:00,13.143,13.15,13.143,13.143,533,0
2017-03-31,16:30:00,13.1339,13.1339,13.13,13.13,2468,0
2017-03-31,16:35:00,13.12,13.13,13.12,13.12,1258,0
2017-03-31,16:40:00,13.13,13.13,13.1221,13.1221,550,0
2017-03-31,16:50:00,13.13,13.13,13.12,13.12,3992,0
2017-03-31,17:00:00,13.13,13.13,13.12,13.12,1300,0
2017-03-31,17:05:00,13.1201,13.1201,13.1201,13.1201,395,0
2017-03-31,17:10:00,13.12,13.12,13.12,13.12,305,0
2017-03-31,17:25:00,13.12,13.1236,13.12,13.1236,300,0
2017-03-31,17:35:00,13.12,13.1236,13.12,13.12,2800,0
2017-03-31,17:40:00,13.13,13.13,13.13,13.13,200,0
2017-03-31,17:45:00,13.125,13.1266,13.12,13.1266,3362,0
2017-03-31,18:05:00,13.1239,13.13,13.12,13.125,1613,0
2017-03-31,18:10:00,13.12,13.13,13.12,13.13,1500,0
2017-03-31,18:25:00,13.12,13.12,13.12,13.12,2269,0
2017-03-31,18:30:00,13.1263,13.13,13.1263,13.13,1179,0
2017-03-31,18:55:00,13.12,13.12,13.12,13.12,2300,0
2017-03-31,19:00:00,13.125,13.125,13.125,13.125,3428,0
2017-03-31,19:05:00,13.12,13.12,13.12,13.12,1200,0
2017-03-31,19:10:00,13.1233,13.125,13.1233,13.125,979,0
2017-03-31,19:15:00,13.125,13.125,13.125,13.125,155,0
2017-03-31,19:35:00,13.1252,13.1252,13.12,13.12,450,0
2017-03-31,19:40:00,13.125,13.125,13.12,13.12,583,0
2017-03-31,19:45:00,13.1266,13.1266,13.11,13.11,1755,0
2017-03-31,20:05:00,13.1,13.11,13.1,13.11,6306,0
2017-03-31,20:10:00,13.1036,13.1036,13.1036,13.1036,400,0
2017-03-31,20:15:00,13.1,13.1084,13.1,13.1,450,0
2017-03-31,20:20:00,13.1149,13.1149,13.09,13.09,1600,0
2017-03-31,20:50:00,13.08,13.11,13.08,13.08,4439,0
2017-03-31,20:55:00,13.08,13.08,13.07,13.07,200,0
2017-03-31,21:10:00,13.08,13.0988,13.07,13.09,4352,0
2017-03-31,21:20:00,13.0965,13.0972,13.09,13.09,4900,0
2017-03-31,21:25:00,13.0961,13.1,13.08,13.0863,3268,0
2017-03-31,21:30:00,13.0996,13.0996,13.0996,13.0996,300,0
2017-03-31,21:35:00,13.09,13.1,13.086,13.086,1225,0
2017-03-31,21:40:00,13.098,13.1,13.09,13.1,1100,0
2017-03-31,21:45:00,13.08,13.1,13.08,13.1,3322,0
2017-03-31,21:50:00,13.0932,13.0932,13.09,13.09,900,0
2017-03-31,21:55:00,13.0939,13.095,13.09,13.09,2360,0
2017-03-31,22:00:00,13.095,13.11,13.08,13.11,9193,0
2017-04-03,15:35:00,13.08,13.1,13.08,13.1,6226,0
2017-04-03,15:40:00,13.06,13.07,13.06,13.07,500,0
2017-04-03,15:45:00,13.085,13.085,13.07,13.085,800,0
2017-04-03,15:50:00,13.07,13.1,13.07,13.1,803,0
2017-04-03,15:55:00,13.08,13.09,13.08,13.09,632,0
2017-04-03,16:00:00,13.0999,13.0999,13.07,13.07,1400,0
2017-04-03,16:05:00,13.0825,13.0899,13.07,13.07,3838,0
2017-04-03,16:10:00,13.07,13.07,13.07,13.07,515,0
2017-04-03,16:15:00,13.07,13.09,13.07,13.0789,3600,0
2017-04-03,16:20:00,13.07,13.075,13.06,13.06,1650,0
2017-04-03,16:25:00,13.06,13.06,13.06,13.06,400,0
2017-04-03,16:30:00,13.06,13.06,13.06,13.06,300,0
2017-04-03,16:35:00,13.06,13.075,13.06,13.07,600,0
2017-04-03,16:40:00,13.07,13.0735,13.07,13.07,462,0
2017-04-03,16:45:00,13.07,13.07,13.07,13.07,410,0
2017-04-03,16:50:00,13.07,13.07,13.07,13.07,300,0
2017-04-03,16:55:00,13.07,13.07,13.05,13.05,600,0
2017-04-03,17:00:00,13.0642,13.0642,13.04,13.04,3189,0
2017-04-03,17:05:00,13.03,13.03,13.03,13.03,300,0
2017-04-03,17:10:00,13.03,13.03,13.02,13.02,500,0
2017-04-03,17:15:00,13.02,13.02,13.02,13.02,200,0
2017-04-03,17:20:00,13.02,13.02,13.02,13.02,300,0
2017-04-03,17:25:00,13.02,13.02,13.02,13.02,300,0
2017-04-03,17:30:00,13.02,13.02,13.02,13.02,200,0
2017-04-03,17:35:00,13.02,13.04,13.02,13.04,1507,0
2017-04-03,17:40:00,13.05,13.0523,13.05,13.0523,4523,0
2017-04-03,17:45:00,13.0595,13.0595,13.04,13.04,2278,0
2017-04-03,17:50:00,13.04,13.04,13.04,13.04,600,0
2017-04-03,17:55:00,13.02,13.02,13.02,13.02,2500,0
2017-04-03,18:00:00,13.02,13.02,13.01,13.01,200,0
2017-04-03,18:05:00,13.01,13.01,13.01,13.01,300,0
2017-04-03,18:10:00,13.0195,13.0195,13,13,2980,0
2017-04-03,18:15:00,13.02,13.025,13.02,13.0205,1639,0
2017-04-03,18:20:00,13.02,13.025,13.02,13.025,734,0
2017-04-03,18:25:00,13.02,13.02,13.02,13.02,200,0
2017-04-03,18:30:00,13.02,13.025,13.02,13.02,400,0
2017-04-03,18:35:00,13.01,13.03,13.01,13.02,500,0
2017-04-03,18:40:00,13.01,13.01,13.01,13.01,200,0
2017-04-03,18:45:00,13.03,13.03,13.01,13.03,2600,0
2017-04-03,18:50:00,13.0256,13.0256,13.02,13.02,600,0
2017-04-03,18:55:00,13.03,13.03,13.02,13.02,900,0
2017-04-03,19:00:00,13.0201,13.03,13.02,13.02,2990,0
2017-04-03,19:05:00,13.02,13.02,13.02,13.02,1690,0
2017-04-03,19:10:00,13.02,13.0247,13.02,13.02,300,0
2017-04-03,19:15:00,13.03,13.03,13.02,13.025,3133,0
2017-04-03,19:25:00,13.02,13.028,13.02,13.028,1650,0
2017-04-03,19:30:00,13.02,13.02,13.02,13.02,200,0
2017-04-03,19:35:00,13.02,13.03,13.02,13.02,400,0
2017-04-03,19:40:00,13.02,13.025,13.02,13.02,700,0
2017-04-03,19:45:00,13.02,13.027,13.02,13.02,1200,0
2017-04-03,19:50:00,13.03,13.05,13.03,13.05,6081,0
2017-04-03,20:00:00,13.03,13.042,13.03,13.042,1200,0
2017-04-03,20:05:00,13.0422,13.0422,13.04,13.04,543,0
2017-04-03,20:10:00,13.02,13.0383,13.02,13.02,356,0
2017-04-03,20:15:00,13.02,13.02,13.02,13.02,200,0
2017-04-03,20:20:00,13.02,13.02,13.02,13.02,200,0
2017-04-03,20:25:00,13.02,13.02,13.02,13.02,300,0
2017-04-03,20:30:00,13.02,13.02,13.02,13.02,200,0
2017-04-03,20:35:00,13.02,13.0307,13.02,13.02,600,0
2017-04-03,20:40:00,13.02,13.0298,13.01,13.01,960,0
2017-04-03,20:45:00,13.02,13.0366,13.02,13.02,760,0
2017-04-03,20:50:00,13.02,13.02,13.02,13.02,300,0
2017-04-03,20:55:00,13.03,13.03,13.02,13.02,200,0
2017-04-03,21:00:00,13.03,13.03,13.02,13.03,3458,0
2017-04-03,21:05:00,13.02,13.04,13.02,13.02,916,0
2017-04-03,21:10:00,13.02,13.03,13.02,13.03,1794,0
2017-04-03,21:15:00,13.02,13.03,13.02,13.03,600,0
2017-04-03,21:20:00,13.02,13.03,13.02,13.02,400,0
2017-04-03,21:25:00,13.02,13.04,13.02,13.02,3824,0
2017-04-03,21:30:00,13.02,13.03,13.02,13.0201,1508,0
2017-04-03,21:35:00,13.02,13.02,13.02,13.02,100,0
2017-04-03,21:40:00,13.025,13.03,13.02,13.02,1167,0
2017-04-03,21:45:00,13.02,13.025,13.02,13.025,1100,0
2017-04-03,21:50:00,13.02,13.02,13.02,13.02,600,0
2017-04-03,21:55:00,13.02,13.03,13.02,13.03,2100,0
2017-04-03,22:00:00,13.025,13.03,13,13.03,6982,0
2017-04-04,15:35:00,12.91,12.9857,12.89,12.9601,32956,0
2017-04-04,15:40:00,12.97,12.98,12.96,12.98,6562,0
2017-04-04,15:45:00,12.97,12.975,12.96,12.9701,2802,0
2017-04-04,15:50:00,12.9701,12.9701,12.9701,12.9701,700,0
2017-04-04,15:55:00,12.97,12.98,12.9601,12.9601,4324,0
2017-04-04,16:00:00,12.9699,12.9699,12.96,12.9601,1910,0
2017-04-04,16:05:00,12.96,12.96,12.95,12.95,1200,0
2017-04-04,16:10:00,12.95,12.9501,12.95,12.95,3334,0
2017-04-04,16:15:00,12.9553,12.9553,12.95,12.95,2100,0
2017-04-04,16:20:00,12.94,12.96,12.94,12.94,3000,0
2017-04-04,16:25:00,12.94,12.9401,12.94,12.9401,600,0
2017-04-04,16:30:00,12.96,12.96,12.9401,12.9401,1100,0
2017-04-04,16:35:00,12.95,12.95,12.93,12.9401,5600,0
2017-04-04,16:40:00,12.95,12.9508,12.95,12.9508,1000,0
2017-04-04,16:45:00,12.9501,12.9501,12.9501,12.9501,700,0
2017-04-04,16:50:00,12.9501,12.97,12.9501,12.9501,2900,0
2017-04-04,16:55:00,12.9501,12.97,12.95,12.96,2300,0
2017-04-04,17:00:00,12.95,12.95,12.95,12.95,900,0
2017-04-04,17:05:00,12.95,12.96,12.95,12.9501,1600,0
2017-04-04,17:10:00,12.95,12.955,12.95,12.9501,1071,0
2017-04-04,17:15:00,12.96,12.9798,12.96,12.9798,955,0
2017-04-04,17:20:00,12.9601,12.97,12.96,12.9601,1700,0
2017-04-04,17:25:00,12.9601,12.97,12.96,12.97,1025,0
2017-04-04,17:30:00,12.9601,12.97,12.96,12.96,1317,0
2017-04-04,17:35:00,12.9799,12.98,12.96,12.96,2963,0
2017-04-04,17:45:00,12.975,12.975,12.96,12.96,2100,0
2017-04-04,17:50:00,12.9783,12.9783,12.9783,12.9783,770,0
2017-04-04,17:55:00,12.98,12.99,12.97,12.99,2643,0
2017-04-04,18:00:00,12.98,12.98,12.98,12.98,100,0
2017-04-04,18:05:00,12.9961,13,12.9961,13,224,0
2017-04-04,18:10:00,13,13,12.995,12.995,4400,0
2017-04-04,18:20:00,12.9909,12.9966,12.9909,12.9966,1950,0
2017-04-04,18:25:00,12.9949,12.9949,12.98,12.98,2085,0
2017-04-04,18:30:00,12.995,12.995,12.995,12.995,425,0
2017-04-04,18:50:00,13,13.01,12.99,13.01,1900,0
2017-04-04,18:55:00,13.01,13.02,13,13,4100,0
2017-04-04,19:00:00,13,13,13,13,100,0
2017-04-04,19:15:00,13,13,12.995,12.995,1300,0
2017-04-04,19:25:00,12.995,12.995,12.995,12.995,271,0
2017-04-04,19:30:00,13,13,12.995,12.995,300,0
2017-04-04,19:40:00,13.02,13.02,13.02,13.02,1057,0
2017-04-04,19:50:00,13.023,13.023,13.023,13.023,160,0
2017-04-04,19:55:00,13.0299,13.03,13.01,13.0299,2140,0
2017-04-04,20:05:00,13.0147,13.0147,13.0147,13.0147,300,0
2017-04-04,20:10:00,13.0134,13.02,13.0134,13.015,1485,0
2017-04-04,20:15:00,13.02,13.02,13.015,13.0155,3091,0
2017-04-04,20:20:00,13.0299,13.0299,13.02,13.02,700,0
2017-04-04,20:35:00,13.03,13.03,13.01,13.01,493,0
2017-04-04,20:40:00,13.03,13.07,13.0173,13.02,16019,0
2017-04-04,20:45:00,13.02,13.0399,13.02,13.0399,968,0
2017-04-04,20:50:00,13.03,13.04,13.02,13.0399,5938,0
2017-04-04,21:00:00,13.04,13.06,13.04,13.0483,4747,0
2017-04-04,21:05:00,13.0393,13.06,13.0393,13.0504,1957,0
2017-04-04,21:10:00,13.06,13.06,13.0599,13.0599,1343,0
2017-04-04,21:15:00,13.06,13.06,13.0599,13.06,907,0
2017-04-04,21:20:00,13.06,13.08,13.0504,13.08,7655,0
2017-04-04,21:25:00,13.06,13.07,13.06,13.07,542,0
2017-04-04,21:30:00,13.06,13.07,13.06,13.06,657,0
2017-04-04,21:35:00,13.08,13.08,13.0604,13.0722,1920,0
2017-04-04,21:40:00,13.08,13.08,13.07,13.08,800,0
2017-04-04,21:50:00,13.08,13.09,13.08,13.09,2272,0
2017-04-04,21:55:00,13.075,13.1,13.0704,13.0803,5104,0
2017-04-04,22:00:00,13.1,13.11,13.095,13.11,6503,0
2017-04-05,15:35:00,13.14,13.14,13.14,13.14,4900,0
2017-04-05,15:50:00,13.12,13.13,13.12,13.13,735,0
2017-04-05,16:05:00,13.13,13.14,13.13,13.14,1075,0
2017-04-05,16:10:00,13.13,13.13,13.13,13.13,1760,0
2017-04-05,16:15:00,13.1301,13.145,13.1301,13.145,3397,0
2017-04-05,16:20:00,13.15,13.16,13.15,13.15,4123,0
2017-04-05,16:25:00,13.16,13.18,13.16,13.18,4575,0
2017-04-05,16:30:00,13.18,13.2,13.174,13.185,2900,0
2017-04-05,16:35:00,13.1752,13.2,13.1752,13.18,7800,0
2017-04-05,16:40:00,13.18,13.18,13.17,13.1732,2100,0
2017-04-05,16:45:00,13.186,13.186,13.186,13.186,200,0
2017-04-05,16:50:00,13.18,13.18,13.17,13.1799,7295,0
2017-04-05,16:55:00,13.17,13.17,13.17,13.17,100,0
2017-04-05,17:00:00,13.177,13.18,13.177,13.18,4732,0
2017-04-05,17:05:00,13.18,13.18,13.18,13.18,100,0
2017-04-05,17:10:00,13.18,13.18,13.16,13.1601,1942,0
2017-04-05,17:25:00,13.16,13.16,13.1578,13.1578,1900,0
2017-04-05,17:35:00,13.16,13.17,13.16,13.16,2812,0
2017-04-05,17:40:00,13.163,13.163,13.163,13.163,1900,0
2017-04-05,17:45:00,13.18,13.18,13.175,13.175,2740,0
2017-04-05,17:50:00,13.18,13.18,13.18,13.18,200,0
2017-04-05,18:00:00,13.18,13.18,13.1765,13.1765,2688,0
2017-04-05,18:05:00,13.17,13.17,13.17,13.17,100,0
2017-04-05,18:20:00,13.174,13.174,13.174,13.174,900,0
2017-04-05,18:25:00,13.1732,13.175,13.1732,13.175,607,0
2017-04-05,18:30:00,13.17,13.17,13.17,13.17,200,0
2017-04-05,18:35:00,13.18,13.18,13.18,13.18,200,0
2017-04-05,18:45:00,13.1701,13.1701,13.1701,13.1701,172,0
2017-04-05,18:50:00,13.18,13.18,13.18,13.18,100,0
2017-04-05,19:00:00,13.1799,13.18,13.17,13.18,1600,0
2017-04-05,19:05:00,13.18,13.18,13.1787,13.18,2962,0
2017-04-05,19:10:00,13.18,13.19,13.18,13.19,3611,0
2017-04-05,19:20:00,13.2,13.21,13.2,13.2,7628,0
2017-04-05,19:25:00,13.2017,13.2017,13.2017,13.2017,1042,0
2017-04-05,20:00:00,13.21,13.24,13.2,13.23,18598,0
2017-04-05,20:05:00,13.2134,13.2134,13.2124,13.2124,2312,0
2017-04-05,20:10:00,13.21,13.22,13.21,13.21,2035,0
2017-04-05,20:25:00,13.1909,13.1909,13.1714,13.1714,2210,0
2017-04-05,20:30:00,13.1887,13.2,13.17,13.18,1700,0
2017-04-05,20:35:00,13.2,13.2,13.1915,13.1915,600,0
2017-04-05,20:40:00,13.1907,13.1982,13.1714,13.1982,850,0
2017-04-05,20:50:00,13.19,13.2,13.19,13.197,950,0
2017-04-05,20:55:00,13.1818,13.1818,13.17,13.17,1887,0
2017-04-05,21:05:00,13.167,13.167,13.167,13.167,1765,0
2017-04-05,21:10:00,13.18,13.18,13.1696,13.1696,300,0
2017-04-05,21:15:00,13.18,13.19,13.17,13.17,3700,0
2017-04-05,21:20:00,13.17,13.17,13.1637,13.167,6158,0
2017-04-05,21:25:00,13.17,13.17,13.14,13.14,5536,0
2017-04-05,21:30:00,13.15,13.15,13.14,13.14,2100,0
2017-04-05,21:35:00,13.14,13.14,13.12,13.13,1983,0
2017-04-05,21:40:00,13.13,13.13,13.1103,13.1203,1100,0
2017-04-05,21:45:00,13.125,13.125,13.125,13.125,100,0
2017-04-05,21:55:00,13.14,13.16,13.14,13.16,1800,0
2017-04-05,22:00:00,13.14,13.15,13.14,13.15,4303,0
2017-04-06,15:35:00,13.12,13.12,13.1,13.11,10452,0
2017-04-06,15:40:00,13.11,13.11,13.11,13.11,100,0
2017-04-06,15:45:00,13.11,13.12,13.11,13.112,2500,0
2017-04-06,15:50:00,13.115,13.12,13.11,13.11,2604,0
2017-04-06,16:00:00,13.11,13.1256,13.11,13.1256,3908,0
2017-04-06,16:05:00,13.13,13.13,13.12,13.12,828,0
2017-04-06,16:10:00,13.13,13.1422,13.13,13.1422,2037,0
2017-04-06,16:15:00,13.12,13.12,13.12,13.12,707,0
2017-04-06,16:25:00,13.1218,13.1218,13.1218,13.1218,100,0
2017-04-06,16:35:00,13.1499,13.17,13.1499,13.17,10149,0
2017-04-06,16:45:00,13.155,13.155,13.13,13.13,351,0
2017-04-06,16:50:00,13.13,13.145,13.13,13.14,542,0
2017-04-06,16:55:00,13.14,13.15,13.14,13.14,1795,0
2017-04-06,17:00:00,13.16,13.16,13.16,13.16,200,0
2017-04-06,17:05:00,13.16,13.17,13.16,13.17,800,0
2017-04-06,17:10:00,13.14,13.17,13.14,13.155,2296,0
2017-04-06,17:25:00,13.17,13.18,13.17,13.18,3342,0
2017-04-06,17:35:00,13.19,13.19,13.173,13.18,3600,0
2017-04-06,17:40:00,13.175,13.19,13.173,13.18,5529,0
2017-04-06,17:45:00,13.1833,13.1833,13.1833,13.1833,534,0
2017-04-06,17:50:00,13.1785,13.1785,13.1785,13.1785,200,0
2017-04-06,17:55:00,13.1778,13.18,13.17,13.18,2553,0
2017-04-06,18:05:00,13.18,13.19,13.17,13.19,2900,0
2017-04-06,18:15:00,13.17,13.17,13.17,13.17,350,0
2017-04-06,18:25:00,13.185,13.185,13.185,13.185,100,0
2017-04-06,18:30:00,13.19,13.19,13.19,13.19,100,0
2017-04-06,18:35:00,13.19,13.191,13.1823,13.19,5951,0
2017-04-06,18:40:00,13.19,13.19,13.19,13.19,7089,0
2017-04-06,19:00:00,13.1803,13.1803,13.1803,13.1803,1420,0
2017-04-06,19:30:00,13.1671,13.1698,13.1671,13.1698,1450,0
2017-04-06,19:40:00,13.1688,13.18,13.162,13.1707,3737,0
2017-04-06,19:45:00,13.18,13.18,13.18,13.18,1000,0
2017-04-06,19:50:00,13.176,13.176,13.1568,13.1568,805,0
2017-04-06,20:10:00,13.17,13.175,13.17,13.175,1400,0
2017-04-06,20:15:00,13.175,13.175,13.16,13.16,2007,0
2017-04-06,20:20:00,13.17,13.19,13.17,13.175,5180,0
2017-04-06,20:25:00,13.175,13.175,13.175,13.175,1120,0
2017-04-06,20:30:00,13.1786,13.1786,13.1786,13.1786,700,0
2017-04-06,20:35:00,13.1899,13.19,13.17,13.1786,1800,0
2017-04-06,20:45:00,13.175,13.175,13.175,13.175,525,0
2017-04-06,20:50:00,13.16,13.16,13.15,13.15,600,0
2017-04-06,20:55:00,13.153,13.153,13.153,13.153,145,0
2017-04-06,21:05:00,13.15,13.16,13.13,13.15,2589,0
2017-04-06,21:10:00,13.15,13.155,13.15,13.1501,1768,0
2017-04-06,21:15:00,13.17,13.18,13.1641,13.1641,1360,0
2017-04-06,21:25:00,13.18,13.18,13.17,13.1729,5562,0
2017-04-06,21:30:00,13.164,13.17,13.164,13.17,3600,0
2017-04-06,21:45:00,13.17,13.1798,13.17,13.1798,4422,0
2017-04-06,21:50:00,13.16,13.168,13.15,13.168,2697,0
2017-04-06,22:00:00,13.1672,13.1672,13.1672,13.1672,200,0
2017-04-07,15:35:00,13.14,13.14,13.11,13.11,6663,0
2017-04-07,15:40:00,13.12,13.12,13.12,13.12,100,0
2017-04-07,15:45:00,13.1524,13.1524,13.1524,13.1524,1900,0
2017-04-07,15:50:00,13.15,13.1764,13.14,13.1615,2300,0
2017-04-07,16:00:00,13.14,13.14,13.14,13.14,100,0
2017-04-07,16:05:00,13.15,13.1539,13.15,13.1539,1400,0
2017-04-07,16:10:00,13.15,13.155,13.15,13.155,200,0
2017-04-07,16:20:00,13.155,13.155,13.155,13.155,500,0
2017-04-07,16:25:00,13.155,13.155,13.15,13.155,1810,0
2017-04-07,16:50:00,13.155,13.16,13.155,13.16,1322,0
2017-04-07,16:55:00,13.16,13.17,13.16,13.17,1485,0
2017-04-07,17:00:00,13.1761,13.1761,13.1761,13.1761,560,0
2017-04-07,17:10:00,13.17,13.18,13.1634,13.17,4100,0
2017-04-07,17:25:00,13.17,13.19,13.1665,13.1665,3674,0
2017-04-07,17:35:00,13.18,13.18,13.18,13.18,600,0
2017-04-07,17:40:00,13.18,13.18,13.18,13.18,1828,0
2017-04-07,17:50:00,13.1835,13.1835,13.1835,13.1835,228,0
2017-04-07,17:55:00,13.19,13.19,13.18,13.187,2700,0
2017-04-07,18:05:00,13.18,13.18,13.18,13.18,100,0
2017-04-07,18:10:00,13.18,13.1874,13.18,13.1874,247,0
2017-04-07,18:15:00,13.18,13.18,13.18,13.18,611,0
2017-04-07,18:20:00,13.18,13.18,13.18,13.18,100,0
2017-04-07,18:25:00,13.18,13.19,13.18,13.19,456,0
2017-04-07,18:30:00,13.18,13.18,13.18,13.18,100,0
2017-04-07,18:35:00,13.18,13.19,13.18,13.19,200,0
2017-04-07,18:40:00,13.18,13.1999,13.18,13.193,2900,0
2017-04-07,18:45:00,13.18,13.18,13.18,13.18,100,0
2017-04-07,18:50:00,13.18,13.18,13.18,13.18,100,0
2017-04-07,18:55:00,13.18,13.19,13.18,13.1899,2295,0
2017-04-07,19:00:00,13.18,13.18,13.18,13.18,100,0
2017-04-07,19:05:00,13.186,13.186,13.186,13.186,436,0
2017-04-07,19:15:00,13.19,13.19,13.18,13.18,7132,0
2017-04-07,19:20:00,13.1701,13.1701,13.17,13.17,9359,0
2017-04-07,19:25:00,13.17,13.17,13.1567,13.1567,3517,0
2017-04-07,19:35:00,13.16,13.16,13.15,13.16,6444,0
2017-04-07,19:55:00,13.16,13.16,13.16,13.16,1654,0
2017-04-07,20:20:00,13.18,13.18,13.18,13.18,993,0
2017-04-07,20:40:00,13.1801,13.1801,13.1801,13.1801,100,0
2017-04-07,20:45:00,13.188,13.188,13.188,13.188,800,0
2017-04-07,20:55:00,13.18,13.185,13.16,13.165,3000,0
2017-04-07,21:05:00,13.1601,13.1601,13.1601,13.1601,600,0
2017-04-07,21:20:00,13.17,13.17,13.17,13.17,200,0
2017-04-07,21:25:00,13.1722,13.1722,13.161,13.161,2792,0
2017-04-07,21:40:00,13.1767,13.1767,13.1767,13.1767,758,0
2017-04-07,21:45:00,13.16,13.16,13.16,13.16,200,0
2017-04-07,21:50:00,13.17,13.18,13.17,13.18,315,0
2017-04-07,21:55:00,13.18,13.18,13.16,13.16,1453,0
2017-04-07,22:00:00,13.16,13.17,13.16,13.17,1369,0
2017-04-10,15:35:00,13.17,13.17,13.17,13.17,12306,0
2017-04-10,15:55:00,13.1866,13.1866,13.18,13.18,600,0
2017-04-10,16:00:00,13.18,13.18,13.18,13.18,400,0
2017-04-10,16:05:00,13.19,13.19,13.19,13.19,400,0
2017-04-10,16:10:00,13.18,13.18,13.18,13.18,100,0
2017-04-10,16:15:00,13.192,13.2,13.19,13.2,900,0
2017-04-10,16:20:00,13.19,13.19,13.19,13.19,600,0
2017-04-10,16:25:00,13.1966,13.1966,13.195,13.195,1841,0
2017-04-10,16:30:00,13.19,13.2,13.19,13.19,800,0
2017-04-10,16:35:00,13.1967,13.2,13.1967,13.2,1236,0
2017-04-10,16:40:00,13.2,13.21,13.2,13.21,753,0
2017-04-10,16:45:00,13.21,13.21,13.21,13.21,100,0
2017-04-10,17:00:00,13.2184,13.23,13.2184,13.228,2017,0
2017-04-10,17:05:00,13.225,13.23,13.22,13.22,6409,0
2017-04-10,17:15:00,13.225,13.23,13.22,13.22,1647,0
2017-04-10,17:25:00,13.23,13.23,13.22,13.23,3900,0
2017-04-10,17:35:00,13.22,13.23,13.21,13.21,3841,0
2017-04-10,17:40:00,13.2,13.2,13.2,13.2,300,0
2017-04-10,17:45:00,13.2,13.2098,13.2,13.2098,1822,0
2017-04-10,17:50:00,13.2039,13.2039,13.2039,13.2039,150,0
2017-04-10,17:55:00,13.2,13.2,13.2,13.2,100,0
2017-04-10,18:00:00,13.207,13.207,13.207,13.207,1000,0
2017-04-10,18:10:00,13.21,13.21,13.21,13.21,400,0
2017-04-10,18:15:00,13.2,13.2,13.19,13.19,1300,0
2017-04-10,18:20:00,13.1949,13.1949,13.1949,13.1949,1900,0
2017-04-10,18:25:00,13.19,13.19,13.19,13.19,100,0
2017-04-10,18:30:00,13.19,13.19,13.19,13.19,300,0
2017-04-10,18:40:00,13.1999,13.1999,13.19,13.19,2200,0
2017-04-10,18:45:00,13.1818,13.1818,13.1818,13.1818,1850,0
2017-04-10,19:00:00,13.19,13.19,13.1866,13.1866,2522,0
2017-04-10,19:05:00,13.1825,13.19,13.1825,13.19,650,0
2017-04-10,19:20:00,13.19,13.19,13.19,13.19,4300,0
2017-04-10,19:35:00,13.2,13.2,13.18,13.187,1329,0
2017-04-10,19:45:00,13.2,13.2,13.1802,13.184,600,0
2017-04-10,19:50:00,13.19,13.19,13.19,13.19,100,0
2017-04-10,19:55:00,13.2,13.2,13.1924,13.1924,2814,0
2017-04-10,20:00:00,13.1939,13.1939,13.1939,13.1939,1000,0
2017-04-10,20:05:00,13.2,13.2,13.1933,13.1933,1050,0
2017-04-10,20:25:00,13.2,13.2,13.2,13.2,600,0
2017-04-10,20:30:00,13.2,13.2,13.2,13.2,300,0
2017-04-10,20:35:00,13.2,13.2,13.2,13.2,300,0
2017-04-10,20:45:00,13.1971,13.21,13.1971,13.21,1145,0
2017-04-10,20:50:00,13.2,13.2,13.2,13.2,200,0
2017-04-10,21:05:00,13.21,13.21,13.2,13.2,900,0
2017-04-10,21:15:00,13.2081,13.21,13.2081,13.21,500,0
2017-04-10,21:25:00,13.2078,13.2078,13.2078,13.2078,969,0
2017-04-10,21:35:00,13.21,13.21,13.21,13.21,900,0
2017-04-10,21:40:00,13.21,13.21,13.2059,13.21,1100,0
2017-04-10,21:45:00,13.2,13.21,13.2,13.21,700,0
2017-04-10,21:50:00,13.21,13.21,13.205,13.21,519,0
2017-04-10,21:55:00,13.2,13.21,13.2,13.21,3670,0
2017-04-10,22:00:00,13.21,13.22,13.2075,13.22,4530,0
2017-04-11,15:35:00,13.19,13.19,13.19,13.19,5950,0
2017-04-11,15:40:00,13.2,13.2,13.18,13.19,1400,0
2017-04-11,15:45:00,13.18,13.18,13.16,13.16,3100,0
2017-04-11,15:50:00,13.15,13.15,13.15,13.15,200,0
2017-04-11,15:55:00,13.15,13.16,13.15,13.16,1200,0
2017-04-11,16:00:00,13.16,13.16,13.16,13.16,2000,0
2017-04-11,16:05:00,13.15,13.17,13.15,13.165,1150,0
2017-04-11,16:10:00,13.16,13.16,13.16,13.16,100,0
2017-04-11,16:20:00,13.16,13.165,13.16,13.165,998,0
2017-04-11,16:25:00,13.16,13.17,13.16,13.16,1502,0
2017-04-11,16:35:00,13.16,13.165,13.15,13.15,2502,0
2017-04-11,16:40:00,13.1398,13.1398,13.1398,13.1398,1000,0
2017-04-11,16:50:00,13.14,13.14,13.14,13.14,100,0
2017-04-11,16:55:00,13.13,13.14,13.13,13.14,2800,0
2017-04-11,17:00:00,13.135,13.135,13.135,13.135,500,0
2017-04-11,17:05:00,13.1361,13.14,13.135,13.14,858,0
2017-04-11,17:10:00,13.13,13.135,13.13,13.13,2700,0
2017-04-11,17:15:00,13.13,13.15,13.13,13.1414,400,0
2017-04-11,17:20:00,13.13,13.13,13.13,13.13,100,0
2017-04-11,17:25:00,13.135,13.135,13.13,13.131,2550,0
2017-04-11,17:30:00,13.13,13.13,13.12,13.12,3566,0
2017-04-11,17:35:00,13.12,13.12,13.12,13.12,100,0
2017-04-11,17:40:00,13.126,13.126,13.12,13.12,607,0
2017-04-11,17:50:00,13.12,13.125,13.12,13.125,500,0
2017-04-11,17:55:00,13.12,13.13,13.12,13.13,500,0
2017-04-11,18:00:00,13.12,13.1201,13.12,13.12,775,0
2017-04-11,18:15:00,13.135,13.135,13.13,13.13,1200,0
2017-04-11,18:25:00,13.14,13.14,13.14,13.14,100,0
2017-04-11,18:30:00,13.14,13.14,13.14,13.14,400,0
2017-04-11,18:35:00,13.1498,13.1498,13.1498,13.1498,100,0
2017-04-11,18:40:00,13.145,13.145,13.145,13.145,1200,0
2017-04-11,18:50:00,13.145,13.15,13.145,13.15,200,0
2017-04-11,18:55:00,13.1599,13.1599,13.1599,13.1599,1000,0
2017-04-11,19:05:00,13.16,13.16,13.16,13.16,120,0
2017-04-11,19:15:00,13.17,13.17,13.1628,13.1628,500,0
2017-04-11,19:20:00,13.1649,13.1649,13.1649,13.1649,100,0
2017-04-11,19:25:00,13.1639,13.17,13.1639,13.17,2100,0
2017-04-11,19:30:00,13.156,13.17,13.156,13.17,3100,0
2017-04-11,19:35:00,13.17,13.17,13.17,13.17,500,0
2017-04-11,19:40:00,13.1593,13.182,13.1593,13.182,3004,0
2017-04-11,19:50:00,13.163,13.175,13.16,13.16,2820,0
2017-04-11,19:55:00,13.1852,13.1852,13.1852,13.1852,760,0
2017-04-11,20:00:00,13.182,13.182,13.18,13.18,954,0
2017-04-11,20:05:00,13.18,13.19,13.18,13.19,1270,0
2017-04-11,20:10:00,13.19,13.19,13.18,13.18,500,0
2017-04-11,20:15:00,13.19,13.19,13.19,13.19,324,0
2017-04-11,20:25:00,13.19,13.2,13.19,13.2,6000,0
2017-04-11,20:30:00,13.1999,13.21,13.1802,13.195,9625,0
2017-04-11,20:40:00,13.21,13.21,13.1995,13.21,1600,0
2017-04-11,20:45:00,13.1961,13.1961,13.195,13.195,1038,0
2017-04-11,20:50:00,13.1924,13.1924,13.1924,13.1924,300,0
2017-04-11,20:55:00,13.1801,13.1801,13.1801,13.1801,160,0
2017-04-11,21:00:00,13.2036,13.22,13.2036,13.22,1700,0
2017-04-11,21:15:00,13.1993,13.23,13.1993,13.204,6139,0
2017-04-11,21:30:00,13.2,13.2,13.1971,13.2,5300,0
2017-04-11,21:35:00,13.2099,13.2099,13.2099,13.2099,800,0
2017-04-11,21:45:00,13.21,13.24,13.2031,13.24,2300,0
2017-04-11,21:50:00,13.22,13.24,13.22,13.22,2207,0
2017-04-11,21:55:00,13.23,13.23,13.23,13.23,100,0
2017-04-11,22:00:00,13.23,13.24,13.23,13.24,1225,0
2017-04-12,15:35:00,13.23,13.23,13.23,13.23,4316,0
2017-04-12,15:40:00,13.218,13.218,13.218,13.218,200,0
2017-04-12,15:45:00,13.2192,13.2192,13.2192,13.2192,150,0
2017-04-12,15:50:00,13.2,13.225,13.2,13.225,3100,0
2017-04-12,16:05:00,13.2,13.2,13.2,13.2,100,0
2017-04-12,16:10:00,13.2101,13.23,13.2101,13.23,2100,0
2017-04-12,16:15:00,13.22,13.22,13.22,13.22,500,0
2017-04-12,16:20:00,13.21,13.21,13.21,13.21,100,0
2017-04-12,16:25:00,13.24,13.25,13.24,13.25,1708,0
2017-04-12,16:30:00,13.22,13.22,13.22,13.22,100,0
2017-04-12,16:40:00,13.23,13.2311,13.22,13.22,1208,0
2017-04-12,16:45:00,13.228,13.228,13.228,13.228,200,0
2017-04-12,16:50:00,13.22,13.22,13.21,13.21,800,0
2017-04-12,16:55:00,13.21,13.21,13.21,13.21,100,0
2017-04-12,17:00:00,13.218,13.218,13.218,13.218,544,0
2017-04-12,17:05:00,13.21,13.21,13.21,13.21,100,0
2017-04-12,17:15:00,13.22,13.23,13.21,13.21,3900,0
2017-04-12,17:25:00,13.21,13.21,13.21,13.21,100,0
2017-04-12,17:30:00,13.2162,13.2162,13.21,13.21,1620,0
2017-04-12,17:35:00,13.21,13.2161,13.21,13.21,1200,0
2017-04-12,17:40:00,13.21,13.22,13.21,13.21,2397,0
2017-04-12,17:45:00,13.2,13.21,13.2,13.2,2823,0
2017-04-12,17:50:00,13.2,13.21,13.2,13.21,700,0
2017-04-12,17:55:00,13.2,13.2,13.2,13.2,100,0
2017-04-12,18:00:00,13.19,13.1963,13.19,13.19,330,0
2017-04-12,18:05:00,13.19,13.19,13.19,13.19,100,0
2017-04-12,18:15:00,13.19,13.19,13.19,13.19,100,0
2017-04-12,18:25:00,13.19,13.2,13.19,13.195,2450,0
2017-04-12,18:30:00,13.19,13.1935,13.19,13.19,542,0
2017-04-12,18:40:00,13.195,13.198,13.19,13.198,1007,0
2017-04-12,18:55:00,13.195,13.195,13.195,13.195,1000,0
2017-04-12,19:15:00,13.2,13.21,13.2,13.21,3300,0
2017-04-12,19:25:00,13.2135,13.2135,13.21,13.2134,1700,0
2017-04-12,19:30:00,13.21,13.21,13.1968,13.1968,1235,0
2017-04-12,19:35:00,13.2054,13.206,13.2054,13.206,2375,0
2017-04-12,19:40:00,13.2091,13.2091,13.2091,13.2091,2100,0
2017-04-12,19:45:00,13.2068,13.21,13.2068,13.21,1050,0
2017-04-12,20:00:00,13.21,13.21,13.21,13.21,200,0
2017-04-12,20:05:00,13.22,13.22,13.213,13.213,400,0
2017-04-12,20:15:00,13.2192,13.2299,13.2192,13.2233,1410,0
2017-04-12,20:30:00,13.23,13.23,13.22,13.22,1284,0
2017-04-12,20:35:00,13.22,13.22,13.22,13.22,1106,0
2017-04-12,20:55:00,13.2199,13.2199,13.213,13.213,1130,0
2017-04-12,21:00:00,13.204,13.2089,13.204,13.2089,3494,0
2017-04-12,21:05:00,13.22,13.22,13.22,13.22,700,0
2017-04-12,21:10:00,13.215,13.215,13.215,13.215,400,0
2017-04-12,21:15:00,13.22,13.22,13.215,13.215,400,0
2017-04-12,21:20:00,13.22,13.23,13.19,13.19,11520,0
2017-04-12,21:30:00,13.2112,13.2112,13.2078,13.2112,2470,0
2017-04-12,21:40:00,13.2199,13.2199,13.2199,13.2199,2100,0
2017-04-12,22:00:00,13.22,13.24,13.22,13.22,3097,0
2017-04-13,15:35:00,13.19,13.21,13.18,13.21,15117,0
2017-04-13,15:40:00,13.195,13.2,13.195,13.2,900,0
2017-04-13,15:45:00,13.2,13.2,13.19,13.195,2221,0
2017-04-13,15:50:00,13.1964,13.1964,13.1964,13.1964,100,0
2017-04-13,15:55:00,13.19,13.2,13.19,13.2,200,0
2017-04-13,16:00:00,13.2,13.22,13.2,13.22,2900,0
2017-04-13,16:05:00,13.23,13.23,13.23,13.23,600,0
2017-04-13,16:10:00,13.24,13.24,13.24,13.24,1200,0
2017-04-13,16:15:00,13.23,13.23,13.225,13.225,757,0
2017-04-13,16:25:00,13.21,13.21,13.21,13.21,1000,0
2017-04-13,16:30:00,13.22,13.22,13.22,13.22,800,0
2017-04-13,16:40:00,13.22,13.22,13.22,13.22,100,0
2017-04-13,16:45:00,13.24,13.24,13.24,13.24,100,0
2017-04-13,16:50:00,13.23,13.23,13.23,13.23,100,0
2017-04-13,16:55:00,13.23,13.25,13.23,13.25,1954,0
2017-04-13,17:00:00,13.24,13.2554,13.24,13.2554,5279,0
2017-04-13,17:05:00,13.26,13.26,13.2545,13.26,1767,0
2017-04-13,17:20:00,13.2532,13.2532,13.2532,13.2532,2414,0
2017-04-13,17:25:00,13.2573,13.27,13.2573,13.27,4450,0
2017-04-13,17:30:00,13.26,13.26,13.26,13.26,100,0
2017-04-13,17:40:00,13.2601,13.2644,13.26,13.26,1230,0
2017-04-13,17:45:00,13.2682,13.2682,13.24,13.24,2600,0
2017-04-13,17:50:00,13.2533,13.2533,13.25,13.25,2100,0
2017-04-13,17:55:00,13.2545,13.255,13.2545,13.255,1653,0
2017-04-13,18:00:00,13.25,13.25,13.25,13.25,100,0
2017-04-13,18:05:00,13.255,13.255,13.255,13.255,304,0
2017-04-13,18:10:00,13.25,13.25,13.24,13.24,1624,0
2017-04-13,18:15:00,13.2306,13.2306,13.22,13.22,477,0
2017-04-13,18:20:00,13.22,13.22,13.22,13.22,225,0
2017-04-13,18:25:00,13.22,13.2202,13.22,13.2202,600,0
2017-04-13,18:30:00,13.2141,13.2141,13.21,13.21,1185,0
2017-04-13,18:40:00,13.2155,13.2155,13.2155,13.2155,500,0
2017-04-13,18:45:00,13.2101,13.215,13.2101,13.215,716,0
2017-04-13,18:50:00,13.21,13.21,13.21,13.21,1311,0
2017-04-13,18:55:00,13.205,13.205,13.205,13.205,757,0
2017-04-13,19:10:00,13.2,13.2035,13.2,13.2035,556,0
2017-04-13,19:15:00,13.199,13.199,13.18,13.1839,1500,0
2017-04-13,19:35:00,13.19,13.19,13.19,13.19,281,0
2017-04-13,19:40:00,13.1894,13.1894,13.1894,13.1894,1077,0
2017-04-13,19:45:00,13.19,13.19,13.19,13.19,975,0
2017-04-13,19:50:00,13.19,13.19,13.19,13.19,830,0
2017-04-13,20:10:00,13.19,13.19,13.19,13.19,200,0
2017-04-13,20:15:00,13.19,13.19,13.19,13.19,500,0
2017-04-13,20:20:00,13.1866,13.1866,13.18,13.18,708,0
2017-04-13,20:25:00,13.185,13.19,13.185,13.19,200,0
2017-04-13,20:35:00,13.1848,13.1848,13.18,13.18,283,0
2017-04-13,20:40:00,13.185,13.185,13.185,13.185,1274,0
2017-04-13,21:10:00,13.1822,13.1822,13.18,13.18,2700,0
2017-04-13,21:20:00,13.18,13.19,13.18,13.18,977,0
2017-04-13,21:35:00,13.19,13.19,13.18,13.18,2020,0
2017-04-13,21:45:00,13.17,13.18,13.17,13.17,2300,0
2017-04-13,21:50:00,13.1767,13.1767,13.1767,13.1767,750,0
2017-04-13,21:55:00,13.175,13.175,13.175,13.175,553,0
2017-04-13,22:00:00,13.17,13.17,13.15,13.15,3365,0
2017-04-17,15:35:00,13.19,13.19,13.17,13.17,6017,0
2017-04-17,15:45:00,13.17,13.17,13.17,13.17,1100,0
2017-04-17,15:50:00,13.1733,13.18,13.1733,13.18,365,0
2017-04-17,15:55:00,13.18,13.18,13.18,13.18,1183,0
2017-04-17,16:25:00,13.2,13.22,13.2,13.22,649,0
2017-04-17,16:30:00,13.2038,13.2038,13.2038,13.2038,550,0
2017-04-17,16:35:00,13.22,13.22,13.2,13.2,5100,0
2017-04-17,17:00:00,13.198,13.2,13.198,13.2,553,0
2017-04-17,17:05:00,13.1984,13.2099,13.1944,13.2099,2467,0
2017-04-17,17:10:00,13.1997,13.1997,13.1997,13.1997,300,0
2017-04-17,17:15:00,13.194,13.21,13.194,13.21,738,0
2017-04-17,17:20:00,13.2109,13.2109,13.2109,13.2109,190,0
2017-04-17,17:25:00,13.2114,13.2114,13.2104,13.2104,1379,0
2017-04-17,17:30:00,13.2,13.2154,13.2,13.21,6280,0
2017-04-17,17:35:00,13.2001,13.23,13.2001,13.23,4453,0
2017-04-17,17:40:00,13.23,13.25,13.23,13.2449,4900,0
2017-04-17,17:45:00,13.24,13.28,13.24,13.242,4023,0
2017-04-17,17:50:00,13.25,13.25,13.25,13.25,2500,0
2017-04-17,18:00:00,13.25,13.26,13.245,13.26,3100,0
2017-04-17,18:05:00,13.246,13.246,13.246,13.246,150,0
2017-04-17,18:10:00,13.2424,13.2424,13.2424,13.2424,774,0
2017-04-17,18:20:00,13.24,13.24,13.24,13.24,200,0
2017-04-17,18:25:00,13.245,13.245,13.23,13.23,850,0
2017-04-17,18:35:00,13.23,13.25,13.23,13.25,400,0
2017-04-17,18:40:00,13.25,13.26,13.2415,13.2599,5818,0
2017-04-17,18:55:00,13.255,13.255,13.23,13.23,6773,0
2017-04-17,19:00:00,13.2439,13.2439,13.23,13.23,339,0
2017-04-17,19:15:00,13.2448,13.2448,13.2448,13.2448,880,0
2017-04-17,19:20:00,13.2348,13.2348,13.2348,13.2348,150,0
2017-04-17,19:25:00,13.2348,13.2348,13.2348,13.2348,1209,0
2017-04-17,19:35:00,13.24,13.27,13.24,13.2565,12483,0
2017-04-17,19:50:00,13.251,13.251,13.25,13.2509,24995,0
2017-04-17,20:05:00,13.255,13.255,13.25,13.25,2800,0
2017-04-17,20:15:00,13.256,13.256,13.25,13.25,591,0
2017-04-17,20:25:00,13.255,13.255,13.25,13.25,1931,0
2017-04-17,20:30:00,13.256,13.256,13.256,13.256,288,0
2017-04-17,20:35:00,13.25,13.25,13.25,13.25,200,0
2017-04-17,20:40:00,13.25,13.2501,13.24,13.2409,6368,0
2017-04-17,20:45:00,13.2447,13.2447,13.2447,13.2447,1000,0
2017-04-17,20:50:00,13.24,13.2461,13.24,13.2461,725,0
2017-04-17,20:55:00,13.24,13.24,13.24,13.24,700,0
2017-04-17,21:20:00,13.23,13.23,13.23,13.23,100,0
2017-04-17,21:25:00,13.2263,13.2263,13.2263,13.2263,617,0
2017-04-17,21:30:00,13.237,13.237,13.237,13.237,194,0
2017-04-17,21:35:00,13.23,13.23,13.23,13.23,476,0
2017-04-17,21:50:00,13.24,13.24,13.24,13.24,300,0
2017-04-17,21:55:00,13.23,13.24,13.22,13.2328,600,0
2017-04-17,22:00:00,13.23,13.24,13.22,13.24,3087,0
2017-04-18,15:35:00,13.2,13.2,13.2,13.2,3449,0
2017-04-18,15:40:00,13.22,13.22,13.19,13.19,1000,0
2017-04-18,15:50:00,13.22,13.23,13.22,13.23,604,0
2017-04-18,15:55:00,13.2,13.2,13.2,13.2,380,0
2017-04-18,16:00:00,13.23,13.23,13.22,13.22,300,0
2017-04-18,16:05:00,13.23,13.23,13.23,13.23,495,0
2017-04-18,16:10:00,13.24,13.24,13.24,13.24,600,0
2017-04-18,16:20:00,13.235,13.235,13.23,13.23,1501,0
2017-04-18,16:25:00,13.22,13.2299,13.22,13.2299,300,0
2017-04-18,16:35:00,13.2228,13.2228,13.2228,13.2228,200,0
2017-04-18,16:40:00,13.22,13.22,13.22,13.22,268,0
2017-04-18,17:05:00,13.215,13.215,13.215,13.215,100,0
2017-04-18,17:10:00,13.215,13.215,13.21,13.21,800,0
2017-04-18,17:15:00,13.215,13.24,13.215,13.24,3900,0
2017-04-18,17:30:00,13.21,13.21,13.21,13.21,678,0
2017-04-18,17:35:00,13.225,13.225,13.225,13.225,700,0
2017-04-18,17:40:00,13.215,13.215,13.215,13.215,1000,0
2017-04-18,18:00:00,13.2,13.2,13.2,13.2,800,0
2017-04-18,18:05:00,13.19,13.19,13.19,13.19,400,0
2017-04-18,18:15:00,13.1901,13.1901,13.19,13.19,300,0
2017-04-18,18:25:00,13.2,13.2,13.2,13.2,100,0
2017-04-18,18:30:00,13.1964,13.1964,13.1964,13.1964,149,0
2017-04-18,18:35:00,13.195,13.2,13.19,13.2,900,0
2017-04-18,18:40:00,13.19,13.19,13.19,13.19,636,0
2017-04-18,18:45:00,13.195,13.2,13.195,13.2,5644,0
2017-04-18,18:50:00,13.2,13.22,13.2,13.22,2936,0
2017-04-18,18:55:00,13.21,13.21,13.21,13.21,300,0
2017-04-18,19:00:00,13.21,13.21,13.2,13.2,300,0
2017-04-18,19:15:00,13.207,13.207,13.207,13.207,1500,0
2017-04-18,19:20:00,13.2072,13.2072,13.2072,13.2072,5380,0
2017-04-18,19:30:00,13.2035,13.22,13.2035,13.22,1018,0
2017-04-18,19:55:00,13.2,13.2,13.2,13.2,950,0
2017-04-18,20:15:00,13.22,13.23,13.22,13.23,437,0
2017-04-18,20:35:00,13.19,13.1903,13.19,13.1903,500,0
2017-04-18,20:50:00,13.23,13.23,13.2209,13.2209,870,0
2017-04-18,20:55:00,13.215,13.23,13.215,13.2164,2550,0
2017-04-18,21:15:00,13.2091,13.22,13.2091,13.22,2941,0
2017-04-18,21:35:00,13.2,13.21,13.2,13.21,1051,0
2017-04-18,21:40:00,13.21,13.22,13.2086,13.21,796,0
2017-04-18,21:45:00,13.22,13.22,13.2131,13.22,2738,0
2017-04-18,21:50:00,13.21,13.24,13.21,13.2393,4776,0
2017-04-18,21:55:00,13.24,13.25,13.2201,13.25,4160,0
2017-04-18,22:00:00,13.24,13.24,13.22,13.23,1277,0
2017-04-19,15:35:00,13.17,13.17,13.17,13.17,4821,0
2017-04-19,15:40:00,13.15,13.15,13.1401,13.1401,1100,0
2017-04-19,15:45:00,13.143,13.17,13.14,13.155,6443,0
2017-04-19,15:50:00,13.14,13.1601,13.14,13.14,7868,0
2017-04-19,15:55:00,13.14,13.14,13.131,13.132,1375,0
2017-04-19,16:00:00,13.15,13.21,13.1492,13.21,3500,0
2017-04-19,16:15:00,13.16,13.16,13.16,13.16,100,0
2017-04-19,16:20:00,13.16,13.19,13.16,13.19,300,0
2017-04-19,16:25:00,13.17,13.17,13.17,13.17,300,0
2017-04-19,16:30:00,13.17,13.17,13.17,13.17,100,0
2017-04-19,16:35:00,13.17,13.17,13.17,13.17,100,0
2017-04-19,16:40:00,13.17,13.17,13.16,13.16,2070,0
2017-04-19,16:45:00,13.16,13.1648,13.16,13.1648,860,0
2017-04-19,16:50:00,13.16,13.1701,13.16,13.1701,600,0
2017-04-19,16:55:00,13.175,13.1826,13.17,13.17,2756,0
2017-04-19,17:00:00,13.1871,13.1871,13.1871,13.1871,1000,0
2017-04-19,17:10:00,13.1701,13.1701,13.1701,13.1701,335,0
2017-04-19,17:20:00,13.1827,13.1827,13.1827,13.1827,150,0
2017-04-19,17:35:00,13.18,13.18,13.18,13.18,750,0
2017-04-19,17:50:00,13.18,13.18,13.18,13.18,100,0
2017-04-19,17:55:00,13.1899,13.1899,13.1899,13.1899,700,0
2017-04-19,18:05:00,13.1839,13.1839,13.1839,13.1839,1353,0
2017-04-19,18:15:00,13.1757,13.1757,13.17,13.175,801,0
2017-04-19,18:25:00,13.175,13.175,13.175,13.175,300,0
2017-04-19,18:30:00,13.1739,13.1763,13.17,13.1763,520,0
2017-04-19,18:35:00,13.1766,13.18,13.17,13.173,8122,0
2017-04-19,18:40:00,13.1767,13.1767,13.175,13.175,3000,0
2017-04-19,18:45:00,13.18,13.2,13.18,13.185,3379,0
2017-04-19,18:50:00,13.18,13.185,13.172,13.172,900,0
2017-04-19,19:00:00,13.1814,13.1814,13.1814,13.1814,100,0
2017-04-19,19:05:00,13.177,13.177,13.177,13.177,450,0
2017-04-19,19:15:00,13.17,13.175,13.17,13.175,3342,0
2017-04-19,19:20:00,13.175,13.175,13.17,13.17,1843,0
2017-04-19,19:30:00,13.1735,13.1737,13.17,13.1737,1106,0
2017-04-19,19:45:00,13.175,13.175,13.175,13.175,465,0
2017-04-19,19:50:00,13.1784,13.18,13.178,13.18,3200,0
2017-04-19,19:55:00,13.1701,13.1701,13.1701,13.1701,549,0
2017-04-19,20:00:00,13.1739,13.1739,13.1739,13.1739,550,0
2017-04-19,20:05:00,13.1705,13.1705,13.1705,13.1705,2765,0
2017-04-19,20:10:00,13.17,13.175,13.17,13.175,1065,0
2017-04-19,20:15:00,13.17,13.175,13.16,13.16,1500,0
2017-04-19,20:20:00,13.17,13.17,13.17,13.17,300,0
2017-04-19,20:25:00,13.165,13.165,13.165,13.165,222,0
2017-04-19,20:30:00,13.16,13.1699,13.16,13.1693,2000,0
2017-04-19,20:35:00,13.165,13.165,13.165,13.165,209,0
2017-04-19,20:50:00,13.1633,13.17,13.16,13.17,1400,0
2017-04-19,20:55:00,13.16,13.16,13.16,13.16,500,0
2017-04-19,21:10:00,13.1301,13.1301,13.1301,13.1301,200,0
2017-04-19,21:30:00,13.15,13.15,13.15,13.15,162,0
2017-04-19,21:35:00,13.14,13.14,13.14,13.14,900,0
2017-04-19,21:45:00,13.14,13.14,13.14,13.14,100,0
2017-04-19,21:55:00,13.1361,13.1422,13.1361,13.1422,1500,0
2017-04-19,22:00:00,13.13,13.15,13.13,13.15,1255,0
2017-04-20,15:35:00,13.16,13.2075,13.13,13.1885,5422,0
2017-04-20,15:45:00,13.14,13.1837,13.14,13.1837,860,0
2017-04-20,15:50:00,13.14,13.14,13.14,13.14,100,0
2017-04-20,15:55:00,13.13,13.155,13.13,13.155,800,0
2017-04-20,16:00:00,13.155,13.155,13.12,13.1296,2900,0
2017-04-20,16:10:00,13.12,13.15,13.12,13.15,400,0
2017-04-20,16:20:00,13.12,13.1201,13.12,13.1201,2100,0
2017-04-20,16:30:00,13.16,13.18,13.16,13.1673,3844,0
2017-04-20,16:35:00,13.1658,13.17,13.14,13.143,9200,0
2017-04-20,16:40:00,13.161,13.161,13.1466,13.1583,3530,0
2017-04-20,16:45:00,13.16,13.167,13.16,13.167,1983,0
2017-04-20,16:50:00,13.16,13.17,13.16,13.16,2600,0
2017-04-20,16:55:00,13.1699,13.17,13.1665,13.17,3800,0
2017-04-20,17:00:00,13.17,13.17,13.17,13.17,400,0
2017-04-20,17:05:00,13.165,13.18,13.1628,13.18,1596,0
2017-04-20,17:10:00,13.17,13.17,13.17,13.17,100,0
2017-04-20,17:20:00,13.18,13.18,13.175,13.175,900,0
2017-04-20,17:30:00,13.175,13.175,13.17,13.17,1275,0
2017-04-20,17:35:00,13.17,13.17,13.17,13.17,100,0
2017-04-20,18:10:00,13.18,13.18,13.175,13.18,1600,0
2017-04-20,18:40:00,13.1866,13.1866,13.18,13.18,1423,0
2017-04-20,18:50:00,13.1842,13.1842,13.1842,13.1842,600,0
2017-04-20,19:05:00,13.18,13.18,13.18,13.18,100,0
2017-04-20,19:10:00,13.19,13.19,13.1899,13.1899,600,0
2017-04-20,19:15:00,13.2099,13.2099,13.2021,13.2021,1300,0
2017-04-20,19:25:00,13.1966,13.1966,13.1966,13.1966,613,0
2017-04-20,19:40:00,13.2199,13.22,13.2199,13.2199,1100,0
2017-04-20,20:05:00,13.2101,13.2101,13.2101,13.2101,100,0
2017-04-20,20:20:00,13.2095,13.2095,13.2095,13.2095,337,0
2017-04-20,20:30:00,13.22,13.22,13.2123,13.2123,1396,0
2017-04-20,20:35:00,13.208,13.212,13.2,13.2,4900,0
2017-04-20,21:05:00,13.2081,13.22,13.2,13.2,2450,0
2017-04-20,21:20:00,13.2088,13.2088,13.2088,13.2088,183,0
2017-04-20,21:25:00,13.21,13.21,13.21,13.21,600,0
2017-04-20,21:30:00,13.2087,13.22,13.2,13.21,1433,0
2017-04-20,21:35:00,13.214,13.22,13.214,13.22,1446,0
2017-04-20,21:45:00,13.21,13.21,13.2,13.202,3880,0
2017-04-20,21:50:00,13.2199,13.22,13.2,13.206,5775,0
2017-04-20,21:55:00,13.2,13.2122,13.2,13.2,903,0
2017-04-20,22:00:00,13.2,13.21,13.19,13.19,5440,0
2017-04-21,15:35:00,13.19,13.19,13.19,13.19,4379,0
2017-04-21,15:45:00,13.19,13.19,13.18,13.18,300,0
2017-04-21,16:05:00,13.1814,13.1814,13.1814,13.1814,150,0
2017-04-21,16:10:00,13.194,13.194,13.194,13.194,210,0
2017-04-21,16:20:00,13.2,13.2,13.195,13.2,1090,0
2017-04-21,16:30:00,13.2,13.2,13.2,13.2,100,0
2017-04-21,16:35:00,13.19,13.19,13.19,13.19,100,0
2017-04-21,16:45:00,13.195,13.1999,13.195,13.1984,1751,0
2017-04-21,16:55:00,13.19,13.199,13.19,13.199,1031,0
2017-04-21,17:00:00,13.195,13.196,13.19,13.196,1757,0
2017-04-21,17:05:00,13.199,13.199,13.19,13.1901,1490,0
2017-04-21,17:10:00,13.19,13.19,13.19,13.19,300,0
2017-04-21,17:15:00,13.1961,13.1961,13.195,13.195,1234,0
2017-04-21,17:20:00,13.19,13.19,13.18,13.19,2888,0
2017-04-21,17:25:00,13.18,13.18,13.18,13.18,100,0
2017-04-21,17:30:00,13.18,13.18,13.17,13.17,1400,0
2017-04-21,17:40:00,13.17,13.18,13.17,13.18,760,0
2017-04-21,17:45:00,13.1801,13.1801,13.1801,13.1801,800,0
2017-04-21,17:50:00,13.185,13.19,13.185,13.19,1900,0
2017-04-21,18:10:00,13.196,13.196,13.195,13.195,573,0
2017-04-21,18:15:00,13.195,13.195,13.195,13.195,300,0
2017-04-21,18:20:00,13.199,13.199,13.199,13.199,225,0
2017-04-21,18:35:00,13.19,13.1953,13.19,13.1953,1681,0
2017-04-21,18:40:00,13.19,13.19,13.19,13.19,680,0
2017-04-21,18:45:00,13.195,13.195,13.19,13.19,600,0
2017-04-21,18:55:00,13.17,13.17,13.17,13.17,100,0
2017-04-21,19:15:00,13.16,13.16,13.16,13.16,100,0
2017-04-21,19:20:00,13.16,13.17,13.16,13.162,1500,0
2017-04-21,19:30:00,13.17,13.17,13.17,13.17,1250,0
2017-04-21,19:35:00,13.1668,13.1668,13.16,13.16,1500,0
2017-04-21,19:40:00,13.16,13.17,13.16,13.17,800,0
2017-04-21,19:50:00,13.165,13.165,13.16,13.16,3000,0
2017-04-21,19:55:00,13.17,13.178,13.16,13.16,400,0
2017-04-21,20:00:00,13.16,13.1601,13.15,13.15,12171,0
2017-04-21,20:05:00,13.165,13.165,13.15,13.15,2000,0
2017-04-21,20:15:00,13.16,13.178,13.16,13.1631,1557,0
2017-04-21,20:20:00,13.16,13.16,13.15,13.1569,1689,0
2017-04-21,20:25:00,13.1799,13.1799,13.1799,13.1799,350,0
2017-04-21,20:30:00,13.15,13.15,13.15,13.15,200,0
2017-04-21,20:45:00,13.1799,13.1799,13.1789,13.1789,1518,0
2017-04-21,20:50:00,13.15,13.1691,13.15,13.1691,1000,0
2017-04-21,20:55:00,13.165,13.165,13.165,13.165,1000,0
2017-04-21,21:05:00,13.15,13.15,13.15,13.15,100,0
2017-04-21,21:15:00,13.16,13.16,13.1543,13.1543,565,0
2017-04-21,21:20:00,13.17,13.17,13.15,13.15,200,0
2017-04-21,21:25:00,13.1799,13.1799,13.165,13.165,2740,0
2017-04-21,21:30:00,13.15,13.15,13.15,13.15,100,0
2017-04-21,21:35:00,13.1692,13.1692,13.1692,13.1692,800,0
2017-04-21,21:40:00,13.15,13.15,13.15,13.15,100,0
2017-04-21,21:45:00,13.162,13.162,13.15,13.15,2385,0
2017-04-21,21:50:00,13.155,13.155,13.155,13.155,491,0
2017-04-21,21:55:00,13.1525,13.1599,13.15,13.15,1096,0
2017-04-21,22:00:00,13.15,13.15,13.15,13.15,782,0
2017-04-24,15:35:00,13.26,13.26,13.2,13.2525,11454,0
2017-04-24,15:40:00,13.2,13.23,13.2,13.23,3350,0
2017-04-24,15:45:00,13.29,13.29,13.2445,13.2492,1543,0
2017-04-24,15:50:00,13.2445,13.2544,13.2445,13.2544,815,0
2017-04-24,15:55:00,13.24,13.24,13.24,13.24,700,0
2017-04-24,16:00:00,13.24,13.2447,13.24,13.2447,1000,0
2017-04-24,16:05:00,13.25,13.25,13.24,13.24,275,0
2017-04-24,16:15:00,13.2484,13.2484,13.24,13.24,1100,0
2017-04-24,16:20:00,13.24,13.24,13.24,13.24,1000,0
2017-04-24,16:25:00,13.24,13.24,13.23,13.23,2016,0
2017-04-24,16:40:00,13.23,13.23,13.21,13.21,2999,0
2017-04-24,16:45:00,13.21,13.21,13.21,13.21,430,0
2017-04-24,17:00:00,13.22,13.22,13.2,13.21,7036,0
2017-04-24,17:10:00,13.2199,13.2199,13.21,13.21,1234,0
2017-04-24,17:15:00,13.22,13.22,13.22,13.22,100,0
2017-04-24,17:20:00,13.22,13.23,13.215,13.215,5805,0
2017-04-24,17:35:00,13.2153,13.22,13.2153,13.22,2000,0
2017-04-24,17:40:00,13.2153,13.2283,13.21,13.2179,5800,0
2017-04-24,17:45:00,13.2055,13.2055,13.2055,13.2055,250,0
2017-04-24,17:50:00,13.205,13.21,13.205,13.21,2200,0
2017-04-24,17:55:00,13.205,13.205,13.205,13.205,650,0
2017-04-24,18:00:00,13.2106,13.22,13.2,13.2,5200,0
2017-04-24,18:05:00,13.2,13.2,13.2,13.2,300,0
2017-04-24,18:10:00,13.2,13.2095,13.2,13.2,575,0
2017-04-24,18:15:00,13.214,13.214,13.2,13.2,3300,0
2017-04-24,18:25:00,13.2134,13.2134,13.2134,13.2134,600,0
2017-04-24,18:30:00,13.22,13.22,13.22,13.22,100,0
2017-04-24,18:35:00,13.215,13.215,13.215,13.215,500,0
2017-04-24,19:10:00,13.2228,13.2228,13.2228,13.2228,430,0
2017-04-24,19:15:00,13.2219,13.2219,13.2219,13.2219,1000,0
2017-04-24,19:25:00,13.23,13.23,13.23,13.23,100,0
2017-04-24,19:45:00,13.2132,13.2132,13.2132,13.2132,578,0
2017-04-24,19:50:00,13.22,13.22,13.22,13.22,2000,0
2017-04-24,19:55:00,13.2299,13.2299,13.2299,13.2299,941,0
2017-04-24,20:00:00,13.23,13.23,13.23,13.23,100,0
2017-04-24,20:10:00,13.22,13.22,13.21,13.216,1540,0
2017-04-24,20:20:00,13.21,13.22,13.21,13.22,1200,0
2017-04-24,20:25:00,13.21,13.2166,13.21,13.21,1200,0
2017-04-24,20:30:00,13.22,13.22,13.22,13.22,100,0
2017-04-24,20:35:00,13.22,13.22,13.22,13.22,300,0
2017-04-24,20:45:00,13.22,13.22,13.215,13.22,2300,0
2017-04-24,21:00:00,13.215,13.215,13.21,13.215,855,0
2017-04-24,21:10:00,13.22,13.23,13.22,13.23,1906,0
2017-04-24,21:15:00,13.24,13.2434,13.2364,13.2434,2460,0
2017-04-24,21:20:00,13.25,13.25,13.247,13.247,1100,0
2017-04-24,21:25:00,13.24,13.25,13.24,13.25,1550,0
2017-04-24,21:30:00,13.2499,13.25,13.24,13.25,5750,0
2017-04-24,21:40:00,13.2499,13.2499,13.2499,13.2499,200,0
2017-04-24,21:45:00,13.25,13.25,13.24,13.2402,1185,0
2017-04-24,21:50:00,13.26,13.26,13.26,13.26,100,0
2017-04-24,21:55:00,13.2599,13.2599,13.2599,13.2599,198,0
2017-04-24,22:00:00,13.26,13.26,13.24,13.26,1570,0
2017-04-25,15:35:00,13.26,13.26,13.26,13.26,8685,0
2017-04-25,15:40:00,13.26,13.279,13.26,13.27,3129,0
2017-04-25,15:45:00,13.256,13.28,13.256,13.27,3615,0
2017-04-25,15:50:00,13.27,13.27,13.27,13.27,700,0
2017-04-25,15:55:00,13.28,13.28,13.27,13.27,1000,0
2017-04-25,16:05:00,13.28,13.3,13.275,13.2992,7037,0
2017-04-25,16:15:00,13.3,13.3,13.28,13.28,1900,0
2017-04-25,16:20:00,13.28,13.29,13.28,13.28,7100,0
2017-04-25,16:25:00,13.29,13.29,13.29,13.29,130,0
2017-04-25,16:30:00,13.2993,13.2993,13.295,13.295,400,0
2017-04-25,16:35:00,13.2959,13.3,13.2959,13.3,1100,0
2017-04-25,16:40:00,13.3,13.31,13.2965,13.2965,3924,0
2017-04-25,16:45:00,13.31,13.31,13.31,13.31,200,0
2017-04-25,16:50:00,13.3,13.31,13.3,13.31,3900,0
2017-04-25,16:55:00,13.3031,13.31,13.3031,13.3093,1200,0
2017-04-25,17:00:00,13.305,13.31,13.305,13.305,4100,0
2017-04-25,17:05:00,13.309,13.32,13.309,13.32,2477,0
2017-04-25,17:10:00,13.32,13.32,13.315,13.3199,2300,0
2017-04-25,17:15:00,13.319,13.32,13.319,13.32,1200,0
2017-04-25,17:20:00,13.3147,13.33,13.3147,13.33,3581,0
2017-04-25,17:25:00,13.33,13.35,13.329,13.335,14328,0
2017-04-25,17:30:00,13.35,13.35,13.35,13.35,1300,0
2017-04-25,17:35:00,13.35,13.35,13.3499,13.3499,1059,0
2017-04-25,17:40:00,13.34,13.35,13.34,13.349,2500,0
2017-04-25,17:45:00,13.35,13.36,13.35,13.36,200,0
2017-04-25,17:50:00,13.36,13.36,13.36,13.36,100,0
2017-04-25,17:55:00,13.36,13.37,13.3558,13.37,1700,0
2017-04-25,18:05:00,13.37,13.37,13.35,13.35,5300,0
2017-04-25,18:10:00,13.3699,13.3699,13.3668,13.3668,950,0
2017-04-25,18:20:00,13.37,13.38,13.37,13.38,400,0
2017-04-25,18:30:00,13.3711,13.3711,13.35,13.35,2300,0
2017-04-25,18:35:00,13.36,13.37,13.36,13.36,5612,0
2017-04-25,18:40:00,13.3513,13.3586,13.3513,13.3586,1100,0
2017-04-25,18:55:00,13.359,13.359,13.359,13.359,100,0
2017-04-25,19:05:00,13.36,13.36,13.36,13.36,100,0
2017-04-25,19:15:00,13.36,13.38,13.36,13.37,1650,0
2017-04-25,19:20:00,13.37,13.37,13.37,13.37,235,0
2017-04-25,19:25:00,13.37,13.38,13.3667,13.38,1100,0
2017-04-25,19:30:00,13.379,13.379,13.37,13.37,400,0
2017-04-25,19:35:00,13.3685,13.3685,13.3685,13.3685,1000,0
2017-04-25,19:40:00,13.37,13.37,13.36,13.36,500,0
2017-04-25,19:45:00,13.365,13.365,13.365,13.365,250,0
2017-04-25,19:50:00,13.37,13.37,13.37,13.37,100,0
2017-04-25,19:55:00,13.3699,13.3699,13.3699,13.3699,350,0
2017-04-25,20:00:00,13.37,13.37,13.367,13.367,1035,0
2017-04-25,20:05:00,13.369,13.369,13.369,13.369,100,0
2017-04-25,20:15:00,13.37,13.37,13.3633,13.37,1600,0
2017-04-25,20:25:00,13.365,13.365,13.365,13.365,200,0
2017-04-25,20:30:00,13.37,13.37,13.37,13.37,350,0
2017-04-25,20:35:00,13.37,13.37,13.37,13.37,350,0
2017-04-25,20:40:00,13.37,13.37,13.37,13.37,200,0
2017-04-25,20:45:00,13.37,13.37,13.36,13.363,2100,0
2017-04-25,20:50:00,13.37,13.37,13.3656,13.37,1505,0
2017-04-25,20:55:00,13.38,13.38,13.379,13.379,200,0
2017-04-25,21:00:00,13.379,13.379,13.379,13.379,100,0
2017-04-25,21:05:00,13.38,13.4,13.38,13.3826,5587,0
2017-04-25,21:10:00,13.389,13.39,13.383,13.389,2344,0
2017-04-25,21:15:00,13.38,13.38,13.38,13.38,2506,0
2017-04-25,21:25:00,13.376,13.376,13.376,13.376,400,0
2017-04-25,21:30:00,13.3802,13.3802,13.3802,13.3802,410,0
2017-04-25,21:35:00,13.3766,13.3768,13.3766,13.3768,2300,0
2017-04-25,21:55:00,13.3701,13.3828,13.37,13.3828,598,0
2017-04-25,22:00:00,13.39,13.39,13.35,13.35,4736,0
2017-04-26,15:35:00,13.35,13.35,13.3368,13.3368,3464,0
2017-04-26,15:40:00,13.35,13.35,13.33,13.35,1500,0
2017-04-26,15:55:00,13.35,13.35,13.35,13.35,1900,0
2017-04-26,16:00:00,13.3461,13.35,13.3461,13.35,975,0
2017-04-26,16:05:00,13.345,13.345,13.345,13.345,100,0
2017-04-26,16:10:00,13.35,13.35,13.35,13.35,100,0
2017-04-26,16:15:00,13.35,13.35,13.35,13.35,500,0
2017-04-26,16:30:00,13.34,13.341,13.33,13.33,4093,0
2017-04-26,16:35:00,13.335,13.34,13.335,13.3392,400,0
2017-04-26,16:40:00,13.3366,13.3366,13.3366,13.3366,1000,0
2017-04-26,16:45:00,13.33,13.335,13.33,13.33,700,0
2017-04-26,16:55:00,13.34,13.34,13.33,13.33,1100,0
2017-04-26,17:00:00,13.34,13.34,13.34,13.34,1000,0
2017-04-26,17:05:00,13.34,13.34,13.34,13.34,349,0
2017-04-26,17:10:00,13.35,13.35,13.344,13.344,936,0
2017-04-26,17:15:00,13.341,13.341,13.34,13.34,8500,0
2017-04-26,17:25:00,13.3478,13.3478,13.3478,13.3478,497,0
2017-04-26,17:30:00,13.365,13.365,13.365,13.365,1229,0
2017-04-26,17:50:00,13.36,13.36,13.36,13.36,1000,0
2017-04-26,18:00:00,13.355,13.359,13.355,13.359,300,0
2017-04-26,18:10:00,13.35,13.35,13.35,13.35,1200,0
2017-04-26,18:20:00,13.352,13.352,13.352,13.352,680,0
2017-04-26,18:25:00,13.37,13.37,13.35,13.35,1800,0
2017-04-26,18:40:00,13.37,13.38,13.365,13.38,1635,0
2017-04-26,18:50:00,13.3572,13.3572,13.3572,13.3572,510,0
2017-04-26,18:55:00,13.36,13.36,13.36,13.36,300,0
2017-04-26,19:00:00,13.368,13.368,13.3632,13.3632,800,0
2017-04-26,19:05:00,13.36,13.3698,13.36,13.368,2050,0
2017-04-26,19:10:00,13.362,13.362,13.362,13.362,1000,0
2017-04-26,19:20:00,13.3654,13.3654,13.35,13.35,850,0
2017-04-26,19:30:00,13.365,13.365,13.365,13.365,1500,0
2017-04-26,19:40:00,13.3632,13.3632,13.3632,13.3632,225,0
2017-04-26,20:05:00,13.3588,13.3588,13.3588,13.3588,300,0
2017-04-26,20:15:00,13.36,13.36,13.35,13.35,1330,0
2017-04-26,20:20:00,13.3562,13.3562,13.3562,13.3562,1000,0
2017-04-26,20:25:00,13.3592,13.3592,13.3592,13.3592,1500,0
2017-04-26,20:30:00,13.356,13.3699,13.356,13.3699,1850,0
2017-04-26,20:35:00,13.3622,13.3622,13.3622,13.3622,375,0
2017-04-26,20:40:00,13.36,13.36,13.36,13.36,3000,0
2017-04-26,20:50:00,13.37,13.37,13.37,13.37,1200,0
2017-04-26,20:55:00,13.375,13.375,13.375,13.375,200,0
2017-04-26,21:00:00,13.3761,13.3761,13.3701,13.3701,860,0
2017-04-26,21:05:00,13.37,13.37,13.37,13.37,2259,0
2017-04-26,21:10:00,13.37,13.3862,13.37,13.3862,6624,0
2017-04-26,21:25:00,13.3783,13.3783,13.3783,13.3783,112,0
2017-04-26,21:30:00,13.37,13.37,13.37,13.37,259,0
2017-04-26,21:40:00,13.36,13.36,13.36,13.36,2200,0
2017-04-26,21:45:00,13.35,13.35,13.3411,13.3411,3910,0
2017-04-26,21:55:00,13.35,13.353,13.3401,13.353,4745,0
2017-04-26,22:00:00,13.3506,13.36,13.34,13.36,3437,0
